2024-02-19 19:06:02,624.624,__main___datalogs,INFO,program_mode,x_mm,y_mm,z_mm,P_closure_psi,P_jaw1_psi,P_jaw2_psi,P_jaw3_psi,commanded_radius_mm, commanded_P_jaw1_psi, commanded_P_jaw2_psi, commanded_P_jaw3_psi,A,B,X,Y,SL,SR,+,Stick In,Home,R,ZR,Axes 1, Axes 2,move_to_pre_grasp,move_to_grasp,grasp,lift_after_grasp,move_to_pre_release,move_to_release,release,lift_after_release,1,2,3,4,5,6,7,8,9
2024-02-19 19:06:03,269.269,__main___datalogs,INFO,JoyConState.NORMAL,0.000000,0.000000,0.000000,0.091547,0.000000,0.000000,0.000000,0.000000,0.000000,0.000000,0.000000,0,0,0,0,0,0,0,0,0,0,0,0.045257568359375,-0.010467529296875,0,0,0,0,0,0,0,0,Object notstarted,Object notstarted,Object notstarted,Object notstarted,Object notstarted,Object notstarted,Object notstarted,Object notstarted,Object notstarted
2024-02-19 19:06:03,359.359,__main___datalogs,INFO,JoyConState.NORMAL,0.000000,0.000000,0.000000,0.091547,0.000000,0.000000,0.000000,0.000000,0.000000,0.000000,0.000000,0,0,0,0,0,0,0,0,0,0,0,0.045257568359375,-0.010467529296875,0,0,0,0,0,0,0,0,Object notstarted,Object notstarted,Object notstarted,Object notstarted,Object notstarted,Object notstarted,Object notstarted,Object notstarted,Object notstarted
2024-02-19 19:06:03,430.430,__main___datalogs,INFO,JoyConState.NORMAL,0.000000,0.000000,0.000000,0.091547,-0.004577,0.000000,0.000000,0.000000,0.000000,0.000000,0.000000,0,0,0,0,0,0,0,0,0,0,0,0.045257568359375,-0.010467529296875,0,0,0,0,0,0,0,0,Object notstarted,Object notstarted,Object notstarted,Object notstarted,Object notstarted,Object notstarted,Object notstarted,Object notstarted,Object notstarted
2024-02-19 19:06:03,487.487,__main___datalogs,INFO,JoyConState.NORMAL,0.000000,0.000000,0.000000,0.091547,0.000000,0.000000,0.000000,0.000000,0.000000,0.000000,0.000000,0,0,0,0,0,0,0,0,0,0,0,0.045257568359375,-0.010467529296875,0,0,0,0,0,0,0,0,Object notstarted,Object notstarted,Object notstarted,Object notstarted,Object notstarted,Object notstarted,Object notstarted,Object notstarted,Object notstarted
2024-02-19 19:06:03,543.543,__main___datalogs,INFO,JoyConState.NORMAL,0.000000,0.000000,0.000000,0.091547,-0.004577,0.000000,0.000000,0.000000,0.000000,0.000000,0.000000,0,0,0,0,0,0,0,0,0,0,0,0.045257568359375,-0.010467529296875,0,0,0,0,0,0,0,0,Object notstarted,Object notstarted,Object notstarted,Object notstarted,Object notstarted,Object notstarted,Object notstarted,Object notstarted,Object notstarted
2024-02-19 19:06:03,600.600,__main___datalogs,INFO,JoyConState.NORMAL,0.000000,0.000000,0.000000,0.091547,-0.009155,-0.006866,0.004577,0.000000,0.000000,0.000000,0.000000,0,0,0,0,0,0,0,0,0,0,0,0.045257568359375,-0.010467529296875,0,0,0,0,0,0,0,0,Object notstarted,Object notstarted,Object notstarted,Object notstarted,Object notstarted,Object notstarted,Object notstarted,Object notstarted,Object notstarted
2024-02-19 19:06:03,655.655,__main___datalogs,INFO,JoyConState.NORMAL,0.000000,0.000000,0.000000,0.091547,-0.004577,0.002289,0.000000,0.000000,0.000000,0.000000,0.000000,0,0,0,0,0,0,0,0,0,0,0,0.045257568359375,-0.010467529296875,0,0,0,0,0,0,0,0,Object notstarted,Object notstarted,Object notstarted,Object notstarted,Object notstarted,Object notstarted,Object notstarted,Object notstarted,Object notstarted
2024-02-19 19:06:03,711.711,__main___datalogs,INFO,JoyConState.NORMAL,0.000000,0.000000,0.000000,0.091547,-0.009155,0.002289,0.004577,0.000000,0.000000,0.000000,0.000000,0,0,0,0,0,0,0,0,0,0,0,0.045257568359375,-0.010467529296875,0,0,0,0,0,0,0,0,Object notstarted,Object notstarted,Object notstarted,Object notstarted,Object notstarted,Object notstarted,Object notstarted,Object notstarted,Object notstarted
2024-02-19 19:06:03,767.767,__main___datalogs,INFO,JoyConState.NORMAL,0.000000,0.000000,0.000000,0.089258,-0.009155,0.000000,0.004577,0.000000,0.000000,0.000000,0.000000,0,0,0,0,0,0,0,0,0,0,0,0.045257568359375,-0.010467529296875,0,0,0,0,0,0,0,0,Object notstarted,Object notstarted,Object notstarted,Object notstarted,Object notstarted,Object notstarted,Object notstarted,Object notstarted,Object notstarted
2024-02-19 19:06:03,823.823,__main___datalogs,INFO,JoyConState.NORMAL,0.000000,0.000000,0.000000,0.091547,-0.009155,0.000000,0.004577,0.000000,0.000000,0.000000,0.000000,0,0,0,0,0,0,0,0,0,0,0,0.045257568359375,-0.010467529296875,0,0,0,0,0,0,0,0,Object notstarted,Object notstarted,Object notstarted,Object notstarted,Object notstarted,Object notstarted,Object notstarted,Object notstarted,Object notstarted
2024-02-19 19:06:03,879.879,__main___datalogs,INFO,JoyConState.NORMAL,0.000000,0.000000,0.000000,0.091547,-0.004577,0.000000,0.004577,0.000000,0.000000,0.000000,0.000000,0,0,0,0,0,0,0,0,0,0,0,0.045257568359375,-0.010467529296875,0,0,0,0,0,0,0,0,Object notstarted,Object notstarted,Object notstarted,Object notstarted,Object notstarted,Object notstarted,Object notstarted,Object notstarted,Object notstarted
2024-02-19 19:06:03,936.936,__main___datalogs,INFO,JoyConState.NORMAL,0.000000,0.000000,0.000000,0.096125,-0.004577,-0.006866,0.004577,0.000000,0.000000,0.000000,0.000000,0,0,0,0,0,0,0,0,0,0,0,0.045257568359375,-0.010467529296875,0,0,0,0,0,0,0,0,Object notstarted,Object notstarted,Object notstarted,Object notstarted,Object notstarted,Object notstarted,Object notstarted,Object notstarted,Object notstarted
2024-02-19 19:06:03,990.990,__main___datalogs,INFO,JoyConState.NORMAL,0.000000,0.000000,0.000000,0.091547,-0.009155,0.002289,0.004577,0.000000,0.000000,0.000000,0.000000,0,0,0,0,0,0,0,0,0,0,0,0.045257568359375,-0.010467529296875,0,0,0,0,0,0,0,0,Object notstarted,Object notstarted,Object notstarted,Object notstarted,Object notstarted,Object notstarted,Object notstarted,Object notstarted,Object notstarted
2024-02-19 19:06:04,063.063,__main___datalogs,INFO,JoyConState.NORMAL,0.000000,0.000000,0.000000,0.091547,0.000000,0.000000,0.004577,0.000000,0.000000,0.000000,0.000000,0,0,0,0,0,0,0,0,0,0,0,0.045257568359375,-0.010467529296875,0,0,0,0,0,0,0,0,Object notstarted,Object notstarted,Object notstarted,Object notstarted,Object notstarted,Object notstarted,Object notstarted,Object notstarted,Object notstarted
2024-02-19 19:06:04,122.122,__main___datalogs,INFO,JoyConState.NORMAL,0.000000,0.000000,0.000000,0.091547,-0.004577,0.002289,0.004577,0.000000,0.000000,0.000000,0.000000,0,0,0,0,0,0,0,0,0,0,0,0.045257568359375,-0.010467529296875,0,0,0,0,0,0,0,0,Object notstarted,Object notstarted,Object notstarted,Object notstarted,Object notstarted,Object notstarted,Object notstarted,Object notstarted,Object notstarted
2024-02-19 19:06:04,178.178,__main___datalogs,INFO,JoyConState.NORMAL,0.000000,0.000000,0.000000,0.091547,-0.009155,0.002289,0.004577,0.000000,0.000000,0.000000,0.000000,0,0,0,0,0,0,0,0,0,0,0,0.045257568359375,-0.010467529296875,0,0,0,0,0,0,0,0,Object notstarted,Object notstarted,Object notstarted,Object notstarted,Object notstarted,Object notstarted,Object notstarted,Object notstarted,Object notstarted
2024-02-19 19:06:04,234.234,__main___datalogs,INFO,JoyConState.NORMAL,0.000000,0.000000,0.000000,0.091547,-0.009155,0.000000,0.004577,0.000000,0.000000,0.000000,0.000000,0,0,0,0,0,0,0,0,0,0,0,0.045257568359375,-0.010467529296875,0,0,0,0,0,0,0,0,Object notstarted,Object notstarted,Object notstarted,Object notstarted,Object notstarted,Object notstarted,Object notstarted,Object notstarted,Object notstarted
2024-02-19 19:06:04,290.290,__main___datalogs,INFO,JoyConState.NORMAL,0.000000,0.000000,0.000000,0.096125,-0.009155,0.000000,0.004577,0.000000,0.000000,0.000000,0.000000,0,0,0,0,0,0,0,0,0,0,0,0.045257568359375,-0.010467529296875,0,0,0,0,0,0,0,0,Object notstarted,Object notstarted,Object notstarted,Object notstarted,Object notstarted,Object notstarted,Object notstarted,Object notstarted,Object notstarted
2024-02-19 19:06:04,346.346,__main___datalogs,INFO,JoyConState.NORMAL,0.000000,0.000000,0.000000,0.091547,-0.009155,0.002289,0.004577,0.000000,0.000000,0.000000,0.000000,0,0,0,0,0,0,0,0,0,0,0,0.045257568359375,-0.010467529296875,0,0,0,0,0,0,0,0,Object notstarted,Object notstarted,Object notstarted,Object notstarted,Object notstarted,Object notstarted,Object notstarted,Object notstarted,Object notstarted
2024-02-19 19:06:04,403.403,__main___datalogs,INFO,JoyConState.NORMAL,0.000000,0.000000,0.000000,0.091547,-0.009155,0.000000,0.004577,0.000000,0.000000,0.000000,0.000000,0,0,0,0,0,0,0,0,0,0,0,0.045257568359375,-0.010467529296875,0,0,0,0,0,0,0,0,Object notstarted,Object notstarted,Object notstarted,Object notstarted,Object notstarted,Object notstarted,Object notstarted,Object notstarted,Object notstarted
2024-02-19 19:06:04,457.457,__main___datalogs,INFO,JoyConState.NORMAL,0.000000,0.000000,0.000000,0.096125,-0.011444,0.000000,0.004577,0.000000,0.000000,0.000000,0.000000,0,0,0,0,0,0,0,0,0,0,0,0.045257568359375,-0.010467529296875,0,0,0,0,0,0,0,0,Object notstarted,Object notstarted,Object notstarted,Object notstarted,Object notstarted,Object notstarted,Object notstarted,Object notstarted,Object notstarted
2024-02-19 19:06:04,514.514,__main___datalogs,INFO,JoyConState.NORMAL,0.000000,0.000000,0.000000,0.096125,-0.009155,0.000000,0.004577,0.000000,0.000000,0.000000,0.000000,0,0,0,0,0,0,0,0,0,0,0,0.045257568359375,-0.010467529296875,0,0,0,0,0,0,0,0,Object notstarted,Object notstarted,Object notstarted,Object notstarted,Object notstarted,Object notstarted,Object notstarted,Object notstarted,Object notstarted
2024-02-19 19:06:04,569.569,__main___datalogs,INFO,JoyConState.NORMAL,0.000000,0.000000,0.000000,0.091547,-0.009155,-0.006866,0.004577,0.000000,0.000000,0.000000,0.000000,0,0,0,0,0,0,0,0,0,0,0,0.045257568359375,-0.010467529296875,0,0,0,0,0,0,0,0,Object notstarted,Object notstarted,Object notstarted,Object notstarted,Object notstarted,Object notstarted,Object notstarted,Object notstarted,Object notstarted
2024-02-19 19:06:04,626.626,__main___datalogs,INFO,JoyConState.NORMAL,0.000000,0.000000,0.000000,0.091547,0.000000,0.000000,0.004577,0.000000,0.000000,0.000000,0.000000,0,0,0,0,0,0,0,0,0,0,0,0.045257568359375,-0.010467529296875,0,0,0,0,0,0,0,0,Object notstarted,Object notstarted,Object notstarted,Object notstarted,Object notstarted,Object notstarted,Object notstarted,Object notstarted,Object notstarted
2024-02-19 19:06:04,682.682,__main___datalogs,INFO,JoyConState.NORMAL,0.000000,0.000000,0.000000,0.089258,-0.004577,0.000000,0.004577,0.000000,0.000000,0.000000,0.000000,0,0,0,0,0,0,0,0,0,0,0,0.045257568359375,-0.010467529296875,0,0,0,0,0,0,0,0,Object notstarted,Object notstarted,Object notstarted,Object notstarted,Object notstarted,Object notstarted,Object notstarted,Object notstarted,Object notstarted
2024-02-19 19:06:04,738.738,__main___datalogs,INFO,JoyConState.NORMAL,0.000000,0.000000,0.000000,0.091547,-0.011444,0.000000,0.004577,0.000000,0.000000,0.000000,0.000000,0,0,0,0,0,0,0,0,0,0,0,0.045257568359375,-0.010467529296875,0,0,0,0,0,0,0,0,Object notstarted,Object notstarted,Object notstarted,Object notstarted,Object notstarted,Object notstarted,Object notstarted,Object notstarted,Object notstarted
2024-02-19 19:06:04,793.793,__main___datalogs,INFO,JoyConState.NORMAL,0.000000,0.000000,0.000000,0.091547,-0.011444,0.000000,0.004577,0.000000,0.000000,0.000000,0.000000,0,0,0,0,0,0,0,0,0,0,0,0.045257568359375,-0.010467529296875,0,0,0,0,0,0,0,0,Object notstarted,Object notstarted,Object notstarted,Object notstarted,Object notstarted,Object notstarted,Object notstarted,Object notstarted,Object notstarted
2024-02-19 19:06:04,850.850,__main___datalogs,INFO,JoyConState.NORMAL,0.000000,0.000000,0.000000,0.091547,-0.009155,0.000000,-0.004577,0.000000,0.000000,0.000000,0.000000,0,0,0,0,0,0,0,0,0,0,0,0.045257568359375,-0.010467529296875,0,0,0,0,0,0,0,0,Object notstarted,Object notstarted,Object notstarted,Object notstarted,Object notstarted,Object notstarted,Object notstarted,Object notstarted,Object notstarted
2024-02-19 19:06:04,905.905,__main___datalogs,INFO,JoyConState.NORMAL,0.000000,0.000000,0.000000,0.096125,-0.009155,0.002289,0.000000,0.000000,0.000000,0.000000,0.000000,0,0,0,0,0,0,0,0,0,0,0,0.045257568359375,-0.010467529296875,0,0,0,0,0,0,0,0,Object notstarted,Object notstarted,Object notstarted,Object notstarted,Object notstarted,Object notstarted,Object notstarted,Object notstarted,Object notstarted
2024-02-19 19:06:04,962.962,__main___datalogs,INFO,JoyConState.NORMAL,0.000000,0.000000,0.000000,0.091547,-0.009155,0.002289,0.006866,0.000000,0.000000,0.000000,0.000000,0,0,0,0,0,0,0,0,0,0,0,0.045257568359375,-0.010467529296875,0,0,0,0,0,0,0,0,Object notstarted,Object notstarted,Object notstarted,Object notstarted,Object notstarted,Object notstarted,Object notstarted,Object notstarted,Object notstarted
2024-02-19 19:06:05,017.017,__main___datalogs,INFO,JoyConState.NORMAL,0.000000,0.000000,0.000000,0.091547,-0.009155,0.000000,0.004577,0.000000,0.000000,0.000000,0.000000,0,0,0,0,0,0,0,0,0,0,0,0.045257568359375,-0.010467529296875,0,0,0,0,0,0,0,0,Object notstarted,Object notstarted,Object notstarted,Object notstarted,Object notstarted,Object notstarted,Object notstarted,Object notstarted,Object notstarted
2024-02-19 19:06:05,074.074,__main___datalogs,INFO,JoyConState.NORMAL,0.000000,0.000000,0.000000,0.091547,-0.004577,0.000000,0.004577,0.000000,0.000000,0.000000,0.000000,0,0,0,0,0,0,0,0,0,0,0,0.045257568359375,-0.010467529296875,0,0,0,0,0,0,0,0,Object notstarted,Object notstarted,Object notstarted,Object notstarted,Object notstarted,Object notstarted,Object notstarted,Object notstarted,Object notstarted
2024-02-19 19:06:05,145.145,__main___datalogs,INFO,JoyConState.NORMAL,0.000000,0.000000,0.000000,0.091547,-0.009155,0.000000,0.004577,0.000000,0.000000,0.000000,0.000000,0,0,0,0,0,0,0,0,0,0,0,0.045257568359375,-0.010467529296875,0,0,0,0,0,0,0,0,Object notstarted,Object notstarted,Object notstarted,Object notstarted,Object notstarted,Object notstarted,Object notstarted,Object notstarted,Object notstarted
2024-02-19 19:06:05,209.209,__main___datalogs,INFO,JoyConState.NORMAL,0.000000,0.000000,0.000000,0.091547,-0.009155,0.000000,0.004577,0.000000,0.000000,0.000000,0.000000,0,0,0,0,0,0,0,0,0,0,0,0.045257568359375,-0.010467529296875,0,0,0,0,0,0,0,0,Object notstarted,Object notstarted,Object notstarted,Object notstarted,Object notstarted,Object notstarted,Object notstarted,Object notstarted,Object notstarted
2024-02-19 19:06:05,265.265,__main___datalogs,INFO,JoyConState.NORMAL,0.000000,0.000000,0.000000,0.091547,-0.009155,0.000000,0.004577,0.000000,0.000000,0.000000,0.000000,0,0,0,0,0,0,0,0,0,0,0,0.045257568359375,-0.010467529296875,0,0,0,0,0,0,0,0,Object notstarted,Object notstarted,Object notstarted,Object notstarted,Object notstarted,Object notstarted,Object notstarted,Object notstarted,Object notstarted
2024-02-19 19:06:05,321.321,__main___datalogs,INFO,JoyConState.NORMAL,0.000000,0.000000,0.000000,0.091547,-0.009155,0.000000,0.000000,0.000000,0.000000,0.000000,0.000000,0,0,0,0,0,0,0,0,0,0,0,0.045257568359375,-0.010467529296875,0,0,0,0,0,0,0,0,Object notstarted,Object notstarted,Object notstarted,Object notstarted,Object notstarted,Object notstarted,Object notstarted,Object notstarted,Object notstarted
2024-02-19 19:06:05,376.376,__main___datalogs,INFO,JoyConState.NORMAL,0.000000,0.000000,0.000000,0.091547,-0.009155,0.000000,0.004577,0.000000,0.000000,0.000000,0.000000,0,0,0,0,0,0,0,0,0,0,0,0.045257568359375,-0.010467529296875,0,0,0,0,0,0,0,0,Object notstarted,Object notstarted,Object notstarted,Object notstarted,Object notstarted,Object notstarted,Object notstarted,Object notstarted,Object notstarted
2024-02-19 19:06:05,433.433,__main___datalogs,INFO,JoyConState.NORMAL,0.000000,0.000000,0.000000,0.091547,-0.009155,0.000000,0.004577,0.000000,0.000000,0.000000,0.000000,0,0,0,0,0,0,0,0,0,0,0,0.045257568359375,-0.010467529296875,0,0,0,0,0,0,0,0,Object notstarted,Object notstarted,Object notstarted,Object notstarted,Object notstarted,Object notstarted,Object notstarted,Object notstarted,Object notstarted
2024-02-19 19:06:05,488.488,__main___datalogs,INFO,JoyConState.NORMAL,0.000000,0.000000,0.000000,0.091547,-0.011444,0.002289,0.006866,0.000000,0.000000,0.000000,0.000000,0,0,0,0,0,0,0,0,0,0,0,0.045257568359375,-0.010467529296875,0,0,0,0,0,0,0,0,Object notstarted,Object notstarted,Object notstarted,Object notstarted,Object notstarted,Object notstarted,Object notstarted,Object notstarted,Object notstarted
2024-02-19 19:06:05,545.545,__main___datalogs,INFO,JoyConState.NORMAL,0.000000,0.000000,0.000000,0.091547,-0.009155,0.000000,0.004577,0.000000,0.000000,0.000000,0.000000,0,0,0,0,0,0,0,0,0,0,0,0.045257568359375,-0.010467529296875,0,0,0,0,0,0,0,0,Object notstarted,Object notstarted,Object notstarted,Object notstarted,Object notstarted,Object notstarted,Object notstarted,Object notstarted,Object notstarted
2024-02-19 19:06:05,601.601,__main___datalogs,INFO,JoyConState.NORMAL,0.000000,0.000000,0.000000,0.091547,-0.009155,0.000000,0.004577,0.000000,0.000000,0.000000,0.000000,0,0,0,0,0,0,0,0,0,0,0,0.045257568359375,-0.010467529296875,0,0,0,0,0,0,0,0,Object notstarted,Object notstarted,Object notstarted,Object notstarted,Object notstarted,Object notstarted,Object notstarted,Object notstarted,Object notstarted
2024-02-19 19:06:05,657.657,__main___datalogs,INFO,JoyConState.NORMAL,0.000000,0.000000,0.000000,0.091547,-0.011444,0.000000,0.004577,0.000000,0.000000,0.000000,0.000000,0,0,0,0,0,0,0,0,0,0,0,0.045257568359375,-0.010467529296875,0,0,0,0,0,0,0,0,Object notstarted,Object notstarted,Object notstarted,Object notstarted,Object notstarted,Object notstarted,Object notstarted,Object notstarted,Object notstarted
2024-02-19 19:06:05,712.712,__main___datalogs,INFO,JoyConState.NORMAL,0.000000,0.000000,0.000000,0.091547,-0.011444,0.000000,0.004577,0.000000,0.000000,0.000000,0.000000,0,0,0,0,0,0,0,0,0,0,0,0.045257568359375,-0.010467529296875,0,0,0,0,0,0,0,0,Object notstarted,Object notstarted,Object notstarted,Object notstarted,Object notstarted,Object notstarted,Object notstarted,Object notstarted,Object notstarted
2024-02-19 19:06:05,768.768,__main___datalogs,INFO,JoyConState.NORMAL,0.000000,0.000000,0.000000,0.091547,-0.004577,-0.006866,0.004577,0.000000,0.000000,0.000000,0.000000,0,0,0,0,0,0,0,0,0,0,0,0.045257568359375,-0.010467529296875,0,0,0,0,0,0,0,0,Object notstarted,Object notstarted,Object notstarted,Object notstarted,Object notstarted,Object notstarted,Object notstarted,Object notstarted,Object notstarted
2024-02-19 19:06:05,824.824,__main___datalogs,INFO,JoyConState.NORMAL,0.000000,0.000000,0.000000,0.089258,-0.009155,0.000000,0.004577,0.000000,0.000000,0.000000,0.000000,0,0,0,0,0,0,0,0,0,0,0,0.045257568359375,-0.010467529296875,0,0,0,0,0,0,0,0,Object notstarted,Object notstarted,Object notstarted,Object notstarted,Object notstarted,Object notstarted,Object notstarted,Object notstarted,Object notstarted
2024-02-19 19:06:05,880.880,__main___datalogs,INFO,JoyConState.NORMAL,0.000000,0.000000,0.000000,0.091547,-0.009155,-0.006866,0.006866,0.000000,0.000000,0.000000,0.000000,0,0,0,0,0,0,0,0,0,0,0,0.045257568359375,-0.010467529296875,0,0,0,0,0,0,0,0,Object notstarted,Object notstarted,Object notstarted,Object notstarted,Object notstarted,Object notstarted,Object notstarted,Object notstarted,Object notstarted
2024-02-19 19:06:05,936.936,__main___datalogs,INFO,JoyConState.NORMAL,0.000000,0.000000,0.000000,0.091547,-0.004577,0.002289,0.004577,0.000000,0.000000,0.000000,0.000000,0,0,0,0,0,0,0,0,0,0,0,0.045257568359375,-0.010467529296875,0,0,0,0,0,0,0,0,Object notstarted,Object notstarted,Object notstarted,Object notstarted,Object notstarted,Object notstarted,Object notstarted,Object notstarted,Object notstarted
2024-02-19 19:06:05,993.993,__main___datalogs,INFO,JoyConState.NORMAL,0.000000,0.000000,0.000000,0.096125,-0.004577,0.000000,0.004577,0.000000,0.000000,0.000000,0.000000,0,0,0,0,0,0,0,0,0,0,0,0.045257568359375,-0.010467529296875,0,0,0,0,0,0,0,0,Object notstarted,Object notstarted,Object notstarted,Object notstarted,Object notstarted,Object notstarted,Object notstarted,Object notstarted,Object notstarted
2024-02-19 19:06:06,048.048,__main___datalogs,INFO,JoyConState.NORMAL,0.000000,0.000000,0.000000,0.096125,-0.004577,0.002289,0.004577,0.000000,0.000000,0.000000,0.000000,0,0,0,0,0,0,0,0,0,0,0,0.045257568359375,-0.010467529296875,0,0,0,0,0,0,0,0,Object notstarted,Object notstarted,Object notstarted,Object notstarted,Object notstarted,Object notstarted,Object notstarted,Object notstarted,Object notstarted
2024-02-19 19:06:06,104.104,__main___datalogs,INFO,JoyConState.NORMAL,0.000000,0.000000,0.000000,0.091547,-0.009155,0.006866,0.004577,0.000000,0.000000,0.000000,0.000000,0,0,0,0,0,0,0,0,0,0,0,0.045257568359375,-0.010467529296875,0,0,0,0,0,0,0,0,Object notstarted,Object notstarted,Object notstarted,Object notstarted,Object notstarted,Object notstarted,Object notstarted,Object notstarted,Object notstarted
2024-02-19 19:06:06,160.160,__main___datalogs,INFO,JoyConState.NORMAL,0.000000,0.000000,0.000000,0.091547,-0.009155,0.000000,0.000000,0.000000,0.000000,0.000000,0.000000,0,0,0,0,0,0,0,0,0,0,0,0.045257568359375,-0.010467529296875,0,0,0,0,0,0,0,0,Object notstarted,Object notstarted,Object notstarted,Object notstarted,Object notstarted,Object notstarted,Object notstarted,Object notstarted,Object notstarted
2024-02-19 19:06:06,232.232,__main___datalogs,INFO,JoyConState.NORMAL,0.000000,0.000000,0.000000,0.091547,-0.009155,0.000000,0.000000,0.000000,0.000000,0.000000,0.000000,0,0,0,0,0,0,0,0,0,0,0,0.045257568359375,-0.010467529296875,0,0,0,0,0,0,0,0,Object notstarted,Object notstarted,Object notstarted,Object notstarted,Object notstarted,Object notstarted,Object notstarted,Object notstarted,Object notstarted
2024-02-19 19:06:06,309.309,__main___datalogs,INFO,JoyConState.NORMAL,0.000000,0.000000,0.000000,0.096125,-0.009155,0.002289,0.004577,0.000000,0.000000,0.000000,0.000000,0,0,0,0,0,0,0,0,0,0,0,0.045257568359375,-0.010467529296875,0,0,0,0,0,0,0,0,Object notstarted,Object notstarted,Object notstarted,Object notstarted,Object notstarted,Object notstarted,Object notstarted,Object notstarted,Object notstarted
2024-02-19 19:06:06,365.365,__main___datalogs,INFO,JoyConState.NORMAL,0.000000,0.000000,0.000000,0.096125,-0.009155,0.000000,0.004577,0.000000,0.000000,0.000000,0.000000,0,0,0,0,0,0,0,0,0,0,0,0.045257568359375,-0.010467529296875,0,0,0,0,0,0,0,0,Object notstarted,Object notstarted,Object notstarted,Object notstarted,Object notstarted,Object notstarted,Object notstarted,Object notstarted,Object notstarted
2024-02-19 19:06:06,420.420,__main___datalogs,INFO,JoyConState.NORMAL,0.000000,0.000000,0.000000,0.091547,-0.009155,0.000000,0.004577,0.000000,0.000000,0.000000,0.000000,0,0,0,0,0,0,0,0,0,0,0,0.045257568359375,-0.010467529296875,0,0,0,0,0,0,0,0,Object notstarted,Object notstarted,Object notstarted,Object notstarted,Object notstarted,Object notstarted,Object notstarted,Object notstarted,Object notstarted
2024-02-19 19:06:06,476.476,__main___datalogs,INFO,JoyConState.NORMAL,0.000000,0.000000,0.000000,0.091547,-0.004577,0.000000,0.004577,0.000000,0.000000,0.000000,0.000000,0,0,0,0,0,0,0,0,0,0,0,0.045257568359375,-0.010467529296875,0,0,0,0,0,0,0,0,Object notstarted,Object notstarted,Object notstarted,Object notstarted,Object notstarted,Object notstarted,Object notstarted,Object notstarted,Object notstarted
2024-02-19 19:06:06,532.532,__main___datalogs,INFO,JoyConState.NORMAL,0.000000,0.000000,0.000000,0.091547,-0.004577,0.000000,0.004577,0.000000,0.000000,0.000000,0.000000,0,0,0,0,0,0,0,0,0,0,0,0.045257568359375,-0.010467529296875,0,0,0,0,0,0,0,0,Object notstarted,Object notstarted,Object notstarted,Object notstarted,Object notstarted,Object notstarted,Object notstarted,Object notstarted,Object notstarted
2024-02-19 19:06:06,589.589,__main___datalogs,INFO,JoyConState.NORMAL,0.000000,0.000000,0.000000,0.091547,0.000000,0.000000,0.000000,0.000000,0.000000,0.000000,0.000000,0,0,0,0,0,0,0,0,0,0,0,0.045257568359375,-0.010467529296875,0,0,0,0,0,0,0,0,Object notstarted,Object notstarted,Object notstarted,Object notstarted,Object notstarted,Object notstarted,Object notstarted,Object notstarted,Object notstarted
2024-02-19 19:06:06,644.644,__main___datalogs,INFO,JoyConState.NORMAL,0.000000,0.000000,0.000000,0.091547,-0.011444,0.000000,0.004577,0.000000,0.000000,0.000000,0.000000,0,0,0,0,0,0,0,0,0,0,0,0.045257568359375,-0.010467529296875,0,0,0,0,0,0,0,0,Object notstarted,Object notstarted,Object notstarted,Object notstarted,Object notstarted,Object notstarted,Object notstarted,Object notstarted,Object notstarted
2024-02-19 19:06:06,701.701,__main___datalogs,INFO,JoyConState.NORMAL,0.000000,0.000000,0.000000,0.091547,-0.009155,0.000000,0.004577,0.000000,0.000000,0.000000,0.000000,0,0,0,0,0,0,0,0,0,0,0,0.045257568359375,-0.010467529296875,0,0,0,0,0,0,0,0,Object notstarted,Object notstarted,Object notstarted,Object notstarted,Object notstarted,Object notstarted,Object notstarted,Object notstarted,Object notstarted
2024-02-19 19:06:06,756.756,__main___datalogs,INFO,JoyConState.NORMAL,0.000000,0.000000,0.000000,0.091547,-0.004577,0.000000,0.004577,0.000000,0.000000,0.000000,0.000000,0,0,0,0,0,0,0,0,0,0,0,0.045257568359375,-0.010467529296875,0,0,0,0,0,0,0,0,Object notstarted,Object notstarted,Object notstarted,Object notstarted,Object notstarted,Object notstarted,Object notstarted,Object notstarted,Object notstarted
2024-02-19 19:06:06,813.813,__main___datalogs,INFO,JoyConState.NORMAL,0.000000,0.000000,0.000000,0.091547,-0.009155,0.000000,0.004577,0.000000,0.000000,0.000000,0.000000,0,0,0,0,0,0,0,0,0,0,0,0.045257568359375,-0.010467529296875,0,0,0,0,0,0,0,0,Object notstarted,Object notstarted,Object notstarted,Object notstarted,Object notstarted,Object notstarted,Object notstarted,Object notstarted,Object notstarted
2024-02-19 19:06:06,867.867,__main___datalogs,INFO,JoyConState.NORMAL,0.000000,0.000000,0.000000,0.091547,-0.004577,0.000000,0.004577,0.000000,0.000000,0.000000,0.000000,0,0,0,0,0,0,0,0,0,0,0,0.045257568359375,-0.010467529296875,0,0,0,0,0,0,0,0,Object notstarted,Object notstarted,Object notstarted,Object notstarted,Object notstarted,Object notstarted,Object notstarted,Object notstarted,Object notstarted
2024-02-19 19:06:06,924.924,__main___datalogs,INFO,JoyConState.NORMAL,0.000000,0.000000,0.000000,0.091547,-0.009155,0.000000,0.000000,0.000000,0.000000,0.000000,0.000000,0,0,0,0,0,0,0,0,0,0,0,0.045257568359375,-0.010467529296875,0,0,0,0,0,0,0,0,Object notstarted,Object notstarted,Object notstarted,Object notstarted,Object notstarted,Object notstarted,Object notstarted,Object notstarted,Object notstarted
2024-02-19 19:06:06,979.979,__main___datalogs,INFO,JoyConState.NORMAL,0.000000,0.000000,0.000000,0.091547,-0.004577,0.000000,0.004577,0.000000,0.000000,0.000000,0.000000,0,0,0,0,0,0,0,0,0,0,0,0.045257568359375,-0.010467529296875,0,0,0,0,0,0,0,0,Object notstarted,Object notstarted,Object notstarted,Object notstarted,Object notstarted,Object notstarted,Object notstarted,Object notstarted,Object notstarted
2024-02-19 19:06:07,037.037,__main___datalogs,INFO,JoyConState.NORMAL,0.000000,0.000000,0.000000,0.091547,-0.009155,0.000000,0.004577,0.000000,0.000000,0.000000,0.000000,0,0,0,0,0,0,0,0,0,0,0,0.045257568359375,-0.010467529296875,0,0,0,0,0,0,0,0,Object notstarted,Object notstarted,Object notstarted,Object notstarted,Object notstarted,Object notstarted,Object notstarted,Object notstarted,Object notstarted
2024-02-19 19:06:07,092.092,__main___datalogs,INFO,JoyConState.NORMAL,0.000000,0.000000,0.000000,0.096125,-0.009155,0.000000,0.004577,0.000000,0.000000,0.000000,0.000000,0,0,0,0,0,0,0,0,0,0,0,0.045257568359375,-0.010467529296875,0,0,0,0,0,0,0,0,Object notstarted,Object notstarted,Object notstarted,Object notstarted,Object notstarted,Object notstarted,Object notstarted,Object notstarted,Object notstarted
2024-02-19 19:06:07,148.148,__main___datalogs,INFO,JoyConState.NORMAL,0.000000,0.000000,0.000000,0.091547,-0.016021,0.000000,0.004577,0.000000,0.000000,0.000000,0.000000,0,0,0,0,0,0,0,0,0,0,0,0.045257568359375,-0.010467529296875,0,0,0,0,0,0,0,0,Object notstarted,Object notstarted,Object notstarted,Object notstarted,Object notstarted,Object notstarted,Object notstarted,Object notstarted,Object notstarted
2024-02-19 19:06:07,203.203,__main___datalogs,INFO,JoyConState.NORMAL,0.000000,0.000000,0.000000,0.096125,-0.011444,-0.006866,0.004577,0.000000,0.000000,0.000000,0.000000,0,0,0,0,0,0,0,0,0,0,0,0.045257568359375,-0.010467529296875,0,0,0,0,0,0,0,0,Object notstarted,Object notstarted,Object notstarted,Object notstarted,Object notstarted,Object notstarted,Object notstarted,Object notstarted,Object notstarted
2024-02-19 19:06:07,276.276,__main___datalogs,INFO,JoyConState.NORMAL,0.000000,0.000000,0.000000,0.096125,-0.009155,0.000000,0.004577,0.000000,0.000000,0.000000,0.000000,0,0,0,0,0,0,0,0,0,0,0,0.045257568359375,-0.010467529296875,0,0,0,0,0,0,0,0,Object notstarted,Object notstarted,Object notstarted,Object notstarted,Object notstarted,Object notstarted,Object notstarted,Object notstarted,Object notstarted
2024-02-19 19:06:07,339.339,__main___datalogs,INFO,JoyConState.NORMAL,0.000000,0.000000,0.000000,0.091547,-0.004577,0.000000,0.000000,0.000000,0.000000,0.000000,0.000000,0,0,0,0,0,0,0,0,0,0,0,0.045257568359375,-0.010467529296875,0,0,0,0,0,0,0,0,Object notstarted,Object notstarted,Object notstarted,Object notstarted,Object notstarted,Object notstarted,Object notstarted,Object notstarted,Object notstarted
2024-02-19 19:06:07,395.395,__main___datalogs,INFO,JoyConState.NORMAL,0.000000,0.000000,0.000000,0.091547,0.000000,0.000000,0.000000,0.000000,0.000000,0.000000,0.000000,0,0,0,0,0,0,0,0,0,0,0,0.045257568359375,-0.010467529296875,0,0,0,0,0,0,0,0,Object notstarted,Object notstarted,Object notstarted,Object notstarted,Object notstarted,Object notstarted,Object notstarted,Object notstarted,Object notstarted
2024-02-19 19:06:07,452.452,__main___datalogs,INFO,JoyConState.NORMAL,0.000000,0.000000,0.000000,0.091547,0.000000,0.000000,0.006866,0.000000,0.000000,0.000000,0.000000,0,0,0,0,0,0,0,0,0,0,0,0.045257568359375,-0.010467529296875,0,0,0,0,0,0,0,0,Object notstarted,Object notstarted,Object notstarted,Object notstarted,Object notstarted,Object notstarted,Object notstarted,Object notstarted,Object notstarted
2024-02-19 19:06:07,508.508,__main___datalogs,INFO,JoyConState.NORMAL,0.000000,0.000000,0.000000,0.096125,0.000000,0.002289,0.004577,0.000000,0.000000,0.000000,0.000000,0,0,0,0,0,0,0,0,0,0,0,0.045257568359375,-0.010467529296875,0,0,0,0,0,0,0,0,Object notstarted,Object notstarted,Object notstarted,Object notstarted,Object notstarted,Object notstarted,Object notstarted,Object notstarted,Object notstarted
2024-02-19 19:06:07,563.563,__main___datalogs,INFO,JoyConState.NORMAL,0.000000,0.000000,0.000000,0.091547,-0.009155,0.002289,0.004577,0.000000,0.000000,0.000000,0.000000,0,0,0,0,0,0,0,0,0,0,0,0.045257568359375,-0.010467529296875,0,0,0,0,0,0,0,0,Object notstarted,Object notstarted,Object notstarted,Object notstarted,Object notstarted,Object notstarted,Object notstarted,Object notstarted,Object notstarted
2024-02-19 19:06:07,619.619,__main___datalogs,INFO,JoyConState.NORMAL,0.000000,0.000000,0.000000,0.096125,-0.004577,0.000000,0.004577,0.000000,0.000000,0.000000,0.000000,0,0,0,0,0,0,0,0,0,0,0,0.045257568359375,-0.010467529296875,0,0,0,0,0,0,0,0,Object notstarted,Object notstarted,Object notstarted,Object notstarted,Object notstarted,Object notstarted,Object notstarted,Object notstarted,Object notstarted
2024-02-19 19:06:07,675.675,__main___datalogs,INFO,JoyConState.NORMAL,0.000000,0.000000,0.000000,0.096125,-0.009155,0.000000,0.004577,0.000000,0.000000,0.000000,0.000000,0,0,0,0,0,0,0,0,0,0,0,0.045257568359375,-0.010467529296875,0,0,0,0,0,0,0,0,Object notstarted,Object notstarted,Object notstarted,Object notstarted,Object notstarted,Object notstarted,Object notstarted,Object notstarted,Object notstarted
2024-02-19 19:06:07,731.731,__main___datalogs,INFO,JoyConState.NORMAL,0.000000,0.000000,0.000000,0.091547,-0.004577,-0.006866,0.006866,0.000000,0.000000,0.000000,0.000000,0,0,0,0,0,0,0,0,0,0,0,0.045257568359375,-0.010467529296875,0,0,0,0,0,0,0,0,Object notstarted,Object notstarted,Object notstarted,Object notstarted,Object notstarted,Object notstarted,Object notstarted,Object notstarted,Object notstarted
2024-02-19 19:06:07,787.787,__main___datalogs,INFO,JoyConState.NORMAL,0.000000,0.000000,0.000000,0.091547,-0.009155,0.000000,0.004577,0.000000,0.000000,0.000000,0.000000,0,0,0,0,0,0,0,0,0,0,0,0.045257568359375,-0.010467529296875,0,0,0,0,0,0,0,0,Object notstarted,Object notstarted,Object notstarted,Object notstarted,Object notstarted,Object notstarted,Object notstarted,Object notstarted,Object notstarted
2024-02-19 19:06:07,843.843,__main___datalogs,INFO,JoyConState.NORMAL,0.000000,0.000000,0.000000,0.096125,-0.004577,0.000000,0.004577,0.000000,0.000000,0.000000,0.000000,0,0,0,0,0,0,0,0,0,0,0,0.045257568359375,-0.010467529296875,0,0,0,0,0,0,0,0,Object notstarted,Object notstarted,Object notstarted,Object notstarted,Object notstarted,Object notstarted,Object notstarted,Object notstarted,Object notstarted
2024-02-19 19:06:07,899.899,__main___datalogs,INFO,JoyConState.NORMAL,0.000000,0.000000,0.000000,0.096125,-0.011444,0.000000,0.004577,0.000000,0.000000,0.000000,0.000000,0,0,0,0,0,0,0,0,0,0,0,0.045257568359375,-0.010467529296875,0,0,0,0,0,0,0,0,Object notstarted,Object notstarted,Object notstarted,Object notstarted,Object notstarted,Object notstarted,Object notstarted,Object notstarted,Object notstarted
2024-02-19 19:06:07,956.956,__main___datalogs,INFO,JoyConState.NORMAL,0.000000,0.000000,0.000000,0.096125,-0.009155,0.000000,0.004577,0.000000,0.000000,0.000000,0.000000,0,0,0,0,0,0,0,0,0,0,0,0.045257568359375,-0.010467529296875,0,0,0,0,0,0,0,0,Object notstarted,Object notstarted,Object notstarted,Object notstarted,Object notstarted,Object notstarted,Object notstarted,Object notstarted,Object notstarted
2024-02-19 19:06:08,011.011,__main___datalogs,INFO,JoyConState.NORMAL,0.000000,0.000000,0.000000,0.096125,-0.009155,0.000000,0.004577,0.000000,0.000000,0.000000,0.000000,0,0,0,0,0,0,0,0,0,0,0,0.045257568359375,-0.010467529296875,0,0,0,0,0,0,0,0,Object notstarted,Object notstarted,Object notstarted,Object notstarted,Object notstarted,Object notstarted,Object notstarted,Object notstarted,Object notstarted
2024-02-19 19:06:08,068.068,__main___datalogs,INFO,JoyConState.NORMAL,0.000000,0.000000,0.000000,0.096125,-0.009155,0.002289,0.004577,0.000000,0.000000,0.000000,0.000000,0,0,0,0,0,0,0,0,0,0,0,0.045257568359375,-0.010467529296875,0,0,0,0,0,0,0,0,Object notstarted,Object notstarted,Object notstarted,Object notstarted,Object notstarted,Object notstarted,Object notstarted,Object notstarted,Object notstarted
2024-02-19 19:06:08,123.123,__main___datalogs,INFO,JoyConState.NORMAL,0.000000,0.000000,0.000000,0.089258,-0.009155,0.002289,0.004577,0.000000,0.000000,0.000000,0.000000,0,0,0,0,0,0,0,0,0,0,0,0.045257568359375,-0.010467529296875,0,0,0,0,0,0,0,0,Object notstarted,Object notstarted,Object notstarted,Object notstarted,Object notstarted,Object notstarted,Object notstarted,Object notstarted,Object notstarted
2024-02-19 19:06:08,180.180,__main___datalogs,INFO,JoyConState.NORMAL,0.000000,0.000000,0.000000,0.091547,-0.009155,0.000000,0.004577,0.000000,0.000000,0.000000,0.000000,0,0,0,0,0,0,0,0,0,0,0,0.045257568359375,-0.010467529296875,0,0,0,0,0,0,0,0,Object notstarted,Object notstarted,Object notstarted,Object notstarted,Object notstarted,Object notstarted,Object notstarted,Object notstarted,Object notstarted
2024-02-19 19:06:08,235.235,__main___datalogs,INFO,JoyConState.NORMAL,0.000000,0.000000,0.000000,0.096125,-0.011444,0.000000,0.004577,0.000000,0.000000,0.000000,0.000000,0,0,0,0,0,0,0,0,0,0,0,0.045257568359375,-0.010467529296875,0,0,0,0,0,0,0,0,Object notstarted,Object notstarted,Object notstarted,Object notstarted,Object notstarted,Object notstarted,Object notstarted,Object notstarted,Object notstarted
2024-02-19 19:06:08,292.292,__main___datalogs,INFO,JoyConState.NORMAL,0.000000,0.000000,0.000000,0.096125,-0.009155,0.002289,0.004577,0.000000,0.000000,0.000000,0.000000,0,0,0,0,0,0,0,0,0,0,0,0.045257568359375,-0.010467529296875,0,0,0,0,0,0,0,0,Object notstarted,Object notstarted,Object notstarted,Object notstarted,Object notstarted,Object notstarted,Object notstarted,Object notstarted,Object notstarted
2024-02-19 19:06:08,363.363,__main___datalogs,INFO,JoyConState.NORMAL,0.000000,0.000000,0.000000,0.091547,-0.004577,-0.006866,0.000000,0.000000,0.000000,0.000000,0.000000,0,0,0,0,0,0,0,0,0,0,0,0.045257568359375,-0.010467529296875,0,0,0,0,0,0,0,0,Object notstarted,Object notstarted,Object notstarted,Object notstarted,Object notstarted,Object notstarted,Object notstarted,Object notstarted,Object notstarted
2024-02-19 19:06:08,424.424,__main___datalogs,INFO,JoyConState.NORMAL,0.000000,0.000000,0.000000,0.089258,-0.004577,0.000000,0.000000,0.000000,0.000000,0.000000,0.000000,0,0,0,0,0,0,0,0,0,0,0,0.045257568359375,-0.010467529296875,0,0,0,0,0,0,0,0,Object notstarted,Object notstarted,Object notstarted,Object notstarted,Object notstarted,Object notstarted,Object notstarted,Object notstarted,Object notstarted
2024-02-19 19:06:08,480.480,__main___datalogs,INFO,JoyConState.NORMAL,0.000000,0.000000,0.000000,0.096125,-0.004577,-0.006866,0.004577,0.000000,0.000000,0.000000,0.000000,0,0,0,0,0,0,0,0,0,0,0,0.045257568359375,-0.010467529296875,0,0,0,0,0,0,0,0,Object notstarted,Object notstarted,Object notstarted,Object notstarted,Object notstarted,Object notstarted,Object notstarted,Object notstarted,Object notstarted
2024-02-19 19:06:08,572.572,__main___datalogs,INFO,JoyConState.NORMAL,0.000000,0.000000,0.000000,0.091547,0.000000,0.002289,0.006866,0.000000,0.000000,0.000000,0.000000,0,0,0,0,0,0,0,0,0,0,0,0.045257568359375,-0.010467529296875,0,0,0,0,0,0,0,0,Object notstarted,Object notstarted,Object notstarted,Object notstarted,Object notstarted,Object notstarted,Object notstarted,Object notstarted,Object notstarted
2024-02-19 19:06:08,694.694,__main___datalogs,INFO,JoyConState.NORMAL,0.000000,0.000000,0.000000,0.089258,-0.004577,0.002289,0.004577,0.000000,0.000000,0.000000,0.000000,0,0,0,0,0,0,0,0,0,0,0,0.045257568359375,-0.010467529296875,0,0,0,0,0,0,0,0,Object notstarted,Object notstarted,Object notstarted,Object notstarted,Object notstarted,Object notstarted,Object notstarted,Object notstarted,Object notstarted
2024-02-19 19:06:08,819.819,__main___datalogs,INFO,JoyConState.NORMAL,0.000000,0.000000,0.000000,0.096125,-0.009155,0.000000,0.004577,0.000000,0.000000,0.000000,0.000000,0,0,0,0,0,0,0,0,0,0,0,0.045257568359375,-0.010467529296875,0,0,0,0,0,0,0,0,Object notstarted,Object notstarted,Object notstarted,Object notstarted,Object notstarted,Object notstarted,Object notstarted,Object notstarted,Object notstarted
2024-02-19 19:06:08,957.957,__main___datalogs,INFO,JoyConState.NORMAL,0.000000,0.000000,0.000000,0.091547,-0.011444,0.000000,0.004577,0.000000,0.000000,0.000000,0.000000,0,0,0,0,0,0,0,0,0,0,0,0.045257568359375,-0.010467529296875,0,0,0,0,0,0,0,0,Object notstarted,Object notstarted,Object notstarted,Object notstarted,Object notstarted,Object notstarted,Object notstarted,Object notstarted,Object notstarted
2024-02-19 19:06:09,095.095,__main___datalogs,INFO,JoyConState.NORMAL,0.000000,0.000000,0.000000,0.091547,-0.009155,0.000000,0.000000,0.000000,0.000000,0.000000,0.000000,0,0,0,0,0,0,0,0,0,0,0,0.045257568359375,-0.010467529296875,0,0,0,0,0,0,0,0,Object notstarted,Object notstarted,Object notstarted,Object notstarted,Object notstarted,Object notstarted,Object notstarted,Object notstarted,Object notstarted
2024-02-19 19:06:09,231.231,__main___datalogs,INFO,JoyConState.NORMAL,0.000000,0.000000,0.000000,0.091547,-0.004577,0.000000,0.004577,0.000000,0.000000,0.000000,0.000000,0,0,0,0,0,0,0,0,0,0,0,0.045257568359375,-0.010467529296875,0,0,0,0,0,0,0,0,Object notstarted,Object notstarted,Object notstarted,Object notstarted,Object notstarted,Object notstarted,Object notstarted,Object notstarted,Object notstarted
2024-02-19 19:06:09,337.337,__main___datalogs,INFO,JoyConState.NORMAL,0.000000,0.000000,0.000000,0.091547,-0.011444,0.000000,0.004577,0.000000,0.000000,0.000000,0.000000,0,0,0,0,0,0,0,0,0,0,0,0.045257568359375,-0.010467529296875,0,0,0,0,0,0,0,0,Object notstarted,Object notstarted,Object notstarted,Object notstarted,Object notstarted,Object notstarted,Object notstarted,Object notstarted,Object notstarted
2024-02-19 19:06:09,425.425,__main___datalogs,INFO,JoyConState.NORMAL,0.000000,0.000000,0.000000,0.096125,-0.004577,0.002289,0.004577,0.000000,0.000000,0.000000,0.000000,0,0,0,0,0,0,0,0,0,0,0,0.045257568359375,-0.010467529296875,0,0,0,0,0,0,0,0,Object notstarted,Object notstarted,Object notstarted,Object notstarted,Object notstarted,Object notstarted,Object notstarted,Object notstarted,Object notstarted
2024-02-19 19:06:09,497.497,__main___datalogs,INFO,JoyConState.NORMAL,0.000000,0.000000,0.000000,0.091547,-0.009155,0.002289,0.004577,0.000000,0.000000,0.000000,0.000000,0,0,0,0,0,0,0,0,0,0,0,0.045257568359375,-0.010467529296875,0,0,0,0,0,0,0,0,Object notstarted,Object notstarted,Object notstarted,Object notstarted,Object notstarted,Object notstarted,Object notstarted,Object notstarted,Object notstarted
2024-02-19 19:06:09,553.553,__main___datalogs,INFO,JoyConState.NORMAL,0.000000,0.000000,0.000000,0.091547,-0.009155,0.002289,0.004577,0.000000,0.000000,0.000000,0.000000,0,0,0,0,0,0,0,0,0,0,0,0.045257568359375,-0.010467529296875,0,0,0,0,0,0,0,0,Object notstarted,Object notstarted,Object notstarted,Object notstarted,Object notstarted,Object notstarted,Object notstarted,Object notstarted,Object notstarted
2024-02-19 19:06:09,609.609,__main___datalogs,INFO,JoyConState.NORMAL,0.000000,0.000000,0.000000,0.091547,-0.009155,0.000000,0.004577,0.000000,0.000000,0.000000,0.000000,0,0,0,0,0,0,0,0,0,0,0,0.045257568359375,-0.010467529296875,0,0,0,0,0,0,0,0,Object notstarted,Object notstarted,Object notstarted,Object notstarted,Object notstarted,Object notstarted,Object notstarted,Object notstarted,Object notstarted
2024-02-19 19:06:09,665.665,__main___datalogs,INFO,JoyConState.NORMAL,0.000000,0.000000,0.000000,0.089258,-0.004577,0.000000,0.004577,0.000000,0.000000,0.000000,0.000000,0,0,0,0,0,0,0,0,0,0,0,0.045257568359375,-0.010467529296875,0,0,0,0,0,0,0,0,Object notstarted,Object notstarted,Object notstarted,Object notstarted,Object notstarted,Object notstarted,Object notstarted,Object notstarted,Object notstarted
2024-02-19 19:06:09,722.722,__main___datalogs,INFO,JoyConState.NORMAL,0.000000,0.000000,0.000000,0.091547,-0.009155,0.000000,0.004577,0.000000,0.000000,0.000000,0.000000,0,0,0,0,0,0,0,0,0,0,0,0.045257568359375,-0.010467529296875,0,0,0,0,0,0,0,0,Object notstarted,Object notstarted,Object notstarted,Object notstarted,Object notstarted,Object notstarted,Object notstarted,Object notstarted,Object notstarted
2024-02-19 19:06:09,778.778,__main___datalogs,INFO,JoyConState.NORMAL,0.000000,0.000000,0.000000,0.091547,-0.009155,0.000000,0.000000,0.000000,0.000000,0.000000,0.000000,0,0,0,0,0,0,0,0,0,0,0,0.045257568359375,-0.010467529296875,0,0,0,0,0,0,0,0,Object notstarted,Object notstarted,Object notstarted,Object notstarted,Object notstarted,Object notstarted,Object notstarted,Object notstarted,Object notstarted
2024-02-19 19:06:09,835.835,__main___datalogs,INFO,JoyConState.NORMAL,0.000000,0.000000,0.000000,0.091547,-0.011444,0.000000,0.004577,0.000000,0.000000,0.000000,0.000000,0,0,0,0,0,0,0,0,0,0,0,0.045257568359375,-0.010467529296875,0,0,0,0,0,0,0,0,Object notstarted,Object notstarted,Object notstarted,Object notstarted,Object notstarted,Object notstarted,Object notstarted,Object notstarted,Object notstarted
2024-02-19 19:06:09,889.889,__main___datalogs,INFO,JoyConState.NORMAL,0.000000,0.000000,0.000000,0.089258,-0.009155,0.000000,0.004577,0.000000,0.000000,0.000000,0.000000,0,0,0,0,0,0,0,0,0,0,0,0.045257568359375,-0.010467529296875,0,0,0,0,0,0,0,0,Object notstarted,Object notstarted,Object notstarted,Object notstarted,Object notstarted,Object notstarted,Object notstarted,Object notstarted,Object notstarted
2024-02-19 19:06:09,945.945,__main___datalogs,INFO,JoyConState.NORMAL,0.000000,0.000000,0.000000,0.091547,-0.004577,0.000000,0.004577,0.000000,0.000000,0.000000,0.000000,0,0,0,0,0,0,0,0,0,0,0,0.045257568359375,-0.010467529296875,0,0,0,0,0,0,0,0,Object notstarted,Object notstarted,Object notstarted,Object notstarted,Object notstarted,Object notstarted,Object notstarted,Object notstarted,Object notstarted
2024-02-19 19:06:10,001.001,__main___datalogs,INFO,JoyConState.NORMAL,0.000000,0.000000,0.000000,0.091547,-0.004577,0.000000,0.004577,0.000000,0.000000,0.000000,0.000000,0,0,0,0,0,0,0,0,0,0,0,0.045257568359375,-0.010467529296875,0,0,0,0,0,0,0,0,Object notstarted,Object notstarted,Object notstarted,Object notstarted,Object notstarted,Object notstarted,Object notstarted,Object notstarted,Object notstarted
2024-02-19 19:06:10,057.057,__main___datalogs,INFO,JoyConState.NORMAL,0.000000,0.000000,0.000000,0.091547,-0.009155,0.000000,0.004577,0.000000,0.000000,0.000000,0.000000,0,0,0,0,0,0,0,0,0,0,0,0.045257568359375,-0.010467529296875,0,0,0,0,0,0,0,0,Object notstarted,Object notstarted,Object notstarted,Object notstarted,Object notstarted,Object notstarted,Object notstarted,Object notstarted,Object notstarted
2024-02-19 19:06:10,113.113,__main___datalogs,INFO,JoyConState.NORMAL,0.000000,0.000000,0.000000,0.091547,-0.004577,0.000000,0.004577,0.000000,0.000000,0.000000,0.000000,0,0,0,0,0,0,0,0,0,0,0,0.045257568359375,-0.010467529296875,0,0,0,0,0,0,0,0,Object notstarted,Object notstarted,Object notstarted,Object notstarted,Object notstarted,Object notstarted,Object notstarted,Object notstarted,Object notstarted
2024-02-19 19:06:10,169.169,__main___datalogs,INFO,JoyConState.NORMAL,0.000000,0.000000,0.000000,0.091547,-0.004577,0.002289,0.000000,0.000000,0.000000,0.000000,0.000000,0,0,0,0,0,0,0,0,0,0,0,0.045257568359375,-0.010467529296875,0,0,0,0,0,0,0,0,Object notstarted,Object notstarted,Object notstarted,Object notstarted,Object notstarted,Object notstarted,Object notstarted,Object notstarted,Object notstarted
2024-02-19 19:06:10,225.225,__main___datalogs,INFO,JoyConState.NORMAL,0.000000,0.000000,0.000000,0.091547,-0.009155,0.002289,0.000000,0.000000,0.000000,0.000000,0.000000,0,0,0,0,0,0,0,0,0,0,0,0.045257568359375,-0.010467529296875,0,0,0,0,0,0,0,0,Object notstarted,Object notstarted,Object notstarted,Object notstarted,Object notstarted,Object notstarted,Object notstarted,Object notstarted,Object notstarted
2024-02-19 19:06:10,282.282,__main___datalogs,INFO,JoyConState.NORMAL,0.000000,0.000000,0.000000,0.091547,-0.004577,0.000000,0.004577,0.000000,0.000000,0.000000,0.000000,0,0,0,0,0,0,0,0,0,0,0,0.045257568359375,-0.010467529296875,0,0,0,0,0,0,0,0,Object notstarted,Object notstarted,Object notstarted,Object notstarted,Object notstarted,Object notstarted,Object notstarted,Object notstarted,Object notstarted
2024-02-19 19:06:10,337.337,__main___datalogs,INFO,JoyConState.NORMAL,0.000000,0.000000,0.000000,0.091547,-0.009155,0.000000,0.004577,0.000000,0.000000,0.000000,0.000000,0,0,0,0,0,0,0,0,0,0,0,0.045257568359375,-0.010467529296875,0,0,0,0,0,0,0,0,Object notstarted,Object notstarted,Object notstarted,Object notstarted,Object notstarted,Object notstarted,Object notstarted,Object notstarted,Object notstarted
2024-02-19 19:06:10,393.393,__main___datalogs,INFO,JoyConState.NORMAL,0.000000,0.000000,0.000000,0.091547,-0.004577,0.000000,0.004577,0.000000,0.000000,0.000000,0.000000,0,0,0,0,0,0,0,0,0,0,0,0.045257568359375,-0.010467529296875,0,0,0,0,0,0,0,0,Object notstarted,Object notstarted,Object notstarted,Object notstarted,Object notstarted,Object notstarted,Object notstarted,Object notstarted,Object notstarted
2024-02-19 19:06:10,464.464,__main___datalogs,INFO,JoyConState.NORMAL,0.000000,0.000000,0.000000,0.091547,-0.009155,0.000000,0.004577,0.000000,0.000000,0.000000,0.000000,0,0,0,0,0,0,0,0,0,0,0,0.045257568359375,-0.010467529296875,0,0,0,0,0,0,0,0,Object notstarted,Object notstarted,Object notstarted,Object notstarted,Object notstarted,Object notstarted,Object notstarted,Object notstarted,Object notstarted
2024-02-19 19:06:10,552.552,__main___datalogs,INFO,JoyConState.NORMAL,0.000000,0.000000,0.000000,0.096125,-0.004577,0.000000,0.004577,0.000000,0.000000,0.000000,0.000000,0,0,0,0,0,0,0,0,0,0,0,0.045257568359375,-0.010467529296875,0,0,0,0,0,0,0,0,Object notstarted,Object notstarted,Object notstarted,Object notstarted,Object notstarted,Object notstarted,Object notstarted,Object notstarted,Object notstarted
2024-02-19 19:06:10,607.607,__main___datalogs,INFO,JoyConState.NORMAL,0.000000,0.000000,0.000000,0.091547,-0.009155,0.000000,0.004577,0.000000,0.000000,0.000000,0.000000,0,0,0,0,0,0,0,0,0,0,0,0.045257568359375,-0.010467529296875,0,0,0,0,0,0,0,0,Object notstarted,Object notstarted,Object notstarted,Object notstarted,Object notstarted,Object notstarted,Object notstarted,Object notstarted,Object notstarted
2024-02-19 19:06:10,664.664,__main___datalogs,INFO,JoyConState.NORMAL,0.000000,0.000000,0.000000,0.091547,-0.016021,0.000000,0.004577,0.000000,0.000000,0.000000,0.000000,0,0,0,0,0,0,0,0,0,0,0,0.045257568359375,-0.010467529296875,0,0,0,0,0,0,0,0,Object notstarted,Object notstarted,Object notstarted,Object notstarted,Object notstarted,Object notstarted,Object notstarted,Object notstarted,Object notstarted
2024-02-19 19:06:10,719.719,__main___datalogs,INFO,JoyConState.NORMAL,0.000000,0.000000,0.000000,0.091547,-0.011444,0.000000,0.004577,0.000000,0.000000,0.000000,0.000000,0,0,0,0,0,0,0,0,0,0,0,0.045257568359375,-0.010467529296875,0,0,0,0,0,0,0,0,Object notstarted,Object notstarted,Object notstarted,Object notstarted,Object notstarted,Object notstarted,Object notstarted,Object notstarted,Object notstarted
2024-02-19 19:06:10,775.775,__main___datalogs,INFO,JoyConState.NORMAL,0.000000,0.000000,0.000000,0.091547,-0.011444,0.000000,0.004577,0.000000,0.000000,0.000000,0.000000,0,0,0,0,0,0,0,0,0,0,0,0.045257568359375,-0.010467529296875,0,0,0,0,0,0,0,0,Object notstarted,Object notstarted,Object notstarted,Object notstarted,Object notstarted,Object notstarted,Object notstarted,Object notstarted,Object notstarted
2024-02-19 19:06:10,831.831,__main___datalogs,INFO,JoyConState.NORMAL,0.000000,0.000000,0.000000,0.091547,-0.011444,0.000000,0.000000,0.000000,0.000000,0.000000,0.000000,0,0,0,0,0,0,0,0,0,0,0,0.045257568359375,-0.010467529296875,0,0,0,0,0,0,0,0,Object notstarted,Object notstarted,Object notstarted,Object notstarted,Object notstarted,Object notstarted,Object notstarted,Object notstarted,Object notstarted
2024-02-19 19:06:10,888.888,__main___datalogs,INFO,JoyConState.NORMAL,0.000000,0.000000,0.000000,0.091547,-0.004577,0.002289,0.004577,0.000000,0.000000,0.000000,0.000000,0,0,0,0,0,0,0,0,0,0,0,0.045257568359375,-0.010467529296875,0,0,0,0,0,0,0,0,Object notstarted,Object notstarted,Object notstarted,Object notstarted,Object notstarted,Object notstarted,Object notstarted,Object notstarted,Object notstarted
2024-02-19 19:06:10,943.943,__main___datalogs,INFO,JoyConState.NORMAL,0.000000,0.000000,0.000000,0.091547,-0.004577,0.000000,0.004577,0.000000,0.000000,0.000000,0.000000,0,0,0,0,0,0,0,0,0,0,0,0.045257568359375,-0.010467529296875,0,0,0,0,0,0,0,0,Object notstarted,Object notstarted,Object notstarted,Object notstarted,Object notstarted,Object notstarted,Object notstarted,Object notstarted,Object notstarted
2024-02-19 19:06:11,000.000,__main___datalogs,INFO,JoyConState.NORMAL,0.000000,0.000000,0.000000,0.091547,-0.004577,0.000000,0.004577,0.000000,0.000000,0.000000,0.000000,0,0,0,0,0,0,0,0,0,0,0,0.045257568359375,-0.010467529296875,0,0,0,0,0,0,0,0,Object notstarted,Object notstarted,Object notstarted,Object notstarted,Object notstarted,Object notstarted,Object notstarted,Object notstarted,Object notstarted
2024-02-19 19:06:11,055.055,__main___datalogs,INFO,JoyConState.NORMAL,0.000000,0.000000,0.000000,0.091547,-0.009155,0.000000,0.004577,0.000000,0.000000,0.000000,0.000000,0,0,0,0,0,0,0,0,0,0,0,0.045257568359375,-0.010467529296875,0,0,0,0,0,0,0,0,Object notstarted,Object notstarted,Object notstarted,Object notstarted,Object notstarted,Object notstarted,Object notstarted,Object notstarted,Object notstarted
2024-02-19 19:06:11,112.112,__main___datalogs,INFO,JoyConState.NORMAL,0.000000,0.000000,0.000000,0.091547,-0.011444,0.000000,0.004577,0.000000,0.000000,0.000000,0.000000,0,0,0,0,0,0,0,0,0,0,0,0.045257568359375,-0.010467529296875,0,0,0,0,0,0,0,0,Object notstarted,Object notstarted,Object notstarted,Object notstarted,Object notstarted,Object notstarted,Object notstarted,Object notstarted,Object notstarted
2024-02-19 19:06:11,167.167,__main___datalogs,INFO,JoyConState.NORMAL,0.000000,0.000000,0.000000,0.091547,-0.009155,0.000000,0.000000,0.000000,0.000000,0.000000,0.000000,0,0,0,0,0,0,0,0,0,0,0,0.045257568359375,-0.010467529296875,0,0,0,0,0,0,0,0,Object notstarted,Object notstarted,Object notstarted,Object notstarted,Object notstarted,Object notstarted,Object notstarted,Object notstarted,Object notstarted
2024-02-19 19:06:11,224.224,__main___datalogs,INFO,JoyConState.NORMAL,0.000000,0.000000,0.000000,0.091547,-0.011444,0.000000,0.000000,0.000000,0.000000,0.000000,0.000000,0,0,0,0,0,0,0,0,0,0,0,0.045257568359375,-0.010467529296875,0,0,0,0,0,0,0,0,Object notstarted,Object notstarted,Object notstarted,Object notstarted,Object notstarted,Object notstarted,Object notstarted,Object notstarted,Object notstarted
2024-02-19 19:06:11,279.279,__main___datalogs,INFO,JoyConState.NORMAL,0.000000,0.000000,0.000000,0.091547,-0.004577,0.000000,0.004577,0.000000,0.000000,0.000000,0.000000,0,0,0,0,0,0,0,0,0,0,0,0.045257568359375,-0.010467529296875,0,0,0,0,0,0,0,0,Object notstarted,Object notstarted,Object notstarted,Object notstarted,Object notstarted,Object notstarted,Object notstarted,Object notstarted,Object notstarted
2024-02-19 19:06:11,336.336,__main___datalogs,INFO,JoyConState.NORMAL,0.000000,0.000000,0.000000,0.091547,-0.009155,0.000000,0.004577,0.000000,0.000000,0.000000,0.000000,0,0,0,0,0,0,0,0,0,0,0,0.045257568359375,-0.010467529296875,0,0,0,0,0,0,0,0,Object notstarted,Object notstarted,Object notstarted,Object notstarted,Object notstarted,Object notstarted,Object notstarted,Object notstarted,Object notstarted
2024-02-19 19:06:11,392.392,__main___datalogs,INFO,JoyConState.NORMAL,0.000000,0.000000,0.000000,0.091547,-0.009155,0.000000,0.004577,0.000000,0.000000,0.000000,0.000000,0,0,0,0,0,0,0,0,0,0,0,0.045257568359375,-0.010467529296875,0,0,0,0,0,0,0,0,Object notstarted,Object notstarted,Object notstarted,Object notstarted,Object notstarted,Object notstarted,Object notstarted,Object notstarted,Object notstarted
2024-02-19 19:06:11,448.448,__main___datalogs,INFO,JoyConState.PREP_SNS,0.000000,0.000000,0.000000,0.091547,-0.009155,0.002289,0.004577,0.000000,0.000000,0.000000,0.000000,0,0,0,0,0,0,0,0,0,0,0,0.045257568359375,-0.010467529296875,0,0,0,0,0,0,0,0,Object notstarted,Object notstarted,Object notstarted,Object notstarted,Object notstarted,Object notstarted,Object notstarted,Object notstarted,Object notstarted
2024-02-19 19:06:11,490.490,__main___datalogs,INFO,JoyConState.PREP_SNS,0.000000,0.000000,0.000000,0.091547,-0.009155,0.002289,0.004577,0.000000,0.000000,0.000000,0.000000,0,0,0,0,0,0,0,0,0,0,0,0.045257568359375,-0.010467529296875,0,0,0,0,0,0,0,0,Object notstarted,Object notstarted,Object notstarted,Object notstarted,Object notstarted,Object notstarted,Object notstarted,Object notstarted,Object notstarted
2024-02-19 19:06:11,532.532,__main___datalogs,INFO,JoyConState.PREP_SNS,0.000000,0.000000,0.000000,0.089258,-0.009155,0.000000,0.004577,0.000000,0.000000,0.000000,0.000000,0,0,0,0,0,0,0,0,0,0,0,0.045257568359375,-0.010467529296875,0,0,0,0,0,0,0,0,Object notstarted,Object notstarted,Object notstarted,Object notstarted,Object notstarted,Object notstarted,Object notstarted,Object notstarted,Object notstarted
2024-02-19 19:06:11,579.579,__main___datalogs,INFO,JoyConState.PREP_SNS,0.000000,0.000000,0.000000,0.091547,-0.004577,0.000000,0.004577,0.000000,0.000000,0.000000,0.000000,0,0,0,0,0,0,0,0,0,0,0,0.045257568359375,-0.010467529296875,0,0,0,0,0,0,0,0,Object notstarted,Object notstarted,Object notstarted,Object notstarted,Object notstarted,Object notstarted,Object notstarted,Object notstarted,Object notstarted
2024-02-19 19:06:11,618.618,__main___datalogs,INFO,JoyConState.PREP_SNS,0.000000,0.000000,0.000000,0.091547,0.000000,0.000000,0.004577,0.000000,0.000000,0.000000,0.000000,0,0,0,0,0,0,0,0,0,0,0,0.045257568359375,-0.010467529296875,0,0,0,0,0,0,0,0,Object notstarted,Object notstarted,Object notstarted,Object notstarted,Object notstarted,Object notstarted,Object notstarted,Object notstarted,Object notstarted
2024-02-19 19:06:11,660.660,__main___datalogs,INFO,JoyConState.PREP_SNS,0.000000,0.000000,0.000000,0.091547,-0.004577,0.000000,0.004577,0.000000,0.000000,0.000000,0.000000,0,0,0,0,0,0,0,0,0,0,0,0.045257568359375,-0.010467529296875,0,0,0,0,0,0,0,0,Object notstarted,Object notstarted,Object notstarted,Object notstarted,Object notstarted,Object notstarted,Object notstarted,Object notstarted,Object notstarted
2024-02-19 19:06:11,704.704,__main___datalogs,INFO,JoyConState.PREP_SNS,0.000000,0.000000,0.000000,0.091547,-0.004577,0.000000,0.004577,0.000000,0.000000,0.000000,0.000000,0,0,0,0,0,0,0,0,0,0,0,0.045257568359375,-0.010467529296875,0,0,0,0,0,0,0,0,Object notstarted,Object notstarted,Object notstarted,Object notstarted,Object notstarted,Object notstarted,Object notstarted,Object notstarted,Object notstarted
2024-02-19 19:06:11,745.745,__main___datalogs,INFO,JoyConState.PREP_SNS,0.000000,0.000000,0.000000,0.091547,-0.004577,0.000000,0.004577,0.000000,0.000000,0.000000,0.000000,0,0,0,0,0,0,0,0,0,0,0,0.045257568359375,-0.010467529296875,0,0,0,0,0,0,0,0,Object notstarted,Object notstarted,Object notstarted,Object notstarted,Object notstarted,Object notstarted,Object notstarted,Object notstarted,Object notstarted
2024-02-19 19:06:11,787.787,__main___datalogs,INFO,JoyConState.PREP_SNS,0.000000,0.000000,0.000000,0.091547,-0.009155,0.000000,0.000000,0.000000,0.000000,0.000000,0.000000,0,0,0,0,0,0,0,0,0,0,0,0.045257568359375,-0.010467529296875,0,0,0,0,0,0,0,0,Object notstarted,Object notstarted,Object notstarted,Object notstarted,Object notstarted,Object notstarted,Object notstarted,Object notstarted,Object notstarted
2024-02-19 19:06:11,828.828,__main___datalogs,INFO,JoyConState.PREP_SNS,0.000000,0.000000,0.000000,0.091547,-0.009155,0.002289,0.000000,0.000000,0.000000,0.000000,0.000000,0,0,0,0,0,0,0,0,0,0,0,0.045257568359375,-0.010467529296875,0,0,0,0,0,0,0,0,Object notstarted,Object notstarted,Object notstarted,Object notstarted,Object notstarted,Object notstarted,Object notstarted,Object notstarted,Object notstarted
2024-02-19 19:06:11,868.868,__main___datalogs,INFO,JoyConState.PREP_SNS,0.000000,0.000000,0.000000,0.091547,-0.004577,0.002289,0.004577,0.000000,0.000000,0.000000,0.000000,0,0,0,0,0,0,0,0,0,0,0,0.045257568359375,-0.010467529296875,0,0,0,0,0,0,0,0,Object notstarted,Object notstarted,Object notstarted,Object notstarted,Object notstarted,Object notstarted,Object notstarted,Object notstarted,Object notstarted
2024-02-19 19:06:11,909.909,__main___datalogs,INFO,JoyConState.PREP_SNS,0.000000,0.000000,0.000000,0.091547,-0.004577,0.000000,0.004577,0.000000,0.000000,0.000000,0.000000,0,0,0,0,0,0,0,0,0,0,0,0.045257568359375,-0.010467529296875,0,0,0,0,0,0,0,0,Object notstarted,Object notstarted,Object notstarted,Object notstarted,Object notstarted,Object notstarted,Object notstarted,Object notstarted,Object notstarted
2024-02-19 19:06:11,949.949,__main___datalogs,INFO,JoyConState.PREP_SNS,0.000000,0.000000,0.000000,0.091547,-0.004577,0.000000,0.004577,0.000000,0.000000,0.000000,0.000000,0,0,0,0,0,0,0,0,0,0,0,0.045257568359375,-0.010467529296875,0,0,0,0,0,0,0,0,Object notstarted,Object notstarted,Object notstarted,Object notstarted,Object notstarted,Object notstarted,Object notstarted,Object notstarted,Object notstarted
2024-02-19 19:06:11,991.991,__main___datalogs,INFO,JoyConState.PREP_SNS,0.000000,0.000000,0.000000,0.091547,-0.004577,0.000000,0.004577,0.000000,0.000000,0.000000,0.000000,0,0,0,0,0,0,0,0,0,0,0,0.045257568359375,-0.010467529296875,0,0,0,0,0,0,0,0,Object notstarted,Object notstarted,Object notstarted,Object notstarted,Object notstarted,Object notstarted,Object notstarted,Object notstarted,Object notstarted
2024-02-19 19:06:12,031.031,__main___datalogs,INFO,JoyConState.PREP_SNS,0.000000,0.000000,0.000000,0.089258,-0.004577,0.000000,0.004577,0.000000,0.000000,0.000000,0.000000,0,0,0,0,0,0,0,0,0,0,0,0.045257568359375,-0.010467529296875,0,0,0,0,0,0,0,0,Object notstarted,Object notstarted,Object notstarted,Object notstarted,Object notstarted,Object notstarted,Object notstarted,Object notstarted,Object notstarted
2024-02-19 19:06:12,071.071,__main___datalogs,INFO,JoyConState.PREP_SNS,0.000000,0.000000,0.000000,0.091547,-0.009155,0.000000,0.004577,0.000000,0.000000,0.000000,0.000000,0,0,0,0,0,0,0,0,0,0,0,0.045257568359375,-0.010467529296875,0,0,0,0,0,0,0,0,Object notstarted,Object notstarted,Object notstarted,Object notstarted,Object notstarted,Object notstarted,Object notstarted,Object notstarted,Object notstarted
2024-02-19 19:06:12,111.111,__main___datalogs,INFO,JoyConState.PREP_SNS,0.000000,0.000000,0.000000,0.091547,-0.009155,0.002289,0.004577,0.000000,0.000000,0.000000,0.000000,0,0,0,0,0,0,0,0,0,0,0,0.045257568359375,-0.010467529296875,0,0,0,0,0,0,0,0,Object notstarted,Object notstarted,Object notstarted,Object notstarted,Object notstarted,Object notstarted,Object notstarted,Object notstarted,Object notstarted
2024-02-19 19:06:12,153.153,__main___datalogs,INFO,JoyConState.PREP_SNS,0.000000,0.000000,0.000000,0.091547,-0.004577,0.002289,0.004577,0.000000,0.000000,0.000000,0.000000,0,0,0,0,0,0,0,0,0,0,0,0.045257568359375,-0.010467529296875,0,0,0,0,0,0,0,0,Object notstarted,Object notstarted,Object notstarted,Object notstarted,Object notstarted,Object notstarted,Object notstarted,Object notstarted,Object notstarted
2024-02-19 19:06:12,194.194,__main___datalogs,INFO,JoyConState.PREP_SNS,0.000000,0.000000,0.000000,0.091547,-0.011444,0.002289,0.004577,0.000000,0.000000,0.000000,0.000000,0,0,0,0,0,0,0,0,0,0,0,0.045257568359375,-0.010467529296875,0,0,0,0,0,0,0,0,Object notstarted,Object notstarted,Object notstarted,Object notstarted,Object notstarted,Object notstarted,Object notstarted,Object notstarted,Object notstarted
2024-02-19 19:06:12,237.237,__main___datalogs,INFO,JoyConState.PREP_SNS,0.000000,0.000000,0.000000,0.091547,-0.011444,0.002289,0.004577,0.000000,0.000000,0.000000,0.000000,0,0,0,0,0,0,0,0,0,0,0,0.045257568359375,-0.010467529296875,0,0,0,0,0,0,0,0,Object notstarted,Object notstarted,Object notstarted,Object notstarted,Object notstarted,Object notstarted,Object notstarted,Object notstarted,Object notstarted
2024-02-19 19:06:12,275.275,__main___datalogs,INFO,JoyConState.PREP_SNS,0.000000,0.000000,0.000000,0.091547,-0.009155,0.002289,0.004577,0.000000,0.000000,0.000000,0.000000,0,0,0,0,0,0,0,0,0,0,0,0.045257568359375,-0.010467529296875,0,0,0,0,0,0,0,0,Object notstarted,Object notstarted,Object notstarted,Object notstarted,Object notstarted,Object notstarted,Object notstarted,Object notstarted,Object notstarted
2024-02-19 19:06:12,317.317,__main___datalogs,INFO,JoyConState.PREP_SNS,0.000000,0.000000,0.000000,0.096125,-0.009155,0.000000,0.004577,0.000000,0.000000,0.000000,0.000000,0,0,0,0,0,0,0,0,0,0,0,0.045257568359375,-0.010467529296875,0,0,0,0,0,0,0,0,Object notstarted,Object notstarted,Object notstarted,Object notstarted,Object notstarted,Object notstarted,Object notstarted,Object notstarted,Object notstarted
2024-02-19 19:06:12,357.357,__main___datalogs,INFO,JoyConState.PREP_SNS,0.000000,0.000000,0.000000,0.096125,-0.009155,-0.006866,0.004577,0.000000,0.000000,0.000000,0.000000,0,0,0,0,0,0,0,0,0,0,0,0.045257568359375,-0.010467529296875,0,0,0,0,0,0,0,0,Object notstarted,Object notstarted,Object notstarted,Object notstarted,Object notstarted,Object notstarted,Object notstarted,Object notstarted,Object notstarted
2024-02-19 19:06:12,398.398,__main___datalogs,INFO,JoyConState.PREP_SNS,0.000000,0.000000,0.000000,0.096125,-0.009155,0.002289,0.004577,0.000000,0.000000,0.000000,0.000000,0,0,0,0,0,0,0,0,0,0,0,0.045257568359375,-0.010467529296875,0,0,0,0,0,0,0,0,Object notstarted,Object notstarted,Object notstarted,Object notstarted,Object notstarted,Object notstarted,Object notstarted,Object notstarted,Object notstarted
2024-02-19 19:06:12,440.440,__main___datalogs,INFO,JoyConState.PREP_SNS,0.000000,0.000000,0.000000,0.096125,-0.009155,0.002289,0.004577,0.000000,0.000000,0.000000,0.000000,0,0,0,0,0,0,0,0,0,0,0,0.045257568359375,-0.010467529296875,0,0,0,0,0,0,0,0,Object notstarted,Object notstarted,Object notstarted,Object notstarted,Object notstarted,Object notstarted,Object notstarted,Object notstarted,Object notstarted
2024-02-19 19:06:12,481.481,__main___datalogs,INFO,JoyConState.PREP_SNS,0.000000,0.000000,0.000000,0.096125,-0.009155,0.000000,0.004577,0.000000,0.000000,0.000000,0.000000,0,0,0,0,0,0,0,0,0,0,0,0.045257568359375,-0.010467529296875,0,0,0,0,0,0,0,0,Object notstarted,Object notstarted,Object notstarted,Object notstarted,Object notstarted,Object notstarted,Object notstarted,Object notstarted,Object notstarted
2024-02-19 19:06:12,522.522,__main___datalogs,INFO,JoyConState.PREP_SNS,0.000000,0.000000,0.000000,0.096125,-0.009155,0.000000,0.004577,0.000000,0.000000,0.000000,0.000000,0,0,0,0,0,0,0,0,0,0,0,0.045257568359375,-0.010467529296875,0,0,0,0,0,0,0,0,Object notstarted,Object notstarted,Object notstarted,Object notstarted,Object notstarted,Object notstarted,Object notstarted,Object notstarted,Object notstarted
2024-02-19 19:06:12,565.565,__main___datalogs,INFO,JoyConState.PREP_SNS,0.000000,0.000000,0.000000,0.098413,-0.004577,0.000000,0.004577,0.000000,0.000000,0.000000,0.000000,0,0,0,0,0,0,0,0,0,0,0,0.045257568359375,-0.010467529296875,0,0,0,0,0,0,0,0,Object notstarted,Object notstarted,Object notstarted,Object notstarted,Object notstarted,Object notstarted,Object notstarted,Object notstarted,Object notstarted
2024-02-19 19:06:12,628.628,__main___datalogs,INFO,JoyConState.PREP_SNS,0.000000,0.000000,0.000000,0.096125,-0.009155,0.000000,0.004577,0.000000,0.000000,0.000000,0.000000,0,0,0,0,0,0,0,0,0,0,0,0.045257568359375,-0.010467529296875,0,0,0,0,0,0,0,0,Object notstarted,Object notstarted,Object notstarted,Object notstarted,Object notstarted,Object notstarted,Object notstarted,Object notstarted,Object notstarted
2024-02-19 19:06:12,671.671,__main___datalogs,INFO,JoyConState.PREP_SNS,0.000000,0.000000,0.000000,0.091547,-0.004577,0.000000,0.004577,0.000000,0.000000,0.000000,0.000000,0,0,0,0,0,0,0,0,0,0,0,0.045257568359375,-0.010467529296875,0,0,0,0,0,0,0,0,Object notstarted,Object notstarted,Object notstarted,Object notstarted,Object notstarted,Object notstarted,Object notstarted,Object notstarted,Object notstarted
2024-02-19 19:06:12,712.712,__main___datalogs,INFO,JoyConState.PREP_SNS,0.000000,0.000000,0.000000,0.091547,-0.009155,0.000000,0.004577,0.000000,0.000000,0.000000,0.000000,0,0,0,0,0,0,0,0,0,0,0,0.045257568359375,-0.010467529296875,0,0,0,0,0,0,0,0,Object notstarted,Object notstarted,Object notstarted,Object notstarted,Object notstarted,Object notstarted,Object notstarted,Object notstarted,Object notstarted
2024-02-19 19:06:12,755.755,__main___datalogs,INFO,JoyConState.PREP_SNS,0.000000,0.000000,0.000000,0.091547,-0.009155,0.000000,0.004577,0.000000,0.000000,0.000000,0.000000,0,0,0,0,0,0,0,0,0,0,0,0.045257568359375,-0.010467529296875,0,0,0,0,0,0,0,0,Object notstarted,Object notstarted,Object notstarted,Object notstarted,Object notstarted,Object notstarted,Object notstarted,Object notstarted,Object notstarted
2024-02-19 19:06:12,796.796,__main___datalogs,INFO,JoyConState.PREP_SNS,0.000000,0.000000,0.000000,0.091547,-0.009155,0.000000,0.004577,0.000000,0.000000,0.000000,0.000000,0,0,0,0,0,0,0,0,0,0,0,0.045257568359375,-0.010467529296875,0,0,0,0,0,0,0,0,Object notstarted,Object notstarted,Object notstarted,Object notstarted,Object notstarted,Object notstarted,Object notstarted,Object notstarted,Object notstarted
2024-02-19 19:06:12,839.839,__main___datalogs,INFO,JoyConState.PREP_SNS,0.000000,0.000000,0.000000,0.096125,-0.009155,0.000000,0.004577,0.000000,0.000000,0.000000,0.000000,0,0,0,0,0,0,0,0,0,0,0,0.045257568359375,-0.010467529296875,0,0,0,0,0,0,0,0,Object notstarted,Object notstarted,Object notstarted,Object notstarted,Object notstarted,Object notstarted,Object notstarted,Object notstarted,Object notstarted
2024-02-19 19:06:12,880.880,__main___datalogs,INFO,JoyConState.PREP_SNS,0.000000,0.000000,0.000000,0.096125,-0.009155,0.002289,0.004577,0.000000,0.000000,0.000000,0.000000,0,0,0,0,0,0,0,0,0,0,0,0.045257568359375,-0.010467529296875,0,0,0,0,0,0,0,0,Object notstarted,Object notstarted,Object notstarted,Object notstarted,Object notstarted,Object notstarted,Object notstarted,Object notstarted,Object notstarted
2024-02-19 19:06:12,923.923,__main___datalogs,INFO,JoyConState.PREP_SNS,0.000000,0.000000,0.000000,0.096125,-0.009155,0.002289,0.004577,0.000000,0.000000,0.000000,0.000000,0,0,0,0,0,0,0,0,0,0,0,0.045257568359375,-0.010467529296875,0,0,0,0,0,0,0,0,Object notstarted,Object notstarted,Object notstarted,Object notstarted,Object notstarted,Object notstarted,Object notstarted,Object notstarted,Object notstarted
2024-02-19 19:06:12,963.963,__main___datalogs,INFO,JoyConState.PREP_SNS,0.000000,0.000000,0.000000,0.096125,-0.009155,0.000000,0.000000,0.000000,0.000000,0.000000,0.000000,0,0,0,0,0,0,0,0,0,0,0,0.045257568359375,-0.010467529296875,0,0,0,0,0,0,0,0,Object notstarted,Object notstarted,Object notstarted,Object notstarted,Object notstarted,Object notstarted,Object notstarted,Object notstarted,Object notstarted
2024-02-19 19:06:13,005.005,__main___datalogs,INFO,JoyConState.PREP_SNS,0.000000,0.000000,0.000000,0.096125,-0.004577,0.000000,0.000000,0.000000,0.000000,0.000000,0.000000,0,0,0,0,0,0,0,0,0,0,0,0.045257568359375,-0.010467529296875,0,0,0,0,0,0,0,0,Object notstarted,Object notstarted,Object notstarted,Object notstarted,Object notstarted,Object notstarted,Object notstarted,Object notstarted,Object notstarted
2024-02-19 19:06:13,046.046,__main___datalogs,INFO,JoyConState.PREP_SNS,0.000000,0.000000,0.000000,0.091547,-0.004577,0.000000,0.004577,0.000000,0.000000,0.000000,0.000000,0,0,0,0,0,0,0,0,0,0,0,0.045257568359375,-0.010467529296875,0,0,0,0,0,0,0,0,Object notstarted,Object notstarted,Object notstarted,Object notstarted,Object notstarted,Object notstarted,Object notstarted,Object notstarted,Object notstarted
2024-02-19 19:06:13,086.086,__main___datalogs,INFO,JoyConState.PREP_SNS,0.000000,0.000000,0.000000,0.091547,-0.004577,0.000000,0.004577,0.000000,0.000000,0.000000,0.000000,0,0,0,0,0,0,0,0,0,0,0,0.045257568359375,-0.010467529296875,0,0,0,0,0,0,0,0,Object notstarted,Object notstarted,Object notstarted,Object notstarted,Object notstarted,Object notstarted,Object notstarted,Object notstarted,Object notstarted
2024-02-19 19:06:13,126.126,__main___datalogs,INFO,JoyConState.PREP_SNS,0.000000,0.000000,0.000000,0.091547,-0.004577,0.000000,0.000000,0.000000,0.000000,0.000000,0.000000,0,0,0,0,0,0,0,0,0,0,0,0.045257568359375,-0.010467529296875,0,0,0,0,0,0,0,0,Object notstarted,Object notstarted,Object notstarted,Object notstarted,Object notstarted,Object notstarted,Object notstarted,Object notstarted,Object notstarted
2024-02-19 19:06:13,169.169,__main___datalogs,INFO,JoyConState.PREP_SNS,0.000000,0.000000,0.000000,0.091547,-0.009155,0.000000,0.004577,0.000000,0.000000,0.000000,0.000000,0,0,0,0,0,0,0,0,0,0,0,0.045257568359375,-0.010467529296875,0,0,0,0,0,0,0,0,Object notstarted,Object notstarted,Object notstarted,Object notstarted,Object notstarted,Object notstarted,Object notstarted,Object notstarted,Object notstarted
2024-02-19 19:06:13,210.210,__main___datalogs,INFO,JoyConState.PREP_SNS,0.000000,0.000000,0.000000,0.091547,-0.009155,0.000000,0.004577,0.000000,0.000000,0.000000,0.000000,0,0,0,0,0,0,0,0,0,0,0,0.045257568359375,-0.010467529296875,0,0,0,0,0,0,0,0,Object notstarted,Object notstarted,Object notstarted,Object notstarted,Object notstarted,Object notstarted,Object notstarted,Object notstarted,Object notstarted
2024-02-19 19:06:13,252.252,__main___datalogs,INFO,JoyConState.PREP_SNS,0.000000,0.000000,0.000000,0.091547,-0.011444,-0.006866,0.004577,0.000000,0.000000,0.000000,0.000000,0,0,0,0,0,0,0,0,0,0,0,0.045257568359375,-0.010467529296875,0,0,0,0,0,0,0,0,Object notstarted,Object notstarted,Object notstarted,Object notstarted,Object notstarted,Object notstarted,Object notstarted,Object notstarted,Object notstarted
2024-02-19 19:06:13,292.292,__main___datalogs,INFO,JoyConState.PREP_SNS,0.000000,0.000000,0.000000,0.091547,-0.004577,0.000000,0.004577,0.000000,0.000000,0.000000,0.000000,0,0,0,0,0,0,0,0,0,0,0,0.045257568359375,-0.010467529296875,0,0,0,0,0,0,0,0,Object notstarted,Object notstarted,Object notstarted,Object notstarted,Object notstarted,Object notstarted,Object notstarted,Object notstarted,Object notstarted
2024-02-19 19:06:13,334.334,__main___datalogs,INFO,JoyConState.PREP_SNS,0.000000,0.000000,0.000000,0.091547,-0.004577,0.000000,0.004577,0.000000,0.000000,0.000000,0.000000,0,0,0,0,0,0,0,0,0,0,0,0.045257568359375,-0.010467529296875,0,0,0,0,0,0,0,0,Object notstarted,Object notstarted,Object notstarted,Object notstarted,Object notstarted,Object notstarted,Object notstarted,Object notstarted,Object notstarted
2024-02-19 19:06:13,374.374,__main___datalogs,INFO,JoyConState.PREP_SNS,0.000000,0.000000,0.000000,0.091547,-0.004577,0.000000,0.004577,0.000000,0.000000,0.000000,0.000000,0,0,0,0,0,0,0,0,0,0,0,0.045257568359375,-0.010467529296875,0,0,0,0,0,0,0,0,Object notstarted,Object notstarted,Object notstarted,Object notstarted,Object notstarted,Object notstarted,Object notstarted,Object notstarted,Object notstarted
2024-02-19 19:06:13,416.416,__main___datalogs,INFO,JoyConState.PREP_SNS,0.000000,0.000000,0.000000,0.089258,-0.004577,0.000000,0.004577,0.000000,0.000000,0.000000,0.000000,0,0,0,0,0,0,0,0,0,0,0,0.045257568359375,-0.010467529296875,0,0,0,0,0,0,0,0,Object notstarted,Object notstarted,Object notstarted,Object notstarted,Object notstarted,Object notstarted,Object notstarted,Object notstarted,Object notstarted
2024-02-19 19:06:13,458.458,__main___datalogs,INFO,JoyConState.PREP_SNS,0.000000,0.000000,0.000000,0.091547,-0.004577,0.000000,0.004577,0.000000,0.000000,0.000000,0.000000,0,0,0,0,0,0,0,0,0,0,0,0.045257568359375,-0.010467529296875,0,0,0,0,0,0,0,0,Object notstarted,Object notstarted,Object notstarted,Object notstarted,Object notstarted,Object notstarted,Object notstarted,Object notstarted,Object notstarted
2024-02-19 19:06:13,501.501,__main___datalogs,INFO,JoyConState.PREP_SNS,0.000000,0.000000,0.000000,0.091547,-0.011444,0.000000,0.006866,0.000000,0.000000,0.000000,0.000000,0,0,0,0,0,0,0,0,0,0,0,0.045257568359375,-0.010467529296875,0,0,0,0,0,0,0,0,Object notstarted,Object notstarted,Object notstarted,Object notstarted,Object notstarted,Object notstarted,Object notstarted,Object notstarted,Object notstarted
2024-02-19 19:06:13,541.541,__main___datalogs,INFO,JoyConState.PREP_SNS,0.000000,0.000000,0.000000,0.096125,-0.009155,0.000000,0.004577,0.000000,0.000000,0.000000,0.000000,0,0,0,0,0,0,0,0,0,0,0,0.045257568359375,-0.010467529296875,0,0,0,0,0,0,0,0,Object notstarted,Object notstarted,Object notstarted,Object notstarted,Object notstarted,Object notstarted,Object notstarted,Object notstarted,Object notstarted
2024-02-19 19:06:13,584.584,__main___datalogs,INFO,JoyConState.PREP_SNS,0.000000,0.000000,0.000000,0.096125,-0.009155,0.000000,0.004577,0.000000,0.000000,0.000000,0.000000,0,0,0,0,0,0,0,0,0,0,0,0.045257568359375,-0.010467529296875,0,0,0,0,0,0,0,0,Object notstarted,Object notstarted,Object notstarted,Object notstarted,Object notstarted,Object notstarted,Object notstarted,Object notstarted,Object notstarted
2024-02-19 19:06:13,625.625,__main___datalogs,INFO,JoyConState.PREP_SNS,0.000000,0.000000,0.000000,0.096125,-0.004577,0.000000,0.004577,0.000000,0.000000,0.000000,0.000000,0,0,0,0,0,0,0,0,0,0,0,0.045257568359375,-0.010467529296875,0,0,0,0,0,0,0,0,Object notstarted,Object notstarted,Object notstarted,Object notstarted,Object notstarted,Object notstarted,Object notstarted,Object notstarted,Object notstarted
2024-02-19 19:06:13,676.676,__main___datalogs,INFO,JoyConState.PREP_SNS,0.000000,0.000000,0.000000,0.091547,-0.009155,0.000000,0.004577,0.000000,0.000000,0.000000,0.000000,0,0,0,0,0,0,0,0,0,0,0,0.045257568359375,-0.010467529296875,0,0,0,0,0,0,0,0,Object notstarted,Object notstarted,Object notstarted,Object notstarted,Object notstarted,Object notstarted,Object notstarted,Object notstarted,Object notstarted
2024-02-19 19:06:13,719.719,__main___datalogs,INFO,JoyConState.PREP_SNS,0.000000,0.000000,0.000000,0.091547,-0.004577,0.000000,0.004577,0.000000,0.000000,0.000000,0.000000,0,0,0,0,0,0,0,0,0,0,0,0.045257568359375,-0.010467529296875,0,0,0,0,0,0,0,0,Object notstarted,Object notstarted,Object notstarted,Object notstarted,Object notstarted,Object notstarted,Object notstarted,Object notstarted,Object notstarted
2024-02-19 19:06:13,761.761,__main___datalogs,INFO,JoyConState.PREP_SNS,0.000000,0.000000,0.000000,0.091547,-0.011444,0.000000,0.004577,0.000000,0.000000,0.000000,0.000000,0,0,0,0,0,0,0,0,0,0,0,0.045257568359375,-0.010467529296875,0,0,0,0,0,0,0,0,Object notstarted,Object notstarted,Object notstarted,Object notstarted,Object notstarted,Object notstarted,Object notstarted,Object notstarted,Object notstarted
2024-02-19 19:06:13,801.801,__main___datalogs,INFO,JoyConState.PREP_SNS,0.000000,0.000000,0.000000,0.089258,-0.009155,0.000000,0.004577,0.000000,0.000000,0.000000,0.000000,0,0,0,0,0,0,0,0,0,0,0,0.045257568359375,-0.010467529296875,0,0,0,0,0,0,0,0,Object notstarted,Object notstarted,Object notstarted,Object notstarted,Object notstarted,Object notstarted,Object notstarted,Object notstarted,Object notstarted
2024-02-19 19:06:13,843.843,__main___datalogs,INFO,JoyConState.PREP_SNS,0.000000,0.000000,0.000000,0.091547,-0.009155,0.000000,0.004577,0.000000,0.000000,0.000000,0.000000,0,0,0,0,0,0,0,0,0,0,0,0.045257568359375,-0.010467529296875,0,0,0,0,0,0,0,0,Object notstarted,Object notstarted,Object notstarted,Object notstarted,Object notstarted,Object notstarted,Object notstarted,Object notstarted,Object notstarted
2024-02-19 19:06:13,884.884,__main___datalogs,INFO,JoyConState.PREP_SNS,0.000000,0.000000,0.000000,0.096125,-0.004577,0.000000,0.004577,0.000000,0.000000,0.000000,0.000000,0,0,0,0,0,0,0,0,0,0,0,0.045257568359375,-0.010467529296875,0,0,0,0,0,0,0,0,Object notstarted,Object notstarted,Object notstarted,Object notstarted,Object notstarted,Object notstarted,Object notstarted,Object notstarted,Object notstarted
2024-02-19 19:06:13,925.925,__main___datalogs,INFO,JoyConState.PREP_SNS,0.000000,0.000000,0.000000,0.096125,-0.004577,0.000000,0.004577,0.000000,0.000000,0.000000,0.000000,0,0,0,0,0,0,0,0,0,0,0,0.045257568359375,-0.010467529296875,0,0,0,0,0,0,0,0,Object notstarted,Object notstarted,Object notstarted,Object notstarted,Object notstarted,Object notstarted,Object notstarted,Object notstarted,Object notstarted
2024-02-19 19:06:13,963.963,__main___datalogs,INFO,JoyConState.PREP_SNS,0.000000,0.000000,0.000000,0.096125,-0.004577,0.000000,0.004577,0.000000,0.000000,0.000000,0.000000,0,0,0,0,0,0,0,0,0,0,0,0.045257568359375,-0.010467529296875,0,0,0,0,0,0,0,0,Object notstarted,Object notstarted,Object notstarted,Object notstarted,Object notstarted,Object notstarted,Object notstarted,Object notstarted,Object notstarted
2024-02-19 19:06:14,004.004,__main___datalogs,INFO,JoyConState.PREP_SNS,0.000000,0.000000,0.000000,0.096125,-0.004577,0.000000,0.004577,0.000000,0.000000,0.000000,0.000000,0,0,0,0,0,0,0,0,0,0,0,0.045257568359375,-0.010467529296875,0,0,0,0,0,0,0,0,Object notstarted,Object notstarted,Object notstarted,Object notstarted,Object notstarted,Object notstarted,Object notstarted,Object notstarted,Object notstarted
2024-02-19 19:06:14,044.044,__main___datalogs,INFO,JoyConState.PREP_SNS,0.000000,0.000000,0.000000,0.091547,-0.009155,-0.006866,0.004577,0.000000,0.000000,0.000000,0.000000,0,0,0,0,0,0,0,0,0,0,0,0.045257568359375,-0.010467529296875,0,0,0,0,0,0,0,0,Object notstarted,Object notstarted,Object notstarted,Object notstarted,Object notstarted,Object notstarted,Object notstarted,Object notstarted,Object notstarted
2024-02-19 19:06:14,086.086,__main___datalogs,INFO,JoyConState.PREP_SNS,0.000000,0.000000,0.000000,0.091547,-0.004577,0.000000,0.004577,0.000000,0.000000,0.000000,0.000000,0,0,0,0,0,0,0,0,0,0,0,0.045257568359375,-0.010467529296875,0,0,0,0,0,0,0,0,Object notstarted,Object notstarted,Object notstarted,Object notstarted,Object notstarted,Object notstarted,Object notstarted,Object notstarted,Object notstarted
2024-02-19 19:06:14,128.128,__main___datalogs,INFO,JoyConState.PREP_SNS,0.000000,0.000000,0.000000,0.096125,-0.009155,0.000000,0.004577,0.000000,0.000000,0.000000,0.000000,0,0,0,0,0,0,0,0,0,0,0,0.045257568359375,-0.010467529296875,0,0,0,0,0,0,0,0,Object notstarted,Object notstarted,Object notstarted,Object notstarted,Object notstarted,Object notstarted,Object notstarted,Object notstarted,Object notstarted
2024-02-19 19:06:14,171.171,__main___datalogs,INFO,JoyConState.PREP_SNS,0.000000,0.000000,0.000000,0.096125,-0.009155,0.000000,0.004577,0.000000,0.000000,0.000000,0.000000,0,0,0,0,0,0,0,0,0,0,0,0.045257568359375,-0.010467529296875,0,0,0,0,0,0,0,0,Object notstarted,Object notstarted,Object notstarted,Object notstarted,Object notstarted,Object notstarted,Object notstarted,Object notstarted,Object notstarted
2024-02-19 19:06:14,213.213,__main___datalogs,INFO,JoyConState.PREP_SNS,0.000000,0.000000,0.000000,0.096125,-0.004577,0.000000,0.004577,0.000000,0.000000,0.000000,0.000000,0,0,0,0,0,0,0,0,0,0,0,0.045257568359375,-0.010467529296875,0,0,0,0,0,0,0,0,Object notstarted,Object notstarted,Object notstarted,Object notstarted,Object notstarted,Object notstarted,Object notstarted,Object notstarted,Object notstarted
2024-02-19 19:06:14,255.255,__main___datalogs,INFO,JoyConState.PREP_SNS,0.000000,0.000000,0.000000,0.096125,-0.004577,0.000000,0.004577,0.000000,0.000000,0.000000,0.000000,0,0,0,0,0,0,0,0,0,0,0,0.045257568359375,-0.010467529296875,0,0,0,0,0,0,0,0,Object notstarted,Object notstarted,Object notstarted,Object notstarted,Object notstarted,Object notstarted,Object notstarted,Object notstarted,Object notstarted
2024-02-19 19:06:14,295.295,__main___datalogs,INFO,JoyConState.PREP_SNS,0.000000,0.000000,0.000000,0.091547,-0.009155,0.000000,0.004577,0.000000,0.000000,0.000000,0.000000,0,0,0,0,0,0,0,0,0,0,0,0.045257568359375,-0.010467529296875,0,0,0,0,0,0,0,0,Object notstarted,Object notstarted,Object notstarted,Object notstarted,Object notstarted,Object notstarted,Object notstarted,Object notstarted,Object notstarted
2024-02-19 19:06:14,338.338,__main___datalogs,INFO,JoyConState.PREP_SNS,0.000000,0.000000,0.000000,0.089258,-0.009155,0.000000,0.004577,0.000000,0.000000,0.000000,0.000000,0,0,0,0,0,0,0,0,0,0,0,0.045257568359375,-0.010467529296875,0,0,0,0,0,0,0,0,Object notstarted,Object notstarted,Object notstarted,Object notstarted,Object notstarted,Object notstarted,Object notstarted,Object notstarted,Object notstarted
2024-02-19 19:06:14,378.378,__main___datalogs,INFO,JoyConState.PREP_SNS,0.000000,0.000000,0.000000,0.091547,-0.004577,0.000000,0.004577,0.000000,0.000000,0.000000,0.000000,0,0,0,0,0,0,0,0,0,0,0,0.045257568359375,-0.010467529296875,0,0,0,0,0,0,0,0,Object notstarted,Object notstarted,Object notstarted,Object notstarted,Object notstarted,Object notstarted,Object notstarted,Object notstarted,Object notstarted
2024-02-19 19:06:14,419.419,__main___datalogs,INFO,JoyConState.PREP_SNS,0.000000,0.000000,0.000000,0.091547,-0.009155,0.000000,0.000000,0.000000,0.000000,0.000000,0.000000,0,0,0,0,0,0,0,0,0,0,0,0.045257568359375,-0.010467529296875,0,0,0,0,0,0,0,0,Object notstarted,Object notstarted,Object notstarted,Object notstarted,Object notstarted,Object notstarted,Object notstarted,Object notstarted,Object notstarted
2024-02-19 19:06:14,459.459,__main___datalogs,INFO,JoyConState.PREP_SNS,0.000000,0.000000,0.000000,0.091547,-0.009155,0.000000,0.000000,0.000000,0.000000,0.000000,0.000000,0,0,0,0,0,0,0,0,0,0,0,0.045257568359375,-0.010467529296875,0,0,0,0,0,0,0,0,Object notstarted,Object notstarted,Object notstarted,Object notstarted,Object notstarted,Object notstarted,Object notstarted,Object notstarted,Object notstarted
2024-02-19 19:06:14,500.500,__main___datalogs,INFO,JoyConState.PREP_SNS,0.000000,0.000000,0.000000,0.091547,-0.009155,0.002289,0.000000,0.000000,0.000000,0.000000,0.000000,0,0,0,0,0,0,0,0,0,0,0,0.045257568359375,-0.010467529296875,0,0,0,0,0,0,0,0,Object notstarted,Object notstarted,Object notstarted,Object notstarted,Object notstarted,Object notstarted,Object notstarted,Object notstarted,Object notstarted
2024-02-19 19:06:14,540.540,__main___datalogs,INFO,JoyConState.PREP_SNS,0.000000,0.000000,0.000000,0.091547,-0.009155,0.002289,0.004577,0.000000,0.000000,0.000000,0.000000,0,0,0,0,0,0,0,0,0,0,0,0.045257568359375,-0.010467529296875,0,0,0,0,0,0,0,0,Object notstarted,Object notstarted,Object notstarted,Object notstarted,Object notstarted,Object notstarted,Object notstarted,Object notstarted,Object notstarted
2024-02-19 19:06:14,583.583,__main___datalogs,INFO,JoyConState.PREP_SNS,0.000000,0.000000,0.000000,0.096125,-0.004577,0.002289,0.004577,0.000000,0.000000,0.000000,0.000000,0,0,0,0,0,0,0,0,0,0,0,0.045257568359375,-0.010467529296875,0,0,0,0,0,0,0,0,Object notstarted,Object notstarted,Object notstarted,Object notstarted,Object notstarted,Object notstarted,Object notstarted,Object notstarted,Object notstarted
2024-02-19 19:06:14,624.624,__main___datalogs,INFO,JoyConState.PREP_SNS,0.000000,0.000000,0.000000,0.096125,-0.004577,0.000000,0.004577,0.000000,0.000000,0.000000,0.000000,0,0,0,0,0,0,0,0,0,0,0,0.045257568359375,-0.010467529296875,0,0,0,0,0,0,0,0,Object notstarted,Object notstarted,Object notstarted,Object notstarted,Object notstarted,Object notstarted,Object notstarted,Object notstarted,Object notstarted
2024-02-19 19:06:14,663.663,__main___datalogs,INFO,JoyConState.PREP_SNS,0.000000,0.000000,0.000000,0.096125,-0.009155,0.002289,0.004577,0.000000,0.000000,0.000000,0.000000,0,0,0,0,0,0,0,0,0,0,0,0.045257568359375,-0.010467529296875,0,0,0,0,0,0,0,0,Object notstarted,Object notstarted,Object notstarted,Object notstarted,Object notstarted,Object notstarted,Object notstarted,Object notstarted,Object notstarted
2024-02-19 19:06:14,705.705,__main___datalogs,INFO,JoyConState.PREP_SNS,0.000000,0.000000,0.000000,0.096125,-0.004577,0.000000,0.004577,0.000000,0.000000,0.000000,0.000000,0,0,0,0,0,0,0,0,0,0,0,0.045257568359375,-0.010467529296875,0,0,0,0,0,0,0,0,Object notstarted,Object notstarted,Object notstarted,Object notstarted,Object notstarted,Object notstarted,Object notstarted,Object notstarted,Object notstarted
2024-02-19 19:06:14,746.746,__main___datalogs,INFO,JoyConState.PREP_SNS,0.000000,0.000000,0.000000,0.091547,-0.004577,0.000000,0.004577,0.000000,0.000000,0.000000,0.000000,0,0,0,0,0,0,0,0,0,0,0,0.045257568359375,-0.010467529296875,0,0,0,0,0,0,0,0,Object notstarted,Object notstarted,Object notstarted,Object notstarted,Object notstarted,Object notstarted,Object notstarted,Object notstarted,Object notstarted
2024-02-19 19:06:14,790.790,__main___datalogs,INFO,JoyConState.PREP_SNS,0.000000,0.000000,0.000000,0.091547,-0.004577,0.000000,0.004577,0.000000,0.000000,0.000000,0.000000,0,0,0,0,0,0,0,0,0,0,0,0.045257568359375,-0.010467529296875,0,0,0,0,0,0,0,0,Object notstarted,Object notstarted,Object notstarted,Object notstarted,Object notstarted,Object notstarted,Object notstarted,Object notstarted,Object notstarted
2024-02-19 19:06:14,833.833,__main___datalogs,INFO,JoyConState.PREP_SNS,0.000000,0.000000,0.000000,0.091547,-0.004577,0.000000,0.004577,0.000000,0.000000,0.000000,0.000000,0,0,0,0,0,0,0,0,0,0,0,0.045257568359375,-0.010467529296875,0,0,0,0,0,0,0,0,Object notstarted,Object notstarted,Object notstarted,Object notstarted,Object notstarted,Object notstarted,Object notstarted,Object notstarted,Object notstarted
2024-02-19 19:06:14,873.873,__main___datalogs,INFO,JoyConState.PREP_SNS,0.000000,0.000000,0.000000,0.091547,-0.004577,0.000000,0.004577,0.000000,0.000000,0.000000,0.000000,0,0,0,0,0,0,0,0,0,0,0,0.045257568359375,-0.010467529296875,0,0,0,0,0,0,0,0,Object notstarted,Object notstarted,Object notstarted,Object notstarted,Object notstarted,Object notstarted,Object notstarted,Object notstarted,Object notstarted
2024-02-19 19:06:14,916.916,__main___datalogs,INFO,JoyConState.PREP_SNS,0.000000,0.000000,0.000000,0.091547,-0.009155,0.000000,0.004577,0.000000,0.000000,0.000000,0.000000,0,0,0,0,0,0,0,0,0,0,0,0.045257568359375,-0.010467529296875,0,0,0,0,0,0,0,0,Object notstarted,Object notstarted,Object notstarted,Object notstarted,Object notstarted,Object notstarted,Object notstarted,Object notstarted,Object notstarted
2024-02-19 19:06:14,956.956,__main___datalogs,INFO,JoyConState.PREP_SNS,0.000000,0.000000,0.000000,0.096125,-0.004577,0.000000,0.006866,0.000000,0.000000,0.000000,0.000000,0,0,0,0,0,0,0,0,0,0,0,0.045257568359375,-0.010467529296875,0,0,0,0,0,0,0,0,Object notstarted,Object notstarted,Object notstarted,Object notstarted,Object notstarted,Object notstarted,Object notstarted,Object notstarted,Object notstarted
2024-02-19 19:06:14,997.997,__main___datalogs,INFO,JoyConState.PREP_SNS,0.000000,0.000000,0.000000,0.096125,-0.009155,0.002289,0.004577,0.000000,0.000000,0.000000,0.000000,0,0,0,0,0,0,0,0,0,0,0,0.045257568359375,-0.010467529296875,0,0,0,0,0,0,0,0,Object notstarted,Object notstarted,Object notstarted,Object notstarted,Object notstarted,Object notstarted,Object notstarted,Object notstarted,Object notstarted
2024-02-19 19:06:15,039.039,__main___datalogs,INFO,JoyConState.PREP_SNS,0.000000,0.000000,0.000000,0.091547,-0.009155,0.000000,0.000000,0.000000,0.000000,0.000000,0.000000,0,0,0,0,0,0,0,0,0,0,0,0.045257568359375,-0.010467529296875,0,0,0,0,0,0,0,0,Object notstarted,Object notstarted,Object notstarted,Object notstarted,Object notstarted,Object notstarted,Object notstarted,Object notstarted,Object notstarted
2024-02-19 19:06:15,090.090,__main___datalogs,INFO,JoyConState.PREP_SNS,0.000000,0.000000,0.000000,0.091547,-0.011444,0.000000,0.004577,0.000000,0.000000,0.000000,0.000000,0,0,0,0,0,0,0,0,0,0,0,0.045257568359375,-0.010467529296875,0,0,0,0,0,0,0,0,Object notstarted,Object notstarted,Object notstarted,Object notstarted,Object notstarted,Object notstarted,Object notstarted,Object notstarted,Object notstarted
2024-02-19 19:06:15,134.134,__main___datalogs,INFO,JoyConState.PREP_SNS,0.000000,0.000000,0.000000,0.091547,-0.004577,0.000000,0.004577,0.000000,0.000000,0.000000,0.000000,0,0,0,0,0,0,0,0,0,0,0,0.045257568359375,-0.010467529296875,0,0,0,0,0,0,0,0,Object notstarted,Object notstarted,Object notstarted,Object notstarted,Object notstarted,Object notstarted,Object notstarted,Object notstarted,Object notstarted
2024-02-19 19:06:15,176.176,__main___datalogs,INFO,JoyConState.PREP_SNS,0.000000,0.000000,0.000000,0.091547,-0.004577,0.002289,0.004577,0.000000,0.000000,0.000000,0.000000,0,0,0,0,0,0,0,0,0,0,0,0.045257568359375,-0.010467529296875,0,0,0,0,0,0,0,0,Object notstarted,Object notstarted,Object notstarted,Object notstarted,Object notstarted,Object notstarted,Object notstarted,Object notstarted,Object notstarted
2024-02-19 19:06:15,218.218,__main___datalogs,INFO,JoyConState.PREP_SNS,0.000000,0.000000,0.000000,0.091547,-0.009155,0.002289,0.004577,0.000000,0.000000,0.000000,0.000000,0,0,0,0,0,0,0,0,0,0,0,0.045257568359375,-0.010467529296875,0,0,0,0,0,0,0,0,Object notstarted,Object notstarted,Object notstarted,Object notstarted,Object notstarted,Object notstarted,Object notstarted,Object notstarted,Object notstarted
2024-02-19 19:06:15,259.259,__main___datalogs,INFO,JoyConState.PREP_SNS,0.000000,0.000000,0.000000,0.091547,-0.009155,0.002289,0.004577,0.000000,0.000000,0.000000,0.000000,0,0,0,0,0,0,0,0,0,0,0,0.045257568359375,-0.010467529296875,0,0,0,0,0,0,0,0,Object notstarted,Object notstarted,Object notstarted,Object notstarted,Object notstarted,Object notstarted,Object notstarted,Object notstarted,Object notstarted
2024-02-19 19:06:15,300.300,__main___datalogs,INFO,JoyConState.PREP_SNS,0.000000,0.000000,0.000000,0.096125,-0.004577,0.000000,0.004577,0.000000,0.000000,0.000000,0.000000,0,0,0,0,0,0,0,0,0,0,0,0.045257568359375,-0.010467529296875,0,0,0,0,0,0,0,0,Object notstarted,Object notstarted,Object notstarted,Object notstarted,Object notstarted,Object notstarted,Object notstarted,Object notstarted,Object notstarted
2024-02-19 19:06:15,342.342,__main___datalogs,INFO,JoyConState.PREP_SNS,0.000000,0.000000,0.000000,0.096125,-0.009155,0.000000,0.004577,0.000000,0.000000,0.000000,0.000000,0,0,0,0,0,0,0,0,0,0,0,0.045257568359375,-0.010467529296875,0,0,0,0,0,0,0,0,Object notstarted,Object notstarted,Object notstarted,Object notstarted,Object notstarted,Object notstarted,Object notstarted,Object notstarted,Object notstarted
2024-02-19 19:06:15,382.382,__main___datalogs,INFO,JoyConState.PREP_SNS,0.000000,0.000000,0.000000,0.091547,-0.004577,0.000000,0.004577,0.000000,0.000000,0.000000,0.000000,0,0,0,0,0,0,0,0,0,0,0,0.045257568359375,-0.010467529296875,0,0,0,0,0,0,0,0,Object notstarted,Object notstarted,Object notstarted,Object notstarted,Object notstarted,Object notstarted,Object notstarted,Object notstarted,Object notstarted
2024-02-19 19:06:15,424.424,__main___datalogs,INFO,JoyConState.PREP_SNS,0.000000,0.000000,0.000000,0.091547,-0.004577,0.000000,0.004577,0.000000,0.000000,0.000000,0.000000,0,0,0,0,0,0,0,0,0,0,0,0.045257568359375,-0.010467529296875,0,0,0,0,0,0,0,0,Object notstarted,Object notstarted,Object notstarted,Object notstarted,Object notstarted,Object notstarted,Object notstarted,Object notstarted,Object notstarted
2024-02-19 19:06:15,466.466,__main___datalogs,INFO,JoyConState.PREP_SNS,0.000000,0.000000,0.000000,0.089258,-0.009155,0.000000,0.006866,0.000000,0.000000,0.000000,0.000000,0,0,0,0,0,0,0,0,0,0,0,0.045257568359375,-0.010467529296875,0,0,0,0,0,0,0,0,Object notstarted,Object notstarted,Object notstarted,Object notstarted,Object notstarted,Object notstarted,Object notstarted,Object notstarted,Object notstarted
2024-02-19 19:06:15,508.508,__main___datalogs,INFO,JoyConState.PREP_SNS,0.000000,0.000000,0.000000,0.091547,-0.004577,0.002289,0.004577,0.000000,0.000000,0.000000,0.000000,0,0,0,0,0,0,0,0,0,0,0,0.045257568359375,-0.010467529296875,0,0,0,0,0,0,0,0,Object notstarted,Object notstarted,Object notstarted,Object notstarted,Object notstarted,Object notstarted,Object notstarted,Object notstarted,Object notstarted
2024-02-19 19:06:15,550.550,__main___datalogs,INFO,JoyConState.PREP_SNS,0.000000,0.000000,0.000000,0.091547,-0.004577,0.000000,0.000000,0.000000,0.000000,0.000000,0.000000,0,0,0,0,0,0,0,0,0,0,0,0.045257568359375,-0.010467529296875,0,0,0,0,0,0,0,0,Object notstarted,Object notstarted,Object notstarted,Object notstarted,Object notstarted,Object notstarted,Object notstarted,Object notstarted,Object notstarted
2024-02-19 19:06:15,592.592,__main___datalogs,INFO,JoyConState.PREP_SNS,0.000000,0.000000,0.000000,0.091547,-0.004577,0.000000,0.004577,0.000000,0.000000,0.000000,0.000000,0,0,0,0,0,0,0,0,0,0,0,0.045257568359375,-0.010467529296875,0,0,0,0,0,0,0,0,Object notstarted,Object notstarted,Object notstarted,Object notstarted,Object notstarted,Object notstarted,Object notstarted,Object notstarted,Object notstarted
2024-02-19 19:06:15,634.634,__main___datalogs,INFO,JoyConState.PREP_SNS,0.000000,0.000000,0.000000,0.091547,-0.004577,0.000000,0.004577,0.000000,0.000000,0.000000,0.000000,0,0,0,0,0,0,0,0,0,0,0,0.045257568359375,-0.010467529296875,0,0,0,0,0,0,0,0,Object notstarted,Object notstarted,Object notstarted,Object notstarted,Object notstarted,Object notstarted,Object notstarted,Object notstarted,Object notstarted
2024-02-19 19:06:15,675.675,__main___datalogs,INFO,JoyConState.PREP_SNS,0.000000,0.000000,0.000000,0.091547,-0.009155,0.000000,0.004577,0.000000,0.000000,0.000000,0.000000,0,0,0,0,0,0,0,0,0,0,0,0.045257568359375,-0.010467529296875,0,0,0,0,0,0,0,0,Object notstarted,Object notstarted,Object notstarted,Object notstarted,Object notstarted,Object notstarted,Object notstarted,Object notstarted,Object notstarted
2024-02-19 19:06:15,717.717,__main___datalogs,INFO,JoyConState.PREP_SNS,0.000000,0.000000,0.000000,0.091547,-0.011444,0.000000,0.004577,0.000000,0.000000,0.000000,0.000000,0,0,0,0,0,0,0,0,0,0,0,0.045257568359375,-0.010467529296875,0,0,0,0,0,0,0,0,Object notstarted,Object notstarted,Object notstarted,Object notstarted,Object notstarted,Object notstarted,Object notstarted,Object notstarted,Object notstarted
2024-02-19 19:06:15,759.759,__main___datalogs,INFO,JoyConState.PREP_SNS,0.000000,0.000000,0.000000,0.091547,-0.011444,0.000000,0.004577,0.000000,0.000000,0.000000,0.000000,0,0,0,0,0,0,0,0,0,0,0,0.045257568359375,-0.010467529296875,0,0,0,0,0,0,0,0,Object notstarted,Object notstarted,Object notstarted,Object notstarted,Object notstarted,Object notstarted,Object notstarted,Object notstarted,Object notstarted
2024-02-19 19:06:15,815.815,__main___datalogs,INFO,JoyConState.PREP_SNS,0.000000,0.000000,0.000000,0.096125,-0.009155,0.000000,0.004577,0.000000,0.000000,0.000000,0.000000,0,0,0,0,0,0,0,0,0,0,0,0.045257568359375,-0.010467529296875,0,0,0,0,0,0,0,0,Object notstarted,Object notstarted,Object notstarted,Object notstarted,Object notstarted,Object notstarted,Object notstarted,Object notstarted,Object notstarted
2024-02-19 19:06:15,859.859,__main___datalogs,INFO,JoyConState.PREP_SNS,0.000000,0.000000,0.000000,0.096125,-0.011444,0.000000,0.004577,0.000000,0.000000,0.000000,0.000000,0,0,0,0,0,0,0,0,0,0,0,0.045257568359375,-0.010467529296875,0,0,0,0,0,0,0,0,Object notstarted,Object notstarted,Object notstarted,Object notstarted,Object notstarted,Object notstarted,Object notstarted,Object notstarted,Object notstarted
2024-02-19 19:06:15,901.901,__main___datalogs,INFO,JoyConState.PREP_SNS,0.000000,0.000000,0.000000,0.091547,-0.009155,0.000000,0.004577,0.000000,0.000000,0.000000,0.000000,0,0,0,0,0,0,0,0,0,0,0,0.045257568359375,-0.010467529296875,0,0,0,0,0,0,0,0,Object notstarted,Object notstarted,Object notstarted,Object notstarted,Object notstarted,Object notstarted,Object notstarted,Object notstarted,Object notstarted
2024-02-19 19:06:15,943.943,__main___datalogs,INFO,JoyConState.PREP_SNS,0.000000,0.000000,0.000000,0.091547,-0.009155,0.002289,0.004577,0.000000,0.000000,0.000000,0.000000,0,0,0,0,0,0,0,0,0,0,0,0.045257568359375,-0.010467529296875,0,0,0,0,0,0,0,0,Object notstarted,Object notstarted,Object notstarted,Object notstarted,Object notstarted,Object notstarted,Object notstarted,Object notstarted,Object notstarted
2024-02-19 19:06:15,983.983,__main___datalogs,INFO,JoyConState.PREP_SNS,0.000000,0.000000,0.000000,0.091547,-0.009155,0.002289,0.004577,0.000000,0.000000,0.000000,0.000000,0,0,0,0,0,0,0,0,0,0,0,0.045257568359375,-0.010467529296875,0,0,0,0,0,0,0,0,Object notstarted,Object notstarted,Object notstarted,Object notstarted,Object notstarted,Object notstarted,Object notstarted,Object notstarted,Object notstarted
2024-02-19 19:06:16,022.022,__main___datalogs,INFO,JoyConState.PREP_SNS,0.000000,0.000000,0.000000,0.091547,-0.004577,0.002289,0.004577,0.000000,0.000000,0.000000,0.000000,0,0,0,0,0,0,0,0,0,0,0,0.045257568359375,-0.010467529296875,0,0,0,0,0,0,0,0,Object notstarted,Object notstarted,Object notstarted,Object notstarted,Object notstarted,Object notstarted,Object notstarted,Object notstarted,Object notstarted
2024-02-19 19:06:16,064.064,__main___datalogs,INFO,JoyConState.PREP_SNS,0.000000,0.000000,0.000000,0.091547,0.000000,0.000000,0.004577,0.000000,0.000000,0.000000,0.000000,0,0,0,0,0,0,0,0,0,0,0,0.045257568359375,-0.010467529296875,0,0,0,0,0,0,0,0,Object notstarted,Object notstarted,Object notstarted,Object notstarted,Object notstarted,Object notstarted,Object notstarted,Object notstarted,Object notstarted
2024-02-19 19:06:16,106.106,__main___datalogs,INFO,JoyConState.PREP_SNS,0.000000,0.000000,0.000000,0.091547,-0.009155,0.000000,0.004577,0.000000,0.000000,0.000000,0.000000,0,0,0,0,0,0,0,0,0,0,0,0.045257568359375,-0.010467529296875,0,0,0,0,0,0,0,0,Object notstarted,Object notstarted,Object notstarted,Object notstarted,Object notstarted,Object notstarted,Object notstarted,Object notstarted,Object notstarted
2024-02-19 19:06:16,144.144,__main___datalogs,INFO,JoyConState.PREP_SNS,0.000000,0.000000,0.000000,0.091547,-0.009155,0.002289,0.004577,0.000000,0.000000,0.000000,0.000000,0,0,0,0,0,0,0,0,0,0,0,0.045257568359375,-0.010467529296875,0,0,0,0,0,0,0,0,Object notstarted,Object notstarted,Object notstarted,Object notstarted,Object notstarted,Object notstarted,Object notstarted,Object notstarted,Object notstarted
2024-02-19 19:06:16,187.187,__main___datalogs,INFO,JoyConState.PREP_SNS,0.000000,0.000000,0.000000,0.091547,-0.004577,0.002289,0.004577,0.000000,0.000000,0.000000,0.000000,0,0,0,0,0,0,0,0,0,0,0,0.045257568359375,-0.010467529296875,0,0,0,0,0,0,0,0,Object notstarted,Object notstarted,Object notstarted,Object notstarted,Object notstarted,Object notstarted,Object notstarted,Object notstarted,Object notstarted
2024-02-19 19:06:16,227.227,__main___datalogs,INFO,JoyConState.PREP_SNS,0.000000,0.000000,0.000000,0.091547,-0.009155,0.002289,0.004577,0.000000,0.000000,0.000000,0.000000,0,0,0,0,0,0,0,0,0,0,0,0.045257568359375,-0.010467529296875,0,0,0,0,0,0,0,0,Object notstarted,Object notstarted,Object notstarted,Object notstarted,Object notstarted,Object notstarted,Object notstarted,Object notstarted,Object notstarted
2024-02-19 19:06:16,270.270,__main___datalogs,INFO,JoyConState.PREP_SNS,0.000000,0.000000,0.000000,0.091547,-0.009155,0.002289,0.004577,0.000000,0.000000,0.000000,0.000000,0,0,0,0,0,0,0,0,0,0,0,0.045257568359375,-0.010467529296875,0,0,0,0,0,0,0,0,Object notstarted,Object notstarted,Object notstarted,Object notstarted,Object notstarted,Object notstarted,Object notstarted,Object notstarted,Object notstarted
2024-02-19 19:06:16,309.309,__main___datalogs,INFO,JoyConState.PREP_SNS,0.000000,0.000000,0.000000,0.091547,-0.009155,0.002289,0.004577,0.000000,0.000000,0.000000,0.000000,0,0,0,0,0,0,0,0,0,0,0,0.045257568359375,-0.010467529296875,0,0,0,0,0,0,0,0,Object notstarted,Object notstarted,Object notstarted,Object notstarted,Object notstarted,Object notstarted,Object notstarted,Object notstarted,Object notstarted
2024-02-19 19:06:16,352.352,__main___datalogs,INFO,JoyConState.PREP_SNS,0.000000,0.000000,0.000000,0.091547,-0.009155,0.002289,0.004577,0.000000,0.000000,0.000000,0.000000,0,0,0,0,0,0,0,0,0,0,0,0.045257568359375,-0.010467529296875,0,0,0,0,0,0,0,0,Object notstarted,Object notstarted,Object notstarted,Object notstarted,Object notstarted,Object notstarted,Object notstarted,Object notstarted,Object notstarted
2024-02-19 19:06:16,392.392,__main___datalogs,INFO,JoyConState.PREP_SNS,0.000000,0.000000,0.000000,0.089258,-0.009155,0.002289,0.004577,0.000000,0.000000,0.000000,0.000000,0,0,0,0,0,0,0,0,0,0,0,0.045257568359375,-0.010467529296875,0,0,0,0,0,0,0,0,Object notstarted,Object notstarted,Object notstarted,Object notstarted,Object notstarted,Object notstarted,Object notstarted,Object notstarted,Object notstarted
2024-02-19 19:06:16,433.433,__main___datalogs,INFO,JoyConState.PREP_SNS,0.000000,0.000000,0.000000,0.091547,-0.009155,0.000000,0.004577,0.000000,0.000000,0.000000,0.000000,0,0,0,0,0,0,0,0,0,0,0,0.045257568359375,-0.010467529296875,0,0,0,0,0,0,0,0,Object notstarted,Object notstarted,Object notstarted,Object notstarted,Object notstarted,Object notstarted,Object notstarted,Object notstarted,Object notstarted
2024-02-19 19:06:16,473.473,__main___datalogs,INFO,JoyConState.PREP_SNS,0.000000,0.000000,0.000000,0.091547,-0.009155,0.000000,0.004577,0.000000,0.000000,0.000000,0.000000,0,0,0,0,0,0,0,0,0,0,0,0.045257568359375,-0.010467529296875,0,0,0,0,0,0,0,0,Object notstarted,Object notstarted,Object notstarted,Object notstarted,Object notstarted,Object notstarted,Object notstarted,Object notstarted,Object notstarted
2024-02-19 19:06:16,516.516,__main___datalogs,INFO,JoyConState.PREP_SNS,0.000000,0.000000,0.000000,0.091547,-0.009155,0.000000,0.004577,0.000000,0.000000,0.000000,0.000000,0,0,0,0,0,0,0,0,0,0,0,0.045257568359375,-0.010467529296875,0,0,0,0,0,0,0,0,Object notstarted,Object notstarted,Object notstarted,Object notstarted,Object notstarted,Object notstarted,Object notstarted,Object notstarted,Object notstarted
2024-02-19 19:06:16,557.557,__main___datalogs,INFO,JoyConState.PREP_SNS,0.000000,0.000000,0.000000,0.091547,-0.004577,0.002289,0.004577,0.000000,0.000000,0.000000,0.000000,0,0,0,0,0,0,0,0,0,0,0,0.045257568359375,-0.010467529296875,0,0,0,0,0,0,0,0,Object notstarted,Object notstarted,Object notstarted,Object notstarted,Object notstarted,Object notstarted,Object notstarted,Object notstarted,Object notstarted
2024-02-19 19:06:16,599.599,__main___datalogs,INFO,JoyConState.PREP_SNS,0.000000,0.000000,0.000000,0.091547,0.000000,0.002289,0.004577,0.000000,0.000000,0.000000,0.000000,0,0,0,0,0,0,0,0,0,0,0,0.045257568359375,-0.010467529296875,0,0,0,0,0,0,0,0,Object notstarted,Object notstarted,Object notstarted,Object notstarted,Object notstarted,Object notstarted,Object notstarted,Object notstarted,Object notstarted
2024-02-19 19:06:16,639.639,__main___datalogs,INFO,JoyConState.PREP_SNS,0.000000,0.000000,0.000000,0.091547,-0.009155,0.002289,0.004577,0.000000,0.000000,0.000000,0.000000,0,0,0,0,0,0,0,0,0,0,0,0.045257568359375,-0.010467529296875,0,0,0,0,0,0,0,0,Object notstarted,Object notstarted,Object notstarted,Object notstarted,Object notstarted,Object notstarted,Object notstarted,Object notstarted,Object notstarted
2024-02-19 19:06:16,681.681,__main___datalogs,INFO,JoyConState.PREP_SNS,0.000000,0.000000,0.000000,0.091547,-0.009155,0.002289,0.004577,0.000000,0.000000,0.000000,0.000000,0,0,0,0,0,0,0,0,0,0,0,0.045257568359375,-0.010467529296875,0,0,0,0,0,0,0,0,Object notstarted,Object notstarted,Object notstarted,Object notstarted,Object notstarted,Object notstarted,Object notstarted,Object notstarted,Object notstarted
2024-02-19 19:06:16,722.722,__main___datalogs,INFO,JoyConState.PREP_SNS,0.000000,0.000000,0.000000,0.091547,-0.009155,0.000000,0.004577,0.000000,0.000000,0.000000,0.000000,0,0,0,0,0,0,0,0,0,0,0,0.045257568359375,-0.010467529296875,0,0,0,0,0,0,0,0,Object notstarted,Object notstarted,Object notstarted,Object notstarted,Object notstarted,Object notstarted,Object notstarted,Object notstarted,Object notstarted
2024-02-19 19:06:16,764.764,__main___datalogs,INFO,JoyConState.PREP_SNS,0.000000,0.000000,0.000000,0.091547,-0.004577,0.000000,0.004577,0.000000,0.000000,0.000000,0.000000,0,0,0,0,0,0,0,0,0,0,0,0.045257568359375,-0.010467529296875,0,0,0,0,0,0,0,0,Object notstarted,Object notstarted,Object notstarted,Object notstarted,Object notstarted,Object notstarted,Object notstarted,Object notstarted,Object notstarted
2024-02-19 19:06:16,806.806,__main___datalogs,INFO,JoyConState.PREP_SNS,0.000000,0.000000,0.000000,0.091547,-0.009155,0.000000,0.000000,0.000000,0.000000,0.000000,0.000000,0,0,0,0,0,0,0,0,0,0,0,0.045257568359375,-0.010467529296875,0,0,0,0,0,0,0,0,Object notstarted,Object notstarted,Object notstarted,Object notstarted,Object notstarted,Object notstarted,Object notstarted,Object notstarted,Object notstarted
2024-02-19 19:06:16,849.849,__main___datalogs,INFO,JoyConState.PREP_SNS,0.000000,0.000000,0.000000,0.096125,-0.009155,0.000000,0.000000,0.000000,0.000000,0.000000,0.000000,0,0,0,0,0,0,0,0,0,0,0,0.045257568359375,-0.010467529296875,0,0,0,0,0,0,0,0,Object notstarted,Object notstarted,Object notstarted,Object notstarted,Object notstarted,Object notstarted,Object notstarted,Object notstarted,Object notstarted
2024-02-19 19:06:16,907.907,__main___datalogs,INFO,JoyConState.PREP_SNS,0.000000,0.000000,0.000000,0.091547,-0.004577,0.000000,0.004577,0.000000,0.000000,0.000000,0.000000,0,0,0,0,0,0,0,0,0,0,0,0.045257568359375,-0.010467529296875,0,0,0,0,0,0,0,0,Object notstarted,Object notstarted,Object notstarted,Object notstarted,Object notstarted,Object notstarted,Object notstarted,Object notstarted,Object notstarted
2024-02-19 19:06:16,950.950,__main___datalogs,INFO,JoyConState.PREP_SNS,0.000000,0.000000,0.000000,0.091547,-0.011444,0.000000,0.004577,0.000000,0.000000,0.000000,0.000000,0,0,0,0,0,0,0,0,0,0,0,0.045257568359375,-0.010467529296875,0,0,0,0,0,0,0,0,Object notstarted,Object notstarted,Object notstarted,Object notstarted,Object notstarted,Object notstarted,Object notstarted,Object notstarted,Object notstarted
2024-02-19 19:06:16,990.990,__main___datalogs,INFO,JoyConState.PREP_SNS,0.000000,0.000000,0.000000,0.091547,-0.009155,0.000000,0.000000,0.000000,0.000000,0.000000,0.000000,0,0,0,0,0,0,0,0,0,0,0,0.045257568359375,-0.010467529296875,0,0,0,0,0,0,0,0,Object notstarted,Object notstarted,Object notstarted,Object notstarted,Object notstarted,Object notstarted,Object notstarted,Object notstarted,Object notstarted
2024-02-19 19:06:17,031.031,__main___datalogs,INFO,JoyConState.PREP_SNS,0.000000,0.000000,0.000000,0.089258,-0.004577,0.000000,0.000000,0.000000,0.000000,0.000000,0.000000,0,0,0,0,0,0,0,0,0,0,0,0.045257568359375,-0.010467529296875,0,0,0,0,0,0,0,0,Object notstarted,Object notstarted,Object notstarted,Object notstarted,Object notstarted,Object notstarted,Object notstarted,Object notstarted,Object notstarted
2024-02-19 19:06:17,071.071,__main___datalogs,INFO,JoyConState.PREP_SNS,0.000000,0.000000,0.000000,0.091547,-0.009155,0.000000,0.004577,0.000000,0.000000,0.000000,0.000000,0,0,0,0,0,0,0,0,0,0,0,0.045257568359375,-0.010467529296875,0,0,0,0,0,0,0,0,Object notstarted,Object notstarted,Object notstarted,Object notstarted,Object notstarted,Object notstarted,Object notstarted,Object notstarted,Object notstarted
2024-02-19 19:06:17,115.115,__main___datalogs,INFO,JoyConState.PREP_SNS,0.000000,0.000000,0.000000,0.091547,0.000000,0.000000,0.004577,0.000000,0.000000,0.000000,0.000000,0,0,0,0,0,0,0,0,0,0,0,0.045257568359375,-0.010467529296875,0,0,0,0,0,0,0,0,Object notstarted,Object notstarted,Object notstarted,Object notstarted,Object notstarted,Object notstarted,Object notstarted,Object notstarted,Object notstarted
2024-02-19 19:06:17,156.156,__main___datalogs,INFO,JoyConState.PREP_SNS,0.000000,0.000000,0.000000,0.096125,-0.004577,0.000000,0.004577,0.000000,0.000000,0.000000,0.000000,0,0,0,0,0,0,0,0,0,0,0,0.045257568359375,-0.010467529296875,0,0,0,0,0,0,0,0,Object notstarted,Object notstarted,Object notstarted,Object notstarted,Object notstarted,Object notstarted,Object notstarted,Object notstarted,Object notstarted
2024-02-19 19:06:17,198.198,__main___datalogs,INFO,JoyConState.PREP_SNS,0.000000,0.000000,0.000000,0.096125,0.000000,0.002289,0.000000,0.000000,0.000000,0.000000,0.000000,0,0,0,0,0,0,0,0,0,0,0,0.045257568359375,-0.010467529296875,0,0,0,0,0,0,0,0,Object notstarted,Object notstarted,Object notstarted,Object notstarted,Object notstarted,Object notstarted,Object notstarted,Object notstarted,Object notstarted
2024-02-19 19:06:17,239.239,__main___datalogs,INFO,JoyConState.PREP_SNS,0.000000,0.000000,0.000000,0.091547,-0.011444,0.002289,-0.004577,0.000000,0.000000,0.000000,0.000000,0,0,0,0,0,0,0,0,0,0,0,0.045257568359375,-0.010467529296875,0,0,0,0,0,0,0,0,Object notstarted,Object notstarted,Object notstarted,Object notstarted,Object notstarted,Object notstarted,Object notstarted,Object notstarted,Object notstarted
2024-02-19 19:06:17,281.281,__main___datalogs,INFO,JoyConState.PREP_SNS,0.000000,0.000000,0.000000,0.091547,-0.016021,0.002289,0.004577,0.000000,0.000000,0.000000,0.000000,0,0,0,0,0,0,0,0,0,0,0,0.045257568359375,-0.010467529296875,0,0,0,0,0,0,0,0,Object notstarted,Object notstarted,Object notstarted,Object notstarted,Object notstarted,Object notstarted,Object notstarted,Object notstarted,Object notstarted
2024-02-19 19:06:17,323.323,__main___datalogs,INFO,JoyConState.PREP_SNS,0.000000,0.000000,0.000000,0.091547,0.000000,0.002289,0.004577,0.000000,0.000000,0.000000,0.000000,0,0,0,0,0,0,0,0,0,0,0,0.045257568359375,-0.010467529296875,0,0,0,0,0,0,0,0,Object notstarted,Object notstarted,Object notstarted,Object notstarted,Object notstarted,Object notstarted,Object notstarted,Object notstarted,Object notstarted
2024-02-19 19:06:17,365.365,__main___datalogs,INFO,JoyConState.PREP_SNS,0.000000,0.000000,0.000000,0.091547,-0.009155,0.002289,0.004577,0.000000,0.000000,0.000000,0.000000,0,0,0,0,0,0,0,0,0,0,0,0.045257568359375,-0.010467529296875,0,0,0,0,0,0,0,0,Object notstarted,Object notstarted,Object notstarted,Object notstarted,Object notstarted,Object notstarted,Object notstarted,Object notstarted,Object notstarted
2024-02-19 19:06:17,405.405,__main___datalogs,INFO,JoyConState.PREP_SNS,0.000000,0.000000,0.000000,0.091547,0.000000,0.002289,0.004577,0.000000,0.000000,0.000000,0.000000,0,0,0,0,0,0,0,0,0,0,0,0.045257568359375,-0.010467529296875,0,0,0,0,0,0,0,0,Object notstarted,Object notstarted,Object notstarted,Object notstarted,Object notstarted,Object notstarted,Object notstarted,Object notstarted,Object notstarted
2024-02-19 19:06:17,445.445,__main___datalogs,INFO,JoyConState.PREP_SNS,0.000000,0.000000,0.000000,0.091547,-0.009155,0.002289,0.004577,0.000000,0.000000,0.000000,0.000000,0,0,0,0,0,0,0,0,0,0,0,0.045257568359375,-0.010467529296875,0,0,0,0,0,0,0,0,Object notstarted,Object notstarted,Object notstarted,Object notstarted,Object notstarted,Object notstarted,Object notstarted,Object notstarted,Object notstarted
2024-02-19 19:06:17,485.485,__main___datalogs,INFO,JoyConState.PREP_SNS,0.000000,0.000000,0.000000,0.091547,-0.009155,0.002289,0.006866,0.000000,0.000000,0.000000,0.000000,0,0,0,0,0,0,0,0,0,0,0,0.045257568359375,-0.010467529296875,0,0,0,0,0,0,0,0,Object notstarted,Object notstarted,Object notstarted,Object notstarted,Object notstarted,Object notstarted,Object notstarted,Object notstarted,Object notstarted
2024-02-19 19:06:17,525.525,__main___datalogs,INFO,JoyConState.PREP_SNS,0.000000,0.000000,0.000000,0.091547,-0.009155,0.002289,0.006866,0.000000,0.000000,0.000000,0.000000,0,0,0,0,0,0,0,0,0,0,0,0.045257568359375,-0.010467529296875,0,0,0,0,0,0,0,0,Object notstarted,Object notstarted,Object notstarted,Object notstarted,Object notstarted,Object notstarted,Object notstarted,Object notstarted,Object notstarted
2024-02-19 19:06:17,566.566,__main___datalogs,INFO,JoyConState.PREP_SNS,0.000000,0.000000,0.000000,0.091547,-0.009155,0.002289,0.004577,0.000000,0.000000,0.000000,0.000000,0,0,0,0,0,0,0,0,0,0,0,0.045257568359375,-0.010467529296875,0,0,0,0,0,0,0,0,Object notstarted,Object notstarted,Object notstarted,Object notstarted,Object notstarted,Object notstarted,Object notstarted,Object notstarted,Object notstarted
2024-02-19 19:06:17,607.607,__main___datalogs,INFO,JoyConState.PREP_SNS,0.000000,0.000000,0.000000,0.091547,-0.009155,0.000000,0.000000,0.000000,0.000000,0.000000,0.000000,0,0,0,0,0,0,0,0,0,0,0,0.045257568359375,-0.010467529296875,0,0,0,0,0,0,0,0,Object notstarted,Object notstarted,Object notstarted,Object notstarted,Object notstarted,Object notstarted,Object notstarted,Object notstarted,Object notstarted
2024-02-19 19:06:17,647.647,__main___datalogs,INFO,JoyConState.PREP_SNS,0.000000,0.000000,0.000000,0.096125,-0.009155,-0.006866,0.004577,0.000000,0.000000,0.000000,0.000000,0,0,0,0,0,0,0,0,0,0,0,0.045257568359375,-0.010467529296875,0,0,0,0,0,0,0,0,Object notstarted,Object notstarted,Object notstarted,Object notstarted,Object notstarted,Object notstarted,Object notstarted,Object notstarted,Object notstarted
2024-02-19 19:06:17,690.690,__main___datalogs,INFO,JoyConState.PREP_SNS,0.000000,0.000000,0.000000,0.096125,-0.004577,0.002289,0.000000,0.000000,0.000000,0.000000,0.000000,0,0,0,0,0,0,0,0,0,0,0,0.045257568359375,-0.010467529296875,0,0,0,0,0,0,0,0,Object notstarted,Object notstarted,Object notstarted,Object notstarted,Object notstarted,Object notstarted,Object notstarted,Object notstarted,Object notstarted
2024-02-19 19:06:17,731.731,__main___datalogs,INFO,JoyConState.PREP_SNS,0.000000,0.000000,0.000000,0.096125,-0.009155,0.002289,0.000000,0.000000,0.000000,0.000000,0.000000,0,0,0,0,0,0,0,0,0,0,0,0.045257568359375,-0.010467529296875,0,0,0,0,0,0,0,0,Object notstarted,Object notstarted,Object notstarted,Object notstarted,Object notstarted,Object notstarted,Object notstarted,Object notstarted,Object notstarted
2024-02-19 19:06:17,773.773,__main___datalogs,INFO,JoyConState.PREP_SNS,0.000000,0.000000,0.000000,0.091547,-0.009155,0.000000,0.004577,0.000000,0.000000,0.000000,0.000000,0,0,0,0,0,0,0,0,0,0,0,0.045257568359375,-0.010467529296875,0,0,0,0,0,0,0,0,Object notstarted,Object notstarted,Object notstarted,Object notstarted,Object notstarted,Object notstarted,Object notstarted,Object notstarted,Object notstarted
2024-02-19 19:06:17,815.815,__main___datalogs,INFO,JoyConState.PREP_SNS,0.000000,0.000000,0.000000,0.091547,-0.009155,0.000000,0.004577,0.000000,0.000000,0.000000,0.000000,0,0,0,0,0,0,0,0,0,0,0,0.045257568359375,-0.010467529296875,0,0,0,0,0,0,0,0,Object notstarted,Object notstarted,Object notstarted,Object notstarted,Object notstarted,Object notstarted,Object notstarted,Object notstarted,Object notstarted
2024-02-19 19:06:17,857.857,__main___datalogs,INFO,JoyConState.PREP_SNS,0.000000,0.000000,0.000000,0.091547,-0.004577,0.000000,0.004577,0.000000,0.000000,0.000000,0.000000,0,0,0,0,0,0,0,0,0,0,0,0.045257568359375,-0.010467529296875,0,0,0,0,0,0,0,0,Object notstarted,Object notstarted,Object notstarted,Object notstarted,Object notstarted,Object notstarted,Object notstarted,Object notstarted,Object notstarted
2024-02-19 19:06:17,899.899,__main___datalogs,INFO,JoyConState.PREP_SNS,0.000000,0.000000,0.000000,0.091547,-0.009155,0.000000,0.004577,0.000000,0.000000,0.000000,0.000000,0,0,0,0,0,0,0,0,0,0,0,0.045257568359375,-0.010467529296875,0,0,0,0,0,0,0,0,Object notstarted,Object notstarted,Object notstarted,Object notstarted,Object notstarted,Object notstarted,Object notstarted,Object notstarted,Object notstarted
2024-02-19 19:06:17,948.948,__main___datalogs,INFO,JoyConState.PREP_SNS,0.000000,0.000000,0.000000,0.091547,0.000000,0.000000,0.004577,0.000000,0.000000,0.000000,0.000000,0,0,0,0,0,0,0,0,0,0,0,0.045257568359375,-0.010467529296875,0,0,0,0,0,0,0,0,Object notstarted,Object notstarted,Object notstarted,Object notstarted,Object notstarted,Object notstarted,Object notstarted,Object notstarted,Object notstarted
2024-02-19 19:06:17,992.992,__main___datalogs,INFO,JoyConState.PREP_SNS,0.000000,0.000000,0.000000,0.091547,0.000000,0.000000,0.004577,0.000000,0.000000,0.000000,0.000000,0,0,0,0,0,0,0,0,0,0,0,0.045257568359375,-0.010467529296875,0,0,0,0,0,0,0,0,Object notstarted,Object notstarted,Object notstarted,Object notstarted,Object notstarted,Object notstarted,Object notstarted,Object notstarted,Object notstarted
2024-02-19 19:06:18,033.033,__main___datalogs,INFO,JoyConState.PREP_SNS,0.000000,0.000000,0.000000,0.091547,-0.004577,0.000000,0.004577,0.000000,0.000000,0.000000,0.000000,0,0,0,0,0,0,0,0,0,0,0,0.045257568359375,-0.010467529296875,0,0,0,0,0,0,0,0,Object notstarted,Object notstarted,Object notstarted,Object notstarted,Object notstarted,Object notstarted,Object notstarted,Object notstarted,Object notstarted
2024-02-19 19:06:18,074.074,__main___datalogs,INFO,JoyConState.PREP_SNS,0.000000,0.000000,0.000000,0.096125,-0.004577,0.000000,0.004577,0.000000,0.000000,0.000000,0.000000,0,0,0,0,0,0,0,0,0,0,0,0.045257568359375,-0.010467529296875,0,0,0,0,0,0,0,0,Object notstarted,Object notstarted,Object notstarted,Object notstarted,Object notstarted,Object notstarted,Object notstarted,Object notstarted,Object notstarted
2024-02-19 19:06:18,117.117,__main___datalogs,INFO,JoyConState.PREP_SNS,0.000000,0.000000,0.000000,0.091547,-0.004577,0.000000,0.004577,0.000000,0.000000,0.000000,0.000000,0,0,0,0,0,0,0,0,0,0,0,0.045257568359375,-0.010467529296875,0,0,0,0,0,0,0,0,Object notstarted,Object notstarted,Object notstarted,Object notstarted,Object notstarted,Object notstarted,Object notstarted,Object notstarted,Object notstarted
2024-02-19 19:06:18,157.157,__main___datalogs,INFO,JoyConState.PREP_SNS,0.000000,0.000000,0.000000,0.096125,0.000000,0.002289,0.004577,0.000000,0.000000,0.000000,0.000000,0,0,0,0,0,0,0,0,0,0,0,0.045257568359375,-0.010467529296875,0,0,0,0,0,0,0,0,Object notstarted,Object notstarted,Object notstarted,Object notstarted,Object notstarted,Object notstarted,Object notstarted,Object notstarted,Object notstarted
2024-02-19 19:06:18,200.200,__main___datalogs,INFO,JoyConState.PREP_SNS,0.000000,0.000000,0.000000,0.096125,-0.004577,0.000000,0.004577,0.000000,0.000000,0.000000,0.000000,0,0,0,0,0,0,0,0,0,0,0,0.045257568359375,-0.010467529296875,0,0,0,0,0,0,0,0,Object notstarted,Object notstarted,Object notstarted,Object notstarted,Object notstarted,Object notstarted,Object notstarted,Object notstarted,Object notstarted
2024-02-19 19:06:18,241.241,__main___datalogs,INFO,JoyConState.PREP_SNS,0.000000,0.000000,0.000000,0.096125,-0.004577,0.000000,0.004577,0.000000,0.000000,0.000000,0.000000,0,0,0,0,0,0,0,0,0,0,0,0.045257568359375,-0.010467529296875,0,0,0,0,0,0,0,0,Object notstarted,Object notstarted,Object notstarted,Object notstarted,Object notstarted,Object notstarted,Object notstarted,Object notstarted,Object notstarted
2024-02-19 19:06:18,285.285,__main___datalogs,INFO,JoyConState.PREP_SNS,0.000000,0.000000,0.000000,0.091547,-0.004577,0.000000,0.004577,0.000000,0.000000,0.000000,0.000000,0,0,0,0,0,0,0,0,0,0,0,0.045257568359375,-0.010467529296875,0,0,0,0,0,0,0,0,Object notstarted,Object notstarted,Object notstarted,Object notstarted,Object notstarted,Object notstarted,Object notstarted,Object notstarted,Object notstarted
2024-02-19 19:06:18,326.326,__main___datalogs,INFO,JoyConState.PREP_SNS,0.000000,0.000000,0.000000,0.091547,-0.009155,0.000000,0.004577,0.000000,0.000000,0.000000,0.000000,0,0,0,0,0,0,0,0,0,0,0,0.045257568359375,-0.010467529296875,0,0,0,0,0,0,0,0,Object notstarted,Object notstarted,Object notstarted,Object notstarted,Object notstarted,Object notstarted,Object notstarted,Object notstarted,Object notstarted
2024-02-19 19:06:18,368.368,__main___datalogs,INFO,JoyConState.PREP_SNS,0.000000,0.000000,0.000000,0.091547,-0.004577,0.000000,0.004577,0.000000,0.000000,0.000000,0.000000,0,0,0,0,0,0,0,0,0,0,0,0.045257568359375,-0.010467529296875,0,0,0,0,0,0,0,0,Object notstarted,Object notstarted,Object notstarted,Object notstarted,Object notstarted,Object notstarted,Object notstarted,Object notstarted,Object notstarted
2024-02-19 19:06:18,407.407,__main___datalogs,INFO,JoyConState.PREP_SNS,0.000000,0.000000,0.000000,0.091547,-0.009155,0.000000,0.004577,0.000000,0.000000,0.000000,0.000000,0,0,0,0,0,0,0,0,0,0,0,0.045257568359375,-0.010467529296875,0,0,0,0,0,0,0,0,Object notstarted,Object notstarted,Object notstarted,Object notstarted,Object notstarted,Object notstarted,Object notstarted,Object notstarted,Object notstarted
2024-02-19 19:06:18,449.449,__main___datalogs,INFO,JoyConState.PREP_SNS,0.000000,0.000000,0.000000,0.091547,-0.009155,0.000000,0.004577,0.000000,0.000000,0.000000,0.000000,0,0,0,0,0,0,0,0,0,0,0,0.045257568359375,-0.010467529296875,0,0,0,0,0,0,0,0,Object notstarted,Object notstarted,Object notstarted,Object notstarted,Object notstarted,Object notstarted,Object notstarted,Object notstarted,Object notstarted
2024-02-19 19:06:18,490.490,__main___datalogs,INFO,JoyConState.PREP_SNS,0.000000,0.000000,0.000000,0.089258,-0.009155,0.000000,0.006866,0.000000,0.000000,0.000000,0.000000,0,0,0,0,0,0,0,0,0,0,0,0.045257568359375,-0.010467529296875,0,0,0,0,0,0,0,0,Object notstarted,Object notstarted,Object notstarted,Object notstarted,Object notstarted,Object notstarted,Object notstarted,Object notstarted,Object notstarted
2024-02-19 19:06:18,533.533,__main___datalogs,INFO,JoyConState.PREP_SNS,0.000000,0.000000,0.000000,0.091547,-0.004577,0.000000,0.004577,0.000000,0.000000,0.000000,0.000000,0,0,0,0,0,0,0,0,0,0,0,0.045257568359375,-0.010467529296875,0,0,0,0,0,0,0,0,Object notstarted,Object notstarted,Object notstarted,Object notstarted,Object notstarted,Object notstarted,Object notstarted,Object notstarted,Object notstarted
2024-02-19 19:06:18,573.573,__main___datalogs,INFO,JoyConState.PREP_SNS,0.000000,0.000000,0.000000,0.091547,-0.004577,0.000000,0.004577,0.000000,0.000000,0.000000,0.000000,0,0,0,0,0,0,0,0,0,0,0,0.045257568359375,-0.010467529296875,0,0,0,0,0,0,0,0,Object notstarted,Object notstarted,Object notstarted,Object notstarted,Object notstarted,Object notstarted,Object notstarted,Object notstarted,Object notstarted
2024-02-19 19:06:18,615.615,__main___datalogs,INFO,JoyConState.PREP_SNS,0.000000,0.000000,0.000000,0.091547,-0.004577,0.000000,0.004577,0.000000,0.000000,0.000000,0.000000,0,0,0,0,0,0,0,0,0,0,0,0.045257568359375,-0.010467529296875,0,0,0,0,0,0,0,0,Object notstarted,Object notstarted,Object notstarted,Object notstarted,Object notstarted,Object notstarted,Object notstarted,Object notstarted,Object notstarted
2024-02-19 19:06:18,654.654,__main___datalogs,INFO,JoyConState.PREP_SNS,0.000000,0.000000,0.000000,0.091547,-0.009155,0.002289,0.004577,0.000000,0.000000,0.000000,0.000000,0,0,0,0,0,0,0,0,0,0,0,0.045257568359375,-0.010467529296875,0,0,0,0,0,0,0,0,Object notstarted,Object notstarted,Object notstarted,Object notstarted,Object notstarted,Object notstarted,Object notstarted,Object notstarted,Object notstarted
2024-02-19 19:06:18,696.696,__main___datalogs,INFO,JoyConState.PREP_SNS,0.000000,0.000000,0.000000,0.091547,-0.009155,0.000000,0.000000,0.000000,0.000000,0.000000,0.000000,0,0,0,0,0,0,0,0,0,0,0,0.045257568359375,-0.010467529296875,0,0,0,0,0,0,0,0,Object notstarted,Object notstarted,Object notstarted,Object notstarted,Object notstarted,Object notstarted,Object notstarted,Object notstarted,Object notstarted
2024-02-19 19:06:18,737.737,__main___datalogs,INFO,JoyConState.PREP_SNS,0.000000,0.000000,0.000000,0.091547,-0.009155,0.000000,0.004577,0.000000,0.000000,0.000000,0.000000,0,0,0,0,0,0,0,0,0,0,0,0.045257568359375,-0.010467529296875,0,0,0,0,0,0,0,0,Object notstarted,Object notstarted,Object notstarted,Object notstarted,Object notstarted,Object notstarted,Object notstarted,Object notstarted,Object notstarted
2024-02-19 19:06:18,778.778,__main___datalogs,INFO,JoyConState.PREP_SNS,0.000000,0.000000,0.000000,0.096125,-0.004577,0.000000,0.004577,0.000000,0.000000,0.000000,0.000000,0,0,0,0,0,0,0,0,0,0,0,0.045257568359375,-0.010467529296875,0,0,0,0,0,0,0,0,Object notstarted,Object notstarted,Object notstarted,Object notstarted,Object notstarted,Object notstarted,Object notstarted,Object notstarted,Object notstarted
2024-02-19 19:06:18,820.820,__main___datalogs,INFO,JoyConState.PREP_SNS,0.000000,0.000000,0.000000,0.091547,0.000000,0.000000,0.004577,0.000000,0.000000,0.000000,0.000000,0,0,0,0,0,0,0,0,0,0,0,0.045257568359375,-0.010467529296875,0,0,0,0,0,0,0,0,Object notstarted,Object notstarted,Object notstarted,Object notstarted,Object notstarted,Object notstarted,Object notstarted,Object notstarted,Object notstarted
2024-02-19 19:06:18,862.862,__main___datalogs,INFO,JoyConState.PREP_SNS,0.000000,0.000000,0.000000,0.091547,0.000000,0.000000,0.004577,0.000000,0.000000,0.000000,0.000000,0,0,0,0,0,0,0,0,0,0,0,0.045257568359375,-0.010467529296875,0,0,0,0,0,0,0,0,Object notstarted,Object notstarted,Object notstarted,Object notstarted,Object notstarted,Object notstarted,Object notstarted,Object notstarted,Object notstarted
2024-02-19 19:06:18,902.902,__main___datalogs,INFO,JoyConState.PREP_SNS,0.000000,0.000000,0.000000,0.091547,-0.004577,0.000000,0.000000,0.000000,0.000000,0.000000,0.000000,0,0,0,0,0,0,0,0,0,0,0,0.045257568359375,-0.010467529296875,0,0,0,0,0,0,0,0,Object notstarted,Object notstarted,Object notstarted,Object notstarted,Object notstarted,Object notstarted,Object notstarted,Object notstarted,Object notstarted
2024-02-19 19:06:18,943.943,__main___datalogs,INFO,JoyConState.PREP_SNS,0.000000,0.000000,0.000000,0.091547,-0.004577,0.000000,0.004577,0.000000,0.000000,0.000000,0.000000,0,0,0,0,0,0,0,0,0,0,0,0.045257568359375,-0.010467529296875,0,0,0,0,0,0,0,0,Object notstarted,Object notstarted,Object notstarted,Object notstarted,Object notstarted,Object notstarted,Object notstarted,Object notstarted,Object notstarted
2024-02-19 19:06:18,982.982,__main___datalogs,INFO,JoyConState.PREP_SNS,0.000000,0.000000,0.000000,0.091547,-0.009155,0.000000,0.004577,0.000000,0.000000,0.000000,0.000000,0,0,0,0,0,0,0,0,0,0,0,0.045257568359375,-0.010467529296875,0,0,0,0,0,0,0,0,Object notstarted,Object notstarted,Object notstarted,Object notstarted,Object notstarted,Object notstarted,Object notstarted,Object notstarted,Object notstarted
2024-02-19 19:06:19,042.042,__main___datalogs,INFO,JoyConState.PREP_SNS,0.000000,0.000000,0.000000,0.091547,-0.009155,0.002289,0.000000,0.000000,0.000000,0.000000,0.000000,0,0,0,0,0,0,0,0,0,0,0,0.045257568359375,-0.010467529296875,0,0,0,0,0,0,0,0,Object notstarted,Object notstarted,Object notstarted,Object notstarted,Object notstarted,Object notstarted,Object notstarted,Object notstarted,Object notstarted
2024-02-19 19:06:19,082.082,__main___datalogs,INFO,JoyConState.PREP_SNS,0.000000,0.000000,0.000000,0.091547,-0.004577,0.002289,0.004577,0.000000,0.000000,0.000000,0.000000,0,0,0,0,0,0,0,0,0,0,0,0.045257568359375,-0.010467529296875,0,0,0,0,0,0,0,0,Object notstarted,Object notstarted,Object notstarted,Object notstarted,Object notstarted,Object notstarted,Object notstarted,Object notstarted,Object notstarted
2024-02-19 19:06:19,129.129,__main___datalogs,INFO,JoyConState.PREP_SNS,0.000000,0.000000,0.000000,0.091547,-0.004577,0.000000,0.004577,0.000000,0.000000,0.000000,0.000000,0,0,0,0,0,0,0,0,0,0,0,0.045257568359375,-0.010467529296875,0,0,0,0,0,0,0,0,Object notstarted,Object notstarted,Object notstarted,Object notstarted,Object notstarted,Object notstarted,Object notstarted,Object notstarted,Object notstarted
2024-02-19 19:06:19,171.171,__main___datalogs,INFO,JoyConState.PREP_SNS,0.000000,0.000000,0.000000,0.096125,-0.004577,0.000000,0.004577,0.000000,0.000000,0.000000,0.000000,0,0,0,0,0,0,0,0,0,0,0,0.045257568359375,-0.010467529296875,0,0,0,0,0,0,0,0,Object notstarted,Object notstarted,Object notstarted,Object notstarted,Object notstarted,Object notstarted,Object notstarted,Object notstarted,Object notstarted
2024-02-19 19:06:19,211.211,__main___datalogs,INFO,JoyConState.PREP_SNS,0.000000,0.000000,0.000000,0.096125,-0.004577,0.000000,0.004577,0.000000,0.000000,0.000000,0.000000,0,0,0,0,0,0,0,0,0,0,0,0.045257568359375,-0.010467529296875,0,0,0,0,0,0,0,0,Object notstarted,Object notstarted,Object notstarted,Object notstarted,Object notstarted,Object notstarted,Object notstarted,Object notstarted,Object notstarted
2024-02-19 19:06:19,251.251,__main___datalogs,INFO,JoyConState.PREP_SNS,0.000000,0.000000,0.000000,0.096125,-0.009155,0.000000,0.004577,0.000000,0.000000,0.000000,0.000000,0,0,0,0,0,0,0,0,0,0,0,0.045257568359375,-0.010467529296875,0,0,0,0,0,0,0,0,Object notstarted,Object notstarted,Object notstarted,Object notstarted,Object notstarted,Object notstarted,Object notstarted,Object notstarted,Object notstarted
2024-02-19 19:06:19,293.293,__main___datalogs,INFO,JoyConState.PREP_SNS,0.000000,0.000000,0.000000,0.091547,-0.004577,0.000000,0.004577,0.000000,0.000000,0.000000,0.000000,0,0,0,0,0,0,0,0,0,0,0,0.045257568359375,-0.010467529296875,0,0,0,0,0,0,0,0,Object notstarted,Object notstarted,Object notstarted,Object notstarted,Object notstarted,Object notstarted,Object notstarted,Object notstarted,Object notstarted
2024-02-19 19:06:19,334.334,__main___datalogs,INFO,JoyConState.PREP_SNS,0.000000,0.000000,0.000000,0.091547,-0.009155,0.000000,0.004577,0.000000,0.000000,0.000000,0.000000,0,0,0,0,0,0,0,0,0,0,0,0.045257568359375,-0.010467529296875,0,0,0,0,0,0,0,0,Object notstarted,Object notstarted,Object notstarted,Object notstarted,Object notstarted,Object notstarted,Object notstarted,Object notstarted,Object notstarted
2024-02-19 19:06:19,374.374,__main___datalogs,INFO,JoyConState.PREP_SNS,0.000000,0.000000,0.000000,0.091547,-0.004577,0.000000,0.004577,0.000000,0.000000,0.000000,0.000000,0,0,0,0,0,0,0,0,0,0,0,0.045257568359375,-0.010467529296875,0,0,0,0,0,0,0,0,Object notstarted,Object notstarted,Object notstarted,Object notstarted,Object notstarted,Object notstarted,Object notstarted,Object notstarted,Object notstarted
2024-02-19 19:06:19,415.415,__main___datalogs,INFO,JoyConState.PREP_SNS,0.000000,0.000000,0.000000,0.091547,-0.004577,0.000000,0.004577,0.000000,0.000000,0.000000,0.000000,0,0,0,0,0,0,0,0,0,0,0,0.045257568359375,-0.010467529296875,0,0,0,0,0,0,0,0,Object notstarted,Object notstarted,Object notstarted,Object notstarted,Object notstarted,Object notstarted,Object notstarted,Object notstarted,Object notstarted
2024-02-19 19:06:19,456.456,__main___datalogs,INFO,JoyConState.PREP_SNS,0.000000,0.000000,0.000000,0.096125,-0.009155,0.000000,0.000000,0.000000,0.000000,0.000000,0.000000,0,0,0,0,0,0,0,0,0,0,0,0.045257568359375,-0.010467529296875,0,0,0,0,0,0,0,0,Object notstarted,Object notstarted,Object notstarted,Object notstarted,Object notstarted,Object notstarted,Object notstarted,Object notstarted,Object notstarted
2024-02-19 19:06:19,497.497,__main___datalogs,INFO,JoyConState.PREP_SNS,0.000000,0.000000,0.000000,0.091547,-0.009155,0.000000,0.004577,0.000000,0.000000,0.000000,0.000000,0,0,0,0,0,0,0,0,0,0,0,0.045257568359375,-0.010467529296875,0,0,0,0,0,0,0,0,Object notstarted,Object notstarted,Object notstarted,Object notstarted,Object notstarted,Object notstarted,Object notstarted,Object notstarted,Object notstarted
2024-02-19 19:06:19,538.538,__main___datalogs,INFO,JoyConState.PREP_SNS,0.000000,0.000000,0.000000,0.091547,-0.009155,0.000000,0.004577,0.000000,0.000000,0.000000,0.000000,0,0,0,0,0,0,0,0,0,0,0,0.045257568359375,-0.010467529296875,0,0,0,0,0,0,0,0,Object notstarted,Object notstarted,Object notstarted,Object notstarted,Object notstarted,Object notstarted,Object notstarted,Object notstarted,Object notstarted
2024-02-19 19:06:19,580.580,__main___datalogs,INFO,JoyConState.PREP_SNS,0.000000,0.000000,0.000000,0.096125,-0.004577,0.000000,0.004577,0.000000,0.000000,0.000000,0.000000,0,0,0,0,0,0,0,0,0,0,0,0.045257568359375,-0.010467529296875,0,0,0,0,0,0,0,0,Object notstarted,Object notstarted,Object notstarted,Object notstarted,Object notstarted,Object notstarted,Object notstarted,Object notstarted,Object notstarted
2024-02-19 19:06:19,622.622,__main___datalogs,INFO,JoyConState.PREP_SNS,0.000000,0.000000,0.000000,0.091547,-0.009155,0.000000,0.004577,0.000000,0.000000,0.000000,0.000000,0,0,0,0,0,0,0,0,0,0,0,0.045257568359375,-0.010467529296875,0,0,0,0,0,0,0,0,Object notstarted,Object notstarted,Object notstarted,Object notstarted,Object notstarted,Object notstarted,Object notstarted,Object notstarted,Object notstarted
2024-02-19 19:06:19,662.662,__main___datalogs,INFO,JoyConState.PREP_SNS,0.000000,0.000000,0.000000,0.091547,-0.004577,0.000000,0.004577,0.000000,0.000000,0.000000,0.000000,0,0,0,0,0,0,0,0,0,0,0,0.045257568359375,-0.010467529296875,0,0,0,0,0,0,0,0,Object notstarted,Object notstarted,Object notstarted,Object notstarted,Object notstarted,Object notstarted,Object notstarted,Object notstarted,Object notstarted
2024-02-19 19:06:19,704.704,__main___datalogs,INFO,JoyConState.PREP_SNS,0.000000,0.000000,0.000000,0.096125,-0.009155,0.000000,0.000000,0.000000,0.000000,0.000000,0.000000,0,0,0,0,0,0,0,0,0,0,0,0.045257568359375,-0.010467529296875,0,0,0,0,0,0,0,0,Object notstarted,Object notstarted,Object notstarted,Object notstarted,Object notstarted,Object notstarted,Object notstarted,Object notstarted,Object notstarted
2024-02-19 19:06:19,744.744,__main___datalogs,INFO,JoyConState.PREP_SNS,0.000000,0.000000,0.000000,0.096125,-0.009155,0.000000,0.004577,0.000000,0.000000,0.000000,0.000000,0,0,0,0,0,0,0,0,0,0,0,0.045257568359375,-0.010467529296875,0,0,0,0,0,0,0,0,Object notstarted,Object notstarted,Object notstarted,Object notstarted,Object notstarted,Object notstarted,Object notstarted,Object notstarted,Object notstarted
2024-02-19 19:06:19,786.786,__main___datalogs,INFO,JoyConState.PREP_SNS,0.000000,0.000000,0.000000,0.091547,-0.004577,0.000000,0.004577,0.000000,0.000000,0.000000,0.000000,0,0,0,0,0,0,0,0,0,0,0,0.045257568359375,-0.010467529296875,0,0,0,0,0,0,0,0,Object notstarted,Object notstarted,Object notstarted,Object notstarted,Object notstarted,Object notstarted,Object notstarted,Object notstarted,Object notstarted
2024-02-19 19:06:19,826.826,__main___datalogs,INFO,JoyConState.PREP_SNS,0.000000,0.000000,0.000000,0.091547,-0.009155,0.000000,0.004577,0.000000,0.000000,0.000000,0.000000,0,0,0,0,0,0,0,0,0,0,0,0.045257568359375,-0.010467529296875,0,0,0,0,0,0,0,0,Object notstarted,Object notstarted,Object notstarted,Object notstarted,Object notstarted,Object notstarted,Object notstarted,Object notstarted,Object notstarted
2024-02-19 19:06:19,869.869,__main___datalogs,INFO,JoyConState.PREP_SNS,0.000000,0.000000,0.000000,0.091547,-0.011444,0.000000,0.000000,0.000000,0.000000,0.000000,0.000000,0,0,0,0,0,0,0,0,0,0,0,0.045257568359375,-0.010467529296875,0,0,0,0,0,0,0,0,Object notstarted,Object notstarted,Object notstarted,Object notstarted,Object notstarted,Object notstarted,Object notstarted,Object notstarted,Object notstarted
2024-02-19 19:06:19,909.909,__main___datalogs,INFO,JoyConState.PREP_SNS,0.000000,0.000000,0.000000,0.091547,-0.011444,0.000000,0.000000,0.000000,0.000000,0.000000,0.000000,0,0,0,0,0,0,0,0,0,0,0,0.045257568359375,-0.010467529296875,0,0,0,0,0,0,0,0,Object notstarted,Object notstarted,Object notstarted,Object notstarted,Object notstarted,Object notstarted,Object notstarted,Object notstarted,Object notstarted
2024-02-19 19:06:19,951.951,__main___datalogs,INFO,JoyConState.PREP_SNS,0.000000,0.000000,0.000000,0.091547,-0.004577,0.000000,0.004577,0.000000,0.000000,0.000000,0.000000,0,0,0,0,0,0,0,0,0,0,0,0.045257568359375,-0.010467529296875,0,0,0,0,0,0,0,0,Object notstarted,Object notstarted,Object notstarted,Object notstarted,Object notstarted,Object notstarted,Object notstarted,Object notstarted,Object notstarted
2024-02-19 19:06:19,992.992,__main___datalogs,INFO,JoyConState.PREP_SNS,0.000000,0.000000,0.000000,0.091547,-0.009155,0.000000,0.004577,0.000000,0.000000,0.000000,0.000000,0,0,0,0,0,0,0,0,0,0,0,0.045257568359375,-0.010467529296875,0,0,0,0,0,0,0,0,Object notstarted,Object notstarted,Object notstarted,Object notstarted,Object notstarted,Object notstarted,Object notstarted,Object notstarted,Object notstarted
2024-02-19 19:06:20,033.033,__main___datalogs,INFO,JoyConState.PREP_SNS,0.000000,0.000000,0.000000,0.091547,-0.009155,0.000000,0.004577,0.000000,0.000000,0.000000,0.000000,0,0,0,0,0,0,0,0,0,0,0,0.045257568359375,-0.010467529296875,0,0,0,0,0,0,0,0,Object notstarted,Object notstarted,Object notstarted,Object notstarted,Object notstarted,Object notstarted,Object notstarted,Object notstarted,Object notstarted
2024-02-19 19:06:20,092.092,__main___datalogs,INFO,JoyConState.PREP_SNS,0.000000,0.000000,0.000000,0.091547,-0.004577,0.000000,0.000000,0.000000,0.000000,0.000000,0.000000,0,0,0,0,0,0,0,0,0,0,0,0.045257568359375,-0.010467529296875,0,0,0,0,0,0,0,0,Object notstarted,Object notstarted,Object notstarted,Object notstarted,Object notstarted,Object notstarted,Object notstarted,Object notstarted,Object notstarted
2024-02-19 19:06:20,136.136,__main___datalogs,INFO,JoyConState.PREP_SNS,0.000000,0.000000,0.000000,0.091547,-0.004577,0.000000,0.000000,0.000000,0.000000,0.000000,0.000000,0,0,0,0,0,0,0,0,0,0,0,0.045257568359375,-0.010467529296875,0,0,0,0,0,0,0,0,Object notstarted,Object notstarted,Object notstarted,Object notstarted,Object notstarted,Object notstarted,Object notstarted,Object notstarted,Object notstarted
2024-02-19 19:06:20,178.178,__main___datalogs,INFO,JoyConState.PREP_SNS,0.000000,0.000000,0.000000,0.091547,-0.009155,0.002289,0.000000,0.000000,0.000000,0.000000,0.000000,0,0,0,0,0,0,0,0,0,0,0,0.045257568359375,-0.010467529296875,0,0,0,0,0,0,0,0,Object notstarted,Object notstarted,Object notstarted,Object notstarted,Object notstarted,Object notstarted,Object notstarted,Object notstarted,Object notstarted
2024-02-19 19:06:20,220.220,__main___datalogs,INFO,JoyConState.PREP_SNS,0.000000,0.000000,0.000000,0.091547,-0.004577,0.000000,0.004577,0.000000,0.000000,0.000000,0.000000,0,0,0,0,0,0,0,0,0,0,0,0.045257568359375,-0.010467529296875,0,0,0,0,0,0,0,0,Object notstarted,Object notstarted,Object notstarted,Object notstarted,Object notstarted,Object notstarted,Object notstarted,Object notstarted,Object notstarted
2024-02-19 19:06:20,261.261,__main___datalogs,INFO,JoyConState.PREP_SNS,0.000000,0.000000,0.000000,0.091547,-0.009155,0.000000,0.004577,0.000000,0.000000,0.000000,0.000000,0,0,0,0,0,0,0,0,0,0,0,0.045257568359375,-0.010467529296875,0,0,0,0,0,0,0,0,Object notstarted,Object notstarted,Object notstarted,Object notstarted,Object notstarted,Object notstarted,Object notstarted,Object notstarted,Object notstarted
2024-02-19 19:06:20,303.303,__main___datalogs,INFO,JoyConState.PREP_SNS,0.000000,0.000000,0.000000,0.091547,-0.009155,0.000000,0.004577,0.000000,0.000000,0.000000,0.000000,0,0,0,0,0,0,0,0,0,0,0,0.045257568359375,-0.010467529296875,0,0,0,0,0,0,0,0,Object notstarted,Object notstarted,Object notstarted,Object notstarted,Object notstarted,Object notstarted,Object notstarted,Object notstarted,Object notstarted
2024-02-19 19:06:20,343.343,__main___datalogs,INFO,JoyConState.PREP_SNS,0.000000,0.000000,0.000000,0.091547,-0.004577,0.000000,0.004577,0.000000,0.000000,0.000000,0.000000,0,0,0,0,0,0,0,0,0,0,0,0.045257568359375,-0.010467529296875,0,0,0,0,0,0,0,0,Object notstarted,Object notstarted,Object notstarted,Object notstarted,Object notstarted,Object notstarted,Object notstarted,Object notstarted,Object notstarted
2024-02-19 19:06:20,383.383,__main___datalogs,INFO,JoyConState.PREP_SNS,0.000000,0.000000,0.000000,0.091547,-0.004577,0.002289,0.004577,0.000000,0.000000,0.000000,0.000000,0,0,0,0,0,0,0,0,0,0,0,0.045257568359375,-0.010467529296875,0,0,0,0,0,0,0,0,Object notstarted,Object notstarted,Object notstarted,Object notstarted,Object notstarted,Object notstarted,Object notstarted,Object notstarted,Object notstarted
2024-02-19 19:06:20,423.423,__main___datalogs,INFO,JoyConState.PREP_SNS,0.000000,0.000000,0.000000,0.096125,-0.004577,0.002289,0.004577,0.000000,0.000000,0.000000,0.000000,0,0,0,0,0,0,0,0,0,0,0,0.045257568359375,-0.010467529296875,0,0,0,0,0,0,0,0,Object notstarted,Object notstarted,Object notstarted,Object notstarted,Object notstarted,Object notstarted,Object notstarted,Object notstarted,Object notstarted
2024-02-19 19:06:20,465.465,__main___datalogs,INFO,JoyConState.PREP_SNS,0.000000,0.000000,0.000000,0.096125,-0.009155,0.002289,0.000000,0.000000,0.000000,0.000000,0.000000,0,0,0,0,0,0,0,0,0,0,0,0.045257568359375,-0.010467529296875,0,0,0,0,0,0,0,0,Object notstarted,Object notstarted,Object notstarted,Object notstarted,Object notstarted,Object notstarted,Object notstarted,Object notstarted,Object notstarted
2024-02-19 19:06:20,505.505,__main___datalogs,INFO,JoyConState.PREP_SNS,0.000000,0.000000,0.000000,0.096125,-0.009155,0.000000,0.004577,0.000000,0.000000,0.000000,0.000000,0,0,0,0,0,0,0,0,0,0,0,0.045257568359375,-0.010467529296875,0,0,0,0,0,0,0,0,Object notstarted,Object notstarted,Object notstarted,Object notstarted,Object notstarted,Object notstarted,Object notstarted,Object notstarted,Object notstarted
2024-02-19 19:06:20,547.547,__main___datalogs,INFO,JoyConState.PREP_SNS,0.000000,0.000000,0.000000,0.096125,-0.004577,0.000000,0.004577,0.000000,0.000000,0.000000,0.000000,0,0,0,0,0,0,0,0,0,0,0,0.045257568359375,-0.010467529296875,0,0,0,0,0,0,0,0,Object notstarted,Object notstarted,Object notstarted,Object notstarted,Object notstarted,Object notstarted,Object notstarted,Object notstarted,Object notstarted
2024-02-19 19:06:20,588.588,__main___datalogs,INFO,JoyConState.PREP_SNS,0.000000,0.000000,0.000000,0.096125,-0.009155,0.000000,0.004577,0.000000,0.000000,0.000000,0.000000,0,0,0,0,0,0,0,0,0,0,0,0.045257568359375,-0.010467529296875,0,0,0,0,0,0,0,0,Object notstarted,Object notstarted,Object notstarted,Object notstarted,Object notstarted,Object notstarted,Object notstarted,Object notstarted,Object notstarted
2024-02-19 19:06:20,632.632,__main___datalogs,INFO,JoyConState.PREP_SNS,0.000000,0.000000,0.000000,0.091547,-0.009155,-0.006866,0.004577,0.000000,0.000000,0.000000,0.000000,0,0,0,0,0,0,0,0,0,0,0,0.045257568359375,-0.010467529296875,0,0,0,0,0,0,0,0,Object notstarted,Object notstarted,Object notstarted,Object notstarted,Object notstarted,Object notstarted,Object notstarted,Object notstarted,Object notstarted
2024-02-19 19:06:20,672.672,__main___datalogs,INFO,JoyConState.PREP_SNS,0.000000,0.000000,0.000000,0.091547,-0.009155,-0.006866,0.004577,0.000000,0.000000,0.000000,0.000000,0,0,0,0,0,0,0,0,0,0,0,0.045257568359375,-0.010467529296875,0,0,0,0,0,0,0,0,Object notstarted,Object notstarted,Object notstarted,Object notstarted,Object notstarted,Object notstarted,Object notstarted,Object notstarted,Object notstarted
2024-02-19 19:06:20,714.714,__main___datalogs,INFO,JoyConState.PREP_SNS,0.000000,0.000000,0.000000,0.091547,-0.009155,0.000000,0.004577,0.000000,0.000000,0.000000,0.000000,0,0,0,0,0,0,0,0,0,0,0,0.045257568359375,-0.010467529296875,0,0,0,0,0,0,0,0,Object notstarted,Object notstarted,Object notstarted,Object notstarted,Object notstarted,Object notstarted,Object notstarted,Object notstarted,Object notstarted
2024-02-19 19:06:20,754.754,__main___datalogs,INFO,JoyConState.PREP_SNS,0.000000,0.000000,0.000000,0.091547,-0.009155,0.000000,0.004577,0.000000,0.000000,0.000000,0.000000,0,0,0,0,0,0,0,0,0,0,0,0.045257568359375,-0.010467529296875,0,0,0,0,0,0,0,0,Object notstarted,Object notstarted,Object notstarted,Object notstarted,Object notstarted,Object notstarted,Object notstarted,Object notstarted,Object notstarted
2024-02-19 19:06:20,797.797,__main___datalogs,INFO,JoyConState.PREP_SNS,0.000000,0.000000,0.000000,0.091547,-0.009155,0.000000,0.004577,0.000000,0.000000,0.000000,0.000000,0,0,0,0,0,0,0,0,0,0,0,0.045257568359375,-0.010467529296875,0,0,0,0,0,0,0,0,Object notstarted,Object notstarted,Object notstarted,Object notstarted,Object notstarted,Object notstarted,Object notstarted,Object notstarted,Object notstarted
2024-02-19 19:06:20,836.836,__main___datalogs,INFO,JoyConState.PREP_SNS,0.000000,0.000000,0.000000,0.091547,-0.004577,0.000000,0.004577,0.000000,0.000000,0.000000,0.000000,0,0,0,0,0,0,0,0,0,0,0,0.045257568359375,-0.010467529296875,0,0,0,0,0,0,0,0,Object notstarted,Object notstarted,Object notstarted,Object notstarted,Object notstarted,Object notstarted,Object notstarted,Object notstarted,Object notstarted
2024-02-19 19:06:20,878.878,__main___datalogs,INFO,JoyConState.PREP_SNS,0.000000,0.000000,0.000000,0.091547,-0.004577,0.000000,0.004577,0.000000,0.000000,0.000000,0.000000,0,0,0,0,0,0,0,0,0,0,0,0.045257568359375,-0.010467529296875,0,0,0,0,0,0,0,0,Object notstarted,Object notstarted,Object notstarted,Object notstarted,Object notstarted,Object notstarted,Object notstarted,Object notstarted,Object notstarted
2024-02-19 19:06:20,920.920,__main___datalogs,INFO,JoyConState.PREP_SNS,0.000000,0.000000,0.000000,0.091547,-0.009155,0.000000,0.004577,0.000000,0.000000,0.000000,0.000000,0,0,0,0,0,0,0,0,0,0,0,0.045257568359375,-0.010467529296875,0,0,0,0,0,0,0,0,Object notstarted,Object notstarted,Object notstarted,Object notstarted,Object notstarted,Object notstarted,Object notstarted,Object notstarted,Object notstarted
2024-02-19 19:06:20,961.961,__main___datalogs,INFO,JoyConState.PREP_SNS,0.000000,0.000000,0.000000,0.091547,-0.009155,0.000000,0.004577,0.000000,0.000000,0.000000,0.000000,0,0,0,0,0,0,0,0,0,0,0,0.045257568359375,-0.010467529296875,0,0,0,0,0,0,0,0,Object notstarted,Object notstarted,Object notstarted,Object notstarted,Object notstarted,Object notstarted,Object notstarted,Object notstarted,Object notstarted
2024-02-19 19:06:21,003.003,__main___datalogs,INFO,JoyConState.PREP_SNS,0.000000,0.000000,0.000000,0.091547,-0.004577,0.000000,0.004577,0.000000,0.000000,0.000000,0.000000,0,0,0,0,0,0,0,0,0,0,0,0.045257568359375,-0.010467529296875,0,0,0,0,0,0,0,0,Object notstarted,Object notstarted,Object notstarted,Object notstarted,Object notstarted,Object notstarted,Object notstarted,Object notstarted,Object notstarted
2024-02-19 19:06:21,044.044,__main___datalogs,INFO,JoyConState.PREP_SNS,0.000000,0.000000,0.000000,0.096125,-0.009155,0.000000,0.004577,0.000000,0.000000,0.000000,0.000000,0,0,0,0,0,0,0,0,0,0,0,0.045257568359375,-0.010467529296875,0,0,0,0,0,0,0,0,Object notstarted,Object notstarted,Object notstarted,Object notstarted,Object notstarted,Object notstarted,Object notstarted,Object notstarted,Object notstarted
2024-02-19 19:06:21,086.086,__main___datalogs,INFO,JoyConState.PREP_SNS,0.000000,0.000000,0.000000,0.096125,-0.009155,0.000000,0.004577,0.000000,0.000000,0.000000,0.000000,0,0,0,0,0,0,0,0,0,0,0,0.045257568359375,-0.010467529296875,0,0,0,0,0,0,0,0,Object notstarted,Object notstarted,Object notstarted,Object notstarted,Object notstarted,Object notstarted,Object notstarted,Object notstarted,Object notstarted
2024-02-19 19:06:21,126.126,__main___datalogs,INFO,JoyConState.PREP_SNS,0.000000,0.000000,0.000000,0.091547,-0.004577,0.000000,0.004577,0.000000,0.000000,0.000000,0.000000,0,0,0,0,0,0,0,0,0,0,0,0.045257568359375,-0.010467529296875,0,0,0,0,0,0,0,0,Object notstarted,Object notstarted,Object notstarted,Object notstarted,Object notstarted,Object notstarted,Object notstarted,Object notstarted,Object notstarted
2024-02-19 19:06:21,181.181,__main___datalogs,INFO,JoyConState.PREP_SNS,0.000000,0.000000,0.000000,0.091547,-0.004577,0.000000,0.004577,0.000000,0.000000,0.000000,0.000000,0,0,0,0,0,0,0,0,0,0,0,0.045257568359375,-0.010467529296875,0,0,0,0,0,0,0,0,Object notstarted,Object notstarted,Object notstarted,Object notstarted,Object notstarted,Object notstarted,Object notstarted,Object notstarted,Object notstarted
2024-02-19 19:06:21,224.224,__main___datalogs,INFO,JoyConState.PREP_SNS,0.000000,0.000000,0.000000,0.091547,-0.004577,0.000000,0.004577,0.000000,0.000000,0.000000,0.000000,0,0,0,0,0,0,0,0,0,0,0,0.045257568359375,-0.010467529296875,0,0,0,0,0,0,0,0,Object notstarted,Object notstarted,Object notstarted,Object notstarted,Object notstarted,Object notstarted,Object notstarted,Object notstarted,Object notstarted
2024-02-19 19:06:21,265.265,__main___datalogs,INFO,JoyConState.PREP_SNS,0.000000,0.000000,0.000000,0.091547,0.000000,0.000000,0.004577,0.000000,0.000000,0.000000,0.000000,0,0,0,0,0,0,0,0,0,0,0,0.045257568359375,-0.010467529296875,0,0,0,0,0,0,0,0,Object notstarted,Object notstarted,Object notstarted,Object notstarted,Object notstarted,Object notstarted,Object notstarted,Object notstarted,Object notstarted
2024-02-19 19:06:21,307.307,__main___datalogs,INFO,JoyConState.PREP_SNS,0.000000,0.000000,0.000000,0.091547,0.000000,0.000000,0.004577,0.000000,0.000000,0.000000,0.000000,0,0,0,0,0,0,0,0,0,0,0,0.045257568359375,-0.010467529296875,0,0,0,0,0,0,0,0,Object notstarted,Object notstarted,Object notstarted,Object notstarted,Object notstarted,Object notstarted,Object notstarted,Object notstarted,Object notstarted
2024-02-19 19:06:21,348.348,__main___datalogs,INFO,JoyConState.PREP_SNS,0.000000,0.000000,0.000000,0.096125,-0.009155,0.002289,0.004577,0.000000,0.000000,0.000000,0.000000,0,0,0,0,0,0,0,0,0,0,0,0.045257568359375,-0.010467529296875,0,0,0,0,0,0,0,0,Object notstarted,Object notstarted,Object notstarted,Object notstarted,Object notstarted,Object notstarted,Object notstarted,Object notstarted,Object notstarted
2024-02-19 19:06:21,389.389,__main___datalogs,INFO,JoyConState.PREP_SNS,0.000000,0.000000,0.000000,0.091547,-0.009155,0.002289,0.004577,0.000000,0.000000,0.000000,0.000000,0,0,0,0,0,0,0,0,0,0,0,0.045257568359375,-0.010467529296875,0,0,0,0,0,0,0,0,Object notstarted,Object notstarted,Object notstarted,Object notstarted,Object notstarted,Object notstarted,Object notstarted,Object notstarted,Object notstarted
2024-02-19 19:06:21,430.430,__main___datalogs,INFO,JoyConState.PREP_SNS,0.000000,0.000000,0.000000,0.091547,-0.009155,0.000000,0.004577,0.000000,0.000000,0.000000,0.000000,0,0,0,0,0,0,0,0,0,0,0,0.045257568359375,-0.010467529296875,0,0,0,0,0,0,0,0,Object notstarted,Object notstarted,Object notstarted,Object notstarted,Object notstarted,Object notstarted,Object notstarted,Object notstarted,Object notstarted
2024-02-19 19:06:21,473.473,__main___datalogs,INFO,JoyConState.PREP_SNS,0.000000,0.000000,0.000000,0.091547,-0.011444,0.000000,0.004577,0.000000,0.000000,0.000000,0.000000,0,0,0,0,0,0,0,0,0,0,0,0.045257568359375,-0.010467529296875,0,0,0,0,0,0,0,0,Object notstarted,Object notstarted,Object notstarted,Object notstarted,Object notstarted,Object notstarted,Object notstarted,Object notstarted,Object notstarted
2024-02-19 19:06:21,513.513,__main___datalogs,INFO,JoyConState.PREP_SNS,0.000000,0.000000,0.000000,0.091547,-0.011444,0.000000,0.004577,0.000000,0.000000,0.000000,0.000000,0,0,0,0,0,0,0,0,0,0,0,0.045257568359375,-0.010467529296875,0,0,0,0,0,0,0,0,Object notstarted,Object notstarted,Object notstarted,Object notstarted,Object notstarted,Object notstarted,Object notstarted,Object notstarted,Object notstarted
2024-02-19 19:06:21,555.555,__main___datalogs,INFO,JoyConState.PREP_SNS,0.000000,0.000000,0.000000,0.091547,-0.004577,0.000000,0.004577,0.000000,0.000000,0.000000,0.000000,0,0,0,0,0,0,0,0,0,0,0,0.045257568359375,-0.010467529296875,0,0,0,0,0,0,0,0,Object notstarted,Object notstarted,Object notstarted,Object notstarted,Object notstarted,Object notstarted,Object notstarted,Object notstarted,Object notstarted
2024-02-19 19:06:21,596.596,__main___datalogs,INFO,JoyConState.PREP_SNS,0.000000,0.000000,0.000000,0.091547,-0.011444,0.000000,0.004577,0.000000,0.000000,0.000000,0.000000,0,0,0,0,0,0,0,0,0,0,0,0.045257568359375,-0.010467529296875,0,0,0,0,0,0,0,0,Object notstarted,Object notstarted,Object notstarted,Object notstarted,Object notstarted,Object notstarted,Object notstarted,Object notstarted,Object notstarted
2024-02-19 19:06:21,637.637,__main___datalogs,INFO,JoyConState.PREP_SNS,0.000000,0.000000,0.000000,0.091547,-0.009155,0.000000,0.000000,0.000000,0.000000,0.000000,0.000000,0,0,0,0,0,0,0,0,0,0,0,0.045257568359375,-0.010467529296875,0,0,0,0,0,0,0,0,Object notstarted,Object notstarted,Object notstarted,Object notstarted,Object notstarted,Object notstarted,Object notstarted,Object notstarted,Object notstarted
2024-02-19 19:06:21,678.678,__main___datalogs,INFO,JoyConState.PREP_SNS,0.000000,0.000000,0.000000,0.091547,-0.009155,0.000000,0.000000,0.000000,0.000000,0.000000,0.000000,0,0,0,0,0,0,0,0,0,0,0,0.045257568359375,-0.010467529296875,0,0,0,0,0,0,0,0,Object notstarted,Object notstarted,Object notstarted,Object notstarted,Object notstarted,Object notstarted,Object notstarted,Object notstarted,Object notstarted
2024-02-19 19:06:21,722.722,__main___datalogs,INFO,JoyConState.PREP_SNS,0.000000,0.000000,0.000000,0.091547,-0.009155,0.002289,0.004577,0.000000,0.000000,0.000000,0.000000,0,0,0,0,0,0,0,0,0,0,0,0.045257568359375,-0.010467529296875,0,0,0,0,0,0,0,0,Object notstarted,Object notstarted,Object notstarted,Object notstarted,Object notstarted,Object notstarted,Object notstarted,Object notstarted,Object notstarted
2024-02-19 19:06:21,764.764,__main___datalogs,INFO,JoyConState.PREP_SNS,0.000000,0.000000,0.000000,0.096125,-0.004577,0.002289,0.006866,0.000000,0.000000,0.000000,0.000000,0,0,0,0,0,0,0,0,0,0,0,0.045257568359375,-0.010467529296875,0,0,0,0,0,0,0,0,Object notstarted,Object notstarted,Object notstarted,Object notstarted,Object notstarted,Object notstarted,Object notstarted,Object notstarted,Object notstarted
2024-02-19 19:06:21,804.804,__main___datalogs,INFO,JoyConState.PREP_SNS,0.000000,0.000000,0.000000,0.096125,0.000000,0.002289,0.004577,0.000000,0.000000,0.000000,0.000000,0,0,0,0,0,0,0,0,0,0,0,0.045257568359375,-0.010467529296875,0,0,0,0,0,0,0,0,Object notstarted,Object notstarted,Object notstarted,Object notstarted,Object notstarted,Object notstarted,Object notstarted,Object notstarted,Object notstarted
2024-02-19 19:06:21,845.845,__main___datalogs,INFO,JoyConState.PREP_SNS,0.000000,0.000000,0.000000,0.096125,0.000000,0.000000,0.004577,0.000000,0.000000,0.000000,0.000000,0,0,0,0,0,0,0,0,0,0,0,0.045257568359375,-0.010467529296875,0,0,0,0,0,0,0,0,Object notstarted,Object notstarted,Object notstarted,Object notstarted,Object notstarted,Object notstarted,Object notstarted,Object notstarted,Object notstarted
2024-02-19 19:06:21,890.890,__main___datalogs,INFO,JoyConState.PREP_SNS,0.000000,0.000000,0.000000,0.096125,-0.011444,-0.006866,0.004577,0.000000,0.000000,0.000000,0.000000,0,0,0,0,0,0,0,0,0,0,0,0.045257568359375,-0.010467529296875,0,0,0,0,0,0,0,0,Object notstarted,Object notstarted,Object notstarted,Object notstarted,Object notstarted,Object notstarted,Object notstarted,Object notstarted,Object notstarted
2024-02-19 19:06:21,930.930,__main___datalogs,INFO,JoyConState.PREP_SNS,0.000000,0.000000,0.000000,0.096125,-0.009155,0.000000,0.000000,0.000000,0.000000,0.000000,0.000000,0,0,0,0,0,0,0,0,0,0,0,0.045257568359375,-0.010467529296875,0,0,0,0,0,0,0,0,Object notstarted,Object notstarted,Object notstarted,Object notstarted,Object notstarted,Object notstarted,Object notstarted,Object notstarted,Object notstarted
2024-02-19 19:06:21,972.972,__main___datalogs,INFO,JoyConState.PREP_SNS,0.000000,0.000000,0.000000,0.096125,-0.009155,0.000000,0.000000,0.000000,0.000000,0.000000,0.000000,0,0,0,0,0,0,0,0,0,0,0,0.045257568359375,-0.010467529296875,0,0,0,0,0,0,0,0,Object notstarted,Object notstarted,Object notstarted,Object notstarted,Object notstarted,Object notstarted,Object notstarted,Object notstarted,Object notstarted
2024-02-19 19:06:22,013.013,__main___datalogs,INFO,JoyConState.PREP_SNS,0.000000,0.000000,0.000000,0.096125,-0.009155,0.000000,0.004577,0.000000,0.000000,0.000000,0.000000,0,0,0,0,0,0,0,0,0,0,0,0.045257568359375,-0.010467529296875,0,0,0,0,0,0,0,0,Object notstarted,Object notstarted,Object notstarted,Object notstarted,Object notstarted,Object notstarted,Object notstarted,Object notstarted,Object notstarted
2024-02-19 19:06:22,055.055,__main___datalogs,INFO,JoyConState.PREP_SNS,0.000000,0.000000,0.000000,0.096125,-0.004577,0.000000,0.004577,0.000000,0.000000,0.000000,0.000000,0,0,0,0,0,0,0,0,0,0,0,0.045257568359375,-0.010467529296875,0,0,0,0,0,0,0,0,Object notstarted,Object notstarted,Object notstarted,Object notstarted,Object notstarted,Object notstarted,Object notstarted,Object notstarted,Object notstarted
2024-02-19 19:06:22,094.094,__main___datalogs,INFO,JoyConState.PREP_SNS,0.000000,0.000000,0.000000,0.096125,-0.009155,0.000000,0.004577,0.000000,0.000000,0.000000,0.000000,0,0,0,0,0,0,0,0,0,0,0,0.045257568359375,-0.010467529296875,0,0,0,0,0,0,0,0,Object notstarted,Object notstarted,Object notstarted,Object notstarted,Object notstarted,Object notstarted,Object notstarted,Object notstarted,Object notstarted
2024-02-19 19:06:22,138.138,__main___datalogs,INFO,JoyConState.PREP_SNS,0.000000,0.000000,0.000000,0.089258,-0.009155,0.000000,0.004577,0.000000,0.000000,0.000000,0.000000,0,0,0,0,0,0,0,0,0,0,0,0.045257568359375,-0.010467529296875,0,0,0,0,0,0,0,0,Object notstarted,Object notstarted,Object notstarted,Object notstarted,Object notstarted,Object notstarted,Object notstarted,Object notstarted,Object notstarted
2024-02-19 19:06:22,179.179,__main___datalogs,INFO,JoyConState.PREP_SNS,0.000000,0.000000,0.000000,0.091547,-0.004577,0.000000,0.004577,0.000000,0.000000,0.000000,0.000000,0,0,0,0,0,0,0,0,0,0,0,0.045257568359375,-0.010467529296875,0,0,0,0,0,0,0,0,Object notstarted,Object notstarted,Object notstarted,Object notstarted,Object notstarted,Object notstarted,Object notstarted,Object notstarted,Object notstarted
2024-02-19 19:06:22,243.243,__main___datalogs,INFO,JoyConState.PREP_SNS,0.000000,0.000000,0.000000,0.091547,-0.009155,0.000000,0.004577,0.000000,0.000000,0.000000,0.000000,0,0,0,0,0,0,0,0,0,0,0,0.045257568359375,-0.010467529296875,0,0,0,0,0,0,0,0,Object notstarted,Object notstarted,Object notstarted,Object notstarted,Object notstarted,Object notstarted,Object notstarted,Object notstarted,Object notstarted
2024-02-19 19:06:22,284.284,__main___datalogs,INFO,JoyConState.PREP_SNS,0.000000,0.000000,0.000000,0.089258,-0.009155,0.002289,0.004577,0.000000,0.000000,0.000000,0.000000,0,0,0,0,0,0,0,0,0,0,0,0.045257568359375,-0.010467529296875,0,0,0,0,0,0,0,0,Object notstarted,Object notstarted,Object notstarted,Object notstarted,Object notstarted,Object notstarted,Object notstarted,Object notstarted,Object notstarted
2024-02-19 19:06:22,325.325,__main___datalogs,INFO,JoyConState.PREP_SNS,0.000000,0.000000,0.000000,0.091547,-0.011444,0.000000,0.000000,0.000000,0.000000,0.000000,0.000000,0,0,0,0,0,0,0,0,0,0,0,0.045257568359375,-0.010467529296875,0,0,0,0,0,0,0,0,Object notstarted,Object notstarted,Object notstarted,Object notstarted,Object notstarted,Object notstarted,Object notstarted,Object notstarted,Object notstarted
2024-02-19 19:06:22,367.367,__main___datalogs,INFO,JoyConState.PREP_SNS,0.000000,0.000000,0.000000,0.096125,-0.009155,0.000000,0.000000,0.000000,0.000000,0.000000,0.000000,0,0,0,0,0,0,0,0,0,0,0,0.045257568359375,-0.010467529296875,0,0,0,0,0,0,0,0,Object notstarted,Object notstarted,Object notstarted,Object notstarted,Object notstarted,Object notstarted,Object notstarted,Object notstarted,Object notstarted
2024-02-19 19:06:22,408.408,__main___datalogs,INFO,JoyConState.PREP_SNS,0.000000,0.000000,0.000000,0.096125,-0.004577,0.000000,0.004577,0.000000,0.000000,0.000000,0.000000,0,0,0,0,0,0,0,0,0,0,0,0.045257568359375,-0.010467529296875,0,0,0,0,0,0,0,0,Object notstarted,Object notstarted,Object notstarted,Object notstarted,Object notstarted,Object notstarted,Object notstarted,Object notstarted,Object notstarted
2024-02-19 19:06:22,448.448,__main___datalogs,INFO,JoyConState.PREP_SNS,0.000000,0.000000,0.000000,0.091547,-0.004577,0.000000,0.004577,0.000000,0.000000,0.000000,0.000000,0,0,0,0,0,0,0,0,0,0,0,0.045257568359375,-0.010467529296875,0,0,0,0,0,0,0,0,Object notstarted,Object notstarted,Object notstarted,Object notstarted,Object notstarted,Object notstarted,Object notstarted,Object notstarted,Object notstarted
2024-02-19 19:06:22,490.490,__main___datalogs,INFO,JoyConState.PREP_SNS,0.000000,0.000000,0.000000,0.091547,-0.004577,0.000000,0.004577,0.000000,0.000000,0.000000,0.000000,0,0,0,0,0,0,0,0,0,0,0,0.045257568359375,-0.010467529296875,0,0,0,0,0,0,0,0,Object notstarted,Object notstarted,Object notstarted,Object notstarted,Object notstarted,Object notstarted,Object notstarted,Object notstarted,Object notstarted
2024-02-19 19:06:22,531.531,__main___datalogs,INFO,JoyConState.PREP_SNS,0.000000,0.000000,0.000000,0.091547,0.000000,0.000000,0.006866,0.000000,0.000000,0.000000,0.000000,0,0,0,0,0,0,0,0,0,0,0,0.045257568359375,-0.010467529296875,0,0,0,0,0,0,0,0,Object notstarted,Object notstarted,Object notstarted,Object notstarted,Object notstarted,Object notstarted,Object notstarted,Object notstarted,Object notstarted
2024-02-19 19:06:22,573.573,__main___datalogs,INFO,JoyConState.PREP_SNS,0.000000,0.000000,0.000000,0.091547,-0.004577,0.000000,0.004577,0.000000,0.000000,0.000000,0.000000,0,0,0,0,0,0,0,0,0,0,0,0.045257568359375,-0.010467529296875,0,0,0,0,0,0,0,0,Object notstarted,Object notstarted,Object notstarted,Object notstarted,Object notstarted,Object notstarted,Object notstarted,Object notstarted,Object notstarted
2024-02-19 19:06:22,615.615,__main___datalogs,INFO,JoyConState.PREP_SNS,0.000000,0.000000,0.000000,0.091547,-0.004577,0.000000,0.004577,0.000000,0.000000,0.000000,0.000000,0,0,0,0,0,0,0,0,0,0,0,0.045257568359375,-0.010467529296875,0,0,0,0,0,0,0,0,Object notstarted,Object notstarted,Object notstarted,Object notstarted,Object notstarted,Object notstarted,Object notstarted,Object notstarted,Object notstarted
2024-02-19 19:06:22,658.658,__main___datalogs,INFO,JoyConState.PREP_SNS,0.000000,0.000000,0.000000,0.091547,-0.004577,0.000000,0.004577,0.000000,0.000000,0.000000,0.000000,0,0,0,0,0,0,0,0,0,0,0,0.045257568359375,-0.010467529296875,0,0,0,0,0,0,0,0,Object notstarted,Object notstarted,Object notstarted,Object notstarted,Object notstarted,Object notstarted,Object notstarted,Object notstarted,Object notstarted
2024-02-19 19:06:22,696.696,__main___datalogs,INFO,JoyConState.PREP_SNS,0.000000,0.000000,0.000000,0.091547,-0.009155,0.002289,0.000000,0.000000,0.000000,0.000000,0.000000,0,0,0,0,0,0,0,0,0,0,0,0.045257568359375,-0.010467529296875,0,0,0,0,0,0,0,0,Object notstarted,Object notstarted,Object notstarted,Object notstarted,Object notstarted,Object notstarted,Object notstarted,Object notstarted,Object notstarted
2024-02-19 19:06:22,738.738,__main___datalogs,INFO,JoyConState.PREP_SNS,0.000000,0.000000,0.000000,0.091547,-0.004577,0.000000,0.000000,0.000000,0.000000,0.000000,0.000000,0,0,0,0,0,0,0,0,0,0,0,0.045257568359375,-0.010467529296875,0,0,0,0,0,0,0,0,Object notstarted,Object notstarted,Object notstarted,Object notstarted,Object notstarted,Object notstarted,Object notstarted,Object notstarted,Object notstarted
2024-02-19 19:06:22,779.779,__main___datalogs,INFO,JoyConState.PREP_SNS,0.000000,0.000000,0.000000,0.091547,-0.009155,0.000000,0.000000,0.000000,0.000000,0.000000,0.000000,0,0,0,0,0,0,0,0,0,0,0,0.045257568359375,-0.010467529296875,0,0,0,0,0,0,0,0,Object notstarted,Object notstarted,Object notstarted,Object notstarted,Object notstarted,Object notstarted,Object notstarted,Object notstarted,Object notstarted
2024-02-19 19:06:22,820.820,__main___datalogs,INFO,JoyConState.PREP_SNS,0.000000,0.000000,0.000000,0.091547,-0.009155,0.000000,0.004577,0.000000,0.000000,0.000000,0.000000,0,0,0,0,0,0,0,0,0,0,0,0.045257568359375,-0.010467529296875,0,0,0,0,0,0,0,0,Object notstarted,Object notstarted,Object notstarted,Object notstarted,Object notstarted,Object notstarted,Object notstarted,Object notstarted,Object notstarted
2024-02-19 19:06:22,861.861,__main___datalogs,INFO,JoyConState.PREP_SNS,0.000000,0.000000,0.000000,0.091547,-0.004577,0.000000,0.004577,0.000000,0.000000,0.000000,0.000000,0,0,0,0,0,0,0,0,0,0,0,0.045257568359375,-0.010467529296875,0,0,0,0,0,0,0,0,Object notstarted,Object notstarted,Object notstarted,Object notstarted,Object notstarted,Object notstarted,Object notstarted,Object notstarted,Object notstarted
2024-02-19 19:06:22,903.903,__main___datalogs,INFO,JoyConState.PREP_SNS,0.000000,0.000000,0.000000,0.091547,-0.009155,0.002289,0.004577,0.000000,0.000000,0.000000,0.000000,0,0,0,0,0,0,0,0,0,0,0,0.045257568359375,-0.010467529296875,0,0,0,0,0,0,0,0,Object notstarted,Object notstarted,Object notstarted,Object notstarted,Object notstarted,Object notstarted,Object notstarted,Object notstarted,Object notstarted
2024-02-19 19:06:22,943.943,__main___datalogs,INFO,JoyConState.PREP_SNS,0.000000,0.000000,0.000000,0.091547,-0.009155,0.000000,0.004577,0.000000,0.000000,0.000000,0.000000,0,0,0,0,0,0,0,0,0,0,0,0.045257568359375,-0.010467529296875,0,0,0,0,0,0,0,0,Object notstarted,Object notstarted,Object notstarted,Object notstarted,Object notstarted,Object notstarted,Object notstarted,Object notstarted,Object notstarted
2024-02-19 19:06:22,985.985,__main___datalogs,INFO,JoyConState.PREP_SNS,0.000000,0.000000,0.000000,0.091547,-0.004577,0.000000,0.004577,0.000000,0.000000,0.000000,0.000000,0,0,0,0,0,0,0,0,0,0,0,0.045257568359375,-0.010467529296875,0,0,0,0,0,0,0,0,Object notstarted,Object notstarted,Object notstarted,Object notstarted,Object notstarted,Object notstarted,Object notstarted,Object notstarted,Object notstarted
2024-02-19 19:06:23,026.026,__main___datalogs,INFO,JoyConState.PREP_SNS,0.000000,0.000000,0.000000,0.091547,-0.004577,0.000000,0.004577,0.000000,0.000000,0.000000,0.000000,0,0,0,0,0,0,0,0,0,0,0,0.045257568359375,-0.010467529296875,0,0,0,0,0,0,0,0,Object notstarted,Object notstarted,Object notstarted,Object notstarted,Object notstarted,Object notstarted,Object notstarted,Object notstarted,Object notstarted
2024-02-19 19:06:23,068.068,__main___datalogs,INFO,JoyConState.PREP_SNS,0.000000,0.000000,0.000000,0.091547,-0.004577,0.000000,0.004577,0.000000,0.000000,0.000000,0.000000,0,0,0,0,0,0,0,0,0,0,0,0.045257568359375,-0.010467529296875,0,0,0,0,0,0,0,0,Object notstarted,Object notstarted,Object notstarted,Object notstarted,Object notstarted,Object notstarted,Object notstarted,Object notstarted,Object notstarted
2024-02-19 19:06:23,109.109,__main___datalogs,INFO,JoyConState.PREP_SNS,0.000000,0.000000,0.000000,0.091547,-0.004577,0.000000,0.004577,0.000000,0.000000,0.000000,0.000000,0,0,0,0,0,0,0,0,0,0,0,0.045257568359375,-0.010467529296875,0,0,0,0,0,0,0,0,Object notstarted,Object notstarted,Object notstarted,Object notstarted,Object notstarted,Object notstarted,Object notstarted,Object notstarted,Object notstarted
2024-02-19 19:06:23,151.151,__main___datalogs,INFO,JoyConState.PREP_SNS,0.000000,0.000000,0.000000,0.091547,-0.004577,0.000000,0.004577,0.000000,0.000000,0.000000,0.000000,0,0,0,0,0,0,0,0,0,0,0,0.045257568359375,-0.010467529296875,0,0,0,0,0,0,0,0,Object notstarted,Object notstarted,Object notstarted,Object notstarted,Object notstarted,Object notstarted,Object notstarted,Object notstarted,Object notstarted
2024-02-19 19:06:23,193.193,__main___datalogs,INFO,JoyConState.PREP_SNS,0.000000,0.000000,0.000000,0.091547,-0.009155,0.000000,0.004577,0.000000,0.000000,0.000000,0.000000,0,0,0,0,0,0,0,0,0,0,0,0.045257568359375,-0.010467529296875,0,0,0,0,0,0,0,0,Object notstarted,Object notstarted,Object notstarted,Object notstarted,Object notstarted,Object notstarted,Object notstarted,Object notstarted,Object notstarted
2024-02-19 19:06:23,235.235,__main___datalogs,INFO,JoyConState.PREP_SNS,0.000000,0.000000,0.000000,0.096125,-0.004577,-0.006866,0.004577,0.000000,0.000000,0.000000,0.000000,0,0,0,0,0,0,0,0,0,0,0,0.045257568359375,-0.010467529296875,0,0,0,0,0,0,0,0,Object notstarted,Object notstarted,Object notstarted,Object notstarted,Object notstarted,Object notstarted,Object notstarted,Object notstarted,Object notstarted
2024-02-19 19:06:23,292.292,__main___datalogs,INFO,JoyConState.PREP_SNS,0.000000,0.000000,0.000000,0.091547,-0.009155,0.000000,0.000000,0.000000,0.000000,0.000000,0.000000,0,0,0,0,0,0,0,0,0,0,0,0.045257568359375,-0.010467529296875,0,0,0,0,0,0,0,0,Object notstarted,Object notstarted,Object notstarted,Object notstarted,Object notstarted,Object notstarted,Object notstarted,Object notstarted,Object notstarted
2024-02-19 19:06:23,333.333,__main___datalogs,INFO,JoyConState.PREP_SNS,0.000000,0.000000,0.000000,0.091547,-0.009155,0.000000,0.004577,0.000000,0.000000,0.000000,0.000000,0,0,0,0,0,0,0,0,0,0,0,0.045257568359375,-0.010467529296875,0,0,0,0,0,0,0,0,Object notstarted,Object notstarted,Object notstarted,Object notstarted,Object notstarted,Object notstarted,Object notstarted,Object notstarted,Object notstarted
2024-02-19 19:06:23,374.374,__main___datalogs,INFO,JoyConState.PREP_SNS,0.000000,0.000000,0.000000,0.091547,-0.004577,0.002289,0.004577,0.000000,0.000000,0.000000,0.000000,0,0,0,0,0,0,0,0,0,0,0,0.045257568359375,-0.010467529296875,0,0,0,0,0,0,0,0,Object notstarted,Object notstarted,Object notstarted,Object notstarted,Object notstarted,Object notstarted,Object notstarted,Object notstarted,Object notstarted
2024-02-19 19:06:23,415.415,__main___datalogs,INFO,JoyConState.PREP_SNS,0.000000,0.000000,0.000000,0.091547,-0.004577,0.002289,0.004577,0.000000,0.000000,0.000000,0.000000,0,0,0,0,0,0,0,0,0,0,0,0.045257568359375,-0.010467529296875,0,0,0,0,0,0,0,0,Object notstarted,Object notstarted,Object notstarted,Object notstarted,Object notstarted,Object notstarted,Object notstarted,Object notstarted,Object notstarted
2024-02-19 19:06:23,455.455,__main___datalogs,INFO,JoyConState.PREP_SNS,0.000000,0.000000,0.000000,0.091547,-0.009155,0.000000,0.004577,0.000000,0.000000,0.000000,0.000000,0,0,0,0,0,0,0,0,0,0,0,0.045257568359375,-0.010467529296875,0,0,0,0,0,0,0,0,Object notstarted,Object notstarted,Object notstarted,Object notstarted,Object notstarted,Object notstarted,Object notstarted,Object notstarted,Object notstarted
2024-02-19 19:06:23,497.497,__main___datalogs,INFO,JoyConState.PREP_SNS,0.000000,0.000000,0.000000,0.091547,0.000000,0.000000,0.004577,0.000000,0.000000,0.000000,0.000000,0,0,0,0,0,0,0,0,0,0,0,0.045257568359375,-0.010467529296875,0,0,0,0,0,0,0,0,Object notstarted,Object notstarted,Object notstarted,Object notstarted,Object notstarted,Object notstarted,Object notstarted,Object notstarted,Object notstarted
2024-02-19 19:06:23,539.539,__main___datalogs,INFO,JoyConState.PREP_SNS,0.000000,0.000000,0.000000,0.091547,-0.009155,-0.006866,0.004577,0.000000,0.000000,0.000000,0.000000,0,0,0,0,0,0,0,0,0,0,0,0.045257568359375,-0.010467529296875,0,0,0,0,0,0,0,0,Object notstarted,Object notstarted,Object notstarted,Object notstarted,Object notstarted,Object notstarted,Object notstarted,Object notstarted,Object notstarted
2024-02-19 19:06:23,581.581,__main___datalogs,INFO,JoyConState.PREP_SNS,0.000000,0.000000,0.000000,0.091547,-0.009155,0.000000,0.000000,0.000000,0.000000,0.000000,0.000000,0,0,0,0,0,0,0,0,0,0,0,0.045257568359375,-0.010467529296875,0,0,0,0,0,0,0,0,Object notstarted,Object notstarted,Object notstarted,Object notstarted,Object notstarted,Object notstarted,Object notstarted,Object notstarted,Object notstarted
2024-02-19 19:06:23,622.622,__main___datalogs,INFO,JoyConState.PREP_SNS,0.000000,0.000000,0.000000,0.091547,-0.004577,-0.006866,0.000000,0.000000,0.000000,0.000000,0.000000,0,0,0,0,0,0,0,0,0,0,0,0.045257568359375,-0.010467529296875,0,0,0,0,0,0,0,0,Object notstarted,Object notstarted,Object notstarted,Object notstarted,Object notstarted,Object notstarted,Object notstarted,Object notstarted,Object notstarted
2024-02-19 19:06:23,667.667,__main___datalogs,INFO,JoyConState.PREP_SNS,0.000000,0.000000,0.000000,0.091547,-0.004577,0.000000,0.004577,0.000000,0.000000,0.000000,0.000000,0,0,0,0,0,0,0,0,0,0,0,0.045257568359375,-0.010467529296875,0,0,0,0,0,0,0,0,Object notstarted,Object notstarted,Object notstarted,Object notstarted,Object notstarted,Object notstarted,Object notstarted,Object notstarted,Object notstarted
2024-02-19 19:06:23,708.708,__main___datalogs,INFO,JoyConState.PREP_SNS,0.000000,0.000000,0.000000,0.091547,-0.009155,0.000000,0.004577,0.000000,0.000000,0.000000,0.000000,0,0,0,0,0,0,0,0,0,0,0,0.045257568359375,-0.010467529296875,0,0,0,0,0,0,0,0,Object notstarted,Object notstarted,Object notstarted,Object notstarted,Object notstarted,Object notstarted,Object notstarted,Object notstarted,Object notstarted
2024-02-19 19:06:23,749.749,__main___datalogs,INFO,JoyConState.PREP_SNS,0.000000,0.000000,0.000000,0.091547,-0.009155,0.000000,0.004577,0.000000,0.000000,0.000000,0.000000,0,0,0,0,0,0,0,0,0,0,0,0.045257568359375,-0.010467529296875,0,0,0,0,0,0,0,0,Object notstarted,Object notstarted,Object notstarted,Object notstarted,Object notstarted,Object notstarted,Object notstarted,Object notstarted,Object notstarted
2024-02-19 19:06:23,789.789,__main___datalogs,INFO,JoyConState.PREP_SNS,0.000000,0.000000,0.000000,0.091547,-0.009155,0.000000,0.004577,0.000000,0.000000,0.000000,0.000000,0,0,0,0,0,0,0,0,0,0,0,0.045257568359375,-0.010467529296875,0,0,0,0,0,0,0,0,Object notstarted,Object notstarted,Object notstarted,Object notstarted,Object notstarted,Object notstarted,Object notstarted,Object notstarted,Object notstarted
2024-02-19 19:06:23,830.830,__main___datalogs,INFO,JoyConState.PREP_SNS,0.000000,0.000000,0.000000,0.091547,-0.004577,0.000000,0.004577,0.000000,0.000000,0.000000,0.000000,0,0,0,0,0,0,0,0,0,0,0,0.045257568359375,-0.010467529296875,0,0,0,0,0,0,0,0,Object notstarted,Object notstarted,Object notstarted,Object notstarted,Object notstarted,Object notstarted,Object notstarted,Object notstarted,Object notstarted
2024-02-19 19:06:23,870.870,__main___datalogs,INFO,JoyConState.PREP_SNS,0.000000,0.000000,0.000000,0.091547,-0.004577,0.000000,0.004577,0.000000,0.000000,0.000000,0.000000,0,0,0,0,0,0,0,0,0,0,0,0.045257568359375,-0.010467529296875,0,0,0,0,0,0,0,0,Object notstarted,Object notstarted,Object notstarted,Object notstarted,Object notstarted,Object notstarted,Object notstarted,Object notstarted,Object notstarted
2024-02-19 19:06:23,913.913,__main___datalogs,INFO,JoyConState.PREP_SNS,0.000000,0.000000,0.000000,0.091547,-0.009155,0.000000,0.004577,0.000000,0.000000,0.000000,0.000000,0,0,0,0,0,0,0,0,0,0,0,0.045257568359375,-0.010467529296875,0,0,0,0,0,0,0,0,Object notstarted,Object notstarted,Object notstarted,Object notstarted,Object notstarted,Object notstarted,Object notstarted,Object notstarted,Object notstarted
2024-02-19 19:06:23,955.955,__main___datalogs,INFO,JoyConState.PREP_SNS,0.000000,0.000000,0.000000,0.091547,-0.004577,0.000000,0.004577,0.000000,0.000000,0.000000,0.000000,0,0,0,0,0,0,0,0,0,0,0,0.045257568359375,-0.010467529296875,0,0,0,0,0,0,0,0,Object notstarted,Object notstarted,Object notstarted,Object notstarted,Object notstarted,Object notstarted,Object notstarted,Object notstarted,Object notstarted
2024-02-19 19:06:23,997.997,__main___datalogs,INFO,JoyConState.PREP_SNS,0.000000,0.000000,0.000000,0.091547,-0.009155,0.000000,0.004577,0.000000,0.000000,0.000000,0.000000,0,0,0,0,0,0,0,0,0,0,0,0.045257568359375,-0.010467529296875,0,0,0,0,0,0,0,0,Object notstarted,Object notstarted,Object notstarted,Object notstarted,Object notstarted,Object notstarted,Object notstarted,Object notstarted,Object notstarted
2024-02-19 19:06:24,038.038,__main___datalogs,INFO,JoyConState.PREP_SNS,0.000000,0.000000,0.000000,0.091547,-0.004577,0.000000,0.000000,0.000000,0.000000,0.000000,0.000000,0,0,0,0,0,0,0,0,0,0,0,0.045257568359375,-0.010467529296875,0,0,0,0,0,0,0,0,Object notstarted,Object notstarted,Object notstarted,Object notstarted,Object notstarted,Object notstarted,Object notstarted,Object notstarted,Object notstarted
2024-02-19 19:06:24,080.080,__main___datalogs,INFO,JoyConState.PREP_SNS,0.000000,0.000000,0.000000,0.096125,-0.009155,0.000000,0.004577,0.000000,0.000000,0.000000,0.000000,0,0,0,0,0,0,0,0,0,0,0,0.045257568359375,-0.010467529296875,0,0,0,0,0,0,0,0,Object notstarted,Object notstarted,Object notstarted,Object notstarted,Object notstarted,Object notstarted,Object notstarted,Object notstarted,Object notstarted
2024-02-19 19:06:24,121.121,__main___datalogs,INFO,JoyConState.PREP_SNS,0.000000,0.000000,0.000000,0.096125,-0.004577,0.000000,0.004577,0.000000,0.000000,0.000000,0.000000,0,0,0,0,0,0,0,0,0,0,0,0.045257568359375,-0.010467529296875,0,0,0,0,0,0,0,0,Object notstarted,Object notstarted,Object notstarted,Object notstarted,Object notstarted,Object notstarted,Object notstarted,Object notstarted,Object notstarted
2024-02-19 19:06:24,163.163,__main___datalogs,INFO,JoyConState.PREP_SNS,0.000000,0.000000,0.000000,0.098413,-0.004577,0.000000,0.004577,0.000000,0.000000,0.000000,0.000000,0,0,0,0,0,0,0,0,0,0,0,0.045257568359375,-0.010467529296875,0,0,0,0,0,0,0,0,Object notstarted,Object notstarted,Object notstarted,Object notstarted,Object notstarted,Object notstarted,Object notstarted,Object notstarted,Object notstarted
2024-02-19 19:06:24,204.204,__main___datalogs,INFO,JoyConState.PREP_SNS,0.000000,0.000000,0.000000,0.096125,-0.009155,0.000000,0.004577,0.000000,0.000000,0.000000,0.000000,0,0,0,0,0,0,0,0,0,0,0,0.045257568359375,-0.010467529296875,0,0,0,0,0,0,0,0,Object notstarted,Object notstarted,Object notstarted,Object notstarted,Object notstarted,Object notstarted,Object notstarted,Object notstarted,Object notstarted
2024-02-19 19:06:24,246.246,__main___datalogs,INFO,JoyConState.PREP_SNS,0.000000,0.000000,0.000000,0.096125,-0.009155,0.000000,0.004577,0.000000,0.000000,0.000000,0.000000,0,0,0,0,0,0,0,0,0,0,0,0.045257568359375,-0.010467529296875,0,0,0,0,0,0,0,0,Object notstarted,Object notstarted,Object notstarted,Object notstarted,Object notstarted,Object notstarted,Object notstarted,Object notstarted,Object notstarted
2024-02-19 19:06:24,288.288,__main___datalogs,INFO,JoyConState.PREP_SNS,0.000000,0.000000,0.000000,0.096125,-0.004577,0.000000,0.004577,0.000000,0.000000,0.000000,0.000000,0,0,0,0,0,0,0,0,0,0,0,0.045257568359375,-0.010467529296875,0,0,0,0,0,0,0,0,Object notstarted,Object notstarted,Object notstarted,Object notstarted,Object notstarted,Object notstarted,Object notstarted,Object notstarted,Object notstarted
2024-02-19 19:06:24,333.333,__main___datalogs,INFO,JoyConState.PREP_SNS,0.000000,0.000000,0.000000,0.096125,-0.004577,0.000000,0.004577,0.000000,0.000000,0.000000,0.000000,0,0,0,0,0,0,0,0,0,0,0,0.045257568359375,-0.010467529296875,0,0,0,0,0,0,0,0,Object notstarted,Object notstarted,Object notstarted,Object notstarted,Object notstarted,Object notstarted,Object notstarted,Object notstarted,Object notstarted
2024-02-19 19:06:24,379.379,__main___datalogs,INFO,JoyConState.PREP_SNS,0.000000,0.000000,0.000000,0.096125,-0.009155,0.000000,0.000000,0.000000,0.000000,0.000000,0.000000,0,0,0,0,0,0,0,0,0,0,0,0.045257568359375,-0.010467529296875,0,0,0,0,0,0,0,0,Object notstarted,Object notstarted,Object notstarted,Object notstarted,Object notstarted,Object notstarted,Object notstarted,Object notstarted,Object notstarted
2024-02-19 19:06:24,423.423,__main___datalogs,INFO,JoyConState.PREP_SNS,0.000000,0.000000,0.000000,0.096125,-0.004577,0.000000,0.000000,0.000000,0.000000,0.000000,0.000000,0,0,0,0,0,0,0,0,0,0,0,0.045257568359375,-0.010467529296875,0,0,0,0,0,0,0,0,Object notstarted,Object notstarted,Object notstarted,Object notstarted,Object notstarted,Object notstarted,Object notstarted,Object notstarted,Object notstarted
2024-02-19 19:06:24,463.463,__main___datalogs,INFO,JoyConState.PREP_SNS,0.000000,0.000000,0.000000,0.096125,-0.004577,0.000000,0.000000,0.000000,0.000000,0.000000,0.000000,0,0,0,0,0,0,0,0,0,0,0,0.045257568359375,-0.010467529296875,0,0,0,0,0,0,0,0,Object notstarted,Object notstarted,Object notstarted,Object notstarted,Object notstarted,Object notstarted,Object notstarted,Object notstarted,Object notstarted
2024-02-19 19:06:24,505.505,__main___datalogs,INFO,JoyConState.PREP_SNS,0.000000,0.000000,0.000000,0.091547,0.000000,0.000000,0.004577,0.000000,0.000000,0.000000,0.000000,0,0,0,0,0,0,0,0,0,0,0,0.045257568359375,-0.010467529296875,0,0,0,0,0,0,0,0,Object notstarted,Object notstarted,Object notstarted,Object notstarted,Object notstarted,Object notstarted,Object notstarted,Object notstarted,Object notstarted
2024-02-19 19:06:24,545.545,__main___datalogs,INFO,JoyConState.PREP_SNS,0.000000,0.000000,0.000000,0.091547,-0.004577,0.000000,0.004577,0.000000,0.000000,0.000000,0.000000,0,0,0,0,0,0,0,0,0,0,0,0.045257568359375,-0.010467529296875,0,0,0,0,0,0,0,0,Object notstarted,Object notstarted,Object notstarted,Object notstarted,Object notstarted,Object notstarted,Object notstarted,Object notstarted,Object notstarted
2024-02-19 19:06:24,586.586,__main___datalogs,INFO,JoyConState.PREP_SNS,0.000000,0.000000,0.000000,0.091547,0.000000,0.000000,0.004577,0.000000,0.000000,0.000000,0.000000,0,0,0,0,0,0,0,0,0,0,0,0.045257568359375,-0.010467529296875,0,0,0,0,0,0,0,0,Object notstarted,Object notstarted,Object notstarted,Object notstarted,Object notstarted,Object notstarted,Object notstarted,Object notstarted,Object notstarted
2024-02-19 19:06:24,626.626,__main___datalogs,INFO,JoyConState.PREP_SNS,0.000000,0.000000,0.000000,0.091547,-0.004577,0.002289,0.004577,0.000000,0.000000,0.000000,0.000000,0,0,0,0,0,0,0,0,0,0,0,0.045257568359375,-0.010467529296875,0,0,0,0,0,0,0,0,Object notstarted,Object notstarted,Object notstarted,Object notstarted,Object notstarted,Object notstarted,Object notstarted,Object notstarted,Object notstarted
2024-02-19 19:06:24,667.667,__main___datalogs,INFO,JoyConState.PREP_SNS,0.000000,0.000000,0.000000,0.091547,-0.004577,0.002289,0.004577,0.000000,0.000000,0.000000,0.000000,0,0,0,0,0,0,0,0,0,0,0,0.045257568359375,-0.010467529296875,0,0,0,0,0,0,0,0,Object notstarted,Object notstarted,Object notstarted,Object notstarted,Object notstarted,Object notstarted,Object notstarted,Object notstarted,Object notstarted
2024-02-19 19:06:24,708.708,__main___datalogs,INFO,JoyConState.PREP_SNS,0.000000,0.000000,0.000000,0.091547,-0.004577,0.006866,0.004577,0.000000,0.000000,0.000000,0.000000,0,0,0,0,0,0,0,0,0,0,0,0.045257568359375,-0.010467529296875,0,0,0,0,0,0,0,0,Object notstarted,Object notstarted,Object notstarted,Object notstarted,Object notstarted,Object notstarted,Object notstarted,Object notstarted,Object notstarted
2024-02-19 19:06:24,750.750,__main___datalogs,INFO,JoyConState.PREP_SNS,0.000000,0.000000,0.000000,0.096125,-0.004577,0.002289,0.004577,0.000000,0.000000,0.000000,0.000000,0,0,0,0,0,0,0,0,0,0,0,0.045257568359375,-0.010467529296875,0,0,0,0,0,0,0,0,Object notstarted,Object notstarted,Object notstarted,Object notstarted,Object notstarted,Object notstarted,Object notstarted,Object notstarted,Object notstarted
2024-02-19 19:06:24,790.790,__main___datalogs,INFO,JoyConState.PREP_SNS,0.000000,0.000000,0.000000,0.091547,-0.009155,0.002289,0.000000,0.000000,0.000000,0.000000,0.000000,0,0,0,0,0,0,0,0,0,0,0,0.045257568359375,-0.010467529296875,0,0,0,0,0,0,0,0,Object notstarted,Object notstarted,Object notstarted,Object notstarted,Object notstarted,Object notstarted,Object notstarted,Object notstarted,Object notstarted
2024-02-19 19:06:24,831.831,__main___datalogs,INFO,JoyConState.PREP_SNS,0.000000,0.000000,0.000000,0.091547,-0.004577,0.000000,0.004577,0.000000,0.000000,0.000000,0.000000,0,0,0,0,0,0,0,0,0,0,0,0.045257568359375,-0.010467529296875,0,0,0,0,0,0,0,0,Object notstarted,Object notstarted,Object notstarted,Object notstarted,Object notstarted,Object notstarted,Object notstarted,Object notstarted,Object notstarted
2024-02-19 19:06:24,871.871,__main___datalogs,INFO,JoyConState.PREP_SNS,0.000000,0.000000,0.000000,0.091547,-0.009155,0.000000,0.004577,0.000000,0.000000,0.000000,0.000000,0,0,0,0,0,0,0,0,0,0,0,0.045257568359375,-0.010467529296875,0,0,0,0,0,0,0,0,Object notstarted,Object notstarted,Object notstarted,Object notstarted,Object notstarted,Object notstarted,Object notstarted,Object notstarted,Object notstarted
2024-02-19 19:06:24,911.911,__main___datalogs,INFO,JoyConState.PREP_SNS,0.000000,0.000000,0.000000,0.091547,-0.009155,0.000000,0.004577,0.000000,0.000000,0.000000,0.000000,0,0,0,0,0,0,0,0,0,0,0,0.045257568359375,-0.010467529296875,0,0,0,0,0,0,0,0,Object notstarted,Object notstarted,Object notstarted,Object notstarted,Object notstarted,Object notstarted,Object notstarted,Object notstarted,Object notstarted
2024-02-19 19:06:24,951.951,__main___datalogs,INFO,JoyConState.PREP_SNS,0.000000,0.000000,0.000000,0.091547,-0.009155,0.000000,0.004577,0.000000,0.000000,0.000000,0.000000,0,0,0,0,0,0,0,0,0,0,0,0.045257568359375,-0.010467529296875,0,0,0,0,0,0,0,0,Object notstarted,Object notstarted,Object notstarted,Object notstarted,Object notstarted,Object notstarted,Object notstarted,Object notstarted,Object notstarted
2024-02-19 19:06:24,992.992,__main___datalogs,INFO,JoyConState.PREP_SNS,0.000000,0.000000,0.000000,0.096125,-0.009155,0.000000,0.004577,0.000000,0.000000,0.000000,0.000000,0,0,0,0,0,0,0,0,0,0,0,0.045257568359375,-0.010467529296875,0,0,0,0,0,0,0,0,Object notstarted,Object notstarted,Object notstarted,Object notstarted,Object notstarted,Object notstarted,Object notstarted,Object notstarted,Object notstarted
2024-02-19 19:06:25,033.033,__main___datalogs,INFO,JoyConState.PREP_SNS,0.000000,0.000000,0.000000,0.096125,-0.009155,0.000000,0.000000,0.000000,0.000000,0.000000,0.000000,0,0,0,0,0,0,0,0,0,0,0,0.045257568359375,-0.010467529296875,0,0,0,0,0,0,0,0,Object notstarted,Object notstarted,Object notstarted,Object notstarted,Object notstarted,Object notstarted,Object notstarted,Object notstarted,Object notstarted
2024-02-19 19:06:25,074.074,__main___datalogs,INFO,JoyConState.PREP_SNS,0.000000,0.000000,0.000000,0.096125,-0.009155,0.000000,0.000000,0.000000,0.000000,0.000000,0.000000,0,0,0,0,0,0,0,0,0,0,0,0.045257568359375,-0.010467529296875,0,0,0,0,0,0,0,0,Object notstarted,Object notstarted,Object notstarted,Object notstarted,Object notstarted,Object notstarted,Object notstarted,Object notstarted,Object notstarted
2024-02-19 19:06:25,114.114,__main___datalogs,INFO,JoyConState.PREP_SNS,0.000000,0.000000,0.000000,0.096125,-0.009155,0.002289,0.004577,0.000000,0.000000,0.000000,0.000000,0,0,0,0,0,0,0,0,0,0,0,0.045257568359375,-0.010467529296875,0,0,0,0,0,0,0,0,Object notstarted,Object notstarted,Object notstarted,Object notstarted,Object notstarted,Object notstarted,Object notstarted,Object notstarted,Object notstarted
2024-02-19 19:06:25,155.155,__main___datalogs,INFO,JoyConState.PREP_SNS,0.000000,0.000000,0.000000,0.096125,-0.009155,0.002289,0.004577,0.000000,0.000000,0.000000,0.000000,0,0,0,0,0,0,0,0,0,0,0,0.045257568359375,-0.010467529296875,0,0,0,0,0,0,0,0,Object notstarted,Object notstarted,Object notstarted,Object notstarted,Object notstarted,Object notstarted,Object notstarted,Object notstarted,Object notstarted
2024-02-19 19:06:25,196.196,__main___datalogs,INFO,JoyConState.PREP_SNS,0.000000,0.000000,0.000000,0.091547,-0.004577,0.000000,0.000000,0.000000,0.000000,0.000000,0.000000,0,0,0,0,0,0,0,0,0,0,0,0.045257568359375,-0.010467529296875,0,0,0,0,0,0,0,0,Object notstarted,Object notstarted,Object notstarted,Object notstarted,Object notstarted,Object notstarted,Object notstarted,Object notstarted,Object notstarted
2024-02-19 19:06:25,238.238,__main___datalogs,INFO,JoyConState.PREP_SNS,0.000000,0.000000,0.000000,0.091547,-0.009155,0.000000,0.004577,0.000000,0.000000,0.000000,0.000000,0,0,0,0,0,0,0,0,0,0,0,0.045257568359375,-0.010467529296875,0,0,0,0,0,0,0,0,Object notstarted,Object notstarted,Object notstarted,Object notstarted,Object notstarted,Object notstarted,Object notstarted,Object notstarted,Object notstarted
2024-02-19 19:06:25,279.279,__main___datalogs,INFO,JoyConState.PREP_SNS,0.000000,0.000000,0.000000,0.091547,-0.004577,0.000000,0.004577,0.000000,0.000000,0.000000,0.000000,0,0,0,0,0,0,0,0,0,0,0,0.045257568359375,-0.010467529296875,0,0,0,0,0,0,0,0,Object notstarted,Object notstarted,Object notstarted,Object notstarted,Object notstarted,Object notstarted,Object notstarted,Object notstarted,Object notstarted
2024-02-19 19:06:25,321.321,__main___datalogs,INFO,JoyConState.PREP_SNS,0.000000,0.000000,0.000000,0.091547,-0.004577,0.000000,0.004577,0.000000,0.000000,0.000000,0.000000,0,0,0,0,0,0,0,0,0,0,0,0.045257568359375,-0.010467529296875,0,0,0,0,0,0,0,0,Object notstarted,Object notstarted,Object notstarted,Object notstarted,Object notstarted,Object notstarted,Object notstarted,Object notstarted,Object notstarted
2024-02-19 19:06:25,364.364,__main___datalogs,INFO,JoyConState.PREP_SNS,0.000000,0.000000,0.000000,0.091547,-0.004577,0.000000,0.004577,0.000000,0.000000,0.000000,0.000000,0,0,0,0,0,0,0,0,0,0,0,0.045257568359375,-0.010467529296875,0,0,0,0,0,0,0,0,Object notstarted,Object notstarted,Object notstarted,Object notstarted,Object notstarted,Object notstarted,Object notstarted,Object notstarted,Object notstarted
2024-02-19 19:06:25,423.423,__main___datalogs,INFO,JoyConState.PREP_SNS,0.000000,0.000000,0.000000,0.091547,-0.009155,0.000000,0.004577,0.000000,0.000000,0.000000,0.000000,0,0,0,0,0,0,0,0,0,0,0,0.045257568359375,-0.010467529296875,0,0,0,0,0,0,0,0,Object notstarted,Object notstarted,Object notstarted,Object notstarted,Object notstarted,Object notstarted,Object notstarted,Object notstarted,Object notstarted
2024-02-19 19:06:25,484.484,__main___datalogs,INFO,JoyConState.PREP_SNS,0.000000,0.000000,0.000000,0.091547,-0.009155,0.000000,0.004577,0.000000,0.000000,0.000000,0.000000,0,0,0,0,0,0,0,0,0,0,0,0.045257568359375,-0.010467529296875,0,0,0,0,0,0,0,0,Object notstarted,Object notstarted,Object notstarted,Object notstarted,Object notstarted,Object notstarted,Object notstarted,Object notstarted,Object notstarted
2024-02-19 19:06:25,526.526,__main___datalogs,INFO,JoyConState.PREP_SNS,0.000000,0.000000,0.000000,0.091547,-0.004577,0.000000,0.004577,0.000000,0.000000,0.000000,0.000000,0,0,0,0,0,0,0,0,0,0,0,0.045257568359375,-0.010467529296875,0,0,0,0,0,0,0,0,Object notstarted,Object notstarted,Object notstarted,Object notstarted,Object notstarted,Object notstarted,Object notstarted,Object notstarted,Object notstarted
2024-02-19 19:06:25,566.566,__main___datalogs,INFO,JoyConState.PREP_SNS,0.000000,0.000000,0.000000,0.091547,-0.004577,0.000000,0.000000,0.000000,0.000000,0.000000,0.000000,0,0,0,0,0,0,0,0,0,0,0,0.045257568359375,-0.010467529296875,0,0,0,0,0,0,0,0,Object notstarted,Object notstarted,Object notstarted,Object notstarted,Object notstarted,Object notstarted,Object notstarted,Object notstarted,Object notstarted
2024-02-19 19:06:25,607.607,__main___datalogs,INFO,JoyConState.PREP_SNS,0.000000,0.000000,0.000000,0.091547,-0.009155,0.002289,0.004577,0.000000,0.000000,0.000000,0.000000,0,0,0,0,0,0,0,0,0,0,0,0.045257568359375,-0.010467529296875,0,0,0,0,0,0,0,0,Object notstarted,Object notstarted,Object notstarted,Object notstarted,Object notstarted,Object notstarted,Object notstarted,Object notstarted,Object notstarted
2024-02-19 19:06:25,648.648,__main___datalogs,INFO,JoyConState.PREP_SNS,0.000000,0.000000,0.000000,0.091547,-0.011444,0.002289,0.004577,0.000000,0.000000,0.000000,0.000000,0,0,0,0,0,0,0,0,0,0,0,0.045257568359375,-0.010467529296875,0,0,0,0,0,0,0,0,Object notstarted,Object notstarted,Object notstarted,Object notstarted,Object notstarted,Object notstarted,Object notstarted,Object notstarted,Object notstarted
2024-02-19 19:06:25,690.690,__main___datalogs,INFO,JoyConState.PREP_SNS,0.000000,0.000000,0.000000,0.091547,-0.009155,0.002289,0.004577,0.000000,0.000000,0.000000,0.000000,0,0,0,0,0,0,0,0,0,0,0,0.045257568359375,-0.010467529296875,0,0,0,0,0,0,0,0,Object notstarted,Object notstarted,Object notstarted,Object notstarted,Object notstarted,Object notstarted,Object notstarted,Object notstarted,Object notstarted
2024-02-19 19:06:25,730.730,__main___datalogs,INFO,JoyConState.PREP_SNS,0.000000,0.000000,0.000000,0.096125,-0.004577,0.002289,0.004577,0.000000,0.000000,0.000000,0.000000,0,0,0,0,0,0,0,0,0,0,0,0.045257568359375,-0.010467529296875,0,0,0,0,0,0,0,0,Object notstarted,Object notstarted,Object notstarted,Object notstarted,Object notstarted,Object notstarted,Object notstarted,Object notstarted,Object notstarted
2024-02-19 19:06:25,772.772,__main___datalogs,INFO,JoyConState.PREP_SNS,0.000000,0.000000,0.000000,0.096125,-0.009155,0.000000,0.004577,0.000000,0.000000,0.000000,0.000000,0,0,0,0,0,0,0,0,0,0,0,0.045257568359375,-0.010467529296875,0,0,0,0,0,0,0,0,Object notstarted,Object notstarted,Object notstarted,Object notstarted,Object notstarted,Object notstarted,Object notstarted,Object notstarted,Object notstarted
2024-02-19 19:06:25,813.813,__main___datalogs,INFO,JoyConState.PREP_SNS,0.000000,0.000000,0.000000,0.091547,-0.004577,0.000000,0.004577,0.000000,0.000000,0.000000,0.000000,0,0,0,0,0,0,0,0,0,0,0,0.045257568359375,-0.010467529296875,0,0,0,0,0,0,0,0,Object notstarted,Object notstarted,Object notstarted,Object notstarted,Object notstarted,Object notstarted,Object notstarted,Object notstarted,Object notstarted
2024-02-19 19:06:25,855.855,__main___datalogs,INFO,JoyConState.PREP_SNS,0.000000,0.000000,0.000000,0.091547,-0.004577,0.000000,0.004577,0.000000,0.000000,0.000000,0.000000,0,0,0,0,0,0,0,0,0,0,0,0.045257568359375,-0.010467529296875,0,0,0,0,0,0,0,0,Object notstarted,Object notstarted,Object notstarted,Object notstarted,Object notstarted,Object notstarted,Object notstarted,Object notstarted,Object notstarted
2024-02-19 19:06:25,895.895,__main___datalogs,INFO,JoyConState.PREP_SNS,0.000000,0.000000,0.000000,0.091547,-0.009155,0.000000,0.004577,0.000000,0.000000,0.000000,0.000000,0,0,0,0,0,0,0,0,0,0,0,0.045257568359375,-0.010467529296875,0,0,0,0,0,0,0,0,Object notstarted,Object notstarted,Object notstarted,Object notstarted,Object notstarted,Object notstarted,Object notstarted,Object notstarted,Object notstarted
2024-02-19 19:06:25,937.937,__main___datalogs,INFO,JoyConState.PREP_SNS,0.000000,0.000000,0.000000,0.096125,-0.004577,0.002289,0.004577,0.000000,0.000000,0.000000,0.000000,0,0,0,0,0,0,0,0,0,0,0,0.045257568359375,-0.010467529296875,0,0,0,0,0,0,0,0,Object notstarted,Object notstarted,Object notstarted,Object notstarted,Object notstarted,Object notstarted,Object notstarted,Object notstarted,Object notstarted
2024-02-19 19:06:25,977.977,__main___datalogs,INFO,JoyConState.PREP_SNS,0.000000,0.000000,0.000000,0.096125,-0.009155,0.000000,0.004577,0.000000,0.000000,0.000000,0.000000,0,0,0,0,0,0,0,0,0,0,0,0.045257568359375,-0.010467529296875,0,0,0,0,0,0,0,0,Object notstarted,Object notstarted,Object notstarted,Object notstarted,Object notstarted,Object notstarted,Object notstarted,Object notstarted,Object notstarted
2024-02-19 19:06:26,019.019,__main___datalogs,INFO,JoyConState.PREP_SNS,0.000000,0.000000,0.000000,0.091547,-0.011444,-0.006866,0.004577,0.000000,0.000000,0.000000,0.000000,0,0,0,0,0,0,0,0,0,0,0,0.045257568359375,-0.010467529296875,0,0,0,0,0,0,0,0,Object notstarted,Object notstarted,Object notstarted,Object notstarted,Object notstarted,Object notstarted,Object notstarted,Object notstarted,Object notstarted
2024-02-19 19:06:26,061.061,__main___datalogs,INFO,JoyConState.PREP_SNS,0.000000,0.000000,0.000000,0.091547,-0.011444,0.006866,0.004577,0.000000,0.000000,0.000000,0.000000,0,0,0,0,0,0,0,0,0,0,0,0.045257568359375,-0.010467529296875,0,0,0,0,0,0,0,0,Object notstarted,Object notstarted,Object notstarted,Object notstarted,Object notstarted,Object notstarted,Object notstarted,Object notstarted,Object notstarted
2024-02-19 19:06:26,101.101,__main___datalogs,INFO,JoyConState.PREP_SNS,0.000000,0.000000,0.000000,0.091547,-0.004577,0.002289,0.004577,0.000000,0.000000,0.000000,0.000000,0,0,0,0,0,0,0,0,0,0,0,0.045257568359375,-0.010467529296875,0,0,0,0,0,0,0,0,Object notstarted,Object notstarted,Object notstarted,Object notstarted,Object notstarted,Object notstarted,Object notstarted,Object notstarted,Object notstarted
2024-02-19 19:06:26,142.142,__main___datalogs,INFO,JoyConState.PREP_SNS,0.000000,0.000000,0.000000,0.096125,0.000000,0.002289,0.004577,0.000000,0.000000,0.000000,0.000000,0,0,0,0,0,0,0,0,0,0,0,0.045257568359375,-0.010467529296875,0,0,0,0,0,0,0,0,Object notstarted,Object notstarted,Object notstarted,Object notstarted,Object notstarted,Object notstarted,Object notstarted,Object notstarted,Object notstarted
2024-02-19 19:06:26,184.184,__main___datalogs,INFO,JoyConState.PREP_SNS,0.000000,0.000000,0.000000,0.096125,-0.009155,0.000000,0.004577,0.000000,0.000000,0.000000,0.000000,0,0,0,0,0,0,0,0,0,0,0,0.045257568359375,-0.010467529296875,0,0,0,0,0,0,0,0,Object notstarted,Object notstarted,Object notstarted,Object notstarted,Object notstarted,Object notstarted,Object notstarted,Object notstarted,Object notstarted
2024-02-19 19:06:26,225.225,__main___datalogs,INFO,JoyConState.PREP_SNS,0.000000,0.000000,0.000000,0.091547,-0.004577,-0.006866,0.004577,0.000000,0.000000,0.000000,0.000000,0,0,0,0,0,0,0,0,0,0,0,0.045257568359375,-0.010467529296875,0,0,0,0,0,0,0,0,Object notstarted,Object notstarted,Object notstarted,Object notstarted,Object notstarted,Object notstarted,Object notstarted,Object notstarted,Object notstarted
2024-02-19 19:06:26,267.267,__main___datalogs,INFO,JoyConState.PREP_SNS,0.000000,0.000000,0.000000,0.091547,-0.011444,0.000000,0.004577,0.000000,0.000000,0.000000,0.000000,0,0,0,0,0,0,0,0,0,0,0,0.045257568359375,-0.010467529296875,0,0,0,0,0,0,0,0,Object notstarted,Object notstarted,Object notstarted,Object notstarted,Object notstarted,Object notstarted,Object notstarted,Object notstarted,Object notstarted
2024-02-19 19:06:26,307.307,__main___datalogs,INFO,JoyConState.PREP_SNS,0.000000,0.000000,0.000000,0.091547,-0.004577,0.000000,0.004577,0.000000,0.000000,0.000000,0.000000,0,0,0,0,0,0,0,0,0,0,0,0.045257568359375,-0.010467529296875,0,0,0,0,0,0,0,0,Object notstarted,Object notstarted,Object notstarted,Object notstarted,Object notstarted,Object notstarted,Object notstarted,Object notstarted,Object notstarted
2024-02-19 19:06:26,349.349,__main___datalogs,INFO,JoyConState.PREP_SNS,0.000000,0.000000,0.000000,0.096125,-0.004577,0.000000,0.004577,0.000000,0.000000,0.000000,0.000000,0,0,0,0,0,0,0,0,0,0,0,0.045257568359375,-0.010467529296875,0,0,0,0,0,0,0,0,Object notstarted,Object notstarted,Object notstarted,Object notstarted,Object notstarted,Object notstarted,Object notstarted,Object notstarted,Object notstarted
2024-02-19 19:06:26,390.390,__main___datalogs,INFO,JoyConState.PREP_SNS,0.000000,0.000000,0.000000,0.096125,-0.004577,-0.006866,0.004577,0.000000,0.000000,0.000000,0.000000,0,0,0,0,0,0,0,0,0,0,0,0.045257568359375,-0.010467529296875,0,0,0,0,0,0,0,0,Object notstarted,Object notstarted,Object notstarted,Object notstarted,Object notstarted,Object notstarted,Object notstarted,Object notstarted,Object notstarted
2024-02-19 19:06:26,432.432,__main___datalogs,INFO,JoyConState.PREP_SNS,0.000000,0.000000,0.000000,0.091547,-0.009155,0.002289,0.004577,0.000000,0.000000,0.000000,0.000000,0,0,0,0,0,0,0,0,0,0,0,0.045257568359375,-0.010467529296875,0,0,0,0,0,0,0,0,Object notstarted,Object notstarted,Object notstarted,Object notstarted,Object notstarted,Object notstarted,Object notstarted,Object notstarted,Object notstarted
2024-02-19 19:06:26,472.472,__main___datalogs,INFO,JoyConState.PREP_SNS,0.000000,0.000000,0.000000,0.091547,0.000000,0.000000,0.004577,0.000000,0.000000,0.000000,0.000000,0,0,0,0,0,0,0,0,0,0,0,0.045257568359375,-0.010467529296875,0,0,0,0,0,0,0,0,Object notstarted,Object notstarted,Object notstarted,Object notstarted,Object notstarted,Object notstarted,Object notstarted,Object notstarted,Object notstarted
2024-02-19 19:06:26,517.517,__main___datalogs,INFO,JoyConState.PREP_SNS,0.000000,0.000000,0.000000,0.091547,-0.009155,0.000000,0.000000,0.000000,0.000000,0.000000,0.000000,0,0,0,0,0,0,0,0,0,0,0,0.045257568359375,-0.010467529296875,0,0,0,0,0,0,0,0,Object notstarted,Object notstarted,Object notstarted,Object notstarted,Object notstarted,Object notstarted,Object notstarted,Object notstarted,Object notstarted
2024-02-19 19:06:26,558.558,__main___datalogs,INFO,JoyConState.PREP_SNS,0.000000,0.000000,0.000000,0.091547,-0.009155,0.000000,0.004577,0.000000,0.000000,0.000000,0.000000,0,0,0,0,0,0,0,0,0,0,0,0.045257568359375,-0.010467529296875,0,0,0,0,0,0,0,0,Object notstarted,Object notstarted,Object notstarted,Object notstarted,Object notstarted,Object notstarted,Object notstarted,Object notstarted,Object notstarted
2024-02-19 19:06:26,600.600,__main___datalogs,INFO,JoyConState.PREP_SNS,0.000000,0.000000,0.000000,0.096125,0.000000,0.000000,0.004577,0.000000,0.000000,0.000000,0.000000,0,0,0,0,0,0,0,0,0,0,0,0.045257568359375,-0.010467529296875,0,0,0,0,0,0,0,0,Object notstarted,Object notstarted,Object notstarted,Object notstarted,Object notstarted,Object notstarted,Object notstarted,Object notstarted,Object notstarted
2024-02-19 19:06:26,640.640,__main___datalogs,INFO,JoyConState.PREP_SNS,0.000000,0.000000,0.000000,0.091547,-0.004577,0.000000,0.004577,0.000000,0.000000,0.000000,0.000000,0,0,0,0,0,0,0,0,0,0,0,0.045257568359375,-0.010467529296875,0,0,0,0,0,0,0,0,Object notstarted,Object notstarted,Object notstarted,Object notstarted,Object notstarted,Object notstarted,Object notstarted,Object notstarted,Object notstarted
2024-02-19 19:06:26,684.684,__main___datalogs,INFO,JoyConState.PREP_SNS,0.000000,0.000000,0.000000,0.091547,-0.004577,0.000000,0.004577,0.000000,0.000000,0.000000,0.000000,0,0,0,0,0,0,0,0,0,0,0,0.045257568359375,-0.010467529296875,0,0,0,0,0,0,0,0,Object notstarted,Object notstarted,Object notstarted,Object notstarted,Object notstarted,Object notstarted,Object notstarted,Object notstarted,Object notstarted
2024-02-19 19:06:26,725.725,__main___datalogs,INFO,JoyConState.PREP_SNS,0.000000,0.000000,0.000000,0.091547,-0.004577,0.000000,0.004577,0.000000,0.000000,0.000000,0.000000,0,0,0,0,0,0,0,0,0,0,0,0.045257568359375,-0.010467529296875,0,0,0,0,0,0,0,0,Object notstarted,Object notstarted,Object notstarted,Object notstarted,Object notstarted,Object notstarted,Object notstarted,Object notstarted,Object notstarted
2024-02-19 19:06:26,768.768,__main___datalogs,INFO,JoyConState.PREP_SNS,0.000000,0.000000,0.000000,0.091547,-0.004577,0.000000,0.000000,0.000000,0.000000,0.000000,0.000000,0,0,0,0,0,0,0,0,0,0,0,0.045257568359375,-0.010467529296875,0,0,0,0,0,0,0,0,Object notstarted,Object notstarted,Object notstarted,Object notstarted,Object notstarted,Object notstarted,Object notstarted,Object notstarted,Object notstarted
2024-02-19 19:06:26,807.807,__main___datalogs,INFO,JoyConState.PREP_SNS,0.000000,0.000000,0.000000,0.091547,-0.009155,0.000000,0.000000,0.000000,0.000000,0.000000,0.000000,0,0,0,0,0,0,0,0,0,0,0,0.045257568359375,-0.010467529296875,0,0,0,0,0,0,0,0,Object notstarted,Object notstarted,Object notstarted,Object notstarted,Object notstarted,Object notstarted,Object notstarted,Object notstarted,Object notstarted
2024-02-19 19:06:26,848.848,__main___datalogs,INFO,JoyConState.PREP_SNS,0.000000,0.000000,0.000000,0.096125,-0.004577,0.000000,0.004577,0.000000,0.000000,0.000000,0.000000,0,0,0,0,0,0,0,0,0,0,0,0.045257568359375,-0.010467529296875,0,0,0,0,0,0,0,0,Object notstarted,Object notstarted,Object notstarted,Object notstarted,Object notstarted,Object notstarted,Object notstarted,Object notstarted,Object notstarted
2024-02-19 19:06:26,888.888,__main___datalogs,INFO,JoyConState.PREP_SNS,0.000000,0.000000,0.000000,0.096125,-0.004577,0.000000,0.004577,0.000000,0.000000,0.000000,0.000000,0,0,0,0,0,0,0,0,0,0,0,0.045257568359375,-0.010467529296875,0,0,0,0,0,0,0,0,Object notstarted,Object notstarted,Object notstarted,Object notstarted,Object notstarted,Object notstarted,Object notstarted,Object notstarted,Object notstarted
2024-02-19 19:06:26,930.930,__main___datalogs,INFO,JoyConState.PREP_SNS,0.000000,0.000000,0.000000,0.096125,-0.009155,0.000000,0.004577,0.000000,0.000000,0.000000,0.000000,0,0,0,0,0,0,0,0,0,0,0,0.045257568359375,-0.010467529296875,0,0,0,0,0,0,0,0,Object notstarted,Object notstarted,Object notstarted,Object notstarted,Object notstarted,Object notstarted,Object notstarted,Object notstarted,Object notstarted
2024-02-19 19:06:26,969.969,__main___datalogs,INFO,JoyConState.PREP_SNS,0.000000,0.000000,0.000000,0.091547,-0.004577,0.000000,0.004577,0.000000,0.000000,0.000000,0.000000,0,0,0,0,0,0,0,0,0,0,0,0.045257568359375,-0.010467529296875,0,0,0,0,0,0,0,0,Object notstarted,Object notstarted,Object notstarted,Object notstarted,Object notstarted,Object notstarted,Object notstarted,Object notstarted,Object notstarted
2024-02-19 19:06:27,011.011,__main___datalogs,INFO,JoyConState.PREP_SNS,0.000000,0.000000,0.000000,0.091547,-0.009155,0.000000,0.006866,0.000000,0.000000,0.000000,0.000000,0,0,0,0,0,0,0,0,0,0,0,0.045257568359375,-0.010467529296875,0,0,0,0,0,0,0,0,Object notstarted,Object notstarted,Object notstarted,Object notstarted,Object notstarted,Object notstarted,Object notstarted,Object notstarted,Object notstarted
2024-02-19 19:06:27,053.053,__main___datalogs,INFO,JoyConState.PREP_SNS,0.000000,0.000000,0.000000,0.096125,-0.004577,0.000000,0.000000,0.000000,0.000000,0.000000,0.000000,0,0,0,0,0,0,0,0,0,0,0,0.045257568359375,-0.010467529296875,0,0,0,0,0,0,0,0,Object notstarted,Object notstarted,Object notstarted,Object notstarted,Object notstarted,Object notstarted,Object notstarted,Object notstarted,Object notstarted
2024-02-19 19:06:27,095.095,__main___datalogs,INFO,JoyConState.PREP_SNS,0.000000,0.000000,0.000000,0.096125,-0.009155,0.000000,0.000000,0.000000,0.000000,0.000000,0.000000,0,0,0,0,0,0,0,0,0,0,0,0.045257568359375,-0.010467529296875,0,0,0,0,0,0,0,0,Object notstarted,Object notstarted,Object notstarted,Object notstarted,Object notstarted,Object notstarted,Object notstarted,Object notstarted,Object notstarted
2024-02-19 19:06:27,135.135,__main___datalogs,INFO,JoyConState.PREP_SNS,0.000000,0.000000,0.000000,0.096125,-0.009155,0.000000,0.004577,0.000000,0.000000,0.000000,0.000000,0,0,0,0,0,0,0,0,0,0,0,0.045257568359375,-0.010467529296875,0,0,0,0,0,0,0,0,Object notstarted,Object notstarted,Object notstarted,Object notstarted,Object notstarted,Object notstarted,Object notstarted,Object notstarted,Object notstarted
2024-02-19 19:06:27,177.177,__main___datalogs,INFO,JoyConState.PREP_SNS,0.000000,0.000000,0.000000,0.091547,-0.004577,0.000000,0.004577,0.000000,0.000000,0.000000,0.000000,0,0,0,0,0,0,0,0,0,0,0,0.045257568359375,-0.010467529296875,0,0,0,0,0,0,0,0,Object notstarted,Object notstarted,Object notstarted,Object notstarted,Object notstarted,Object notstarted,Object notstarted,Object notstarted,Object notstarted
2024-02-19 19:06:27,222.222,__main___datalogs,INFO,JoyConState.PREP_SNS,0.000000,0.000000,0.000000,0.091547,-0.009155,0.002289,0.004577,0.000000,0.000000,0.000000,0.000000,0,0,0,0,0,0,0,0,0,0,0,0.045257568359375,-0.010467529296875,0,0,0,0,0,0,0,0,Object notstarted,Object notstarted,Object notstarted,Object notstarted,Object notstarted,Object notstarted,Object notstarted,Object notstarted,Object notstarted
2024-02-19 19:06:27,263.263,__main___datalogs,INFO,JoyConState.PREP_SNS,0.000000,0.000000,0.000000,0.091547,-0.009155,0.002289,0.000000,0.000000,0.000000,0.000000,0.000000,0,0,0,0,0,0,0,0,0,0,0,0.045257568359375,-0.010467529296875,0,0,0,0,0,0,0,0,Object notstarted,Object notstarted,Object notstarted,Object notstarted,Object notstarted,Object notstarted,Object notstarted,Object notstarted,Object notstarted
2024-02-19 19:06:27,305.305,__main___datalogs,INFO,JoyConState.PREP_SNS,0.000000,0.000000,0.000000,0.096125,-0.009155,0.002289,0.000000,0.000000,0.000000,0.000000,0.000000,0,0,0,0,0,0,0,0,0,0,0,0.045257568359375,-0.010467529296875,0,0,0,0,0,0,0,0,Object notstarted,Object notstarted,Object notstarted,Object notstarted,Object notstarted,Object notstarted,Object notstarted,Object notstarted,Object notstarted
2024-02-19 19:06:27,347.347,__main___datalogs,INFO,JoyConState.PREP_SNS,0.000000,0.000000,0.000000,0.091547,-0.011444,0.002289,0.004577,0.000000,0.000000,0.000000,0.000000,0,0,0,0,0,0,0,0,0,0,0,0.045257568359375,-0.010467529296875,0,0,0,0,0,0,0,0,Object notstarted,Object notstarted,Object notstarted,Object notstarted,Object notstarted,Object notstarted,Object notstarted,Object notstarted,Object notstarted
2024-02-19 19:06:27,388.388,__main___datalogs,INFO,JoyConState.PREP_SNS,0.000000,0.000000,0.000000,0.091547,-0.009155,0.002289,0.004577,0.000000,0.000000,0.000000,0.000000,0,0,0,0,0,0,0,0,0,0,0,0.045257568359375,-0.010467529296875,0,0,0,0,0,0,0,0,Object notstarted,Object notstarted,Object notstarted,Object notstarted,Object notstarted,Object notstarted,Object notstarted,Object notstarted,Object notstarted
2024-02-19 19:06:27,430.430,__main___datalogs,INFO,JoyConState.PREP_SNS,0.000000,0.000000,0.000000,0.091547,-0.009155,0.000000,0.004577,0.000000,0.000000,0.000000,0.000000,0,0,0,0,0,0,0,0,0,0,0,0.045257568359375,-0.010467529296875,0,0,0,0,0,0,0,0,Object notstarted,Object notstarted,Object notstarted,Object notstarted,Object notstarted,Object notstarted,Object notstarted,Object notstarted,Object notstarted
2024-02-19 19:06:27,470.470,__main___datalogs,INFO,JoyConState.PREP_SNS,0.000000,0.000000,0.000000,0.091547,-0.009155,-0.006866,0.000000,0.000000,0.000000,0.000000,0.000000,0,0,0,0,0,0,0,0,0,0,0,0.045257568359375,-0.010467529296875,0,0,0,0,0,0,0,0,Object notstarted,Object notstarted,Object notstarted,Object notstarted,Object notstarted,Object notstarted,Object notstarted,Object notstarted,Object notstarted
2024-02-19 19:06:27,512.512,__main___datalogs,INFO,JoyConState.PREP_SNS,0.000000,0.000000,0.000000,0.091547,-0.004577,0.000000,0.000000,0.000000,0.000000,0.000000,0.000000,0,0,0,0,0,0,0,0,0,0,0,0.045257568359375,-0.010467529296875,0,0,0,0,0,0,0,0,Object notstarted,Object notstarted,Object notstarted,Object notstarted,Object notstarted,Object notstarted,Object notstarted,Object notstarted,Object notstarted
2024-02-19 19:06:27,557.557,__main___datalogs,INFO,JoyConState.PREP_SNS,0.000000,0.000000,0.000000,0.096125,-0.004577,0.000000,0.004577,0.000000,0.000000,0.000000,0.000000,0,0,0,0,0,0,0,0,0,0,0,0.045257568359375,-0.010467529296875,0,0,0,0,0,0,0,0,Object notstarted,Object notstarted,Object notstarted,Object notstarted,Object notstarted,Object notstarted,Object notstarted,Object notstarted,Object notstarted
2024-02-19 19:06:27,604.604,__main___datalogs,INFO,JoyConState.PREP_SNS,0.000000,0.000000,0.000000,0.096125,-0.009155,0.000000,0.004577,0.000000,0.000000,0.000000,0.000000,0,0,0,0,0,0,0,0,0,0,0,0.045257568359375,-0.010467529296875,0,0,0,0,0,0,0,0,Object notstarted,Object notstarted,Object notstarted,Object notstarted,Object notstarted,Object notstarted,Object notstarted,Object notstarted,Object notstarted
2024-02-19 19:06:27,644.644,__main___datalogs,INFO,JoyConState.PREP_SNS,0.000000,0.000000,0.000000,0.096125,-0.004577,0.000000,0.004577,0.000000,0.000000,0.000000,0.000000,0,0,0,0,0,0,0,0,0,0,0,0.045257568359375,-0.010467529296875,0,0,0,0,0,0,0,0,Object notstarted,Object notstarted,Object notstarted,Object notstarted,Object notstarted,Object notstarted,Object notstarted,Object notstarted,Object notstarted
2024-02-19 19:06:27,687.687,__main___datalogs,INFO,JoyConState.PREP_SNS,0.000000,0.000000,0.000000,0.091547,-0.011444,-0.006866,0.004577,0.000000,0.000000,0.000000,0.000000,0,0,0,0,0,0,0,0,0,0,0,0.045257568359375,-0.010467529296875,0,0,0,0,0,0,0,0,Object notstarted,Object notstarted,Object notstarted,Object notstarted,Object notstarted,Object notstarted,Object notstarted,Object notstarted,Object notstarted
2024-02-19 19:06:27,729.729,__main___datalogs,INFO,JoyConState.PREP_SNS,0.000000,0.000000,0.000000,0.091547,-0.009155,0.002289,0.004577,0.000000,0.000000,0.000000,0.000000,0,0,0,0,0,0,0,0,0,0,0,0.045257568359375,-0.010467529296875,0,0,0,0,0,0,0,0,Object notstarted,Object notstarted,Object notstarted,Object notstarted,Object notstarted,Object notstarted,Object notstarted,Object notstarted,Object notstarted
2024-02-19 19:06:27,771.771,__main___datalogs,INFO,JoyConState.PREP_SNS,0.000000,0.000000,0.000000,0.091547,-0.004577,0.002289,0.004577,0.000000,0.000000,0.000000,0.000000,0,0,0,0,0,0,0,0,0,0,0,0.045257568359375,-0.010467529296875,0,0,0,0,0,0,0,0,Object notstarted,Object notstarted,Object notstarted,Object notstarted,Object notstarted,Object notstarted,Object notstarted,Object notstarted,Object notstarted
2024-02-19 19:06:27,811.811,__main___datalogs,INFO,JoyConState.PREP_SNS,0.000000,0.000000,0.000000,0.091547,-0.004577,0.000000,0.004577,0.000000,0.000000,0.000000,0.000000,0,0,0,0,0,0,0,0,0,0,0,0.045257568359375,-0.010467529296875,0,0,0,0,0,0,0,0,Object notstarted,Object notstarted,Object notstarted,Object notstarted,Object notstarted,Object notstarted,Object notstarted,Object notstarted,Object notstarted
2024-02-19 19:06:27,852.852,__main___datalogs,INFO,JoyConState.PREP_SNS,0.000000,0.000000,0.000000,0.091547,-0.004577,0.000000,0.004577,0.000000,0.000000,0.000000,0.000000,0,0,0,0,0,0,0,0,0,0,0,0.045257568359375,-0.010467529296875,0,0,0,0,0,0,0,0,Object notstarted,Object notstarted,Object notstarted,Object notstarted,Object notstarted,Object notstarted,Object notstarted,Object notstarted,Object notstarted
2024-02-19 19:06:27,894.894,__main___datalogs,INFO,JoyConState.PREP_SNS,0.000000,0.000000,0.000000,0.096125,-0.004577,0.002289,0.004577,0.000000,0.000000,0.000000,0.000000,0,0,0,0,0,0,0,0,0,0,0,0.045257568359375,-0.010467529296875,0,0,0,0,0,0,0,0,Object notstarted,Object notstarted,Object notstarted,Object notstarted,Object notstarted,Object notstarted,Object notstarted,Object notstarted,Object notstarted
2024-02-19 19:06:27,937.937,__main___datalogs,INFO,JoyConState.PREP_SNS,0.000000,0.000000,0.000000,0.091547,-0.004577,0.002289,0.000000,0.000000,0.000000,0.000000,0.000000,0,0,0,0,0,0,0,0,0,0,0,0.045257568359375,-0.010467529296875,0,0,0,0,0,0,0,0,Object notstarted,Object notstarted,Object notstarted,Object notstarted,Object notstarted,Object notstarted,Object notstarted,Object notstarted,Object notstarted
2024-02-19 19:06:27,977.977,__main___datalogs,INFO,JoyConState.PREP_SNS,0.000000,0.000000,0.000000,0.091547,-0.004577,0.000000,0.000000,0.000000,0.000000,0.000000,0.000000,0,0,0,0,0,0,0,0,0,0,0,0.045257568359375,-0.010467529296875,0,0,0,0,0,0,0,0,Object notstarted,Object notstarted,Object notstarted,Object notstarted,Object notstarted,Object notstarted,Object notstarted,Object notstarted,Object notstarted
2024-02-19 19:06:28,019.019,__main___datalogs,INFO,JoyConState.PREP_SNS,0.000000,0.000000,0.000000,0.091547,-0.009155,0.000000,0.000000,0.000000,0.000000,0.000000,0.000000,0,0,0,0,0,0,0,0,0,0,0,0.045257568359375,-0.010467529296875,0,0,0,0,0,0,0,0,Object notstarted,Object notstarted,Object notstarted,Object notstarted,Object notstarted,Object notstarted,Object notstarted,Object notstarted,Object notstarted
2024-02-19 19:06:28,060.060,__main___datalogs,INFO,JoyConState.PREP_SNS,0.000000,0.000000,0.000000,0.091547,-0.011444,0.000000,0.004577,0.000000,0.000000,0.000000,0.000000,0,0,0,0,0,0,0,0,0,0,0,0.045257568359375,-0.010467529296875,0,0,0,0,0,0,0,0,Object notstarted,Object notstarted,Object notstarted,Object notstarted,Object notstarted,Object notstarted,Object notstarted,Object notstarted,Object notstarted
2024-02-19 19:06:28,103.103,__main___datalogs,INFO,JoyConState.PREP_SNS,0.000000,0.000000,0.000000,0.096125,-0.009155,0.000000,0.004577,0.000000,0.000000,0.000000,0.000000,0,0,0,0,0,0,0,0,0,0,0,0.045257568359375,-0.010467529296875,0,0,0,0,0,0,0,0,Object notstarted,Object notstarted,Object notstarted,Object notstarted,Object notstarted,Object notstarted,Object notstarted,Object notstarted,Object notstarted
2024-02-19 19:06:28,144.144,__main___datalogs,INFO,JoyConState.PREP_SNS,0.000000,0.000000,0.000000,0.091547,-0.009155,0.000000,0.000000,0.000000,0.000000,0.000000,0.000000,0,0,0,0,0,0,0,0,0,0,0,0.045257568359375,-0.010467529296875,0,0,0,0,0,0,0,0,Object notstarted,Object notstarted,Object notstarted,Object notstarted,Object notstarted,Object notstarted,Object notstarted,Object notstarted,Object notstarted
2024-02-19 19:06:28,186.186,__main___datalogs,INFO,JoyConState.PREP_SNS,0.000000,0.000000,0.000000,0.096125,-0.011444,0.000000,0.004577,0.000000,0.000000,0.000000,0.000000,0,0,0,0,0,0,0,0,0,0,0,0.045257568359375,-0.010467529296875,0,0,0,0,0,0,0,0,Object notstarted,Object notstarted,Object notstarted,Object notstarted,Object notstarted,Object notstarted,Object notstarted,Object notstarted,Object notstarted
2024-02-19 19:06:28,230.230,__main___datalogs,INFO,JoyConState.PREP_SNS,0.000000,0.000000,0.000000,0.096125,-0.004577,0.002289,0.006866,0.000000,0.000000,0.000000,0.000000,0,0,0,0,0,0,0,0,0,0,0,0.045257568359375,-0.010467529296875,0,0,0,0,0,0,0,0,Object notstarted,Object notstarted,Object notstarted,Object notstarted,Object notstarted,Object notstarted,Object notstarted,Object notstarted,Object notstarted
2024-02-19 19:06:28,271.271,__main___datalogs,INFO,JoyConState.PREP_SNS,0.000000,0.000000,0.000000,0.091547,-0.009155,0.000000,0.004577,0.000000,0.000000,0.000000,0.000000,0,0,0,0,0,0,0,0,0,0,0,0.045257568359375,-0.010467529296875,0,0,0,0,0,0,0,0,Object notstarted,Object notstarted,Object notstarted,Object notstarted,Object notstarted,Object notstarted,Object notstarted,Object notstarted,Object notstarted
2024-02-19 19:06:28,313.313,__main___datalogs,INFO,JoyConState.PREP_SNS,0.000000,0.000000,0.000000,0.091547,-0.004577,0.000000,0.004577,0.000000,0.000000,0.000000,0.000000,0,0,0,0,0,0,0,0,0,0,0,0.045257568359375,-0.010467529296875,0,0,0,0,0,0,0,0,Object notstarted,Object notstarted,Object notstarted,Object notstarted,Object notstarted,Object notstarted,Object notstarted,Object notstarted,Object notstarted
2024-02-19 19:06:28,355.355,__main___datalogs,INFO,JoyConState.PREP_SNS,0.000000,0.000000,0.000000,0.091547,-0.009155,-0.006866,0.000000,0.000000,0.000000,0.000000,0.000000,0,0,0,0,0,0,0,0,0,0,0,0.045257568359375,-0.010467529296875,0,0,0,0,0,0,0,0,Object notstarted,Object notstarted,Object notstarted,Object notstarted,Object notstarted,Object notstarted,Object notstarted,Object notstarted,Object notstarted
2024-02-19 19:06:28,396.396,__main___datalogs,INFO,JoyConState.PREP_SNS,0.000000,0.000000,0.000000,0.091547,-0.009155,0.000000,0.000000,0.000000,0.000000,0.000000,0.000000,0,0,0,0,0,0,0,0,0,0,0,0.045257568359375,-0.010467529296875,0,0,0,0,0,0,0,0,Object notstarted,Object notstarted,Object notstarted,Object notstarted,Object notstarted,Object notstarted,Object notstarted,Object notstarted,Object notstarted
2024-02-19 19:06:28,439.439,__main___datalogs,INFO,JoyConState.PREP_SNS,0.000000,0.000000,0.000000,0.091547,-0.004577,0.000000,0.004577,0.000000,0.000000,0.000000,0.000000,0,0,0,0,0,0,0,0,0,0,0,0.045257568359375,-0.010467529296875,0,0,0,0,0,0,0,0,Object notstarted,Object notstarted,Object notstarted,Object notstarted,Object notstarted,Object notstarted,Object notstarted,Object notstarted,Object notstarted
2024-02-19 19:06:28,480.480,__main___datalogs,INFO,JoyConState.PREP_SNS,0.000000,0.000000,0.000000,0.091547,-0.009155,0.000000,0.004577,0.000000,0.000000,0.000000,0.000000,0,0,0,0,0,0,0,0,0,0,0,0.045257568359375,-0.010467529296875,0,0,0,0,0,0,0,0,Object notstarted,Object notstarted,Object notstarted,Object notstarted,Object notstarted,Object notstarted,Object notstarted,Object notstarted,Object notstarted
2024-02-19 19:06:28,523.523,__main___datalogs,INFO,JoyConState.PREP_SNS,0.000000,0.000000,0.000000,0.091547,-0.004577,0.000000,0.004577,0.000000,0.000000,0.000000,0.000000,0,0,0,0,0,0,0,0,0,0,0,0.045257568359375,-0.010467529296875,0,0,0,0,0,0,0,0,Object notstarted,Object notstarted,Object notstarted,Object notstarted,Object notstarted,Object notstarted,Object notstarted,Object notstarted,Object notstarted
2024-02-19 19:06:28,561.561,__main___datalogs,INFO,JoyConState.PREP_SNS,0.000000,0.000000,0.000000,0.091547,-0.004577,0.000000,0.004577,0.000000,0.000000,0.000000,0.000000,0,0,0,0,0,0,0,0,0,0,0,0.045257568359375,-0.010467529296875,0,0,0,0,0,0,0,0,Object notstarted,Object notstarted,Object notstarted,Object notstarted,Object notstarted,Object notstarted,Object notstarted,Object notstarted,Object notstarted
2024-02-19 19:06:28,603.603,__main___datalogs,INFO,JoyConState.PREP_SNS,0.000000,0.000000,0.000000,0.091547,-0.004577,0.000000,0.000000,0.000000,0.000000,0.000000,0.000000,0,0,0,0,0,0,0,0,0,0,0,0.045257568359375,-0.010467529296875,0,0,0,0,0,0,0,0,Object notstarted,Object notstarted,Object notstarted,Object notstarted,Object notstarted,Object notstarted,Object notstarted,Object notstarted,Object notstarted
2024-02-19 19:06:28,643.643,__main___datalogs,INFO,JoyConState.PREP_SNS,0.000000,0.000000,0.000000,0.091547,-0.004577,0.000000,0.000000,0.000000,0.000000,0.000000,0.000000,0,0,0,0,0,0,0,0,0,0,0,0.045257568359375,-0.010467529296875,0,0,0,0,0,0,0,0,Object notstarted,Object notstarted,Object notstarted,Object notstarted,Object notstarted,Object notstarted,Object notstarted,Object notstarted,Object notstarted
2024-02-19 19:06:28,686.686,__main___datalogs,INFO,JoyConState.PREP_SNS,0.000000,0.000000,0.000000,0.091547,-0.004577,0.000000,0.000000,0.000000,0.000000,0.000000,0.000000,0,0,0,0,0,0,0,0,0,0,0,0.045257568359375,-0.010467529296875,0,0,0,0,0,0,0,0,Object notstarted,Object notstarted,Object notstarted,Object notstarted,Object notstarted,Object notstarted,Object notstarted,Object notstarted,Object notstarted
2024-02-19 19:06:28,729.729,__main___datalogs,INFO,JoyConState.PREP_SNS,0.000000,0.000000,0.000000,0.091547,-0.009155,0.000000,0.004577,0.000000,0.000000,0.000000,0.000000,0,0,0,0,0,0,0,0,0,0,0,0.045257568359375,-0.010467529296875,0,0,0,0,0,0,0,0,Object notstarted,Object notstarted,Object notstarted,Object notstarted,Object notstarted,Object notstarted,Object notstarted,Object notstarted,Object notstarted
2024-02-19 19:06:28,772.772,__main___datalogs,INFO,JoyConState.PREP_SNS,0.000000,0.000000,0.000000,0.096125,-0.009155,0.000000,0.004577,0.000000,0.000000,0.000000,0.000000,0,0,0,0,0,0,0,0,0,0,0,0.045257568359375,-0.010467529296875,0,0,0,0,0,0,0,0,Object notstarted,Object notstarted,Object notstarted,Object notstarted,Object notstarted,Object notstarted,Object notstarted,Object notstarted,Object notstarted
2024-02-19 19:06:28,812.812,__main___datalogs,INFO,JoyConState.PREP_SNS,0.000000,0.000000,0.000000,0.091547,-0.004577,0.000000,0.004577,0.000000,0.000000,0.000000,0.000000,0,0,0,0,0,0,0,0,0,0,0,0.045257568359375,-0.010467529296875,0,0,0,0,0,0,0,0,Object notstarted,Object notstarted,Object notstarted,Object notstarted,Object notstarted,Object notstarted,Object notstarted,Object notstarted,Object notstarted
2024-02-19 19:06:28,854.854,__main___datalogs,INFO,JoyConState.PREP_SNS,0.000000,0.000000,0.000000,0.091547,-0.009155,0.000000,0.004577,0.000000,0.000000,0.000000,0.000000,0,0,0,0,0,0,0,0,0,0,0,0.045257568359375,-0.010467529296875,0,0,0,0,0,0,0,0,Object notstarted,Object notstarted,Object notstarted,Object notstarted,Object notstarted,Object notstarted,Object notstarted,Object notstarted,Object notstarted
2024-02-19 19:06:28,894.894,__main___datalogs,INFO,JoyConState.PREP_SNS,0.000000,0.000000,0.000000,0.096125,-0.009155,0.000000,0.004577,0.000000,0.000000,0.000000,0.000000,0,0,0,0,0,0,0,0,0,0,0,0.045257568359375,-0.010467529296875,0,0,0,0,0,0,0,0,Object notstarted,Object notstarted,Object notstarted,Object notstarted,Object notstarted,Object notstarted,Object notstarted,Object notstarted,Object notstarted
2024-02-19 19:06:28,935.935,__main___datalogs,INFO,JoyConState.PREP_SNS,0.000000,0.000000,0.000000,0.096125,-0.004577,0.000000,0.000000,0.000000,0.000000,0.000000,0.000000,0,0,0,0,0,0,0,0,0,0,0,0.045257568359375,-0.010467529296875,0,0,0,0,0,0,0,0,Object notstarted,Object notstarted,Object notstarted,Object notstarted,Object notstarted,Object notstarted,Object notstarted,Object notstarted,Object notstarted
2024-02-19 19:06:28,975.975,__main___datalogs,INFO,JoyConState.PREP_SNS,0.000000,0.000000,0.000000,0.096125,-0.004577,0.000000,0.004577,0.000000,0.000000,0.000000,0.000000,0,0,0,0,0,0,0,0,0,0,0,0.045257568359375,-0.010467529296875,0,0,0,0,0,0,0,0,Object notstarted,Object notstarted,Object notstarted,Object notstarted,Object notstarted,Object notstarted,Object notstarted,Object notstarted,Object notstarted
2024-02-19 19:06:29,016.016,__main___datalogs,INFO,JoyConState.PREP_SNS,0.000000,0.000000,0.000000,0.091547,0.000000,0.000000,0.004577,0.000000,0.000000,0.000000,0.000000,0,0,0,0,0,0,0,0,0,0,0,0.045257568359375,-0.010467529296875,0,0,0,0,0,0,0,0,Object notstarted,Object notstarted,Object notstarted,Object notstarted,Object notstarted,Object notstarted,Object notstarted,Object notstarted,Object notstarted
2024-02-19 19:06:29,057.057,__main___datalogs,INFO,JoyConState.PREP_SNS,0.000000,0.000000,0.000000,0.091547,0.000000,0.000000,0.004577,0.000000,0.000000,0.000000,0.000000,0,0,0,0,0,0,0,0,0,0,0,0.045257568359375,-0.010467529296875,0,0,0,0,0,0,0,0,Object notstarted,Object notstarted,Object notstarted,Object notstarted,Object notstarted,Object notstarted,Object notstarted,Object notstarted,Object notstarted
2024-02-19 19:06:29,100.100,__main___datalogs,INFO,JoyConState.PREP_SNS,0.000000,0.000000,0.000000,0.091547,0.000000,0.002289,0.004577,0.000000,0.000000,0.000000,0.000000,0,0,0,0,0,0,0,0,0,0,0,0.045257568359375,-0.010467529296875,0,0,0,0,0,0,0,0,Object notstarted,Object notstarted,Object notstarted,Object notstarted,Object notstarted,Object notstarted,Object notstarted,Object notstarted,Object notstarted
2024-02-19 19:06:29,142.142,__main___datalogs,INFO,JoyConState.PREP_SNS,0.000000,0.000000,0.000000,0.091547,-0.009155,0.000000,0.000000,0.000000,0.000000,0.000000,0.000000,0,0,0,0,0,0,0,0,0,0,0,0.045257568359375,-0.010467529296875,0,0,0,0,0,0,0,0,Object notstarted,Object notstarted,Object notstarted,Object notstarted,Object notstarted,Object notstarted,Object notstarted,Object notstarted,Object notstarted
2024-02-19 19:06:29,184.184,__main___datalogs,INFO,JoyConState.PREP_SNS,0.000000,0.000000,0.000000,0.089258,-0.011444,0.000000,0.000000,0.000000,0.000000,0.000000,0.000000,0,0,0,0,0,0,0,0,0,0,0,0.045257568359375,-0.010467529296875,0,0,0,0,0,0,0,0,Object notstarted,Object notstarted,Object notstarted,Object notstarted,Object notstarted,Object notstarted,Object notstarted,Object notstarted,Object notstarted
2024-02-19 19:06:29,225.225,__main___datalogs,INFO,JoyConState.PREP_SNS,0.000000,0.000000,0.000000,0.096125,-0.004577,0.000000,0.004577,0.000000,0.000000,0.000000,0.000000,0,0,0,0,0,0,0,0,0,0,0,0.045257568359375,-0.010467529296875,0,0,0,0,0,0,0,0,Object notstarted,Object notstarted,Object notstarted,Object notstarted,Object notstarted,Object notstarted,Object notstarted,Object notstarted,Object notstarted
2024-02-19 19:06:29,267.267,__main___datalogs,INFO,JoyConState.PREP_SNS,0.000000,0.000000,0.000000,0.096125,-0.004577,0.000000,0.000000,0.000000,0.000000,0.000000,0.000000,0,0,0,0,0,0,0,0,0,0,0,0.045257568359375,-0.010467529296875,0,0,0,0,0,0,0,0,Object notstarted,Object notstarted,Object notstarted,Object notstarted,Object notstarted,Object notstarted,Object notstarted,Object notstarted,Object notstarted
2024-02-19 19:06:29,310.310,__main___datalogs,INFO,JoyConState.PREP_SNS,0.000000,0.000000,0.000000,0.091547,-0.011444,0.000000,0.004577,0.000000,0.000000,0.000000,0.000000,0,0,0,0,0,0,0,0,0,0,0,0.045257568359375,-0.010467529296875,0,0,0,0,0,0,0,0,Object notstarted,Object notstarted,Object notstarted,Object notstarted,Object notstarted,Object notstarted,Object notstarted,Object notstarted,Object notstarted
2024-02-19 19:06:29,352.352,__main___datalogs,INFO,JoyConState.PREP_SNS,0.000000,0.000000,0.000000,0.091547,-0.009155,0.000000,0.004577,0.000000,0.000000,0.000000,0.000000,0,0,0,0,0,0,0,0,0,0,0,0.045257568359375,-0.010467529296875,0,0,0,0,0,0,0,0,Object notstarted,Object notstarted,Object notstarted,Object notstarted,Object notstarted,Object notstarted,Object notstarted,Object notstarted,Object notstarted
2024-02-19 19:06:29,394.394,__main___datalogs,INFO,JoyConState.PREP_SNS,0.000000,0.000000,0.000000,0.091547,-0.011444,0.000000,0.004577,0.000000,0.000000,0.000000,0.000000,0,0,0,0,0,0,0,0,0,0,0,0.045257568359375,-0.010467529296875,0,0,0,0,0,0,0,0,Object notstarted,Object notstarted,Object notstarted,Object notstarted,Object notstarted,Object notstarted,Object notstarted,Object notstarted,Object notstarted
2024-02-19 19:06:29,438.438,__main___datalogs,INFO,JoyConState.PREP_SNS,0.000000,0.000000,0.000000,0.091547,-0.004577,0.002289,0.004577,0.000000,0.000000,0.000000,0.000000,0,0,0,0,0,0,0,0,0,0,0,0.045257568359375,-0.010467529296875,0,0,0,0,0,0,0,0,Object notstarted,Object notstarted,Object notstarted,Object notstarted,Object notstarted,Object notstarted,Object notstarted,Object notstarted,Object notstarted
2024-02-19 19:06:29,480.480,__main___datalogs,INFO,JoyConState.PREP_SNS,0.000000,0.000000,0.000000,0.091547,-0.004577,0.002289,0.006866,0.000000,0.000000,0.000000,0.000000,0,0,0,0,0,0,0,0,0,0,0,0.045257568359375,-0.010467529296875,0,0,0,0,0,0,0,0,Object notstarted,Object notstarted,Object notstarted,Object notstarted,Object notstarted,Object notstarted,Object notstarted,Object notstarted,Object notstarted
2024-02-19 19:06:29,523.523,__main___datalogs,INFO,JoyConState.PREP_SNS,0.000000,0.000000,0.000000,0.091547,-0.004577,0.000000,0.004577,0.000000,0.000000,0.000000,0.000000,0,0,0,0,0,0,0,0,0,0,0,0.045257568359375,-0.010467529296875,0,0,0,0,0,0,0,0,Object notstarted,Object notstarted,Object notstarted,Object notstarted,Object notstarted,Object notstarted,Object notstarted,Object notstarted,Object notstarted
2024-02-19 19:06:29,562.562,__main___datalogs,INFO,JoyConState.PREP_SNS,0.000000,0.000000,0.000000,0.091547,-0.009155,0.000000,0.004577,0.000000,0.000000,0.000000,0.000000,0,0,0,0,0,0,0,0,0,0,0,0.045257568359375,-0.010467529296875,0,0,0,0,0,0,0,0,Object notstarted,Object notstarted,Object notstarted,Object notstarted,Object notstarted,Object notstarted,Object notstarted,Object notstarted,Object notstarted
2024-02-19 19:06:29,603.603,__main___datalogs,INFO,JoyConState.PREP_SNS,0.000000,0.000000,0.000000,0.091547,-0.004577,0.000000,0.004577,0.000000,0.000000,0.000000,0.000000,0,0,0,0,0,0,0,0,0,0,0,0.045257568359375,-0.010467529296875,0,0,0,0,0,0,0,0,Object notstarted,Object notstarted,Object notstarted,Object notstarted,Object notstarted,Object notstarted,Object notstarted,Object notstarted,Object notstarted
2024-02-19 19:06:29,644.644,__main___datalogs,INFO,JoyConState.PREP_SNS,0.000000,0.000000,0.000000,0.089258,-0.004577,0.000000,0.004577,0.000000,0.000000,0.000000,0.000000,0,0,0,0,0,0,0,0,0,0,0,0.045257568359375,-0.010467529296875,0,0,0,0,0,0,0,0,Object notstarted,Object notstarted,Object notstarted,Object notstarted,Object notstarted,Object notstarted,Object notstarted,Object notstarted,Object notstarted
2024-02-19 19:06:29,691.691,__main___datalogs,INFO,JoyConState.PREP_SNS,0.000000,0.000000,0.000000,0.091547,-0.004577,0.000000,0.004577,0.000000,0.000000,0.000000,0.000000,0,0,0,0,0,0,0,0,0,0,0,0.045257568359375,-0.010467529296875,0,0,0,0,0,0,0,0,Object notstarted,Object notstarted,Object notstarted,Object notstarted,Object notstarted,Object notstarted,Object notstarted,Object notstarted,Object notstarted
2024-02-19 19:06:29,732.732,__main___datalogs,INFO,JoyConState.PREP_SNS,0.000000,0.000000,0.000000,0.091547,-0.009155,0.002289,0.004577,0.000000,0.000000,0.000000,0.000000,0,0,0,0,0,0,0,0,0,0,0,0.045257568359375,-0.010467529296875,0,0,0,0,0,0,0,0,Object notstarted,Object notstarted,Object notstarted,Object notstarted,Object notstarted,Object notstarted,Object notstarted,Object notstarted,Object notstarted
2024-02-19 19:06:29,774.774,__main___datalogs,INFO,JoyConState.PREP_SNS,0.000000,0.000000,0.000000,0.091547,-0.009155,0.002289,0.004577,0.000000,0.000000,0.000000,0.000000,0,0,0,0,0,0,0,0,0,0,0,0.045257568359375,-0.010467529296875,0,0,0,0,0,0,0,0,Object notstarted,Object notstarted,Object notstarted,Object notstarted,Object notstarted,Object notstarted,Object notstarted,Object notstarted,Object notstarted
2024-02-19 19:06:29,815.815,__main___datalogs,INFO,JoyConState.PREP_SNS,0.000000,0.000000,0.000000,0.091547,-0.004577,0.000000,0.004577,0.000000,0.000000,0.000000,0.000000,0,0,0,0,0,0,0,0,0,0,0,0.045257568359375,-0.010467529296875,0,0,0,0,0,0,0,0,Object notstarted,Object notstarted,Object notstarted,Object notstarted,Object notstarted,Object notstarted,Object notstarted,Object notstarted,Object notstarted
2024-02-19 19:06:29,856.856,__main___datalogs,INFO,JoyConState.PREP_SNS,0.000000,0.000000,0.000000,0.091547,-0.004577,0.002289,0.004577,0.000000,0.000000,0.000000,0.000000,0,0,0,0,0,0,0,0,0,0,0,0.045257568359375,-0.010467529296875,0,0,0,0,0,0,0,0,Object notstarted,Object notstarted,Object notstarted,Object notstarted,Object notstarted,Object notstarted,Object notstarted,Object notstarted,Object notstarted
2024-02-19 19:06:29,896.896,__main___datalogs,INFO,JoyConState.PREP_SNS,0.000000,0.000000,0.000000,0.091547,-0.004577,0.000000,0.004577,0.000000,0.000000,0.000000,0.000000,0,0,0,0,0,0,0,0,0,0,0,0.045257568359375,-0.010467529296875,0,0,0,0,0,0,0,0,Object notstarted,Object notstarted,Object notstarted,Object notstarted,Object notstarted,Object notstarted,Object notstarted,Object notstarted,Object notstarted
2024-02-19 19:06:29,938.938,__main___datalogs,INFO,JoyConState.PREP_SNS,0.000000,0.000000,0.000000,0.091547,0.000000,0.000000,0.000000,0.000000,0.000000,0.000000,0.000000,0,0,0,0,0,0,0,0,0,0,0,0.045257568359375,-0.010467529296875,0,0,0,0,0,0,0,0,Object notstarted,Object notstarted,Object notstarted,Object notstarted,Object notstarted,Object notstarted,Object notstarted,Object notstarted,Object notstarted
2024-02-19 19:06:29,980.980,__main___datalogs,INFO,JoyConState.PREP_SNS,0.000000,0.000000,0.000000,0.091547,0.000000,0.000000,0.000000,0.000000,0.000000,0.000000,0.000000,0,0,0,0,0,0,0,0,0,0,0,0.045257568359375,-0.010467529296875,0,0,0,0,0,0,0,0,Object notstarted,Object notstarted,Object notstarted,Object notstarted,Object notstarted,Object notstarted,Object notstarted,Object notstarted,Object notstarted
2024-02-19 19:06:30,023.023,__main___datalogs,INFO,JoyConState.PREP_SNS,0.000000,0.000000,0.000000,0.098413,-0.009155,0.000000,0.000000,0.000000,0.000000,0.000000,0.000000,0,0,0,0,0,0,0,0,0,0,0,0.045257568359375,-0.010467529296875,0,0,0,0,0,0,0,0,Object notstarted,Object notstarted,Object notstarted,Object notstarted,Object notstarted,Object notstarted,Object notstarted,Object notstarted,Object notstarted
2024-02-19 19:06:30,065.065,__main___datalogs,INFO,JoyConState.PREP_SNS,0.000000,0.000000,0.000000,0.096125,-0.004577,0.000000,0.000000,0.000000,0.000000,0.000000,0.000000,0,0,0,0,0,0,0,0,0,0,0,0.045257568359375,-0.010467529296875,0,0,0,0,0,0,0,0,Object notstarted,Object notstarted,Object notstarted,Object notstarted,Object notstarted,Object notstarted,Object notstarted,Object notstarted,Object notstarted
2024-02-19 19:06:30,109.109,__main___datalogs,INFO,JoyConState.PREP_SNS,0.000000,0.000000,0.000000,0.091547,-0.009155,0.000000,0.000000,0.000000,0.000000,0.000000,0.000000,0,0,0,0,0,0,0,0,0,0,0,0.045257568359375,-0.010467529296875,0,0,0,0,0,0,0,0,Object notstarted,Object notstarted,Object notstarted,Object notstarted,Object notstarted,Object notstarted,Object notstarted,Object notstarted,Object notstarted
2024-02-19 19:06:30,151.151,__main___datalogs,INFO,JoyConState.PREP_SNS,0.000000,0.000000,0.000000,0.091547,-0.009155,0.000000,0.000000,0.000000,0.000000,0.000000,0.000000,0,0,0,0,0,0,0,0,0,0,0,0.045257568359375,-0.010467529296875,0,0,0,0,0,0,0,0,Object notstarted,Object notstarted,Object notstarted,Object notstarted,Object notstarted,Object notstarted,Object notstarted,Object notstarted,Object notstarted
2024-02-19 19:06:30,193.193,__main___datalogs,INFO,JoyConState.PREP_SNS,0.000000,0.000000,0.000000,0.091547,-0.004577,0.000000,0.000000,0.000000,0.000000,0.000000,0.000000,0,0,0,0,0,0,0,0,0,0,0,0.045257568359375,-0.010467529296875,0,0,0,0,0,0,0,0,Object notstarted,Object notstarted,Object notstarted,Object notstarted,Object notstarted,Object notstarted,Object notstarted,Object notstarted,Object notstarted
2024-02-19 19:06:30,233.233,__main___datalogs,INFO,JoyConState.PREP_SNS,0.000000,0.000000,0.000000,0.096125,-0.004577,0.000000,0.000000,0.000000,0.000000,0.000000,0.000000,0,0,0,0,0,0,0,0,0,0,0,0.045257568359375,-0.010467529296875,0,0,0,0,0,0,0,0,Object notstarted,Object notstarted,Object notstarted,Object notstarted,Object notstarted,Object notstarted,Object notstarted,Object notstarted,Object notstarted
2024-02-19 19:06:30,272.272,__main___datalogs,INFO,JoyConState.PREP_SNS,0.000000,0.000000,0.000000,0.096125,-0.004577,0.000000,0.000000,0.000000,0.000000,0.000000,0.000000,0,0,0,0,0,0,0,0,0,0,0,0.045257568359375,-0.010467529296875,0,0,0,0,0,0,0,0,Object notstarted,Object notstarted,Object notstarted,Object notstarted,Object notstarted,Object notstarted,Object notstarted,Object notstarted,Object notstarted
2024-02-19 19:06:30,313.313,__main___datalogs,INFO,JoyConState.PREP_SNS,0.000000,0.000000,0.000000,0.096125,0.000000,0.002289,0.004577,0.000000,0.000000,0.000000,0.000000,0,0,0,0,0,0,0,0,0,0,0,0.045257568359375,-0.010467529296875,0,0,0,0,0,0,0,0,Object notstarted,Object notstarted,Object notstarted,Object notstarted,Object notstarted,Object notstarted,Object notstarted,Object notstarted,Object notstarted
2024-02-19 19:06:30,354.354,__main___datalogs,INFO,JoyConState.PREP_SNS,0.000000,0.000000,0.000000,0.096125,-0.009155,0.002289,0.004577,0.000000,0.000000,0.000000,0.000000,0,0,0,0,0,0,0,0,0,0,0,0.045257568359375,-0.010467529296875,0,0,0,0,0,0,0,0,Object notstarted,Object notstarted,Object notstarted,Object notstarted,Object notstarted,Object notstarted,Object notstarted,Object notstarted,Object notstarted
2024-02-19 19:06:30,395.395,__main___datalogs,INFO,JoyConState.PREP_SNS,0.000000,0.000000,0.000000,0.096125,-0.009155,0.000000,0.004577,0.000000,0.000000,0.000000,0.000000,0,0,0,0,0,0,0,0,0,0,0,0.045257568359375,-0.010467529296875,0,0,0,0,0,0,0,0,Object notstarted,Object notstarted,Object notstarted,Object notstarted,Object notstarted,Object notstarted,Object notstarted,Object notstarted,Object notstarted
2024-02-19 19:06:30,437.437,__main___datalogs,INFO,JoyConState.PREP_SNS,0.000000,0.000000,0.000000,0.096125,-0.004577,0.000000,0.004577,0.000000,0.000000,0.000000,0.000000,0,0,0,0,0,0,0,0,0,0,0,0.045257568359375,-0.010467529296875,0,0,0,0,0,0,0,0,Object notstarted,Object notstarted,Object notstarted,Object notstarted,Object notstarted,Object notstarted,Object notstarted,Object notstarted,Object notstarted
2024-02-19 19:06:30,477.477,__main___datalogs,INFO,JoyConState.PREP_SNS,0.000000,0.000000,0.000000,0.096125,-0.004577,0.000000,0.004577,0.000000,0.000000,0.000000,0.000000,0,0,0,0,0,0,0,0,0,0,0,0.045257568359375,-0.010467529296875,0,0,0,0,0,0,0,0,Object notstarted,Object notstarted,Object notstarted,Object notstarted,Object notstarted,Object notstarted,Object notstarted,Object notstarted,Object notstarted
2024-02-19 19:06:30,519.519,__main___datalogs,INFO,JoyConState.PREP_SNS,0.000000,0.000000,0.000000,0.091547,-0.004577,0.000000,0.004577,0.000000,0.000000,0.000000,0.000000,0,0,0,0,0,0,0,0,0,0,0,0.045257568359375,-0.010467529296875,0,0,0,0,0,0,0,0,Object notstarted,Object notstarted,Object notstarted,Object notstarted,Object notstarted,Object notstarted,Object notstarted,Object notstarted,Object notstarted
2024-02-19 19:06:30,564.564,__main___datalogs,INFO,JoyConState.PREP_SNS,0.000000,0.000000,0.000000,0.091547,-0.009155,0.000000,0.004577,0.000000,0.000000,0.000000,0.000000,0,0,0,0,0,0,0,0,0,0,0,0.045257568359375,-0.010467529296875,0,0,0,0,0,0,0,0,Object notstarted,Object notstarted,Object notstarted,Object notstarted,Object notstarted,Object notstarted,Object notstarted,Object notstarted,Object notstarted
2024-02-19 19:06:30,611.611,__main___datalogs,INFO,JoyConState.PREP_SNS,0.000000,0.000000,0.000000,0.091547,-0.009155,0.000000,0.000000,0.000000,0.000000,0.000000,0.000000,0,0,0,0,0,0,0,0,0,0,0,0.045257568359375,-0.010467529296875,0,0,0,0,0,0,0,0,Object notstarted,Object notstarted,Object notstarted,Object notstarted,Object notstarted,Object notstarted,Object notstarted,Object notstarted,Object notstarted
2024-02-19 19:06:30,654.654,__main___datalogs,INFO,JoyConState.PREP_SNS,0.000000,0.000000,0.000000,0.096125,-0.009155,0.000000,0.000000,0.000000,0.000000,0.000000,0.000000,0,0,0,0,0,0,0,0,0,0,0,0.045257568359375,-0.010467529296875,0,0,0,0,0,0,0,0,Object notstarted,Object notstarted,Object notstarted,Object notstarted,Object notstarted,Object notstarted,Object notstarted,Object notstarted,Object notstarted
2024-02-19 19:06:30,698.698,__main___datalogs,INFO,JoyConState.PREP_SNS,0.000000,0.000000,0.000000,0.096125,-0.009155,0.000000,0.004577,0.000000,0.000000,0.000000,0.000000,0,0,0,0,0,0,0,0,0,0,0,0.045257568359375,-0.010467529296875,0,0,0,0,0,0,0,0,Object notstarted,Object notstarted,Object notstarted,Object notstarted,Object notstarted,Object notstarted,Object notstarted,Object notstarted,Object notstarted
2024-02-19 19:06:30,740.740,__main___datalogs,INFO,JoyConState.PREP_SNS,0.000000,0.000000,0.000000,0.091547,-0.009155,0.000000,0.004577,0.000000,0.000000,0.000000,0.000000,0,0,0,0,0,0,0,0,0,0,0,0.045257568359375,-0.010467529296875,0,0,0,0,0,0,0,0,Object notstarted,Object notstarted,Object notstarted,Object notstarted,Object notstarted,Object notstarted,Object notstarted,Object notstarted,Object notstarted
2024-02-19 19:06:30,783.783,__main___datalogs,INFO,JoyConState.PREP_SNS,0.000000,0.000000,0.000000,0.091547,-0.004577,0.000000,0.004577,0.000000,0.000000,0.000000,0.000000,0,0,0,0,0,0,0,0,0,0,0,0.045257568359375,-0.010467529296875,0,0,0,0,0,0,0,0,Object notstarted,Object notstarted,Object notstarted,Object notstarted,Object notstarted,Object notstarted,Object notstarted,Object notstarted,Object notstarted
2024-02-19 19:06:30,823.823,__main___datalogs,INFO,JoyConState.PREP_SNS,0.000000,0.000000,0.000000,0.091547,-0.009155,0.000000,0.004577,0.000000,0.000000,0.000000,0.000000,0,0,0,0,0,0,0,0,0,0,0,0.045257568359375,-0.010467529296875,0,0,0,0,0,0,0,0,Object notstarted,Object notstarted,Object notstarted,Object notstarted,Object notstarted,Object notstarted,Object notstarted,Object notstarted,Object notstarted
2024-02-19 19:06:30,871.871,__main___datalogs,INFO,JoyConState.PREP_SNS,0.000000,0.000000,0.000000,0.091547,-0.009155,0.000000,0.004577,0.000000,0.000000,0.000000,0.000000,0,0,0,0,0,0,0,0,0,0,0,0.045257568359375,-0.010467529296875,0,0,0,0,0,0,0,0,Object notstarted,Object notstarted,Object notstarted,Object notstarted,Object notstarted,Object notstarted,Object notstarted,Object notstarted,Object notstarted
2024-02-19 19:06:30,917.917,__main___datalogs,INFO,JoyConState.PREP_SNS,0.000000,0.000000,0.000000,0.096125,-0.004577,0.000000,0.000000,0.000000,0.000000,0.000000,0.000000,0,0,0,0,0,0,0,0,0,0,0,0.045257568359375,-0.010467529296875,0,0,0,0,0,0,0,0,Object notstarted,Object notstarted,Object notstarted,Object notstarted,Object notstarted,Object notstarted,Object notstarted,Object notstarted,Object notstarted
2024-02-19 19:06:30,966.966,__main___datalogs,INFO,JoyConState.PREP_SNS,0.000000,0.000000,0.000000,0.091547,-0.009155,0.000000,0.000000,0.000000,0.000000,0.000000,0.000000,0,0,0,0,0,0,0,0,0,0,0,0.045257568359375,-0.010467529296875,0,0,0,0,0,0,0,0,Object notstarted,Object notstarted,Object notstarted,Object notstarted,Object notstarted,Object notstarted,Object notstarted,Object notstarted,Object notstarted
2024-02-19 19:06:31,011.011,__main___datalogs,INFO,JoyConState.PREP_SNS,0.000000,0.000000,0.000000,0.091547,-0.004577,0.002289,0.004577,0.000000,0.000000,0.000000,0.000000,0,0,0,0,0,0,0,0,0,0,0,0.045257568359375,-0.010467529296875,0,0,0,0,0,0,0,0,Object notstarted,Object notstarted,Object notstarted,Object notstarted,Object notstarted,Object notstarted,Object notstarted,Object notstarted,Object notstarted
2024-02-19 19:06:31,054.054,__main___datalogs,INFO,JoyConState.PREP_SNS,0.000000,0.000000,0.000000,0.096125,-0.004577,0.002289,0.004577,0.000000,0.000000,0.000000,0.000000,0,0,0,0,0,0,0,0,0,0,0,0.045257568359375,-0.010467529296875,0,0,0,0,0,0,0,0,Object notstarted,Object notstarted,Object notstarted,Object notstarted,Object notstarted,Object notstarted,Object notstarted,Object notstarted,Object notstarted
2024-02-19 19:06:31,096.096,__main___datalogs,INFO,JoyConState.PREP_SNS,0.000000,0.000000,0.000000,0.096125,-0.004577,0.000000,0.004577,0.000000,0.000000,0.000000,0.000000,0,0,0,0,0,0,0,0,0,0,0,0.045257568359375,-0.010467529296875,0,0,0,0,0,0,0,0,Object notstarted,Object notstarted,Object notstarted,Object notstarted,Object notstarted,Object notstarted,Object notstarted,Object notstarted,Object notstarted
2024-02-19 19:06:31,137.137,__main___datalogs,INFO,JoyConState.PREP_SNS,0.000000,0.000000,0.000000,0.096125,-0.009155,0.000000,0.004577,0.000000,0.000000,0.000000,0.000000,0,0,0,0,0,0,0,0,0,0,0,0.045257568359375,-0.010467529296875,0,0,0,0,0,0,0,0,Object notstarted,Object notstarted,Object notstarted,Object notstarted,Object notstarted,Object notstarted,Object notstarted,Object notstarted,Object notstarted
2024-02-19 19:06:31,177.177,__main___datalogs,INFO,JoyConState.PREP_SNS,0.000000,0.000000,0.000000,0.096125,-0.009155,0.000000,0.006866,0.000000,0.000000,0.000000,0.000000,0,0,0,0,0,0,0,0,0,0,0,0.045257568359375,-0.010467529296875,0,0,0,0,0,0,0,0,Object notstarted,Object notstarted,Object notstarted,Object notstarted,Object notstarted,Object notstarted,Object notstarted,Object notstarted,Object notstarted
2024-02-19 19:06:31,218.218,__main___datalogs,INFO,JoyConState.PREP_SNS,0.000000,0.000000,0.000000,0.096125,-0.004577,0.000000,0.004577,0.000000,0.000000,0.000000,0.000000,0,0,0,0,0,0,0,0,0,0,0,0.045257568359375,-0.010467529296875,0,0,0,0,0,0,0,0,Object notstarted,Object notstarted,Object notstarted,Object notstarted,Object notstarted,Object notstarted,Object notstarted,Object notstarted,Object notstarted
2024-02-19 19:06:31,261.261,__main___datalogs,INFO,JoyConState.PREP_SNS,0.000000,0.000000,0.000000,0.091547,0.000000,0.000000,0.006866,0.000000,0.000000,0.000000,0.000000,0,0,0,0,0,0,0,0,0,0,0,0.045257568359375,-0.010467529296875,0,0,0,0,0,0,0,0,Object notstarted,Object notstarted,Object notstarted,Object notstarted,Object notstarted,Object notstarted,Object notstarted,Object notstarted,Object notstarted
2024-02-19 19:06:31,305.305,__main___datalogs,INFO,JoyConState.PREP_SNS,0.000000,0.000000,0.000000,0.091547,0.000000,0.000000,0.004577,0.000000,0.000000,0.000000,0.000000,0,0,0,0,0,0,0,0,0,0,0,0.045257568359375,-0.010467529296875,0,0,0,0,0,0,0,0,Object notstarted,Object notstarted,Object notstarted,Object notstarted,Object notstarted,Object notstarted,Object notstarted,Object notstarted,Object notstarted
2024-02-19 19:06:31,350.350,__main___datalogs,INFO,JoyConState.PREP_SNS,0.000000,0.000000,0.000000,0.096125,-0.004577,0.000000,0.004577,0.000000,0.000000,0.000000,0.000000,0,0,0,0,0,0,0,0,0,0,0,0.045257568359375,-0.010467529296875,0,0,0,0,0,0,0,0,Object notstarted,Object notstarted,Object notstarted,Object notstarted,Object notstarted,Object notstarted,Object notstarted,Object notstarted,Object notstarted
2024-02-19 19:06:31,395.395,__main___datalogs,INFO,JoyConState.PREP_SNS,0.000000,0.000000,0.000000,0.096125,-0.004577,0.000000,0.004577,0.000000,0.000000,0.000000,0.000000,0,0,0,0,0,0,0,0,0,0,0,0.045257568359375,-0.010467529296875,0,0,0,0,0,0,0,0,Object notstarted,Object notstarted,Object notstarted,Object notstarted,Object notstarted,Object notstarted,Object notstarted,Object notstarted,Object notstarted
2024-02-19 19:06:31,438.438,__main___datalogs,INFO,JoyConState.PREP_SNS,0.000000,0.000000,0.000000,0.096125,-0.009155,0.000000,0.004577,0.000000,0.000000,0.000000,0.000000,0,0,0,0,0,0,0,0,0,0,0,0.045257568359375,-0.010467529296875,0,0,0,0,0,0,0,0,Object notstarted,Object notstarted,Object notstarted,Object notstarted,Object notstarted,Object notstarted,Object notstarted,Object notstarted,Object notstarted
2024-02-19 19:06:31,480.480,__main___datalogs,INFO,JoyConState.PREP_SNS,0.000000,0.000000,0.000000,0.096125,-0.009155,0.000000,0.004577,0.000000,0.000000,0.000000,0.000000,0,0,0,0,0,0,0,0,0,0,0,0.045257568359375,-0.010467529296875,0,0,0,0,0,0,0,0,Object notstarted,Object notstarted,Object notstarted,Object notstarted,Object notstarted,Object notstarted,Object notstarted,Object notstarted,Object notstarted
2024-02-19 19:06:31,521.521,__main___datalogs,INFO,JoyConState.PREP_SNS,0.000000,0.000000,0.000000,0.096125,-0.004577,0.000000,0.004577,0.000000,0.000000,0.000000,0.000000,0,0,0,0,0,0,0,0,0,0,0,0.045257568359375,-0.010467529296875,0,0,0,0,0,0,0,0,Object notstarted,Object notstarted,Object notstarted,Object notstarted,Object notstarted,Object notstarted,Object notstarted,Object notstarted,Object notstarted
2024-02-19 19:06:31,565.565,__main___datalogs,INFO,JoyConState.PREP_SNS,0.000000,0.000000,0.000000,0.091547,-0.009155,0.002289,0.004577,0.000000,0.000000,0.000000,0.000000,0,0,0,0,0,0,0,0,0,0,0,0.045257568359375,-0.010467529296875,0,0,0,0,0,0,0,0,Object notstarted,Object notstarted,Object notstarted,Object notstarted,Object notstarted,Object notstarted,Object notstarted,Object notstarted,Object notstarted
2024-02-19 19:06:31,605.605,__main___datalogs,INFO,JoyConState.PREP_SNS,0.000000,0.000000,0.000000,0.091547,-0.004577,0.006866,0.004577,0.000000,0.000000,0.000000,0.000000,0,0,0,0,0,0,0,0,0,0,0,0.045257568359375,-0.010467529296875,0,0,0,0,0,0,0,0,Object notstarted,Object notstarted,Object notstarted,Object notstarted,Object notstarted,Object notstarted,Object notstarted,Object notstarted,Object notstarted
2024-02-19 19:06:31,647.647,__main___datalogs,INFO,JoyConState.PREP_SNS,0.000000,0.000000,0.000000,0.091547,-0.011444,0.002289,0.004577,0.000000,0.000000,0.000000,0.000000,0,0,0,0,0,0,0,0,0,0,0,0.045257568359375,-0.010467529296875,0,0,0,0,0,0,0,0,Object notstarted,Object notstarted,Object notstarted,Object notstarted,Object notstarted,Object notstarted,Object notstarted,Object notstarted,Object notstarted
2024-02-19 19:06:31,689.689,__main___datalogs,INFO,JoyConState.PREP_SNS,0.000000,0.000000,0.000000,0.091547,-0.009155,0.002289,0.004577,0.000000,0.000000,0.000000,0.000000,0,0,0,0,0,0,0,0,0,0,0,0.045257568359375,-0.010467529296875,0,0,0,0,0,0,0,0,Object notstarted,Object notstarted,Object notstarted,Object notstarted,Object notstarted,Object notstarted,Object notstarted,Object notstarted,Object notstarted
2024-02-19 19:06:31,731.731,__main___datalogs,INFO,JoyConState.PREP_SNS,0.000000,0.000000,0.000000,0.091547,-0.004577,0.002289,0.004577,0.000000,0.000000,0.000000,0.000000,0,0,0,0,0,0,0,0,0,0,0,0.045257568359375,-0.010467529296875,0,0,0,0,0,0,0,0,Object notstarted,Object notstarted,Object notstarted,Object notstarted,Object notstarted,Object notstarted,Object notstarted,Object notstarted,Object notstarted
2024-02-19 19:06:31,773.773,__main___datalogs,INFO,JoyConState.PREP_SNS,0.000000,0.000000,0.000000,0.091547,-0.009155,0.000000,0.004577,0.000000,0.000000,0.000000,0.000000,0,0,0,0,0,0,0,0,0,0,0,0.045257568359375,-0.010467529296875,0,0,0,0,0,0,0,0,Object notstarted,Object notstarted,Object notstarted,Object notstarted,Object notstarted,Object notstarted,Object notstarted,Object notstarted,Object notstarted
2024-02-19 19:06:31,833.833,__main___datalogs,INFO,JoyConState.PREP_SNS,0.000000,0.000000,0.000000,0.091547,-0.004577,0.000000,0.004577,0.000000,0.000000,0.000000,0.000000,0,0,0,0,0,0,0,0,0,0,0,0.045257568359375,-0.010467529296875,0,0,0,0,0,0,0,0,Object notstarted,Object notstarted,Object notstarted,Object notstarted,Object notstarted,Object notstarted,Object notstarted,Object notstarted,Object notstarted
2024-02-19 19:06:31,897.897,__main___datalogs,INFO,JoyConState.PREP_SNS,0.000000,0.000000,0.000000,0.096125,-0.004577,0.000000,0.006866,0.000000,0.000000,0.000000,0.000000,0,0,0,0,0,0,0,0,0,0,0,0.045257568359375,-0.010467529296875,0,0,0,0,0,0,0,0,Object notstarted,Object notstarted,Object notstarted,Object notstarted,Object notstarted,Object notstarted,Object notstarted,Object notstarted,Object notstarted
2024-02-19 19:06:31,941.941,__main___datalogs,INFO,JoyConState.PREP_SNS,0.000000,0.000000,0.000000,0.096125,-0.009155,0.000000,0.004577,0.000000,0.000000,0.000000,0.000000,0,0,0,0,0,0,0,0,0,0,0,0.045257568359375,-0.010467529296875,0,0,0,0,0,0,0,0,Object notstarted,Object notstarted,Object notstarted,Object notstarted,Object notstarted,Object notstarted,Object notstarted,Object notstarted,Object notstarted
2024-02-19 19:06:31,988.988,__main___datalogs,INFO,JoyConState.PREP_SNS,0.000000,0.000000,0.000000,0.091547,-0.009155,0.000000,0.004577,0.000000,0.000000,0.000000,0.000000,0,0,0,0,0,0,0,0,0,0,0,0.045257568359375,-0.010467529296875,0,0,0,0,0,0,0,0,Object notstarted,Object notstarted,Object notstarted,Object notstarted,Object notstarted,Object notstarted,Object notstarted,Object notstarted,Object notstarted
2024-02-19 19:06:32,035.035,__main___datalogs,INFO,JoyConState.PREP_SNS,0.000000,0.000000,0.000000,0.091547,-0.004577,0.000000,0.004577,0.000000,0.000000,0.000000,0.000000,0,0,0,0,0,0,0,0,0,0,0,0.045257568359375,-0.010467529296875,0,0,0,0,0,0,0,0,Object notstarted,Object notstarted,Object notstarted,Object notstarted,Object notstarted,Object notstarted,Object notstarted,Object notstarted,Object notstarted
2024-02-19 19:06:32,077.077,__main___datalogs,INFO,JoyConState.PREP_SNS,0.000000,0.000000,0.000000,0.091547,-0.009155,0.000000,0.000000,0.000000,0.000000,0.000000,0.000000,0,0,0,0,0,0,0,0,0,0,0,0.045257568359375,-0.010467529296875,0,0,0,0,0,0,0,0,Object notstarted,Object notstarted,Object notstarted,Object notstarted,Object notstarted,Object notstarted,Object notstarted,Object notstarted,Object notstarted
2024-02-19 19:06:32,118.118,__main___datalogs,INFO,JoyConState.PREP_SNS,0.000000,0.000000,0.000000,0.091547,-0.009155,0.002289,0.000000,0.000000,0.000000,0.000000,0.000000,0,0,0,0,0,0,0,0,0,0,0,0.045257568359375,-0.010467529296875,0,0,0,0,0,0,0,0,Object notstarted,Object notstarted,Object notstarted,Object notstarted,Object notstarted,Object notstarted,Object notstarted,Object notstarted,Object notstarted
2024-02-19 19:06:32,159.159,__main___datalogs,INFO,JoyConState.PREP_SNS,0.000000,0.000000,0.000000,0.091547,-0.004577,0.000000,0.000000,0.000000,0.000000,0.000000,0.000000,0,0,0,0,0,0,0,0,0,0,0,0.045257568359375,-0.010467529296875,0,0,0,0,0,0,0,0,Object notstarted,Object notstarted,Object notstarted,Object notstarted,Object notstarted,Object notstarted,Object notstarted,Object notstarted,Object notstarted
2024-02-19 19:06:32,200.200,__main___datalogs,INFO,JoyConState.PREP_SNS,0.000000,0.000000,0.000000,0.091547,-0.004577,0.000000,0.000000,0.000000,0.000000,0.000000,0.000000,0,0,0,0,0,0,0,0,0,0,0,0.045257568359375,-0.010467529296875,0,0,0,0,0,0,0,0,Object notstarted,Object notstarted,Object notstarted,Object notstarted,Object notstarted,Object notstarted,Object notstarted,Object notstarted,Object notstarted
2024-02-19 19:06:32,242.242,__main___datalogs,INFO,JoyConState.PREP_SNS,0.000000,0.000000,0.000000,0.096125,-0.004577,0.000000,0.000000,0.000000,0.000000,0.000000,0.000000,0,0,0,0,0,0,0,0,0,0,0,0.045257568359375,-0.010467529296875,0,0,0,0,0,0,0,0,Object notstarted,Object notstarted,Object notstarted,Object notstarted,Object notstarted,Object notstarted,Object notstarted,Object notstarted,Object notstarted
2024-02-19 19:06:32,285.285,__main___datalogs,INFO,JoyConState.PREP_SNS,0.000000,0.000000,0.000000,0.091547,0.000000,0.000000,0.004577,0.000000,0.000000,0.000000,0.000000,0,0,0,0,0,0,0,0,0,0,0,0.045257568359375,-0.010467529296875,0,0,0,0,0,0,0,0,Object notstarted,Object notstarted,Object notstarted,Object notstarted,Object notstarted,Object notstarted,Object notstarted,Object notstarted,Object notstarted
2024-02-19 19:06:32,326.326,__main___datalogs,INFO,JoyConState.PREP_SNS,0.000000,0.000000,0.000000,0.091547,0.000000,0.000000,0.004577,0.000000,0.000000,0.000000,0.000000,0,0,0,0,0,0,0,0,0,0,0,0.045257568359375,-0.010467529296875,0,0,0,0,0,0,0,0,Object notstarted,Object notstarted,Object notstarted,Object notstarted,Object notstarted,Object notstarted,Object notstarted,Object notstarted,Object notstarted
2024-02-19 19:06:32,368.368,__main___datalogs,INFO,JoyConState.PREP_SNS,0.000000,0.000000,0.000000,0.091547,-0.009155,0.000000,0.004577,0.000000,0.000000,0.000000,0.000000,0,0,0,0,0,0,0,0,0,0,0,0.045257568359375,-0.010467529296875,0,0,0,0,0,0,0,0,Object notstarted,Object notstarted,Object notstarted,Object notstarted,Object notstarted,Object notstarted,Object notstarted,Object notstarted,Object notstarted
2024-02-19 19:06:32,408.408,__main___datalogs,INFO,JoyConState.PREP_SNS,0.000000,0.000000,0.000000,0.091547,-0.011444,0.000000,0.000000,0.000000,0.000000,0.000000,0.000000,0,0,0,0,0,0,0,0,0,0,0,0.045257568359375,-0.010467529296875,0,0,0,0,0,0,0,0,Object notstarted,Object notstarted,Object notstarted,Object notstarted,Object notstarted,Object notstarted,Object notstarted,Object notstarted,Object notstarted
2024-02-19 19:06:32,451.451,__main___datalogs,INFO,JoyConState.PREP_SNS,0.000000,0.000000,0.000000,0.091547,-0.009155,0.000000,0.000000,0.000000,0.000000,0.000000,0.000000,0,0,0,0,0,0,0,0,0,0,0,0.045257568359375,-0.010467529296875,0,0,0,0,0,0,0,0,Object notstarted,Object notstarted,Object notstarted,Object notstarted,Object notstarted,Object notstarted,Object notstarted,Object notstarted,Object notstarted
2024-02-19 19:06:32,492.492,__main___datalogs,INFO,JoyConState.PREP_SNS,0.000000,0.000000,0.000000,0.096125,-0.009155,0.000000,0.000000,0.000000,0.000000,0.000000,0.000000,0,0,0,0,0,0,0,0,0,0,0,0.045257568359375,-0.010467529296875,0,0,0,0,0,0,0,0,Object notstarted,Object notstarted,Object notstarted,Object notstarted,Object notstarted,Object notstarted,Object notstarted,Object notstarted,Object notstarted
2024-02-19 19:06:32,537.537,__main___datalogs,INFO,JoyConState.PREP_SNS,0.000000,0.000000,0.000000,0.096125,-0.004577,0.000000,0.004577,0.000000,0.000000,0.000000,0.000000,0,0,0,0,0,0,0,0,0,0,0,0.045257568359375,-0.010467529296875,0,0,0,0,0,0,0,0,Object notstarted,Object notstarted,Object notstarted,Object notstarted,Object notstarted,Object notstarted,Object notstarted,Object notstarted,Object notstarted
2024-02-19 19:06:32,582.582,__main___datalogs,INFO,JoyConState.PREP_SNS,0.000000,0.000000,0.000000,0.091547,-0.009155,0.000000,0.006866,0.000000,0.000000,0.000000,0.000000,0,0,0,0,0,0,0,0,0,0,0,0.045257568359375,-0.010467529296875,0,0,0,0,0,0,0,0,Object notstarted,Object notstarted,Object notstarted,Object notstarted,Object notstarted,Object notstarted,Object notstarted,Object notstarted,Object notstarted
2024-02-19 19:06:32,628.628,__main___datalogs,INFO,JoyConState.PREP_SNS,0.000000,0.000000,0.000000,0.096125,-0.009155,0.000000,0.004577,0.000000,0.000000,0.000000,0.000000,0,0,0,0,0,0,0,0,0,0,0,0.045257568359375,-0.010467529296875,0,0,0,0,0,0,0,0,Object notstarted,Object notstarted,Object notstarted,Object notstarted,Object notstarted,Object notstarted,Object notstarted,Object notstarted,Object notstarted
2024-02-19 19:06:32,672.672,__main___datalogs,INFO,JoyConState.PREP_SNS,0.000000,0.000000,0.000000,0.091547,-0.009155,0.002289,0.000000,0.000000,0.000000,0.000000,0.000000,0,0,0,0,0,0,0,0,0,0,0,0.045257568359375,-0.010467529296875,0,0,0,0,0,0,0,0,Object notstarted,Object notstarted,Object notstarted,Object notstarted,Object notstarted,Object notstarted,Object notstarted,Object notstarted,Object notstarted
2024-02-19 19:06:32,715.715,__main___datalogs,INFO,JoyConState.PREP_SNS,0.000000,0.000000,0.000000,0.091547,-0.004577,-0.006866,0.000000,0.000000,0.000000,0.000000,0.000000,0,0,0,0,0,0,0,0,0,0,0,0.045257568359375,-0.010467529296875,0,0,0,0,0,0,0,0,Object notstarted,Object notstarted,Object notstarted,Object notstarted,Object notstarted,Object notstarted,Object notstarted,Object notstarted,Object notstarted
2024-02-19 19:06:32,755.755,__main___datalogs,INFO,JoyConState.PREP_SNS,0.000000,0.000000,0.000000,0.091547,-0.004577,0.000000,0.000000,0.000000,0.000000,0.000000,0.000000,0,0,0,0,0,0,0,0,0,0,0,0.045257568359375,-0.010467529296875,0,0,0,0,0,0,0,0,Object notstarted,Object notstarted,Object notstarted,Object notstarted,Object notstarted,Object notstarted,Object notstarted,Object notstarted,Object notstarted
2024-02-19 19:06:32,796.796,__main___datalogs,INFO,JoyConState.PREP_SNS,0.000000,0.000000,0.000000,0.091547,-0.004577,0.000000,0.004577,0.000000,0.000000,0.000000,0.000000,0,0,0,0,0,0,0,0,0,0,0,0.045257568359375,-0.010467529296875,0,0,0,0,0,0,0,0,Object notstarted,Object notstarted,Object notstarted,Object notstarted,Object notstarted,Object notstarted,Object notstarted,Object notstarted,Object notstarted
2024-02-19 19:06:32,838.838,__main___datalogs,INFO,JoyConState.PREP_SNS,0.000000,0.000000,0.000000,0.091547,-0.004577,0.000000,0.004577,0.000000,0.000000,0.000000,0.000000,0,0,0,0,0,0,0,0,0,0,0,0.045257568359375,-0.010467529296875,0,0,0,0,0,0,0,0,Object notstarted,Object notstarted,Object notstarted,Object notstarted,Object notstarted,Object notstarted,Object notstarted,Object notstarted,Object notstarted
2024-02-19 19:06:32,895.895,__main___datalogs,INFO,JoyConState.PREP_SNS,0.000000,0.000000,0.000000,0.091547,-0.004577,0.000000,0.004577,0.000000,0.000000,0.000000,0.000000,0,0,0,0,0,0,0,0,0,0,0,0.045257568359375,-0.010467529296875,0,0,0,0,0,0,0,0,Object notstarted,Object notstarted,Object notstarted,Object notstarted,Object notstarted,Object notstarted,Object notstarted,Object notstarted,Object notstarted
2024-02-19 19:06:32,954.954,__main___datalogs,INFO,JoyConState.PREP_SNS,0.000000,0.000000,0.000000,0.091547,0.000000,0.000000,0.004577,0.000000,0.000000,0.000000,0.000000,0,0,0,0,0,0,0,0,0,0,0,0.045257568359375,-0.010467529296875,0,0,0,0,0,0,0,0,Object notstarted,Object notstarted,Object notstarted,Object notstarted,Object notstarted,Object notstarted,Object notstarted,Object notstarted,Object notstarted
2024-02-19 19:06:32,998.998,__main___datalogs,INFO,JoyConState.PREP_SNS,0.000000,0.000000,0.000000,0.091547,-0.004577,0.000000,0.004577,0.000000,0.000000,0.000000,0.000000,0,0,0,0,0,0,0,0,0,0,0,0.045257568359375,-0.010467529296875,0,0,0,0,0,0,0,0,Object notstarted,Object notstarted,Object notstarted,Object notstarted,Object notstarted,Object notstarted,Object notstarted,Object notstarted,Object notstarted
2024-02-19 19:06:33,039.039,__main___datalogs,INFO,JoyConState.PREP_SNS,0.000000,0.000000,0.000000,0.091547,-0.004577,0.000000,0.004577,0.000000,0.000000,0.000000,0.000000,0,0,0,0,0,0,0,0,0,0,0,0.045257568359375,-0.010467529296875,0,0,0,0,0,0,0,0,Object notstarted,Object notstarted,Object notstarted,Object notstarted,Object notstarted,Object notstarted,Object notstarted,Object notstarted,Object notstarted
2024-02-19 19:06:33,081.081,__main___datalogs,INFO,JoyConState.PREP_SNS,0.000000,0.000000,0.000000,0.091547,-0.004577,0.002289,0.004577,0.000000,0.000000,0.000000,0.000000,0,0,0,0,0,0,0,0,0,0,0,0.045257568359375,-0.010467529296875,0,0,0,0,0,0,0,0,Object notstarted,Object notstarted,Object notstarted,Object notstarted,Object notstarted,Object notstarted,Object notstarted,Object notstarted,Object notstarted
2024-02-19 19:06:33,122.122,__main___datalogs,INFO,JoyConState.PREP_SNS,0.000000,0.000000,0.000000,0.096125,-0.009155,0.000000,0.004577,0.000000,0.000000,0.000000,0.000000,0,0,0,0,0,0,0,0,0,0,0,0.045257568359375,-0.010467529296875,0,0,0,0,0,0,0,0,Object notstarted,Object notstarted,Object notstarted,Object notstarted,Object notstarted,Object notstarted,Object notstarted,Object notstarted,Object notstarted
2024-02-19 19:06:33,165.165,__main___datalogs,INFO,JoyConState.PREP_SNS,0.000000,0.000000,0.000000,0.091547,0.000000,0.000000,0.004577,0.000000,0.000000,0.000000,0.000000,0,0,0,0,0,0,0,0,0,0,0,0.045257568359375,-0.010467529296875,0,0,0,0,0,0,0,0,Object notstarted,Object notstarted,Object notstarted,Object notstarted,Object notstarted,Object notstarted,Object notstarted,Object notstarted,Object notstarted
2024-02-19 19:06:33,205.205,__main___datalogs,INFO,JoyConState.PREP_SNS,0.000000,0.000000,0.000000,0.091547,-0.004577,0.000000,0.000000,0.000000,0.000000,0.000000,0.000000,0,0,0,0,0,0,0,0,0,0,0,0.045257568359375,-0.010467529296875,0,0,0,0,0,0,0,0,Object notstarted,Object notstarted,Object notstarted,Object notstarted,Object notstarted,Object notstarted,Object notstarted,Object notstarted,Object notstarted
2024-02-19 19:06:33,248.248,__main___datalogs,INFO,JoyConState.PREP_SNS,0.000000,0.000000,0.000000,0.091547,-0.004577,0.000000,0.004577,0.000000,0.000000,0.000000,0.000000,0,0,0,0,0,0,0,0,0,0,0,0.045257568359375,-0.010467529296875,0,0,0,0,0,0,0,0,Object notstarted,Object notstarted,Object notstarted,Object notstarted,Object notstarted,Object notstarted,Object notstarted,Object notstarted,Object notstarted
2024-02-19 19:06:33,289.289,__main___datalogs,INFO,JoyConState.PREP_SNS,0.000000,0.000000,0.000000,0.091547,-0.004577,0.002289,0.004577,0.000000,0.000000,0.000000,0.000000,0,0,0,0,0,0,0,0,0,0,0,0.045257568359375,-0.010467529296875,0,0,0,0,0,0,0,0,Object notstarted,Object notstarted,Object notstarted,Object notstarted,Object notstarted,Object notstarted,Object notstarted,Object notstarted,Object notstarted
2024-02-19 19:06:33,332.332,__main___datalogs,INFO,JoyConState.PREP_SNS,0.000000,0.000000,0.000000,0.091547,-0.004577,0.002289,0.004577,0.000000,0.000000,0.000000,0.000000,0,0,0,0,0,0,0,0,0,0,0,0.045257568359375,-0.010467529296875,0,0,0,0,0,0,0,0,Object notstarted,Object notstarted,Object notstarted,Object notstarted,Object notstarted,Object notstarted,Object notstarted,Object notstarted,Object notstarted
2024-02-19 19:06:33,373.373,__main___datalogs,INFO,JoyConState.PREP_SNS,0.000000,0.000000,0.000000,0.091547,-0.009155,0.000000,0.004577,0.000000,0.000000,0.000000,0.000000,0,0,0,0,0,0,0,0,0,0,0,0.045257568359375,-0.010467529296875,0,0,0,0,0,0,0,0,Object notstarted,Object notstarted,Object notstarted,Object notstarted,Object notstarted,Object notstarted,Object notstarted,Object notstarted,Object notstarted
2024-02-19 19:06:33,420.420,__main___datalogs,INFO,JoyConState.PREP_SNS,0.000000,0.000000,0.000000,0.096125,-0.004577,0.000000,0.004577,0.000000,0.000000,0.000000,0.000000,0,0,0,0,0,0,0,0,0,0,0,0.045257568359375,-0.010467529296875,0,0,0,0,0,0,0,0,Object notstarted,Object notstarted,Object notstarted,Object notstarted,Object notstarted,Object notstarted,Object notstarted,Object notstarted,Object notstarted
2024-02-19 19:06:33,466.466,__main___datalogs,INFO,JoyConState.PREP_SNS,0.000000,0.000000,0.000000,0.096125,-0.011444,0.000000,0.004577,0.000000,0.000000,0.000000,0.000000,0,0,0,0,0,0,0,0,0,0,0,0.045257568359375,-0.010467529296875,0,0,0,0,0,0,0,0,Object notstarted,Object notstarted,Object notstarted,Object notstarted,Object notstarted,Object notstarted,Object notstarted,Object notstarted,Object notstarted
2024-02-19 19:06:33,510.510,__main___datalogs,INFO,JoyConState.PREP_SNS,0.000000,0.000000,0.000000,0.091547,-0.004577,0.000000,0.004577,0.000000,0.000000,0.000000,0.000000,0,0,0,0,0,0,0,0,0,0,0,0.045257568359375,-0.010467529296875,0,0,0,0,0,0,0,0,Object notstarted,Object notstarted,Object notstarted,Object notstarted,Object notstarted,Object notstarted,Object notstarted,Object notstarted,Object notstarted
2024-02-19 19:06:33,551.551,__main___datalogs,INFO,JoyConState.PREP_SNS,0.000000,0.000000,0.000000,0.091547,-0.004577,0.000000,0.004577,0.000000,0.000000,0.000000,0.000000,0,0,0,0,0,0,0,0,0,0,0,0.045257568359375,-0.010467529296875,0,0,0,0,0,0,0,0,Object notstarted,Object notstarted,Object notstarted,Object notstarted,Object notstarted,Object notstarted,Object notstarted,Object notstarted,Object notstarted
2024-02-19 19:06:33,593.593,__main___datalogs,INFO,JoyConState.PREP_SNS,0.000000,0.000000,0.000000,0.091547,-0.009155,0.002289,0.004577,0.000000,0.000000,0.000000,0.000000,0,0,0,0,0,0,0,0,0,0,0,0.045257568359375,-0.010467529296875,0,0,0,0,0,0,0,0,Object notstarted,Object notstarted,Object notstarted,Object notstarted,Object notstarted,Object notstarted,Object notstarted,Object notstarted,Object notstarted
2024-02-19 19:06:33,634.634,__main___datalogs,INFO,JoyConState.PREP_SNS,0.000000,0.000000,0.000000,0.091547,-0.004577,0.002289,0.004577,0.000000,0.000000,0.000000,0.000000,0,0,0,0,0,0,0,0,0,0,0,0.045257568359375,-0.010467529296875,0,0,0,0,0,0,0,0,Object notstarted,Object notstarted,Object notstarted,Object notstarted,Object notstarted,Object notstarted,Object notstarted,Object notstarted,Object notstarted
2024-02-19 19:06:33,678.678,__main___datalogs,INFO,JoyConState.PREP_SNS,0.000000,0.000000,0.000000,0.091547,-0.009155,0.000000,0.004577,0.000000,0.000000,0.000000,0.000000,0,0,0,0,0,0,0,0,0,0,0,0.045257568359375,-0.010467529296875,0,0,0,0,0,0,0,0,Object notstarted,Object notstarted,Object notstarted,Object notstarted,Object notstarted,Object notstarted,Object notstarted,Object notstarted,Object notstarted
2024-02-19 19:06:33,718.718,__main___datalogs,INFO,JoyConState.PREP_SNS,0.000000,0.000000,0.000000,0.091547,-0.009155,0.000000,0.000000,0.000000,0.000000,0.000000,0.000000,0,0,0,0,0,0,0,0,0,0,0,0.045257568359375,-0.010467529296875,0,0,0,0,0,0,0,0,Object notstarted,Object notstarted,Object notstarted,Object notstarted,Object notstarted,Object notstarted,Object notstarted,Object notstarted,Object notstarted
2024-02-19 19:06:33,761.761,__main___datalogs,INFO,JoyConState.PREP_SNS,0.000000,0.000000,0.000000,0.091547,-0.009155,0.000000,0.004577,0.000000,0.000000,0.000000,0.000000,0,0,0,0,0,0,0,0,0,0,0,0.045257568359375,-0.010467529296875,0,0,0,0,0,0,0,0,Object notstarted,Object notstarted,Object notstarted,Object notstarted,Object notstarted,Object notstarted,Object notstarted,Object notstarted,Object notstarted
2024-02-19 19:06:33,802.802,__main___datalogs,INFO,JoyConState.PREP_SNS,0.000000,0.000000,0.000000,0.091547,-0.009155,-0.006866,0.004577,0.000000,0.000000,0.000000,0.000000,0,0,0,0,0,0,0,0,0,0,0,0.045257568359375,-0.010467529296875,0,0,0,0,0,0,0,0,Object notstarted,Object notstarted,Object notstarted,Object notstarted,Object notstarted,Object notstarted,Object notstarted,Object notstarted,Object notstarted
2024-02-19 19:06:33,844.844,__main___datalogs,INFO,JoyConState.PREP_SNS,0.000000,0.000000,0.000000,0.091547,-0.009155,0.000000,0.004577,0.000000,0.000000,0.000000,0.000000,0,0,0,0,0,0,0,0,0,0,0,0.045257568359375,-0.010467529296875,0,0,0,0,0,0,0,0,Object notstarted,Object notstarted,Object notstarted,Object notstarted,Object notstarted,Object notstarted,Object notstarted,Object notstarted,Object notstarted
2024-02-19 19:06:33,885.885,__main___datalogs,INFO,JoyConState.PREP_SNS,0.000000,0.000000,0.000000,0.091547,-0.009155,0.000000,0.004577,0.000000,0.000000,0.000000,0.000000,0,0,0,0,0,0,0,0,0,0,0,0.045257568359375,-0.010467529296875,0,0,0,0,0,0,0,0,Object notstarted,Object notstarted,Object notstarted,Object notstarted,Object notstarted,Object notstarted,Object notstarted,Object notstarted,Object notstarted
2024-02-19 19:06:33,928.928,__main___datalogs,INFO,JoyConState.PREP_SNS,0.000000,0.000000,0.000000,0.091547,-0.004577,0.000000,0.004577,0.000000,0.000000,0.000000,0.000000,0,0,0,0,0,0,0,0,0,0,0,0.045257568359375,-0.010467529296875,0,0,0,0,0,0,0,0,Object notstarted,Object notstarted,Object notstarted,Object notstarted,Object notstarted,Object notstarted,Object notstarted,Object notstarted,Object notstarted
2024-02-19 19:06:33,974.974,__main___datalogs,INFO,JoyConState.PREP_SNS,0.000000,0.000000,0.000000,0.091547,-0.009155,0.000000,0.004577,0.000000,0.000000,0.000000,0.000000,0,0,0,0,0,0,0,0,0,0,0,0.045257568359375,-0.010467529296875,0,0,0,0,0,0,0,0,Object notstarted,Object notstarted,Object notstarted,Object notstarted,Object notstarted,Object notstarted,Object notstarted,Object notstarted,Object notstarted
2024-02-19 19:06:34,017.017,__main___datalogs,INFO,JoyConState.PREP_SNS,0.000000,0.000000,0.000000,0.091547,-0.004577,0.000000,0.004577,0.000000,0.000000,0.000000,0.000000,0,0,0,0,0,0,0,0,0,0,0,0.045257568359375,-0.010467529296875,0,0,0,0,0,0,0,0,Object notstarted,Object notstarted,Object notstarted,Object notstarted,Object notstarted,Object notstarted,Object notstarted,Object notstarted,Object notstarted
2024-02-19 19:06:34,058.058,__main___datalogs,INFO,JoyConState.PREP_SNS,0.000000,0.000000,0.000000,0.091547,0.000000,0.002289,0.004577,0.000000,0.000000,0.000000,0.000000,0,0,0,0,0,0,0,0,0,0,0,0.045257568359375,-0.010467529296875,0,0,0,0,0,0,0,0,Object notstarted,Object notstarted,Object notstarted,Object notstarted,Object notstarted,Object notstarted,Object notstarted,Object notstarted,Object notstarted
2024-02-19 19:06:34,100.100,__main___datalogs,INFO,JoyConState.PREP_SNS,0.000000,0.000000,0.000000,0.091547,-0.004577,0.002289,0.004577,0.000000,0.000000,0.000000,0.000000,0,0,0,0,0,0,0,0,0,0,0,0.045257568359375,-0.010467529296875,0,0,0,0,0,0,0,0,Object notstarted,Object notstarted,Object notstarted,Object notstarted,Object notstarted,Object notstarted,Object notstarted,Object notstarted,Object notstarted
2024-02-19 19:06:34,141.141,__main___datalogs,INFO,JoyConState.PREP_SNS,0.000000,0.000000,0.000000,0.091547,-0.004577,0.002289,0.004577,0.000000,0.000000,0.000000,0.000000,0,0,0,0,0,0,0,0,0,0,0,0.045257568359375,-0.010467529296875,0,0,0,0,0,0,0,0,Object notstarted,Object notstarted,Object notstarted,Object notstarted,Object notstarted,Object notstarted,Object notstarted,Object notstarted,Object notstarted
2024-02-19 19:06:34,183.183,__main___datalogs,INFO,JoyConState.PREP_SNS,0.000000,0.000000,0.000000,0.091547,-0.009155,0.000000,0.004577,0.000000,0.000000,0.000000,0.000000,0,0,0,0,0,0,0,0,0,0,0,0.045257568359375,-0.010467529296875,0,0,0,0,0,0,0,0,Object notstarted,Object notstarted,Object notstarted,Object notstarted,Object notstarted,Object notstarted,Object notstarted,Object notstarted,Object notstarted
2024-02-19 19:06:34,224.224,__main___datalogs,INFO,JoyConState.PREP_SNS,0.000000,0.000000,0.000000,0.091547,-0.009155,0.000000,0.000000,0.000000,0.000000,0.000000,0.000000,0,0,0,0,0,0,0,0,0,0,0,0.045257568359375,-0.010467529296875,0,0,0,0,0,0,0,0,Object notstarted,Object notstarted,Object notstarted,Object notstarted,Object notstarted,Object notstarted,Object notstarted,Object notstarted,Object notstarted
2024-02-19 19:06:34,270.270,__main___datalogs,INFO,JoyConState.PREP_SNS,0.000000,0.000000,0.000000,0.091547,-0.004577,0.002289,0.000000,0.000000,0.000000,0.000000,0.000000,0,0,0,0,0,0,0,0,0,0,0,0.045257568359375,-0.010467529296875,0,0,0,0,0,0,0,0,Object notstarted,Object notstarted,Object notstarted,Object notstarted,Object notstarted,Object notstarted,Object notstarted,Object notstarted,Object notstarted
2024-02-19 19:06:34,316.316,__main___datalogs,INFO,JoyConState.PREP_SNS,0.000000,0.000000,0.000000,0.091547,-0.009155,0.000000,0.004577,0.000000,0.000000,0.000000,0.000000,0,0,0,0,0,0,0,0,0,0,0,0.045257568359375,-0.010467529296875,0,0,0,0,0,0,0,0,Object notstarted,Object notstarted,Object notstarted,Object notstarted,Object notstarted,Object notstarted,Object notstarted,Object notstarted,Object notstarted
2024-02-19 19:06:34,364.364,__main___datalogs,INFO,JoyConState.PREP_SNS,0.000000,0.000000,0.000000,0.091547,-0.004577,0.002289,0.000000,0.000000,0.000000,0.000000,0.000000,0,0,0,0,0,0,0,0,0,0,0,0.045257568359375,-0.010467529296875,0,0,0,0,0,0,0,0,Object notstarted,Object notstarted,Object notstarted,Object notstarted,Object notstarted,Object notstarted,Object notstarted,Object notstarted,Object notstarted
2024-02-19 19:06:34,409.409,__main___datalogs,INFO,JoyConState.PREP_SNS,0.000000,0.000000,0.000000,0.091547,-0.004577,0.002289,0.000000,0.000000,0.000000,0.000000,0.000000,0,0,0,0,0,0,0,0,0,0,0,0.045257568359375,-0.010467529296875,0,0,0,0,0,0,0,0,Object notstarted,Object notstarted,Object notstarted,Object notstarted,Object notstarted,Object notstarted,Object notstarted,Object notstarted,Object notstarted
2024-02-19 19:06:34,452.452,__main___datalogs,INFO,JoyConState.PREP_SNS,0.000000,0.000000,0.000000,0.096125,-0.004577,0.000000,0.000000,0.000000,0.000000,0.000000,0.000000,0,0,0,0,0,0,0,0,0,0,0,0.045257568359375,-0.010467529296875,0,0,0,0,0,0,0,0,Object notstarted,Object notstarted,Object notstarted,Object notstarted,Object notstarted,Object notstarted,Object notstarted,Object notstarted,Object notstarted
2024-02-19 19:06:34,492.492,__main___datalogs,INFO,JoyConState.PREP_SNS,0.000000,0.000000,0.000000,0.091547,0.000000,0.002289,0.000000,0.000000,0.000000,0.000000,0.000000,0,0,0,0,0,0,0,0,0,0,0,0.045257568359375,-0.010467529296875,0,0,0,0,0,0,0,0,Object notstarted,Object notstarted,Object notstarted,Object notstarted,Object notstarted,Object notstarted,Object notstarted,Object notstarted,Object notstarted
2024-02-19 19:06:34,533.533,__main___datalogs,INFO,JoyConState.PREP_SNS,0.000000,0.000000,0.000000,0.096125,-0.004577,0.000000,0.000000,0.000000,0.000000,0.000000,0.000000,0,0,0,0,0,0,0,0,0,0,0,0.045257568359375,-0.010467529296875,0,0,0,0,0,0,0,0,Object notstarted,Object notstarted,Object notstarted,Object notstarted,Object notstarted,Object notstarted,Object notstarted,Object notstarted,Object notstarted
2024-02-19 19:06:34,587.587,__main___datalogs,INFO,JoyConState.PREP_SNS,0.000000,0.000000,0.000000,0.096125,-0.004577,0.000000,0.000000,0.000000,0.000000,0.000000,0.000000,0,0,0,0,0,0,0,0,0,0,0,0.045257568359375,-0.010467529296875,0,0,0,0,0,0,0,0,Object notstarted,Object notstarted,Object notstarted,Object notstarted,Object notstarted,Object notstarted,Object notstarted,Object notstarted,Object notstarted
2024-02-19 19:06:34,645.645,__main___datalogs,INFO,JoyConState.PREP_SNS,0.000000,0.000000,0.000000,0.096125,-0.004577,0.000000,-0.004577,0.000000,0.000000,0.000000,0.000000,0,0,0,0,0,0,0,0,0,0,0,0.045257568359375,-0.010467529296875,0,0,0,0,0,0,0,0,Object notstarted,Object notstarted,Object notstarted,Object notstarted,Object notstarted,Object notstarted,Object notstarted,Object notstarted,Object notstarted
2024-02-19 19:06:34,694.694,__main___datalogs,INFO,JoyConState.PREP_SNS,0.000000,0.000000,0.000000,0.098413,-0.009155,0.000000,-0.004577,0.000000,0.000000,0.000000,0.000000,0,0,0,0,0,0,0,0,0,0,0,0.045257568359375,-0.010467529296875,0,0,0,0,0,0,0,0,Object notstarted,Object notstarted,Object notstarted,Object notstarted,Object notstarted,Object notstarted,Object notstarted,Object notstarted,Object notstarted
2024-02-19 19:06:34,743.743,__main___datalogs,INFO,JoyConState.PREP_SNS,0.000000,0.000000,0.000000,0.091547,-0.009155,0.002289,0.000000,0.000000,0.000000,0.000000,0.000000,0,0,0,0,0,0,0,0,0,0,0,0.045257568359375,-0.010467529296875,0,0,0,0,0,0,0,0,Object notstarted,Object notstarted,Object notstarted,Object notstarted,Object notstarted,Object notstarted,Object notstarted,Object notstarted,Object notstarted
2024-02-19 19:06:34,783.783,__main___datalogs,INFO,JoyConState.PREP_SNS,0.000000,0.000000,0.000000,0.089258,-0.004577,0.002289,0.000000,0.000000,0.000000,0.000000,0.000000,0,0,0,0,0,0,0,0,0,0,0,0.045257568359375,-0.010467529296875,0,0,0,0,0,0,0,0,Object notstarted,Object notstarted,Object notstarted,Object notstarted,Object notstarted,Object notstarted,Object notstarted,Object notstarted,Object notstarted
2024-02-19 19:06:34,828.828,__main___datalogs,INFO,JoyConState.PREP_SNS,0.000000,0.000000,0.000000,0.091547,-0.004577,0.002289,0.000000,0.000000,0.000000,0.000000,0.000000,0,0,0,0,0,0,0,0,0,0,0,0.045257568359375,-0.010467529296875,0,0,0,0,0,0,0,0,Object notstarted,Object notstarted,Object notstarted,Object notstarted,Object notstarted,Object notstarted,Object notstarted,Object notstarted,Object notstarted
2024-02-19 19:06:34,869.869,__main___datalogs,INFO,JoyConState.PREP_SNS,0.000000,0.000000,0.000000,0.091547,-0.011444,0.002289,0.004577,0.000000,0.000000,0.000000,0.000000,0,0,0,0,0,0,0,0,0,0,0,0.045257568359375,-0.010467529296875,0,0,0,0,0,0,0,0,Object notstarted,Object notstarted,Object notstarted,Object notstarted,Object notstarted,Object notstarted,Object notstarted,Object notstarted,Object notstarted
2024-02-19 19:06:34,911.911,__main___datalogs,INFO,JoyConState.PREP_SNS,0.000000,0.000000,0.000000,0.091547,-0.011444,0.002289,0.004577,0.000000,0.000000,0.000000,0.000000,0,0,0,0,0,0,0,0,0,0,0,0.045257568359375,-0.010467529296875,0,0,0,0,0,0,0,0,Object notstarted,Object notstarted,Object notstarted,Object notstarted,Object notstarted,Object notstarted,Object notstarted,Object notstarted,Object notstarted
2024-02-19 19:06:34,953.953,__main___datalogs,INFO,JoyConState.PREP_SNS,0.000000,0.000000,0.000000,0.091547,-0.011444,0.000000,0.004577,0.000000,0.000000,0.000000,0.000000,0,0,0,0,0,0,0,0,0,0,0,0.045257568359375,-0.010467529296875,0,0,0,0,0,0,0,0,Object notstarted,Object notstarted,Object notstarted,Object notstarted,Object notstarted,Object notstarted,Object notstarted,Object notstarted,Object notstarted
2024-02-19 19:06:34,997.997,__main___datalogs,INFO,JoyConState.PREP_SNS,0.000000,0.000000,0.000000,0.096125,-0.004577,0.002289,0.004577,0.000000,0.000000,0.000000,0.000000,0,0,0,0,0,0,0,0,0,0,0,0.045257568359375,-0.010467529296875,0,0,0,0,0,0,0,0,Object notstarted,Object notstarted,Object notstarted,Object notstarted,Object notstarted,Object notstarted,Object notstarted,Object notstarted,Object notstarted
2024-02-19 19:06:35,060.060,__main___datalogs,INFO,JoyConState.PREP_SNS,0.000000,0.000000,0.000000,0.091547,-0.009155,0.000000,0.004577,0.000000,0.000000,0.000000,0.000000,0,0,0,0,0,0,0,0,0,0,0,0.045257568359375,-0.010467529296875,0,0,0,0,0,0,0,0,Object notstarted,Object notstarted,Object notstarted,Object notstarted,Object notstarted,Object notstarted,Object notstarted,Object notstarted,Object notstarted
2024-02-19 19:06:35,107.107,__main___datalogs,INFO,JoyConState.PREP_SNS,0.000000,0.000000,0.000000,0.091547,-0.004577,0.002289,0.004577,0.000000,0.000000,0.000000,0.000000,0,0,0,0,0,0,0,0,0,0,0,0.045257568359375,-0.010467529296875,0,0,0,0,0,0,0,0,Object notstarted,Object notstarted,Object notstarted,Object notstarted,Object notstarted,Object notstarted,Object notstarted,Object notstarted,Object notstarted
2024-02-19 19:06:35,152.152,__main___datalogs,INFO,JoyConState.PREP_SNS,0.000000,0.000000,0.000000,0.091547,-0.004577,0.002289,0.004577,0.000000,0.000000,0.000000,0.000000,0,0,0,0,0,0,0,0,0,0,0,0.045257568359375,-0.010467529296875,0,0,0,0,0,0,0,0,Object notstarted,Object notstarted,Object notstarted,Object notstarted,Object notstarted,Object notstarted,Object notstarted,Object notstarted,Object notstarted
2024-02-19 19:06:35,194.194,__main___datalogs,INFO,JoyConState.PREP_SNS,0.000000,0.000000,0.000000,0.091547,-0.004577,0.002289,0.004577,0.000000,0.000000,0.000000,0.000000,0,0,0,0,0,0,0,0,0,0,0,0.045257568359375,-0.010467529296875,0,0,0,0,0,0,0,0,Object notstarted,Object notstarted,Object notstarted,Object notstarted,Object notstarted,Object notstarted,Object notstarted,Object notstarted,Object notstarted
2024-02-19 19:06:35,235.235,__main___datalogs,INFO,JoyConState.PREP_SNS,0.000000,0.000000,0.000000,0.091547,-0.004577,0.000000,0.006866,0.000000,0.000000,0.000000,0.000000,0,0,0,0,0,0,0,0,0,0,0,0.045257568359375,-0.010467529296875,0,0,0,0,0,0,0,0,Object notstarted,Object notstarted,Object notstarted,Object notstarted,Object notstarted,Object notstarted,Object notstarted,Object notstarted,Object notstarted
2024-02-19 19:06:35,278.278,__main___datalogs,INFO,JoyConState.PREP_SNS,0.000000,0.000000,0.000000,0.091547,-0.011444,0.000000,0.004577,0.000000,0.000000,0.000000,0.000000,0,0,0,0,0,0,0,0,0,0,0,0.045257568359375,-0.010467529296875,0,0,0,0,0,0,0,0,Object notstarted,Object notstarted,Object notstarted,Object notstarted,Object notstarted,Object notstarted,Object notstarted,Object notstarted,Object notstarted
2024-02-19 19:06:35,319.319,__main___datalogs,INFO,JoyConState.PREP_SNS,0.000000,0.000000,0.000000,0.091547,-0.011444,0.002289,0.004577,0.000000,0.000000,0.000000,0.000000,0,0,0,0,0,0,0,0,0,0,0,0.045257568359375,-0.010467529296875,0,0,0,0,0,0,0,0,Object notstarted,Object notstarted,Object notstarted,Object notstarted,Object notstarted,Object notstarted,Object notstarted,Object notstarted,Object notstarted
2024-02-19 19:06:35,362.362,__main___datalogs,INFO,JoyConState.PREP_SNS,0.000000,0.000000,0.000000,0.091547,-0.004577,0.002289,0.004577,0.000000,0.000000,0.000000,0.000000,0,0,0,0,0,0,0,0,0,0,0,0.045257568359375,-0.010467529296875,0,0,0,0,0,0,0,0,Object notstarted,Object notstarted,Object notstarted,Object notstarted,Object notstarted,Object notstarted,Object notstarted,Object notstarted,Object notstarted
2024-02-19 19:06:35,403.403,__main___datalogs,INFO,JoyConState.PREP_SNS,0.000000,0.000000,0.000000,0.091547,0.000000,0.000000,0.004577,0.000000,0.000000,0.000000,0.000000,0,0,0,0,0,0,0,0,0,0,0,0.045257568359375,-0.010467529296875,0,0,0,0,0,0,0,0,Object notstarted,Object notstarted,Object notstarted,Object notstarted,Object notstarted,Object notstarted,Object notstarted,Object notstarted,Object notstarted
2024-02-19 19:06:35,444.444,__main___datalogs,INFO,JoyConState.PREP_SNS,0.000000,0.000000,0.000000,0.091547,0.000000,0.000000,0.004577,0.000000,0.000000,0.000000,0.000000,0,0,0,0,0,0,0,0,0,0,0,0.045257568359375,-0.010467529296875,0,0,0,0,0,0,0,0,Object notstarted,Object notstarted,Object notstarted,Object notstarted,Object notstarted,Object notstarted,Object notstarted,Object notstarted,Object notstarted
2024-02-19 19:06:35,486.486,__main___datalogs,INFO,JoyConState.PREP_SNS,0.000000,0.000000,0.000000,0.091547,-0.009155,0.000000,0.004577,0.000000,0.000000,0.000000,0.000000,0,0,0,0,0,0,0,0,0,0,0,0.045257568359375,-0.010467529296875,0,0,0,0,0,0,0,0,Object notstarted,Object notstarted,Object notstarted,Object notstarted,Object notstarted,Object notstarted,Object notstarted,Object notstarted,Object notstarted
2024-02-19 19:06:35,529.529,__main___datalogs,INFO,JoyConState.PREP_SNS,0.000000,0.000000,0.000000,0.091547,-0.009155,0.002289,0.004577,0.000000,0.000000,0.000000,0.000000,0,0,0,0,0,0,0,0,0,0,0,0.045257568359375,-0.010467529296875,0,0,0,0,0,0,0,0,Object notstarted,Object notstarted,Object notstarted,Object notstarted,Object notstarted,Object notstarted,Object notstarted,Object notstarted,Object notstarted
2024-02-19 19:06:35,570.570,__main___datalogs,INFO,JoyConState.PREP_SNS,0.000000,0.000000,0.000000,0.091547,-0.011444,0.002289,0.004577,0.000000,0.000000,0.000000,0.000000,0,0,0,0,0,0,0,0,0,0,0,0.045257568359375,-0.010467529296875,0,0,0,0,0,0,0,0,Object notstarted,Object notstarted,Object notstarted,Object notstarted,Object notstarted,Object notstarted,Object notstarted,Object notstarted,Object notstarted
2024-02-19 19:06:35,613.613,__main___datalogs,INFO,JoyConState.PREP_SNS,0.000000,0.000000,0.000000,0.091547,-0.011444,0.000000,0.004577,0.000000,0.000000,0.000000,0.000000,0,0,0,0,0,0,0,0,0,0,0,0.045257568359375,-0.010467529296875,0,0,0,0,0,0,0,0,Object notstarted,Object notstarted,Object notstarted,Object notstarted,Object notstarted,Object notstarted,Object notstarted,Object notstarted,Object notstarted
2024-02-19 19:06:35,653.653,__main___datalogs,INFO,JoyConState.PREP_SNS,0.000000,0.000000,0.000000,0.091547,-0.011444,0.000000,0.004577,0.000000,0.000000,0.000000,0.000000,0,0,0,0,0,0,0,0,0,0,0,0.045257568359375,-0.010467529296875,0,0,0,0,0,0,0,0,Object notstarted,Object notstarted,Object notstarted,Object notstarted,Object notstarted,Object notstarted,Object notstarted,Object notstarted,Object notstarted
2024-02-19 19:06:35,696.696,__main___datalogs,INFO,JoyConState.PREP_SNS,0.000000,0.000000,0.000000,0.091547,-0.009155,0.002289,0.000000,0.000000,0.000000,0.000000,0.000000,0,0,0,0,0,0,0,0,0,0,0,0.045257568359375,-0.010467529296875,0,0,0,0,0,0,0,0,Object notstarted,Object notstarted,Object notstarted,Object notstarted,Object notstarted,Object notstarted,Object notstarted,Object notstarted,Object notstarted
2024-02-19 19:06:35,737.737,__main___datalogs,INFO,JoyConState.PREP_SNS,0.000000,0.000000,0.000000,0.091547,-0.009155,0.002289,0.004577,0.000000,0.000000,0.000000,0.000000,0,0,0,0,0,0,0,0,0,0,0,0.045257568359375,-0.010467529296875,0,0,0,0,0,0,0,0,Object notstarted,Object notstarted,Object notstarted,Object notstarted,Object notstarted,Object notstarted,Object notstarted,Object notstarted,Object notstarted
2024-02-19 19:06:35,780.780,__main___datalogs,INFO,JoyConState.PREP_SNS,0.000000,0.000000,0.000000,0.091547,-0.009155,0.000000,0.004577,0.000000,0.000000,0.000000,0.000000,0,0,0,0,0,0,0,0,0,0,0,0.045257568359375,-0.010467529296875,0,0,0,0,0,0,0,0,Object notstarted,Object notstarted,Object notstarted,Object notstarted,Object notstarted,Object notstarted,Object notstarted,Object notstarted,Object notstarted
2024-02-19 19:06:35,820.820,__main___datalogs,INFO,JoyConState.PREP_SNS,0.000000,0.000000,0.000000,0.091547,-0.004577,0.000000,0.000000,0.000000,0.000000,0.000000,0.000000,0,0,0,0,0,0,0,0,0,0,0,0.045257568359375,-0.010467529296875,0,0,0,0,0,0,0,0,Object notstarted,Object notstarted,Object notstarted,Object notstarted,Object notstarted,Object notstarted,Object notstarted,Object notstarted,Object notstarted
2024-02-19 19:06:35,863.863,__main___datalogs,INFO,JoyConState.PREP_SNS,0.000000,0.000000,0.000000,0.091547,-0.009155,0.000000,-0.004577,0.000000,0.000000,0.000000,0.000000,0,0,0,0,0,0,0,0,0,0,0,0.045257568359375,-0.010467529296875,0,0,0,0,0,0,0,0,Object notstarted,Object notstarted,Object notstarted,Object notstarted,Object notstarted,Object notstarted,Object notstarted,Object notstarted,Object notstarted
2024-02-19 19:06:35,902.902,__main___datalogs,INFO,JoyConState.PREP_SNS,0.000000,0.000000,0.000000,0.091547,-0.004577,0.000000,0.000000,0.000000,0.000000,0.000000,0.000000,0,0,0,0,0,0,0,0,0,0,0,0.045257568359375,-0.010467529296875,0,0,0,0,0,0,0,0,Object notstarted,Object notstarted,Object notstarted,Object notstarted,Object notstarted,Object notstarted,Object notstarted,Object notstarted,Object notstarted
2024-02-19 19:06:35,944.944,__main___datalogs,INFO,JoyConState.PREP_SNS,0.000000,0.000000,0.000000,0.091547,0.000000,0.000000,0.004577,0.000000,0.000000,0.000000,0.000000,0,0,0,0,0,0,0,0,0,0,0,0.045257568359375,-0.010467529296875,0,0,0,0,0,0,0,0,Object notstarted,Object notstarted,Object notstarted,Object notstarted,Object notstarted,Object notstarted,Object notstarted,Object notstarted,Object notstarted
2024-02-19 19:06:35,984.984,__main___datalogs,INFO,JoyConState.PREP_SNS,0.000000,0.000000,0.000000,0.091547,-0.009155,0.000000,0.004577,0.000000,0.000000,0.000000,0.000000,0,0,0,0,0,0,0,0,0,0,0,0.045257568359375,-0.010467529296875,0,0,0,0,0,0,0,0,Object notstarted,Object notstarted,Object notstarted,Object notstarted,Object notstarted,Object notstarted,Object notstarted,Object notstarted,Object notstarted
2024-02-19 19:06:36,027.027,__main___datalogs,INFO,JoyConState.PREP_SNS,0.000000,0.000000,0.000000,0.091547,-0.004577,0.000000,0.004577,0.000000,0.000000,0.000000,0.000000,0,0,0,0,0,0,0,0,0,0,0,0.045257568359375,-0.010467529296875,0,0,0,0,0,0,0,0,Object notstarted,Object notstarted,Object notstarted,Object notstarted,Object notstarted,Object notstarted,Object notstarted,Object notstarted,Object notstarted
2024-02-19 19:06:36,069.069,__main___datalogs,INFO,JoyConState.PREP_SNS,0.000000,0.000000,0.000000,0.091547,-0.009155,0.000000,0.004577,0.000000,0.000000,0.000000,0.000000,0,0,0,0,0,0,0,0,0,0,0,0.045257568359375,-0.010467529296875,0,0,0,0,0,0,0,0,Object notstarted,Object notstarted,Object notstarted,Object notstarted,Object notstarted,Object notstarted,Object notstarted,Object notstarted,Object notstarted
2024-02-19 19:06:36,126.126,__main___datalogs,INFO,JoyConState.PREP_SNS,0.000000,0.000000,0.000000,0.091547,-0.004577,0.000000,0.004577,0.000000,0.000000,0.000000,0.000000,0,0,0,0,0,0,0,0,0,0,0,0.045257568359375,-0.010467529296875,0,0,0,0,0,0,0,0,Object notstarted,Object notstarted,Object notstarted,Object notstarted,Object notstarted,Object notstarted,Object notstarted,Object notstarted,Object notstarted
2024-02-19 19:06:36,167.167,__main___datalogs,INFO,JoyConState.PREP_SNS,0.000000,0.000000,0.000000,0.091547,-0.004577,0.002289,0.004577,0.000000,0.000000,0.000000,0.000000,0,0,0,0,0,0,0,0,0,0,0,0.045257568359375,-0.010467529296875,0,0,0,0,0,0,0,0,Object notstarted,Object notstarted,Object notstarted,Object notstarted,Object notstarted,Object notstarted,Object notstarted,Object notstarted,Object notstarted
2024-02-19 19:06:36,209.209,__main___datalogs,INFO,JoyConState.PREP_SNS,0.000000,0.000000,0.000000,0.091547,-0.004577,0.002289,0.004577,0.000000,0.000000,0.000000,0.000000,0,0,0,0,0,0,0,0,0,0,0,0.045257568359375,-0.010467529296875,0,0,0,0,0,0,0,0,Object notstarted,Object notstarted,Object notstarted,Object notstarted,Object notstarted,Object notstarted,Object notstarted,Object notstarted,Object notstarted
2024-02-19 19:06:36,250.250,__main___datalogs,INFO,JoyConState.PREP_SNS,0.000000,0.000000,0.000000,0.091547,0.000000,0.002289,0.004577,0.000000,0.000000,0.000000,0.000000,0,0,0,0,0,0,0,0,0,0,0,0.045257568359375,-0.010467529296875,0,0,0,0,0,0,0,0,Object notstarted,Object notstarted,Object notstarted,Object notstarted,Object notstarted,Object notstarted,Object notstarted,Object notstarted,Object notstarted
2024-02-19 19:06:36,294.294,__main___datalogs,INFO,JoyConState.PREP_SNS,0.000000,0.000000,0.000000,0.091547,-0.009155,0.000000,0.004577,0.000000,0.000000,0.000000,0.000000,0,0,0,0,0,0,0,0,0,0,0,0.045257568359375,-0.010467529296875,0,0,0,0,0,0,0,0,Object notstarted,Object notstarted,Object notstarted,Object notstarted,Object notstarted,Object notstarted,Object notstarted,Object notstarted,Object notstarted
2024-02-19 19:06:36,334.334,__main___datalogs,INFO,JoyConState.PREP_SNS,0.000000,0.000000,0.000000,0.091547,-0.009155,0.000000,0.004577,0.000000,0.000000,0.000000,0.000000,0,0,0,0,0,0,0,0,0,0,0,0.045257568359375,-0.010467529296875,0,0,0,0,0,0,0,0,Object notstarted,Object notstarted,Object notstarted,Object notstarted,Object notstarted,Object notstarted,Object notstarted,Object notstarted,Object notstarted
2024-02-19 19:06:36,378.378,__main___datalogs,INFO,JoyConState.PREP_SNS,0.000000,0.000000,0.000000,0.091547,-0.004577,-0.006866,0.004577,0.000000,0.000000,0.000000,0.000000,0,0,0,0,0,0,0,0,0,0,0,0.045257568359375,-0.010467529296875,0,0,0,0,0,0,0,0,Object notstarted,Object notstarted,Object notstarted,Object notstarted,Object notstarted,Object notstarted,Object notstarted,Object notstarted,Object notstarted
2024-02-19 19:06:36,418.418,__main___datalogs,INFO,JoyConState.PREP_SNS,0.000000,0.000000,0.000000,0.091547,0.000000,0.000000,0.004577,0.000000,0.000000,0.000000,0.000000,0,0,0,0,0,0,0,0,0,0,0,0.045257568359375,-0.010467529296875,0,0,0,0,0,0,0,0,Object notstarted,Object notstarted,Object notstarted,Object notstarted,Object notstarted,Object notstarted,Object notstarted,Object notstarted,Object notstarted
2024-02-19 19:06:36,462.462,__main___datalogs,INFO,JoyConState.PREP_SNS,0.000000,0.000000,0.000000,0.091547,-0.004577,0.000000,0.004577,0.000000,0.000000,0.000000,0.000000,0,0,0,0,0,0,0,0,0,0,0,0.045257568359375,-0.010467529296875,0,0,0,0,0,0,0,0,Object notstarted,Object notstarted,Object notstarted,Object notstarted,Object notstarted,Object notstarted,Object notstarted,Object notstarted,Object notstarted
2024-02-19 19:06:36,503.503,__main___datalogs,INFO,JoyConState.PREP_SNS,0.000000,0.000000,0.000000,0.091547,-0.009155,-0.006866,0.004577,0.000000,0.000000,0.000000,0.000000,0,0,0,0,0,0,0,0,0,0,0,0.045257568359375,-0.010467529296875,0,0,0,0,0,0,0,0,Object notstarted,Object notstarted,Object notstarted,Object notstarted,Object notstarted,Object notstarted,Object notstarted,Object notstarted,Object notstarted
2024-02-19 19:06:36,544.544,__main___datalogs,INFO,JoyConState.PREP_SNS,0.000000,0.000000,0.000000,0.096125,-0.004577,0.000000,0.000000,0.000000,0.000000,0.000000,0.000000,0,0,0,0,0,0,0,0,0,0,0,0.045257568359375,-0.010467529296875,0,0,0,0,0,0,0,0,Object notstarted,Object notstarted,Object notstarted,Object notstarted,Object notstarted,Object notstarted,Object notstarted,Object notstarted,Object notstarted
2024-02-19 19:06:36,585.585,__main___datalogs,INFO,JoyConState.PREP_SNS,0.000000,0.000000,0.000000,0.091547,-0.011444,0.000000,0.000000,0.000000,0.000000,0.000000,0.000000,0,0,0,0,0,0,0,0,0,0,0,0.045257568359375,-0.010467529296875,0,0,0,0,0,0,0,0,Object notstarted,Object notstarted,Object notstarted,Object notstarted,Object notstarted,Object notstarted,Object notstarted,Object notstarted,Object notstarted
2024-02-19 19:06:36,627.627,__main___datalogs,INFO,JoyConState.PREP_SNS,0.000000,0.000000,0.000000,0.091547,-0.004577,0.000000,0.004577,0.000000,0.000000,0.000000,0.000000,0,0,0,0,0,0,0,0,0,0,0,0.045257568359375,-0.010467529296875,0,0,0,0,0,0,0,0,Object notstarted,Object notstarted,Object notstarted,Object notstarted,Object notstarted,Object notstarted,Object notstarted,Object notstarted,Object notstarted
2024-02-19 19:06:36,669.669,__main___datalogs,INFO,JoyConState.PREP_SNS,0.000000,0.000000,0.000000,0.091547,-0.009155,0.000000,0.000000,0.000000,0.000000,0.000000,0.000000,0,0,0,0,0,0,0,0,0,0,0,0.045257568359375,-0.010467529296875,0,0,0,0,0,0,0,0,Object notstarted,Object notstarted,Object notstarted,Object notstarted,Object notstarted,Object notstarted,Object notstarted,Object notstarted,Object notstarted
2024-02-19 19:06:36,712.712,__main___datalogs,INFO,JoyConState.PREP_SNS,0.000000,0.000000,0.000000,0.091547,-0.004577,0.000000,0.000000,0.000000,0.000000,0.000000,0.000000,0,0,0,0,0,0,0,0,0,0,0,0.045257568359375,-0.010467529296875,0,0,0,0,0,0,0,0,Object notstarted,Object notstarted,Object notstarted,Object notstarted,Object notstarted,Object notstarted,Object notstarted,Object notstarted,Object notstarted
2024-02-19 19:06:36,753.753,__main___datalogs,INFO,JoyConState.PREP_SNS,0.000000,0.000000,0.000000,0.091547,-0.009155,0.000000,0.000000,0.000000,0.000000,0.000000,0.000000,0,0,0,0,0,0,0,0,0,0,0,0.045257568359375,-0.010467529296875,0,0,0,0,0,0,0,0,Object notstarted,Object notstarted,Object notstarted,Object notstarted,Object notstarted,Object notstarted,Object notstarted,Object notstarted,Object notstarted
2024-02-19 19:06:36,797.797,__main___datalogs,INFO,JoyConState.PREP_SNS,0.000000,0.000000,0.000000,0.091547,-0.004577,0.000000,0.000000,0.000000,0.000000,0.000000,0.000000,0,0,0,0,0,0,0,0,0,0,0,0.045257568359375,-0.010467529296875,0,0,0,0,0,0,0,0,Object notstarted,Object notstarted,Object notstarted,Object notstarted,Object notstarted,Object notstarted,Object notstarted,Object notstarted,Object notstarted
2024-02-19 19:06:36,841.841,__main___datalogs,INFO,JoyConState.PREP_SNS,0.000000,0.000000,0.000000,0.096125,0.000000,0.000000,0.004577,0.000000,0.000000,0.000000,0.000000,0,0,0,0,0,0,0,0,0,0,0,0.045257568359375,-0.010467529296875,0,0,0,0,0,0,0,0,Object notstarted,Object notstarted,Object notstarted,Object notstarted,Object notstarted,Object notstarted,Object notstarted,Object notstarted,Object notstarted
2024-02-19 19:06:36,884.884,__main___datalogs,INFO,JoyConState.PREP_SNS,0.000000,0.000000,0.000000,0.091547,-0.011444,0.000000,0.004577,0.000000,0.000000,0.000000,0.000000,0,0,0,0,0,0,0,0,0,0,0,0.045257568359375,-0.010467529296875,0,0,0,0,0,0,0,0,Object notstarted,Object notstarted,Object notstarted,Object notstarted,Object notstarted,Object notstarted,Object notstarted,Object notstarted,Object notstarted
2024-02-19 19:06:36,925.925,__main___datalogs,INFO,JoyConState.PREP_SNS,0.000000,0.000000,0.000000,0.096125,-0.009155,0.000000,0.004577,0.000000,0.000000,0.000000,0.000000,0,0,0,0,0,0,0,0,0,0,0,0.045257568359375,-0.010467529296875,0,0,0,0,0,0,0,0,Object notstarted,Object notstarted,Object notstarted,Object notstarted,Object notstarted,Object notstarted,Object notstarted,Object notstarted,Object notstarted
2024-02-19 19:06:36,967.967,__main___datalogs,INFO,JoyConState.PREP_SNS,0.000000,0.000000,0.000000,0.091547,-0.011444,0.000000,0.004577,0.000000,0.000000,0.000000,0.000000,0,0,0,0,0,0,0,0,0,0,0,0.045257568359375,-0.010467529296875,0,0,0,0,0,0,0,0,Object notstarted,Object notstarted,Object notstarted,Object notstarted,Object notstarted,Object notstarted,Object notstarted,Object notstarted,Object notstarted
2024-02-19 19:06:37,008.008,__main___datalogs,INFO,JoyConState.PREP_SNS,0.000000,0.000000,0.000000,0.096125,-0.011444,0.000000,0.004577,0.000000,0.000000,0.000000,0.000000,0,0,0,0,0,0,0,0,0,0,0,0.045257568359375,-0.010467529296875,0,0,0,0,0,0,0,0,Object notstarted,Object notstarted,Object notstarted,Object notstarted,Object notstarted,Object notstarted,Object notstarted,Object notstarted,Object notstarted
2024-02-19 19:06:37,051.051,__main___datalogs,INFO,JoyConState.PREP_SNS,0.000000,0.000000,0.000000,0.091547,-0.011444,0.000000,0.004577,0.000000,0.000000,0.000000,0.000000,0,0,0,0,0,0,0,0,0,0,0,0.045257568359375,-0.010467529296875,0,0,0,0,0,0,0,0,Object notstarted,Object notstarted,Object notstarted,Object notstarted,Object notstarted,Object notstarted,Object notstarted,Object notstarted,Object notstarted
2024-02-19 19:06:37,092.092,__main___datalogs,INFO,JoyConState.PREP_SNS,0.000000,0.000000,0.000000,0.091547,-0.009155,0.000000,0.004577,0.000000,0.000000,0.000000,0.000000,0,0,0,0,0,0,0,0,0,0,0,0.045257568359375,-0.010467529296875,0,0,0,0,0,0,0,0,Object notstarted,Object notstarted,Object notstarted,Object notstarted,Object notstarted,Object notstarted,Object notstarted,Object notstarted,Object notstarted
2024-02-19 19:06:37,132.132,__main___datalogs,INFO,JoyConState.PREP_SNS,0.000000,0.000000,0.000000,0.091547,-0.004577,0.000000,0.004577,0.000000,0.000000,0.000000,0.000000,0,0,0,0,0,0,0,0,0,0,0,0.045257568359375,-0.010467529296875,0,0,0,0,0,0,0,0,Object notstarted,Object notstarted,Object notstarted,Object notstarted,Object notstarted,Object notstarted,Object notstarted,Object notstarted,Object notstarted
2024-02-19 19:06:37,196.196,__main___datalogs,INFO,JoyConState.PREP_SNS,0.000000,0.000000,0.000000,0.091547,-0.009155,0.000000,0.006866,0.000000,0.000000,0.000000,0.000000,0,0,0,0,0,0,0,0,0,0,0,0.045257568359375,-0.010467529296875,0,0,0,0,0,0,0,0,Object notstarted,Object notstarted,Object notstarted,Object notstarted,Object notstarted,Object notstarted,Object notstarted,Object notstarted,Object notstarted
2024-02-19 19:06:37,239.239,__main___datalogs,INFO,JoyConState.PREP_SNS,0.000000,0.000000,0.000000,0.091547,-0.009155,0.000000,0.004577,0.000000,0.000000,0.000000,0.000000,0,0,0,0,0,0,0,0,0,0,0,0.045257568359375,-0.010467529296875,0,0,0,0,0,0,0,0,Object notstarted,Object notstarted,Object notstarted,Object notstarted,Object notstarted,Object notstarted,Object notstarted,Object notstarted,Object notstarted
2024-02-19 19:06:37,279.279,__main___datalogs,INFO,JoyConState.PREP_SNS,0.000000,0.000000,0.000000,0.091547,-0.004577,0.000000,0.004577,0.000000,0.000000,0.000000,0.000000,0,0,0,0,0,0,0,0,0,0,0,0.045257568359375,-0.010467529296875,0,0,0,0,0,0,0,0,Object notstarted,Object notstarted,Object notstarted,Object notstarted,Object notstarted,Object notstarted,Object notstarted,Object notstarted,Object notstarted
2024-02-19 19:06:37,318.318,__main___datalogs,INFO,JoyConState.PREP_SNS,0.000000,0.000000,0.000000,0.091547,-0.009155,0.000000,0.004577,0.000000,0.000000,0.000000,0.000000,0,0,0,0,0,0,0,0,0,0,0,0.045257568359375,-0.010467529296875,0,0,0,0,0,0,0,0,Object notstarted,Object notstarted,Object notstarted,Object notstarted,Object notstarted,Object notstarted,Object notstarted,Object notstarted,Object notstarted
2024-02-19 19:06:37,360.360,__main___datalogs,INFO,JoyConState.PREP_SNS,0.000000,0.000000,0.000000,0.091547,-0.009155,0.000000,0.004577,0.000000,0.000000,0.000000,0.000000,0,0,0,0,0,0,0,0,0,0,0,0.045257568359375,-0.010467529296875,0,0,0,0,0,0,0,0,Object notstarted,Object notstarted,Object notstarted,Object notstarted,Object notstarted,Object notstarted,Object notstarted,Object notstarted,Object notstarted
2024-02-19 19:06:37,402.402,__main___datalogs,INFO,JoyConState.PREP_SNS,0.000000,0.000000,0.000000,0.096125,-0.009155,0.000000,0.004577,0.000000,0.000000,0.000000,0.000000,0,0,0,0,0,0,0,0,0,0,0,0.045257568359375,-0.010467529296875,0,0,0,0,0,0,0,0,Object notstarted,Object notstarted,Object notstarted,Object notstarted,Object notstarted,Object notstarted,Object notstarted,Object notstarted,Object notstarted
2024-02-19 19:06:37,443.443,__main___datalogs,INFO,JoyConState.PREP_SNS,0.000000,0.000000,0.000000,0.096125,-0.011444,0.000000,0.004577,0.000000,0.000000,0.000000,0.000000,0,0,0,0,0,0,0,0,0,0,0,0.045257568359375,-0.010467529296875,0,0,0,0,0,0,0,0,Object notstarted,Object notstarted,Object notstarted,Object notstarted,Object notstarted,Object notstarted,Object notstarted,Object notstarted,Object notstarted
2024-02-19 19:06:37,484.484,__main___datalogs,INFO,JoyConState.PREP_SNS,0.000000,0.000000,0.000000,0.091547,-0.004577,0.000000,0.004577,0.000000,0.000000,0.000000,0.000000,0,0,0,0,0,0,0,0,0,0,0,0.045257568359375,-0.010467529296875,0,0,0,0,0,0,0,0,Object notstarted,Object notstarted,Object notstarted,Object notstarted,Object notstarted,Object notstarted,Object notstarted,Object notstarted,Object notstarted
2024-02-19 19:06:37,525.525,__main___datalogs,INFO,JoyConState.PREP_SNS,0.000000,0.000000,0.000000,0.091547,-0.004577,0.000000,0.004577,0.000000,0.000000,0.000000,0.000000,0,0,0,0,0,0,0,0,0,0,0,0.045257568359375,-0.010467529296875,0,0,0,0,0,0,0,0,Object notstarted,Object notstarted,Object notstarted,Object notstarted,Object notstarted,Object notstarted,Object notstarted,Object notstarted,Object notstarted
2024-02-19 19:06:37,566.566,__main___datalogs,INFO,JoyConState.PREP_SNS,0.000000,0.000000,0.000000,0.096125,-0.009155,0.000000,0.004577,0.000000,0.000000,0.000000,0.000000,0,0,0,0,0,0,0,0,0,0,0,0.045257568359375,-0.010467529296875,0,0,0,0,0,0,0,0,Object notstarted,Object notstarted,Object notstarted,Object notstarted,Object notstarted,Object notstarted,Object notstarted,Object notstarted,Object notstarted
2024-02-19 19:06:37,607.607,__main___datalogs,INFO,JoyConState.PREP_SNS,0.000000,0.000000,0.000000,0.091547,-0.009155,0.000000,0.004577,0.000000,0.000000,0.000000,0.000000,0,0,0,0,0,0,0,0,0,0,0,0.045257568359375,-0.010467529296875,0,0,0,0,0,0,0,0,Object notstarted,Object notstarted,Object notstarted,Object notstarted,Object notstarted,Object notstarted,Object notstarted,Object notstarted,Object notstarted
2024-02-19 19:06:37,647.647,__main___datalogs,INFO,JoyConState.PREP_SNS,0.000000,0.000000,0.000000,0.091547,-0.009155,0.000000,0.004577,0.000000,0.000000,0.000000,0.000000,0,0,0,0,0,0,0,0,0,0,0,0.045257568359375,-0.010467529296875,0,0,0,0,0,0,0,0,Object notstarted,Object notstarted,Object notstarted,Object notstarted,Object notstarted,Object notstarted,Object notstarted,Object notstarted,Object notstarted
2024-02-19 19:06:37,689.689,__main___datalogs,INFO,JoyConState.PREP_SNS,0.000000,0.000000,0.000000,0.096125,-0.004577,-0.006866,0.004577,0.000000,0.000000,0.000000,0.000000,0,0,0,0,0,0,0,0,0,0,0,0.045257568359375,-0.010467529296875,0,0,0,0,0,0,0,0,Object notstarted,Object notstarted,Object notstarted,Object notstarted,Object notstarted,Object notstarted,Object notstarted,Object notstarted,Object notstarted
2024-02-19 19:06:37,731.731,__main___datalogs,INFO,JoyConState.PREP_SNS,0.000000,0.000000,0.000000,0.091547,-0.009155,0.002289,0.004577,0.000000,0.000000,0.000000,0.000000,0,0,0,0,0,0,0,0,0,0,0,0.045257568359375,-0.010467529296875,0,0,0,0,0,0,0,0,Object notstarted,Object notstarted,Object notstarted,Object notstarted,Object notstarted,Object notstarted,Object notstarted,Object notstarted,Object notstarted
2024-02-19 19:06:37,771.771,__main___datalogs,INFO,JoyConState.PREP_SNS,0.000000,0.000000,0.000000,0.091547,-0.011444,0.002289,0.004577,0.000000,0.000000,0.000000,0.000000,0,0,0,0,0,0,0,0,0,0,0,0.045257568359375,-0.010467529296875,0,0,0,0,0,0,0,0,Object notstarted,Object notstarted,Object notstarted,Object notstarted,Object notstarted,Object notstarted,Object notstarted,Object notstarted,Object notstarted
2024-02-19 19:06:37,813.813,__main___datalogs,INFO,JoyConState.PREP_SNS,0.000000,0.000000,0.000000,0.091547,0.000000,0.002289,0.004577,0.000000,0.000000,0.000000,0.000000,0,0,0,0,0,0,0,0,0,0,0,0.045257568359375,-0.010467529296875,0,0,0,0,0,0,0,0,Object notstarted,Object notstarted,Object notstarted,Object notstarted,Object notstarted,Object notstarted,Object notstarted,Object notstarted,Object notstarted
2024-02-19 19:06:37,854.854,__main___datalogs,INFO,JoyConState.PREP_SNS,0.000000,0.000000,0.000000,0.091547,0.000000,0.002289,0.004577,0.000000,0.000000,0.000000,0.000000,0,0,0,0,0,0,0,0,0,0,0,0.045257568359375,-0.010467529296875,0,0,0,0,0,0,0,0,Object notstarted,Object notstarted,Object notstarted,Object notstarted,Object notstarted,Object notstarted,Object notstarted,Object notstarted,Object notstarted
2024-02-19 19:06:37,895.895,__main___datalogs,INFO,JoyConState.PREP_SNS,0.000000,0.000000,0.000000,0.091547,-0.009155,0.000000,0.004577,0.000000,0.000000,0.000000,0.000000,0,0,0,0,0,0,0,0,0,0,0,0.045257568359375,-0.010467529296875,0,0,0,0,0,0,0,0,Object notstarted,Object notstarted,Object notstarted,Object notstarted,Object notstarted,Object notstarted,Object notstarted,Object notstarted,Object notstarted
2024-02-19 19:06:37,934.934,__main___datalogs,INFO,JoyConState.PREP_SNS,0.000000,0.000000,0.000000,0.091547,-0.009155,0.000000,0.004577,0.000000,0.000000,0.000000,0.000000,0,0,0,0,0,0,0,0,0,0,0,0.045257568359375,-0.010467529296875,0,0,0,0,0,0,0,0,Object notstarted,Object notstarted,Object notstarted,Object notstarted,Object notstarted,Object notstarted,Object notstarted,Object notstarted,Object notstarted
2024-02-19 19:06:37,977.977,__main___datalogs,INFO,JoyConState.PREP_SNS,0.000000,0.000000,0.000000,0.096125,-0.004577,0.000000,0.004577,0.000000,0.000000,0.000000,0.000000,0,0,0,0,0,0,0,0,0,0,0,0.045257568359375,-0.010467529296875,0,0,0,0,0,0,0,0,Object notstarted,Object notstarted,Object notstarted,Object notstarted,Object notstarted,Object notstarted,Object notstarted,Object notstarted,Object notstarted
2024-02-19 19:06:38,019.019,__main___datalogs,INFO,JoyConState.PREP_SNS,0.000000,0.000000,0.000000,0.096125,-0.004577,0.002289,0.004577,0.000000,0.000000,0.000000,0.000000,0,0,0,0,0,0,0,0,0,0,0,0.045257568359375,-0.010467529296875,0,0,0,0,0,0,0,0,Object notstarted,Object notstarted,Object notstarted,Object notstarted,Object notstarted,Object notstarted,Object notstarted,Object notstarted,Object notstarted
2024-02-19 19:06:38,061.061,__main___datalogs,INFO,JoyConState.PREP_SNS,0.000000,0.000000,0.000000,0.096125,-0.011444,0.000000,0.004577,0.000000,0.000000,0.000000,0.000000,0,0,0,0,0,0,0,0,0,0,0,0.045257568359375,-0.010467529296875,0,0,0,0,0,0,0,0,Object notstarted,Object notstarted,Object notstarted,Object notstarted,Object notstarted,Object notstarted,Object notstarted,Object notstarted,Object notstarted
2024-02-19 19:06:38,102.102,__main___datalogs,INFO,JoyConState.PREP_SNS,0.000000,0.000000,0.000000,0.098413,-0.009155,0.000000,0.000000,0.000000,0.000000,0.000000,0.000000,0,0,0,0,0,0,0,0,0,0,0,0.045257568359375,-0.010467529296875,0,0,0,0,0,0,0,0,Object notstarted,Object notstarted,Object notstarted,Object notstarted,Object notstarted,Object notstarted,Object notstarted,Object notstarted,Object notstarted
2024-02-19 19:06:38,144.144,__main___datalogs,INFO,JoyConState.PREP_SNS,0.000000,0.000000,0.000000,0.096125,-0.009155,0.000000,0.000000,0.000000,0.000000,0.000000,0.000000,0,0,0,0,0,0,0,0,0,0,0,0.045257568359375,-0.010467529296875,0,0,0,0,0,0,0,0,Object notstarted,Object notstarted,Object notstarted,Object notstarted,Object notstarted,Object notstarted,Object notstarted,Object notstarted,Object notstarted
2024-02-19 19:06:38,185.185,__main___datalogs,INFO,JoyConState.PREP_SNS,0.000000,0.000000,0.000000,0.091547,-0.004577,0.000000,0.000000,0.000000,0.000000,0.000000,0.000000,0,0,0,0,0,0,0,0,0,0,0,0.045257568359375,-0.010467529296875,0,0,0,0,0,0,0,0,Object notstarted,Object notstarted,Object notstarted,Object notstarted,Object notstarted,Object notstarted,Object notstarted,Object notstarted,Object notstarted
2024-02-19 19:06:38,248.248,__main___datalogs,INFO,JoyConState.PREP_SNS,0.000000,0.000000,0.000000,0.091547,-0.009155,0.000000,0.004577,0.000000,0.000000,0.000000,0.000000,0,0,0,0,0,0,0,0,0,0,0,0.045257568359375,-0.010467529296875,0,0,0,0,0,0,0,0,Object notstarted,Object notstarted,Object notstarted,Object notstarted,Object notstarted,Object notstarted,Object notstarted,Object notstarted,Object notstarted
2024-02-19 19:06:38,307.307,__main___datalogs,INFO,JoyConState.PREP_SNS,0.000000,0.000000,0.000000,0.091547,-0.011444,0.002289,0.004577,0.000000,0.000000,0.000000,0.000000,0,0,0,0,0,0,0,0,0,0,0,0.045257568359375,-0.010467529296875,0,0,0,0,0,0,0,0,Object notstarted,Object notstarted,Object notstarted,Object notstarted,Object notstarted,Object notstarted,Object notstarted,Object notstarted,Object notstarted
2024-02-19 19:06:38,350.350,__main___datalogs,INFO,JoyConState.PREP_SNS,0.000000,0.000000,0.000000,0.091547,-0.011444,0.002289,0.004577,0.000000,0.000000,0.000000,0.000000,0,0,0,0,0,0,0,0,0,0,0,0.045257568359375,-0.010467529296875,0,0,0,0,0,0,0,0,Object notstarted,Object notstarted,Object notstarted,Object notstarted,Object notstarted,Object notstarted,Object notstarted,Object notstarted,Object notstarted
2024-02-19 19:06:38,391.391,__main___datalogs,INFO,JoyConState.PREP_SNS,0.000000,0.000000,0.000000,0.091547,-0.009155,0.000000,0.004577,0.000000,0.000000,0.000000,0.000000,0,0,0,0,0,0,0,0,0,0,0,0.045257568359375,-0.010467529296875,0,0,0,0,0,0,0,0,Object notstarted,Object notstarted,Object notstarted,Object notstarted,Object notstarted,Object notstarted,Object notstarted,Object notstarted,Object notstarted
2024-02-19 19:06:38,433.433,__main___datalogs,INFO,JoyConState.PREP_SNS,0.000000,0.000000,0.000000,0.091547,-0.004577,0.000000,0.004577,0.000000,0.000000,0.000000,0.000000,0,0,0,0,0,0,0,0,0,0,0,0.045257568359375,-0.010467529296875,0,0,0,0,0,0,0,0,Object notstarted,Object notstarted,Object notstarted,Object notstarted,Object notstarted,Object notstarted,Object notstarted,Object notstarted,Object notstarted
2024-02-19 19:06:38,474.474,__main___datalogs,INFO,JoyConState.PREP_SNS,0.000000,0.000000,0.000000,0.091547,-0.009155,0.002289,0.000000,0.000000,0.000000,0.000000,0.000000,0,0,0,0,0,0,0,0,0,0,0,0.045257568359375,-0.010467529296875,0,0,0,0,0,0,0,0,Object notstarted,Object notstarted,Object notstarted,Object notstarted,Object notstarted,Object notstarted,Object notstarted,Object notstarted,Object notstarted
2024-02-19 19:06:38,516.516,__main___datalogs,INFO,JoyConState.PREP_SNS,0.000000,0.000000,0.000000,0.091547,-0.011444,0.002289,0.004577,0.000000,0.000000,0.000000,0.000000,0,0,0,0,0,0,0,0,0,0,0,0.045257568359375,-0.010467529296875,0,0,0,0,0,0,0,0,Object notstarted,Object notstarted,Object notstarted,Object notstarted,Object notstarted,Object notstarted,Object notstarted,Object notstarted,Object notstarted
2024-02-19 19:06:38,557.557,__main___datalogs,INFO,JoyConState.PREP_SNS,0.000000,0.000000,0.000000,0.091547,-0.011444,0.002289,0.004577,0.000000,0.000000,0.000000,0.000000,0,0,0,0,0,0,0,0,0,0,0,0.045257568359375,-0.010467529296875,0,0,0,0,0,0,0,0,Object notstarted,Object notstarted,Object notstarted,Object notstarted,Object notstarted,Object notstarted,Object notstarted,Object notstarted,Object notstarted
2024-02-19 19:06:38,599.599,__main___datalogs,INFO,JoyConState.PREP_SNS,0.000000,0.000000,0.000000,0.091547,-0.004577,0.000000,0.004577,0.000000,0.000000,0.000000,0.000000,0,0,0,0,0,0,0,0,0,0,0,0.045257568359375,-0.010467529296875,0,0,0,0,0,0,0,0,Object notstarted,Object notstarted,Object notstarted,Object notstarted,Object notstarted,Object notstarted,Object notstarted,Object notstarted,Object notstarted
2024-02-19 19:06:38,640.640,__main___datalogs,INFO,JoyConState.PREP_SNS,0.000000,0.000000,0.000000,0.091547,-0.009155,-0.006866,0.004577,0.000000,0.000000,0.000000,0.000000,0,0,0,0,0,0,0,0,0,0,0,0.045257568359375,-0.010467529296875,0,0,0,0,0,0,0,0,Object notstarted,Object notstarted,Object notstarted,Object notstarted,Object notstarted,Object notstarted,Object notstarted,Object notstarted,Object notstarted
2024-02-19 19:06:38,682.682,__main___datalogs,INFO,JoyConState.PREP_SNS,0.000000,0.000000,0.000000,0.091547,-0.004577,-0.006866,0.004577,0.000000,0.000000,0.000000,0.000000,0,0,0,0,0,0,0,0,0,0,0,0.045257568359375,-0.010467529296875,0,0,0,0,0,0,0,0,Object notstarted,Object notstarted,Object notstarted,Object notstarted,Object notstarted,Object notstarted,Object notstarted,Object notstarted,Object notstarted
2024-02-19 19:06:38,723.723,__main___datalogs,INFO,JoyConState.PREP_SNS,0.000000,0.000000,0.000000,0.091547,0.000000,0.000000,0.004577,0.000000,0.000000,0.000000,0.000000,0,0,0,0,0,0,0,0,0,0,0,0.045257568359375,-0.010467529296875,0,0,0,0,0,0,0,0,Object notstarted,Object notstarted,Object notstarted,Object notstarted,Object notstarted,Object notstarted,Object notstarted,Object notstarted,Object notstarted
2024-02-19 19:06:38,764.764,__main___datalogs,INFO,JoyConState.PREP_SNS,0.000000,0.000000,0.000000,0.091547,-0.004577,0.000000,0.004577,0.000000,0.000000,0.000000,0.000000,0,0,0,0,0,0,0,0,0,0,0,0.045257568359375,-0.010467529296875,0,0,0,0,0,0,0,0,Object notstarted,Object notstarted,Object notstarted,Object notstarted,Object notstarted,Object notstarted,Object notstarted,Object notstarted,Object notstarted
2024-02-19 19:06:38,804.804,__main___datalogs,INFO,JoyConState.PREP_SNS,0.000000,0.000000,0.000000,0.096125,-0.004577,0.000000,0.004577,0.000000,0.000000,0.000000,0.000000,0,0,0,0,0,0,0,0,0,0,0,0.045257568359375,-0.010467529296875,0,0,0,0,0,0,0,0,Object notstarted,Object notstarted,Object notstarted,Object notstarted,Object notstarted,Object notstarted,Object notstarted,Object notstarted,Object notstarted
2024-02-19 19:06:38,848.848,__main___datalogs,INFO,JoyConState.PREP_SNS,0.000000,0.000000,0.000000,0.096125,-0.004577,-0.006866,0.004577,0.000000,0.000000,0.000000,0.000000,0,0,0,0,0,0,0,0,0,0,0,0.045257568359375,-0.010467529296875,0,0,0,0,0,0,0,0,Object notstarted,Object notstarted,Object notstarted,Object notstarted,Object notstarted,Object notstarted,Object notstarted,Object notstarted,Object notstarted
2024-02-19 19:06:38,888.888,__main___datalogs,INFO,JoyConState.PREP_SNS,0.000000,0.000000,0.000000,0.096125,-0.009155,0.000000,0.000000,0.000000,0.000000,0.000000,0.000000,0,0,0,0,0,0,0,0,0,0,0,0.045257568359375,-0.010467529296875,0,0,0,0,0,0,0,0,Object notstarted,Object notstarted,Object notstarted,Object notstarted,Object notstarted,Object notstarted,Object notstarted,Object notstarted,Object notstarted
2024-02-19 19:06:38,930.930,__main___datalogs,INFO,JoyConState.PREP_SNS,0.000000,0.000000,0.000000,0.091547,-0.009155,-0.006866,0.004577,0.000000,0.000000,0.000000,0.000000,0,0,0,0,0,0,0,0,0,0,0,0.045257568359375,-0.010467529296875,0,0,0,0,0,0,0,0,Object notstarted,Object notstarted,Object notstarted,Object notstarted,Object notstarted,Object notstarted,Object notstarted,Object notstarted,Object notstarted
2024-02-19 19:06:38,972.972,__main___datalogs,INFO,JoyConState.PREP_SNS,0.000000,0.000000,0.000000,0.091547,-0.009155,0.000000,0.000000,0.000000,0.000000,0.000000,0.000000,0,0,0,0,0,0,0,0,0,0,0,0.045257568359375,-0.010467529296875,0,0,0,0,0,0,0,0,Object notstarted,Object notstarted,Object notstarted,Object notstarted,Object notstarted,Object notstarted,Object notstarted,Object notstarted,Object notstarted
2024-02-19 19:06:39,013.013,__main___datalogs,INFO,JoyConState.PREP_SNS,0.000000,0.000000,0.000000,0.091547,-0.004577,0.000000,0.004577,0.000000,0.000000,0.000000,0.000000,0,0,0,0,0,0,0,0,0,0,0,0.045257568359375,-0.010467529296875,0,0,0,0,0,0,0,0,Object notstarted,Object notstarted,Object notstarted,Object notstarted,Object notstarted,Object notstarted,Object notstarted,Object notstarted,Object notstarted
2024-02-19 19:06:39,062.062,__main___datalogs,INFO,JoyConState.PREP_SNS,0.000000,0.000000,0.000000,0.096125,0.000000,0.000000,0.004577,0.000000,0.000000,0.000000,0.000000,0,0,0,0,0,0,0,0,0,0,0,0.045257568359375,-0.010467529296875,0,0,0,0,0,0,0,0,Object notstarted,Object notstarted,Object notstarted,Object notstarted,Object notstarted,Object notstarted,Object notstarted,Object notstarted,Object notstarted
2024-02-19 19:06:39,105.105,__main___datalogs,INFO,JoyConState.PREP_SNS,0.000000,0.000000,0.000000,0.096125,-0.009155,0.000000,0.004577,0.000000,0.000000,0.000000,0.000000,0,0,0,0,0,0,0,0,0,0,0,0.045257568359375,-0.010467529296875,0,0,0,0,0,0,0,0,Object notstarted,Object notstarted,Object notstarted,Object notstarted,Object notstarted,Object notstarted,Object notstarted,Object notstarted,Object notstarted
2024-02-19 19:06:39,145.145,__main___datalogs,INFO,JoyConState.PREP_SNS,0.000000,0.000000,0.000000,0.096125,-0.009155,0.000000,0.004577,0.000000,0.000000,0.000000,0.000000,0,0,0,0,0,0,0,0,0,0,0,0.045257568359375,-0.010467529296875,0,0,0,0,0,0,0,0,Object notstarted,Object notstarted,Object notstarted,Object notstarted,Object notstarted,Object notstarted,Object notstarted,Object notstarted,Object notstarted
2024-02-19 19:06:39,183.183,__main___datalogs,INFO,JoyConState.PREP_SNS,0.000000,0.000000,0.000000,0.091547,-0.004577,0.002289,0.000000,0.000000,0.000000,0.000000,0.000000,0,0,0,0,0,0,0,0,0,0,0,0.045257568359375,-0.010467529296875,0,0,0,0,0,0,0,0,Object notstarted,Object notstarted,Object notstarted,Object notstarted,Object notstarted,Object notstarted,Object notstarted,Object notstarted,Object notstarted
2024-02-19 19:06:39,223.223,__main___datalogs,INFO,JoyConState.PREP_SNS,0.000000,0.000000,0.000000,0.091547,-0.009155,0.002289,0.000000,0.000000,0.000000,0.000000,0.000000,0,0,0,0,0,0,0,0,0,0,0,0.045257568359375,-0.010467529296875,0,0,0,0,0,0,0,0,Object notstarted,Object notstarted,Object notstarted,Object notstarted,Object notstarted,Object notstarted,Object notstarted,Object notstarted,Object notstarted
2024-02-19 19:06:39,265.265,__main___datalogs,INFO,JoyConState.PREP_SNS,0.000000,0.000000,0.000000,0.091547,-0.009155,0.000000,0.000000,0.000000,0.000000,0.000000,0.000000,0,0,0,0,0,0,0,0,0,0,0,0.045257568359375,-0.010467529296875,0,0,0,0,0,0,0,0,Object notstarted,Object notstarted,Object notstarted,Object notstarted,Object notstarted,Object notstarted,Object notstarted,Object notstarted,Object notstarted
2024-02-19 19:06:39,310.310,__main___datalogs,INFO,JoyConState.PREP_SNS,0.000000,0.000000,0.000000,0.096125,-0.004577,0.000000,0.006866,0.000000,0.000000,0.000000,0.000000,0,0,0,0,0,0,0,0,0,0,0,0.045257568359375,-0.010467529296875,0,0,0,0,0,0,0,0,Object notstarted,Object notstarted,Object notstarted,Object notstarted,Object notstarted,Object notstarted,Object notstarted,Object notstarted,Object notstarted
2024-02-19 19:06:39,357.357,__main___datalogs,INFO,JoyConState.PREP_SNS,0.000000,0.000000,0.000000,0.096125,-0.009155,0.000000,0.004577,0.000000,0.000000,0.000000,0.000000,0,0,0,0,0,0,0,0,0,0,0,0.045257568359375,-0.010467529296875,0,0,0,0,0,0,0,0,Object notstarted,Object notstarted,Object notstarted,Object notstarted,Object notstarted,Object notstarted,Object notstarted,Object notstarted,Object notstarted
2024-02-19 19:06:39,399.399,__main___datalogs,INFO,JoyConState.PREP_SNS,0.000000,0.000000,0.000000,0.096125,-0.004577,0.000000,0.000000,0.000000,0.000000,0.000000,0.000000,0,0,0,0,0,0,0,0,0,0,0,0.045257568359375,-0.010467529296875,0,0,0,0,0,0,0,0,Object notstarted,Object notstarted,Object notstarted,Object notstarted,Object notstarted,Object notstarted,Object notstarted,Object notstarted,Object notstarted
2024-02-19 19:06:39,441.441,__main___datalogs,INFO,JoyConState.PREP_SNS,0.000000,0.000000,0.000000,0.091547,-0.004577,0.002289,0.004577,0.000000,0.000000,0.000000,0.000000,0,0,0,0,0,0,0,0,0,0,0,0.045257568359375,-0.010467529296875,0,0,0,0,0,0,0,0,Object notstarted,Object notstarted,Object notstarted,Object notstarted,Object notstarted,Object notstarted,Object notstarted,Object notstarted,Object notstarted
2024-02-19 19:06:39,482.482,__main___datalogs,INFO,JoyConState.PREP_SNS,0.000000,0.000000,0.000000,0.091547,0.000000,0.002289,0.004577,0.000000,0.000000,0.000000,0.000000,0,0,0,0,0,0,0,0,0,0,0,0.045257568359375,-0.010467529296875,0,0,0,0,0,0,0,0,Object notstarted,Object notstarted,Object notstarted,Object notstarted,Object notstarted,Object notstarted,Object notstarted,Object notstarted,Object notstarted
2024-02-19 19:06:39,524.524,__main___datalogs,INFO,JoyConState.PREP_SNS,0.000000,0.000000,0.000000,0.091547,-0.009155,0.000000,0.004577,0.000000,0.000000,0.000000,0.000000,0,0,0,0,0,0,0,0,0,0,0,0.045257568359375,-0.010467529296875,0,0,0,0,0,0,0,0,Object notstarted,Object notstarted,Object notstarted,Object notstarted,Object notstarted,Object notstarted,Object notstarted,Object notstarted,Object notstarted
2024-02-19 19:06:39,566.566,__main___datalogs,INFO,JoyConState.PREP_SNS,0.000000,0.000000,0.000000,0.091547,-0.009155,0.002289,0.004577,0.000000,0.000000,0.000000,0.000000,0,0,0,0,0,0,0,0,0,0,0,0.045257568359375,-0.010467529296875,0,0,0,0,0,0,0,0,Object notstarted,Object notstarted,Object notstarted,Object notstarted,Object notstarted,Object notstarted,Object notstarted,Object notstarted,Object notstarted
2024-02-19 19:06:39,608.608,__main___datalogs,INFO,JoyConState.PREP_SNS,0.000000,0.000000,0.000000,0.091547,-0.004577,0.002289,0.004577,0.000000,0.000000,0.000000,0.000000,0,0,0,0,0,0,0,0,0,0,0,0.045257568359375,-0.010467529296875,0,0,0,0,0,0,0,0,Object notstarted,Object notstarted,Object notstarted,Object notstarted,Object notstarted,Object notstarted,Object notstarted,Object notstarted,Object notstarted
2024-02-19 19:06:39,649.649,__main___datalogs,INFO,JoyConState.PREP_SNS,0.000000,0.000000,0.000000,0.091547,-0.004577,0.000000,0.004577,0.000000,0.000000,0.000000,0.000000,0,0,0,0,0,0,0,0,0,0,0,0.045257568359375,-0.010467529296875,0,0,0,0,0,0,0,0,Object notstarted,Object notstarted,Object notstarted,Object notstarted,Object notstarted,Object notstarted,Object notstarted,Object notstarted,Object notstarted
2024-02-19 19:06:39,691.691,__main___datalogs,INFO,JoyConState.PREP_SNS,0.000000,0.000000,0.000000,0.091547,-0.009155,0.000000,0.004577,0.000000,0.000000,0.000000,0.000000,0,0,0,0,0,0,0,0,0,0,0,0.045257568359375,-0.010467529296875,0,0,0,0,0,0,0,0,Object notstarted,Object notstarted,Object notstarted,Object notstarted,Object notstarted,Object notstarted,Object notstarted,Object notstarted,Object notstarted
2024-02-19 19:06:39,731.731,__main___datalogs,INFO,JoyConState.PREP_SNS,0.000000,0.000000,0.000000,0.091547,-0.009155,0.002289,0.004577,0.000000,0.000000,0.000000,0.000000,0,0,0,0,0,0,0,0,0,0,0,0.045257568359375,-0.010467529296875,0,0,0,0,0,0,0,0,Object notstarted,Object notstarted,Object notstarted,Object notstarted,Object notstarted,Object notstarted,Object notstarted,Object notstarted,Object notstarted
2024-02-19 19:06:39,778.778,__main___datalogs,INFO,JoyConState.PREP_SNS,0.000000,0.000000,0.000000,0.089258,-0.011444,0.002289,0.004577,0.000000,0.000000,0.000000,0.000000,0,0,0,0,0,0,0,0,0,0,0,0.045257568359375,-0.010467529296875,0,0,0,0,0,0,0,0,Object notstarted,Object notstarted,Object notstarted,Object notstarted,Object notstarted,Object notstarted,Object notstarted,Object notstarted,Object notstarted
2024-02-19 19:06:39,818.818,__main___datalogs,INFO,JoyConState.PREP_SNS,0.000000,0.000000,0.000000,0.096125,0.000000,0.002289,0.004577,0.000000,0.000000,0.000000,0.000000,0,0,0,0,0,0,0,0,0,0,0,0.045257568359375,-0.010467529296875,0,0,0,0,0,0,0,0,Object notstarted,Object notstarted,Object notstarted,Object notstarted,Object notstarted,Object notstarted,Object notstarted,Object notstarted,Object notstarted
2024-02-19 19:06:39,861.861,__main___datalogs,INFO,JoyConState.PREP_SNS,0.000000,0.000000,0.000000,0.096125,-0.004577,0.002289,0.004577,0.000000,0.000000,0.000000,0.000000,0,0,0,0,0,0,0,0,0,0,0,0.045257568359375,-0.010467529296875,0,0,0,0,0,0,0,0,Object notstarted,Object notstarted,Object notstarted,Object notstarted,Object notstarted,Object notstarted,Object notstarted,Object notstarted,Object notstarted
2024-02-19 19:06:39,902.902,__main___datalogs,INFO,JoyConState.PREP_SNS,0.000000,0.000000,0.000000,0.096125,-0.009155,0.002289,0.004577,0.000000,0.000000,0.000000,0.000000,0,0,0,0,0,0,0,0,0,0,0,0.045257568359375,-0.010467529296875,0,0,0,0,0,0,0,0,Object notstarted,Object notstarted,Object notstarted,Object notstarted,Object notstarted,Object notstarted,Object notstarted,Object notstarted,Object notstarted
2024-02-19 19:06:39,945.945,__main___datalogs,INFO,JoyConState.PREP_SNS,0.000000,0.000000,0.000000,0.091547,-0.009155,0.002289,0.004577,0.000000,0.000000,0.000000,0.000000,0,0,0,0,0,0,0,0,0,0,0,0.045257568359375,-0.010467529296875,0,0,0,0,0,0,0,0,Object notstarted,Object notstarted,Object notstarted,Object notstarted,Object notstarted,Object notstarted,Object notstarted,Object notstarted,Object notstarted
2024-02-19 19:06:39,986.986,__main___datalogs,INFO,JoyConState.PREP_SNS,0.000000,0.000000,0.000000,0.091547,-0.009155,0.002289,0.004577,0.000000,0.000000,0.000000,0.000000,0,0,0,0,0,0,0,0,0,0,0,0.045257568359375,-0.010467529296875,0,0,0,0,0,0,0,0,Object notstarted,Object notstarted,Object notstarted,Object notstarted,Object notstarted,Object notstarted,Object notstarted,Object notstarted,Object notstarted
2024-02-19 19:06:40,029.029,__main___datalogs,INFO,JoyConState.PREP_SNS,0.000000,0.000000,0.000000,0.091547,-0.004577,0.000000,0.004577,0.000000,0.000000,0.000000,0.000000,0,0,0,0,0,0,0,0,0,0,0,0.045257568359375,-0.010467529296875,0,0,0,0,0,0,0,0,Object notstarted,Object notstarted,Object notstarted,Object notstarted,Object notstarted,Object notstarted,Object notstarted,Object notstarted,Object notstarted
2024-02-19 19:06:40,070.070,__main___datalogs,INFO,JoyConState.PREP_SNS,0.000000,0.000000,0.000000,0.091547,-0.009155,0.000000,0.004577,0.000000,0.000000,0.000000,0.000000,0,0,0,0,0,0,0,0,0,0,0,0.045257568359375,-0.010467529296875,0,0,0,0,0,0,0,0,Object notstarted,Object notstarted,Object notstarted,Object notstarted,Object notstarted,Object notstarted,Object notstarted,Object notstarted,Object notstarted
2024-02-19 19:06:40,112.112,__main___datalogs,INFO,JoyConState.PREP_SNS,0.000000,0.000000,0.000000,0.096125,-0.004577,0.000000,0.004577,0.000000,0.000000,0.000000,0.000000,0,0,0,0,0,0,0,0,0,0,0,0.045257568359375,-0.010467529296875,0,0,0,0,0,0,0,0,Object notstarted,Object notstarted,Object notstarted,Object notstarted,Object notstarted,Object notstarted,Object notstarted,Object notstarted,Object notstarted
2024-02-19 19:06:40,151.151,__main___datalogs,INFO,JoyConState.PREP_SNS,0.000000,0.000000,0.000000,0.096125,0.000000,0.000000,0.004577,0.000000,0.000000,0.000000,0.000000,0,0,0,0,0,0,0,0,0,0,0,0.045257568359375,-0.010467529296875,0,0,0,0,0,0,0,0,Object notstarted,Object notstarted,Object notstarted,Object notstarted,Object notstarted,Object notstarted,Object notstarted,Object notstarted,Object notstarted
2024-02-19 19:06:40,192.192,__main___datalogs,INFO,JoyConState.PREP_SNS,0.000000,0.000000,0.000000,0.096125,-0.004577,0.000000,0.004577,0.000000,0.000000,0.000000,0.000000,0,0,0,0,0,0,0,0,0,0,0,0.045257568359375,-0.010467529296875,0,0,0,0,0,0,0,0,Object notstarted,Object notstarted,Object notstarted,Object notstarted,Object notstarted,Object notstarted,Object notstarted,Object notstarted,Object notstarted
2024-02-19 19:06:40,232.232,__main___datalogs,INFO,JoyConState.PREP_SNS,0.000000,0.000000,0.000000,0.091547,-0.004577,0.002289,0.004577,0.000000,0.000000,0.000000,0.000000,0,0,0,0,0,0,0,0,0,0,0,0.045257568359375,-0.010467529296875,0,0,0,0,0,0,0,0,Object notstarted,Object notstarted,Object notstarted,Object notstarted,Object notstarted,Object notstarted,Object notstarted,Object notstarted,Object notstarted
2024-02-19 19:06:40,274.274,__main___datalogs,INFO,JoyConState.PREP_SNS,0.000000,0.000000,0.000000,0.091547,-0.009155,0.002289,0.000000,0.000000,0.000000,0.000000,0.000000,0,0,0,0,0,0,0,0,0,0,0,0.045257568359375,-0.010467529296875,0,0,0,0,0,0,0,0,Object notstarted,Object notstarted,Object notstarted,Object notstarted,Object notstarted,Object notstarted,Object notstarted,Object notstarted,Object notstarted
2024-02-19 19:06:40,314.314,__main___datalogs,INFO,JoyConState.PREP_SNS,0.000000,0.000000,0.000000,0.091547,-0.011444,0.000000,0.000000,0.000000,0.000000,0.000000,0.000000,0,0,0,0,0,0,0,0,0,0,0,0.045257568359375,-0.010467529296875,0,0,0,0,0,0,0,0,Object notstarted,Object notstarted,Object notstarted,Object notstarted,Object notstarted,Object notstarted,Object notstarted,Object notstarted,Object notstarted
2024-02-19 19:06:40,355.355,__main___datalogs,INFO,JoyConState.PREP_SNS,0.000000,0.000000,0.000000,0.096125,-0.009155,0.000000,0.000000,0.000000,0.000000,0.000000,0.000000,0,0,0,0,0,0,0,0,0,0,0,0.045257568359375,-0.010467529296875,0,0,0,0,0,0,0,0,Object notstarted,Object notstarted,Object notstarted,Object notstarted,Object notstarted,Object notstarted,Object notstarted,Object notstarted,Object notstarted
2024-02-19 19:06:40,398.398,__main___datalogs,INFO,JoyConState.PREP_SNS,0.000000,0.000000,0.000000,0.096125,-0.011444,0.002289,0.004577,0.000000,0.000000,0.000000,0.000000,0,0,0,0,0,0,0,0,0,0,0,0.045257568359375,-0.010467529296875,0,0,0,0,0,0,0,0,Object notstarted,Object notstarted,Object notstarted,Object notstarted,Object notstarted,Object notstarted,Object notstarted,Object notstarted,Object notstarted
2024-02-19 19:06:40,441.441,__main___datalogs,INFO,JoyConState.PREP_SNS,0.000000,0.000000,0.000000,0.091547,0.000000,0.002289,0.004577,0.000000,0.000000,0.000000,0.000000,0,0,0,0,0,0,0,0,0,0,0,0.045257568359375,-0.010467529296875,0,0,0,0,0,0,0,0,Object notstarted,Object notstarted,Object notstarted,Object notstarted,Object notstarted,Object notstarted,Object notstarted,Object notstarted,Object notstarted
2024-02-19 19:06:40,482.482,__main___datalogs,INFO,JoyConState.PREP_SNS,0.000000,0.000000,0.000000,0.091547,0.000000,0.002289,0.004577,0.000000,0.000000,0.000000,0.000000,0,0,0,0,0,0,0,0,0,0,0,0.045257568359375,-0.010467529296875,0,0,0,0,0,0,0,0,Object notstarted,Object notstarted,Object notstarted,Object notstarted,Object notstarted,Object notstarted,Object notstarted,Object notstarted,Object notstarted
2024-02-19 19:06:40,523.523,__main___datalogs,INFO,JoyConState.PREP_SNS,0.000000,0.000000,0.000000,0.091547,-0.009155,0.000000,0.004577,0.000000,0.000000,0.000000,0.000000,0,0,0,0,0,0,0,0,0,0,0,0.045257568359375,-0.010467529296875,0,0,0,0,0,0,0,0,Object notstarted,Object notstarted,Object notstarted,Object notstarted,Object notstarted,Object notstarted,Object notstarted,Object notstarted,Object notstarted
2024-02-19 19:06:40,563.563,__main___datalogs,INFO,JoyConState.PREP_SNS,0.000000,0.000000,0.000000,0.096125,-0.009155,0.000000,0.006866,0.000000,0.000000,0.000000,0.000000,0,0,0,0,0,0,0,0,0,0,0,0.045257568359375,-0.010467529296875,0,0,0,0,0,0,0,0,Object notstarted,Object notstarted,Object notstarted,Object notstarted,Object notstarted,Object notstarted,Object notstarted,Object notstarted,Object notstarted
2024-02-19 19:06:40,605.605,__main___datalogs,INFO,JoyConState.PREP_SNS,0.000000,0.000000,0.000000,0.096125,-0.004577,0.000000,0.004577,0.000000,0.000000,0.000000,0.000000,0,0,0,0,0,0,0,0,0,0,0,0.045257568359375,-0.010467529296875,0,0,0,0,0,0,0,0,Object notstarted,Object notstarted,Object notstarted,Object notstarted,Object notstarted,Object notstarted,Object notstarted,Object notstarted,Object notstarted
2024-02-19 19:06:40,647.647,__main___datalogs,INFO,JoyConState.PREP_SNS,0.000000,0.000000,0.000000,0.091547,-0.004577,0.000000,0.004577,0.000000,0.000000,0.000000,0.000000,0,0,0,0,0,0,0,0,0,0,0,0.045257568359375,-0.010467529296875,0,0,0,0,0,0,0,0,Object notstarted,Object notstarted,Object notstarted,Object notstarted,Object notstarted,Object notstarted,Object notstarted,Object notstarted,Object notstarted
2024-02-19 19:06:40,688.688,__main___datalogs,INFO,JoyConState.PREP_SNS,0.000000,0.000000,0.000000,0.091547,0.000000,0.000000,0.004577,0.000000,0.000000,0.000000,0.000000,0,0,0,0,0,0,0,0,0,0,0,0.045257568359375,-0.010467529296875,0,0,0,0,0,0,0,0,Object notstarted,Object notstarted,Object notstarted,Object notstarted,Object notstarted,Object notstarted,Object notstarted,Object notstarted,Object notstarted
2024-02-19 19:06:40,729.729,__main___datalogs,INFO,JoyConState.PREP_SNS,0.000000,0.000000,0.000000,0.089258,-0.009155,0.000000,0.006866,0.000000,0.000000,0.000000,0.000000,0,0,0,0,0,0,0,0,0,0,0,0.045257568359375,-0.010467529296875,0,0,0,0,0,0,0,0,Object notstarted,Object notstarted,Object notstarted,Object notstarted,Object notstarted,Object notstarted,Object notstarted,Object notstarted,Object notstarted
2024-02-19 19:06:40,769.769,__main___datalogs,INFO,JoyConState.PREP_SNS,0.000000,0.000000,0.000000,0.096125,-0.009155,0.000000,0.004577,0.000000,0.000000,0.000000,0.000000,0,0,0,0,0,0,0,0,0,0,0,0.045257568359375,-0.010467529296875,0,0,0,0,0,0,0,0,Object notstarted,Object notstarted,Object notstarted,Object notstarted,Object notstarted,Object notstarted,Object notstarted,Object notstarted,Object notstarted
2024-02-19 19:06:40,808.808,__main___datalogs,INFO,JoyConState.PREP_SNS,0.000000,0.000000,0.000000,0.098413,-0.009155,0.000000,0.004577,0.000000,0.000000,0.000000,0.000000,0,0,0,0,0,0,0,0,0,0,0,0.045257568359375,-0.010467529296875,0,0,0,0,0,0,0,0,Object notstarted,Object notstarted,Object notstarted,Object notstarted,Object notstarted,Object notstarted,Object notstarted,Object notstarted,Object notstarted
2024-02-19 19:06:40,850.850,__main___datalogs,INFO,JoyConState.PREP_SNS,0.000000,0.000000,0.000000,0.091547,-0.004577,0.000000,0.004577,0.000000,0.000000,0.000000,0.000000,0,0,0,0,0,0,0,0,0,0,0,0.045257568359375,-0.010467529296875,0,0,0,0,0,0,0,0,Object notstarted,Object notstarted,Object notstarted,Object notstarted,Object notstarted,Object notstarted,Object notstarted,Object notstarted,Object notstarted
2024-02-19 19:06:40,891.891,__main___datalogs,INFO,JoyConState.PREP_SNS,0.000000,0.000000,0.000000,0.091547,-0.004577,0.000000,0.000000,0.000000,0.000000,0.000000,0.000000,0,0,0,0,0,0,0,0,0,0,0,0.045257568359375,-0.010467529296875,0,0,0,0,0,0,0,0,Object notstarted,Object notstarted,Object notstarted,Object notstarted,Object notstarted,Object notstarted,Object notstarted,Object notstarted,Object notstarted
2024-02-19 19:06:40,933.933,__main___datalogs,INFO,JoyConState.PREP_SNS,0.000000,0.000000,0.000000,0.091547,-0.009155,0.000000,0.000000,0.000000,0.000000,0.000000,0.000000,0,0,0,0,0,0,0,0,0,0,0,0.045257568359375,-0.010467529296875,0,0,0,0,0,0,0,0,Object notstarted,Object notstarted,Object notstarted,Object notstarted,Object notstarted,Object notstarted,Object notstarted,Object notstarted,Object notstarted
2024-02-19 19:06:40,974.974,__main___datalogs,INFO,JoyConState.PREP_SNS,0.000000,0.000000,0.000000,0.091547,0.000000,0.000000,0.000000,0.000000,0.000000,0.000000,0.000000,0,0,0,0,0,0,0,0,0,0,0,0.045257568359375,-0.010467529296875,0,0,0,0,0,0,0,0,Object notstarted,Object notstarted,Object notstarted,Object notstarted,Object notstarted,Object notstarted,Object notstarted,Object notstarted,Object notstarted
2024-02-19 19:06:41,016.016,__main___datalogs,INFO,JoyConState.PREP_SNS,0.000000,0.000000,0.000000,0.091547,0.000000,0.000000,0.000000,0.000000,0.000000,0.000000,0.000000,0,0,0,0,0,0,0,0,0,0,0,0.045257568359375,-0.010467529296875,0,0,0,0,0,0,0,0,Object notstarted,Object notstarted,Object notstarted,Object notstarted,Object notstarted,Object notstarted,Object notstarted,Object notstarted,Object notstarted
2024-02-19 19:06:41,055.055,__main___datalogs,INFO,JoyConState.PREP_SNS,0.000000,0.000000,0.000000,0.091547,-0.004577,0.000000,0.004577,0.000000,0.000000,0.000000,0.000000,0,0,0,0,0,0,0,0,0,0,0,0.045257568359375,-0.010467529296875,0,0,0,0,0,0,0,0,Object notstarted,Object notstarted,Object notstarted,Object notstarted,Object notstarted,Object notstarted,Object notstarted,Object notstarted,Object notstarted
2024-02-19 19:06:41,097.097,__main___datalogs,INFO,JoyConState.PREP_SNS,0.000000,0.000000,0.000000,0.091547,-0.004577,0.000000,0.004577,0.000000,0.000000,0.000000,0.000000,0,0,0,0,0,0,0,0,0,0,0,0.045257568359375,-0.010467529296875,0,0,0,0,0,0,0,0,Object notstarted,Object notstarted,Object notstarted,Object notstarted,Object notstarted,Object notstarted,Object notstarted,Object notstarted,Object notstarted
2024-02-19 19:06:41,139.139,__main___datalogs,INFO,JoyConState.PREP_SNS,0.000000,0.000000,0.000000,0.091547,-0.009155,0.000000,0.004577,0.000000,0.000000,0.000000,0.000000,0,0,0,0,0,0,0,0,0,0,0,0.045257568359375,-0.010467529296875,0,0,0,0,0,0,0,0,Object notstarted,Object notstarted,Object notstarted,Object notstarted,Object notstarted,Object notstarted,Object notstarted,Object notstarted,Object notstarted
2024-02-19 19:06:41,179.179,__main___datalogs,INFO,JoyConState.PREP_SNS,0.000000,0.000000,0.000000,0.091547,-0.009155,0.000000,0.004577,0.000000,0.000000,0.000000,0.000000,0,0,0,0,0,0,0,0,0,0,0,0.045257568359375,-0.010467529296875,0,0,0,0,0,0,0,0,Object notstarted,Object notstarted,Object notstarted,Object notstarted,Object notstarted,Object notstarted,Object notstarted,Object notstarted,Object notstarted
2024-02-19 19:06:41,219.219,__main___datalogs,INFO,JoyConState.PREP_SNS,0.000000,0.000000,0.000000,0.091547,-0.004577,0.000000,0.004577,0.000000,0.000000,0.000000,0.000000,0,0,0,0,0,0,0,0,0,0,0,0.045257568359375,-0.010467529296875,0,0,0,0,0,0,0,0,Object notstarted,Object notstarted,Object notstarted,Object notstarted,Object notstarted,Object notstarted,Object notstarted,Object notstarted,Object notstarted
2024-02-19 19:06:41,261.261,__main___datalogs,INFO,JoyConState.PREP_SNS,0.000000,0.000000,0.000000,0.091547,-0.009155,0.000000,0.000000,0.000000,0.000000,0.000000,0.000000,0,0,0,0,0,0,0,0,0,0,0,0.045257568359375,-0.010467529296875,0,0,0,0,0,0,0,0,Object notstarted,Object notstarted,Object notstarted,Object notstarted,Object notstarted,Object notstarted,Object notstarted,Object notstarted,Object notstarted
2024-02-19 19:06:41,302.302,__main___datalogs,INFO,JoyConState.PREP_SNS,0.000000,0.000000,0.000000,0.091547,-0.011444,0.000000,0.000000,0.000000,0.000000,0.000000,0.000000,0,0,0,0,0,0,0,0,0,0,0,0.045257568359375,-0.010467529296875,0,0,0,0,0,0,0,0,Object notstarted,Object notstarted,Object notstarted,Object notstarted,Object notstarted,Object notstarted,Object notstarted,Object notstarted,Object notstarted
2024-02-19 19:06:41,344.344,__main___datalogs,INFO,JoyConState.PREP_SNS,0.000000,0.000000,0.000000,0.091547,-0.004577,0.000000,0.000000,0.000000,0.000000,0.000000,0.000000,0,0,0,0,0,0,0,0,0,0,0,0.045257568359375,-0.010467529296875,0,0,0,0,0,0,0,0,Object notstarted,Object notstarted,Object notstarted,Object notstarted,Object notstarted,Object notstarted,Object notstarted,Object notstarted,Object notstarted
2024-02-19 19:06:41,385.385,__main___datalogs,INFO,JoyConState.PREP_SNS,0.000000,0.000000,0.000000,0.091547,-0.004577,0.000000,0.000000,0.000000,0.000000,0.000000,0.000000,0,0,0,0,0,0,0,0,0,0,0,0.045257568359375,-0.010467529296875,0,0,0,0,0,0,0,0,Object notstarted,Object notstarted,Object notstarted,Object notstarted,Object notstarted,Object notstarted,Object notstarted,Object notstarted,Object notstarted
2024-02-19 19:06:41,457.457,__main___datalogs,INFO,JoyConState.GO_HOME,0.000000,0.000000,0.000000,0.091547,-0.004577,0.000000,0.000000,0.000000,0.000000,0.000000,0.000000,0,0,0,0,0,0,0,0,0,0,0,0.045257568359375,-0.010467529296875,0,0,0,0,0,0,0,0,Object notstarted,Object notstarted,Object notstarted,Object notstarted,Object notstarted,Object notstarted,Object notstarted,Object notstarted,Object notstarted
2024-02-19 19:06:41,510.510,__main___datalogs,INFO,JoyConState.GO_HOME,0.000000,0.000000,0.000000,0.096125,-0.009155,0.002289,0.004577,0.000000,0.000000,0.000000,0.000000,0,0,0,0,0,0,0,0,0,0,0,0.045257568359375,-0.010467529296875,0,0,0,0,0,0,0,0,Object notstarted,Object notstarted,Object notstarted,Object notstarted,Object notstarted,Object notstarted,Object notstarted,Object notstarted,Object notstarted
2024-02-19 19:06:41,553.553,__main___datalogs,INFO,JoyConState.GO_HOME,0.000000,0.000000,0.000000,0.096125,-0.004577,0.000000,0.004577,0.000000,0.000000,0.000000,0.000000,0,0,0,0,0,0,0,0,0,0,0,0.045257568359375,-0.010467529296875,0,0,0,0,0,0,0,0,Object notstarted,Object notstarted,Object notstarted,Object notstarted,Object notstarted,Object notstarted,Object notstarted,Object notstarted,Object notstarted
2024-02-19 19:06:41,596.596,__main___datalogs,INFO,JoyConState.GO_HOME,0.000000,0.000000,0.000000,0.096125,-0.009155,0.002289,0.000000,0.000000,0.000000,0.000000,0.000000,0,0,0,0,0,0,0,0,0,0,0,0.045257568359375,-0.010467529296875,0,0,0,0,0,0,0,0,Object notstarted,Object notstarted,Object notstarted,Object notstarted,Object notstarted,Object notstarted,Object notstarted,Object notstarted,Object notstarted
2024-02-19 19:06:41,639.639,__main___datalogs,INFO,JoyConState.GO_HOME,0.000000,0.000000,0.000000,0.096125,-0.009155,0.002289,0.004577,0.000000,0.000000,0.000000,0.000000,0,0,0,0,0,0,0,0,0,0,0,0.045257568359375,-0.010467529296875,0,0,0,0,0,0,0,0,Object notstarted,Object notstarted,Object notstarted,Object notstarted,Object notstarted,Object notstarted,Object notstarted,Object notstarted,Object notstarted
2024-02-19 19:06:41,680.680,__main___datalogs,INFO,JoyConState.GO_HOME,0.000000,0.000000,0.000000,0.096125,-0.009155,0.002289,0.004577,0.000000,0.000000,0.000000,0.000000,0,0,0,0,0,0,0,0,0,0,0,0.045257568359375,-0.010467529296875,0,0,0,0,0,0,0,0,Object notstarted,Object notstarted,Object notstarted,Object notstarted,Object notstarted,Object notstarted,Object notstarted,Object notstarted,Object notstarted
2024-02-19 19:06:41,721.721,__main___datalogs,INFO,JoyConState.GO_HOME,0.000000,0.000000,0.000000,0.091547,-0.011444,0.002289,0.004577,0.000000,0.000000,0.000000,0.000000,0,0,0,0,0,0,0,0,0,0,0,0.045257568359375,-0.010467529296875,0,0,0,0,0,0,0,0,Object notstarted,Object notstarted,Object notstarted,Object notstarted,Object notstarted,Object notstarted,Object notstarted,Object notstarted,Object notstarted
2024-02-19 19:06:41,763.763,__main___datalogs,INFO,JoyConState.GO_HOME,0.000000,0.000000,0.000000,0.091547,-0.004577,0.000000,0.004577,0.000000,0.000000,0.000000,0.000000,0,0,0,0,0,0,0,0,0,0,0,0.045257568359375,-0.010467529296875,0,0,0,0,0,0,0,0,Object notstarted,Object notstarted,Object notstarted,Object notstarted,Object notstarted,Object notstarted,Object notstarted,Object notstarted,Object notstarted
2024-02-19 19:06:41,806.806,__main___datalogs,INFO,JoyConState.GO_HOME,0.000000,0.000000,0.000000,0.091547,-0.009155,-0.006866,0.004577,0.000000,0.000000,0.000000,0.000000,0,0,0,0,0,0,0,0,0,0,0,0.045257568359375,-0.010467529296875,0,0,0,0,0,0,0,0,Object notstarted,Object notstarted,Object notstarted,Object notstarted,Object notstarted,Object notstarted,Object notstarted,Object notstarted,Object notstarted
2024-02-19 19:06:41,849.849,__main___datalogs,INFO,JoyConState.GO_HOME,0.000000,0.000000,0.000000,0.091547,-0.009155,0.002289,0.000000,0.000000,0.000000,0.000000,0.000000,0,0,0,0,0,0,0,0,0,0,0,0.045257568359375,-0.010467529296875,0,0,0,0,0,0,0,0,Object notstarted,Object notstarted,Object notstarted,Object notstarted,Object notstarted,Object notstarted,Object notstarted,Object notstarted,Object notstarted
2024-02-19 19:06:41,892.892,__main___datalogs,INFO,JoyConState.GO_HOME,0.000000,0.000000,0.000000,0.091547,-0.009155,0.002289,0.004577,0.000000,0.000000,0.000000,0.000000,0,0,0,0,0,0,0,0,0,0,0,0.045257568359375,-0.010467529296875,0,0,0,0,0,0,0,0,Object notstarted,Object notstarted,Object notstarted,Object notstarted,Object notstarted,Object notstarted,Object notstarted,Object notstarted,Object notstarted
2024-02-19 19:06:41,932.932,__main___datalogs,INFO,JoyConState.GO_HOME,0.000000,0.000000,0.000000,0.096125,-0.004577,0.002289,0.004577,0.000000,0.000000,0.000000,0.000000,0,0,0,0,0,0,0,0,0,0,0,0.045257568359375,-0.010467529296875,0,0,0,0,0,0,0,0,Object notstarted,Object notstarted,Object notstarted,Object notstarted,Object notstarted,Object notstarted,Object notstarted,Object notstarted,Object notstarted
2024-02-19 19:06:41,975.975,__main___datalogs,INFO,JoyConState.GO_HOME,0.000000,0.000000,0.000000,0.096125,-0.004577,0.000000,0.004577,0.000000,0.000000,0.000000,0.000000,0,0,0,0,0,0,0,0,0,0,0,0.045257568359375,-0.010467529296875,0,0,0,0,0,0,0,0,Object notstarted,Object notstarted,Object notstarted,Object notstarted,Object notstarted,Object notstarted,Object notstarted,Object notstarted,Object notstarted
2024-02-19 19:06:42,015.015,__main___datalogs,INFO,JoyConState.GO_HOME,0.000000,0.000000,0.000000,0.096125,0.000000,0.000000,0.004577,0.000000,0.000000,0.000000,0.000000,0,0,0,0,0,0,0,0,0,0,0,0.045257568359375,-0.010467529296875,0,0,0,0,0,0,0,0,Object notstarted,Object notstarted,Object notstarted,Object notstarted,Object notstarted,Object notstarted,Object notstarted,Object notstarted,Object notstarted
2024-02-19 19:06:42,058.058,__main___datalogs,INFO,JoyConState.GO_HOME,0.000000,0.000000,0.000000,0.096125,-0.004577,0.002289,0.004577,0.000000,0.000000,0.000000,0.000000,0,0,0,0,0,0,0,0,0,0,0,0.045257568359375,-0.010467529296875,0,0,0,0,0,0,0,0,Object notstarted,Object notstarted,Object notstarted,Object notstarted,Object notstarted,Object notstarted,Object notstarted,Object notstarted,Object notstarted
2024-02-19 19:06:42,100.100,__main___datalogs,INFO,JoyConState.GO_HOME,0.000000,0.000000,0.000000,0.091547,0.000000,0.002289,0.004577,0.000000,0.000000,0.000000,0.000000,0,0,0,0,0,0,0,0,0,0,0,0.045257568359375,-0.010467529296875,0,0,0,0,0,0,0,0,Object notstarted,Object notstarted,Object notstarted,Object notstarted,Object notstarted,Object notstarted,Object notstarted,Object notstarted,Object notstarted
2024-02-19 19:06:42,141.141,__main___datalogs,INFO,JoyConState.GO_HOME,0.000000,0.000000,0.000000,0.091547,-0.009155,0.002289,0.004577,0.000000,0.000000,0.000000,0.000000,0,0,0,0,0,0,0,0,0,0,0,0.045257568359375,-0.010467529296875,0,0,0,0,0,0,0,0,Object notstarted,Object notstarted,Object notstarted,Object notstarted,Object notstarted,Object notstarted,Object notstarted,Object notstarted,Object notstarted
2024-02-19 19:06:42,183.183,__main___datalogs,INFO,JoyConState.GO_HOME,0.000000,0.000000,0.000000,0.091547,-0.009155,0.002289,0.004577,0.000000,0.000000,0.000000,0.000000,0,0,0,0,0,0,0,0,0,0,0,0.045257568359375,-0.010467529296875,0,0,0,0,0,0,0,0,Object notstarted,Object notstarted,Object notstarted,Object notstarted,Object notstarted,Object notstarted,Object notstarted,Object notstarted,Object notstarted
2024-02-19 19:06:42,224.224,__main___datalogs,INFO,JoyConState.GO_HOME,0.000000,0.000000,0.000000,0.091547,-0.009155,0.002289,0.004577,0.000000,0.000000,0.000000,0.000000,0,0,0,0,0,0,0,0,0,0,0,0.045257568359375,-0.010467529296875,0,0,0,0,0,0,0,0,Object notstarted,Object notstarted,Object notstarted,Object notstarted,Object notstarted,Object notstarted,Object notstarted,Object notstarted,Object notstarted
2024-02-19 19:06:42,265.265,__main___datalogs,INFO,JoyConState.GO_HOME,0.000000,0.000000,0.000000,0.091547,-0.009155,0.002289,0.004577,0.000000,0.000000,0.000000,0.000000,0,0,0,0,0,0,0,0,0,0,0,0.045257568359375,-0.010467529296875,0,0,0,0,0,0,0,0,Object notstarted,Object notstarted,Object notstarted,Object notstarted,Object notstarted,Object notstarted,Object notstarted,Object notstarted,Object notstarted
2024-02-19 19:06:42,307.307,__main___datalogs,INFO,JoyConState.GO_HOME,0.000000,0.000000,0.000000,0.098413,-0.009155,0.002289,0.004577,0.000000,0.000000,0.000000,0.000000,0,0,0,0,0,0,0,0,0,0,0,0.045257568359375,-0.010467529296875,0,0,0,0,0,0,0,0,Object notstarted,Object notstarted,Object notstarted,Object notstarted,Object notstarted,Object notstarted,Object notstarted,Object notstarted,Object notstarted
2024-02-19 19:06:42,349.349,__main___datalogs,INFO,JoyConState.GO_HOME,0.000000,0.000000,0.000000,0.096125,-0.011444,0.000000,0.006866,0.000000,0.000000,0.000000,0.000000,0,0,0,0,0,0,0,0,0,0,0,0.045257568359375,-0.010467529296875,0,0,0,0,0,0,0,0,Object notstarted,Object notstarted,Object notstarted,Object notstarted,Object notstarted,Object notstarted,Object notstarted,Object notstarted,Object notstarted
2024-02-19 19:06:42,390.390,__main___datalogs,INFO,JoyConState.GO_HOME,0.000000,0.000000,0.000000,0.096125,-0.011444,0.000000,0.004577,0.000000,0.000000,0.000000,0.000000,0,0,0,0,0,0,0,0,0,0,0,0.045257568359375,-0.010467529296875,0,0,0,0,0,0,0,0,Object notstarted,Object notstarted,Object notstarted,Object notstarted,Object notstarted,Object notstarted,Object notstarted,Object notstarted,Object notstarted
2024-02-19 19:06:42,430.430,__main___datalogs,INFO,JoyConState.GO_HOME,0.000000,0.000000,0.000000,0.096125,-0.004577,0.000000,0.004577,0.000000,0.000000,0.000000,0.000000,0,0,0,0,0,0,0,0,0,0,0,0.045257568359375,-0.010467529296875,0,0,0,0,0,0,0,0,Object notstarted,Object notstarted,Object notstarted,Object notstarted,Object notstarted,Object notstarted,Object notstarted,Object notstarted,Object notstarted
2024-02-19 19:06:42,471.471,__main___datalogs,INFO,JoyConState.GO_HOME,0.000000,0.000000,0.000000,0.096125,-0.009155,0.000000,0.004577,0.000000,0.000000,0.000000,0.000000,0,0,0,0,0,0,0,0,0,0,0,0.045257568359375,-0.010467529296875,0,0,0,0,0,0,0,0,Object notstarted,Object notstarted,Object notstarted,Object notstarted,Object notstarted,Object notstarted,Object notstarted,Object notstarted,Object notstarted
2024-02-19 19:06:42,527.527,__main___datalogs,INFO,JoyConState.GO_HOME,0.000000,0.000000,0.000000,0.091547,-0.011444,0.000000,0.004577,0.000000,0.000000,0.000000,0.000000,0,0,0,0,0,0,0,0,0,0,0,0.045257568359375,-0.010467529296875,0,0,0,0,0,0,0,0,Object notstarted,Object notstarted,Object notstarted,Object notstarted,Object notstarted,Object notstarted,Object notstarted,Object notstarted,Object notstarted
2024-02-19 19:06:42,569.569,__main___datalogs,INFO,JoyConState.GO_HOME,0.000000,0.000000,0.000000,0.091547,-0.009155,0.000000,0.004577,0.000000,0.000000,0.000000,0.000000,0,0,0,0,0,0,0,0,0,0,0,0.045257568359375,-0.010467529296875,0,0,0,0,0,0,0,0,Object notstarted,Object notstarted,Object notstarted,Object notstarted,Object notstarted,Object notstarted,Object notstarted,Object notstarted,Object notstarted
2024-02-19 19:06:42,611.611,__main___datalogs,INFO,JoyConState.GO_HOME,0.000000,0.000000,0.000000,0.091547,-0.004577,0.000000,0.004577,0.000000,0.000000,0.000000,0.000000,0,0,0,0,0,0,0,0,0,0,0,0.045257568359375,-0.010467529296875,0,0,0,0,0,0,0,0,Object notstarted,Object notstarted,Object notstarted,Object notstarted,Object notstarted,Object notstarted,Object notstarted,Object notstarted,Object notstarted
2024-02-19 19:06:42,653.653,__main___datalogs,INFO,JoyConState.GO_HOME,0.000000,0.000000,0.000000,0.091547,-0.009155,0.000000,0.004577,0.000000,0.000000,0.000000,0.000000,0,0,0,0,0,0,0,0,0,0,0,0.045257568359375,-0.010467529296875,0,0,0,0,0,0,0,0,Object notstarted,Object notstarted,Object notstarted,Object notstarted,Object notstarted,Object notstarted,Object notstarted,Object notstarted,Object notstarted
2024-02-19 19:06:42,693.693,__main___datalogs,INFO,JoyConState.GO_HOME,0.000000,0.000000,0.000000,0.096125,-0.009155,0.000000,0.000000,0.000000,0.000000,0.000000,0.000000,0,0,0,0,0,0,0,0,0,0,0,0.045257568359375,-0.010467529296875,0,0,0,0,0,0,0,0,Object notstarted,Object notstarted,Object notstarted,Object notstarted,Object notstarted,Object notstarted,Object notstarted,Object notstarted,Object notstarted
2024-02-19 19:06:42,736.736,__main___datalogs,INFO,JoyConState.GO_HOME,0.000000,0.000000,0.000000,0.096125,-0.004577,0.002289,0.004577,0.000000,0.000000,0.000000,0.000000,0,0,0,0,0,0,0,0,0,0,0,0.045257568359375,-0.010467529296875,0,0,0,0,0,0,0,0,Object notstarted,Object notstarted,Object notstarted,Object notstarted,Object notstarted,Object notstarted,Object notstarted,Object notstarted,Object notstarted
2024-02-19 19:06:42,777.777,__main___datalogs,INFO,JoyConState.GO_HOME,0.000000,0.000000,0.000000,0.096125,-0.004577,0.002289,0.004577,0.000000,0.000000,0.000000,0.000000,0,0,0,0,0,0,0,0,0,0,0,0.045257568359375,-0.010467529296875,0,0,0,0,0,0,0,0,Object notstarted,Object notstarted,Object notstarted,Object notstarted,Object notstarted,Object notstarted,Object notstarted,Object notstarted,Object notstarted
2024-02-19 19:06:42,819.819,__main___datalogs,INFO,JoyConState.GO_HOME,0.000000,0.000000,0.000000,0.091547,-0.009155,0.000000,0.006866,0.000000,0.000000,0.000000,0.000000,0,0,0,0,0,0,0,0,0,0,0,0.045257568359375,-0.010467529296875,0,0,0,0,0,0,0,0,Object notstarted,Object notstarted,Object notstarted,Object notstarted,Object notstarted,Object notstarted,Object notstarted,Object notstarted,Object notstarted
2024-02-19 19:06:42,859.859,__main___datalogs,INFO,JoyConState.GO_HOME,0.000000,0.000000,0.000000,0.091547,-0.004577,0.000000,0.004577,0.000000,0.000000,0.000000,0.000000,0,0,0,0,0,0,0,0,0,0,0,0.045257568359375,-0.010467529296875,0,0,0,0,0,0,0,0,Object notstarted,Object notstarted,Object notstarted,Object notstarted,Object notstarted,Object notstarted,Object notstarted,Object notstarted,Object notstarted
2024-02-19 19:06:42,901.901,__main___datalogs,INFO,JoyConState.GO_HOME,0.000000,0.000000,0.000000,0.091547,0.000000,0.000000,0.004577,0.000000,0.000000,0.000000,0.000000,0,0,0,0,0,0,0,0,0,0,0,0.045257568359375,-0.010467529296875,0,0,0,0,0,0,0,0,Object notstarted,Object notstarted,Object notstarted,Object notstarted,Object notstarted,Object notstarted,Object notstarted,Object notstarted,Object notstarted
2024-02-19 19:06:42,943.943,__main___datalogs,INFO,JoyConState.GO_HOME,0.000000,0.000000,0.000000,0.096125,-0.004577,-0.006866,0.004577,0.000000,0.000000,0.000000,0.000000,0,0,0,0,0,0,0,0,0,0,0,0.045257568359375,-0.010467529296875,0,0,0,0,0,0,0,0,Object notstarted,Object notstarted,Object notstarted,Object notstarted,Object notstarted,Object notstarted,Object notstarted,Object notstarted,Object notstarted
2024-02-19 19:06:42,985.985,__main___datalogs,INFO,JoyConState.GO_HOME,0.000000,0.000000,0.000000,0.091547,-0.009155,0.000000,0.004577,0.000000,0.000000,0.000000,0.000000,0,0,0,0,0,0,0,0,0,0,0,0.045257568359375,-0.010467529296875,0,0,0,0,0,0,0,0,Object notstarted,Object notstarted,Object notstarted,Object notstarted,Object notstarted,Object notstarted,Object notstarted,Object notstarted,Object notstarted
2024-02-19 19:06:43,025.025,__main___datalogs,INFO,JoyConState.GO_HOME,0.000000,0.000000,0.000000,0.091547,-0.004577,0.002289,0.004577,0.000000,0.000000,0.000000,0.000000,0,0,0,0,0,0,0,0,0,0,0,0.045257568359375,-0.010467529296875,0,0,0,0,0,0,0,0,Object notstarted,Object notstarted,Object notstarted,Object notstarted,Object notstarted,Object notstarted,Object notstarted,Object notstarted,Object notstarted
2024-02-19 19:06:43,067.067,__main___datalogs,INFO,JoyConState.GO_HOME,0.000000,0.000000,0.000000,0.091547,0.000000,0.002289,0.004577,0.000000,0.000000,0.000000,0.000000,0,0,0,0,0,0,0,0,0,0,0,0.045257568359375,-0.010467529296875,0,0,0,0,0,0,0,0,Object notstarted,Object notstarted,Object notstarted,Object notstarted,Object notstarted,Object notstarted,Object notstarted,Object notstarted,Object notstarted
2024-02-19 19:06:43,104.104,__main___datalogs,INFO,JoyConState.GO_HOME,0.000000,0.000000,0.000000,0.091547,-0.004577,0.002289,0.004577,0.000000,0.000000,0.000000,0.000000,0,0,0,0,0,0,0,0,0,0,0,0.045257568359375,-0.010467529296875,0,0,0,0,0,0,0,0,Object notstarted,Object notstarted,Object notstarted,Object notstarted,Object notstarted,Object notstarted,Object notstarted,Object notstarted,Object notstarted
2024-02-19 19:06:43,145.145,__main___datalogs,INFO,JoyConState.GO_HOME,0.000000,0.000000,0.000000,0.091547,-0.004577,0.002289,0.000000,0.000000,0.000000,0.000000,0.000000,0,0,0,0,0,0,0,0,0,0,0,0.045257568359375,-0.010467529296875,0,0,0,0,0,0,0,0,Object notstarted,Object notstarted,Object notstarted,Object notstarted,Object notstarted,Object notstarted,Object notstarted,Object notstarted,Object notstarted
2024-02-19 19:06:43,185.185,__main___datalogs,INFO,JoyConState.GO_HOME,0.000000,0.000000,0.000000,0.091547,-0.004577,0.002289,0.004577,0.000000,0.000000,0.000000,0.000000,0,0,0,0,0,0,0,0,0,0,0,0.045257568359375,-0.010467529296875,0,0,0,0,0,0,0,0,Object notstarted,Object notstarted,Object notstarted,Object notstarted,Object notstarted,Object notstarted,Object notstarted,Object notstarted,Object notstarted
2024-02-19 19:06:43,227.227,__main___datalogs,INFO,JoyConState.GO_HOME,0.000000,0.000000,0.000000,0.096125,-0.009155,0.000000,0.004577,0.000000,0.000000,0.000000,0.000000,0,0,0,0,0,0,0,0,0,0,0,0.045257568359375,-0.010467529296875,0,0,0,0,0,0,0,0,Object notstarted,Object notstarted,Object notstarted,Object notstarted,Object notstarted,Object notstarted,Object notstarted,Object notstarted,Object notstarted
2024-02-19 19:06:43,268.268,__main___datalogs,INFO,JoyConState.GO_HOME,0.000000,0.000000,0.000000,0.096125,-0.004577,0.000000,0.004577,0.000000,0.000000,0.000000,0.000000,0,0,0,0,0,0,0,0,0,0,0,0.045257568359375,-0.010467529296875,0,0,0,0,0,0,0,0,Object notstarted,Object notstarted,Object notstarted,Object notstarted,Object notstarted,Object notstarted,Object notstarted,Object notstarted,Object notstarted
2024-02-19 19:06:43,309.309,__main___datalogs,INFO,JoyConState.GO_HOME,0.000000,0.000000,0.000000,0.091547,-0.009155,0.000000,0.004577,0.000000,0.000000,0.000000,0.000000,0,0,0,0,0,0,0,0,0,0,0,0.045257568359375,-0.010467529296875,0,0,0,0,0,0,0,0,Object notstarted,Object notstarted,Object notstarted,Object notstarted,Object notstarted,Object notstarted,Object notstarted,Object notstarted,Object notstarted
2024-02-19 19:06:43,349.349,__main___datalogs,INFO,JoyConState.GO_HOME,0.000000,0.000000,0.000000,0.091547,-0.004577,0.000000,0.004577,0.000000,0.000000,0.000000,0.000000,0,0,0,0,0,0,0,0,0,0,0,0.045257568359375,-0.010467529296875,0,0,0,0,0,0,0,0,Object notstarted,Object notstarted,Object notstarted,Object notstarted,Object notstarted,Object notstarted,Object notstarted,Object notstarted,Object notstarted
2024-02-19 19:06:43,392.392,__main___datalogs,INFO,JoyConState.GO_HOME,0.000000,0.000000,0.000000,0.091547,-0.009155,0.002289,0.006866,0.000000,0.000000,0.000000,0.000000,0,0,0,0,0,0,0,0,0,0,0,0.045257568359375,-0.010467529296875,0,0,0,0,0,0,0,0,Object notstarted,Object notstarted,Object notstarted,Object notstarted,Object notstarted,Object notstarted,Object notstarted,Object notstarted,Object notstarted
2024-02-19 19:06:43,431.431,__main___datalogs,INFO,JoyConState.GO_HOME,0.000000,0.000000,0.000000,0.096125,-0.011444,0.002289,0.004577,0.000000,0.000000,0.000000,0.000000,0,0,0,0,0,0,0,0,0,0,0,0.045257568359375,-0.010467529296875,0,0,0,0,0,0,0,0,Object notstarted,Object notstarted,Object notstarted,Object notstarted,Object notstarted,Object notstarted,Object notstarted,Object notstarted,Object notstarted
2024-02-19 19:06:43,473.473,__main___datalogs,INFO,JoyConState.GO_HOME,0.000000,0.000000,0.000000,0.096125,-0.016021,0.002289,0.004577,0.000000,0.000000,0.000000,0.000000,0,0,0,0,0,0,0,0,0,0,0,0.045257568359375,-0.010467529296875,0,0,0,0,0,0,0,0,Object notstarted,Object notstarted,Object notstarted,Object notstarted,Object notstarted,Object notstarted,Object notstarted,Object notstarted,Object notstarted
2024-02-19 19:06:43,512.512,__main___datalogs,INFO,JoyConState.GO_HOME,0.000000,0.000000,0.000000,0.091547,-0.011444,0.000000,0.004577,0.000000,0.000000,0.000000,0.000000,0,0,0,0,0,0,0,0,0,0,0,0.045257568359375,-0.010467529296875,0,0,0,0,0,0,0,0,Object notstarted,Object notstarted,Object notstarted,Object notstarted,Object notstarted,Object notstarted,Object notstarted,Object notstarted,Object notstarted
2024-02-19 19:06:43,554.554,__main___datalogs,INFO,JoyConState.GO_HOME,0.000000,0.000000,0.000000,0.091547,-0.004577,0.000000,0.004577,0.000000,0.000000,0.000000,0.000000,0,0,0,0,0,0,0,0,0,0,0,0.045257568359375,-0.010467529296875,0,0,0,0,0,0,0,0,Object notstarted,Object notstarted,Object notstarted,Object notstarted,Object notstarted,Object notstarted,Object notstarted,Object notstarted,Object notstarted
2024-02-19 19:06:43,617.617,__main___datalogs,INFO,JoyConState.GO_HOME,0.000000,0.000000,0.000000,0.091547,-0.009155,0.000000,0.004577,0.000000,0.000000,0.000000,0.000000,0,0,0,0,0,0,0,0,0,0,0,0.045257568359375,-0.010467529296875,0,0,0,0,0,0,0,0,Object notstarted,Object notstarted,Object notstarted,Object notstarted,Object notstarted,Object notstarted,Object notstarted,Object notstarted,Object notstarted
2024-02-19 19:06:43,660.660,__main___datalogs,INFO,JoyConState.GO_HOME,0.000000,0.000000,0.000000,0.091547,-0.009155,0.000000,0.004577,0.000000,0.000000,0.000000,0.000000,0,0,0,0,0,0,0,0,0,0,0,0.045257568359375,-0.010467529296875,0,0,0,0,0,0,0,0,Object notstarted,Object notstarted,Object notstarted,Object notstarted,Object notstarted,Object notstarted,Object notstarted,Object notstarted,Object notstarted
2024-02-19 19:06:43,702.702,__main___datalogs,INFO,JoyConState.GO_HOME,0.000000,0.000000,0.000000,0.091547,-0.009155,0.000000,0.000000,0.000000,0.000000,0.000000,0.000000,0,0,0,0,0,0,0,0,0,0,0,0.045257568359375,-0.010467529296875,0,0,0,0,0,0,0,0,Object notstarted,Object notstarted,Object notstarted,Object notstarted,Object notstarted,Object notstarted,Object notstarted,Object notstarted,Object notstarted
2024-02-19 19:06:43,742.742,__main___datalogs,INFO,JoyConState.GO_HOME,0.000000,0.000000,0.000000,0.096125,0.000000,0.002289,0.000000,0.000000,0.000000,0.000000,0.000000,0,0,0,0,0,0,0,0,0,0,0,0.045257568359375,-0.010467529296875,0,0,0,0,0,0,0,0,Object notstarted,Object notstarted,Object notstarted,Object notstarted,Object notstarted,Object notstarted,Object notstarted,Object notstarted,Object notstarted
2024-02-19 19:06:43,783.783,__main___datalogs,INFO,JoyConState.GO_HOME,0.000000,0.000000,0.000000,0.091547,0.000000,0.000000,0.004577,0.000000,0.000000,0.000000,0.000000,0,0,0,0,0,0,0,0,0,0,0,0.045257568359375,-0.010467529296875,0,0,0,0,0,0,0,0,Object notstarted,Object notstarted,Object notstarted,Object notstarted,Object notstarted,Object notstarted,Object notstarted,Object notstarted,Object notstarted
2024-02-19 19:06:43,826.826,__main___datalogs,INFO,JoyConState.GO_HOME,0.000000,0.000000,0.000000,0.091547,0.000000,0.000000,0.004577,0.000000,0.000000,0.000000,0.000000,0,0,0,0,0,0,0,0,0,0,0,0.045257568359375,-0.010467529296875,0,0,0,0,0,0,0,0,Object notstarted,Object notstarted,Object notstarted,Object notstarted,Object notstarted,Object notstarted,Object notstarted,Object notstarted,Object notstarted
2024-02-19 19:06:43,867.867,__main___datalogs,INFO,JoyConState.GO_HOME,0.000000,0.000000,0.000000,0.091547,-0.009155,0.000000,0.004577,0.000000,0.000000,0.000000,0.000000,0,0,0,0,0,0,0,0,0,0,0,0.045257568359375,-0.010467529296875,0,0,0,0,0,0,0,0,Object notstarted,Object notstarted,Object notstarted,Object notstarted,Object notstarted,Object notstarted,Object notstarted,Object notstarted,Object notstarted
2024-02-19 19:06:43,910.910,__main___datalogs,INFO,JoyConState.GO_HOME,0.000000,0.000000,0.000000,0.091547,-0.009155,0.000000,0.004577,0.000000,0.000000,0.000000,0.000000,0,0,0,0,0,0,0,0,0,0,0,0.045257568359375,-0.010467529296875,0,0,0,0,0,0,0,0,Object notstarted,Object notstarted,Object notstarted,Object notstarted,Object notstarted,Object notstarted,Object notstarted,Object notstarted,Object notstarted
2024-02-19 19:06:43,950.950,__main___datalogs,INFO,JoyConState.GO_HOME,0.000000,0.000000,0.000000,0.091547,-0.009155,-0.006866,0.004577,0.000000,0.000000,0.000000,0.000000,0,0,0,0,0,0,0,0,0,0,0,0.045257568359375,-0.010467529296875,0,0,0,0,0,0,0,0,Object notstarted,Object notstarted,Object notstarted,Object notstarted,Object notstarted,Object notstarted,Object notstarted,Object notstarted,Object notstarted
2024-02-19 19:06:43,991.991,__main___datalogs,INFO,JoyConState.GO_HOME,0.000000,0.000000,0.000000,0.091547,-0.009155,0.000000,0.004577,0.000000,0.000000,0.000000,0.000000,0,0,0,0,0,0,0,0,0,0,0,0.045257568359375,-0.010467529296875,0,0,0,0,0,0,0,0,Object notstarted,Object notstarted,Object notstarted,Object notstarted,Object notstarted,Object notstarted,Object notstarted,Object notstarted,Object notstarted
2024-02-19 19:06:44,032.032,__main___datalogs,INFO,JoyConState.GO_HOME,0.000000,0.000000,0.000000,0.091547,-0.004577,0.000000,0.004577,0.000000,0.000000,0.000000,0.000000,0,0,0,0,0,0,0,0,0,0,0,0.045257568359375,-0.010467529296875,0,0,0,0,0,0,0,0,Object notstarted,Object notstarted,Object notstarted,Object notstarted,Object notstarted,Object notstarted,Object notstarted,Object notstarted,Object notstarted
2024-02-19 19:06:44,074.074,__main___datalogs,INFO,JoyConState.GO_HOME,0.000000,0.000000,0.000000,0.091547,-0.004577,0.002289,0.004577,0.000000,0.000000,0.000000,0.000000,0,0,0,0,0,0,0,0,0,0,0,0.045257568359375,-0.010467529296875,0,0,0,0,0,0,0,0,Object notstarted,Object notstarted,Object notstarted,Object notstarted,Object notstarted,Object notstarted,Object notstarted,Object notstarted,Object notstarted
2024-02-19 19:06:44,115.115,__main___datalogs,INFO,JoyConState.GO_HOME,0.000000,0.000000,0.000000,0.091547,-0.009155,0.002289,0.004577,0.000000,0.000000,0.000000,0.000000,0,0,0,0,0,0,0,0,0,0,0,0.045257568359375,-0.010467529296875,0,0,0,0,0,0,0,0,Object notstarted,Object notstarted,Object notstarted,Object notstarted,Object notstarted,Object notstarted,Object notstarted,Object notstarted,Object notstarted
2024-02-19 19:06:44,158.158,__main___datalogs,INFO,JoyConState.GO_HOME,0.000000,0.000000,0.000000,0.091547,-0.009155,0.002289,0.006866,0.000000,0.000000,0.000000,0.000000,0,0,0,0,0,0,0,0,0,0,0,0.045257568359375,-0.010467529296875,0,0,0,0,0,0,0,0,Object notstarted,Object notstarted,Object notstarted,Object notstarted,Object notstarted,Object notstarted,Object notstarted,Object notstarted,Object notstarted
2024-02-19 19:06:44,198.198,__main___datalogs,INFO,JoyConState.GO_HOME,0.000000,0.000000,0.000000,0.091547,-0.009155,0.002289,0.000000,0.000000,0.000000,0.000000,0.000000,0,0,0,0,0,0,0,0,0,0,0,0.045257568359375,-0.010467529296875,0,0,0,0,0,0,0,0,Object notstarted,Object notstarted,Object notstarted,Object notstarted,Object notstarted,Object notstarted,Object notstarted,Object notstarted,Object notstarted
2024-02-19 19:06:44,240.240,__main___datalogs,INFO,JoyConState.GO_HOME,0.000000,0.000000,0.000000,0.091547,-0.004577,0.002289,0.000000,0.000000,0.000000,0.000000,0.000000,0,0,0,0,0,0,0,0,0,0,0,0.045257568359375,-0.010467529296875,0,0,0,0,0,0,0,0,Object notstarted,Object notstarted,Object notstarted,Object notstarted,Object notstarted,Object notstarted,Object notstarted,Object notstarted,Object notstarted
2024-02-19 19:06:44,282.282,__main___datalogs,INFO,JoyConState.GO_HOME,0.000000,0.000000,0.000000,0.091547,-0.004577,0.000000,0.004577,0.000000,0.000000,0.000000,0.000000,0,0,0,0,0,0,0,0,0,0,0,0.045257568359375,-0.010467529296875,0,0,0,0,0,0,0,0,Object notstarted,Object notstarted,Object notstarted,Object notstarted,Object notstarted,Object notstarted,Object notstarted,Object notstarted,Object notstarted
2024-02-19 19:06:44,325.325,__main___datalogs,INFO,JoyConState.GO_HOME,0.000000,0.000000,0.000000,0.096125,-0.004577,0.000000,0.004577,0.000000,0.000000,0.000000,0.000000,0,0,0,0,0,0,0,0,0,0,0,0.045257568359375,-0.010467529296875,0,0,0,0,0,0,0,0,Object notstarted,Object notstarted,Object notstarted,Object notstarted,Object notstarted,Object notstarted,Object notstarted,Object notstarted,Object notstarted
2024-02-19 19:06:44,365.365,__main___datalogs,INFO,JoyConState.GO_HOME,0.000000,0.000000,0.000000,0.091547,-0.009155,0.002289,0.004577,0.000000,0.000000,0.000000,0.000000,0,0,0,0,0,0,0,0,0,0,0,0.045257568359375,-0.010467529296875,0,0,0,0,0,0,0,0,Object notstarted,Object notstarted,Object notstarted,Object notstarted,Object notstarted,Object notstarted,Object notstarted,Object notstarted,Object notstarted
2024-02-19 19:06:44,407.407,__main___datalogs,INFO,JoyConState.GO_HOME,0.000000,0.000000,0.000000,0.091547,-0.011444,0.002289,0.000000,0.000000,0.000000,0.000000,0.000000,0,0,0,0,0,0,0,0,0,0,0,0.045257568359375,-0.010467529296875,0,0,0,0,0,0,0,0,Object notstarted,Object notstarted,Object notstarted,Object notstarted,Object notstarted,Object notstarted,Object notstarted,Object notstarted,Object notstarted
2024-02-19 19:06:44,447.447,__main___datalogs,INFO,JoyConState.GO_HOME,0.000000,0.000000,0.000000,0.098413,-0.009155,0.000000,0.000000,0.000000,0.000000,0.000000,0.000000,0,0,0,0,0,0,0,0,0,0,0,0.045257568359375,-0.010467529296875,0,0,0,0,0,0,0,0,Object notstarted,Object notstarted,Object notstarted,Object notstarted,Object notstarted,Object notstarted,Object notstarted,Object notstarted,Object notstarted
2024-02-19 19:06:44,490.490,__main___datalogs,INFO,JoyConState.GO_HOME,0.000000,0.000000,0.000000,0.098413,-0.004577,0.000000,0.000000,0.000000,0.000000,0.000000,0.000000,0,0,0,0,0,0,0,0,0,0,0,0.045257568359375,-0.010467529296875,0,0,0,0,0,0,0,0,Object notstarted,Object notstarted,Object notstarted,Object notstarted,Object notstarted,Object notstarted,Object notstarted,Object notstarted,Object notstarted
2024-02-19 19:06:44,531.531,__main___datalogs,INFO,JoyConState.GO_HOME,0.000000,0.000000,0.000000,0.091547,-0.009155,0.000000,0.004577,0.000000,0.000000,0.000000,0.000000,0,0,0,0,0,0,0,0,0,0,0,0.045257568359375,-0.010467529296875,0,0,0,0,0,0,0,0,Object notstarted,Object notstarted,Object notstarted,Object notstarted,Object notstarted,Object notstarted,Object notstarted,Object notstarted,Object notstarted
2024-02-19 19:06:44,573.573,__main___datalogs,INFO,JoyConState.GO_HOME,0.000000,0.000000,0.000000,0.091547,-0.009155,0.000000,0.004577,0.000000,0.000000,0.000000,0.000000,0,0,0,0,0,0,0,0,0,0,0,0.045257568359375,-0.010467529296875,0,0,0,0,0,0,0,0,Object notstarted,Object notstarted,Object notstarted,Object notstarted,Object notstarted,Object notstarted,Object notstarted,Object notstarted,Object notstarted
2024-02-19 19:06:44,615.615,__main___datalogs,INFO,JoyConState.GO_HOME,0.000000,0.000000,0.000000,0.091547,-0.009155,0.000000,0.004577,0.000000,0.000000,0.000000,0.000000,0,0,0,0,0,0,0,0,0,0,0,0.045257568359375,-0.010467529296875,0,0,0,0,0,0,0,0,Object notstarted,Object notstarted,Object notstarted,Object notstarted,Object notstarted,Object notstarted,Object notstarted,Object notstarted,Object notstarted
2024-02-19 19:06:44,657.657,__main___datalogs,INFO,JoyConState.GO_HOME,0.000000,0.000000,0.000000,0.091547,-0.009155,0.002289,0.004577,0.000000,0.000000,0.000000,0.000000,0,0,0,0,0,0,0,0,0,0,0,0.045257568359375,-0.010467529296875,0,0,0,0,0,0,0,0,Object notstarted,Object notstarted,Object notstarted,Object notstarted,Object notstarted,Object notstarted,Object notstarted,Object notstarted,Object notstarted
2024-02-19 19:06:44,696.696,__main___datalogs,INFO,JoyConState.GO_HOME,0.000000,0.000000,0.000000,0.091547,-0.004577,0.002289,0.004577,0.000000,0.000000,0.000000,0.000000,0,0,0,0,0,0,0,0,0,0,0,0.045257568359375,-0.010467529296875,0,0,0,0,0,0,0,0,Object notstarted,Object notstarted,Object notstarted,Object notstarted,Object notstarted,Object notstarted,Object notstarted,Object notstarted,Object notstarted
2024-02-19 19:06:44,738.738,__main___datalogs,INFO,JoyConState.GO_HOME,0.000000,0.000000,0.000000,0.096125,-0.004577,0.000000,0.004577,0.000000,0.000000,0.000000,0.000000,0,0,0,0,0,0,0,0,0,0,0,0.045257568359375,-0.010467529296875,0,0,0,0,0,0,0,0,Object notstarted,Object notstarted,Object notstarted,Object notstarted,Object notstarted,Object notstarted,Object notstarted,Object notstarted,Object notstarted
2024-02-19 19:06:44,778.778,__main___datalogs,INFO,JoyConState.GO_HOME,0.000000,0.000000,0.000000,0.096125,-0.009155,0.000000,0.004577,0.000000,0.000000,0.000000,0.000000,0,0,0,0,0,0,0,0,0,0,0,0.045257568359375,-0.010467529296875,0,0,0,0,0,0,0,0,Object notstarted,Object notstarted,Object notstarted,Object notstarted,Object notstarted,Object notstarted,Object notstarted,Object notstarted,Object notstarted
2024-02-19 19:06:44,820.820,__main___datalogs,INFO,JoyConState.GO_HOME,0.000000,0.000000,0.000000,0.096125,-0.004577,0.000000,0.004577,0.000000,0.000000,0.000000,0.000000,0,0,0,0,0,0,0,0,0,0,0,0.045257568359375,-0.010467529296875,0,0,0,0,0,0,0,0,Object notstarted,Object notstarted,Object notstarted,Object notstarted,Object notstarted,Object notstarted,Object notstarted,Object notstarted,Object notstarted
2024-02-19 19:06:44,860.860,__main___datalogs,INFO,JoyConState.GO_HOME,0.000000,0.000000,0.000000,0.096125,-0.009155,0.000000,0.004577,0.000000,0.000000,0.000000,0.000000,0,0,0,0,0,0,0,0,0,0,0,0.045257568359375,-0.010467529296875,0,0,0,0,0,0,0,0,Object notstarted,Object notstarted,Object notstarted,Object notstarted,Object notstarted,Object notstarted,Object notstarted,Object notstarted,Object notstarted
2024-02-19 19:06:44,900.900,__main___datalogs,INFO,JoyConState.GO_HOME,0.000000,0.000000,0.000000,0.091547,-0.004577,0.000000,0.004577,0.000000,0.000000,0.000000,0.000000,0,0,0,0,0,0,0,0,0,0,0,0.045257568359375,-0.010467529296875,0,0,0,0,0,0,0,0,Object notstarted,Object notstarted,Object notstarted,Object notstarted,Object notstarted,Object notstarted,Object notstarted,Object notstarted,Object notstarted
2024-02-19 19:06:44,941.941,__main___datalogs,INFO,JoyConState.GO_HOME,0.000000,0.000000,0.000000,0.091547,-0.009155,0.002289,0.004577,0.000000,0.000000,0.000000,0.000000,0,0,0,0,0,0,0,0,0,0,0,0.045257568359375,-0.010467529296875,0,0,0,0,0,0,0,0,Object notstarted,Object notstarted,Object notstarted,Object notstarted,Object notstarted,Object notstarted,Object notstarted,Object notstarted,Object notstarted
2024-02-19 19:06:44,984.984,__main___datalogs,INFO,JoyConState.GO_HOME,0.000000,0.000000,0.000000,0.096125,-0.009155,0.002289,0.004577,0.000000,0.000000,0.000000,0.000000,0,0,0,0,0,0,0,0,0,0,0,0.045257568359375,-0.010467529296875,0,0,0,0,0,0,0,0,Object notstarted,Object notstarted,Object notstarted,Object notstarted,Object notstarted,Object notstarted,Object notstarted,Object notstarted,Object notstarted
2024-02-19 19:06:45,024.024,__main___datalogs,INFO,JoyConState.GO_HOME,0.000000,0.000000,0.000000,0.091547,-0.009155,0.000000,0.004577,0.000000,0.000000,0.000000,0.000000,0,0,0,0,0,0,0,0,0,0,0,0.045257568359375,-0.010467529296875,0,0,0,0,0,0,0,0,Object notstarted,Object notstarted,Object notstarted,Object notstarted,Object notstarted,Object notstarted,Object notstarted,Object notstarted,Object notstarted
2024-02-19 19:06:45,064.064,__main___datalogs,INFO,JoyConState.GO_HOME,0.000000,0.000000,0.000000,0.096125,-0.011444,0.000000,0.004577,0.000000,0.000000,0.000000,0.000000,0,0,0,0,0,0,0,0,0,0,0,0.045257568359375,-0.010467529296875,0,0,0,0,0,0,0,0,Object notstarted,Object notstarted,Object notstarted,Object notstarted,Object notstarted,Object notstarted,Object notstarted,Object notstarted,Object notstarted
2024-02-19 19:06:45,105.105,__main___datalogs,INFO,JoyConState.GO_HOME,0.000000,0.000000,0.000000,0.096125,-0.009155,0.000000,0.004577,0.000000,0.000000,0.000000,0.000000,0,0,0,0,0,0,0,0,0,0,0,0.045257568359375,-0.010467529296875,0,0,0,0,0,0,0,0,Object notstarted,Object notstarted,Object notstarted,Object notstarted,Object notstarted,Object notstarted,Object notstarted,Object notstarted,Object notstarted
2024-02-19 19:06:45,146.146,__main___datalogs,INFO,JoyConState.GO_HOME,0.000000,0.000000,0.000000,0.096125,-0.004577,0.002289,0.004577,0.000000,0.000000,0.000000,0.000000,0,0,0,0,0,0,0,0,0,0,0,0.045257568359375,-0.010467529296875,0,0,0,0,0,0,0,0,Object notstarted,Object notstarted,Object notstarted,Object notstarted,Object notstarted,Object notstarted,Object notstarted,Object notstarted,Object notstarted
2024-02-19 19:06:45,185.185,__main___datalogs,INFO,JoyConState.GO_HOME,0.000000,0.000000,0.000000,0.096125,-0.004577,0.002289,0.004577,0.000000,0.000000,0.000000,0.000000,0,0,0,0,0,0,0,0,0,0,0,0.045257568359375,-0.010467529296875,0,0,0,0,0,0,0,0,Object notstarted,Object notstarted,Object notstarted,Object notstarted,Object notstarted,Object notstarted,Object notstarted,Object notstarted,Object notstarted
2024-02-19 19:06:45,227.227,__main___datalogs,INFO,JoyConState.GO_HOME,0.000000,0.000000,0.000000,0.091547,-0.009155,0.000000,0.004577,0.000000,0.000000,0.000000,0.000000,0,0,0,0,0,0,0,0,0,0,0,0.045257568359375,-0.010467529296875,0,0,0,0,0,0,0,0,Object notstarted,Object notstarted,Object notstarted,Object notstarted,Object notstarted,Object notstarted,Object notstarted,Object notstarted,Object notstarted
2024-02-19 19:06:45,266.266,__main___datalogs,INFO,JoyConState.GO_HOME,0.000000,0.000000,0.000000,0.091547,-0.004577,0.000000,0.004577,0.000000,0.000000,0.000000,0.000000,0,0,0,0,0,0,0,0,0,0,0,0.045257568359375,-0.010467529296875,0,0,0,0,0,0,0,0,Object notstarted,Object notstarted,Object notstarted,Object notstarted,Object notstarted,Object notstarted,Object notstarted,Object notstarted,Object notstarted
2024-02-19 19:06:45,309.309,__main___datalogs,INFO,JoyConState.GO_HOME,0.000000,0.000000,0.000000,0.091547,0.000000,-0.006866,0.004577,0.000000,0.000000,0.000000,0.000000,0,0,0,0,0,0,0,0,0,0,0,0.045257568359375,-0.010467529296875,0,0,0,0,0,0,0,0,Object notstarted,Object notstarted,Object notstarted,Object notstarted,Object notstarted,Object notstarted,Object notstarted,Object notstarted,Object notstarted
2024-02-19 19:06:45,349.349,__main___datalogs,INFO,JoyConState.GO_HOME,0.000000,0.000000,0.000000,0.091547,0.000000,0.000000,0.004577,0.000000,0.000000,0.000000,0.000000,0,0,0,0,0,0,0,0,0,0,0,0.045257568359375,-0.010467529296875,0,0,0,0,0,0,0,0,Object notstarted,Object notstarted,Object notstarted,Object notstarted,Object notstarted,Object notstarted,Object notstarted,Object notstarted,Object notstarted
2024-02-19 19:06:45,391.391,__main___datalogs,INFO,JoyConState.GO_HOME,0.000000,0.000000,0.000000,0.091547,-0.004577,0.000000,0.004577,0.000000,0.000000,0.000000,0.000000,0,0,0,0,0,0,0,0,0,0,0,0.045257568359375,-0.010467529296875,0,0,0,0,0,0,0,0,Object notstarted,Object notstarted,Object notstarted,Object notstarted,Object notstarted,Object notstarted,Object notstarted,Object notstarted,Object notstarted
2024-02-19 19:06:45,432.432,__main___datalogs,INFO,JoyConState.GO_HOME,0.000000,0.000000,0.000000,0.091547,0.000000,0.002289,0.004577,0.000000,0.000000,0.000000,0.000000,0,0,0,0,0,0,0,0,0,0,0,0.045257568359375,-0.010467529296875,0,0,0,0,0,0,0,0,Object notstarted,Object notstarted,Object notstarted,Object notstarted,Object notstarted,Object notstarted,Object notstarted,Object notstarted,Object notstarted
2024-02-19 19:06:45,474.474,__main___datalogs,INFO,JoyConState.GO_HOME,0.000000,0.000000,0.000000,0.091547,-0.004577,0.002289,0.004577,0.000000,0.000000,0.000000,0.000000,0,0,0,0,0,0,0,0,0,0,0,0.045257568359375,-0.010467529296875,0,0,0,0,0,0,0,0,Object notstarted,Object notstarted,Object notstarted,Object notstarted,Object notstarted,Object notstarted,Object notstarted,Object notstarted,Object notstarted
2024-02-19 19:06:45,513.513,__main___datalogs,INFO,JoyConState.GO_HOME,0.000000,0.000000,0.000000,0.091547,-0.004577,0.002289,0.004577,0.000000,0.000000,0.000000,0.000000,0,0,0,0,0,0,0,0,0,0,0,0.045257568359375,-0.010467529296875,0,0,0,0,0,0,0,0,Object notstarted,Object notstarted,Object notstarted,Object notstarted,Object notstarted,Object notstarted,Object notstarted,Object notstarted,Object notstarted
2024-02-19 19:06:45,555.555,__main___datalogs,INFO,JoyConState.GO_HOME,0.000000,0.000000,0.000000,0.091547,-0.009155,0.002289,0.004577,0.000000,0.000000,0.000000,0.000000,0,0,0,0,0,0,0,0,0,0,0,0.045257568359375,-0.010467529296875,0,0,0,0,0,0,0,0,Object notstarted,Object notstarted,Object notstarted,Object notstarted,Object notstarted,Object notstarted,Object notstarted,Object notstarted,Object notstarted
2024-02-19 19:06:45,595.595,__main___datalogs,INFO,JoyConState.GO_HOME,0.000000,0.000000,0.000000,0.091547,-0.004577,0.000000,0.004577,0.000000,0.000000,0.000000,0.000000,0,0,0,0,0,0,0,0,0,0,0,0.045257568359375,-0.010467529296875,0,0,0,0,0,0,0,0,Object notstarted,Object notstarted,Object notstarted,Object notstarted,Object notstarted,Object notstarted,Object notstarted,Object notstarted,Object notstarted
2024-02-19 19:06:45,639.639,__main___datalogs,INFO,JoyConState.GO_HOME,0.000000,0.000000,0.000000,0.091547,-0.004577,-0.006866,0.004577,0.000000,0.000000,0.000000,0.000000,0,0,0,0,0,0,0,0,0,0,0,0.045257568359375,-0.010467529296875,0,0,0,0,0,0,0,0,Object notstarted,Object notstarted,Object notstarted,Object notstarted,Object notstarted,Object notstarted,Object notstarted,Object notstarted,Object notstarted
2024-02-19 19:06:45,679.679,__main___datalogs,INFO,JoyConState.GO_HOME,0.000000,0.000000,0.000000,0.091547,-0.009155,0.000000,0.004577,0.000000,0.000000,0.000000,0.000000,0,0,0,0,0,0,0,0,0,0,0,0.045257568359375,-0.010467529296875,0,0,0,0,0,0,0,0,Object notstarted,Object notstarted,Object notstarted,Object notstarted,Object notstarted,Object notstarted,Object notstarted,Object notstarted,Object notstarted
2024-02-19 19:06:45,744.744,__main___datalogs,INFO,JoyConState.GO_HOME,0.000000,0.000000,0.000000,0.091547,-0.011444,0.000000,0.000000,0.000000,0.000000,0.000000,0.000000,0,0,0,0,0,0,0,0,0,0,0,0.045257568359375,-0.010467529296875,0,0,0,0,0,0,0,0,Object notstarted,Object notstarted,Object notstarted,Object notstarted,Object notstarted,Object notstarted,Object notstarted,Object notstarted,Object notstarted
2024-02-19 19:06:45,784.784,__main___datalogs,INFO,JoyConState.GO_HOME,0.000000,0.000000,0.000000,0.091547,-0.004577,0.000000,0.000000,0.000000,0.000000,0.000000,0.000000,0,0,0,0,0,0,0,0,0,0,0,0.045257568359375,-0.010467529296875,0,0,0,0,0,0,0,0,Object notstarted,Object notstarted,Object notstarted,Object notstarted,Object notstarted,Object notstarted,Object notstarted,Object notstarted,Object notstarted
2024-02-19 19:06:45,824.824,__main___datalogs,INFO,JoyConState.GO_HOME,0.000000,0.000000,0.000000,0.096125,-0.009155,0.002289,0.004577,0.000000,0.000000,0.000000,0.000000,0,0,0,0,0,0,0,0,0,0,0,0.045257568359375,-0.010467529296875,0,0,0,0,0,0,0,0,Object notstarted,Object notstarted,Object notstarted,Object notstarted,Object notstarted,Object notstarted,Object notstarted,Object notstarted,Object notstarted
2024-02-19 19:06:45,866.866,__main___datalogs,INFO,JoyConState.GO_HOME,0.000000,0.000000,0.000000,0.096125,-0.009155,0.002289,0.004577,0.000000,0.000000,0.000000,0.000000,0,0,0,0,0,0,0,0,0,0,0,0.045257568359375,-0.010467529296875,0,0,0,0,0,0,0,0,Object notstarted,Object notstarted,Object notstarted,Object notstarted,Object notstarted,Object notstarted,Object notstarted,Object notstarted,Object notstarted
2024-02-19 19:06:45,909.909,__main___datalogs,INFO,JoyConState.GO_HOME,0.000000,0.000000,0.000000,0.096125,-0.004577,0.000000,0.000000,0.000000,0.000000,0.000000,0.000000,0,0,0,0,0,0,0,0,0,0,0,0.045257568359375,-0.010467529296875,0,0,0,0,0,0,0,0,Object notstarted,Object notstarted,Object notstarted,Object notstarted,Object notstarted,Object notstarted,Object notstarted,Object notstarted,Object notstarted
2024-02-19 19:06:45,949.949,__main___datalogs,INFO,JoyConState.GO_HOME,0.000000,0.000000,0.000000,0.091547,-0.004577,0.000000,0.000000,0.000000,0.000000,0.000000,0.000000,0,0,0,0,0,0,0,0,0,0,0,0.045257568359375,-0.010467529296875,0,0,0,0,0,0,0,0,Object notstarted,Object notstarted,Object notstarted,Object notstarted,Object notstarted,Object notstarted,Object notstarted,Object notstarted,Object notstarted
2024-02-19 19:06:45,991.991,__main___datalogs,INFO,JoyConState.GO_HOME,0.000000,0.000000,0.000000,0.091547,-0.004577,0.000000,0.004577,0.000000,0.000000,0.000000,0.000000,0,0,0,0,0,0,0,0,0,0,0,0.045257568359375,-0.010467529296875,0,0,0,0,0,0,0,0,Object notstarted,Object notstarted,Object notstarted,Object notstarted,Object notstarted,Object notstarted,Object notstarted,Object notstarted,Object notstarted
2024-02-19 19:06:46,033.033,__main___datalogs,INFO,JoyConState.GO_HOME,0.000000,0.000000,0.000000,0.091547,-0.004577,0.000000,0.004577,0.000000,0.000000,0.000000,0.000000,0,0,0,0,0,0,0,0,0,0,0,0.045257568359375,-0.010467529296875,0,0,0,0,0,0,0,0,Object notstarted,Object notstarted,Object notstarted,Object notstarted,Object notstarted,Object notstarted,Object notstarted,Object notstarted,Object notstarted
2024-02-19 19:06:46,074.074,__main___datalogs,INFO,JoyConState.GO_HOME,0.000000,0.000000,0.000000,0.091547,-0.004577,0.000000,0.004577,0.000000,0.000000,0.000000,0.000000,0,0,0,0,0,0,0,0,0,0,0,0.045257568359375,-0.010467529296875,0,0,0,0,0,0,0,0,Object notstarted,Object notstarted,Object notstarted,Object notstarted,Object notstarted,Object notstarted,Object notstarted,Object notstarted,Object notstarted
2024-02-19 19:06:46,114.114,__main___datalogs,INFO,JoyConState.GO_HOME,0.000000,0.000000,0.000000,0.091547,0.000000,0.002289,0.004577,0.000000,0.000000,0.000000,0.000000,0,0,0,0,0,0,0,0,0,0,0,0.045257568359375,-0.010467529296875,0,0,0,0,0,0,0,0,Object notstarted,Object notstarted,Object notstarted,Object notstarted,Object notstarted,Object notstarted,Object notstarted,Object notstarted,Object notstarted
2024-02-19 19:06:46,157.157,__main___datalogs,INFO,JoyConState.GO_HOME,0.000000,0.000000,0.000000,0.096125,-0.009155,0.002289,0.004577,0.000000,0.000000,0.000000,0.000000,0,0,0,0,0,0,0,0,0,0,0,0.045257568359375,-0.010467529296875,0,0,0,0,0,0,0,0,Object notstarted,Object notstarted,Object notstarted,Object notstarted,Object notstarted,Object notstarted,Object notstarted,Object notstarted,Object notstarted
2024-02-19 19:06:46,198.198,__main___datalogs,INFO,JoyConState.GO_HOME,0.000000,0.000000,0.000000,0.096125,-0.009155,0.000000,0.004577,0.000000,0.000000,0.000000,0.000000,0,0,0,0,0,0,0,0,0,0,0,0.045257568359375,-0.010467529296875,0,0,0,0,0,0,0,0,Object notstarted,Object notstarted,Object notstarted,Object notstarted,Object notstarted,Object notstarted,Object notstarted,Object notstarted,Object notstarted
2024-02-19 19:06:46,239.239,__main___datalogs,INFO,JoyConState.GO_HOME,0.000000,0.000000,0.000000,0.096125,-0.009155,0.000000,0.000000,0.000000,0.000000,0.000000,0.000000,0,0,0,0,0,0,0,0,0,0,0,0.045257568359375,-0.010467529296875,0,0,0,0,0,0,0,0,Object notstarted,Object notstarted,Object notstarted,Object notstarted,Object notstarted,Object notstarted,Object notstarted,Object notstarted,Object notstarted
2024-02-19 19:06:46,280.280,__main___datalogs,INFO,JoyConState.GO_HOME,0.000000,0.000000,0.000000,0.091547,-0.004577,0.002289,-0.004577,0.000000,0.000000,0.000000,0.000000,0,0,0,0,0,0,0,0,0,0,0,0.045257568359375,-0.010467529296875,0,0,0,0,0,0,0,0,Object notstarted,Object notstarted,Object notstarted,Object notstarted,Object notstarted,Object notstarted,Object notstarted,Object notstarted,Object notstarted
2024-02-19 19:06:46,322.322,__main___datalogs,INFO,JoyConState.GO_HOME,0.000000,0.000000,0.000000,0.091547,0.000000,0.002289,-0.004577,0.000000,0.000000,0.000000,0.000000,0,0,0,0,0,0,0,0,0,0,0,0.045257568359375,-0.010467529296875,0,0,0,0,0,0,0,0,Object notstarted,Object notstarted,Object notstarted,Object notstarted,Object notstarted,Object notstarted,Object notstarted,Object notstarted,Object notstarted
2024-02-19 19:06:46,363.363,__main___datalogs,INFO,JoyConState.GO_HOME,0.000000,0.000000,0.000000,0.096125,-0.004577,0.002289,-0.004577,0.000000,0.000000,0.000000,0.000000,0,0,0,0,0,0,0,0,0,0,0,0.045257568359375,-0.010467529296875,0,0,0,0,0,0,0,0,Object notstarted,Object notstarted,Object notstarted,Object notstarted,Object notstarted,Object notstarted,Object notstarted,Object notstarted,Object notstarted
2024-02-19 19:06:46,406.406,__main___datalogs,INFO,JoyConState.GO_HOME,0.000000,0.000000,0.000000,0.096125,-0.009155,0.000000,0.000000,0.000000,0.000000,0.000000,0.000000,0,0,0,0,0,0,0,0,0,0,0,0.045257568359375,-0.010467529296875,0,0,0,0,0,0,0,0,Object notstarted,Object notstarted,Object notstarted,Object notstarted,Object notstarted,Object notstarted,Object notstarted,Object notstarted,Object notstarted
2024-02-19 19:06:46,447.447,__main___datalogs,INFO,JoyConState.GO_HOME,0.000000,0.000000,0.000000,0.096125,-0.009155,0.000000,0.000000,0.000000,0.000000,0.000000,0.000000,0,0,0,0,0,0,0,0,0,0,0,0.045257568359375,-0.010467529296875,0,0,0,0,0,0,0,0,Object notstarted,Object notstarted,Object notstarted,Object notstarted,Object notstarted,Object notstarted,Object notstarted,Object notstarted,Object notstarted
2024-02-19 19:06:46,489.489,__main___datalogs,INFO,JoyConState.GO_HOME,0.000000,0.000000,0.000000,0.096125,-0.004577,0.000000,0.000000,0.000000,0.000000,0.000000,0.000000,0,0,0,0,0,0,0,0,0,0,0,0.045257568359375,-0.010467529296875,0,0,0,0,0,0,0,0,Object notstarted,Object notstarted,Object notstarted,Object notstarted,Object notstarted,Object notstarted,Object notstarted,Object notstarted,Object notstarted
2024-02-19 19:06:46,530.530,__main___datalogs,INFO,JoyConState.GO_HOME,0.000000,0.000000,0.000000,0.091547,-0.009155,0.000000,0.004577,0.000000,0.000000,0.000000,0.000000,0,0,0,0,0,0,0,0,0,0,0,0.045257568359375,-0.010467529296875,0,0,0,0,0,0,0,0,Object notstarted,Object notstarted,Object notstarted,Object notstarted,Object notstarted,Object notstarted,Object notstarted,Object notstarted,Object notstarted
2024-02-19 19:06:46,572.572,__main___datalogs,INFO,JoyConState.GO_HOME,0.000000,0.000000,0.000000,0.096125,0.000000,0.002289,0.004577,0.000000,0.000000,0.000000,0.000000,0,0,0,0,0,0,0,0,0,0,0,0.045257568359375,-0.010467529296875,0,0,0,0,0,0,0,0,Object notstarted,Object notstarted,Object notstarted,Object notstarted,Object notstarted,Object notstarted,Object notstarted,Object notstarted,Object notstarted
2024-02-19 19:06:46,614.614,__main___datalogs,INFO,JoyConState.GO_HOME,0.000000,0.000000,0.000000,0.091547,-0.004577,0.002289,0.000000,0.000000,0.000000,0.000000,0.000000,0,0,0,0,0,0,0,0,0,0,0,0.045257568359375,-0.010467529296875,0,0,0,0,0,0,0,0,Object notstarted,Object notstarted,Object notstarted,Object notstarted,Object notstarted,Object notstarted,Object notstarted,Object notstarted,Object notstarted
2024-02-19 19:06:46,656.656,__main___datalogs,INFO,JoyConState.GO_HOME,0.000000,0.000000,0.000000,0.091547,-0.009155,0.006866,0.000000,0.000000,0.000000,0.000000,0.000000,0,0,0,0,0,0,0,0,0,0,0,0.045257568359375,-0.010467529296875,0,0,0,0,0,0,0,0,Object notstarted,Object notstarted,Object notstarted,Object notstarted,Object notstarted,Object notstarted,Object notstarted,Object notstarted,Object notstarted
2024-02-19 19:06:46,696.696,__main___datalogs,INFO,JoyConState.GO_HOME,0.000000,0.000000,0.000000,0.096125,-0.011444,0.002289,0.004577,0.000000,0.000000,0.000000,0.000000,0,0,0,0,0,0,0,0,0,0,0,0.045257568359375,-0.010467529296875,0,0,0,0,0,0,0,0,Object notstarted,Object notstarted,Object notstarted,Object notstarted,Object notstarted,Object notstarted,Object notstarted,Object notstarted,Object notstarted
2024-02-19 19:06:46,738.738,__main___datalogs,INFO,JoyConState.GO_HOME,0.000000,0.000000,0.000000,0.096125,-0.011444,0.002289,0.004577,0.000000,0.000000,0.000000,0.000000,0,0,0,0,0,0,0,0,0,0,0,0.045257568359375,-0.010467529296875,0,0,0,0,0,0,0,0,Object notstarted,Object notstarted,Object notstarted,Object notstarted,Object notstarted,Object notstarted,Object notstarted,Object notstarted,Object notstarted
2024-02-19 19:06:46,803.803,__main___datalogs,INFO,JoyConState.GO_HOME,0.000000,0.000000,0.000000,0.091547,-0.009155,0.002289,0.004577,0.000000,0.000000,0.000000,0.000000,0,0,0,0,0,0,0,0,0,0,0,0.045257568359375,-0.010467529296875,0,0,0,0,0,0,0,0,Object notstarted,Object notstarted,Object notstarted,Object notstarted,Object notstarted,Object notstarted,Object notstarted,Object notstarted,Object notstarted
2024-02-19 19:06:46,846.846,__main___datalogs,INFO,JoyConState.GO_HOME,0.000000,0.000000,0.000000,0.091547,-0.009155,0.002289,0.004577,0.000000,0.000000,0.000000,0.000000,0,0,0,0,0,0,0,0,0,0,0,0.045257568359375,-0.010467529296875,0,0,0,0,0,0,0,0,Object notstarted,Object notstarted,Object notstarted,Object notstarted,Object notstarted,Object notstarted,Object notstarted,Object notstarted,Object notstarted
2024-02-19 19:06:46,887.887,__main___datalogs,INFO,JoyConState.GO_HOME,0.000000,0.000000,0.000000,0.091547,-0.004577,0.000000,0.004577,0.000000,0.000000,0.000000,0.000000,0,0,0,0,0,0,0,0,0,0,0,0.045257568359375,-0.010467529296875,0,0,0,0,0,0,0,0,Object notstarted,Object notstarted,Object notstarted,Object notstarted,Object notstarted,Object notstarted,Object notstarted,Object notstarted,Object notstarted
2024-02-19 19:06:46,929.929,__main___datalogs,INFO,JoyConState.GO_HOME,0.000000,0.000000,0.000000,0.091547,-0.004577,0.000000,0.004577,0.000000,0.000000,0.000000,0.000000,0,0,0,0,0,0,0,0,0,0,0,0.045257568359375,-0.010467529296875,0,0,0,0,0,0,0,0,Object notstarted,Object notstarted,Object notstarted,Object notstarted,Object notstarted,Object notstarted,Object notstarted,Object notstarted,Object notstarted
2024-02-19 19:06:46,969.969,__main___datalogs,INFO,JoyConState.GO_HOME,0.000000,0.000000,0.000000,0.091547,-0.009155,0.000000,0.004577,0.000000,0.000000,0.000000,0.000000,0,0,0,0,0,0,0,0,0,0,0,0.045257568359375,-0.010467529296875,0,0,0,0,0,0,0,0,Object notstarted,Object notstarted,Object notstarted,Object notstarted,Object notstarted,Object notstarted,Object notstarted,Object notstarted,Object notstarted
2024-02-19 19:06:47,010.010,__main___datalogs,INFO,JoyConState.GO_HOME,0.000000,0.000000,0.000000,0.091547,-0.004577,0.000000,0.004577,0.000000,0.000000,0.000000,0.000000,0,0,0,0,0,0,0,0,0,0,0,0.045257568359375,-0.010467529296875,0,0,0,0,0,0,0,0,Object notstarted,Object notstarted,Object notstarted,Object notstarted,Object notstarted,Object notstarted,Object notstarted,Object notstarted,Object notstarted
2024-02-19 19:06:47,050.050,__main___datalogs,INFO,JoyConState.GO_HOME,0.000000,0.000000,0.000000,0.091547,-0.009155,0.000000,0.004577,0.000000,0.000000,0.000000,0.000000,0,0,0,0,0,0,0,0,0,0,0,0.045257568359375,-0.010467529296875,0,0,0,0,0,0,0,0,Object notstarted,Object notstarted,Object notstarted,Object notstarted,Object notstarted,Object notstarted,Object notstarted,Object notstarted,Object notstarted
2024-02-19 19:06:47,093.093,__main___datalogs,INFO,JoyConState.GO_HOME,0.000000,0.000000,0.000000,0.091547,-0.004577,0.000000,0.000000,0.000000,0.000000,0.000000,0.000000,0,0,0,0,0,0,0,0,0,0,0,0.045257568359375,-0.010467529296875,0,0,0,0,0,0,0,0,Object notstarted,Object notstarted,Object notstarted,Object notstarted,Object notstarted,Object notstarted,Object notstarted,Object notstarted,Object notstarted
2024-02-19 19:06:47,134.134,__main___datalogs,INFO,JoyConState.GO_HOME,0.000000,0.000000,0.000000,0.091547,-0.009155,0.000000,0.004577,0.000000,0.000000,0.000000,0.000000,0,0,0,0,0,0,0,0,0,0,0,0.045257568359375,-0.010467529296875,0,0,0,0,0,0,0,0,Object notstarted,Object notstarted,Object notstarted,Object notstarted,Object notstarted,Object notstarted,Object notstarted,Object notstarted,Object notstarted
2024-02-19 19:06:47,175.175,__main___datalogs,INFO,JoyConState.GO_HOME,0.000000,0.000000,0.000000,0.091547,-0.009155,0.000000,0.000000,0.000000,0.000000,0.000000,0.000000,0,0,0,0,0,0,0,0,0,0,0,0.045257568359375,-0.010467529296875,0,0,0,0,0,0,0,0,Object notstarted,Object notstarted,Object notstarted,Object notstarted,Object notstarted,Object notstarted,Object notstarted,Object notstarted,Object notstarted
2024-02-19 19:06:47,216.216,__main___datalogs,INFO,JoyConState.GO_HOME,0.000000,0.000000,0.000000,0.096125,-0.004577,0.000000,0.004577,0.000000,0.000000,0.000000,0.000000,0,0,0,0,0,0,0,0,0,0,0,0.045257568359375,-0.010467529296875,0,0,0,0,0,0,0,0,Object notstarted,Object notstarted,Object notstarted,Object notstarted,Object notstarted,Object notstarted,Object notstarted,Object notstarted,Object notstarted
2024-02-19 19:06:47,258.258,__main___datalogs,INFO,JoyConState.GO_HOME,0.000000,0.000000,0.000000,0.096125,-0.004577,0.000000,0.006866,0.000000,0.000000,0.000000,0.000000,0,0,0,0,0,0,0,0,0,0,0,0.045257568359375,-0.010467529296875,0,0,0,0,0,0,0,0,Object notstarted,Object notstarted,Object notstarted,Object notstarted,Object notstarted,Object notstarted,Object notstarted,Object notstarted,Object notstarted
2024-02-19 19:06:47,299.299,__main___datalogs,INFO,JoyConState.GO_HOME,0.000000,0.000000,0.000000,0.091547,-0.004577,0.000000,0.004577,0.000000,0.000000,0.000000,0.000000,0,0,0,0,0,0,0,0,0,0,0,0.045257568359375,-0.010467529296875,0,0,0,0,0,0,0,0,Object notstarted,Object notstarted,Object notstarted,Object notstarted,Object notstarted,Object notstarted,Object notstarted,Object notstarted,Object notstarted
2024-02-19 19:06:47,341.341,__main___datalogs,INFO,JoyConState.GO_HOME,0.000000,0.000000,0.000000,0.091547,-0.009155,0.000000,0.004577,0.000000,0.000000,0.000000,0.000000,0,0,0,0,0,0,0,0,0,0,0,0.045257568359375,-0.010467529296875,0,0,0,0,0,0,0,0,Object notstarted,Object notstarted,Object notstarted,Object notstarted,Object notstarted,Object notstarted,Object notstarted,Object notstarted,Object notstarted
2024-02-19 19:06:47,382.382,__main___datalogs,INFO,JoyConState.GO_HOME,0.000000,0.000000,0.000000,0.096125,-0.009155,0.000000,0.004577,0.000000,0.000000,0.000000,0.000000,0,0,0,0,0,0,0,0,0,0,0,0.045257568359375,-0.010467529296875,0,0,0,0,0,0,0,0,Object notstarted,Object notstarted,Object notstarted,Object notstarted,Object notstarted,Object notstarted,Object notstarted,Object notstarted,Object notstarted
2024-02-19 19:06:47,424.424,__main___datalogs,INFO,JoyConState.GO_HOME,0.000000,0.000000,0.000000,0.091547,-0.009155,0.000000,0.004577,0.000000,0.000000,0.000000,0.000000,0,0,0,0,0,0,0,0,0,0,0,0.045257568359375,-0.010467529296875,0,0,0,0,0,0,0,0,Object notstarted,Object notstarted,Object notstarted,Object notstarted,Object notstarted,Object notstarted,Object notstarted,Object notstarted,Object notstarted
2024-02-19 19:06:47,463.463,__main___datalogs,INFO,JoyConState.GO_HOME,0.000000,0.000000,0.000000,0.091547,-0.004577,0.002289,0.004577,0.000000,0.000000,0.000000,0.000000,0,0,0,0,0,0,0,0,0,0,0,0.045257568359375,-0.010467529296875,0,0,0,0,0,0,0,0,Object notstarted,Object notstarted,Object notstarted,Object notstarted,Object notstarted,Object notstarted,Object notstarted,Object notstarted,Object notstarted
2024-02-19 19:06:47,506.506,__main___datalogs,INFO,JoyConState.GO_HOME,0.000000,0.000000,0.000000,0.096125,-0.004577,0.002289,0.004577,0.000000,0.000000,0.000000,0.000000,0,0,0,0,0,0,0,0,0,0,0,0.045257568359375,-0.010467529296875,0,0,0,0,0,0,0,0,Object notstarted,Object notstarted,Object notstarted,Object notstarted,Object notstarted,Object notstarted,Object notstarted,Object notstarted,Object notstarted
2024-02-19 19:06:47,546.546,__main___datalogs,INFO,JoyConState.GO_HOME,0.000000,0.000000,0.000000,0.091547,-0.004577,0.000000,0.004577,0.000000,0.000000,0.000000,0.000000,0,0,0,0,0,0,0,0,0,0,0,0.045257568359375,-0.010467529296875,0,0,0,0,0,0,0,0,Object notstarted,Object notstarted,Object notstarted,Object notstarted,Object notstarted,Object notstarted,Object notstarted,Object notstarted,Object notstarted
2024-02-19 19:06:47,585.585,__main___datalogs,INFO,JoyConState.GO_HOME,0.000000,0.000000,0.000000,0.091547,-0.004577,0.000000,0.004577,0.000000,0.000000,0.000000,0.000000,0,0,0,0,0,0,0,0,0,0,0,0.045257568359375,-0.010467529296875,0,0,0,0,0,0,0,0,Object notstarted,Object notstarted,Object notstarted,Object notstarted,Object notstarted,Object notstarted,Object notstarted,Object notstarted,Object notstarted
2024-02-19 19:06:47,625.625,__main___datalogs,INFO,JoyConState.GO_HOME,0.000000,0.000000,0.000000,0.091547,0.000000,0.000000,0.004577,0.000000,0.000000,0.000000,0.000000,0,0,0,0,0,0,0,0,0,0,0,0.045257568359375,-0.010467529296875,0,0,0,0,0,0,0,0,Object notstarted,Object notstarted,Object notstarted,Object notstarted,Object notstarted,Object notstarted,Object notstarted,Object notstarted,Object notstarted
2024-02-19 19:06:47,667.667,__main___datalogs,INFO,JoyConState.GO_HOME,0.000000,0.000000,0.000000,0.091547,-0.009155,0.000000,0.004577,0.000000,0.000000,0.000000,0.000000,0,0,0,0,0,0,0,0,0,0,0,0.045257568359375,-0.010467529296875,0,0,0,0,0,0,0,0,Object notstarted,Object notstarted,Object notstarted,Object notstarted,Object notstarted,Object notstarted,Object notstarted,Object notstarted,Object notstarted
2024-02-19 19:06:47,708.708,__main___datalogs,INFO,JoyConState.GO_HOME,0.000000,0.000000,0.000000,0.091547,-0.009155,0.000000,0.004577,0.000000,0.000000,0.000000,0.000000,0,0,0,0,0,0,0,0,0,0,0,0.045257568359375,-0.010467529296875,0,0,0,0,0,0,0,0,Object notstarted,Object notstarted,Object notstarted,Object notstarted,Object notstarted,Object notstarted,Object notstarted,Object notstarted,Object notstarted
2024-02-19 19:06:47,750.750,__main___datalogs,INFO,JoyConState.GO_HOME,0.000000,0.000000,0.000000,0.096125,-0.009155,0.000000,0.004577,0.000000,0.000000,0.000000,0.000000,0,0,0,0,0,0,0,0,0,0,0,0.045257568359375,-0.010467529296875,0,0,0,0,0,0,0,0,Object notstarted,Object notstarted,Object notstarted,Object notstarted,Object notstarted,Object notstarted,Object notstarted,Object notstarted,Object notstarted
2024-02-19 19:06:47,790.790,__main___datalogs,INFO,JoyConState.GO_HOME,0.000000,0.000000,0.000000,0.096125,-0.004577,0.000000,0.004577,0.000000,0.000000,0.000000,0.000000,0,0,0,0,0,0,0,0,0,0,0,0.045257568359375,-0.010467529296875,0,0,0,0,0,0,0,0,Object notstarted,Object notstarted,Object notstarted,Object notstarted,Object notstarted,Object notstarted,Object notstarted,Object notstarted,Object notstarted
2024-02-19 19:06:47,833.833,__main___datalogs,INFO,JoyConState.GO_HOME,0.000000,0.000000,0.000000,0.091547,-0.009155,0.000000,0.004577,0.000000,0.000000,0.000000,0.000000,0,0,0,0,0,0,0,0,0,0,0,0.045257568359375,-0.010467529296875,0,0,0,0,0,0,0,0,Object notstarted,Object notstarted,Object notstarted,Object notstarted,Object notstarted,Object notstarted,Object notstarted,Object notstarted,Object notstarted
2024-02-19 19:06:47,894.894,__main___datalogs,INFO,JoyConState.GO_HOME,0.000000,0.000000,0.000000,0.091547,-0.004577,0.000000,0.004577,0.000000,0.000000,0.000000,0.000000,0,0,0,0,0,0,0,0,0,0,0,0.045257568359375,-0.010467529296875,0,0,0,0,0,0,0,0,Object notstarted,Object notstarted,Object notstarted,Object notstarted,Object notstarted,Object notstarted,Object notstarted,Object notstarted,Object notstarted
2024-02-19 19:06:47,938.938,__main___datalogs,INFO,JoyConState.GO_HOME,0.000000,0.000000,0.000000,0.091547,-0.004577,0.002289,0.000000,0.000000,0.000000,0.000000,0.000000,0,0,0,0,0,0,0,0,0,0,0,0.045257568359375,-0.010467529296875,0,0,0,0,0,0,0,0,Object notstarted,Object notstarted,Object notstarted,Object notstarted,Object notstarted,Object notstarted,Object notstarted,Object notstarted,Object notstarted
2024-02-19 19:06:47,979.979,__main___datalogs,INFO,JoyConState.GO_HOME,0.000000,0.000000,0.000000,0.091547,-0.004577,0.002289,0.000000,0.000000,0.000000,0.000000,0.000000,0,0,0,0,0,0,0,0,0,0,0,0.045257568359375,-0.010467529296875,0,0,0,0,0,0,0,0,Object notstarted,Object notstarted,Object notstarted,Object notstarted,Object notstarted,Object notstarted,Object notstarted,Object notstarted,Object notstarted
2024-02-19 19:06:48,018.018,__main___datalogs,INFO,JoyConState.GO_HOME,0.000000,0.000000,0.000000,0.091547,-0.004577,0.000000,0.004577,0.000000,0.000000,0.000000,0.000000,0,0,0,0,0,0,0,0,0,0,0,0.045257568359375,-0.010467529296875,0,0,0,0,0,0,0,0,Object notstarted,Object notstarted,Object notstarted,Object notstarted,Object notstarted,Object notstarted,Object notstarted,Object notstarted,Object notstarted
2024-02-19 19:06:48,056.056,__main___datalogs,INFO,JoyConState.GO_HOME,0.000000,0.000000,0.000000,0.091547,-0.004577,-0.006866,0.004577,0.000000,0.000000,0.000000,0.000000,0,0,0,0,0,0,0,0,0,0,0,0.045257568359375,-0.010467529296875,0,0,0,0,0,0,0,0,Object notstarted,Object notstarted,Object notstarted,Object notstarted,Object notstarted,Object notstarted,Object notstarted,Object notstarted,Object notstarted
2024-02-19 19:06:48,097.097,__main___datalogs,INFO,JoyConState.GO_HOME,0.000000,0.000000,0.000000,0.096125,-0.009155,0.000000,0.004577,0.000000,0.000000,0.000000,0.000000,0,0,0,0,0,0,0,0,0,0,0,0.045257568359375,-0.010467529296875,0,0,0,0,0,0,0,0,Object notstarted,Object notstarted,Object notstarted,Object notstarted,Object notstarted,Object notstarted,Object notstarted,Object notstarted,Object notstarted
2024-02-19 19:06:48,138.138,__main___datalogs,INFO,JoyConState.GO_HOME,0.000000,0.000000,0.000000,0.096125,-0.009155,0.002289,0.004577,0.000000,0.000000,0.000000,0.000000,0,0,0,0,0,0,0,0,0,0,0,0.045257568359375,-0.010467529296875,0,0,0,0,0,0,0,0,Object notstarted,Object notstarted,Object notstarted,Object notstarted,Object notstarted,Object notstarted,Object notstarted,Object notstarted,Object notstarted
2024-02-19 19:06:48,179.179,__main___datalogs,INFO,JoyConState.GO_HOME,0.000000,0.000000,0.000000,0.098413,-0.009155,0.002289,0.004577,0.000000,0.000000,0.000000,0.000000,0,0,0,0,0,0,0,0,0,0,0,0.045257568359375,-0.010467529296875,0,0,0,0,0,0,0,0,Object notstarted,Object notstarted,Object notstarted,Object notstarted,Object notstarted,Object notstarted,Object notstarted,Object notstarted,Object notstarted
2024-02-19 19:06:48,221.221,__main___datalogs,INFO,JoyConState.GO_HOME,0.000000,0.000000,0.000000,0.091547,-0.004577,0.000000,0.004577,0.000000,0.000000,0.000000,0.000000,0,0,0,0,0,0,0,0,0,0,0,0.045257568359375,-0.010467529296875,0,0,0,0,0,0,0,0,Object notstarted,Object notstarted,Object notstarted,Object notstarted,Object notstarted,Object notstarted,Object notstarted,Object notstarted,Object notstarted
2024-02-19 19:06:48,264.264,__main___datalogs,INFO,JoyConState.GO_HOME,0.000000,0.000000,0.000000,0.091547,-0.009155,0.000000,0.004577,0.000000,0.000000,0.000000,0.000000,0,0,0,0,0,0,0,0,0,0,0,0.045257568359375,-0.010467529296875,0,0,0,0,0,0,0,0,Object notstarted,Object notstarted,Object notstarted,Object notstarted,Object notstarted,Object notstarted,Object notstarted,Object notstarted,Object notstarted
2024-02-19 19:06:48,304.304,__main___datalogs,INFO,JoyConState.GO_HOME,0.000000,0.000000,0.000000,0.091547,0.000000,0.000000,0.004577,0.000000,0.000000,0.000000,0.000000,0,0,0,0,0,0,0,0,0,0,0,0.045257568359375,-0.010467529296875,0,0,0,0,0,0,0,0,Object notstarted,Object notstarted,Object notstarted,Object notstarted,Object notstarted,Object notstarted,Object notstarted,Object notstarted,Object notstarted
2024-02-19 19:06:48,346.346,__main___datalogs,INFO,JoyConState.GO_HOME,0.000000,0.000000,0.000000,0.091547,-0.004577,0.002289,0.004577,0.000000,0.000000,0.000000,0.000000,0,0,0,0,0,0,0,0,0,0,0,0.045257568359375,-0.010467529296875,0,0,0,0,0,0,0,0,Object notstarted,Object notstarted,Object notstarted,Object notstarted,Object notstarted,Object notstarted,Object notstarted,Object notstarted,Object notstarted
2024-02-19 19:06:48,385.385,__main___datalogs,INFO,JoyConState.GO_HOME,0.000000,0.000000,0.000000,0.091547,-0.009155,0.002289,0.004577,0.000000,0.000000,0.000000,0.000000,0,0,0,0,0,0,0,0,0,0,0,0.045257568359375,-0.010467529296875,0,0,0,0,0,0,0,0,Object notstarted,Object notstarted,Object notstarted,Object notstarted,Object notstarted,Object notstarted,Object notstarted,Object notstarted,Object notstarted
2024-02-19 19:06:48,425.425,__main___datalogs,INFO,JoyConState.GO_HOME,0.000000,0.000000,0.000000,0.096125,-0.004577,0.000000,0.004577,0.000000,0.000000,0.000000,0.000000,0,0,0,0,0,0,0,0,0,0,0,0.045257568359375,-0.010467529296875,0,0,0,0,0,0,0,0,Object notstarted,Object notstarted,Object notstarted,Object notstarted,Object notstarted,Object notstarted,Object notstarted,Object notstarted,Object notstarted
2024-02-19 19:06:48,466.466,__main___datalogs,INFO,JoyConState.GO_HOME,0.000000,0.000000,0.000000,0.091547,-0.004577,0.000000,0.004577,0.000000,0.000000,0.000000,0.000000,0,0,0,0,0,0,0,0,0,0,0,0.045257568359375,-0.010467529296875,0,0,0,0,0,0,0,0,Object notstarted,Object notstarted,Object notstarted,Object notstarted,Object notstarted,Object notstarted,Object notstarted,Object notstarted,Object notstarted
2024-02-19 19:06:48,508.508,__main___datalogs,INFO,JoyConState.GO_HOME,0.000000,0.000000,0.000000,0.096125,-0.004577,0.000000,0.004577,0.000000,0.000000,0.000000,0.000000,0,0,0,0,0,0,0,0,0,0,0,0.045257568359375,-0.010467529296875,0,0,0,0,0,0,0,0,Object notstarted,Object notstarted,Object notstarted,Object notstarted,Object notstarted,Object notstarted,Object notstarted,Object notstarted,Object notstarted
2024-02-19 19:06:48,548.548,__main___datalogs,INFO,JoyConState.GO_HOME,0.000000,0.000000,0.000000,0.091547,-0.004577,0.000000,0.004577,0.000000,0.000000,0.000000,0.000000,0,0,0,0,0,0,0,0,0,0,0,0.045257568359375,-0.010467529296875,0,0,0,0,0,0,0,0,Object notstarted,Object notstarted,Object notstarted,Object notstarted,Object notstarted,Object notstarted,Object notstarted,Object notstarted,Object notstarted
2024-02-19 19:06:48,591.591,__main___datalogs,INFO,JoyConState.GO_HOME,0.000000,0.000000,0.000000,0.091547,-0.004577,0.002289,0.004577,0.000000,0.000000,0.000000,0.000000,0,0,0,0,0,0,0,0,0,0,0,0.045257568359375,-0.010467529296875,0,0,0,0,0,0,0,0,Object notstarted,Object notstarted,Object notstarted,Object notstarted,Object notstarted,Object notstarted,Object notstarted,Object notstarted,Object notstarted
2024-02-19 19:06:48,632.632,__main___datalogs,INFO,JoyConState.GO_HOME,0.000000,0.000000,0.000000,0.096125,-0.004577,0.002289,0.004577,0.000000,0.000000,0.000000,0.000000,0,0,0,0,0,0,0,0,0,0,0,0.045257568359375,-0.010467529296875,0,0,0,0,0,0,0,0,Object notstarted,Object notstarted,Object notstarted,Object notstarted,Object notstarted,Object notstarted,Object notstarted,Object notstarted,Object notstarted
2024-02-19 19:06:48,672.672,__main___datalogs,INFO,JoyConState.GO_HOME,0.000000,0.000000,0.000000,0.091547,-0.004577,0.002289,0.004577,0.000000,0.000000,0.000000,0.000000,0,0,0,0,0,0,0,0,0,0,0,0.045257568359375,-0.010467529296875,0,0,0,0,0,0,0,0,Object notstarted,Object notstarted,Object notstarted,Object notstarted,Object notstarted,Object notstarted,Object notstarted,Object notstarted,Object notstarted
2024-02-19 19:06:48,713.713,__main___datalogs,INFO,JoyConState.GO_HOME,0.000000,0.000000,0.000000,0.096125,-0.004577,0.000000,0.004577,0.000000,0.000000,0.000000,0.000000,0,0,0,0,0,0,0,0,0,0,0,0.045257568359375,-0.010467529296875,0,0,0,0,0,0,0,0,Object notstarted,Object notstarted,Object notstarted,Object notstarted,Object notstarted,Object notstarted,Object notstarted,Object notstarted,Object notstarted
2024-02-19 19:06:48,757.757,__main___datalogs,INFO,JoyConState.GO_HOME,0.000000,0.000000,0.000000,0.096125,-0.004577,0.000000,0.004577,0.000000,0.000000,0.000000,0.000000,0,0,0,0,0,0,0,0,0,0,0,0.045257568359375,-0.010467529296875,0,0,0,0,0,0,0,0,Object notstarted,Object notstarted,Object notstarted,Object notstarted,Object notstarted,Object notstarted,Object notstarted,Object notstarted,Object notstarted
2024-02-19 19:06:48,797.797,__main___datalogs,INFO,JoyConState.GO_HOME,0.000000,0.000000,0.000000,0.091547,-0.004577,0.000000,-0.004577,0.000000,0.000000,0.000000,0.000000,0,0,0,0,0,0,0,0,0,0,0,0.045257568359375,-0.010467529296875,0,0,0,0,0,0,0,0,Object notstarted,Object notstarted,Object notstarted,Object notstarted,Object notstarted,Object notstarted,Object notstarted,Object notstarted,Object notstarted
2024-02-19 19:06:48,840.840,__main___datalogs,INFO,JoyConState.GO_HOME,0.000000,0.000000,0.000000,0.091547,-0.009155,0.000000,-0.004577,0.000000,0.000000,0.000000,0.000000,0,0,0,0,0,0,0,0,0,0,0,0.045257568359375,-0.010467529296875,0,0,0,0,0,0,0,0,Object notstarted,Object notstarted,Object notstarted,Object notstarted,Object notstarted,Object notstarted,Object notstarted,Object notstarted,Object notstarted
2024-02-19 19:06:48,881.881,__main___datalogs,INFO,JoyConState.GO_HOME,0.000000,0.000000,0.000000,0.091547,-0.009155,0.000000,0.000000,0.000000,0.000000,0.000000,0.000000,0,0,0,0,0,0,0,0,0,0,0,0.045257568359375,-0.010467529296875,0,0,0,0,0,0,0,0,Object notstarted,Object notstarted,Object notstarted,Object notstarted,Object notstarted,Object notstarted,Object notstarted,Object notstarted,Object notstarted
2024-02-19 19:06:48,938.938,__main___datalogs,INFO,JoyConState.GO_HOME,0.000000,0.000000,0.000000,0.091547,-0.009155,0.000000,0.004577,0.000000,0.000000,0.000000,0.000000,0,0,0,0,0,0,0,0,0,0,0,0.045257568359375,-0.010467529296875,0,0,0,0,0,0,0,0,Object notstarted,Object notstarted,Object notstarted,Object notstarted,Object notstarted,Object notstarted,Object notstarted,Object notstarted,Object notstarted
2024-02-19 19:06:48,980.980,__main___datalogs,INFO,JoyConState.GO_HOME,0.000000,0.000000,0.000000,0.091547,-0.009155,0.000000,0.004577,0.000000,0.000000,0.000000,0.000000,0,0,0,0,0,0,0,0,0,0,0,0.045257568359375,-0.010467529296875,0,0,0,0,0,0,0,0,Object notstarted,Object notstarted,Object notstarted,Object notstarted,Object notstarted,Object notstarted,Object notstarted,Object notstarted,Object notstarted
2024-02-19 19:06:49,023.023,__main___datalogs,INFO,JoyConState.GO_HOME,0.000000,0.000000,0.000000,0.091547,-0.004577,0.000000,0.004577,0.000000,0.000000,0.000000,0.000000,0,0,0,0,0,0,0,0,0,0,0,0.045257568359375,-0.010467529296875,0,0,0,0,0,0,0,0,Object notstarted,Object notstarted,Object notstarted,Object notstarted,Object notstarted,Object notstarted,Object notstarted,Object notstarted,Object notstarted
2024-02-19 19:06:49,064.064,__main___datalogs,INFO,JoyConState.GO_HOME,0.000000,0.000000,0.000000,0.091547,-0.009155,0.000000,0.000000,0.000000,0.000000,0.000000,0.000000,0,0,0,0,0,0,0,0,0,0,0,0.045257568359375,-0.010467529296875,0,0,0,0,0,0,0,0,Object notstarted,Object notstarted,Object notstarted,Object notstarted,Object notstarted,Object notstarted,Object notstarted,Object notstarted,Object notstarted
2024-02-19 19:06:49,106.106,__main___datalogs,INFO,JoyConState.GO_HOME,0.000000,0.000000,0.000000,0.091547,-0.009155,0.000000,0.000000,0.000000,0.000000,0.000000,0.000000,0,0,0,0,0,0,0,0,0,0,0,0.045257568359375,-0.010467529296875,0,0,0,0,0,0,0,0,Object notstarted,Object notstarted,Object notstarted,Object notstarted,Object notstarted,Object notstarted,Object notstarted,Object notstarted,Object notstarted
2024-02-19 19:06:49,147.147,__main___datalogs,INFO,JoyConState.GO_HOME,0.000000,0.000000,0.000000,0.096125,-0.011444,0.000000,0.004577,0.000000,0.000000,0.000000,0.000000,0,0,0,0,0,0,0,0,0,0,0,0.045257568359375,-0.010467529296875,0,0,0,0,0,0,0,0,Object notstarted,Object notstarted,Object notstarted,Object notstarted,Object notstarted,Object notstarted,Object notstarted,Object notstarted,Object notstarted
2024-02-19 19:06:49,189.189,__main___datalogs,INFO,JoyConState.GO_HOME,0.000000,0.000000,0.000000,0.096125,-0.004577,0.002289,0.004577,0.000000,0.000000,0.000000,0.000000,0,0,0,0,0,0,0,0,0,0,0,0.045257568359375,-0.010467529296875,0,0,0,0,0,0,0,0,Object notstarted,Object notstarted,Object notstarted,Object notstarted,Object notstarted,Object notstarted,Object notstarted,Object notstarted,Object notstarted
2024-02-19 19:06:49,230.230,__main___datalogs,INFO,JoyConState.GO_HOME,0.000000,0.000000,0.000000,0.091547,-0.004577,0.002289,0.004577,0.000000,0.000000,0.000000,0.000000,0,0,0,0,0,0,0,0,0,0,0,0.045257568359375,-0.010467529296875,0,0,0,0,0,0,0,0,Object notstarted,Object notstarted,Object notstarted,Object notstarted,Object notstarted,Object notstarted,Object notstarted,Object notstarted,Object notstarted
2024-02-19 19:06:49,274.274,__main___datalogs,INFO,JoyConState.GO_HOME,0.000000,0.000000,0.000000,0.091547,-0.009155,0.002289,0.006866,0.000000,0.000000,0.000000,0.000000,0,0,0,0,0,0,0,0,0,0,0,0.045257568359375,-0.010467529296875,0,0,0,0,0,0,0,0,Object notstarted,Object notstarted,Object notstarted,Object notstarted,Object notstarted,Object notstarted,Object notstarted,Object notstarted,Object notstarted
2024-02-19 19:06:49,313.313,__main___datalogs,INFO,JoyConState.GO_HOME,0.000000,0.000000,0.000000,0.091547,-0.009155,0.000000,0.000000,0.000000,0.000000,0.000000,0.000000,0,0,0,0,0,0,0,0,0,0,0,0.045257568359375,-0.010467529296875,0,0,0,0,0,0,0,0,Object notstarted,Object notstarted,Object notstarted,Object notstarted,Object notstarted,Object notstarted,Object notstarted,Object notstarted,Object notstarted
2024-02-19 19:06:49,353.353,__main___datalogs,INFO,JoyConState.GO_HOME,0.000000,0.000000,0.000000,0.096125,-0.009155,0.000000,0.000000,0.000000,0.000000,0.000000,0.000000,0,0,0,0,0,0,0,0,0,0,0,0.045257568359375,-0.010467529296875,0,0,0,0,0,0,0,0,Object notstarted,Object notstarted,Object notstarted,Object notstarted,Object notstarted,Object notstarted,Object notstarted,Object notstarted,Object notstarted
2024-02-19 19:06:49,393.393,__main___datalogs,INFO,JoyConState.GO_HOME,0.000000,0.000000,0.000000,0.096125,-0.009155,0.000000,0.004577,0.000000,0.000000,0.000000,0.000000,0,0,0,0,0,0,0,0,0,0,0,0.045257568359375,-0.010467529296875,0,0,0,0,0,0,0,0,Object notstarted,Object notstarted,Object notstarted,Object notstarted,Object notstarted,Object notstarted,Object notstarted,Object notstarted,Object notstarted
2024-02-19 19:06:49,435.435,__main___datalogs,INFO,JoyConState.GO_HOME,0.000000,0.000000,0.000000,0.098413,-0.004577,0.000000,0.004577,0.000000,0.000000,0.000000,0.000000,0,0,0,0,0,0,0,0,0,0,0,0.045257568359375,-0.010467529296875,0,0,0,0,0,0,0,0,Object notstarted,Object notstarted,Object notstarted,Object notstarted,Object notstarted,Object notstarted,Object notstarted,Object notstarted,Object notstarted
2024-02-19 19:06:49,478.478,__main___datalogs,INFO,JoyConState.GO_HOME,0.000000,0.000000,0.000000,0.096125,-0.004577,0.002289,0.006866,0.000000,0.000000,0.000000,0.000000,0,0,0,0,0,0,0,0,0,0,0,0.045257568359375,-0.010467529296875,0,0,0,0,0,0,0,0,Object notstarted,Object notstarted,Object notstarted,Object notstarted,Object notstarted,Object notstarted,Object notstarted,Object notstarted,Object notstarted
2024-02-19 19:06:49,518.518,__main___datalogs,INFO,JoyConState.GO_HOME,0.000000,0.000000,0.000000,0.096125,-0.004577,0.000000,0.006866,0.000000,0.000000,0.000000,0.000000,0,0,0,0,0,0,0,0,0,0,0,0.045257568359375,-0.010467529296875,0,0,0,0,0,0,0,0,Object notstarted,Object notstarted,Object notstarted,Object notstarted,Object notstarted,Object notstarted,Object notstarted,Object notstarted,Object notstarted
2024-02-19 19:06:49,559.559,__main___datalogs,INFO,JoyConState.GO_HOME,0.000000,0.000000,0.000000,0.091547,-0.009155,0.002289,0.004577,0.000000,0.000000,0.000000,0.000000,0,0,0,0,0,0,0,0,0,0,0,0.045257568359375,-0.010467529296875,0,0,0,0,0,0,0,0,Object notstarted,Object notstarted,Object notstarted,Object notstarted,Object notstarted,Object notstarted,Object notstarted,Object notstarted,Object notstarted
2024-02-19 19:06:49,600.600,__main___datalogs,INFO,JoyConState.GO_HOME,0.000000,0.000000,0.000000,0.091547,-0.009155,0.000000,0.006866,0.000000,0.000000,0.000000,0.000000,0,0,0,0,0,0,0,0,0,0,0,0.045257568359375,-0.010467529296875,0,0,0,0,0,0,0,0,Object notstarted,Object notstarted,Object notstarted,Object notstarted,Object notstarted,Object notstarted,Object notstarted,Object notstarted,Object notstarted
2024-02-19 19:06:49,641.641,__main___datalogs,INFO,JoyConState.GO_HOME,0.000000,0.000000,0.000000,0.091547,-0.009155,0.000000,0.004577,0.000000,0.000000,0.000000,0.000000,0,0,0,0,0,0,0,0,0,0,0,0.045257568359375,-0.010467529296875,0,0,0,0,0,0,0,0,Object notstarted,Object notstarted,Object notstarted,Object notstarted,Object notstarted,Object notstarted,Object notstarted,Object notstarted,Object notstarted
2024-02-19 19:06:49,683.683,__main___datalogs,INFO,JoyConState.GO_HOME,0.000000,0.000000,0.000000,0.091547,-0.011444,0.002289,0.004577,0.000000,0.000000,0.000000,0.000000,0,0,0,0,0,0,0,0,0,0,0,0.045257568359375,-0.010467529296875,0,0,0,0,0,0,0,0,Object notstarted,Object notstarted,Object notstarted,Object notstarted,Object notstarted,Object notstarted,Object notstarted,Object notstarted,Object notstarted
2024-02-19 19:06:49,724.724,__main___datalogs,INFO,JoyConState.GO_HOME,0.000000,0.000000,0.000000,0.096125,-0.009155,0.002289,0.004577,0.000000,0.000000,0.000000,0.000000,0,0,0,0,0,0,0,0,0,0,0,0.045257568359375,-0.010467529296875,0,0,0,0,0,0,0,0,Object notstarted,Object notstarted,Object notstarted,Object notstarted,Object notstarted,Object notstarted,Object notstarted,Object notstarted,Object notstarted
2024-02-19 19:06:49,766.766,__main___datalogs,INFO,JoyConState.GO_HOME,0.000000,0.000000,0.000000,0.091547,-0.011444,0.000000,0.004577,0.000000,0.000000,0.000000,0.000000,0,0,0,0,0,0,0,0,0,0,0,0.045257568359375,-0.010467529296875,0,0,0,0,0,0,0,0,Object notstarted,Object notstarted,Object notstarted,Object notstarted,Object notstarted,Object notstarted,Object notstarted,Object notstarted,Object notstarted
2024-02-19 19:06:49,805.805,__main___datalogs,INFO,JoyConState.GO_HOME,0.000000,0.000000,0.000000,0.091547,0.000000,0.000000,0.004577,0.000000,0.000000,0.000000,0.000000,0,0,0,0,0,0,0,0,0,0,0,0.045257568359375,-0.010467529296875,0,0,0,0,0,0,0,0,Object notstarted,Object notstarted,Object notstarted,Object notstarted,Object notstarted,Object notstarted,Object notstarted,Object notstarted,Object notstarted
2024-02-19 19:06:49,846.846,__main___datalogs,INFO,JoyConState.GO_HOME,0.000000,0.000000,0.000000,0.096125,-0.004577,0.000000,0.004577,0.000000,0.000000,0.000000,0.000000,0,0,0,0,0,0,0,0,0,0,0,0.045257568359375,-0.010467529296875,0,0,0,0,0,0,0,0,Object notstarted,Object notstarted,Object notstarted,Object notstarted,Object notstarted,Object notstarted,Object notstarted,Object notstarted,Object notstarted
2024-02-19 19:06:49,885.885,__main___datalogs,INFO,JoyConState.GO_HOME,0.000000,0.000000,0.000000,0.098413,-0.011444,0.002289,0.004577,0.000000,0.000000,0.000000,0.000000,0,0,0,0,0,0,0,0,0,0,0,0.045257568359375,-0.010467529296875,0,0,0,0,0,0,0,0,Object notstarted,Object notstarted,Object notstarted,Object notstarted,Object notstarted,Object notstarted,Object notstarted,Object notstarted,Object notstarted
2024-02-19 19:06:49,927.927,__main___datalogs,INFO,JoyConState.GO_HOME,0.000000,0.000000,0.000000,0.096125,-0.009155,0.000000,0.004577,0.000000,0.000000,0.000000,0.000000,0,0,0,0,0,0,0,0,0,0,0,0.045257568359375,-0.010467529296875,0,0,0,0,0,0,0,0,Object notstarted,Object notstarted,Object notstarted,Object notstarted,Object notstarted,Object notstarted,Object notstarted,Object notstarted,Object notstarted
2024-02-19 19:06:49,983.983,__main___datalogs,INFO,JoyConState.GO_HOME,0.000000,0.000000,0.000000,0.091547,-0.009155,0.002289,0.004577,0.000000,0.000000,0.000000,0.000000,0,0,0,0,0,0,0,0,0,0,0,0.045257568359375,-0.010467529296875,0,0,0,0,0,0,0,0,Object notstarted,Object notstarted,Object notstarted,Object notstarted,Object notstarted,Object notstarted,Object notstarted,Object notstarted,Object notstarted
2024-02-19 19:06:50,028.028,__main___datalogs,INFO,JoyConState.GO_HOME,0.000000,0.000000,0.000000,0.091547,-0.004577,0.002289,0.004577,0.000000,0.000000,0.000000,0.000000,0,0,0,0,0,0,0,0,0,0,0,0.045257568359375,-0.010467529296875,0,0,0,0,0,0,0,0,Object notstarted,Object notstarted,Object notstarted,Object notstarted,Object notstarted,Object notstarted,Object notstarted,Object notstarted,Object notstarted
2024-02-19 19:06:50,069.069,__main___datalogs,INFO,JoyConState.GO_HOME,0.000000,0.000000,0.000000,0.096125,-0.009155,0.002289,0.004577,0.000000,0.000000,0.000000,0.000000,0,0,0,0,0,0,0,0,0,0,0,0.045257568359375,-0.010467529296875,0,0,0,0,0,0,0,0,Object notstarted,Object notstarted,Object notstarted,Object notstarted,Object notstarted,Object notstarted,Object notstarted,Object notstarted,Object notstarted
2024-02-19 19:06:50,111.111,__main___datalogs,INFO,JoyConState.GO_HOME,0.000000,0.000000,0.000000,0.096125,-0.004577,0.002289,0.004577,0.000000,0.000000,0.000000,0.000000,0,0,0,0,0,0,0,0,0,0,0,0.045257568359375,-0.010467529296875,0,0,0,0,0,0,0,0,Object notstarted,Object notstarted,Object notstarted,Object notstarted,Object notstarted,Object notstarted,Object notstarted,Object notstarted,Object notstarted
2024-02-19 19:06:50,153.153,__main___datalogs,INFO,JoyConState.GO_HOME,0.000000,0.000000,0.000000,0.091547,-0.009155,0.002289,0.004577,0.000000,0.000000,0.000000,0.000000,0,0,0,0,0,0,0,0,0,0,0,0.045257568359375,-0.010467529296875,0,0,0,0,0,0,0,0,Object notstarted,Object notstarted,Object notstarted,Object notstarted,Object notstarted,Object notstarted,Object notstarted,Object notstarted,Object notstarted
2024-02-19 19:06:50,194.194,__main___datalogs,INFO,JoyConState.GO_HOME,0.000000,0.000000,0.000000,0.091547,-0.009155,0.000000,0.006866,0.000000,0.000000,0.000000,0.000000,0,0,0,0,0,0,0,0,0,0,0,0.045257568359375,-0.010467529296875,0,0,0,0,0,0,0,0,Object notstarted,Object notstarted,Object notstarted,Object notstarted,Object notstarted,Object notstarted,Object notstarted,Object notstarted,Object notstarted
2024-02-19 19:06:50,236.236,__main___datalogs,INFO,JoyConState.GO_HOME,0.000000,0.000000,0.000000,0.091547,-0.009155,0.002289,0.004577,0.000000,0.000000,0.000000,0.000000,0,0,0,0,0,0,0,0,0,0,0,0.045257568359375,-0.010467529296875,0,0,0,0,0,0,0,0,Object notstarted,Object notstarted,Object notstarted,Object notstarted,Object notstarted,Object notstarted,Object notstarted,Object notstarted,Object notstarted
2024-02-19 19:06:50,278.278,__main___datalogs,INFO,JoyConState.GO_HOME,0.000000,0.000000,0.000000,0.096125,-0.009155,0.002289,0.004577,0.000000,0.000000,0.000000,0.000000,0,0,0,0,0,0,0,0,0,0,0,0.045257568359375,-0.010467529296875,0,0,0,0,0,0,0,0,Object notstarted,Object notstarted,Object notstarted,Object notstarted,Object notstarted,Object notstarted,Object notstarted,Object notstarted,Object notstarted
2024-02-19 19:06:50,320.320,__main___datalogs,INFO,JoyConState.GO_HOME,0.000000,0.000000,0.000000,0.096125,-0.004577,0.000000,0.004577,0.000000,0.000000,0.000000,0.000000,0,0,0,0,0,0,0,0,0,0,0,0.045257568359375,-0.010467529296875,0,0,0,0,0,0,0,0,Object notstarted,Object notstarted,Object notstarted,Object notstarted,Object notstarted,Object notstarted,Object notstarted,Object notstarted,Object notstarted
2024-02-19 19:06:50,361.361,__main___datalogs,INFO,JoyConState.GO_HOME,0.000000,0.000000,0.000000,0.096125,-0.004577,0.000000,0.004577,0.000000,0.000000,0.000000,0.000000,0,0,0,0,0,0,0,0,0,0,0,0.045257568359375,-0.010467529296875,0,0,0,0,0,0,0,0,Object notstarted,Object notstarted,Object notstarted,Object notstarted,Object notstarted,Object notstarted,Object notstarted,Object notstarted,Object notstarted
2024-02-19 19:06:50,402.402,__main___datalogs,INFO,JoyConState.GO_HOME,0.000000,0.000000,0.000000,0.096125,-0.004577,0.000000,0.004577,0.000000,0.000000,0.000000,0.000000,0,0,0,0,0,0,0,0,0,0,0,0.045257568359375,-0.010467529296875,0,0,0,0,0,0,0,0,Object notstarted,Object notstarted,Object notstarted,Object notstarted,Object notstarted,Object notstarted,Object notstarted,Object notstarted,Object notstarted
2024-02-19 19:06:50,444.444,__main___datalogs,INFO,JoyConState.GO_HOME,0.000000,0.000000,0.000000,0.098413,-0.004577,0.000000,0.004577,0.000000,0.000000,0.000000,0.000000,0,0,0,0,0,0,0,0,0,0,0,0.045257568359375,-0.010467529296875,0,0,0,0,0,0,0,0,Object notstarted,Object notstarted,Object notstarted,Object notstarted,Object notstarted,Object notstarted,Object notstarted,Object notstarted,Object notstarted
2024-02-19 19:06:50,485.485,__main___datalogs,INFO,JoyConState.GO_HOME,0.000000,0.000000,0.000000,0.091547,-0.011444,0.000000,0.000000,0.000000,0.000000,0.000000,0.000000,0,0,0,0,0,0,0,0,0,0,0,0.045257568359375,-0.010467529296875,0,0,0,0,0,0,0,0,Object notstarted,Object notstarted,Object notstarted,Object notstarted,Object notstarted,Object notstarted,Object notstarted,Object notstarted,Object notstarted
2024-02-19 19:06:50,526.526,__main___datalogs,INFO,JoyConState.GO_HOME,0.000000,0.000000,0.000000,0.096125,-0.011444,0.000000,0.000000,0.000000,0.000000,0.000000,0.000000,0,0,0,0,0,0,0,0,0,0,0,0.045257568359375,-0.010467529296875,0,0,0,0,0,0,0,0,Object notstarted,Object notstarted,Object notstarted,Object notstarted,Object notstarted,Object notstarted,Object notstarted,Object notstarted,Object notstarted
2024-02-19 19:06:50,566.566,__main___datalogs,INFO,JoyConState.GO_HOME,0.000000,0.000000,0.000000,0.091547,-0.009155,0.000000,0.000000,0.000000,0.000000,0.000000,0.000000,0,0,0,0,0,0,0,0,0,0,0,0.045257568359375,-0.010467529296875,0,0,0,0,0,0,0,0,Object notstarted,Object notstarted,Object notstarted,Object notstarted,Object notstarted,Object notstarted,Object notstarted,Object notstarted,Object notstarted
2024-02-19 19:06:50,610.610,__main___datalogs,INFO,JoyConState.GO_HOME,0.000000,0.000000,0.000000,0.091547,-0.009155,0.000000,0.004577,0.000000,0.000000,0.000000,0.000000,0,0,0,0,0,0,0,0,0,0,0,0.045257568359375,-0.010467529296875,0,0,0,0,0,0,0,0,Object notstarted,Object notstarted,Object notstarted,Object notstarted,Object notstarted,Object notstarted,Object notstarted,Object notstarted,Object notstarted
2024-02-19 19:06:50,651.651,__main___datalogs,INFO,JoyConState.GO_HOME,0.000000,0.000000,0.000000,0.091547,-0.009155,0.000000,0.000000,0.000000,0.000000,0.000000,0.000000,0,0,0,0,0,0,0,0,0,0,0,0.045257568359375,-0.010467529296875,0,0,0,0,0,0,0,0,Object notstarted,Object notstarted,Object notstarted,Object notstarted,Object notstarted,Object notstarted,Object notstarted,Object notstarted,Object notstarted
2024-02-19 19:06:50,692.692,__main___datalogs,INFO,JoyConState.GO_HOME,0.000000,0.000000,0.000000,0.096125,-0.011444,0.002289,0.000000,0.000000,0.000000,0.000000,0.000000,0,0,0,0,0,0,0,0,0,0,0,0.045257568359375,-0.010467529296875,0,0,0,0,0,0,0,0,Object notstarted,Object notstarted,Object notstarted,Object notstarted,Object notstarted,Object notstarted,Object notstarted,Object notstarted,Object notstarted
2024-02-19 19:06:50,734.734,__main___datalogs,INFO,JoyConState.GO_HOME,0.000000,0.000000,0.000000,0.096125,-0.009155,0.000000,0.000000,0.000000,0.000000,0.000000,0.000000,0,0,0,0,0,0,0,0,0,0,0,0.045257568359375,-0.010467529296875,0,0,0,0,0,0,0,0,Object notstarted,Object notstarted,Object notstarted,Object notstarted,Object notstarted,Object notstarted,Object notstarted,Object notstarted,Object notstarted
2024-02-19 19:06:50,777.777,__main___datalogs,INFO,JoyConState.GO_HOME,0.000000,0.000000,0.000000,0.091547,-0.009155,0.000000,0.000000,0.000000,0.000000,0.000000,0.000000,0,0,0,0,0,0,0,0,0,0,0,0.045257568359375,-0.010467529296875,0,0,0,0,0,0,0,0,Object notstarted,Object notstarted,Object notstarted,Object notstarted,Object notstarted,Object notstarted,Object notstarted,Object notstarted,Object notstarted
2024-02-19 19:06:50,817.817,__main___datalogs,INFO,JoyConState.GO_HOME,0.000000,0.000000,0.000000,0.091547,-0.004577,0.000000,0.004577,0.000000,0.000000,0.000000,0.000000,0,0,0,0,0,0,0,0,0,0,0,0.045257568359375,-0.010467529296875,0,0,0,0,0,0,0,0,Object notstarted,Object notstarted,Object notstarted,Object notstarted,Object notstarted,Object notstarted,Object notstarted,Object notstarted,Object notstarted
2024-02-19 19:06:50,859.859,__main___datalogs,INFO,JoyConState.GO_HOME,0.000000,0.000000,0.000000,0.091547,-0.004577,0.000000,0.004577,0.000000,0.000000,0.000000,0.000000,0,0,0,0,0,0,0,0,0,0,0,0.045257568359375,-0.010467529296875,0,0,0,0,0,0,0,0,Object notstarted,Object notstarted,Object notstarted,Object notstarted,Object notstarted,Object notstarted,Object notstarted,Object notstarted,Object notstarted
2024-02-19 19:06:50,899.899,__main___datalogs,INFO,JoyConState.GO_HOME,0.000000,0.000000,0.000000,0.096125,-0.004577,0.000000,0.004577,0.000000,0.000000,0.000000,0.000000,0,0,0,0,0,0,0,0,0,0,0,0.045257568359375,-0.010467529296875,0,0,0,0,0,0,0,0,Object notstarted,Object notstarted,Object notstarted,Object notstarted,Object notstarted,Object notstarted,Object notstarted,Object notstarted,Object notstarted
2024-02-19 19:06:50,941.941,__main___datalogs,INFO,JoyConState.GO_HOME,0.000000,0.000000,0.000000,0.091547,-0.004577,0.000000,0.004577,0.000000,0.000000,0.000000,0.000000,0,0,0,0,0,0,0,0,0,0,0,0.045257568359375,-0.010467529296875,0,0,0,0,0,0,0,0,Object notstarted,Object notstarted,Object notstarted,Object notstarted,Object notstarted,Object notstarted,Object notstarted,Object notstarted,Object notstarted
2024-02-19 19:06:50,981.981,__main___datalogs,INFO,JoyConState.GO_HOME,0.000000,0.000000,0.000000,0.091547,-0.004577,0.000000,0.004577,0.000000,0.000000,0.000000,0.000000,0,0,0,0,0,0,0,0,0,0,0,0.045257568359375,-0.010467529296875,0,0,0,0,0,0,0,0,Object notstarted,Object notstarted,Object notstarted,Object notstarted,Object notstarted,Object notstarted,Object notstarted,Object notstarted,Object notstarted
2024-02-19 19:06:51,022.022,__main___datalogs,INFO,JoyConState.GO_HOME,0.000000,0.000000,0.000000,0.091547,-0.004577,0.002289,0.004577,0.000000,0.000000,0.000000,0.000000,0,0,0,0,0,0,0,0,0,0,0,0.045257568359375,-0.010467529296875,0,0,0,0,0,0,0,0,Object notstarted,Object notstarted,Object notstarted,Object notstarted,Object notstarted,Object notstarted,Object notstarted,Object notstarted,Object notstarted
2024-02-19 19:06:51,070.070,__main___datalogs,INFO,JoyConState.GO_HOME,0.000000,0.000000,0.000000,0.091547,-0.009155,0.006866,0.004577,0.000000,0.000000,0.000000,0.000000,0,0,0,0,0,0,0,0,0,0,0,0.045257568359375,-0.010467529296875,0,0,0,0,0,0,0,0,Object notstarted,Object notstarted,Object notstarted,Object notstarted,Object notstarted,Object notstarted,Object notstarted,Object notstarted,Object notstarted
2024-02-19 19:06:51,112.112,__main___datalogs,INFO,JoyConState.GO_HOME,0.000000,0.000000,0.000000,0.091547,-0.004577,0.000000,0.004577,0.000000,0.000000,0.000000,0.000000,0,0,0,0,0,0,0,0,0,0,0,0.045257568359375,-0.010467529296875,0,0,0,0,0,0,0,0,Object notstarted,Object notstarted,Object notstarted,Object notstarted,Object notstarted,Object notstarted,Object notstarted,Object notstarted,Object notstarted
2024-02-19 19:06:51,154.154,__main___datalogs,INFO,JoyConState.GO_HOME,0.000000,0.000000,0.000000,0.091547,-0.004577,0.000000,0.004577,0.000000,0.000000,0.000000,0.000000,0,0,0,0,0,0,0,0,0,0,0,0.045257568359375,-0.010467529296875,0,0,0,0,0,0,0,0,Object notstarted,Object notstarted,Object notstarted,Object notstarted,Object notstarted,Object notstarted,Object notstarted,Object notstarted,Object notstarted
2024-02-19 19:06:51,194.194,__main___datalogs,INFO,JoyConState.GO_HOME,0.000000,0.000000,0.000000,0.096125,-0.004577,0.000000,0.006866,0.000000,0.000000,0.000000,0.000000,0,0,0,0,0,0,0,0,0,0,0,0.045257568359375,-0.010467529296875,0,0,0,0,0,0,0,0,Object notstarted,Object notstarted,Object notstarted,Object notstarted,Object notstarted,Object notstarted,Object notstarted,Object notstarted,Object notstarted
2024-02-19 19:06:51,235.235,__main___datalogs,INFO,JoyConState.GO_HOME,0.000000,0.000000,0.000000,0.096125,-0.009155,0.000000,0.004577,0.000000,0.000000,0.000000,0.000000,0,0,0,0,0,0,0,0,0,0,0,0.045257568359375,-0.010467529296875,0,0,0,0,0,0,0,0,Object notstarted,Object notstarted,Object notstarted,Object notstarted,Object notstarted,Object notstarted,Object notstarted,Object notstarted,Object notstarted
2024-02-19 19:06:51,277.277,__main___datalogs,INFO,JoyConState.GO_HOME,0.000000,0.000000,0.000000,0.091547,-0.009155,-0.006866,0.004577,0.000000,0.000000,0.000000,0.000000,0,0,0,0,0,0,0,0,0,0,0,0.045257568359375,-0.010467529296875,0,0,0,0,0,0,0,0,Object notstarted,Object notstarted,Object notstarted,Object notstarted,Object notstarted,Object notstarted,Object notstarted,Object notstarted,Object notstarted
2024-02-19 19:06:51,319.319,__main___datalogs,INFO,JoyConState.GO_HOME,0.000000,0.000000,0.000000,0.096125,-0.009155,0.000000,0.000000,0.000000,0.000000,0.000000,0.000000,0,0,0,0,0,0,0,0,0,0,0,0.045257568359375,-0.010467529296875,0,0,0,0,0,0,0,0,Object notstarted,Object notstarted,Object notstarted,Object notstarted,Object notstarted,Object notstarted,Object notstarted,Object notstarted,Object notstarted
2024-02-19 19:06:51,360.360,__main___datalogs,INFO,JoyConState.GO_HOME,0.000000,0.000000,0.000000,0.091547,-0.009155,0.000000,0.000000,0.000000,0.000000,0.000000,0.000000,0,0,0,0,0,0,0,0,0,0,0,0.045257568359375,-0.010467529296875,0,0,0,0,0,0,0,0,Object notstarted,Object notstarted,Object notstarted,Object notstarted,Object notstarted,Object notstarted,Object notstarted,Object notstarted,Object notstarted
2024-02-19 19:06:51,401.401,__main___datalogs,INFO,JoyConState.GO_HOME,0.000000,0.000000,0.000000,0.091547,-0.009155,0.002289,0.000000,0.000000,0.000000,0.000000,0.000000,0,0,0,0,0,0,0,0,0,0,0,0.045257568359375,-0.010467529296875,0,0,0,0,0,0,0,0,Object notstarted,Object notstarted,Object notstarted,Object notstarted,Object notstarted,Object notstarted,Object notstarted,Object notstarted,Object notstarted
2024-02-19 19:06:51,443.443,__main___datalogs,INFO,JoyConState.GO_HOME,0.000000,0.000000,0.000000,0.091547,-0.009155,0.002289,0.004577,0.000000,0.000000,0.000000,0.000000,0,0,0,0,0,0,0,0,0,0,0,0.045257568359375,-0.010467529296875,0,0,0,0,0,0,0,0,Object notstarted,Object notstarted,Object notstarted,Object notstarted,Object notstarted,Object notstarted,Object notstarted,Object notstarted,Object notstarted
2024-02-19 19:06:51,484.484,__main___datalogs,INFO,JoyConState.GO_HOME,0.000000,0.000000,0.000000,0.096125,-0.009155,0.000000,0.004577,0.000000,0.000000,0.000000,0.000000,0,0,0,0,0,0,0,0,0,0,0,0.045257568359375,-0.010467529296875,0,0,0,0,0,0,0,0,Object notstarted,Object notstarted,Object notstarted,Object notstarted,Object notstarted,Object notstarted,Object notstarted,Object notstarted,Object notstarted
2024-02-19 19:06:51,525.525,__main___datalogs,INFO,JoyConState.GO_HOME,0.000000,0.000000,0.000000,0.096125,-0.004577,0.000000,0.004577,0.000000,0.000000,0.000000,0.000000,0,0,0,0,0,0,0,0,0,0,0,0.045257568359375,-0.010467529296875,0,0,0,0,0,0,0,0,Object notstarted,Object notstarted,Object notstarted,Object notstarted,Object notstarted,Object notstarted,Object notstarted,Object notstarted,Object notstarted
2024-02-19 19:06:51,564.564,__main___datalogs,INFO,JoyConState.GO_HOME,0.000000,0.000000,0.000000,0.096125,-0.004577,0.000000,0.004577,0.000000,0.000000,0.000000,0.000000,0,0,0,0,0,0,0,0,0,0,0,0.045257568359375,-0.010467529296875,0,0,0,0,0,0,0,0,Object notstarted,Object notstarted,Object notstarted,Object notstarted,Object notstarted,Object notstarted,Object notstarted,Object notstarted,Object notstarted
2024-02-19 19:06:51,607.607,__main___datalogs,INFO,JoyConState.GO_HOME,0.000000,0.000000,0.000000,0.098413,-0.009155,-0.006866,0.004577,0.000000,0.000000,0.000000,0.000000,0,0,0,0,0,0,0,0,0,0,0,0.045257568359375,-0.010467529296875,0,0,0,0,0,0,0,0,Object notstarted,Object notstarted,Object notstarted,Object notstarted,Object notstarted,Object notstarted,Object notstarted,Object notstarted,Object notstarted
2024-02-19 19:06:51,647.647,__main___datalogs,INFO,JoyConState.GO_HOME,0.000000,0.000000,0.000000,0.096125,-0.004577,0.000000,0.000000,0.000000,0.000000,0.000000,0.000000,0,0,0,0,0,0,0,0,0,0,0,0.045257568359375,-0.010467529296875,0,0,0,0,0,0,0,0,Object notstarted,Object notstarted,Object notstarted,Object notstarted,Object notstarted,Object notstarted,Object notstarted,Object notstarted,Object notstarted
2024-02-19 19:06:51,689.689,__main___datalogs,INFO,JoyConState.GO_HOME,0.000000,0.000000,0.000000,0.096125,0.000000,0.000000,0.000000,0.000000,0.000000,0.000000,0.000000,0,0,0,0,0,0,0,0,0,0,0,0.045257568359375,-0.010467529296875,0,0,0,0,0,0,0,0,Object notstarted,Object notstarted,Object notstarted,Object notstarted,Object notstarted,Object notstarted,Object notstarted,Object notstarted,Object notstarted
2024-02-19 19:06:51,729.729,__main___datalogs,INFO,JoyConState.GO_HOME,0.000000,0.000000,0.000000,0.091547,0.000000,0.000000,0.004577,0.000000,0.000000,0.000000,0.000000,0,0,0,0,0,0,0,0,0,0,0,0.045257568359375,-0.010467529296875,0,0,0,0,0,0,0,0,Object notstarted,Object notstarted,Object notstarted,Object notstarted,Object notstarted,Object notstarted,Object notstarted,Object notstarted,Object notstarted
2024-02-19 19:06:51,773.773,__main___datalogs,INFO,JoyConState.GO_HOME,0.000000,0.000000,0.000000,0.091547,0.000000,0.000000,0.000000,0.000000,0.000000,0.000000,0.000000,0,0,0,0,0,0,0,0,0,0,0,0.045257568359375,-0.010467529296875,0,0,0,0,0,0,0,0,Object notstarted,Object notstarted,Object notstarted,Object notstarted,Object notstarted,Object notstarted,Object notstarted,Object notstarted,Object notstarted
2024-02-19 19:06:51,814.814,__main___datalogs,INFO,JoyConState.GO_HOME,0.000000,0.000000,0.000000,0.096125,-0.009155,0.000000,0.004577,0.000000,0.000000,0.000000,0.000000,0,0,0,0,0,0,0,0,0,0,0,0.045257568359375,-0.010467529296875,0,0,0,0,0,0,0,0,Object notstarted,Object notstarted,Object notstarted,Object notstarted,Object notstarted,Object notstarted,Object notstarted,Object notstarted,Object notstarted
2024-02-19 19:06:51,858.858,__main___datalogs,INFO,JoyConState.GO_HOME,0.000000,0.000000,0.000000,0.096125,-0.004577,0.002289,0.004577,0.000000,0.000000,0.000000,0.000000,0,0,0,0,0,0,0,0,0,0,0,0.045257568359375,-0.010467529296875,0,0,0,0,0,0,0,0,Object notstarted,Object notstarted,Object notstarted,Object notstarted,Object notstarted,Object notstarted,Object notstarted,Object notstarted,Object notstarted
2024-02-19 19:06:51,897.897,__main___datalogs,INFO,JoyConState.GO_HOME,0.000000,0.000000,0.000000,0.091547,-0.004577,0.002289,0.004577,0.000000,0.000000,0.000000,0.000000,0,0,0,0,0,0,0,0,0,0,0,0.045257568359375,-0.010467529296875,0,0,0,0,0,0,0,0,Object notstarted,Object notstarted,Object notstarted,Object notstarted,Object notstarted,Object notstarted,Object notstarted,Object notstarted,Object notstarted
2024-02-19 19:06:51,938.938,__main___datalogs,INFO,JoyConState.GO_HOME,0.000000,0.000000,0.000000,0.091547,-0.009155,0.002289,0.000000,0.000000,0.000000,0.000000,0.000000,0,0,0,0,0,0,0,0,0,0,0,0.045257568359375,-0.010467529296875,0,0,0,0,0,0,0,0,Object notstarted,Object notstarted,Object notstarted,Object notstarted,Object notstarted,Object notstarted,Object notstarted,Object notstarted,Object notstarted
2024-02-19 19:06:51,979.979,__main___datalogs,INFO,JoyConState.GO_HOME,0.000000,0.000000,0.000000,0.091547,-0.004577,0.000000,0.004577,0.000000,0.000000,0.000000,0.000000,0,0,0,0,0,0,0,0,0,0,0,0.045257568359375,-0.010467529296875,0,0,0,0,0,0,0,0,Object notstarted,Object notstarted,Object notstarted,Object notstarted,Object notstarted,Object notstarted,Object notstarted,Object notstarted,Object notstarted
2024-02-19 19:06:52,022.022,__main___datalogs,INFO,JoyConState.GO_HOME,0.000000,0.000000,0.000000,0.096125,-0.004577,0.000000,0.004577,0.000000,0.000000,0.000000,0.000000,0,0,0,0,0,0,0,0,0,0,0,0.045257568359375,-0.010467529296875,0,0,0,0,0,0,0,0,Object notstarted,Object notstarted,Object notstarted,Object notstarted,Object notstarted,Object notstarted,Object notstarted,Object notstarted,Object notstarted
2024-02-19 19:06:52,063.063,__main___datalogs,INFO,JoyConState.GO_HOME,0.000000,0.000000,0.000000,0.091547,0.000000,0.000000,0.004577,0.000000,0.000000,0.000000,0.000000,0,0,0,0,0,0,0,0,0,0,0,0.045257568359375,-0.010467529296875,0,0,0,0,0,0,0,0,Object notstarted,Object notstarted,Object notstarted,Object notstarted,Object notstarted,Object notstarted,Object notstarted,Object notstarted,Object notstarted
2024-02-19 19:06:52,113.113,__main___datalogs,INFO,JoyConState.GO_HOME,0.000000,0.000000,0.000000,0.091547,-0.004577,0.000000,0.004577,0.000000,0.000000,0.000000,0.000000,0,0,0,0,0,0,0,0,0,0,0,0.045257568359375,-0.010467529296875,0,0,0,0,0,0,0,0,Object notstarted,Object notstarted,Object notstarted,Object notstarted,Object notstarted,Object notstarted,Object notstarted,Object notstarted,Object notstarted
2024-02-19 19:06:52,154.154,__main___datalogs,INFO,JoyConState.GO_HOME,0.000000,0.000000,0.000000,0.091547,-0.004577,0.000000,0.004577,0.000000,0.000000,0.000000,0.000000,0,0,0,0,0,0,0,0,0,0,0,0.045257568359375,-0.010467529296875,0,0,0,0,0,0,0,0,Object notstarted,Object notstarted,Object notstarted,Object notstarted,Object notstarted,Object notstarted,Object notstarted,Object notstarted,Object notstarted
2024-02-19 19:06:52,196.196,__main___datalogs,INFO,JoyConState.GO_HOME,0.000000,0.000000,0.000000,0.091547,0.000000,0.000000,0.004577,0.000000,0.000000,0.000000,0.000000,0,0,0,0,0,0,0,0,0,0,0,0.045257568359375,-0.010467529296875,0,0,0,0,0,0,0,0,Object notstarted,Object notstarted,Object notstarted,Object notstarted,Object notstarted,Object notstarted,Object notstarted,Object notstarted,Object notstarted
2024-02-19 19:06:52,237.237,__main___datalogs,INFO,JoyConState.GO_HOME,0.000000,0.000000,0.000000,0.091547,-0.004577,0.000000,0.004577,0.000000,0.000000,0.000000,0.000000,0,0,0,0,0,0,0,0,0,0,0,0.045257568359375,-0.010467529296875,0,0,0,0,0,0,0,0,Object notstarted,Object notstarted,Object notstarted,Object notstarted,Object notstarted,Object notstarted,Object notstarted,Object notstarted,Object notstarted
2024-02-19 19:06:52,280.280,__main___datalogs,INFO,JoyConState.GO_HOME,0.000000,0.000000,0.000000,0.091547,-0.004577,0.000000,0.004577,0.000000,0.000000,0.000000,0.000000,0,0,0,0,0,0,0,0,0,0,0,0.045257568359375,-0.010467529296875,0,0,0,0,0,0,0,0,Object notstarted,Object notstarted,Object notstarted,Object notstarted,Object notstarted,Object notstarted,Object notstarted,Object notstarted,Object notstarted
2024-02-19 19:06:52,320.320,__main___datalogs,INFO,JoyConState.GO_HOME,0.000000,0.000000,0.000000,0.096125,-0.009155,0.000000,0.004577,0.000000,0.000000,0.000000,0.000000,0,0,0,0,0,0,0,0,0,0,0,0.045257568359375,-0.010467529296875,0,0,0,0,0,0,0,0,Object notstarted,Object notstarted,Object notstarted,Object notstarted,Object notstarted,Object notstarted,Object notstarted,Object notstarted,Object notstarted
2024-02-19 19:06:52,362.362,__main___datalogs,INFO,JoyConState.GO_HOME,0.000000,0.000000,0.000000,0.091547,-0.009155,0.000000,0.004577,0.000000,0.000000,0.000000,0.000000,0,0,0,0,0,0,0,0,0,0,0,0.045257568359375,-0.010467529296875,0,0,0,0,0,0,0,0,Object notstarted,Object notstarted,Object notstarted,Object notstarted,Object notstarted,Object notstarted,Object notstarted,Object notstarted,Object notstarted
2024-02-19 19:06:52,404.404,__main___datalogs,INFO,JoyConState.GO_HOME,0.000000,0.000000,0.000000,0.091547,-0.009155,0.000000,0.004577,0.000000,0.000000,0.000000,0.000000,0,0,0,0,0,0,0,0,0,0,0,0.045257568359375,-0.010467529296875,0,0,0,0,0,0,0,0,Object notstarted,Object notstarted,Object notstarted,Object notstarted,Object notstarted,Object notstarted,Object notstarted,Object notstarted,Object notstarted
2024-02-19 19:06:52,445.445,__main___datalogs,INFO,JoyConState.GO_HOME,0.000000,0.000000,0.000000,0.091547,-0.009155,0.000000,0.004577,0.000000,0.000000,0.000000,0.000000,0,0,0,0,0,0,0,0,0,0,0,0.045257568359375,-0.010467529296875,0,0,0,0,0,0,0,0,Object notstarted,Object notstarted,Object notstarted,Object notstarted,Object notstarted,Object notstarted,Object notstarted,Object notstarted,Object notstarted
2024-02-19 19:06:52,484.484,__main___datalogs,INFO,JoyConState.GO_HOME,0.000000,0.000000,0.000000,0.091547,-0.009155,0.000000,0.004577,0.000000,0.000000,0.000000,0.000000,0,0,0,0,0,0,0,0,0,0,0,0.045257568359375,-0.010467529296875,0,0,0,0,0,0,0,0,Object notstarted,Object notstarted,Object notstarted,Object notstarted,Object notstarted,Object notstarted,Object notstarted,Object notstarted,Object notstarted
2024-02-19 19:06:52,522.522,__main___datalogs,INFO,JoyConState.GO_HOME,0.000000,0.000000,0.000000,0.091547,-0.004577,0.000000,0.004577,0.000000,0.000000,0.000000,0.000000,0,0,0,0,0,0,0,0,0,0,0,0.045257568359375,-0.010467529296875,0,0,0,0,0,0,0,0,Object notstarted,Object notstarted,Object notstarted,Object notstarted,Object notstarted,Object notstarted,Object notstarted,Object notstarted,Object notstarted
2024-02-19 19:06:52,563.563,__main___datalogs,INFO,JoyConState.GO_HOME,0.000000,0.000000,0.000000,0.091547,-0.009155,0.002289,0.004577,0.000000,0.000000,0.000000,0.000000,0,0,0,0,0,0,0,0,0,0,0,0.045257568359375,-0.010467529296875,0,0,0,0,0,0,0,0,Object notstarted,Object notstarted,Object notstarted,Object notstarted,Object notstarted,Object notstarted,Object notstarted,Object notstarted,Object notstarted
2024-02-19 19:06:52,607.607,__main___datalogs,INFO,JoyConState.GO_HOME,0.000000,0.000000,0.000000,0.096125,0.000000,0.002289,0.004577,0.000000,0.000000,0.000000,0.000000,0,0,0,0,0,0,0,0,0,0,0,0.045257568359375,-0.010467529296875,0,0,0,0,0,0,0,0,Object notstarted,Object notstarted,Object notstarted,Object notstarted,Object notstarted,Object notstarted,Object notstarted,Object notstarted,Object notstarted
2024-02-19 19:06:52,647.647,__main___datalogs,INFO,JoyConState.GO_HOME,0.000000,0.000000,0.000000,0.091547,0.000000,0.000000,0.000000,0.000000,0.000000,0.000000,0.000000,0,0,0,0,0,0,0,0,0,0,0,0.045257568359375,-0.010467529296875,0,0,0,0,0,0,0,0,Object notstarted,Object notstarted,Object notstarted,Object notstarted,Object notstarted,Object notstarted,Object notstarted,Object notstarted,Object notstarted
2024-02-19 19:06:52,688.688,__main___datalogs,INFO,JoyConState.GO_HOME,0.000000,0.000000,0.000000,0.091547,-0.004577,0.000000,0.004577,0.000000,0.000000,0.000000,0.000000,0,0,0,0,0,0,0,0,0,0,0,0.045257568359375,-0.010467529296875,0,0,0,0,0,0,0,0,Object notstarted,Object notstarted,Object notstarted,Object notstarted,Object notstarted,Object notstarted,Object notstarted,Object notstarted,Object notstarted
2024-02-19 19:06:52,729.729,__main___datalogs,INFO,JoyConState.GO_HOME,0.000000,0.000000,0.000000,0.096125,-0.004577,0.000000,0.004577,0.000000,0.000000,0.000000,0.000000,0,0,0,0,0,0,0,0,0,0,0,0.045257568359375,-0.010467529296875,0,0,0,0,0,0,0,0,Object notstarted,Object notstarted,Object notstarted,Object notstarted,Object notstarted,Object notstarted,Object notstarted,Object notstarted,Object notstarted
2024-02-19 19:06:52,773.773,__main___datalogs,INFO,JoyConState.GO_HOME,0.000000,0.000000,0.000000,0.096125,-0.009155,0.000000,0.004577,0.000000,0.000000,0.000000,0.000000,0,0,0,0,0,0,0,0,0,0,0,0.045257568359375,-0.010467529296875,0,0,0,0,0,0,0,0,Object notstarted,Object notstarted,Object notstarted,Object notstarted,Object notstarted,Object notstarted,Object notstarted,Object notstarted,Object notstarted
2024-02-19 19:06:52,814.814,__main___datalogs,INFO,JoyConState.GO_HOME,0.000000,0.000000,0.000000,0.091547,-0.009155,0.000000,0.004577,0.000000,0.000000,0.000000,0.000000,0,0,0,0,0,0,0,0,0,0,0,0.045257568359375,-0.010467529296875,0,0,0,0,0,0,0,0,Object notstarted,Object notstarted,Object notstarted,Object notstarted,Object notstarted,Object notstarted,Object notstarted,Object notstarted,Object notstarted
2024-02-19 19:06:52,857.857,__main___datalogs,INFO,JoyConState.GO_HOME,0.000000,0.000000,0.000000,0.091547,-0.011444,0.000000,0.004577,0.000000,0.000000,0.000000,0.000000,0,0,0,0,0,0,0,0,0,0,0,0.045257568359375,-0.010467529296875,0,0,0,0,0,0,0,0,Object notstarted,Object notstarted,Object notstarted,Object notstarted,Object notstarted,Object notstarted,Object notstarted,Object notstarted,Object notstarted
2024-02-19 19:06:52,897.897,__main___datalogs,INFO,JoyConState.GO_HOME,0.000000,0.000000,0.000000,0.091547,-0.016021,0.000000,0.004577,0.000000,0.000000,0.000000,0.000000,0,0,0,0,0,0,0,0,0,0,0,0.045257568359375,-0.010467529296875,0,0,0,0,0,0,0,0,Object notstarted,Object notstarted,Object notstarted,Object notstarted,Object notstarted,Object notstarted,Object notstarted,Object notstarted,Object notstarted
2024-02-19 19:06:52,939.939,__main___datalogs,INFO,JoyConState.GO_HOME,0.000000,0.000000,0.000000,0.091547,-0.004577,0.000000,0.004577,0.000000,0.000000,0.000000,0.000000,0,0,0,0,0,0,0,0,0,0,0,0.045257568359375,-0.010467529296875,0,0,0,0,0,0,0,0,Object notstarted,Object notstarted,Object notstarted,Object notstarted,Object notstarted,Object notstarted,Object notstarted,Object notstarted,Object notstarted
2024-02-19 19:06:52,980.980,__main___datalogs,INFO,JoyConState.GO_HOME,0.000000,0.000000,0.000000,0.091547,-0.009155,0.000000,0.004577,0.000000,0.000000,0.000000,0.000000,0,0,0,0,0,0,0,0,0,0,0,0.045257568359375,-0.010467529296875,0,0,0,0,0,0,0,0,Object notstarted,Object notstarted,Object notstarted,Object notstarted,Object notstarted,Object notstarted,Object notstarted,Object notstarted,Object notstarted
2024-02-19 19:06:53,023.023,__main___datalogs,INFO,JoyConState.GO_HOME,0.000000,0.000000,0.000000,0.098413,-0.009155,0.002289,0.004577,0.000000,0.000000,0.000000,0.000000,0,0,0,0,0,0,0,0,0,0,0,0.045257568359375,-0.010467529296875,0,0,0,0,0,0,0,0,Object notstarted,Object notstarted,Object notstarted,Object notstarted,Object notstarted,Object notstarted,Object notstarted,Object notstarted,Object notstarted
2024-02-19 19:06:53,064.064,__main___datalogs,INFO,JoyConState.GO_HOME,0.000000,0.000000,0.000000,0.096125,-0.004577,0.002289,0.004577,0.000000,0.000000,0.000000,0.000000,0,0,0,0,0,0,0,0,0,0,0,0.045257568359375,-0.010467529296875,0,0,0,0,0,0,0,0,Object notstarted,Object notstarted,Object notstarted,Object notstarted,Object notstarted,Object notstarted,Object notstarted,Object notstarted,Object notstarted
2024-02-19 19:06:53,107.107,__main___datalogs,INFO,JoyConState.GO_HOME,0.000000,0.000000,0.000000,0.096125,-0.009155,0.002289,0.004577,0.000000,0.000000,0.000000,0.000000,0,0,0,0,0,0,0,0,0,0,0,0.045257568359375,-0.010467529296875,0,0,0,0,0,0,0,0,Object notstarted,Object notstarted,Object notstarted,Object notstarted,Object notstarted,Object notstarted,Object notstarted,Object notstarted,Object notstarted
2024-02-19 19:06:53,147.147,__main___datalogs,INFO,JoyConState.GO_HOME,0.000000,0.000000,0.000000,0.091547,-0.009155,-0.006866,0.004577,0.000000,0.000000,0.000000,0.000000,0,0,0,0,0,0,0,0,0,0,0,0.045257568359375,-0.010467529296875,0,0,0,0,0,0,0,0,Object notstarted,Object notstarted,Object notstarted,Object notstarted,Object notstarted,Object notstarted,Object notstarted,Object notstarted,Object notstarted
2024-02-19 19:06:53,198.198,__main___datalogs,INFO,JoyConState.GO_HOME,0.000000,0.000000,0.000000,0.091547,-0.009155,0.000000,0.004577,0.000000,0.000000,0.000000,0.000000,0,0,0,0,0,0,0,0,0,0,0,0.045257568359375,-0.010467529296875,0,0,0,0,0,0,0,0,Object notstarted,Object notstarted,Object notstarted,Object notstarted,Object notstarted,Object notstarted,Object notstarted,Object notstarted,Object notstarted
2024-02-19 19:06:53,237.237,__main___datalogs,INFO,JoyConState.GO_HOME,0.000000,0.000000,0.000000,0.096125,0.000000,0.000000,0.004577,0.000000,0.000000,0.000000,0.000000,0,0,0,0,0,0,0,0,0,0,0,0.045257568359375,-0.010467529296875,0,0,0,0,0,0,0,0,Object notstarted,Object notstarted,Object notstarted,Object notstarted,Object notstarted,Object notstarted,Object notstarted,Object notstarted,Object notstarted
2024-02-19 19:06:53,279.279,__main___datalogs,INFO,JoyConState.GO_HOME,0.000000,0.000000,0.000000,0.096125,0.000000,0.000000,0.004577,0.000000,0.000000,0.000000,0.000000,0,0,0,0,0,0,0,0,0,0,0,0.045257568359375,-0.010467529296875,0,0,0,0,0,0,0,0,Object notstarted,Object notstarted,Object notstarted,Object notstarted,Object notstarted,Object notstarted,Object notstarted,Object notstarted,Object notstarted
2024-02-19 19:06:53,319.319,__main___datalogs,INFO,JoyConState.GO_HOME,0.000000,0.000000,0.000000,0.091547,-0.009155,0.000000,0.004577,0.000000,0.000000,0.000000,0.000000,0,0,0,0,0,0,0,0,0,0,0,0.045257568359375,-0.010467529296875,0,0,0,0,0,0,0,0,Object notstarted,Object notstarted,Object notstarted,Object notstarted,Object notstarted,Object notstarted,Object notstarted,Object notstarted,Object notstarted
2024-02-19 19:06:53,362.362,__main___datalogs,INFO,JoyConState.GO_HOME,0.000000,0.000000,0.000000,0.091547,-0.009155,0.000000,0.004577,0.000000,0.000000,0.000000,0.000000,0,0,0,0,0,0,0,0,0,0,0,0.045257568359375,-0.010467529296875,0,0,0,0,0,0,0,0,Object notstarted,Object notstarted,Object notstarted,Object notstarted,Object notstarted,Object notstarted,Object notstarted,Object notstarted,Object notstarted
2024-02-19 19:06:53,402.402,__main___datalogs,INFO,JoyConState.GO_HOME,0.000000,0.000000,0.000000,0.091547,-0.004577,0.000000,0.004577,0.000000,0.000000,0.000000,0.000000,0,0,0,0,0,0,0,0,0,0,0,0.045257568359375,-0.010467529296875,0,0,0,0,0,0,0,0,Object notstarted,Object notstarted,Object notstarted,Object notstarted,Object notstarted,Object notstarted,Object notstarted,Object notstarted,Object notstarted
2024-02-19 19:06:53,444.444,__main___datalogs,INFO,JoyConState.GO_HOME,0.000000,0.000000,0.000000,0.091547,-0.009155,0.000000,0.004577,0.000000,0.000000,0.000000,0.000000,0,0,0,0,0,0,0,0,0,0,0,0.045257568359375,-0.010467529296875,0,0,0,0,0,0,0,0,Object notstarted,Object notstarted,Object notstarted,Object notstarted,Object notstarted,Object notstarted,Object notstarted,Object notstarted,Object notstarted
2024-02-19 19:06:53,484.484,__main___datalogs,INFO,JoyConState.GO_HOME,0.000000,0.000000,0.000000,0.096125,-0.009155,0.000000,0.004577,0.000000,0.000000,0.000000,0.000000,0,0,0,0,0,0,0,0,0,0,0,0.045257568359375,-0.010467529296875,0,0,0,0,0,0,0,0,Object notstarted,Object notstarted,Object notstarted,Object notstarted,Object notstarted,Object notstarted,Object notstarted,Object notstarted,Object notstarted
2024-02-19 19:06:53,523.523,__main___datalogs,INFO,JoyConState.GO_HOME,0.000000,0.000000,0.000000,0.091547,-0.004577,0.000000,0.004577,0.000000,0.000000,0.000000,0.000000,0,0,0,0,0,0,0,0,0,0,0,0.045257568359375,-0.010467529296875,0,0,0,0,0,0,0,0,Object notstarted,Object notstarted,Object notstarted,Object notstarted,Object notstarted,Object notstarted,Object notstarted,Object notstarted,Object notstarted
2024-02-19 19:06:53,564.564,__main___datalogs,INFO,JoyConState.GO_HOME,0.000000,0.000000,0.000000,0.091547,-0.004577,0.000000,0.004577,0.000000,0.000000,0.000000,0.000000,0,0,0,0,0,0,0,0,0,0,0,0.045257568359375,-0.010467529296875,0,0,0,0,0,0,0,0,Object notstarted,Object notstarted,Object notstarted,Object notstarted,Object notstarted,Object notstarted,Object notstarted,Object notstarted,Object notstarted
2024-02-19 19:06:53,607.607,__main___datalogs,INFO,JoyConState.GO_HOME,0.000000,0.000000,0.000000,0.091547,0.000000,0.002289,0.006866,0.000000,0.000000,0.000000,0.000000,0,0,0,0,0,0,0,0,0,0,0,0.045257568359375,-0.010467529296875,0,0,0,0,0,0,0,0,Object notstarted,Object notstarted,Object notstarted,Object notstarted,Object notstarted,Object notstarted,Object notstarted,Object notstarted,Object notstarted
2024-02-19 19:06:53,648.648,__main___datalogs,INFO,JoyConState.GO_HOME,0.000000,0.000000,0.000000,0.091547,-0.004577,0.002289,0.004577,0.000000,0.000000,0.000000,0.000000,0,0,0,0,0,0,0,0,0,0,0,0.045257568359375,-0.010467529296875,0,0,0,0,0,0,0,0,Object notstarted,Object notstarted,Object notstarted,Object notstarted,Object notstarted,Object notstarted,Object notstarted,Object notstarted,Object notstarted
2024-02-19 19:06:53,691.691,__main___datalogs,INFO,JoyConState.GO_HOME,0.000000,0.000000,0.000000,0.091547,-0.009155,0.000000,0.004577,0.000000,0.000000,0.000000,0.000000,0,0,0,0,0,0,0,0,0,0,0,0.045257568359375,-0.010467529296875,0,0,0,0,0,0,0,0,Object notstarted,Object notstarted,Object notstarted,Object notstarted,Object notstarted,Object notstarted,Object notstarted,Object notstarted,Object notstarted
2024-02-19 19:06:53,731.731,__main___datalogs,INFO,JoyConState.GO_HOME,0.000000,0.000000,0.000000,0.091547,-0.004577,-0.006866,0.004577,0.000000,0.000000,0.000000,0.000000,0,0,0,0,0,0,0,0,0,0,0,0.045257568359375,-0.010467529296875,0,0,0,0,0,0,0,0,Object notstarted,Object notstarted,Object notstarted,Object notstarted,Object notstarted,Object notstarted,Object notstarted,Object notstarted,Object notstarted
2024-02-19 19:06:53,773.773,__main___datalogs,INFO,JoyConState.GO_HOME,0.000000,0.000000,0.000000,0.091547,-0.004577,0.000000,0.004577,0.000000,0.000000,0.000000,0.000000,0,0,0,0,0,0,0,0,0,0,0,0.045257568359375,-0.010467529296875,0,0,0,0,0,0,0,0,Object notstarted,Object notstarted,Object notstarted,Object notstarted,Object notstarted,Object notstarted,Object notstarted,Object notstarted,Object notstarted
2024-02-19 19:06:53,814.814,__main___datalogs,INFO,JoyConState.GO_HOME,0.000000,0.000000,0.000000,0.091547,-0.009155,0.000000,0.004577,0.000000,0.000000,0.000000,0.000000,0,0,0,0,0,0,0,0,0,0,0,0.045257568359375,-0.010467529296875,0,0,0,0,0,0,0,0,Object notstarted,Object notstarted,Object notstarted,Object notstarted,Object notstarted,Object notstarted,Object notstarted,Object notstarted,Object notstarted
2024-02-19 19:06:53,854.854,__main___datalogs,INFO,JoyConState.GO_HOME,0.000000,0.000000,0.000000,0.096125,-0.009155,0.000000,0.004577,0.000000,0.000000,0.000000,0.000000,0,0,0,0,0,0,0,0,0,0,0,0.045257568359375,-0.010467529296875,0,0,0,0,0,0,0,0,Object notstarted,Object notstarted,Object notstarted,Object notstarted,Object notstarted,Object notstarted,Object notstarted,Object notstarted,Object notstarted
2024-02-19 19:06:53,903.903,__main___datalogs,INFO,JoyConState.GO_HOME,0.000000,0.000000,0.000000,0.096125,-0.004577,0.000000,0.004577,0.000000,0.000000,0.000000,0.000000,0,0,0,0,0,0,0,0,0,0,0,0.045257568359375,-0.010467529296875,0,0,0,0,0,0,0,0,Object notstarted,Object notstarted,Object notstarted,Object notstarted,Object notstarted,Object notstarted,Object notstarted,Object notstarted,Object notstarted
2024-02-19 19:06:53,947.947,__main___datalogs,INFO,JoyConState.GO_HOME,0.000000,0.000000,0.000000,0.091547,-0.004577,0.000000,0.004577,0.000000,0.000000,0.000000,0.000000,0,0,0,0,0,0,0,0,0,0,0,0.045257568359375,-0.010467529296875,0,0,0,0,0,0,0,0,Object notstarted,Object notstarted,Object notstarted,Object notstarted,Object notstarted,Object notstarted,Object notstarted,Object notstarted,Object notstarted
2024-02-19 19:06:53,988.988,__main___datalogs,INFO,JoyConState.GO_HOME,0.000000,0.000000,0.000000,0.091547,-0.004577,0.000000,0.004577,0.000000,0.000000,0.000000,0.000000,0,0,0,0,0,0,0,0,0,0,0,0.045257568359375,-0.010467529296875,0,0,0,0,0,0,0,0,Object notstarted,Object notstarted,Object notstarted,Object notstarted,Object notstarted,Object notstarted,Object notstarted,Object notstarted,Object notstarted
2024-02-19 19:06:54,030.030,__main___datalogs,INFO,JoyConState.GO_HOME,0.000000,0.000000,0.000000,0.091547,-0.004577,0.000000,0.004577,0.000000,0.000000,0.000000,0.000000,0,0,0,0,0,0,0,0,0,0,0,0.045257568359375,-0.010467529296875,0,0,0,0,0,0,0,0,Object notstarted,Object notstarted,Object notstarted,Object notstarted,Object notstarted,Object notstarted,Object notstarted,Object notstarted,Object notstarted
2024-02-19 19:06:54,071.071,__main___datalogs,INFO,JoyConState.GO_HOME,0.000000,0.000000,0.000000,0.091547,-0.009155,0.000000,0.004577,0.000000,0.000000,0.000000,0.000000,0,0,0,0,0,0,0,0,0,0,0,0.045257568359375,-0.010467529296875,0,0,0,0,0,0,0,0,Object notstarted,Object notstarted,Object notstarted,Object notstarted,Object notstarted,Object notstarted,Object notstarted,Object notstarted,Object notstarted
2024-02-19 19:06:54,112.112,__main___datalogs,INFO,JoyConState.GO_HOME,0.000000,0.000000,0.000000,0.096125,-0.004577,0.000000,0.004577,0.000000,0.000000,0.000000,0.000000,0,0,0,0,0,0,0,0,0,0,0,0.045257568359375,-0.010467529296875,0,0,0,0,0,0,0,0,Object notstarted,Object notstarted,Object notstarted,Object notstarted,Object notstarted,Object notstarted,Object notstarted,Object notstarted,Object notstarted
2024-02-19 19:06:54,152.152,__main___datalogs,INFO,JoyConState.GO_HOME,0.000000,0.000000,0.000000,0.096125,-0.004577,0.000000,0.004577,0.000000,0.000000,0.000000,0.000000,0,0,0,0,0,0,0,0,0,0,0,0.045257568359375,-0.010467529296875,0,0,0,0,0,0,0,0,Object notstarted,Object notstarted,Object notstarted,Object notstarted,Object notstarted,Object notstarted,Object notstarted,Object notstarted,Object notstarted
2024-02-19 19:06:54,194.194,__main___datalogs,INFO,JoyConState.GO_HOME,0.000000,0.000000,0.000000,0.096125,-0.004577,0.000000,0.004577,0.000000,0.000000,0.000000,0.000000,0,0,0,0,0,0,0,0,0,0,0,0.045257568359375,-0.010467529296875,0,0,0,0,0,0,0,0,Object notstarted,Object notstarted,Object notstarted,Object notstarted,Object notstarted,Object notstarted,Object notstarted,Object notstarted,Object notstarted
2024-02-19 19:06:54,255.255,__main___datalogs,INFO,JoyConState.GO_HOME,0.000000,0.000000,0.000000,0.096125,-0.004577,0.000000,0.004577,0.000000,0.000000,0.000000,0.000000,0,0,0,0,0,0,0,0,0,0,0,0.045257568359375,-0.010467529296875,0,0,0,0,0,0,0,0,Object notstarted,Object notstarted,Object notstarted,Object notstarted,Object notstarted,Object notstarted,Object notstarted,Object notstarted,Object notstarted
2024-02-19 19:06:54,316.316,__main___datalogs,INFO,JoyConState.GO_HOME,0.000000,0.000000,0.000000,0.098413,-0.004577,0.000000,0.004577,0.000000,0.000000,0.000000,0.000000,0,0,0,0,0,0,0,0,0,0,0,0.045257568359375,-0.010467529296875,0,0,0,0,0,0,0,0,Object notstarted,Object notstarted,Object notstarted,Object notstarted,Object notstarted,Object notstarted,Object notstarted,Object notstarted,Object notstarted
2024-02-19 19:06:54,359.359,__main___datalogs,INFO,JoyConState.GO_HOME,0.000000,0.000000,0.000000,0.091547,-0.009155,0.000000,0.004577,0.000000,0.000000,0.000000,0.000000,0,0,0,0,0,0,0,0,0,0,0,0.045257568359375,-0.010467529296875,0,0,0,0,0,0,0,0,Object notstarted,Object notstarted,Object notstarted,Object notstarted,Object notstarted,Object notstarted,Object notstarted,Object notstarted,Object notstarted
2024-02-19 19:06:54,401.401,__main___datalogs,INFO,JoyConState.GO_HOME,0.000000,0.000000,0.000000,0.096125,-0.009155,0.000000,0.004577,0.000000,0.000000,0.000000,0.000000,0,0,0,0,0,0,0,0,0,0,0,0.045257568359375,-0.010467529296875,0,0,0,0,0,0,0,0,Object notstarted,Object notstarted,Object notstarted,Object notstarted,Object notstarted,Object notstarted,Object notstarted,Object notstarted,Object notstarted
2024-02-19 19:06:54,444.444,__main___datalogs,INFO,JoyConState.GO_HOME,0.000000,0.000000,0.000000,0.091547,-0.009155,0.000000,0.006866,0.000000,0.000000,0.000000,0.000000,0,0,0,0,0,0,0,0,0,0,0,0.045257568359375,-0.010467529296875,0,0,0,0,0,0,0,0,Object notstarted,Object notstarted,Object notstarted,Object notstarted,Object notstarted,Object notstarted,Object notstarted,Object notstarted,Object notstarted
2024-02-19 19:06:54,489.489,__main___datalogs,INFO,JoyConState.GO_HOME,0.000000,0.000000,0.000000,0.091547,-0.009155,0.002289,0.004577,0.000000,0.000000,0.000000,0.000000,0,0,0,0,0,0,0,0,0,0,0,0.045257568359375,-0.010467529296875,0,0,0,0,0,0,0,0,Object notstarted,Object notstarted,Object notstarted,Object notstarted,Object notstarted,Object notstarted,Object notstarted,Object notstarted,Object notstarted
2024-02-19 19:06:54,529.529,__main___datalogs,INFO,JoyConState.GO_HOME,0.000000,0.000000,0.000000,0.091547,-0.004577,0.002289,0.004577,0.000000,0.000000,0.000000,0.000000,0,0,0,0,0,0,0,0,0,0,0,0.045257568359375,-0.010467529296875,0,0,0,0,0,0,0,0,Object notstarted,Object notstarted,Object notstarted,Object notstarted,Object notstarted,Object notstarted,Object notstarted,Object notstarted,Object notstarted
2024-02-19 19:06:54,571.571,__main___datalogs,INFO,JoyConState.GO_HOME,0.000000,0.000000,0.000000,0.096125,-0.009155,0.000000,0.004577,0.000000,0.000000,0.000000,0.000000,0,0,0,0,0,0,0,0,0,0,0,0.045257568359375,-0.010467529296875,0,0,0,0,0,0,0,0,Object notstarted,Object notstarted,Object notstarted,Object notstarted,Object notstarted,Object notstarted,Object notstarted,Object notstarted,Object notstarted
2024-02-19 19:06:54,611.611,__main___datalogs,INFO,JoyConState.GO_HOME,0.000000,0.000000,0.000000,0.096125,-0.009155,0.000000,0.004577,0.000000,0.000000,0.000000,0.000000,0,0,0,0,0,0,0,0,0,0,0,0.045257568359375,-0.010467529296875,0,0,0,0,0,0,0,0,Object notstarted,Object notstarted,Object notstarted,Object notstarted,Object notstarted,Object notstarted,Object notstarted,Object notstarted,Object notstarted
2024-02-19 19:06:54,652.652,__main___datalogs,INFO,JoyConState.GO_HOME,0.000000,0.000000,0.000000,0.091547,-0.004577,0.000000,0.004577,0.000000,0.000000,0.000000,0.000000,0,0,0,0,0,0,0,0,0,0,0,0.045257568359375,-0.010467529296875,0,0,0,0,0,0,0,0,Object notstarted,Object notstarted,Object notstarted,Object notstarted,Object notstarted,Object notstarted,Object notstarted,Object notstarted,Object notstarted
2024-02-19 19:06:54,692.692,__main___datalogs,INFO,JoyConState.GO_HOME,0.000000,0.000000,0.000000,0.091547,-0.009155,0.000000,0.004577,0.000000,0.000000,0.000000,0.000000,0,0,0,0,0,0,0,0,0,0,0,0.045257568359375,-0.010467529296875,0,0,0,0,0,0,0,0,Object notstarted,Object notstarted,Object notstarted,Object notstarted,Object notstarted,Object notstarted,Object notstarted,Object notstarted,Object notstarted
2024-02-19 19:06:54,735.735,__main___datalogs,INFO,JoyConState.GO_HOME,0.000000,0.000000,0.000000,0.091547,-0.009155,0.000000,0.004577,0.000000,0.000000,0.000000,0.000000,0,0,0,0,0,0,0,0,0,0,0,0.045257568359375,-0.010467529296875,0,0,0,0,0,0,0,0,Object notstarted,Object notstarted,Object notstarted,Object notstarted,Object notstarted,Object notstarted,Object notstarted,Object notstarted,Object notstarted
2024-02-19 19:06:54,777.777,__main___datalogs,INFO,JoyConState.GO_HOME,0.000000,0.000000,0.000000,0.096125,-0.004577,0.000000,0.004577,0.000000,0.000000,0.000000,0.000000,0,0,0,0,0,0,0,0,0,0,0,0.045257568359375,-0.010467529296875,0,0,0,0,0,0,0,0,Object notstarted,Object notstarted,Object notstarted,Object notstarted,Object notstarted,Object notstarted,Object notstarted,Object notstarted,Object notstarted
2024-02-19 19:06:54,820.820,__main___datalogs,INFO,JoyConState.GO_HOME,0.000000,0.000000,0.000000,0.096125,0.000000,0.000000,0.004577,0.000000,0.000000,0.000000,0.000000,0,0,0,0,0,0,0,0,0,0,0,0.045257568359375,-0.010467529296875,0,0,0,0,0,0,0,0,Object notstarted,Object notstarted,Object notstarted,Object notstarted,Object notstarted,Object notstarted,Object notstarted,Object notstarted,Object notstarted
2024-02-19 19:06:54,861.861,__main___datalogs,INFO,JoyConState.GO_HOME,0.000000,0.000000,0.000000,0.096125,0.000000,0.000000,0.004577,0.000000,0.000000,0.000000,0.000000,0,0,0,0,0,0,0,0,0,0,0,0.045257568359375,-0.010467529296875,0,0,0,0,0,0,0,0,Object notstarted,Object notstarted,Object notstarted,Object notstarted,Object notstarted,Object notstarted,Object notstarted,Object notstarted,Object notstarted
2024-02-19 19:06:54,903.903,__main___datalogs,INFO,JoyConState.GO_HOME,0.000000,0.000000,0.000000,0.096125,0.000000,0.000000,0.004577,0.000000,0.000000,0.000000,0.000000,0,0,0,0,0,0,0,0,0,0,0,0.045257568359375,-0.010467529296875,0,0,0,0,0,0,0,0,Object notstarted,Object notstarted,Object notstarted,Object notstarted,Object notstarted,Object notstarted,Object notstarted,Object notstarted,Object notstarted
2024-02-19 19:06:54,943.943,__main___datalogs,INFO,JoyConState.GO_HOME,0.000000,0.000000,0.000000,0.096125,-0.009155,0.000000,0.004577,0.000000,0.000000,0.000000,0.000000,0,0,0,0,0,0,0,0,0,0,0,0.045257568359375,-0.010467529296875,0,0,0,0,0,0,0,0,Object notstarted,Object notstarted,Object notstarted,Object notstarted,Object notstarted,Object notstarted,Object notstarted,Object notstarted,Object notstarted
2024-02-19 19:06:54,985.985,__main___datalogs,INFO,JoyConState.GO_HOME,0.000000,0.000000,0.000000,0.096125,-0.009155,0.000000,0.004577,0.000000,0.000000,0.000000,0.000000,0,0,0,0,0,0,0,0,0,0,0,0.045257568359375,-0.010467529296875,0,0,0,0,0,0,0,0,Object notstarted,Object notstarted,Object notstarted,Object notstarted,Object notstarted,Object notstarted,Object notstarted,Object notstarted,Object notstarted
2024-02-19 19:06:55,025.025,__main___datalogs,INFO,JoyConState.GO_HOME,0.000000,0.000000,0.000000,0.096125,0.000000,0.000000,0.004577,0.000000,0.000000,0.000000,0.000000,0,0,0,0,0,0,0,0,0,0,0,0.045257568359375,-0.010467529296875,0,0,0,0,0,0,0,0,Object notstarted,Object notstarted,Object notstarted,Object notstarted,Object notstarted,Object notstarted,Object notstarted,Object notstarted,Object notstarted
2024-02-19 19:06:55,068.068,__main___datalogs,INFO,JoyConState.GO_HOME,0.000000,0.000000,0.000000,0.096125,-0.004577,0.002289,0.004577,0.000000,0.000000,0.000000,0.000000,0,0,0,0,0,0,0,0,0,0,0,0.045257568359375,-0.010467529296875,0,0,0,0,0,0,0,0,Object notstarted,Object notstarted,Object notstarted,Object notstarted,Object notstarted,Object notstarted,Object notstarted,Object notstarted,Object notstarted
2024-02-19 19:06:55,108.108,__main___datalogs,INFO,JoyConState.GO_HOME,0.000000,0.000000,0.000000,0.091547,-0.004577,0.002289,0.004577,0.000000,0.000000,0.000000,0.000000,0,0,0,0,0,0,0,0,0,0,0,0.045257568359375,-0.010467529296875,0,0,0,0,0,0,0,0,Object notstarted,Object notstarted,Object notstarted,Object notstarted,Object notstarted,Object notstarted,Object notstarted,Object notstarted,Object notstarted
2024-02-19 19:06:55,150.150,__main___datalogs,INFO,JoyConState.GO_HOME,0.000000,0.000000,0.000000,0.091547,-0.009155,0.000000,0.004577,0.000000,0.000000,0.000000,0.000000,0,0,0,0,0,0,0,0,0,0,0,0.045257568359375,-0.010467529296875,0,0,0,0,0,0,0,0,Object notstarted,Object notstarted,Object notstarted,Object notstarted,Object notstarted,Object notstarted,Object notstarted,Object notstarted,Object notstarted
2024-02-19 19:06:55,191.191,__main___datalogs,INFO,JoyConState.GO_HOME,0.000000,0.000000,0.000000,0.091547,-0.009155,0.000000,0.004577,0.000000,0.000000,0.000000,0.000000,0,0,0,0,0,0,0,0,0,0,0,0.045257568359375,-0.010467529296875,0,0,0,0,0,0,0,0,Object notstarted,Object notstarted,Object notstarted,Object notstarted,Object notstarted,Object notstarted,Object notstarted,Object notstarted,Object notstarted
2024-02-19 19:06:55,233.233,__main___datalogs,INFO,JoyConState.GO_HOME,0.000000,0.000000,0.000000,0.096125,0.000000,0.000000,0.004577,0.000000,0.000000,0.000000,0.000000,0,0,0,0,0,0,0,0,0,0,0,0.045257568359375,-0.010467529296875,0,0,0,0,0,0,0,0,Object notstarted,Object notstarted,Object notstarted,Object notstarted,Object notstarted,Object notstarted,Object notstarted,Object notstarted,Object notstarted
2024-02-19 19:06:55,273.273,__main___datalogs,INFO,JoyConState.GO_HOME,0.000000,0.000000,0.000000,0.091547,0.000000,0.000000,0.004577,0.000000,0.000000,0.000000,0.000000,0,0,0,0,0,0,0,0,0,0,0,0.045257568359375,-0.010467529296875,0,0,0,0,0,0,0,0,Object notstarted,Object notstarted,Object notstarted,Object notstarted,Object notstarted,Object notstarted,Object notstarted,Object notstarted,Object notstarted
2024-02-19 19:06:55,318.318,__main___datalogs,INFO,JoyConState.GO_HOME,0.000000,0.000000,0.000000,0.091547,-0.004577,0.000000,0.004577,0.000000,0.000000,0.000000,0.000000,0,0,0,0,0,0,0,0,0,0,0,0.045257568359375,-0.010467529296875,0,0,0,0,0,0,0,0,Object notstarted,Object notstarted,Object notstarted,Object notstarted,Object notstarted,Object notstarted,Object notstarted,Object notstarted,Object notstarted
2024-02-19 19:06:55,360.360,__main___datalogs,INFO,JoyConState.GO_HOME,0.000000,0.000000,0.000000,0.091547,-0.009155,0.000000,0.004577,0.000000,0.000000,0.000000,0.000000,0,0,0,0,0,0,0,0,0,0,0,0.045257568359375,-0.010467529296875,0,0,0,0,0,0,0,0,Object notstarted,Object notstarted,Object notstarted,Object notstarted,Object notstarted,Object notstarted,Object notstarted,Object notstarted,Object notstarted
2024-02-19 19:06:55,402.402,__main___datalogs,INFO,JoyConState.GO_HOME,0.000000,0.000000,0.000000,0.091547,-0.009155,0.000000,0.004577,0.000000,0.000000,0.000000,0.000000,0,0,0,0,0,0,0,0,0,0,0,0.045257568359375,-0.010467529296875,0,0,0,0,0,0,0,0,Object notstarted,Object notstarted,Object notstarted,Object notstarted,Object notstarted,Object notstarted,Object notstarted,Object notstarted,Object notstarted
2024-02-19 19:06:55,444.444,__main___datalogs,INFO,JoyConState.GO_HOME,0.000000,0.000000,0.000000,0.091547,-0.009155,0.000000,0.004577,0.000000,0.000000,0.000000,0.000000,0,0,0,0,0,0,0,0,0,0,0,0.045257568359375,-0.010467529296875,0,0,0,0,0,0,0,0,Object notstarted,Object notstarted,Object notstarted,Object notstarted,Object notstarted,Object notstarted,Object notstarted,Object notstarted,Object notstarted
2024-02-19 19:06:55,487.487,__main___datalogs,INFO,JoyConState.GO_HOME,0.000000,0.000000,0.000000,0.091547,-0.009155,0.000000,0.004577,0.000000,0.000000,0.000000,0.000000,0,0,0,0,0,0,0,0,0,0,0,0.045257568359375,-0.010467529296875,0,0,0,0,0,0,0,0,Object notstarted,Object notstarted,Object notstarted,Object notstarted,Object notstarted,Object notstarted,Object notstarted,Object notstarted,Object notstarted
2024-02-19 19:06:55,526.526,__main___datalogs,INFO,JoyConState.GO_HOME,0.000000,0.000000,0.000000,0.091547,-0.009155,0.002289,0.004577,0.000000,0.000000,0.000000,0.000000,0,0,0,0,0,0,0,0,0,0,0,0.045257568359375,-0.010467529296875,0,0,0,0,0,0,0,0,Object notstarted,Object notstarted,Object notstarted,Object notstarted,Object notstarted,Object notstarted,Object notstarted,Object notstarted,Object notstarted
2024-02-19 19:06:55,566.566,__main___datalogs,INFO,JoyConState.GO_HOME,0.000000,0.000000,0.000000,0.096125,-0.009155,0.000000,0.004577,0.000000,0.000000,0.000000,0.000000,0,0,0,0,0,0,0,0,0,0,0,0.045257568359375,-0.010467529296875,0,0,0,0,0,0,0,0,Object notstarted,Object notstarted,Object notstarted,Object notstarted,Object notstarted,Object notstarted,Object notstarted,Object notstarted,Object notstarted
2024-02-19 19:06:55,608.608,__main___datalogs,INFO,JoyConState.GO_HOME,0.000000,0.000000,0.000000,0.091547,-0.004577,0.002289,0.004577,0.000000,0.000000,0.000000,0.000000,0,0,0,0,0,0,0,0,0,0,0,0.045257568359375,-0.010467529296875,0,0,0,0,0,0,0,0,Object notstarted,Object notstarted,Object notstarted,Object notstarted,Object notstarted,Object notstarted,Object notstarted,Object notstarted,Object notstarted
2024-02-19 19:06:55,647.647,__main___datalogs,INFO,JoyConState.GO_HOME,0.000000,0.000000,0.000000,0.091547,-0.009155,0.002289,0.004577,0.000000,0.000000,0.000000,0.000000,0,0,0,0,0,0,0,0,0,0,0,0.045257568359375,-0.010467529296875,0,0,0,0,0,0,0,0,Object notstarted,Object notstarted,Object notstarted,Object notstarted,Object notstarted,Object notstarted,Object notstarted,Object notstarted,Object notstarted
2024-02-19 19:06:55,688.688,__main___datalogs,INFO,JoyConState.GO_HOME,0.000000,0.000000,0.000000,0.091547,-0.011444,0.002289,0.004577,0.000000,0.000000,0.000000,0.000000,0,0,0,0,0,0,0,0,0,0,0,0.045257568359375,-0.010467529296875,0,0,0,0,0,0,0,0,Object notstarted,Object notstarted,Object notstarted,Object notstarted,Object notstarted,Object notstarted,Object notstarted,Object notstarted,Object notstarted
2024-02-19 19:06:55,730.730,__main___datalogs,INFO,JoyConState.GO_HOME,0.000000,0.000000,0.000000,0.091547,-0.011444,0.000000,0.004577,0.000000,0.000000,0.000000,0.000000,0,0,0,0,0,0,0,0,0,0,0,0.045257568359375,-0.010467529296875,0,0,0,0,0,0,0,0,Object notstarted,Object notstarted,Object notstarted,Object notstarted,Object notstarted,Object notstarted,Object notstarted,Object notstarted,Object notstarted
2024-02-19 19:06:55,776.776,__main___datalogs,INFO,JoyConState.GO_HOME,0.000000,0.000000,0.000000,0.091547,-0.009155,0.000000,0.004577,0.000000,0.000000,0.000000,0.000000,0,0,0,0,0,0,0,0,0,0,0,0.045257568359375,-0.010467529296875,0,0,0,0,0,0,0,0,Object notstarted,Object notstarted,Object notstarted,Object notstarted,Object notstarted,Object notstarted,Object notstarted,Object notstarted,Object notstarted
2024-02-19 19:06:55,820.820,__main___datalogs,INFO,JoyConState.GO_HOME,0.000000,0.000000,0.000000,0.091547,-0.011444,0.000000,0.006866,0.000000,0.000000,0.000000,0.000000,0,0,0,0,0,0,0,0,0,0,0,0.045257568359375,-0.010467529296875,0,0,0,0,0,0,0,0,Object notstarted,Object notstarted,Object notstarted,Object notstarted,Object notstarted,Object notstarted,Object notstarted,Object notstarted,Object notstarted
2024-02-19 19:06:55,861.861,__main___datalogs,INFO,JoyConState.GO_HOME,0.000000,0.000000,0.000000,0.091547,-0.004577,0.000000,0.004577,0.000000,0.000000,0.000000,0.000000,0,0,0,0,0,0,0,0,0,0,0,0.045257568359375,-0.010467529296875,0,0,0,0,0,0,0,0,Object notstarted,Object notstarted,Object notstarted,Object notstarted,Object notstarted,Object notstarted,Object notstarted,Object notstarted,Object notstarted
2024-02-19 19:06:55,905.905,__main___datalogs,INFO,JoyConState.GO_HOME,0.000000,0.000000,0.000000,0.091547,-0.009155,0.000000,0.004577,0.000000,0.000000,0.000000,0.000000,0,0,0,0,0,0,0,0,0,0,0,0.045257568359375,-0.010467529296875,0,0,0,0,0,0,0,0,Object notstarted,Object notstarted,Object notstarted,Object notstarted,Object notstarted,Object notstarted,Object notstarted,Object notstarted,Object notstarted
2024-02-19 19:06:55,945.945,__main___datalogs,INFO,JoyConState.GO_HOME,0.000000,0.000000,0.000000,0.091547,-0.009155,0.000000,0.004577,0.000000,0.000000,0.000000,0.000000,0,0,0,0,0,0,0,0,0,0,0,0.045257568359375,-0.010467529296875,0,0,0,0,0,0,0,0,Object notstarted,Object notstarted,Object notstarted,Object notstarted,Object notstarted,Object notstarted,Object notstarted,Object notstarted,Object notstarted
2024-02-19 19:06:55,988.988,__main___datalogs,INFO,JoyConState.GO_HOME,0.000000,0.000000,0.000000,0.091547,-0.009155,0.000000,0.004577,0.000000,0.000000,0.000000,0.000000,0,0,0,0,0,0,0,0,0,0,0,0.045257568359375,-0.010467529296875,0,0,0,0,0,0,0,0,Object notstarted,Object notstarted,Object notstarted,Object notstarted,Object notstarted,Object notstarted,Object notstarted,Object notstarted,Object notstarted
2024-02-19 19:06:56,029.029,__main___datalogs,INFO,JoyConState.GO_HOME,0.000000,0.000000,0.000000,0.091547,-0.004577,0.002289,0.004577,0.000000,0.000000,0.000000,0.000000,0,0,0,0,0,0,0,0,0,0,0,0.045257568359375,-0.010467529296875,0,0,0,0,0,0,0,0,Object notstarted,Object notstarted,Object notstarted,Object notstarted,Object notstarted,Object notstarted,Object notstarted,Object notstarted,Object notstarted
2024-02-19 19:06:56,070.070,__main___datalogs,INFO,JoyConState.GO_HOME,0.000000,0.000000,0.000000,0.091547,-0.004577,0.002289,0.004577,0.000000,0.000000,0.000000,0.000000,0,0,0,0,0,0,0,0,0,0,0,0.045257568359375,-0.010467529296875,0,0,0,0,0,0,0,0,Object notstarted,Object notstarted,Object notstarted,Object notstarted,Object notstarted,Object notstarted,Object notstarted,Object notstarted,Object notstarted
2024-02-19 19:06:56,110.110,__main___datalogs,INFO,JoyConState.GO_HOME,0.000000,0.000000,0.000000,0.096125,-0.004577,0.000000,0.004577,0.000000,0.000000,0.000000,0.000000,0,0,0,0,0,0,0,0,0,0,0,0.045257568359375,-0.010467529296875,0,0,0,0,0,0,0,0,Object notstarted,Object notstarted,Object notstarted,Object notstarted,Object notstarted,Object notstarted,Object notstarted,Object notstarted,Object notstarted
2024-02-19 19:06:56,151.151,__main___datalogs,INFO,JoyConState.GO_HOME,0.000000,0.000000,0.000000,0.096125,-0.011444,0.000000,0.004577,0.000000,0.000000,0.000000,0.000000,0,0,0,0,0,0,0,0,0,0,0,0.045257568359375,-0.010467529296875,0,0,0,0,0,0,0,0,Object notstarted,Object notstarted,Object notstarted,Object notstarted,Object notstarted,Object notstarted,Object notstarted,Object notstarted,Object notstarted
2024-02-19 19:06:56,192.192,__main___datalogs,INFO,JoyConState.GO_HOME,0.000000,0.000000,0.000000,0.091547,-0.009155,0.002289,0.004577,0.000000,0.000000,0.000000,0.000000,0,0,0,0,0,0,0,0,0,0,0,0.045257568359375,-0.010467529296875,0,0,0,0,0,0,0,0,Object notstarted,Object notstarted,Object notstarted,Object notstarted,Object notstarted,Object notstarted,Object notstarted,Object notstarted,Object notstarted
2024-02-19 19:06:56,232.232,__main___datalogs,INFO,JoyConState.GO_HOME,0.000000,0.000000,0.000000,0.091547,-0.009155,0.002289,0.004577,0.000000,0.000000,0.000000,0.000000,0,0,0,0,0,0,0,0,0,0,0,0.045257568359375,-0.010467529296875,0,0,0,0,0,0,0,0,Object notstarted,Object notstarted,Object notstarted,Object notstarted,Object notstarted,Object notstarted,Object notstarted,Object notstarted,Object notstarted
2024-02-19 19:06:56,274.274,__main___datalogs,INFO,JoyConState.GO_HOME,0.000000,0.000000,0.000000,0.091547,-0.009155,0.002289,0.004577,0.000000,0.000000,0.000000,0.000000,0,0,0,0,0,0,0,0,0,0,0,0.045257568359375,-0.010467529296875,0,0,0,0,0,0,0,0,Object notstarted,Object notstarted,Object notstarted,Object notstarted,Object notstarted,Object notstarted,Object notstarted,Object notstarted,Object notstarted
2024-02-19 19:06:56,317.317,__main___datalogs,INFO,JoyConState.GO_HOME,0.000000,0.000000,0.000000,0.091547,-0.009155,0.000000,0.004577,0.000000,0.000000,0.000000,0.000000,0,0,0,0,0,0,0,0,0,0,0,0.045257568359375,-0.010467529296875,0,0,0,0,0,0,0,0,Object notstarted,Object notstarted,Object notstarted,Object notstarted,Object notstarted,Object notstarted,Object notstarted,Object notstarted,Object notstarted
2024-02-19 19:06:56,358.358,__main___datalogs,INFO,JoyConState.GO_HOME,0.000000,0.000000,0.000000,0.091547,-0.009155,0.000000,0.004577,0.000000,0.000000,0.000000,0.000000,0,0,0,0,0,0,0,0,0,0,0,0.045257568359375,-0.010467529296875,0,0,0,0,0,0,0,0,Object notstarted,Object notstarted,Object notstarted,Object notstarted,Object notstarted,Object notstarted,Object notstarted,Object notstarted,Object notstarted
2024-02-19 19:06:56,404.404,__main___datalogs,INFO,JoyConState.GO_HOME,0.000000,0.000000,0.000000,0.091547,-0.011444,0.000000,0.000000,0.000000,0.000000,0.000000,0.000000,0,0,0,0,0,0,0,0,0,0,0,0.045257568359375,-0.010467529296875,0,0,0,0,0,0,0,0,Object notstarted,Object notstarted,Object notstarted,Object notstarted,Object notstarted,Object notstarted,Object notstarted,Object notstarted,Object notstarted
2024-02-19 19:06:56,444.444,__main___datalogs,INFO,JoyConState.GO_HOME,0.000000,0.000000,0.000000,0.091547,-0.009155,0.000000,0.000000,0.000000,0.000000,0.000000,0.000000,0,0,0,0,0,0,0,0,0,0,0,0.045257568359375,-0.010467529296875,0,0,0,0,0,0,0,0,Object notstarted,Object notstarted,Object notstarted,Object notstarted,Object notstarted,Object notstarted,Object notstarted,Object notstarted,Object notstarted
2024-02-19 19:06:56,486.486,__main___datalogs,INFO,JoyConState.GO_HOME,0.000000,0.000000,0.000000,0.096125,-0.004577,0.000000,0.000000,0.000000,0.000000,0.000000,0.000000,0,0,0,0,0,0,0,0,0,0,0,0.045257568359375,-0.010467529296875,0,0,0,0,0,0,0,0,Object notstarted,Object notstarted,Object notstarted,Object notstarted,Object notstarted,Object notstarted,Object notstarted,Object notstarted,Object notstarted
2024-02-19 19:06:56,526.526,__main___datalogs,INFO,JoyConState.GO_HOME,0.000000,0.000000,0.000000,0.096125,-0.009155,0.000000,0.006866,0.000000,0.000000,0.000000,0.000000,0,0,0,0,0,0,0,0,0,0,0,0.045257568359375,-0.010467529296875,0,0,0,0,0,0,0,0,Object notstarted,Object notstarted,Object notstarted,Object notstarted,Object notstarted,Object notstarted,Object notstarted,Object notstarted,Object notstarted
2024-02-19 19:06:56,568.568,__main___datalogs,INFO,JoyConState.GO_HOME,0.000000,0.000000,0.000000,0.096125,-0.009155,0.000000,0.004577,0.000000,0.000000,0.000000,0.000000,0,0,0,0,0,0,0,0,0,0,0,0.045257568359375,-0.010467529296875,0,0,0,0,0,0,0,0,Object notstarted,Object notstarted,Object notstarted,Object notstarted,Object notstarted,Object notstarted,Object notstarted,Object notstarted,Object notstarted
2024-02-19 19:06:56,608.608,__main___datalogs,INFO,JoyConState.GO_HOME,0.000000,0.000000,0.000000,0.096125,-0.009155,0.002289,0.004577,0.000000,0.000000,0.000000,0.000000,0,0,0,0,0,0,0,0,0,0,0,0.045257568359375,-0.010467529296875,0,0,0,0,0,0,0,0,Object notstarted,Object notstarted,Object notstarted,Object notstarted,Object notstarted,Object notstarted,Object notstarted,Object notstarted,Object notstarted
2024-02-19 19:06:56,651.651,__main___datalogs,INFO,JoyConState.GO_HOME,0.000000,0.000000,0.000000,0.096125,-0.009155,0.002289,0.004577,0.000000,0.000000,0.000000,0.000000,0,0,0,0,0,0,0,0,0,0,0,0.045257568359375,-0.010467529296875,0,0,0,0,0,0,0,0,Object notstarted,Object notstarted,Object notstarted,Object notstarted,Object notstarted,Object notstarted,Object notstarted,Object notstarted,Object notstarted
2024-02-19 19:06:56,692.692,__main___datalogs,INFO,JoyConState.GO_HOME,0.000000,0.000000,0.000000,0.098413,-0.004577,0.000000,0.000000,0.000000,0.000000,0.000000,0.000000,0,0,0,0,0,0,0,0,0,0,0,0.045257568359375,-0.010467529296875,0,0,0,0,0,0,0,0,Object notstarted,Object notstarted,Object notstarted,Object notstarted,Object notstarted,Object notstarted,Object notstarted,Object notstarted,Object notstarted
2024-02-19 19:06:56,736.736,__main___datalogs,INFO,JoyConState.GO_HOME,0.000000,0.000000,0.000000,0.096125,-0.009155,0.002289,0.000000,0.000000,0.000000,0.000000,0.000000,0,0,0,0,0,0,0,0,0,0,0,0.045257568359375,-0.010467529296875,0,0,0,0,0,0,0,0,Object notstarted,Object notstarted,Object notstarted,Object notstarted,Object notstarted,Object notstarted,Object notstarted,Object notstarted,Object notstarted
2024-02-19 19:06:56,775.775,__main___datalogs,INFO,JoyConState.GO_HOME,0.000000,0.000000,0.000000,0.096125,-0.004577,0.000000,0.000000,0.000000,0.000000,0.000000,0.000000,0,0,0,0,0,0,0,0,0,0,0,0.045257568359375,-0.010467529296875,0,0,0,0,0,0,0,0,Object notstarted,Object notstarted,Object notstarted,Object notstarted,Object notstarted,Object notstarted,Object notstarted,Object notstarted,Object notstarted
2024-02-19 19:06:56,817.817,__main___datalogs,INFO,JoyConState.GO_HOME,0.000000,0.000000,0.000000,0.091547,-0.004577,0.000000,0.000000,0.000000,0.000000,0.000000,0.000000,0,0,0,0,0,0,0,0,0,0,0,0.045257568359375,-0.010467529296875,0,0,0,0,0,0,0,0,Object notstarted,Object notstarted,Object notstarted,Object notstarted,Object notstarted,Object notstarted,Object notstarted,Object notstarted,Object notstarted
2024-02-19 19:06:56,859.859,__main___datalogs,INFO,JoyConState.GO_HOME,0.000000,0.000000,0.000000,0.091547,-0.009155,0.000000,0.000000,0.000000,0.000000,0.000000,0.000000,0,0,0,0,0,0,0,0,0,0,0,0.045257568359375,-0.010467529296875,0,0,0,0,0,0,0,0,Object notstarted,Object notstarted,Object notstarted,Object notstarted,Object notstarted,Object notstarted,Object notstarted,Object notstarted,Object notstarted
2024-02-19 19:06:56,901.901,__main___datalogs,INFO,JoyConState.GO_HOME,0.000000,0.000000,0.000000,0.096125,-0.004577,0.000000,0.000000,0.000000,0.000000,0.000000,0.000000,0,0,0,0,0,0,0,0,0,0,0,0.045257568359375,-0.010467529296875,0,0,0,0,0,0,0,0,Object notstarted,Object notstarted,Object notstarted,Object notstarted,Object notstarted,Object notstarted,Object notstarted,Object notstarted,Object notstarted
2024-02-19 19:06:56,943.943,__main___datalogs,INFO,JoyConState.GO_HOME,0.000000,0.000000,0.000000,0.096125,-0.009155,0.000000,0.000000,0.000000,0.000000,0.000000,0.000000,0,0,0,0,0,0,0,0,0,0,0,0.045257568359375,-0.010467529296875,0,0,0,0,0,0,0,0,Object notstarted,Object notstarted,Object notstarted,Object notstarted,Object notstarted,Object notstarted,Object notstarted,Object notstarted,Object notstarted
2024-02-19 19:06:56,985.985,__main___datalogs,INFO,JoyConState.GO_HOME,0.000000,0.000000,0.000000,0.096125,-0.004577,0.002289,0.000000,0.000000,0.000000,0.000000,0.000000,0,0,0,0,0,0,0,0,0,0,0,0.045257568359375,-0.010467529296875,0,0,0,0,0,0,0,0,Object notstarted,Object notstarted,Object notstarted,Object notstarted,Object notstarted,Object notstarted,Object notstarted,Object notstarted,Object notstarted
2024-02-19 19:06:57,026.026,__main___datalogs,INFO,JoyConState.GO_HOME,0.000000,0.000000,0.000000,0.096125,-0.004577,0.002289,0.000000,0.000000,0.000000,0.000000,0.000000,0,0,0,0,0,0,0,0,0,0,0,0.045257568359375,-0.010467529296875,0,0,0,0,0,0,0,0,Object notstarted,Object notstarted,Object notstarted,Object notstarted,Object notstarted,Object notstarted,Object notstarted,Object notstarted,Object notstarted
2024-02-19 19:06:57,067.067,__main___datalogs,INFO,JoyConState.GO_HOME,0.000000,0.000000,0.000000,0.096125,-0.004577,0.000000,0.000000,0.000000,0.000000,0.000000,0.000000,0,0,0,0,0,0,0,0,0,0,0,0.045257568359375,-0.010467529296875,0,0,0,0,0,0,0,0,Object notstarted,Object notstarted,Object notstarted,Object notstarted,Object notstarted,Object notstarted,Object notstarted,Object notstarted,Object notstarted
2024-02-19 19:06:57,109.109,__main___datalogs,INFO,JoyConState.GO_HOME,0.000000,0.000000,0.000000,0.098413,-0.004577,0.000000,0.004577,0.000000,0.000000,0.000000,0.000000,0,0,0,0,0,0,0,0,0,0,0,0.045257568359375,-0.010467529296875,0,0,0,0,0,0,0,0,Object notstarted,Object notstarted,Object notstarted,Object notstarted,Object notstarted,Object notstarted,Object notstarted,Object notstarted,Object notstarted
2024-02-19 19:06:57,151.151,__main___datalogs,INFO,JoyConState.GO_HOME,0.000000,0.000000,0.000000,0.096125,-0.004577,0.000000,0.004577,0.000000,0.000000,0.000000,0.000000,0,0,0,0,0,0,0,0,0,0,0,0.045257568359375,-0.010467529296875,0,0,0,0,0,0,0,0,Object notstarted,Object notstarted,Object notstarted,Object notstarted,Object notstarted,Object notstarted,Object notstarted,Object notstarted,Object notstarted
2024-02-19 19:06:57,192.192,__main___datalogs,INFO,JoyConState.GO_HOME,0.000000,0.000000,0.000000,0.096125,-0.004577,0.002289,0.000000,0.000000,0.000000,0.000000,0.000000,0,0,0,0,0,0,0,0,0,0,0,0.045257568359375,-0.010467529296875,0,0,0,0,0,0,0,0,Object notstarted,Object notstarted,Object notstarted,Object notstarted,Object notstarted,Object notstarted,Object notstarted,Object notstarted,Object notstarted
2024-02-19 19:06:57,234.234,__main___datalogs,INFO,JoyConState.GO_HOME,0.000000,0.000000,0.000000,0.091547,0.000000,0.000000,0.000000,0.000000,0.000000,0.000000,0.000000,0,0,0,0,0,0,0,0,0,0,0,0.045257568359375,-0.010467529296875,0,0,0,0,0,0,0,0,Object notstarted,Object notstarted,Object notstarted,Object notstarted,Object notstarted,Object notstarted,Object notstarted,Object notstarted,Object notstarted
2024-02-19 19:06:57,275.275,__main___datalogs,INFO,JoyConState.GO_HOME,0.000000,0.000000,0.000000,0.091547,0.000000,0.000000,0.000000,0.000000,0.000000,0.000000,0.000000,0,0,0,0,0,0,0,0,0,0,0,0.045257568359375,-0.010467529296875,0,0,0,0,0,0,0,0,Object notstarted,Object notstarted,Object notstarted,Object notstarted,Object notstarted,Object notstarted,Object notstarted,Object notstarted,Object notstarted
2024-02-19 19:06:57,316.316,__main___datalogs,INFO,JoyConState.GO_HOME,0.000000,0.000000,0.000000,0.091547,-0.009155,0.000000,0.004577,0.000000,0.000000,0.000000,0.000000,0,0,0,0,0,0,0,0,0,0,0,0.045257568359375,-0.010467529296875,0,0,0,0,0,0,0,0,Object notstarted,Object notstarted,Object notstarted,Object notstarted,Object notstarted,Object notstarted,Object notstarted,Object notstarted,Object notstarted
2024-02-19 19:06:57,356.356,__main___datalogs,INFO,JoyConState.GO_HOME,0.000000,0.000000,0.000000,0.091547,-0.004577,0.000000,0.004577,0.000000,0.000000,0.000000,0.000000,0,0,0,0,0,0,0,0,0,0,0,0.045257568359375,-0.010467529296875,0,0,0,0,0,0,0,0,Object notstarted,Object notstarted,Object notstarted,Object notstarted,Object notstarted,Object notstarted,Object notstarted,Object notstarted,Object notstarted
2024-02-19 19:06:57,400.400,__main___datalogs,INFO,JoyConState.GO_HOME,0.000000,0.000000,0.000000,0.091547,-0.004577,0.000000,0.004577,0.000000,0.000000,0.000000,0.000000,0,0,0,0,0,0,0,0,0,0,0,0.045257568359375,-0.010467529296875,0,0,0,0,0,0,0,0,Object notstarted,Object notstarted,Object notstarted,Object notstarted,Object notstarted,Object notstarted,Object notstarted,Object notstarted,Object notstarted
2024-02-19 19:06:57,456.456,__main___datalogs,INFO,JoyConState.GO_HOME,0.000000,0.000000,0.000000,0.096125,-0.011444,0.000000,0.004577,0.000000,0.000000,0.000000,0.000000,0,0,0,0,0,0,0,0,0,0,0,0.045257568359375,-0.010467529296875,0,0,0,0,0,0,0,0,Object notstarted,Object notstarted,Object notstarted,Object notstarted,Object notstarted,Object notstarted,Object notstarted,Object notstarted,Object notstarted
2024-02-19 19:06:57,499.499,__main___datalogs,INFO,JoyConState.GO_HOME,0.000000,0.000000,0.000000,0.096125,-0.004577,0.000000,0.004577,0.000000,0.000000,0.000000,0.000000,0,0,0,0,0,0,0,0,0,0,0,0.045257568359375,-0.010467529296875,0,0,0,0,0,0,0,0,Object notstarted,Object notstarted,Object notstarted,Object notstarted,Object notstarted,Object notstarted,Object notstarted,Object notstarted,Object notstarted
2024-02-19 19:06:57,540.540,__main___datalogs,INFO,JoyConState.GO_HOME,0.000000,0.000000,0.000000,0.091547,-0.004577,0.000000,0.000000,0.000000,0.000000,0.000000,0.000000,0,0,0,0,0,0,0,0,0,0,0,0.045257568359375,-0.010467529296875,0,0,0,0,0,0,0,0,Object notstarted,Object notstarted,Object notstarted,Object notstarted,Object notstarted,Object notstarted,Object notstarted,Object notstarted,Object notstarted
2024-02-19 19:06:57,583.583,__main___datalogs,INFO,JoyConState.GO_HOME,0.000000,0.000000,0.000000,0.091547,-0.004577,-0.006866,0.000000,0.000000,0.000000,0.000000,0.000000,0,0,0,0,0,0,0,0,0,0,0,0.045257568359375,-0.010467529296875,0,0,0,0,0,0,0,0,Object notstarted,Object notstarted,Object notstarted,Object notstarted,Object notstarted,Object notstarted,Object notstarted,Object notstarted,Object notstarted
2024-02-19 19:06:57,624.624,__main___datalogs,INFO,JoyConState.GO_HOME,0.000000,0.000000,0.000000,0.091547,-0.004577,0.000000,0.004577,0.000000,0.000000,0.000000,0.000000,0,0,0,0,0,0,0,0,0,0,0,0.045257568359375,-0.010467529296875,0,0,0,0,0,0,0,0,Object notstarted,Object notstarted,Object notstarted,Object notstarted,Object notstarted,Object notstarted,Object notstarted,Object notstarted,Object notstarted
2024-02-19 19:06:57,665.665,__main___datalogs,INFO,JoyConState.GO_HOME,0.000000,0.000000,0.000000,0.091547,-0.004577,0.000000,0.004577,0.000000,0.000000,0.000000,0.000000,0,0,0,0,0,0,0,0,0,0,0,0.045257568359375,-0.010467529296875,0,0,0,0,0,0,0,0,Object notstarted,Object notstarted,Object notstarted,Object notstarted,Object notstarted,Object notstarted,Object notstarted,Object notstarted,Object notstarted
2024-02-19 19:06:57,707.707,__main___datalogs,INFO,JoyConState.GO_HOME,0.000000,0.000000,0.000000,0.096125,-0.004577,0.000000,0.004577,0.000000,0.000000,0.000000,0.000000,0,0,0,0,0,0,0,0,0,0,0,0.045257568359375,-0.010467529296875,0,0,0,0,0,0,0,0,Object notstarted,Object notstarted,Object notstarted,Object notstarted,Object notstarted,Object notstarted,Object notstarted,Object notstarted,Object notstarted
2024-02-19 19:06:57,749.749,__main___datalogs,INFO,JoyConState.GO_HOME,0.000000,0.000000,0.000000,0.096125,-0.009155,-0.006866,0.004577,0.000000,0.000000,0.000000,0.000000,0,0,0,0,0,0,0,0,0,0,0,0.045257568359375,-0.010467529296875,0,0,0,0,0,0,0,0,Object notstarted,Object notstarted,Object notstarted,Object notstarted,Object notstarted,Object notstarted,Object notstarted,Object notstarted,Object notstarted
2024-02-19 19:06:57,791.791,__main___datalogs,INFO,JoyConState.GO_HOME,0.000000,0.000000,0.000000,0.096125,-0.011444,0.000000,0.004577,0.000000,0.000000,0.000000,0.000000,0,0,0,0,0,0,0,0,0,0,0,0.045257568359375,-0.010467529296875,0,0,0,0,0,0,0,0,Object notstarted,Object notstarted,Object notstarted,Object notstarted,Object notstarted,Object notstarted,Object notstarted,Object notstarted,Object notstarted
2024-02-19 19:06:57,832.832,__main___datalogs,INFO,JoyConState.GO_HOME,0.000000,0.000000,0.000000,0.098413,-0.009155,0.002289,0.004577,0.000000,0.000000,0.000000,0.000000,0,0,0,0,0,0,0,0,0,0,0,0.045257568359375,-0.010467529296875,0,0,0,0,0,0,0,0,Object notstarted,Object notstarted,Object notstarted,Object notstarted,Object notstarted,Object notstarted,Object notstarted,Object notstarted,Object notstarted
2024-02-19 19:06:57,875.875,__main___datalogs,INFO,JoyConState.GO_HOME,0.000000,0.000000,0.000000,0.096125,-0.009155,0.002289,0.004577,0.000000,0.000000,0.000000,0.000000,0,0,0,0,0,0,0,0,0,0,0,0.045257568359375,-0.010467529296875,0,0,0,0,0,0,0,0,Object notstarted,Object notstarted,Object notstarted,Object notstarted,Object notstarted,Object notstarted,Object notstarted,Object notstarted,Object notstarted
2024-02-19 19:06:57,917.917,__main___datalogs,INFO,JoyConState.GO_HOME,0.000000,0.000000,0.000000,0.096125,-0.009155,0.002289,-0.004577,0.000000,0.000000,0.000000,0.000000,0,0,0,0,0,0,0,0,0,0,0,0.045257568359375,-0.010467529296875,0,0,0,0,0,0,0,0,Object notstarted,Object notstarted,Object notstarted,Object notstarted,Object notstarted,Object notstarted,Object notstarted,Object notstarted,Object notstarted
2024-02-19 19:06:57,958.958,__main___datalogs,INFO,JoyConState.GO_HOME,0.000000,0.000000,0.000000,0.098413,-0.011444,-0.006866,0.000000,0.000000,0.000000,0.000000,0.000000,0,0,0,0,0,0,0,0,0,0,0,0.045257568359375,-0.010467529296875,0,0,0,0,0,0,0,0,Object notstarted,Object notstarted,Object notstarted,Object notstarted,Object notstarted,Object notstarted,Object notstarted,Object notstarted,Object notstarted
2024-02-19 19:06:58,000.000,__main___datalogs,INFO,JoyConState.GO_HOME,0.000000,0.000000,0.000000,0.096125,-0.009155,0.000000,0.004577,0.000000,0.000000,0.000000,0.000000,0,0,0,0,0,0,0,0,0,0,0,0.045257568359375,-0.010467529296875,0,0,0,0,0,0,0,0,Object notstarted,Object notstarted,Object notstarted,Object notstarted,Object notstarted,Object notstarted,Object notstarted,Object notstarted,Object notstarted
2024-02-19 19:06:58,041.041,__main___datalogs,INFO,JoyConState.GO_HOME,0.000000,0.000000,0.000000,0.096125,-0.009155,0.002289,0.004577,0.000000,0.000000,0.000000,0.000000,0,0,0,0,0,0,0,0,0,0,0,0.045257568359375,-0.010467529296875,0,0,0,0,0,0,0,0,Object notstarted,Object notstarted,Object notstarted,Object notstarted,Object notstarted,Object notstarted,Object notstarted,Object notstarted,Object notstarted
2024-02-19 19:06:58,083.083,__main___datalogs,INFO,JoyConState.GO_HOME,0.000000,0.000000,0.000000,0.096125,-0.004577,0.002289,0.004577,0.000000,0.000000,0.000000,0.000000,0,0,0,0,0,0,0,0,0,0,0,0.045257568359375,-0.010467529296875,0,0,0,0,0,0,0,0,Object notstarted,Object notstarted,Object notstarted,Object notstarted,Object notstarted,Object notstarted,Object notstarted,Object notstarted,Object notstarted
2024-02-19 19:06:58,125.125,__main___datalogs,INFO,JoyConState.GO_HOME,0.000000,0.000000,0.000000,0.091547,-0.004577,0.000000,0.004577,0.000000,0.000000,0.000000,0.000000,0,0,0,0,0,0,0,0,0,0,0,0.045257568359375,-0.010467529296875,0,0,0,0,0,0,0,0,Object notstarted,Object notstarted,Object notstarted,Object notstarted,Object notstarted,Object notstarted,Object notstarted,Object notstarted,Object notstarted
2024-02-19 19:06:58,168.168,__main___datalogs,INFO,JoyConState.GO_HOME,0.000000,0.000000,0.000000,0.091547,-0.004577,0.000000,0.004577,0.000000,0.000000,0.000000,0.000000,0,0,0,0,0,0,0,0,0,0,0,0.045257568359375,-0.010467529296875,0,0,0,0,0,0,0,0,Object notstarted,Object notstarted,Object notstarted,Object notstarted,Object notstarted,Object notstarted,Object notstarted,Object notstarted,Object notstarted
2024-02-19 19:06:58,209.209,__main___datalogs,INFO,JoyConState.GO_HOME,0.000000,0.000000,0.000000,0.091547,-0.004577,0.002289,0.004577,0.000000,0.000000,0.000000,0.000000,0,0,0,0,0,0,0,0,0,0,0,0.045257568359375,-0.010467529296875,0,0,0,0,0,0,0,0,Object notstarted,Object notstarted,Object notstarted,Object notstarted,Object notstarted,Object notstarted,Object notstarted,Object notstarted,Object notstarted
2024-02-19 19:06:58,252.252,__main___datalogs,INFO,JoyConState.GO_HOME,0.000000,0.000000,0.000000,0.091547,-0.004577,0.002289,0.004577,0.000000,0.000000,0.000000,0.000000,0,0,0,0,0,0,0,0,0,0,0,0.045257568359375,-0.010467529296875,0,0,0,0,0,0,0,0,Object notstarted,Object notstarted,Object notstarted,Object notstarted,Object notstarted,Object notstarted,Object notstarted,Object notstarted,Object notstarted
2024-02-19 19:06:58,291.291,__main___datalogs,INFO,JoyConState.GO_HOME,0.000000,0.000000,0.000000,0.091547,-0.004577,0.002289,0.004577,0.000000,0.000000,0.000000,0.000000,0,0,0,0,0,0,0,0,0,0,0,0.045257568359375,-0.010467529296875,0,0,0,0,0,0,0,0,Object notstarted,Object notstarted,Object notstarted,Object notstarted,Object notstarted,Object notstarted,Object notstarted,Object notstarted,Object notstarted
2024-02-19 19:06:58,334.334,__main___datalogs,INFO,JoyConState.GO_HOME,0.000000,0.000000,0.000000,0.096125,-0.009155,0.002289,0.000000,0.000000,0.000000,0.000000,0.000000,0,0,0,0,0,0,0,0,0,0,0,0.045257568359375,-0.010467529296875,0,0,0,0,0,0,0,0,Object notstarted,Object notstarted,Object notstarted,Object notstarted,Object notstarted,Object notstarted,Object notstarted,Object notstarted,Object notstarted
2024-02-19 19:06:58,375.375,__main___datalogs,INFO,JoyConState.GO_HOME,0.000000,0.000000,0.000000,0.096125,-0.009155,0.002289,-0.004577,0.000000,0.000000,0.000000,0.000000,0,0,0,0,0,0,0,0,0,0,0,0.045257568359375,-0.010467529296875,0,0,0,0,0,0,0,0,Object notstarted,Object notstarted,Object notstarted,Object notstarted,Object notstarted,Object notstarted,Object notstarted,Object notstarted,Object notstarted
2024-02-19 19:06:58,418.418,__main___datalogs,INFO,JoyConState.GO_HOME,0.000000,0.000000,0.000000,0.096125,-0.009155,0.000000,0.000000,0.000000,0.000000,0.000000,0.000000,0,0,0,0,0,0,0,0,0,0,0,0.045257568359375,-0.010467529296875,0,0,0,0,0,0,0,0,Object notstarted,Object notstarted,Object notstarted,Object notstarted,Object notstarted,Object notstarted,Object notstarted,Object notstarted,Object notstarted
2024-02-19 19:06:58,460.460,__main___datalogs,INFO,JoyConState.GO_HOME,0.000000,0.000000,0.000000,0.091547,-0.004577,0.000000,0.000000,0.000000,0.000000,0.000000,0.000000,0,0,0,0,0,0,0,0,0,0,0,0.045257568359375,-0.010467529296875,0,0,0,0,0,0,0,0,Object notstarted,Object notstarted,Object notstarted,Object notstarted,Object notstarted,Object notstarted,Object notstarted,Object notstarted,Object notstarted
2024-02-19 19:06:58,502.502,__main___datalogs,INFO,JoyConState.GO_HOME,0.000000,0.000000,0.000000,0.091547,-0.004577,0.002289,0.004577,0.000000,0.000000,0.000000,0.000000,0,0,0,0,0,0,0,0,0,0,0,0.045257568359375,-0.010467529296875,0,0,0,0,0,0,0,0,Object notstarted,Object notstarted,Object notstarted,Object notstarted,Object notstarted,Object notstarted,Object notstarted,Object notstarted,Object notstarted
2024-02-19 19:06:58,541.541,__main___datalogs,INFO,JoyConState.GO_HOME,0.000000,0.000000,0.000000,0.096125,-0.004577,0.002289,0.004577,0.000000,0.000000,0.000000,0.000000,0,0,0,0,0,0,0,0,0,0,0,0.045257568359375,-0.010467529296875,0,0,0,0,0,0,0,0,Object notstarted,Object notstarted,Object notstarted,Object notstarted,Object notstarted,Object notstarted,Object notstarted,Object notstarted,Object notstarted
2024-02-19 19:06:58,584.584,__main___datalogs,INFO,JoyConState.GO_HOME,0.000000,0.000000,0.000000,0.096125,-0.004577,0.002289,0.004577,0.000000,0.000000,0.000000,0.000000,0,0,0,0,0,0,0,0,0,0,0,0.045257568359375,-0.010467529296875,0,0,0,0,0,0,0,0,Object notstarted,Object notstarted,Object notstarted,Object notstarted,Object notstarted,Object notstarted,Object notstarted,Object notstarted,Object notstarted
2024-02-19 19:06:58,624.624,__main___datalogs,INFO,JoyConState.GO_HOME,0.000000,0.000000,0.000000,0.096125,-0.009155,0.000000,0.004577,0.000000,0.000000,0.000000,0.000000,0,0,0,0,0,0,0,0,0,0,0,0.045257568359375,-0.010467529296875,0,0,0,0,0,0,0,0,Object notstarted,Object notstarted,Object notstarted,Object notstarted,Object notstarted,Object notstarted,Object notstarted,Object notstarted,Object notstarted
2024-02-19 19:06:58,668.668,__main___datalogs,INFO,JoyConState.GO_HOME,0.000000,0.000000,0.000000,0.096125,-0.009155,0.000000,0.000000,0.000000,0.000000,0.000000,0.000000,0,0,0,0,0,0,0,0,0,0,0,0.045257568359375,-0.010467529296875,0,0,0,0,0,0,0,0,Object notstarted,Object notstarted,Object notstarted,Object notstarted,Object notstarted,Object notstarted,Object notstarted,Object notstarted,Object notstarted
2024-02-19 19:06:58,709.709,__main___datalogs,INFO,JoyConState.GO_HOME,0.000000,0.000000,0.000000,0.096125,-0.009155,0.002289,0.000000,0.000000,0.000000,0.000000,0.000000,0,0,0,0,0,0,0,0,0,0,0,0.045257568359375,-0.010467529296875,0,0,0,0,0,0,0,0,Object notstarted,Object notstarted,Object notstarted,Object notstarted,Object notstarted,Object notstarted,Object notstarted,Object notstarted,Object notstarted
2024-02-19 19:06:58,752.752,__main___datalogs,INFO,JoyConState.GO_HOME,0.000000,0.000000,0.000000,0.098413,-0.004577,0.000000,0.000000,0.000000,0.000000,0.000000,0.000000,0,0,0,0,0,0,0,0,0,0,0,0.045257568359375,-0.010467529296875,0,0,0,0,0,0,0,0,Object notstarted,Object notstarted,Object notstarted,Object notstarted,Object notstarted,Object notstarted,Object notstarted,Object notstarted,Object notstarted
2024-02-19 19:06:58,792.792,__main___datalogs,INFO,JoyConState.GO_HOME,0.000000,0.000000,0.000000,0.096125,-0.004577,0.000000,0.004577,0.000000,0.000000,0.000000,0.000000,0,0,0,0,0,0,0,0,0,0,0,0.045257568359375,-0.010467529296875,0,0,0,0,0,0,0,0,Object notstarted,Object notstarted,Object notstarted,Object notstarted,Object notstarted,Object notstarted,Object notstarted,Object notstarted,Object notstarted
2024-02-19 19:06:58,835.835,__main___datalogs,INFO,JoyConState.GO_HOME,0.000000,0.000000,0.000000,0.091547,-0.004577,0.000000,0.004577,0.000000,0.000000,0.000000,0.000000,0,0,0,0,0,0,0,0,0,0,0,0.045257568359375,-0.010467529296875,0,0,0,0,0,0,0,0,Object notstarted,Object notstarted,Object notstarted,Object notstarted,Object notstarted,Object notstarted,Object notstarted,Object notstarted,Object notstarted
2024-02-19 19:06:58,877.877,__main___datalogs,INFO,JoyConState.GO_HOME,0.000000,0.000000,0.000000,0.091547,-0.004577,0.000000,0.004577,0.000000,0.000000,0.000000,0.000000,0,0,0,0,0,0,0,0,0,0,0,0.045257568359375,-0.010467529296875,0,0,0,0,0,0,0,0,Object notstarted,Object notstarted,Object notstarted,Object notstarted,Object notstarted,Object notstarted,Object notstarted,Object notstarted,Object notstarted
2024-02-19 19:06:58,918.918,__main___datalogs,INFO,JoyConState.GO_HOME,0.000000,0.000000,0.000000,0.091547,-0.004577,0.000000,0.004577,0.000000,0.000000,0.000000,0.000000,0,0,0,0,0,0,0,0,0,0,0,0.045257568359375,-0.010467529296875,0,0,0,0,0,0,0,0,Object notstarted,Object notstarted,Object notstarted,Object notstarted,Object notstarted,Object notstarted,Object notstarted,Object notstarted,Object notstarted
2024-02-19 19:06:58,959.959,__main___datalogs,INFO,JoyConState.GO_HOME,0.000000,0.000000,0.000000,0.091547,-0.004577,0.000000,0.004577,0.000000,0.000000,0.000000,0.000000,0,0,0,0,0,0,0,0,0,0,0,0.045257568359375,-0.010467529296875,0,0,0,0,0,0,0,0,Object notstarted,Object notstarted,Object notstarted,Object notstarted,Object notstarted,Object notstarted,Object notstarted,Object notstarted,Object notstarted
2024-02-19 19:06:59,002.002,__main___datalogs,INFO,JoyConState.GO_HOME,0.000000,0.000000,0.000000,0.091547,-0.004577,0.000000,0.004577,0.000000,0.000000,0.000000,0.000000,0,0,0,0,0,0,0,0,0,0,0,0.045257568359375,-0.010467529296875,0,0,0,0,0,0,0,0,Object notstarted,Object notstarted,Object notstarted,Object notstarted,Object notstarted,Object notstarted,Object notstarted,Object notstarted,Object notstarted
2024-02-19 19:06:59,043.043,__main___datalogs,INFO,JoyConState.GO_HOME,0.000000,0.000000,0.000000,0.091547,-0.004577,0.000000,0.000000,0.000000,0.000000,0.000000,0.000000,0,0,0,0,0,0,0,0,0,0,0,0.045257568359375,-0.010467529296875,0,0,0,0,0,0,0,0,Object notstarted,Object notstarted,Object notstarted,Object notstarted,Object notstarted,Object notstarted,Object notstarted,Object notstarted,Object notstarted
2024-02-19 19:06:59,084.084,__main___datalogs,INFO,JoyConState.GO_HOME,0.000000,0.000000,0.000000,0.091547,-0.004577,0.002289,-0.004577,0.000000,0.000000,0.000000,0.000000,0,0,0,0,0,0,0,0,0,0,0,0.045257568359375,-0.010467529296875,0,0,0,0,0,0,0,0,Object notstarted,Object notstarted,Object notstarted,Object notstarted,Object notstarted,Object notstarted,Object notstarted,Object notstarted,Object notstarted
2024-02-19 19:06:59,126.126,__main___datalogs,INFO,JoyConState.GO_HOME,0.000000,0.000000,0.000000,0.096125,0.000000,0.002289,0.004577,0.000000,0.000000,0.000000,0.000000,0,0,0,0,0,0,0,0,0,0,0,0.045257568359375,-0.010467529296875,0,0,0,0,0,0,0,0,Object notstarted,Object notstarted,Object notstarted,Object notstarted,Object notstarted,Object notstarted,Object notstarted,Object notstarted,Object notstarted
2024-02-19 19:06:59,169.169,__main___datalogs,INFO,JoyConState.GO_HOME,0.000000,0.000000,0.000000,0.091547,-0.009155,0.002289,0.004577,0.000000,0.000000,0.000000,0.000000,0,0,0,0,0,0,0,0,0,0,0,0.045257568359375,-0.010467529296875,0,0,0,0,0,0,0,0,Object notstarted,Object notstarted,Object notstarted,Object notstarted,Object notstarted,Object notstarted,Object notstarted,Object notstarted,Object notstarted
2024-02-19 19:06:59,209.209,__main___datalogs,INFO,JoyConState.GO_HOME,0.000000,0.000000,0.000000,0.091547,-0.009155,0.000000,0.000000,0.000000,0.000000,0.000000,0.000000,0,0,0,0,0,0,0,0,0,0,0,0.045257568359375,-0.010467529296875,0,0,0,0,0,0,0,0,Object notstarted,Object notstarted,Object notstarted,Object notstarted,Object notstarted,Object notstarted,Object notstarted,Object notstarted,Object notstarted
2024-02-19 19:06:59,253.253,__main___datalogs,INFO,JoyConState.GO_HOME,0.000000,0.000000,0.000000,0.091547,-0.004577,0.000000,0.000000,0.000000,0.000000,0.000000,0.000000,0,0,0,0,0,0,0,0,0,0,0,0.045257568359375,-0.010467529296875,0,0,0,0,0,0,0,0,Object notstarted,Object notstarted,Object notstarted,Object notstarted,Object notstarted,Object notstarted,Object notstarted,Object notstarted,Object notstarted
2024-02-19 19:06:59,292.292,__main___datalogs,INFO,JoyConState.GO_HOME,0.000000,0.000000,0.000000,0.091547,-0.004577,0.000000,0.000000,0.000000,0.000000,0.000000,0.000000,0,0,0,0,0,0,0,0,0,0,0,0.045257568359375,-0.010467529296875,0,0,0,0,0,0,0,0,Object notstarted,Object notstarted,Object notstarted,Object notstarted,Object notstarted,Object notstarted,Object notstarted,Object notstarted,Object notstarted
2024-02-19 19:06:59,334.334,__main___datalogs,INFO,JoyConState.GO_HOME,0.000000,0.000000,0.000000,0.091547,-0.004577,0.000000,0.004577,0.000000,0.000000,0.000000,0.000000,0,0,0,0,0,0,0,0,0,0,0,0.045257568359375,-0.010467529296875,0,0,0,0,0,0,0,0,Object notstarted,Object notstarted,Object notstarted,Object notstarted,Object notstarted,Object notstarted,Object notstarted,Object notstarted,Object notstarted
2024-02-19 19:06:59,376.376,__main___datalogs,INFO,JoyConState.GO_HOME,0.000000,0.000000,0.000000,0.091547,-0.009155,0.002289,0.000000,0.000000,0.000000,0.000000,0.000000,0,0,0,0,0,0,0,0,0,0,0,0.045257568359375,-0.010467529296875,0,0,0,0,0,0,0,0,Object notstarted,Object notstarted,Object notstarted,Object notstarted,Object notstarted,Object notstarted,Object notstarted,Object notstarted,Object notstarted
2024-02-19 19:06:59,418.418,__main___datalogs,INFO,JoyConState.GO_HOME,0.000000,0.000000,0.000000,0.091547,-0.004577,0.002289,0.000000,0.000000,0.000000,0.000000,0.000000,0,0,0,0,0,0,0,0,0,0,0,0.045257568359375,-0.010467529296875,0,0,0,0,0,0,0,0,Object notstarted,Object notstarted,Object notstarted,Object notstarted,Object notstarted,Object notstarted,Object notstarted,Object notstarted,Object notstarted
2024-02-19 19:06:59,459.459,__main___datalogs,INFO,JoyConState.GO_HOME,0.000000,0.000000,0.000000,0.091547,-0.009155,0.002289,0.004577,0.000000,0.000000,0.000000,0.000000,0,0,0,0,0,0,0,0,0,0,0,0.045257568359375,-0.010467529296875,0,0,0,0,0,0,0,0,Object notstarted,Object notstarted,Object notstarted,Object notstarted,Object notstarted,Object notstarted,Object notstarted,Object notstarted,Object notstarted
2024-02-19 19:06:59,502.502,__main___datalogs,INFO,JoyConState.GO_HOME,0.000000,0.000000,0.000000,0.091547,-0.009155,0.002289,0.000000,0.000000,0.000000,0.000000,0.000000,0,0,0,0,0,0,0,0,0,0,0,0.045257568359375,-0.010467529296875,0,0,0,0,0,0,0,0,Object notstarted,Object notstarted,Object notstarted,Object notstarted,Object notstarted,Object notstarted,Object notstarted,Object notstarted,Object notstarted
2024-02-19 19:06:59,542.542,__main___datalogs,INFO,JoyConState.GO_HOME,0.000000,0.000000,0.000000,0.096125,-0.009155,0.002289,-0.004577,0.000000,0.000000,0.000000,0.000000,0,0,0,0,0,0,0,0,0,0,0,0.045257568359375,-0.010467529296875,0,0,0,0,0,0,0,0,Object notstarted,Object notstarted,Object notstarted,Object notstarted,Object notstarted,Object notstarted,Object notstarted,Object notstarted,Object notstarted
2024-02-19 19:06:59,590.590,__main___datalogs,INFO,JoyConState.GO_HOME,0.000000,0.000000,0.000000,0.091547,-0.004577,0.002289,0.000000,0.000000,0.000000,0.000000,0.000000,0,0,0,0,0,0,0,0,0,0,0,0.045257568359375,-0.010467529296875,0,0,0,0,0,0,0,0,Object notstarted,Object notstarted,Object notstarted,Object notstarted,Object notstarted,Object notstarted,Object notstarted,Object notstarted,Object notstarted
2024-02-19 19:06:59,633.633,__main___datalogs,INFO,JoyConState.GO_HOME,0.000000,0.000000,0.000000,0.091547,-0.004577,0.002289,0.006866,0.000000,0.000000,0.000000,0.000000,0,0,0,0,0,0,0,0,0,0,0,0.045257568359375,-0.010467529296875,0,0,0,0,0,0,0,0,Object notstarted,Object notstarted,Object notstarted,Object notstarted,Object notstarted,Object notstarted,Object notstarted,Object notstarted,Object notstarted
2024-02-19 19:06:59,675.675,__main___datalogs,INFO,JoyConState.GO_HOME,0.000000,0.000000,0.000000,0.091547,0.000000,0.002289,0.004577,0.000000,0.000000,0.000000,0.000000,0,0,0,0,0,0,0,0,0,0,0,0.045257568359375,-0.010467529296875,0,0,0,0,0,0,0,0,Object notstarted,Object notstarted,Object notstarted,Object notstarted,Object notstarted,Object notstarted,Object notstarted,Object notstarted,Object notstarted
2024-02-19 19:06:59,714.714,__main___datalogs,INFO,JoyConState.GO_HOME,0.000000,0.000000,0.000000,0.096125,0.000000,0.002289,0.000000,0.000000,0.000000,0.000000,0.000000,0,0,0,0,0,0,0,0,0,0,0,0.045257568359375,-0.010467529296875,0,0,0,0,0,0,0,0,Object notstarted,Object notstarted,Object notstarted,Object notstarted,Object notstarted,Object notstarted,Object notstarted,Object notstarted,Object notstarted
2024-02-19 19:06:59,756.756,__main___datalogs,INFO,JoyConState.GO_HOME,0.000000,0.000000,0.000000,0.091547,-0.009155,0.000000,0.000000,0.000000,0.000000,0.000000,0.000000,0,0,0,0,0,0,0,0,0,0,0,0.045257568359375,-0.010467529296875,0,0,0,0,0,0,0,0,Object notstarted,Object notstarted,Object notstarted,Object notstarted,Object notstarted,Object notstarted,Object notstarted,Object notstarted,Object notstarted
2024-02-19 19:06:59,796.796,__main___datalogs,INFO,JoyConState.GO_HOME,0.000000,0.000000,0.000000,0.091547,-0.004577,0.000000,0.004577,0.000000,0.000000,0.000000,0.000000,0,0,0,0,0,0,0,0,0,0,0,0.045257568359375,-0.010467529296875,0,0,0,0,0,0,0,0,Object notstarted,Object notstarted,Object notstarted,Object notstarted,Object notstarted,Object notstarted,Object notstarted,Object notstarted,Object notstarted
2024-02-19 19:06:59,839.839,__main___datalogs,INFO,JoyConState.GO_HOME,0.000000,0.000000,0.000000,0.091547,-0.004577,0.000000,0.004577,0.000000,0.000000,0.000000,0.000000,0,0,0,0,0,0,0,0,0,0,0,0.045257568359375,-0.010467529296875,0,0,0,0,0,0,0,0,Object notstarted,Object notstarted,Object notstarted,Object notstarted,Object notstarted,Object notstarted,Object notstarted,Object notstarted,Object notstarted
2024-02-19 19:06:59,879.879,__main___datalogs,INFO,JoyConState.GO_HOME,0.000000,0.000000,0.000000,0.091547,-0.009155,0.000000,0.004577,0.000000,0.000000,0.000000,0.000000,0,0,0,0,0,0,0,0,0,0,0,0.045257568359375,-0.010467529296875,0,0,0,0,0,0,0,0,Object notstarted,Object notstarted,Object notstarted,Object notstarted,Object notstarted,Object notstarted,Object notstarted,Object notstarted,Object notstarted
2024-02-19 19:06:59,918.918,__main___datalogs,INFO,JoyConState.GO_HOME,0.000000,0.000000,0.000000,0.091547,-0.011444,0.000000,0.000000,0.000000,0.000000,0.000000,0.000000,0,0,0,0,0,0,0,0,0,0,0,0.045257568359375,-0.010467529296875,0,0,0,0,0,0,0,0,Object notstarted,Object notstarted,Object notstarted,Object notstarted,Object notstarted,Object notstarted,Object notstarted,Object notstarted,Object notstarted
2024-02-19 19:06:59,959.959,__main___datalogs,INFO,JoyConState.GO_HOME,0.000000,0.000000,0.000000,0.091547,0.000000,0.000000,0.004577,0.000000,0.000000,0.000000,0.000000,0,0,0,0,0,0,0,0,0,0,0,0.045257568359375,-0.010467529296875,0,0,0,0,0,0,0,0,Object notstarted,Object notstarted,Object notstarted,Object notstarted,Object notstarted,Object notstarted,Object notstarted,Object notstarted,Object notstarted
2024-02-19 19:07:00,002.002,__main___datalogs,INFO,JoyConState.GO_HOME,0.000000,0.000000,0.000000,0.091547,0.000000,0.000000,0.000000,0.000000,0.000000,0.000000,0.000000,0,0,0,0,0,0,0,0,0,0,0,0.045257568359375,-0.010467529296875,0,0,0,0,0,0,0,0,Object notstarted,Object notstarted,Object notstarted,Object notstarted,Object notstarted,Object notstarted,Object notstarted,Object notstarted,Object notstarted
2024-02-19 19:07:00,043.043,__main___datalogs,INFO,JoyConState.GO_HOME,0.000000,0.000000,0.000000,0.091547,0.000000,0.002289,-0.004577,0.000000,0.000000,0.000000,0.000000,0,0,0,0,0,0,0,0,0,0,0,0.045257568359375,-0.010467529296875,0,0,0,0,0,0,0,0,Object notstarted,Object notstarted,Object notstarted,Object notstarted,Object notstarted,Object notstarted,Object notstarted,Object notstarted,Object notstarted
2024-02-19 19:07:00,084.084,__main___datalogs,INFO,JoyConState.GO_HOME,0.000000,0.000000,0.000000,0.098413,-0.004577,0.002289,-0.004577,0.000000,0.000000,0.000000,0.000000,0,0,0,0,0,0,0,0,0,0,0,0.045257568359375,-0.010467529296875,0,0,0,0,0,0,0,0,Object notstarted,Object notstarted,Object notstarted,Object notstarted,Object notstarted,Object notstarted,Object notstarted,Object notstarted,Object notstarted
2024-02-19 19:07:00,124.124,__main___datalogs,INFO,JoyConState.GO_HOME,0.000000,0.000000,0.000000,0.096125,-0.004577,0.002289,0.000000,0.000000,0.000000,0.000000,0.000000,0,0,0,0,0,0,0,0,0,0,0,0.045257568359375,-0.010467529296875,0,0,0,0,0,0,0,0,Object notstarted,Object notstarted,Object notstarted,Object notstarted,Object notstarted,Object notstarted,Object notstarted,Object notstarted,Object notstarted
2024-02-19 19:07:00,166.166,__main___datalogs,INFO,JoyConState.GO_HOME,0.000000,0.000000,0.000000,0.091547,-0.009155,0.002289,0.004577,0.000000,0.000000,0.000000,0.000000,0,0,0,0,0,0,0,0,0,0,0,0.045257568359375,-0.010467529296875,0,0,0,0,0,0,0,0,Object notstarted,Object notstarted,Object notstarted,Object notstarted,Object notstarted,Object notstarted,Object notstarted,Object notstarted,Object notstarted
2024-02-19 19:07:00,208.208,__main___datalogs,INFO,JoyConState.GO_HOME,0.000000,0.000000,0.000000,0.091547,-0.009155,0.002289,0.004577,0.000000,0.000000,0.000000,0.000000,0,0,0,0,0,0,0,0,0,0,0,0.045257568359375,-0.010467529296875,0,0,0,0,0,0,0,0,Object notstarted,Object notstarted,Object notstarted,Object notstarted,Object notstarted,Object notstarted,Object notstarted,Object notstarted,Object notstarted
2024-02-19 19:07:00,253.253,__main___datalogs,INFO,JoyConState.GO_HOME,0.000000,0.000000,0.000000,0.091547,-0.004577,0.000000,0.000000,0.000000,0.000000,0.000000,0.000000,0,0,0,0,0,0,0,0,0,0,0,0.045257568359375,-0.010467529296875,0,0,0,0,0,0,0,0,Object notstarted,Object notstarted,Object notstarted,Object notstarted,Object notstarted,Object notstarted,Object notstarted,Object notstarted,Object notstarted
2024-02-19 19:07:00,295.295,__main___datalogs,INFO,JoyConState.GO_HOME,0.000000,0.000000,0.000000,0.098413,-0.004577,0.000000,0.004577,0.000000,0.000000,0.000000,0.000000,0,0,0,0,0,0,0,0,0,0,0,0.045257568359375,-0.010467529296875,0,0,0,0,0,0,0,0,Object notstarted,Object notstarted,Object notstarted,Object notstarted,Object notstarted,Object notstarted,Object notstarted,Object notstarted,Object notstarted
2024-02-19 19:07:00,336.336,__main___datalogs,INFO,JoyConState.GO_HOME,0.000000,0.000000,0.000000,0.096125,-0.004577,0.000000,0.000000,0.000000,0.000000,0.000000,0.000000,0,0,0,0,0,0,0,0,0,0,0,0.045257568359375,-0.010467529296875,0,0,0,0,0,0,0,0,Object notstarted,Object notstarted,Object notstarted,Object notstarted,Object notstarted,Object notstarted,Object notstarted,Object notstarted,Object notstarted
2024-02-19 19:07:00,377.377,__main___datalogs,INFO,JoyConState.GO_HOME,0.000000,0.000000,0.000000,0.096125,-0.009155,0.000000,0.004577,0.000000,0.000000,0.000000,0.000000,0,0,0,0,0,0,0,0,0,0,0,0.045257568359375,-0.010467529296875,0,0,0,0,0,0,0,0,Object notstarted,Object notstarted,Object notstarted,Object notstarted,Object notstarted,Object notstarted,Object notstarted,Object notstarted,Object notstarted
2024-02-19 19:07:00,418.418,__main___datalogs,INFO,JoyConState.GO_HOME,0.000000,0.000000,0.000000,0.096125,-0.011444,0.000000,0.004577,0.000000,0.000000,0.000000,0.000000,0,0,0,0,0,0,0,0,0,0,0,0.045257568359375,-0.010467529296875,0,0,0,0,0,0,0,0,Object notstarted,Object notstarted,Object notstarted,Object notstarted,Object notstarted,Object notstarted,Object notstarted,Object notstarted,Object notstarted
2024-02-19 19:07:00,459.459,__main___datalogs,INFO,JoyConState.GO_HOME,0.000000,0.000000,0.000000,0.096125,-0.009155,0.000000,0.000000,0.000000,0.000000,0.000000,0.000000,0,0,0,0,0,0,0,0,0,0,0,0.045257568359375,-0.010467529296875,0,0,0,0,0,0,0,0,Object notstarted,Object notstarted,Object notstarted,Object notstarted,Object notstarted,Object notstarted,Object notstarted,Object notstarted,Object notstarted
2024-02-19 19:07:00,500.500,__main___datalogs,INFO,JoyConState.GO_HOME,0.000000,0.000000,0.000000,0.091547,-0.004577,0.000000,0.004577,0.000000,0.000000,0.000000,0.000000,0,0,0,0,0,0,0,0,0,0,0,0.045257568359375,-0.010467529296875,0,0,0,0,0,0,0,0,Object notstarted,Object notstarted,Object notstarted,Object notstarted,Object notstarted,Object notstarted,Object notstarted,Object notstarted,Object notstarted
2024-02-19 19:07:00,541.541,__main___datalogs,INFO,JoyConState.GO_HOME,0.000000,0.000000,0.000000,0.091547,0.000000,0.000000,0.000000,0.000000,0.000000,0.000000,0.000000,0,0,0,0,0,0,0,0,0,0,0,0.045257568359375,-0.010467529296875,0,0,0,0,0,0,0,0,Object notstarted,Object notstarted,Object notstarted,Object notstarted,Object notstarted,Object notstarted,Object notstarted,Object notstarted,Object notstarted
2024-02-19 19:07:00,582.582,__main___datalogs,INFO,JoyConState.GO_HOME,0.000000,0.000000,0.000000,0.096125,0.000000,0.000000,0.000000,0.000000,0.000000,0.000000,0.000000,0,0,0,0,0,0,0,0,0,0,0,0.045257568359375,-0.010467529296875,0,0,0,0,0,0,0,0,Object notstarted,Object notstarted,Object notstarted,Object notstarted,Object notstarted,Object notstarted,Object notstarted,Object notstarted,Object notstarted
2024-02-19 19:07:00,623.623,__main___datalogs,INFO,JoyConState.GO_HOME,0.000000,0.000000,0.000000,0.096125,-0.004577,0.000000,0.000000,0.000000,0.000000,0.000000,0.000000,0,0,0,0,0,0,0,0,0,0,0,0.045257568359375,-0.010467529296875,0,0,0,0,0,0,0,0,Object notstarted,Object notstarted,Object notstarted,Object notstarted,Object notstarted,Object notstarted,Object notstarted,Object notstarted,Object notstarted
2024-02-19 19:07:00,672.672,__main___datalogs,INFO,JoyConState.GO_HOME,0.000000,0.000000,0.000000,0.098413,-0.004577,0.000000,0.004577,0.000000,0.000000,0.000000,0.000000,0,0,0,0,0,0,0,0,0,0,0,0.045257568359375,-0.010467529296875,0,0,0,0,0,0,0,0,Object notstarted,Object notstarted,Object notstarted,Object notstarted,Object notstarted,Object notstarted,Object notstarted,Object notstarted,Object notstarted
2024-02-19 19:07:00,718.718,__main___datalogs,INFO,JoyConState.GO_HOME,0.000000,0.000000,0.000000,0.096125,-0.009155,0.000000,0.004577,0.000000,0.000000,0.000000,0.000000,0,0,0,0,0,0,0,0,0,0,0,0.045257568359375,-0.010467529296875,0,0,0,0,0,0,0,0,Object notstarted,Object notstarted,Object notstarted,Object notstarted,Object notstarted,Object notstarted,Object notstarted,Object notstarted,Object notstarted
2024-02-19 19:07:00,761.761,__main___datalogs,INFO,JoyConState.GO_HOME,0.000000,0.000000,0.000000,0.096125,-0.004577,0.000000,0.004577,0.000000,0.000000,0.000000,0.000000,0,0,0,0,0,0,0,0,0,0,0,0.045257568359375,-0.010467529296875,0,0,0,0,0,0,0,0,Object notstarted,Object notstarted,Object notstarted,Object notstarted,Object notstarted,Object notstarted,Object notstarted,Object notstarted,Object notstarted
2024-02-19 19:07:00,803.803,__main___datalogs,INFO,JoyConState.GO_HOME,0.000000,0.000000,0.000000,0.091547,-0.004577,0.000000,0.004577,0.000000,0.000000,0.000000,0.000000,0,0,0,0,0,0,0,0,0,0,0,0.045257568359375,-0.010467529296875,0,0,0,0,0,0,0,0,Object notstarted,Object notstarted,Object notstarted,Object notstarted,Object notstarted,Object notstarted,Object notstarted,Object notstarted,Object notstarted
2024-02-19 19:07:00,843.843,__main___datalogs,INFO,JoyConState.GO_HOME,0.000000,0.000000,0.000000,0.089258,-0.004577,0.000000,0.004577,0.000000,0.000000,0.000000,0.000000,0,0,0,0,0,0,0,0,0,0,0,0.045257568359375,-0.010467529296875,0,0,0,0,0,0,0,0,Object notstarted,Object notstarted,Object notstarted,Object notstarted,Object notstarted,Object notstarted,Object notstarted,Object notstarted,Object notstarted
2024-02-19 19:07:00,884.884,__main___datalogs,INFO,JoyConState.GO_HOME,0.000000,0.000000,0.000000,0.091547,-0.004577,0.000000,0.000000,0.000000,0.000000,0.000000,0.000000,0,0,0,0,0,0,0,0,0,0,0,0.045257568359375,-0.010467529296875,0,0,0,0,0,0,0,0,Object notstarted,Object notstarted,Object notstarted,Object notstarted,Object notstarted,Object notstarted,Object notstarted,Object notstarted,Object notstarted
2024-02-19 19:07:00,926.926,__main___datalogs,INFO,JoyConState.GO_HOME,0.000000,0.000000,0.000000,0.091547,-0.009155,0.000000,0.004577,0.000000,0.000000,0.000000,0.000000,0,0,0,0,0,0,0,0,0,0,0,0.045257568359375,-0.010467529296875,0,0,0,0,0,0,0,0,Object notstarted,Object notstarted,Object notstarted,Object notstarted,Object notstarted,Object notstarted,Object notstarted,Object notstarted,Object notstarted
2024-02-19 19:07:00,966.966,__main___datalogs,INFO,JoyConState.GO_HOME,0.000000,0.000000,0.000000,0.091547,-0.004577,0.000000,0.000000,0.000000,0.000000,0.000000,0.000000,0,0,0,0,0,0,0,0,0,0,0,0.045257568359375,-0.010467529296875,0,0,0,0,0,0,0,0,Object notstarted,Object notstarted,Object notstarted,Object notstarted,Object notstarted,Object notstarted,Object notstarted,Object notstarted,Object notstarted
2024-02-19 19:07:01,007.007,__main___datalogs,INFO,JoyConState.GO_HOME,0.000000,0.000000,0.000000,0.091547,-0.004577,0.000000,0.004577,0.000000,0.000000,0.000000,0.000000,0,0,0,0,0,0,0,0,0,0,0,0.045257568359375,-0.010467529296875,0,0,0,0,0,0,0,0,Object notstarted,Object notstarted,Object notstarted,Object notstarted,Object notstarted,Object notstarted,Object notstarted,Object notstarted,Object notstarted
2024-02-19 19:07:01,046.046,__main___datalogs,INFO,JoyConState.GO_HOME,0.000000,0.000000,0.000000,0.091547,-0.004577,0.000000,0.004577,0.000000,0.000000,0.000000,0.000000,0,0,0,0,0,0,0,0,0,0,0,0.045257568359375,-0.010467529296875,0,0,0,0,0,0,0,0,Object notstarted,Object notstarted,Object notstarted,Object notstarted,Object notstarted,Object notstarted,Object notstarted,Object notstarted,Object notstarted
2024-02-19 19:07:01,088.088,__main___datalogs,INFO,JoyConState.GO_HOME,0.000000,0.000000,0.000000,0.091547,-0.009155,0.000000,0.000000,0.000000,0.000000,0.000000,0.000000,0,0,0,0,0,0,0,0,0,0,0,0.045257568359375,-0.010467529296875,0,0,0,0,0,0,0,0,Object notstarted,Object notstarted,Object notstarted,Object notstarted,Object notstarted,Object notstarted,Object notstarted,Object notstarted,Object notstarted
2024-02-19 19:07:01,129.129,__main___datalogs,INFO,JoyConState.GO_HOME,0.000000,0.000000,0.000000,0.091547,-0.009155,0.000000,-0.004577,0.000000,0.000000,0.000000,0.000000,0,0,0,0,0,0,0,0,0,0,0,0.045257568359375,-0.010467529296875,0,0,0,0,0,0,0,0,Object notstarted,Object notstarted,Object notstarted,Object notstarted,Object notstarted,Object notstarted,Object notstarted,Object notstarted,Object notstarted
2024-02-19 19:07:01,170.170,__main___datalogs,INFO,JoyConState.GO_HOME,0.000000,0.000000,0.000000,0.091547,-0.009155,0.000000,0.000000,0.000000,0.000000,0.000000,0.000000,0,0,0,0,0,0,0,0,0,0,0,0.045257568359375,-0.010467529296875,0,0,0,0,0,0,0,0,Object notstarted,Object notstarted,Object notstarted,Object notstarted,Object notstarted,Object notstarted,Object notstarted,Object notstarted,Object notstarted
2024-02-19 19:07:01,211.211,__main___datalogs,INFO,JoyConState.GO_HOME,0.000000,0.000000,0.000000,0.091547,-0.009155,0.002289,0.000000,0.000000,0.000000,0.000000,0.000000,0,0,0,0,0,0,0,0,0,0,0,0.045257568359375,-0.010467529296875,0,0,0,0,0,0,0,0,Object notstarted,Object notstarted,Object notstarted,Object notstarted,Object notstarted,Object notstarted,Object notstarted,Object notstarted,Object notstarted
2024-02-19 19:07:01,254.254,__main___datalogs,INFO,JoyConState.GO_HOME,0.000000,0.000000,0.000000,0.091547,-0.004577,0.002289,0.000000,0.000000,0.000000,0.000000,0.000000,0,0,0,0,0,0,0,0,0,0,0,0.045257568359375,-0.010467529296875,0,0,0,0,0,0,0,0,Object notstarted,Object notstarted,Object notstarted,Object notstarted,Object notstarted,Object notstarted,Object notstarted,Object notstarted,Object notstarted
2024-02-19 19:07:01,296.296,__main___datalogs,INFO,JoyConState.GO_HOME,0.000000,0.000000,0.000000,0.091547,-0.004577,0.002289,0.000000,0.000000,0.000000,0.000000,0.000000,0,0,0,0,0,0,0,0,0,0,0,0.045257568359375,-0.010467529296875,0,0,0,0,0,0,0,0,Object notstarted,Object notstarted,Object notstarted,Object notstarted,Object notstarted,Object notstarted,Object notstarted,Object notstarted,Object notstarted
2024-02-19 19:07:01,336.336,__main___datalogs,INFO,JoyConState.GO_HOME,0.000000,0.000000,0.000000,0.091547,-0.004577,0.002289,0.004577,0.000000,0.000000,0.000000,0.000000,0,0,0,0,0,0,0,0,0,0,0,0.045257568359375,-0.010467529296875,0,0,0,0,0,0,0,0,Object notstarted,Object notstarted,Object notstarted,Object notstarted,Object notstarted,Object notstarted,Object notstarted,Object notstarted,Object notstarted
2024-02-19 19:07:01,376.376,__main___datalogs,INFO,JoyConState.GO_HOME,0.000000,0.000000,0.000000,0.091547,-0.009155,0.002289,0.004577,0.000000,0.000000,0.000000,0.000000,0,0,0,0,0,0,0,0,0,0,0,0.045257568359375,-0.010467529296875,0,0,0,0,0,0,0,0,Object notstarted,Object notstarted,Object notstarted,Object notstarted,Object notstarted,Object notstarted,Object notstarted,Object notstarted,Object notstarted
2024-02-19 19:07:01,431.431,__main___datalogs,INFO,JoyConState.USE_SNS,0.000000,0.000000,0.000000,0.091547,-0.011444,0.002289,0.004577,0.000000,0.000000,0.000000,0.000000,0,0,0,0,0,0,0,0,0,0,0,0.045257568359375,-0.010467529296875,20.0,0.0,0.0,-20.0,0.0,-20.0,-20.0,0.0,Object notstarted,Object notstarted,Object notstarted,Object notstarted,Object notstarted,Object notstarted,Object notstarted,Object notstarted,Object notstarted
2024-02-19 19:07:01,491.491,__main___datalogs,INFO,JoyConState.USE_SNS,-0.025000,0.050000,-0.020000,0.096125,-0.009155,0.000000,0.004577,0.000000,0.000000,0.000000,0.000000,0,0,0,0,0,0,0,0,0,0,0,0.045257568359375,-0.010467529296875,20.0,0.0,0.0,-20.0,0.0,-20.0,-20.0,0.0,Object notstarted,Object notstarted,Object notstarted,Object notstarted,Object notstarted,Object notstarted,Object notstarted,Object notstarted,Object notstarted
2024-02-19 19:07:01,568.568,__main___datalogs,INFO,JoyConState.USE_SNS,-0.400000,0.762500,-0.330000,0.096125,-0.009155,0.000000,0.004577,0.000000,0.000000,0.000000,0.000000,0,0,0,0,0,0,0,0,0,0,0,0.045257568359375,-0.010467529296875,20.0,0.0,0.0,-20.0,0.0,-20.0,-20.0,0.0,Object notstarted,Object notstarted,Object notstarted,Object notstarted,Object notstarted,Object notstarted,Object notstarted,Object notstarted,Object notstarted
2024-02-19 19:07:01,624.624,__main___datalogs,INFO,JoyConState.USE_SNS,-1.512500,2.850000,-1.240000,0.096125,-0.004577,0.000000,0.004577,0.000000,0.000000,0.000000,0.000000,0,0,0,0,0,0,0,0,0,0,0,0.045257568359375,-0.010467529296875,20.0,0.0,0.0,-20.0,0.0,-20.0,-20.0,0.0,Object notstarted,Object notstarted,Object notstarted,Object notstarted,Object notstarted,Object notstarted,Object notstarted,Object notstarted,Object notstarted
2024-02-19 19:07:01,701.701,__main___datalogs,INFO,JoyConState.USE_SNS,-2.712500,5.075000,-2.215000,0.096125,-0.009155,0.000000,0.000000,0.000000,0.000000,0.000000,0.000000,0,0,0,0,0,0,0,0,0,0,0,0.045257568359375,-0.010467529296875,20.0,0.0,0.0,-20.0,0.0,-20.0,-20.0,0.0,Object notstarted,Object notstarted,Object notstarted,Object notstarted,Object notstarted,Object notstarted,Object notstarted,Object notstarted,Object notstarted
2024-02-19 19:07:01,760.760,__main___datalogs,INFO,JoyConState.USE_SNS,-4.425000,8.300000,-3.620000,0.098413,-0.009155,0.000000,0.000000,0.000000,0.000000,0.000000,0.000000,0,0,0,0,0,0,0,0,0,0,0,0.045257568359375,-0.010467529296875,20.0,0.0,0.0,-20.0,0.0,-20.0,-20.0,0.0,Object notstarted,Object notstarted,Object notstarted,Object notstarted,Object notstarted,Object notstarted,Object notstarted,Object notstarted,Object notstarted
2024-02-19 19:07:01,829.829,__main___datalogs,INFO,JoyConState.USE_SNS,-5.675000,10.637500,-4.640000,0.096125,-0.004577,0.000000,0.006866,0.000000,0.000000,0.000000,0.000000,0,0,0,0,0,0,0,0,0,0,0,0.045257568359375,-0.010467529296875,20.0,0.0,0.0,-20.0,0.0,-20.0,-20.0,0.0,Object notstarted,Object notstarted,Object notstarted,Object notstarted,Object notstarted,Object notstarted,Object notstarted,Object notstarted,Object notstarted
2024-02-19 19:07:01,887.887,__main___datalogs,INFO,JoyConState.USE_SNS,-6.375000,11.950000,-5.212500,0.096125,-0.004577,0.000000,0.004577,0.000000,0.000000,0.000000,0.000000,0,0,0,0,0,0,0,0,0,0,0,0.045257568359375,-0.010467529296875,20.0,0.0,0.0,-20.0,0.0,-20.0,-20.0,0.0,Object notstarted,Object notstarted,Object notstarted,Object notstarted,Object notstarted,Object notstarted,Object notstarted,Object notstarted,Object notstarted
2024-02-19 19:07:01,977.977,__main___datalogs,INFO,JoyConState.USE_SNS,-6.587500,12.362500,-5.400000,0.091547,-0.004577,0.000000,0.004577,0.000000,0.000000,0.000000,0.000000,0,0,0,0,0,0,0,0,0,0,0,0.045257568359375,-0.010467529296875,20.0,0.0,0.0,-20.0,0.0,-20.0,-20.0,0.0,Object notstarted,Object notstarted,Object notstarted,Object notstarted,Object notstarted,Object notstarted,Object notstarted,Object notstarted,Object notstarted
2024-02-19 19:07:02,046.046,__main___datalogs,INFO,JoyConState.USE_SNS,-6.587500,12.362500,-5.965000,0.091547,-0.009155,0.000000,0.000000,0.000000,0.000000,0.000000,0.000000,0,0,0,0,0,0,0,0,0,0,0,0.045257568359375,-0.010467529296875,20.0,0.0,0.0,-20.0,0.0,-20.0,-20.0,0.0,Object notstarted,Object notstarted,Object notstarted,Object notstarted,Object notstarted,Object notstarted,Object notstarted,Object notstarted,Object notstarted
2024-02-19 19:07:02,112.112,__main___datalogs,INFO,JoyConState.USE_SNS,-6.587500,12.362500,-6.967500,0.091547,-0.004577,0.002289,0.000000,0.000000,0.000000,0.000000,0.000000,0,0,0,0,0,0,0,0,0,0,0,0.045257568359375,-0.010467529296875,20.0,0.0,0.0,-20.0,0.0,-20.0,-20.0,0.0,Object notstarted,Object notstarted,Object notstarted,Object notstarted,Object notstarted,Object notstarted,Object notstarted,Object notstarted,Object notstarted
2024-02-19 19:07:02,170.170,__main___datalogs,INFO,JoyConState.USE_SNS,-6.587500,12.362500,-8.310000,0.091547,-0.004577,0.000000,0.004577,0.000000,0.000000,0.000000,0.000000,0,0,0,0,0,0,0,0,0,0,0,0.045257568359375,-0.010467529296875,20.0,0.0,0.0,-20.0,0.0,-20.0,-20.0,0.0,Object notstarted,Object notstarted,Object notstarted,Object notstarted,Object notstarted,Object notstarted,Object notstarted,Object notstarted,Object notstarted
2024-02-19 19:07:02,225.225,__main___datalogs,INFO,JoyConState.USE_SNS,-6.587500,12.362500,-9.835000,0.091547,-0.009155,0.000000,0.004577,0.000000,0.000000,0.000000,0.000000,0,0,0,0,0,0,0,0,0,0,0,0.045257568359375,-0.010467529296875,20.0,0.0,0.0,-20.0,0.0,-20.0,-20.0,0.0,Object notstarted,Object notstarted,Object notstarted,Object notstarted,Object notstarted,Object notstarted,Object notstarted,Object notstarted,Object notstarted
2024-02-19 19:07:02,307.307,__main___datalogs,INFO,JoyConState.USE_SNS,-6.587500,12.362500,-11.835000,0.091547,-0.009155,0.000000,0.000000,0.000000,0.000000,0.000000,0.000000,0,0,0,0,0,0,0,0,0,0,0,0.045257568359375,-0.010467529296875,20.0,0.0,0.0,-20.0,0.0,-20.0,-20.0,0.0,Object notstarted,Object notstarted,Object notstarted,Object notstarted,Object notstarted,Object notstarted,Object notstarted,Object notstarted,Object notstarted
2024-02-19 19:07:02,377.377,__main___datalogs,INFO,JoyConState.USE_SNS,-6.587500,12.362500,-14.540000,0.091547,-0.009155,0.000000,0.004577,0.000000,0.000000,0.000000,0.000000,0,0,0,0,0,0,0,0,0,0,0,0.045257568359375,-0.010467529296875,20.0,0.0,0.0,-20.0,0.0,-20.0,-20.0,0.0,Object notstarted,Object notstarted,Object notstarted,Object notstarted,Object notstarted,Object notstarted,Object notstarted,Object notstarted,Object notstarted
2024-02-19 19:07:02,438.438,__main___datalogs,INFO,JoyConState.USE_SNS,-6.587500,12.362500,-16.955000,0.091547,-0.009155,0.000000,0.004577,0.000000,0.000000,0.000000,0.000000,0,0,0,0,0,0,0,0,0,0,0,0.045257568359375,-0.010467529296875,20.0,0.0,0.0,-20.0,0.0,-20.0,-20.0,0.0,Object notstarted,Object notstarted,Object notstarted,Object notstarted,Object notstarted,Object notstarted,Object notstarted,Object notstarted,Object notstarted
2024-02-19 19:07:02,502.502,__main___datalogs,INFO,JoyConState.USE_SNS,-6.587500,12.362500,-19.145000,0.091547,-0.009155,0.002289,0.004577,0.000000,0.000000,0.000000,0.000000,0,0,0,0,0,0,0,0,0,0,0,0.045257568359375,-0.010467529296875,20.0,0.0,0.0,-20.0,0.0,-20.0,-20.0,0.0,Object notstarted,Object notstarted,Object notstarted,Object notstarted,Object notstarted,Object notstarted,Object notstarted,Object notstarted,Object notstarted
2024-02-19 19:07:02,560.560,__main___datalogs,INFO,JoyConState.USE_SNS,-6.587500,12.362500,-21.345000,0.091547,-0.009155,0.000000,0.000000,0.000000,0.000000,0.000000,0.000000,0,0,0,0,0,0,0,0,0,0,0,0.045257568359375,-0.010467529296875,20.0,0.0,0.0,-20.0,0.0,-20.0,-20.0,0.0,Object notstarted,Object notstarted,Object notstarted,Object notstarted,Object notstarted,Object notstarted,Object notstarted,Object notstarted,Object notstarted
2024-02-19 19:07:02,615.615,__main___datalogs,INFO,JoyConState.USE_SNS,-6.587500,12.362500,-23.325000,0.091547,-0.004577,0.000000,-0.004577,0.000000,0.000000,0.000000,0.000000,0,0,0,0,0,0,0,0,0,0,0,0.045257568359375,-0.010467529296875,20.0,0.0,0.0,-20.0,0.0,-20.0,-20.0,0.0,Object notstarted,Object notstarted,Object notstarted,Object notstarted,Object notstarted,Object notstarted,Object notstarted,Object notstarted,Object notstarted
2024-02-19 19:07:02,693.693,__main___datalogs,INFO,JoyConState.USE_SNS,-6.587500,12.362500,-25.285000,0.091547,-0.004577,0.000000,0.000000,0.000000,0.000000,0.000000,0.000000,0,0,0,0,0,0,0,0,0,0,0,0.045257568359375,-0.010467529296875,20.0,0.0,0.0,-20.0,0.0,-20.0,-20.0,0.0,Object notstarted,Object notstarted,Object notstarted,Object notstarted,Object notstarted,Object notstarted,Object notstarted,Object notstarted,Object notstarted
2024-02-19 19:07:02,761.761,__main___datalogs,INFO,JoyConState.USE_SNS,-6.587500,12.362500,-27.960000,0.091547,-0.004577,0.000000,0.004577,0.000000,0.000000,0.000000,0.000000,0,0,0,0,0,0,0,0,0,0,0,0.045257568359375,-0.010467529296875,20.0,0.0,0.0,-20.0,0.0,-20.0,-20.0,0.0,Object notstarted,Object notstarted,Object notstarted,Object notstarted,Object notstarted,Object notstarted,Object notstarted,Object notstarted,Object notstarted
2024-02-19 19:07:02,822.822,__main___datalogs,INFO,JoyConState.USE_SNS,-6.587500,12.362500,-30.360000,0.091547,-0.004577,0.000000,0.006866,0.000000,0.000000,0.000000,0.000000,0,0,0,0,0,0,0,0,0,0,0,0.045257568359375,-0.010467529296875,20.0,0.0,0.0,-20.0,0.0,-20.0,-20.0,0.0,Object notstarted,Object notstarted,Object notstarted,Object notstarted,Object notstarted,Object notstarted,Object notstarted,Object notstarted,Object notstarted
2024-02-19 19:07:02,920.920,__main___datalogs,INFO,JoyConState.USE_SNS,-6.587500,12.362500,-33.175000,0.091547,-0.004577,0.000000,0.004577,0.000000,0.000000,0.000000,0.000000,0,0,0,0,0,0,0,0,0,0,0,0.045257568359375,-0.010467529296875,20.0,0.0,0.0,-20.0,0.0,-20.0,-20.0,0.0,Object notstarted,Object notstarted,Object notstarted,Object notstarted,Object notstarted,Object notstarted,Object notstarted,Object notstarted,Object notstarted
2024-02-19 19:07:02,981.981,__main___datalogs,INFO,JoyConState.USE_SNS,-6.587500,12.362500,-35.865000,0.091547,-0.004577,0.002289,0.004577,0.000000,0.000000,0.000000,0.000000,0,0,0,0,0,0,0,0,0,0,0,0.045257568359375,-0.010467529296875,20.0,0.0,0.0,-20.0,0.0,-20.0,-20.0,0.0,Object notstarted,Object notstarted,Object notstarted,Object notstarted,Object notstarted,Object notstarted,Object notstarted,Object notstarted,Object notstarted
2024-02-19 19:07:03,052.052,__main___datalogs,INFO,JoyConState.USE_SNS,-6.587500,12.362500,-38.130000,0.091547,-0.009155,0.002289,0.000000,0.000000,0.000000,0.000000,0.000000,0,0,0,0,0,0,0,0,0,0,0,0.045257568359375,-0.010467529296875,20.0,0.0,0.0,-20.0,0.0,-20.0,-20.0,0.0,Object notstarted,Object notstarted,Object notstarted,Object notstarted,Object notstarted,Object notstarted,Object notstarted,Object notstarted,Object notstarted
2024-02-19 19:07:03,123.123,__main___datalogs,INFO,JoyConState.USE_SNS,-6.587500,12.362500,-40.500000,0.091547,-0.009155,0.002289,0.006866,0.000000,0.000000,0.000000,0.000000,0,0,0,0,0,0,0,0,0,0,0,0.045257568359375,-0.010467529296875,20.0,0.0,0.0,-20.0,0.0,-20.0,-20.0,0.0,Object notstarted,Object notstarted,Object notstarted,Object notstarted,Object notstarted,Object notstarted,Object notstarted,Object notstarted,Object notstarted
2024-02-19 19:07:03,179.179,__main___datalogs,INFO,JoyConState.USE_SNS,-6.587500,12.362500,-43.015000,0.096125,-0.004577,0.002289,0.004577,0.000000,0.000000,0.000000,0.000000,0,0,0,0,0,0,0,0,0,0,0,0.045257568359375,-0.010467529296875,20.0,0.0,0.0,-20.0,0.0,-20.0,-20.0,0.0,Object notstarted,Object notstarted,Object notstarted,Object notstarted,Object notstarted,Object notstarted,Object notstarted,Object notstarted,Object notstarted
2024-02-19 19:07:03,233.233,__main___datalogs,INFO,JoyConState.USE_SNS,-6.587500,12.362500,-45.030000,0.096125,-0.009155,0.000000,0.000000,0.000000,0.000000,0.000000,0.000000,0,0,0,0,0,0,0,0,0,0,0,0.045257568359375,-0.010467529296875,20.0,0.0,0.0,-20.0,0.0,-20.0,-20.0,0.0,Object notstarted,Object notstarted,Object notstarted,Object notstarted,Object notstarted,Object notstarted,Object notstarted,Object notstarted,Object notstarted
2024-02-19 19:07:03,300.300,__main___datalogs,INFO,JoyConState.USE_SNS,-6.587500,12.362500,-46.875000,0.098413,-0.004577,0.000000,0.004577,0.000000,0.000000,0.000000,0.000000,0,0,0,0,0,0,0,0,0,0,0,0.045257568359375,-0.010467529296875,20.0,0.0,0.0,-20.0,0.0,-20.0,-20.0,0.0,Object notstarted,Object notstarted,Object notstarted,Object notstarted,Object notstarted,Object notstarted,Object notstarted,Object notstarted,Object notstarted
2024-02-19 19:07:03,359.359,__main___datalogs,INFO,JoyConState.USE_SNS,-6.587500,12.362500,-49.215000,0.096125,-0.009155,0.000000,0.004577,0.000000,0.000000,0.000000,0.000000,0,0,0,0,0,0,0,0,0,0,0,0.045257568359375,-0.010467529296875,20.0,0.0,0.0,-20.0,0.0,-20.0,-20.0,0.0,Object notstarted,Object notstarted,Object notstarted,Object notstarted,Object notstarted,Object notstarted,Object notstarted,Object notstarted,Object notstarted
2024-02-19 19:07:03,419.419,__main___datalogs,INFO,JoyConState.USE_SNS,-6.587500,12.362500,-51.235000,0.096125,-0.009155,0.002289,0.000000,0.000000,0.000000,0.000000,0.000000,0,0,0,0,0,0,0,0,0,0,0,0.045257568359375,-0.010467529296875,20.0,0.0,0.0,-20.0,0.0,-20.0,-20.0,0.0,Object notstarted,Object notstarted,Object notstarted,Object notstarted,Object notstarted,Object notstarted,Object notstarted,Object notstarted,Object notstarted
2024-02-19 19:07:03,478.478,__main___datalogs,INFO,JoyConState.USE_SNS,-6.587500,12.362500,-53.385000,0.091547,-0.004577,0.000000,0.000000,0.000000,0.000000,0.000000,0.000000,0,0,0,0,0,0,0,0,0,0,0,0.045257568359375,-0.010467529296875,20.0,0.0,0.0,-20.0,0.0,-20.0,-20.0,0.0,Object notstarted,Object notstarted,Object notstarted,Object notstarted,Object notstarted,Object notstarted,Object notstarted,Object notstarted,Object notstarted
2024-02-19 19:07:03,540.540,__main___datalogs,INFO,JoyConState.USE_SNS,-6.587500,12.362500,-55.540000,0.096125,-0.011444,0.000000,0.000000,0.000000,0.000000,0.000000,0.000000,0,0,0,0,0,0,0,0,0,0,0,0.045257568359375,-0.010467529296875,20.0,0.0,0.0,-20.0,0.0,-20.0,-20.0,0.0,Object notstarted,Object notstarted,Object notstarted,Object notstarted,Object notstarted,Object notstarted,Object notstarted,Object notstarted,Object notstarted
2024-02-19 19:07:03,607.607,__main___datalogs,INFO,JoyConState.USE_SNS,-6.587500,12.362500,-57.800000,0.098413,0.000000,0.000000,-0.004577,0.000000,0.000000,0.000000,0.000000,0,0,0,0,0,0,0,0,0,0,0,0.045257568359375,-0.010467529296875,20.0,0.0,0.0,-20.0,0.0,-20.0,-20.0,0.0,Object notstarted,Object notstarted,Object notstarted,Object notstarted,Object notstarted,Object notstarted,Object notstarted,Object notstarted,Object notstarted
2024-02-19 19:07:03,675.675,__main___datalogs,INFO,JoyConState.USE_SNS,-6.587500,12.362500,-60.025000,0.096125,-0.004577,0.002289,0.000000,0.000000,0.000000,0.000000,0.000000,0,0,0,0,0,0,0,0,0,0,0,0.045257568359375,-0.010467529296875,20.0,0.0,0.0,-20.0,0.0,-20.0,-20.0,0.0,Object notstarted,Object notstarted,Object notstarted,Object notstarted,Object notstarted,Object notstarted,Object notstarted,Object notstarted,Object notstarted
2024-02-19 19:07:03,735.735,__main___datalogs,INFO,JoyConState.USE_SNS,-6.587500,12.362500,-62.280000,0.096125,-0.004577,0.000000,0.004577,0.000000,0.000000,0.000000,0.000000,0,0,0,0,0,0,0,0,0,0,0,0.045257568359375,-0.010467529296875,20.0,0.0,0.0,-20.0,0.0,-20.0,-20.0,0.0,Object notstarted,Object notstarted,Object notstarted,Object notstarted,Object notstarted,Object notstarted,Object notstarted,Object notstarted,Object notstarted
2024-02-19 19:07:03,831.831,__main___datalogs,INFO,JoyConState.USE_SNS,-6.587500,12.362500,-64.590000,0.091547,-0.011444,-0.006866,0.004577,0.000000,0.000000,0.000000,0.000000,0,0,0,0,0,0,0,0,0,0,0,0.045257568359375,-0.010467529296875,20.0,0.0,0.0,-20.0,0.0,-20.0,-20.0,0.0,Object notstarted,Object notstarted,Object notstarted,Object notstarted,Object notstarted,Object notstarted,Object notstarted,Object notstarted,Object notstarted
2024-02-19 19:07:03,941.941,__main___datalogs,INFO,JoyConState.USE_SNS,-6.587500,12.362500,-67.800000,0.091547,-0.009155,0.002289,0.000000,0.000000,0.000000,0.000000,0.000000,0,0,0,0,0,0,0,0,0,0,0,0.045257568359375,-0.010467529296875,20.0,0.0,0.0,-20.0,0.0,-20.0,-20.0,0.0,Object notstarted,Object notstarted,Object notstarted,Object notstarted,Object notstarted,Object notstarted,Object notstarted,Object notstarted,Object notstarted
2024-02-19 19:07:04,046.046,__main___datalogs,INFO,JoyConState.USE_SNS,-6.587500,12.362500,-72.270000,0.096125,-0.004577,0.000000,0.004577,0.000000,0.000000,0.000000,0.000000,0,0,0,0,0,0,0,0,0,0,0,0.045257568359375,-0.010467529296875,20.0,0.0,0.0,-20.0,0.0,-20.0,-20.0,0.0,Object notstarted,Object notstarted,Object notstarted,Object notstarted,Object notstarted,Object notstarted,Object notstarted,Object notstarted,Object notstarted
2024-02-19 19:07:04,121.121,__main___datalogs,INFO,JoyConState.USE_SNS,-6.587500,12.362500,-75.500000,0.091547,-0.004577,0.002289,0.000000,0.000000,0.000000,0.000000,0.000000,0,0,0,0,0,0,0,0,0,0,0,0.045257568359375,-0.010467529296875,20.0,0.0,0.0,-20.0,0.0,-20.0,-20.0,0.0,Object notstarted,Object notstarted,Object notstarted,Object notstarted,Object notstarted,Object notstarted,Object notstarted,Object notstarted,Object notstarted
2024-02-19 19:07:04,177.177,__main___datalogs,INFO,JoyConState.USE_SNS,-6.587500,12.362500,-77.835000,0.091547,-0.004577,0.002289,0.000000,0.000000,0.000000,0.000000,0.000000,0,0,0,0,0,0,0,0,0,0,0,0.045257568359375,-0.010467529296875,20.0,0.0,0.0,-20.0,0.0,-20.0,-20.0,0.0,Object notstarted,Object notstarted,Object notstarted,Object notstarted,Object notstarted,Object notstarted,Object notstarted,Object notstarted,Object notstarted
2024-02-19 19:07:04,237.237,__main___datalogs,INFO,JoyConState.USE_SNS,-6.587500,12.362500,-79.810000,0.091547,-0.004577,0.000000,0.000000,0.000000,0.000000,0.000000,0.000000,0,0,0,0,0,0,0,0,0,0,0,0.045257568359375,-0.010467529296875,20.0,0.0,0.0,-20.0,0.0,-20.0,-20.0,0.0,Object notstarted,Object notstarted,Object notstarted,Object notstarted,Object notstarted,Object notstarted,Object notstarted,Object notstarted,Object notstarted
2024-02-19 19:07:04,299.299,__main___datalogs,INFO,JoyConState.USE_SNS,-6.587500,12.362500,-81.880000,0.096125,-0.004577,0.000000,0.000000,0.000000,0.000000,0.000000,0.000000,0,0,0,0,0,0,0,0,0,0,0,0.045257568359375,-0.010467529296875,20.0,0.0,0.0,-20.0,0.0,-20.0,-20.0,0.0,Object notstarted,Object notstarted,Object notstarted,Object notstarted,Object notstarted,Object notstarted,Object notstarted,Object notstarted,Object notstarted
2024-02-19 19:07:04,363.363,__main___datalogs,INFO,JoyConState.USE_SNS,-6.587500,12.362500,-84.140000,0.098413,-0.004577,0.000000,0.000000,0.000000,0.000000,0.000000,0.000000,0,0,0,0,0,0,0,0,0,0,0,0.045257568359375,-0.010467529296875,20.0,0.0,0.0,-20.0,0.0,-20.0,-20.0,0.0,Object notstarted,Object notstarted,Object notstarted,Object notstarted,Object notstarted,Object notstarted,Object notstarted,Object notstarted,Object notstarted
2024-02-19 19:07:04,438.438,__main___datalogs,INFO,JoyConState.USE_SNS,-6.587500,12.362500,-86.300000,0.096125,-0.009155,0.002289,0.004577,0.000000,0.000000,0.000000,0.000000,0,0,0,0,0,0,0,0,0,0,0,0.045257568359375,-0.010467529296875,20.0,0.0,0.0,-20.0,0.0,-20.0,-20.0,0.0,Object notstarted,Object notstarted,Object notstarted,Object notstarted,Object notstarted,Object notstarted,Object notstarted,Object notstarted,Object notstarted
2024-02-19 19:07:04,506.506,__main___datalogs,INFO,JoyConState.USE_SNS,-6.587500,12.362500,-88.900000,0.096125,-0.011444,0.000000,0.000000,0.000000,0.000000,0.000000,0.000000,0,0,0,0,0,0,0,0,0,0,0,0.045257568359375,-0.010467529296875,20.0,0.0,0.0,-20.0,0.0,-20.0,-20.0,0.0,Object notstarted,Object notstarted,Object notstarted,Object notstarted,Object notstarted,Object notstarted,Object notstarted,Object notstarted,Object notstarted
2024-02-19 19:07:04,563.563,__main___datalogs,INFO,JoyConState.USE_SNS,-6.587500,12.362500,-91.245000,0.096125,-0.004577,0.000000,-0.004577,0.000000,0.000000,0.000000,0.000000,0,0,0,0,0,0,0,0,0,0,0,0.045257568359375,-0.010467529296875,20.0,0.0,0.0,-20.0,0.0,-20.0,-20.0,0.0,Object notstarted,Object notstarted,Object notstarted,Object notstarted,Object notstarted,Object notstarted,Object notstarted,Object notstarted,Object notstarted
2024-02-19 19:07:04,623.623,__main___datalogs,INFO,JoyConState.USE_SNS,-6.587500,12.362500,-93.325000,0.096125,-0.004577,0.002289,0.000000,0.000000,0.000000,0.000000,0.000000,0,0,0,0,0,0,0,0,0,0,0,0.045257568359375,-0.010467529296875,20.0,0.0,0.0,-20.0,0.0,-20.0,-20.0,0.0,Object notstarted,Object notstarted,Object notstarted,Object notstarted,Object notstarted,Object notstarted,Object notstarted,Object notstarted,Object notstarted
2024-02-19 19:07:04,695.695,__main___datalogs,INFO,JoyConState.USE_SNS,-6.587500,12.362500,-95.375000,0.091547,-0.009155,0.000000,0.000000,0.000000,0.000000,0.000000,0.000000,0,0,0,0,0,0,0,0,0,0,0,0.045257568359375,-0.010467529296875,20.0,0.0,0.0,-20.0,0.0,-20.0,-20.0,0.0,Object notstarted,Object notstarted,Object notstarted,Object notstarted,Object notstarted,Object notstarted,Object notstarted,Object notstarted,Object notstarted
2024-02-19 19:07:04,805.805,__main___datalogs,INFO,JoyConState.USE_SNS,-6.587500,12.362500,-97.915000,0.096125,0.000000,0.000000,0.000000,0.000000,0.000000,0.000000,0.000000,0,0,0,0,0,0,0,0,0,0,0,0.045257568359375,-0.010467529296875,20.0,0.0,0.0,-20.0,0.0,-20.0,-20.0,0.0,Object notstarted,Object notstarted,Object notstarted,Object notstarted,Object notstarted,Object notstarted,Object notstarted,Object notstarted,Object notstarted
2024-02-19 19:07:04,878.878,__main___datalogs,INFO,JoyConState.USE_SNS,-6.587500,12.362500,-101.670000,0.091547,-0.009155,0.000000,0.000000,0.000000,0.000000,0.000000,0.000000,0,0,0,0,0,0,0,0,0,0,0,0.045257568359375,-0.010467529296875,20.0,0.0,0.0,-20.0,0.0,-20.0,-20.0,0.0,Object notstarted,Object notstarted,Object notstarted,Object notstarted,Object notstarted,Object notstarted,Object notstarted,Object notstarted,Object notstarted
2024-02-19 19:07:04,939.939,__main___datalogs,INFO,JoyConState.USE_SNS,-6.587500,12.362500,-104.240000,0.091547,-0.004577,0.000000,0.004577,0.000000,0.000000,0.000000,0.000000,0,0,0,0,0,0,0,0,0,0,0,0.045257568359375,-0.010467529296875,20.0,0.0,0.0,-20.0,0.0,-20.0,-20.0,0.0,Object notstarted,Object notstarted,Object notstarted,Object notstarted,Object notstarted,Object notstarted,Object notstarted,Object notstarted,Object notstarted
2024-02-19 19:07:05,001.001,__main___datalogs,INFO,JoyConState.USE_SNS,-6.587500,12.362500,-106.310000,0.096125,0.000000,0.000000,0.000000,0.000000,0.000000,0.000000,0.000000,0,0,0,0,0,0,0,0,0,0,0,0.045257568359375,-0.010467529296875,0.0,20.0,0.0,0.0,-20.0,-20.0,-20.0,0.0,Object notstarted,Object notstarted,Object notstarted,Object notstarted,Object notstarted,Object notstarted,Object notstarted,Object notstarted,Object notstarted
2024-02-19 19:07:05,093.093,__main___datalogs,INFO,JoyConState.USE_SNS,-6.587500,12.362500,-108.560000,0.096125,-0.009155,0.002289,0.000000,0.000000,0.000000,0.000000,0.000000,0,0,0,0,0,0,0,0,0,0,0,0.045257568359375,-0.010467529296875,0.0,20.0,0.0,0.0,-20.0,-20.0,-20.0,0.0,Object notstarted,Object notstarted,Object notstarted,Object notstarted,Object notstarted,Object notstarted,Object notstarted,Object notstarted,Object notstarted
2024-02-19 19:07:05,199.199,__main___datalogs,INFO,JoyConState.USE_SNS,-6.587500,12.362500,-112.470000,0.091547,-0.004577,0.002289,0.004577,0.000000,0.000000,0.000000,0.000000,0,0,0,0,0,0,0,0,0,0,0,0.045257568359375,-0.010467529296875,0.0,20.0,0.0,0.0,-20.0,-20.0,-20.0,0.0,Object notstarted,Object notstarted,Object notstarted,Object notstarted,Object notstarted,Object notstarted,Object notstarted,Object notstarted,Object notstarted
2024-02-19 19:07:05,271.271,__main___datalogs,INFO,JoyConState.USE_SNS,-6.587500,12.362500,-115.455000,0.096125,-0.004577,0.000000,0.004577,0.000000,0.000000,0.000000,0.000000,0,0,0,0,0,0,0,0,0,0,0,0.045257568359375,-0.010467529296875,0.0,20.0,0.0,0.0,-20.0,-20.0,-20.0,0.0,Object notstarted,Object notstarted,Object notstarted,Object notstarted,Object notstarted,Object notstarted,Object notstarted,Object notstarted,Object notstarted
2024-02-19 19:07:05,335.335,__main___datalogs,INFO,JoyConState.USE_SNS,-6.587500,12.362500,-117.975000,0.096125,-0.004577,0.000000,0.004577,0.000000,0.000000,0.000000,0.000000,0,0,0,0,0,0,0,0,0,0,0,0.045257568359375,-0.010467529296875,0.0,20.0,0.0,0.0,-20.0,-20.0,-20.0,0.0,Object notstarted,Object notstarted,Object notstarted,Object notstarted,Object notstarted,Object notstarted,Object notstarted,Object notstarted,Object notstarted
2024-02-19 19:07:05,394.394,__main___datalogs,INFO,JoyConState.USE_SNS,-6.587500,12.362500,-120.255000,0.091547,-0.004577,0.002289,0.006866,0.000000,0.000000,0.000000,0.000000,0,0,0,0,0,0,0,0,0,0,0,0.045257568359375,-0.010467529296875,0.0,20.0,0.0,0.0,-20.0,-20.0,-20.0,0.0,Object notstarted,Object notstarted,Object notstarted,Object notstarted,Object notstarted,Object notstarted,Object notstarted,Object notstarted,Object notstarted
2024-02-19 19:07:05,457.457,__main___datalogs,INFO,JoyConState.USE_SNS,-6.587500,12.362500,-122.240000,0.091547,-0.004577,-0.006866,0.000000,0.000000,0.000000,0.000000,0.000000,0,0,0,0,0,0,0,0,0,0,0,0.045257568359375,-0.010467529296875,0.0,20.0,0.0,0.0,-20.0,-20.0,-20.0,0.0,Object notstarted,Object notstarted,Object notstarted,Object notstarted,Object notstarted,Object notstarted,Object notstarted,Object notstarted,Object notstarted
2024-02-19 19:07:05,516.516,__main___datalogs,INFO,JoyConState.USE_SNS,-6.587500,12.362500,-124.450000,0.091547,0.000000,0.000000,0.000000,0.000000,0.000000,0.000000,0.000000,0,0,0,0,0,0,0,0,0,0,0,0.045257568359375,-0.010467529296875,0.0,20.0,0.0,0.0,-20.0,-20.0,-20.0,0.0,Object notstarted,Object notstarted,Object notstarted,Object notstarted,Object notstarted,Object notstarted,Object notstarted,Object notstarted,Object notstarted
2024-02-19 19:07:05,580.580,__main___datalogs,INFO,JoyConState.USE_SNS,-6.587500,12.362500,-126.500000,0.091547,0.000000,0.000000,0.004577,0.000000,0.000000,0.000000,0.000000,0,0,0,0,0,0,0,0,0,0,0,0.045257568359375,-0.010467529296875,0.0,20.0,0.0,0.0,-20.0,-20.0,-20.0,0.0,Object notstarted,Object notstarted,Object notstarted,Object notstarted,Object notstarted,Object notstarted,Object notstarted,Object notstarted,Object notstarted
2024-02-19 19:07:05,657.657,__main___datalogs,INFO,JoyConState.USE_SNS,-6.587500,12.362500,-128.485000,0.096125,-0.009155,0.002289,0.004577,0.000000,0.000000,0.000000,0.000000,0,0,0,0,0,0,0,0,0,0,0,0.045257568359375,-0.010467529296875,0.0,20.0,0.0,0.0,-20.0,-20.0,-20.0,0.0,Object notstarted,Object notstarted,Object notstarted,Object notstarted,Object notstarted,Object notstarted,Object notstarted,Object notstarted,Object notstarted
2024-02-19 19:07:05,732.732,__main___datalogs,INFO,JoyConState.USE_SNS,-6.587500,12.362500,-130.945000,0.091547,-0.009155,0.000000,0.004577,0.000000,0.000000,0.000000,0.000000,0,0,0,0,0,0,0,0,0,0,0,0.045257568359375,-0.010467529296875,0.0,20.0,0.0,0.0,-20.0,-20.0,-20.0,0.0,Object notstarted,Object notstarted,Object notstarted,Object notstarted,Object notstarted,Object notstarted,Object notstarted,Object notstarted,Object notstarted
2024-02-19 19:07:05,824.824,__main___datalogs,INFO,JoyConState.USE_SNS,-6.587500,12.362500,-133.540000,0.096125,-0.004577,0.000000,0.004577,0.000000,0.000000,0.000000,0.000000,0,0,0,0,0,0,0,0,0,0,0,0.045257568359375,-0.010467529296875,0.0,20.0,0.0,0.0,-20.0,-20.0,-20.0,0.0,Object notstarted,Object notstarted,Object notstarted,Object notstarted,Object notstarted,Object notstarted,Object notstarted,Object notstarted,Object notstarted
2024-02-19 19:07:05,898.898,__main___datalogs,INFO,JoyConState.USE_SNS,-6.587500,12.362500,-136.750000,0.096125,-0.009155,0.002289,0.000000,0.000000,0.000000,0.000000,0.000000,0,0,0,0,0,0,0,0,0,0,0,0.045257568359375,-0.010467529296875,0.0,20.0,0.0,0.0,-20.0,-20.0,-20.0,0.0,Object notstarted,Object notstarted,Object notstarted,Object notstarted,Object notstarted,Object notstarted,Object notstarted,Object notstarted,Object notstarted
2024-02-19 19:07:05,993.993,__main___datalogs,INFO,JoyConState.USE_SNS,-6.587500,12.362500,-139.430000,0.091547,0.000000,0.002289,0.000000,0.000000,0.000000,0.000000,0.000000,0,0,0,0,0,0,0,0,0,0,0,0.045257568359375,-0.010467529296875,0.0,20.0,0.0,0.0,-20.0,-20.0,-20.0,0.0,Object notstarted,Object notstarted,Object notstarted,Object notstarted,Object notstarted,Object notstarted,Object notstarted,Object notstarted,Object notstarted
2024-02-19 19:07:06,061.061,__main___datalogs,INFO,JoyConState.USE_SNS,-6.587500,12.362500,-142.685000,0.091547,-0.004577,0.002289,0.004577,0.000000,0.000000,0.000000,0.000000,0,0,0,0,0,0,0,0,0,0,0,0.045257568359375,-0.010467529296875,0.0,20.0,0.0,0.0,-20.0,-20.0,-20.0,0.0,Object notstarted,Object notstarted,Object notstarted,Object notstarted,Object notstarted,Object notstarted,Object notstarted,Object notstarted,Object notstarted
2024-02-19 19:07:06,121.121,__main___datalogs,INFO,JoyConState.USE_SNS,-6.587500,12.362500,-145.070000,0.096125,0.000000,0.000000,0.004577,0.000000,0.000000,0.000000,0.000000,0,0,0,0,0,0,0,0,0,0,0,0.045257568359375,-0.010467529296875,0.0,20.0,0.0,0.0,-20.0,-20.0,-20.0,0.0,Object notstarted,Object notstarted,Object notstarted,Object notstarted,Object notstarted,Object notstarted,Object notstarted,Object notstarted,Object notstarted
2024-02-19 19:07:06,179.179,__main___datalogs,INFO,JoyConState.USE_SNS,-6.587500,12.362500,-147.080000,0.091547,-0.009155,0.000000,0.004577,0.000000,0.000000,0.000000,0.000000,0,0,0,0,0,0,0,0,0,0,0,0.045257568359375,-0.010467529296875,0.0,20.0,0.0,0.0,-20.0,-20.0,-20.0,0.0,Object notstarted,Object notstarted,Object notstarted,Object notstarted,Object notstarted,Object notstarted,Object notstarted,Object notstarted,Object notstarted
2024-02-19 19:07:06,256.256,__main___datalogs,INFO,JoyConState.USE_SNS,-6.587500,12.362500,-149.700000,0.091547,0.000000,0.000000,0.000000,0.000000,0.000000,0.000000,0.000000,0,0,0,0,0,0,0,0,0,0,0,0.045257568359375,-0.010467529296875,0.0,20.0,0.0,0.0,-20.0,-20.0,-20.0,0.0,Object notstarted,Object notstarted,Object notstarted,Object notstarted,Object notstarted,Object notstarted,Object notstarted,Object notstarted,Object notstarted
2024-02-19 19:07:06,349.349,__main___datalogs,INFO,JoyConState.USE_SNS,-6.587500,12.362500,-152.125000,0.096125,0.000000,0.000000,0.004577,0.000000,0.000000,0.000000,0.000000,0,0,0,0,0,0,0,0,0,0,0,0.045257568359375,-0.010467529296875,0.0,20.0,0.0,0.0,-20.0,-20.0,-20.0,0.0,Object notstarted,Object notstarted,Object notstarted,Object notstarted,Object notstarted,Object notstarted,Object notstarted,Object notstarted,Object notstarted
2024-02-19 19:07:06,414.414,__main___datalogs,INFO,JoyConState.USE_SNS,-6.587500,12.362500,-155.025000,0.096125,0.000000,0.000000,0.000000,0.000000,0.000000,0.000000,0.000000,0,0,0,0,0,0,0,0,0,0,0,0.045257568359375,-0.010467529296875,0.0,20.0,0.0,0.0,-20.0,-20.0,-20.0,0.0,Object notstarted,Object notstarted,Object notstarted,Object notstarted,Object notstarted,Object notstarted,Object notstarted,Object notstarted,Object notstarted
2024-02-19 19:07:06,479.479,__main___datalogs,INFO,JoyConState.USE_SNS,-6.587500,12.362500,-157.450000,0.098413,-0.009155,0.000000,0.000000,0.000000,0.000000,0.000000,0.000000,0,0,0,0,0,0,0,0,0,0,0,0.045257568359375,-0.010467529296875,0.0,20.0,0.0,0.0,-20.0,-20.0,-20.0,0.0,Object notstarted,Object notstarted,Object notstarted,Object notstarted,Object notstarted,Object notstarted,Object notstarted,Object notstarted,Object notstarted
2024-02-19 19:07:06,537.537,__main___datalogs,INFO,JoyConState.USE_SNS,-6.587500,12.362500,-159.575000,0.091547,-0.004577,0.000000,0.004577,0.000000,0.000000,0.000000,0.000000,0,0,0,0,0,0,0,0,0,0,0,0.045257568359375,-0.010467529296875,0.0,20.0,0.0,0.0,-20.0,-20.0,-20.0,0.0,Object notstarted,Object notstarted,Object notstarted,Object notstarted,Object notstarted,Object notstarted,Object notstarted,Object notstarted,Object notstarted
2024-02-19 19:07:06,614.614,__main___datalogs,INFO,JoyConState.USE_SNS,-6.587500,12.362500,-161.195000,0.091547,-0.004577,0.000000,0.004577,0.000000,0.000000,0.000000,0.000000,0,0,0,0,0,0,0,0,0,0,0,0.045257568359375,-0.010467529296875,0.0,20.0,0.0,0.0,-20.0,-20.0,-20.0,0.0,Object notstarted,Object notstarted,Object notstarted,Object notstarted,Object notstarted,Object notstarted,Object notstarted,Object notstarted,Object notstarted
2024-02-19 19:07:06,679.679,__main___datalogs,INFO,JoyConState.USE_SNS,-6.587500,12.362500,-163.600000,0.091547,-0.004577,0.000000,0.000000,0.000000,0.000000,0.000000,0.000000,0,0,0,0,0,0,0,0,0,0,0,0.045257568359375,-0.010467529296875,0.0,20.0,0.0,0.0,-20.0,-20.0,-20.0,0.0,Object notstarted,Object notstarted,Object notstarted,Object notstarted,Object notstarted,Object notstarted,Object notstarted,Object notstarted,Object notstarted
2024-02-19 19:07:06,756.756,__main___datalogs,INFO,JoyConState.USE_SNS,-6.587500,12.362500,-165.197500,0.091547,-0.004577,0.002289,0.000000,0.000000,0.000000,0.000000,0.000000,0,0,0,0,0,0,0,0,0,0,0,0.045257568359375,-0.010467529296875,0.0,20.0,0.0,0.0,-20.0,-20.0,-20.0,0.0,Object notstarted,Object notstarted,Object notstarted,Object notstarted,Object notstarted,Object notstarted,Object notstarted,Object notstarted,Object notstarted
2024-02-19 19:07:06,834.834,__main___datalogs,INFO,JoyConState.USE_SNS,-6.587500,12.362500,-167.615000,0.091547,-0.009155,0.002289,0.004577,0.000000,0.000000,0.000000,0.000000,0,0,0,0,0,0,0,0,0,0,0,0.045257568359375,-0.010467529296875,0.0,20.0,0.0,0.0,-20.0,-20.0,-20.0,0.0,Object notstarted,Object notstarted,Object notstarted,Object notstarted,Object notstarted,Object notstarted,Object notstarted,Object notstarted,Object notstarted
2024-02-19 19:07:06,898.898,__main___datalogs,INFO,JoyConState.USE_SNS,-6.587500,12.362500,-170.350000,0.091547,0.000000,0.000000,0.004577,0.000000,0.000000,0.000000,0.000000,0,0,0,0,0,0,0,0,0,0,0,0.045257568359375,-0.010467529296875,0.0,20.0,0.0,0.0,-20.0,-20.0,-20.0,0.0,Object notstarted,Object notstarted,Object notstarted,Object notstarted,Object notstarted,Object notstarted,Object notstarted,Object notstarted,Object notstarted
2024-02-19 19:07:06,950.950,__main___datalogs,INFO,JoyConState.USE_SNS,-6.587500,12.362500,-172.540000,0.096125,-0.004577,0.000000,0.004577,0.000000,0.000000,0.000000,0.000000,0,0,0,0,0,0,0,0,0,0,0,0.045257568359375,-0.010467529296875,0.0,20.0,0.0,0.0,-20.0,-20.0,-20.0,0.0,Object notstarted,Object notstarted,Object notstarted,Object notstarted,Object notstarted,Object notstarted,Object notstarted,Object notstarted,Object notstarted
2024-02-19 19:07:07,010.010,__main___datalogs,INFO,JoyConState.USE_SNS,-6.587500,12.362500,-174.025000,0.091547,-0.004577,0.000000,0.004577,0.000000,0.000000,0.000000,0.000000,0,0,0,0,0,0,0,0,0,0,0,0.045257568359375,-0.010467529296875,0.0,20.0,0.0,0.0,-20.0,-20.0,-20.0,0.0,Object notstarted,Object notstarted,Object notstarted,Object notstarted,Object notstarted,Object notstarted,Object notstarted,Object notstarted,Object notstarted
2024-02-19 19:07:07,063.063,__main___datalogs,INFO,JoyConState.USE_SNS,-6.587500,12.362500,-175.472500,0.096125,-0.004577,0.000000,0.004577,1.369864,0.000000,0.000000,0.000000,0,0,0,0,0,0,0,0,0,0,0,0.045257568359375,-0.010467529296875,0.0,0.0,60.0,0.0,-20.0,-20.0,-20.0,0.0,Object notstarted,Object notstarted,Object notstarted,Object notstarted,Object notstarted,Object notstarted,Object notstarted,Object notstarted,Object notstarted
2024-02-19 19:07:07,134.134,__main___datalogs,INFO,JoyConState.USE_SNS,-6.587500,12.362500,-176.422500,0.091547,-0.009155,0.000000,0.004577,4.053552,0.000000,0.000000,0.000000,0,0,0,0,0,0,0,0,0,0,0,0.045257568359375,-0.010467529296875,0.0,0.0,60.0,0.0,-20.0,-20.0,-20.0,0.0,Object notstarted,Object notstarted,Object notstarted,Object notstarted,Object notstarted,Object notstarted,Object notstarted,Object notstarted,Object notstarted
2024-02-19 19:07:07,198.198,__main___datalogs,INFO,JoyConState.USE_SNS,-6.587500,12.362500,-177.475000,3.277388,-0.009155,0.000000,0.000000,6.664219,0.000000,0.000000,0.000000,0,0,0,0,0,0,0,0,0,0,0,0.045257568359375,-0.010467529296875,0.0,0.0,60.0,0.0,-20.0,-20.0,-20.0,0.0,Object notstarted,Object notstarted,Object notstarted,Object notstarted,Object notstarted,Object notstarted,Object notstarted,Object notstarted,Object notstarted
2024-02-19 19:07:07,305.305,__main___datalogs,INFO,JoyConState.USE_SNS,-6.587500,12.362500,-178.042500,4.357644,-0.004577,0.000000,0.004577,9.203851,0.000000,0.000000,0.000000,0,0,0,0,0,0,0,0,0,0,0,0.045257568359375,-0.010467529296875,0.0,0.0,60.0,0.0,-20.0,-20.0,-20.0,0.0,Object notstarted,Object notstarted,Object notstarted,Object notstarted,Object notstarted,Object notstarted,Object notstarted,Object notstarted,Object notstarted
2024-02-19 19:07:07,398.398,__main___datalogs,INFO,JoyConState.USE_SNS,-6.587500,12.362500,-178.540000,5.875038,-0.004577,0.000000,0.004577,11.674380,0.000000,0.000000,0.000000,0,0,0,0,0,0,0,0,0,0,0,0.045257568359375,-0.010467529296875,0.0,0.0,60.0,0.0,-20.0,-20.0,-20.0,0.0,Object notstarted,Object notstarted,Object notstarted,Object notstarted,Object notstarted,Object notstarted,Object notstarted,Object notstarted,Object notstarted
2024-02-19 19:07:07,462.462,__main___datalogs,INFO,JoyConState.USE_SNS,-6.587500,12.362500,-179.667500,6.222918,-0.004577,0.000000,-0.006866,14.077687,0.000000,0.000000,0.000000,0,0,0,0,0,0,0,0,0,0,0,0.045257568359375,-0.010467529296875,0.0,0.0,60.0,0.0,-20.0,-20.0,-20.0,0.0,Object notstarted,Object notstarted,Object notstarted,Object notstarted,Object notstarted,Object notstarted,Object notstarted,Object notstarted,Object notstarted
2024-02-19 19:07:07,521.521,__main___datalogs,INFO,JoyConState.USE_SNS,-6.587500,12.362500,-180.207500,6.085597,-0.004577,0.000000,0.000000,16.415600,0.000000,0.000000,0.000000,0,0,0,0,0,0,0,0,0,0,0,0.045257568359375,-0.010467529296875,0.0,0.0,60.0,0.0,-20.0,-20.0,-20.0,0.0,Object notstarted,Object notstarted,Object notstarted,Object notstarted,Object notstarted,Object notstarted,Object notstarted,Object notstarted,Object notstarted
2024-02-19 19:07:07,601.601,__main___datalogs,INFO,JoyConState.USE_SNS,-6.587500,12.362500,-180.387500,6.579951,0.000000,0.000000,0.004577,18.689901,0.000000,0.000000,0.000000,0,0,0,0,0,0,0,0,0,0,0,0.045257568359375,-0.010467529296875,0.0,0.0,60.0,0.0,-20.0,-20.0,-20.0,0.0,Object notstarted,Object notstarted,Object notstarted,Object notstarted,Object notstarted,Object notstarted,Object notstarted,Object notstarted,Object notstarted
2024-02-19 19:07:07,665.665,__main___datalogs,INFO,JoyConState.USE_SNS,-6.587500,12.362500,-180.895000,6.904943,-0.004577,0.000000,0.004577,19.000000,0.000000,0.000000,0.000000,0,0,0,0,0,0,0,0,0,0,0,0.045257568359375,-0.010467529296875,-20.0,-20.0,0.0,20.0,0.0,0.0,0.0,-20.0,Object notstarted,Object notstarted,Object notstarted,Object notstarted,Object notstarted,Object notstarted,Object notstarted,Object notstarted,Object notstarted
2024-02-19 19:07:07,724.724,__main___datalogs,INFO,JoyConState.USE_SNS,-6.587500,12.362500,-181.242500,7.369545,-0.011444,0.000000,0.004577,19.000000,0.000000,0.000000,0.000000,0,0,0,0,0,0,0,0,0,0,0,0.045257568359375,-0.010467529296875,-20.0,-20.0,0.0,20.0,0.0,0.0,0.0,-20.0,Object notstarted,Object notstarted,Object notstarted,Object notstarted,Object notstarted,Object notstarted,Object notstarted,Object notstarted,Object notstarted
2024-02-19 19:07:07,772.772,__main___datalogs,INFO,JoyConState.USE_SNS,-6.587500,12.362500,-181.412500,7.447360,-0.004577,0.002289,0.000000,19.000000,0.000000,0.000000,0.000000,0,0,0,0,0,0,0,0,0,0,0,0.045257568359375,-0.010467529296875,-20.0,-20.0,0.0,20.0,0.0,0.0,0.0,-20.0,Object notstarted,Object notstarted,Object notstarted,Object notstarted,Object notstarted,Object notstarted,Object notstarted,Object notstarted,Object notstarted
2024-02-19 19:07:07,815.815,__main___datalogs,INFO,JoyConState.USE_SNS,-6.587500,12.362500,-181.760000,6.687519,-0.009155,0.000000,0.000000,19.000000,0.000000,0.000000,0.000000,0,0,0,0,0,0,0,0,0,0,0,0.045257568359375,-0.010467529296875,-20.0,-20.0,0.0,20.0,0.0,0.0,0.0,-20.0,Object notstarted,Object notstarted,Object notstarted,Object notstarted,Object notstarted,Object notstarted,Object notstarted,Object notstarted,Object notstarted
2024-02-19 19:07:07,856.856,__main___datalogs,INFO,JoyConState.USE_SNS,-6.587500,12.362500,-181.972500,7.712847,-0.004577,0.000000,0.000000,19.000000,0.000000,0.000000,0.000000,0,0,0,0,0,0,0,0,0,0,0,0.045257568359375,-0.010467529296875,-20.0,-20.0,0.0,20.0,0.0,0.0,0.0,-20.0,Object notstarted,Object notstarted,Object notstarted,Object notstarted,Object notstarted,Object notstarted,Object notstarted,Object notstarted,Object notstarted
2024-02-19 19:07:07,897.897,__main___datalogs,INFO,JoyConState.USE_SNS,-6.587500,12.362500,-182.000000,7.541196,-0.009155,0.000000,0.000000,19.000000,0.000000,0.000000,0.000000,0,0,0,0,0,0,0,0,0,0,0,0.045257568359375,-0.010467529296875,-20.0,-20.0,0.0,20.0,0.0,0.0,0.0,-20.0,Object notstarted,Object notstarted,Object notstarted,Object notstarted,Object notstarted,Object notstarted,Object notstarted,Object notstarted,Object notstarted
2024-02-19 19:07:07,939.939,__main___datalogs,INFO,JoyConState.USE_SNS,-6.587500,12.362500,-182.000000,6.946140,-0.004577,0.000000,0.004577,19.000000,0.000000,0.000000,0.000000,0,0,0,0,0,0,0,0,0,0,0,0.045257568359375,-0.010467529296875,-20.0,-20.0,0.0,20.0,0.0,0.0,0.0,-20.0,Object notstarted,Object notstarted,Object notstarted,Object notstarted,Object notstarted,Object notstarted,Object notstarted,Object notstarted,Object notstarted
2024-02-19 19:07:07,982.982,__main___datalogs,INFO,JoyConState.USE_SNS,-6.587500,12.362500,-182.000000,7.797528,-0.004577,0.002289,0.004577,19.000000,0.000000,0.000000,0.000000,0,0,0,0,0,0,0,0,0,0,0,0.045257568359375,-0.010467529296875,-20.0,-20.0,0.0,20.0,0.0,0.0,0.0,-20.0,Object notstarted,Object notstarted,Object notstarted,Object notstarted,Object notstarted,Object notstarted,Object notstarted,Object notstarted,Object notstarted
2024-02-19 19:07:08,022.022,__main___datalogs,INFO,JoyConState.USE_SNS,-6.587500,12.362500,-182.000000,7.005646,-0.004577,0.000000,0.004577,19.000000,0.000000,0.000000,0.000000,0,0,0,0,0,0,0,0,0,0,0,0.045257568359375,-0.010467529296875,-20.0,-20.0,0.0,20.0,0.0,0.0,0.0,-20.0,Object notstarted,Object notstarted,Object notstarted,Object notstarted,Object notstarted,Object notstarted,Object notstarted,Object notstarted,Object notstarted
2024-02-19 19:07:08,065.065,__main___datalogs,INFO,JoyConState.USE_SNS,-6.587500,12.362500,-182.000000,8.040129,-0.009155,0.000000,0.000000,19.000000,0.000000,0.000000,0.000000,0,0,0,0,0,0,0,0,0,0,0,0.045257568359375,-0.010467529296875,-20.0,-20.0,0.0,20.0,0.0,0.0,0.0,-20.0,Object notstarted,Object notstarted,Object notstarted,Object notstarted,Object notstarted,Object notstarted,Object notstarted,Object notstarted,Object notstarted
2024-02-19 19:07:08,105.105,__main___datalogs,INFO,JoyConState.USE_SNS,-6.587500,12.362500,-182.000000,7.641898,-0.009155,0.000000,-0.004577,19.000000,0.000000,0.000000,0.000000,0,0,0,0,0,0,0,0,0,0,0,0.045257568359375,-0.010467529296875,-20.0,-20.0,0.0,20.0,0.0,0.0,0.0,-20.0,Object notstarted,Object notstarted,Object notstarted,Object notstarted,Object notstarted,Object notstarted,Object notstarted,Object notstarted,Object notstarted
2024-02-19 19:07:08,146.146,__main___datalogs,INFO,JoyConState.USE_SNS,-6.587500,12.362500,-182.000000,7.538908,-0.009155,0.000000,0.004577,19.000000,0.000000,0.000000,0.000000,0,0,0,0,0,0,0,0,0,0,0,0.045257568359375,-0.010467529296875,-20.0,-20.0,0.0,20.0,0.0,0.0,0.0,-20.0,Object notstarted,Object notstarted,Object notstarted,Object notstarted,Object notstarted,Object notstarted,Object notstarted,Object notstarted,Object notstarted
2024-02-19 19:07:08,187.187,__main___datalogs,INFO,JoyConState.USE_SNS,-6.587500,12.362500,-182.000000,7.708270,-0.009155,0.000000,0.004577,19.000000,0.000000,0.000000,0.000000,0,0,0,0,0,0,0,0,0,0,0,0.045257568359375,-0.010467529296875,-20.0,-20.0,0.0,20.0,0.0,0.0,0.0,-20.0,Object notstarted,Object notstarted,Object notstarted,Object notstarted,Object notstarted,Object notstarted,Object notstarted,Object notstarted,Object notstarted
2024-02-19 19:07:08,228.228,__main___datalogs,INFO,JoyConState.USE_SNS,-6.587500,12.362500,-182.000000,7.509154,0.000000,0.002289,0.004577,19.000000,0.000000,0.000000,0.000000,0,0,0,0,0,0,0,0,0,0,0,0.045257568359375,-0.010467529296875,-20.0,-20.0,0.0,20.0,0.0,0.0,0.0,-20.0,Object notstarted,Object notstarted,Object notstarted,Object notstarted,Object notstarted,Object notstarted,Object notstarted,Object notstarted,Object notstarted
2024-02-19 19:07:08,269.269,__main___datalogs,INFO,JoyConState.USE_SNS,-6.587500,12.362500,-182.000000,7.841013,-0.004577,0.000000,0.004577,19.000000,0.000000,0.000000,0.000000,0,0,0,0,0,0,0,0,0,0,0,0.045257568359375,-0.010467529296875,-20.0,-20.0,0.0,20.0,0.0,0.0,0.0,-20.0,Object notstarted,Object notstarted,Object notstarted,Object notstarted,Object notstarted,Object notstarted,Object notstarted,Object notstarted,Object notstarted
2024-02-19 19:07:08,311.311,__main___datalogs,INFO,JoyConState.USE_SNS,-6.587500,12.362500,-182.000000,8.088190,-0.004577,0.000000,0.004577,19.000000,0.000000,0.000000,0.000000,0,0,0,0,0,0,0,0,0,0,0,0.045257568359375,-0.010467529296875,-20.0,-20.0,0.0,20.0,0.0,0.0,0.0,-20.0,Object notstarted,Object notstarted,Object notstarted,Object notstarted,Object notstarted,Object notstarted,Object notstarted,Object notstarted,Object notstarted
2024-02-19 19:07:08,352.352,__main___datalogs,INFO,JoyConState.USE_SNS,-6.587500,12.362500,-182.000000,6.724138,-0.009155,0.000000,0.006866,19.000000,0.000000,0.000000,0.000000,0,0,0,0,0,0,0,0,0,0,0,0.045257568359375,-0.010467529296875,-20.0,-20.0,0.0,20.0,0.0,0.0,0.0,-20.0,Object notstarted,Object notstarted,Object notstarted,Object notstarted,Object notstarted,Object notstarted,Object notstarted,Object notstarted,Object notstarted
2024-02-19 19:07:08,397.397,__main___datalogs,INFO,JoyConState.USE_SNS,-6.587500,12.362500,-182.000000,7.944004,-0.009155,0.000000,0.000000,19.000000,0.000000,0.000000,0.000000,0,0,0,0,0,0,0,0,0,0,0,0.045257568359375,-0.010467529296875,-20.0,-20.0,0.0,20.0,0.0,0.0,0.0,-20.0,Object notstarted,Object notstarted,Object notstarted,Object notstarted,Object notstarted,Object notstarted,Object notstarted,Object notstarted,Object notstarted
2024-02-19 19:07:08,438.438,__main___datalogs,INFO,JoyConState.USE_SNS,-6.587500,12.362500,-182.000000,7.165853,-0.009155,0.000000,0.000000,19.000000,0.000000,0.000000,0.000000,0,0,0,0,0,0,0,0,0,0,0,0.045257568359375,-0.010467529296875,-20.0,-20.0,0.0,20.0,0.0,0.0,0.0,-20.0,Object notstarted,Object notstarted,Object notstarted,Object notstarted,Object notstarted,Object notstarted,Object notstarted,Object notstarted,Object notstarted
2024-02-19 19:07:08,478.478,__main___datalogs,INFO,JoyConState.USE_SNS,-6.587500,12.362500,-182.000000,7.779219,-0.009155,0.002289,0.004577,19.000000,0.000000,0.000000,0.000000,0,0,0,0,0,0,0,0,0,0,0,0.045257568359375,-0.010467529296875,-20.0,-20.0,0.0,20.0,0.0,0.0,0.0,-20.0,Object notstarted,Object notstarted,Object notstarted,Object notstarted,Object notstarted,Object notstarted,Object notstarted,Object notstarted,Object notstarted
2024-02-19 19:07:08,519.519,__main___datalogs,INFO,JoyConState.USE_SNS,-6.587500,12.362500,-182.000000,7.646476,-0.009155,0.002289,0.004577,19.000000,0.000000,0.000000,0.000000,0,0,0,0,0,0,0,0,0,0,0,0.045257568359375,-0.010467529296875,-20.0,-20.0,0.0,20.0,0.0,0.0,0.0,-20.0,Object notstarted,Object notstarted,Object notstarted,Object notstarted,Object notstarted,Object notstarted,Object notstarted,Object notstarted,Object notstarted
2024-02-19 19:07:08,560.560,__main___datalogs,INFO,JoyConState.USE_SNS,-6.587500,12.362500,-182.000000,7.470247,0.000000,0.000000,0.004577,19.000000,0.000000,0.000000,0.000000,0,0,0,0,0,0,0,0,0,0,0,0.045257568359375,-0.010467529296875,-20.0,-20.0,0.0,20.0,0.0,0.0,0.0,-20.0,Object notstarted,Object notstarted,Object notstarted,Object notstarted,Object notstarted,Object notstarted,Object notstarted,Object notstarted,Object notstarted
2024-02-19 19:07:08,600.600,__main___datalogs,INFO,JoyConState.USE_SNS,-6.587500,12.362500,-182.000000,7.879921,-0.004577,0.000000,0.000000,19.000000,0.000000,0.000000,0.000000,0,0,0,0,0,0,0,0,0,0,0,0.045257568359375,-0.010467529296875,-20.0,-20.0,0.0,20.0,0.0,0.0,0.0,-20.0,Object notstarted,Object notstarted,Object notstarted,Object notstarted,Object notstarted,Object notstarted,Object notstarted,Object notstarted,Object notstarted
2024-02-19 19:07:08,641.641,__main___datalogs,INFO,JoyConState.USE_SNS,-6.587500,12.362500,-182.000000,8.191181,-0.004577,0.002289,0.000000,19.000000,0.000000,0.000000,0.000000,0,0,0,0,0,0,0,0,0,0,0,0.045257568359375,-0.010467529296875,-20.0,-20.0,0.0,20.0,0.0,0.0,0.0,-20.0,Object notstarted,Object notstarted,Object notstarted,Object notstarted,Object notstarted,Object notstarted,Object notstarted,Object notstarted,Object notstarted
2024-02-19 19:07:08,681.681,__main___datalogs,INFO,JoyConState.USE_SNS,-6.587500,12.362500,-182.000000,6.284712,0.000000,0.002289,0.000000,19.000000,0.000000,0.000000,0.000000,0,0,0,0,0,0,0,0,0,0,0,0.045257568359375,-0.010467529296875,-20.0,-20.0,0.0,20.0,0.0,0.0,0.0,-20.0,Object notstarted,Object notstarted,Object notstarted,Object notstarted,Object notstarted,Object notstarted,Object notstarted,Object notstarted,Object notstarted
2024-02-19 19:07:08,722.722,__main___datalogs,INFO,JoyConState.USE_SNS,-6.587500,12.362500,-182.000000,6.488404,-0.004577,0.000000,0.000000,19.000000,0.000000,0.000000,0.000000,0,0,0,0,0,0,0,0,0,0,0,0.045257568359375,-0.010467529296875,-20.0,-20.0,0.0,20.0,0.0,0.0,0.0,-20.0,Object notstarted,Object notstarted,Object notstarted,Object notstarted,Object notstarted,Object notstarted,Object notstarted,Object notstarted,Object notstarted
2024-02-19 19:07:08,763.763,__main___datalogs,INFO,JoyConState.USE_SNS,-6.587500,12.362500,-182.000000,7.708270,-0.009155,0.002289,0.004577,19.000000,0.000000,0.000000,0.000000,0,0,0,0,0,0,0,0,0,0,0,0.045257568359375,-0.010467529296875,-20.0,-20.0,0.0,20.0,0.0,0.0,0.0,-20.0,Object notstarted,Object notstarted,Object notstarted,Object notstarted,Object notstarted,Object notstarted,Object notstarted,Object notstarted,Object notstarted
2024-02-19 19:07:08,805.805,__main___datalogs,INFO,JoyConState.USE_SNS,-6.587500,12.362500,-182.000000,5.630150,-0.009155,0.000000,0.004577,19.000000,0.000000,0.000000,0.000000,0,0,0,0,0,0,0,0,0,0,0,0.045257568359375,-0.010467529296875,-20.0,-20.0,0.0,20.0,0.0,0.0,0.0,-20.0,Object notstarted,Object notstarted,Object notstarted,Object notstarted,Object notstarted,Object notstarted,Object notstarted,Object notstarted,Object notstarted
2024-02-19 19:07:08,845.845,__main___datalogs,INFO,JoyConState.USE_SNS,-6.587500,12.362500,-182.000000,7.488557,-0.009155,0.000000,0.004577,19.000000,0.000000,0.000000,0.000000,0,0,0,0,0,0,0,0,0,0,0,0.045257568359375,-0.010467529296875,-20.0,-20.0,0.0,20.0,0.0,0.0,0.0,-20.0,Object notstarted,Object notstarted,Object notstarted,Object notstarted,Object notstarted,Object notstarted,Object notstarted,Object notstarted,Object notstarted
2024-02-19 19:07:08,886.886,__main___datalogs,INFO,JoyConState.USE_SNS,-6.587500,12.362500,-182.000000,7.895942,-0.009155,0.000000,0.006866,19.000000,0.000000,0.000000,0.000000,0,0,0,0,0,0,0,0,0,0,0,0.045257568359375,-0.010467529296875,-20.0,-20.0,0.0,20.0,0.0,0.0,0.0,-20.0,Object notstarted,Object notstarted,Object notstarted,Object notstarted,Object notstarted,Object notstarted,Object notstarted,Object notstarted,Object notstarted
2024-02-19 19:07:08,927.927,__main___datalogs,INFO,JoyConState.USE_SNS,-6.587500,12.362500,-182.000000,7.676229,-0.009155,0.000000,0.000000,19.000000,0.000000,0.000000,0.000000,0,0,0,0,0,0,0,0,0,0,0,0.045257568359375,-0.010467529296875,-20.0,-20.0,0.0,20.0,0.0,0.0,0.0,-20.0,Object notstarted,Object notstarted,Object notstarted,Object notstarted,Object notstarted,Object notstarted,Object notstarted,Object notstarted,Object notstarted
2024-02-19 19:07:08,969.969,__main___datalogs,INFO,JoyConState.USE_SNS,-6.587500,12.362500,-182.000000,5.579799,-0.004577,0.000000,0.000000,19.000000,0.000000,0.000000,0.000000,0,0,0,0,0,0,0,0,0,0,0,0.045257568359375,-0.010467529296875,-20.0,-20.0,0.0,20.0,0.0,0.0,0.0,-20.0,Object notstarted,Object notstarted,Object notstarted,Object notstarted,Object notstarted,Object notstarted,Object notstarted,Object notstarted,Object notstarted
2024-02-19 19:07:09,009.009,__main___datalogs,INFO,JoyConState.USE_SNS,-6.587500,12.362500,-182.000000,7.419896,-0.009155,0.000000,-0.004577,19.000000,0.000000,0.000000,0.000000,0,0,0,0,0,0,0,0,0,0,0,0.045257568359375,-0.010467529296875,-20.0,-20.0,0.0,20.0,0.0,0.0,0.0,-20.0,Object notstarted,Object notstarted,Object notstarted,Object notstarted,Object notstarted,Object notstarted,Object notstarted,Object notstarted,Object notstarted
2024-02-19 19:07:09,050.050,__main___datalogs,INFO,JoyConState.USE_SNS,-6.587500,12.362500,-182.000000,7.797528,-0.004577,0.000000,0.000000,19.000000,0.000000,0.000000,0.000000,0,0,0,0,0,0,0,0,0,0,0,0.045257568359375,-0.010467529296875,-20.0,-20.0,0.0,20.0,0.0,0.0,0.0,-20.0,Object notstarted,Object notstarted,Object notstarted,Object notstarted,Object notstarted,Object notstarted,Object notstarted,Object notstarted,Object notstarted
2024-02-19 19:07:09,088.088,__main___datalogs,INFO,JoyConState.USE_SNS,-6.587500,12.362500,-182.000000,8.149984,-0.004577,0.002289,0.004577,19.000000,0.000000,0.000000,0.000000,0,0,0,0,0,0,0,0,0,0,0,0.045257568359375,-0.010467529296875,-20.0,-20.0,0.0,20.0,0.0,0.0,0.0,-20.0,Object notstarted,Object notstarted,Object notstarted,Object notstarted,Object notstarted,Object notstarted,Object notstarted,Object notstarted,Object notstarted
2024-02-19 19:07:09,130.130,__main___datalogs,INFO,JoyConState.USE_SNS,-6.587500,12.362500,-182.000000,7.458804,-0.009155,0.000000,0.004577,19.000000,0.000000,0.000000,0.000000,0,0,0,0,0,0,0,0,0,0,0,0.045257568359375,-0.010467529296875,-20.0,-20.0,0.0,20.0,0.0,0.0,0.0,-20.0,Object notstarted,Object notstarted,Object notstarted,Object notstarted,Object notstarted,Object notstarted,Object notstarted,Object notstarted,Object notstarted
2024-02-19 19:07:09,171.171,__main___datalogs,INFO,JoyConState.USE_SNS,-6.587500,12.362500,-182.000000,6.387702,0.000000,0.002289,0.000000,19.000000,0.000000,0.000000,0.000000,0,0,0,0,0,0,0,0,0,0,0,0.045257568359375,-0.010467529296875,-20.0,-20.0,0.0,20.0,0.0,0.0,0.0,-20.0,Object notstarted,Object notstarted,Object notstarted,Object notstarted,Object notstarted,Object notstarted,Object notstarted,Object notstarted,Object notstarted
2024-02-19 19:07:09,209.209,__main___datalogs,INFO,JoyConState.USE_SNS,-6.587500,12.362500,-182.000000,7.431339,-0.004577,0.002289,0.000000,19.000000,0.000000,0.000000,0.000000,0,0,0,0,0,0,0,0,0,0,0,0.045257568359375,-0.010467529296875,-20.0,-20.0,0.0,20.0,0.0,0.0,0.0,-20.0,Object notstarted,Object notstarted,Object notstarted,Object notstarted,Object notstarted,Object notstarted,Object notstarted,Object notstarted,Object notstarted
2024-02-19 19:07:09,250.250,__main___datalogs,INFO,JoyConState.USE_SNS,-6.587500,12.362500,-182.000000,8.035551,-0.004577,0.000000,0.004577,19.000000,0.000000,0.000000,0.000000,0,0,0,0,0,0,0,0,0,0,0,0.045257568359375,-0.010467529296875,-20.0,-20.0,0.0,20.0,0.0,0.0,0.0,-20.0,Object notstarted,Object notstarted,Object notstarted,Object notstarted,Object notstarted,Object notstarted,Object notstarted,Object notstarted,Object notstarted
2024-02-19 19:07:09,289.289,__main___datalogs,INFO,JoyConState.USE_SNS,-6.587500,12.362500,-182.000000,8.117944,-0.009155,0.000000,0.004577,19.000000,0.000000,0.000000,0.000000,0,0,0,0,0,0,0,0,0,0,0,0.045257568359375,-0.010467529296875,-20.0,-20.0,0.0,20.0,0.0,0.0,0.0,-20.0,Object notstarted,Object notstarted,Object notstarted,Object notstarted,Object notstarted,Object notstarted,Object notstarted,Object notstarted,Object notstarted
2024-02-19 19:07:09,330.330,__main___datalogs,INFO,JoyConState.USE_SNS,-6.587500,12.362500,-182.000000,7.580104,-0.009155,0.000000,0.004577,19.000000,0.000000,0.000000,0.000000,0,0,0,0,0,0,0,0,0,0,0,0.045257568359375,-0.010467529296875,-20.0,-20.0,0.0,20.0,0.0,0.0,0.0,-20.0,Object notstarted,Object notstarted,Object notstarted,Object notstarted,Object notstarted,Object notstarted,Object notstarted,Object notstarted,Object notstarted
2024-02-19 19:07:09,372.372,__main___datalogs,INFO,JoyConState.USE_SNS,-6.587500,12.362500,-182.000000,5.964296,0.000000,0.000000,0.004577,19.000000,0.000000,0.000000,0.000000,0,0,0,0,0,0,0,0,0,0,0,0.045257568359375,-0.010467529296875,-20.0,-20.0,0.0,20.0,0.0,0.0,0.0,-20.0,Object notstarted,Object notstarted,Object notstarted,Object notstarted,Object notstarted,Object notstarted,Object notstarted,Object notstarted,Object notstarted
2024-02-19 19:07:09,412.412,__main___datalogs,INFO,JoyConState.USE_SNS,-6.587500,12.362500,-182.000000,7.284864,-0.004577,0.000000,0.004577,19.000000,0.000000,0.000000,0.000000,0,0,0,0,0,0,0,0,0,0,0,0.045257568359375,-0.010467529296875,-20.0,-20.0,0.0,20.0,0.0,0.0,0.0,-20.0,Object notstarted,Object notstarted,Object notstarted,Object notstarted,Object notstarted,Object notstarted,Object notstarted,Object notstarted,Object notstarted
2024-02-19 19:07:09,452.452,__main___datalogs,INFO,JoyConState.USE_SNS,-6.587500,12.362500,-182.000000,7.738023,-0.011444,0.000000,0.004577,19.000000,0.000000,0.000000,0.000000,0,0,0,0,0,0,0,0,0,0,0,0.045257568359375,-0.010467529296875,-20.0,-20.0,0.0,20.0,0.0,0.0,0.0,-20.0,Object notstarted,Object notstarted,Object notstarted,Object notstarted,Object notstarted,Object notstarted,Object notstarted,Object notstarted,Object notstarted
2024-02-19 19:07:09,496.496,__main___datalogs,INFO,JoyConState.USE_SNS,-6.587500,12.362500,-182.000000,8.124809,-0.011444,0.000000,0.000000,19.000000,0.000000,0.000000,0.000000,0,0,0,0,0,0,0,0,0,0,0,0.045257568359375,-0.010467529296875,-20.0,-20.0,0.0,20.0,0.0,0.0,0.0,-20.0,Object notstarted,Object notstarted,Object notstarted,Object notstarted,Object notstarted,Object notstarted,Object notstarted,Object notstarted,Object notstarted
2024-02-19 19:07:09,537.537,__main___datalogs,INFO,JoyConState.USE_SNS,-6.587500,12.362500,-182.000000,7.593836,-0.011444,0.000000,0.000000,19.000000,0.000000,0.000000,0.000000,0,0,0,0,0,0,0,0,0,0,0,0.045257568359375,-0.010467529296875,-20.0,-20.0,0.0,20.0,0.0,0.0,0.0,-20.0,Object notstarted,Object notstarted,Object notstarted,Object notstarted,Object notstarted,Object notstarted,Object notstarted,Object notstarted,Object notstarted
2024-02-19 19:07:09,577.577,__main___datalogs,INFO,JoyConState.USE_SNS,-6.587500,12.362500,-182.000000,6.563931,-0.004577,0.000000,0.004577,19.000000,0.000000,0.000000,0.000000,0,0,0,0,0,0,0,0,0,0,0,0.045257568359375,-0.010467529296875,-20.0,-20.0,0.0,20.0,0.0,0.0,0.0,-20.0,Object notstarted,Object notstarted,Object notstarted,Object notstarted,Object notstarted,Object notstarted,Object notstarted,Object notstarted,Object notstarted
2024-02-19 19:07:09,616.616,__main___datalogs,INFO,JoyConState.USE_SNS,-6.587500,12.362500,-182.000000,7.479402,-0.004577,0.000000,0.006866,19.000000,0.000000,0.000000,0.000000,0,0,0,0,0,0,0,0,0,0,0,0.045257568359375,-0.010467529296875,-20.0,-20.0,0.0,20.0,0.0,0.0,0.0,-20.0,Object notstarted,Object notstarted,Object notstarted,Object notstarted,Object notstarted,Object notstarted,Object notstarted,Object notstarted,Object notstarted
2024-02-19 19:07:09,656.656,__main___datalogs,INFO,JoyConState.USE_SNS,-6.587500,12.362500,-182.000000,7.978333,-0.004577,0.000000,0.004577,19.000000,0.000000,0.000000,0.000000,0,0,0,0,0,0,0,0,0,0,0,0.045257568359375,-0.010467529296875,-20.0,-20.0,0.0,20.0,0.0,0.0,0.0,-20.0,Object notstarted,Object notstarted,Object notstarted,Object notstarted,Object notstarted,Object notstarted,Object notstarted,Object notstarted,Object notstarted
2024-02-19 19:07:09,698.698,__main___datalogs,INFO,JoyConState.USE_SNS,-6.587500,12.362500,-182.000000,8.179738,-0.004577,0.000000,0.004577,19.000000,0.000000,0.000000,0.000000,0,0,0,0,0,0,0,0,0,0,0,0.045257568359375,-0.010467529296875,-20.0,-20.0,0.0,20.0,0.0,0.0,0.0,-20.0,Object notstarted,Object notstarted,Object notstarted,Object notstarted,Object notstarted,Object notstarted,Object notstarted,Object notstarted,Object notstarted
2024-02-19 19:07:09,739.739,__main___datalogs,INFO,JoyConState.USE_SNS,-6.587500,12.362500,-182.000000,7.465670,-0.004577,0.000000,0.004577,19.000000,0.000000,0.000000,0.000000,0,0,0,0,0,0,0,0,0,0,0,0.045257568359375,-0.010467529296875,-20.0,-20.0,0.0,20.0,0.0,0.0,0.0,-20.0,Object notstarted,Object notstarted,Object notstarted,Object notstarted,Object notstarted,Object notstarted,Object notstarted,Object notstarted,Object notstarted
2024-02-19 19:07:09,781.781,__main___datalogs,INFO,JoyConState.USE_SNS,-6.587500,12.362500,-182.000000,5.231919,-0.004577,0.000000,0.004577,19.000000,0.000000,0.000000,0.000000,0,0,0,0,0,0,0,0,0,0,0,0.045257568359375,-0.010467529296875,-20.0,-20.0,0.0,20.0,0.0,0.0,0.0,-20.0,Object notstarted,Object notstarted,Object notstarted,Object notstarted,Object notstarted,Object notstarted,Object notstarted,Object notstarted,Object notstarted
2024-02-19 19:07:09,822.822,__main___datalogs,INFO,JoyConState.USE_SNS,-6.587500,12.362500,-182.000000,7.646476,-0.004577,0.000000,0.004577,19.000000,0.000000,0.000000,0.000000,0,0,0,0,0,0,0,0,0,0,0,0.045257568359375,-0.010467529296875,-20.0,-20.0,0.0,20.0,0.0,0.0,0.0,-20.0,Object notstarted,Object notstarted,Object notstarted,Object notstarted,Object notstarted,Object notstarted,Object notstarted,Object notstarted,Object notstarted
2024-02-19 19:07:09,864.864,__main___datalogs,INFO,JoyConState.USE_SNS,-6.587500,12.362500,-182.000000,7.900518,0.000000,0.000000,0.004577,19.000000,0.000000,0.000000,0.000000,0,0,0,0,0,0,0,0,0,0,0,0.045257568359375,-0.010467529296875,-20.0,-20.0,0.0,20.0,0.0,0.0,0.0,-20.0,Object notstarted,Object notstarted,Object notstarted,Object notstarted,Object notstarted,Object notstarted,Object notstarted,Object notstarted,Object notstarted
2024-02-19 19:07:09,903.903,__main___datalogs,INFO,JoyConState.USE_SNS,-6.587500,12.362500,-182.000000,7.996643,-0.004577,0.000000,0.004577,19.000000,0.000000,0.000000,0.000000,0,0,0,0,0,0,0,0,0,0,0,0.045257568359375,-0.010467529296875,-20.0,-20.0,0.0,20.0,0.0,0.0,0.0,-20.0,Object notstarted,Object notstarted,Object notstarted,Object notstarted,Object notstarted,Object notstarted,Object notstarted,Object notstarted,Object notstarted
2024-02-19 19:07:09,943.943,__main___datalogs,INFO,JoyConState.USE_SNS,-6.587500,12.362500,-182.000000,6.531889,-0.009155,0.000000,0.004577,19.000000,0.000000,0.000000,0.000000,0,0,0,0,0,0,0,0,0,0,0,0.045257568359375,-0.010467529296875,-20.0,-20.0,0.0,20.0,0.0,0.0,0.0,-20.0,Object notstarted,Object notstarted,Object notstarted,Object notstarted,Object notstarted,Object notstarted,Object notstarted,Object notstarted,Object notstarted
2024-02-19 19:07:09,984.984,__main___datalogs,INFO,JoyConState.USE_SNS,-6.587500,12.362500,-182.000000,6.344217,-0.009155,0.000000,0.004577,19.000000,0.000000,0.000000,0.000000,0,0,0,0,0,0,0,0,0,0,0,0.045257568359375,-0.010467529296875,-20.0,-20.0,0.0,20.0,0.0,0.0,0.0,-20.0,Object notstarted,Object notstarted,Object notstarted,Object notstarted,Object notstarted,Object notstarted,Object notstarted,Object notstarted,Object notstarted
2024-02-19 19:07:10,025.025,__main___datalogs,INFO,JoyConState.USE_SNS,-6.587500,12.362500,-182.000000,7.328349,-0.009155,0.000000,0.004577,19.000000,0.000000,0.000000,0.000000,0,0,0,0,0,0,0,0,0,0,0,0.045257568359375,-0.010467529296875,-20.0,-20.0,0.0,20.0,0.0,0.0,0.0,-20.0,Object notstarted,Object notstarted,Object notstarted,Object notstarted,Object notstarted,Object notstarted,Object notstarted,Object notstarted,Object notstarted
2024-02-19 19:07:10,065.065,__main___datalogs,INFO,JoyConState.USE_SNS,-6.587500,12.362500,-182.000000,8.024108,-0.009155,0.002289,0.000000,19.000000,0.000000,0.000000,0.000000,0,0,0,0,0,0,0,0,0,0,0,0.045257568359375,-0.010467529296875,-20.0,-20.0,0.0,20.0,0.0,0.0,0.0,-20.0,Object notstarted,Object notstarted,Object notstarted,Object notstarted,Object notstarted,Object notstarted,Object notstarted,Object notstarted,Object notstarted
2024-02-19 19:07:10,104.104,__main___datalogs,INFO,JoyConState.USE_SNS,-6.587500,12.362500,-182.000000,8.195759,-0.004577,0.002289,0.000000,19.000000,0.000000,0.000000,0.000000,0,0,0,0,0,0,0,0,0,0,0,0.045257568359375,-0.010467529296875,-20.0,-20.0,0.0,20.0,0.0,0.0,0.0,-20.0,Object notstarted,Object notstarted,Object notstarted,Object notstarted,Object notstarted,Object notstarted,Object notstarted,Object notstarted,Object notstarted
2024-02-19 19:07:10,142.142,__main___datalogs,INFO,JoyConState.USE_SNS,-6.587500,12.362500,-182.000000,7.097193,0.000000,0.002289,-0.004577,19.000000,0.000000,0.000000,0.000000,0,0,0,0,0,0,0,0,0,0,0,0.045257568359375,-0.010467529296875,-20.0,-20.0,0.0,20.0,0.0,0.0,0.0,-20.0,Object notstarted,Object notstarted,Object notstarted,Object notstarted,Object notstarted,Object notstarted,Object notstarted,Object notstarted,Object notstarted
2024-02-19 19:07:10,183.183,__main___datalogs,INFO,JoyConState.USE_SNS,-6.587500,12.362500,-182.000000,6.270980,-0.004577,0.000000,0.000000,19.000000,0.000000,0.000000,0.000000,0,0,0,0,0,0,0,0,0,0,0,0.045257568359375,-0.010467529296875,-20.0,-20.0,0.0,20.0,0.0,0.0,0.0,-20.0,Object notstarted,Object notstarted,Object notstarted,Object notstarted,Object notstarted,Object notstarted,Object notstarted,Object notstarted,Object notstarted
2024-02-19 19:07:10,222.222,__main___datalogs,INFO,JoyConState.USE_SNS,-6.587500,12.362500,-182.000000,6.440342,0.000000,0.000000,0.004577,19.000000,0.000000,0.000000,0.000000,0,0,0,0,0,0,0,0,0,0,0,0.045257568359375,-0.010467529296875,-20.0,-20.0,0.0,20.0,0.0,0.0,0.0,-20.0,Object notstarted,Object notstarted,Object notstarted,Object notstarted,Object notstarted,Object notstarted,Object notstarted,Object notstarted,Object notstarted
2024-02-19 19:07:10,264.264,__main___datalogs,INFO,JoyConState.USE_SNS,-6.587500,12.362500,-182.000000,7.346659,-0.004577,0.002289,0.004577,19.000000,0.000000,0.000000,0.000000,0,0,0,0,0,0,0,0,0,0,0,0.045257568359375,-0.010467529296875,-20.0,-20.0,0.0,20.0,0.0,0.0,0.0,-20.0,Object notstarted,Object notstarted,Object notstarted,Object notstarted,Object notstarted,Object notstarted,Object notstarted,Object notstarted,Object notstarted
2024-02-19 19:07:10,304.304,__main___datalogs,INFO,JoyConState.USE_SNS,-6.587500,12.362500,-182.000000,8.106500,-0.009155,0.002289,0.000000,19.000000,0.000000,0.000000,0.000000,0,0,0,0,0,0,0,0,0,0,0,0.045257568359375,-0.010467529296875,-20.0,-20.0,0.0,20.0,0.0,0.0,0.0,-20.0,Object notstarted,Object notstarted,Object notstarted,Object notstarted,Object notstarted,Object notstarted,Object notstarted,Object notstarted,Object notstarted
2024-02-19 19:07:10,346.346,__main___datalogs,INFO,JoyConState.USE_SNS,-6.587500,12.362500,-182.000000,8.287306,-0.004577,0.000000,0.000000,19.000000,0.000000,0.000000,0.000000,0,0,0,0,0,0,0,0,0,0,0,0.045257568359375,-0.010467529296875,-20.0,-20.0,0.0,20.0,0.0,0.0,0.0,-20.0,Object notstarted,Object notstarted,Object notstarted,Object notstarted,Object notstarted,Object notstarted,Object notstarted,Object notstarted,Object notstarted
2024-02-19 19:07:10,387.387,__main___datalogs,INFO,JoyConState.USE_SNS,-6.587500,12.362500,-182.000000,5.325755,-0.009155,0.000000,0.000000,19.000000,0.000000,0.000000,0.000000,0,0,0,0,0,0,0,0,0,0,0,0.045257568359375,-0.010467529296875,-20.0,-20.0,0.0,20.0,0.0,0.0,0.0,-20.0,Object notstarted,Object notstarted,Object notstarted,Object notstarted,Object notstarted,Object notstarted,Object notstarted,Object notstarted,Object notstarted
2024-02-19 19:07:10,429.429,__main___datalogs,INFO,JoyConState.USE_SNS,-6.587500,12.362500,-182.000000,6.753891,-0.004577,0.000000,0.004577,19.000000,0.000000,0.000000,0.000000,0,0,0,0,0,0,0,0,0,0,0,0.045257568359375,-0.010467529296875,-20.0,-20.0,0.0,20.0,0.0,0.0,0.0,-20.0,Object notstarted,Object notstarted,Object notstarted,Object notstarted,Object notstarted,Object notstarted,Object notstarted,Object notstarted,Object notstarted
2024-02-19 19:07:10,469.469,__main___datalogs,INFO,JoyConState.USE_SNS,-6.587500,12.362500,-182.000000,7.868477,-0.009155,0.000000,0.000000,19.000000,0.000000,0.000000,0.000000,0,0,0,0,0,0,0,0,0,0,0,0.045257568359375,-0.010467529296875,-20.0,-20.0,0.0,20.0,0.0,0.0,0.0,-20.0,Object notstarted,Object notstarted,Object notstarted,Object notstarted,Object notstarted,Object notstarted,Object notstarted,Object notstarted,Object notstarted
2024-02-19 19:07:10,519.519,__main___datalogs,INFO,JoyConState.USE_SNS,-6.587500,12.362500,-182.000000,8.122520,-0.009155,0.002289,0.000000,19.000000,0.000000,0.000000,0.000000,0,0,0,0,0,0,0,0,0,0,0,0.045257568359375,-0.010467529296875,-20.0,-20.0,0.0,20.0,0.0,0.0,0.0,-20.0,Object notstarted,Object notstarted,Object notstarted,Object notstarted,Object notstarted,Object notstarted,Object notstarted,Object notstarted,Object notstarted
2024-02-19 19:07:10,564.564,__main___datalogs,INFO,JoyConState.USE_SNS,-6.587500,12.362500,-182.000000,5.593531,-0.009155,0.000000,0.004577,19.000000,0.000000,0.000000,0.000000,0,0,0,0,0,0,0,0,0,0,0,0.045257568359375,-0.010467529296875,-20.0,-20.0,0.0,20.0,0.0,0.0,0.0,-20.0,Object notstarted,Object notstarted,Object notstarted,Object notstarted,Object notstarted,Object notstarted,Object notstarted,Object notstarted,Object notstarted
2024-02-19 19:07:10,606.606,__main___datalogs,INFO,JoyConState.USE_SNS,-6.587500,12.362500,-182.000000,7.316906,-0.009155,0.002289,0.004577,19.000000,0.000000,0.000000,0.000000,0,0,0,0,0,0,0,0,0,0,0,0.045257568359375,-0.010467529296875,-20.0,-20.0,0.0,20.0,0.0,0.0,0.0,-20.0,Object notstarted,Object notstarted,Object notstarted,Object notstarted,Object notstarted,Object notstarted,Object notstarted,Object notstarted,Object notstarted
2024-02-19 19:07:10,646.646,__main___datalogs,INFO,JoyConState.USE_SNS,-6.587500,12.362500,-182.000000,8.202624,-0.009155,0.000000,0.004577,19.000000,0.000000,0.000000,0.000000,0,0,0,0,0,0,0,0,0,0,0,0.045257568359375,-0.010467529296875,-20.0,-20.0,0.0,20.0,0.0,0.0,0.0,-20.0,Object notstarted,Object notstarted,Object notstarted,Object notstarted,Object notstarted,Object notstarted,Object notstarted,Object notstarted,Object notstarted
2024-02-19 19:07:10,689.689,__main___datalogs,INFO,JoyConState.USE_SNS,-6.587500,12.362500,-182.000000,7.863900,-0.009155,0.000000,0.004577,19.000000,0.000000,0.000000,0.000000,0,0,0,0,0,0,0,0,0,0,0,0.045257568359375,-0.010467529296875,-20.0,-20.0,0.0,20.0,0.0,0.0,0.0,-20.0,Object notstarted,Object notstarted,Object notstarted,Object notstarted,Object notstarted,Object notstarted,Object notstarted,Object notstarted,Object notstarted
2024-02-19 19:07:10,729.729,__main___datalogs,INFO,JoyConState.USE_SNS,-6.587500,12.362500,-182.000000,5.350931,-0.009155,0.000000,0.004577,19.000000,0.000000,0.000000,0.000000,0,0,0,0,0,0,0,0,0,0,0,0.045257568359375,-0.010467529296875,-20.0,-20.0,0.0,20.0,0.0,0.0,0.0,-20.0,Object notstarted,Object notstarted,Object notstarted,Object notstarted,Object notstarted,Object notstarted,Object notstarted,Object notstarted,Object notstarted
2024-02-19 19:07:10,771.771,__main___datalogs,INFO,JoyConState.USE_SNS,-6.587500,12.362500,-182.000000,6.815685,-0.009155,0.000000,0.004577,19.000000,0.000000,0.000000,0.000000,0,0,0,0,0,0,0,0,0,0,0,0.045257568359375,-0.010467529296875,-20.0,-20.0,0.0,20.0,0.0,0.0,0.0,-20.0,Object notstarted,Object notstarted,Object notstarted,Object notstarted,Object notstarted,Object notstarted,Object notstarted,Object notstarted,Object notstarted
2024-02-19 19:07:10,812.812,__main___datalogs,INFO,JoyConState.USE_SNS,-6.587500,12.362500,-182.000000,7.882210,-0.011444,0.000000,0.004577,19.000000,0.000000,0.000000,0.000000,0,0,0,0,0,0,0,0,0,0,0,0.045257568359375,-0.010467529296875,-20.0,-20.0,0.0,20.0,0.0,0.0,0.0,-20.0,Object notstarted,Object notstarted,Object notstarted,Object notstarted,Object notstarted,Object notstarted,Object notstarted,Object notstarted,Object notstarted
2024-02-19 19:07:10,854.854,__main___datalogs,INFO,JoyConState.USE_SNS,-6.587500,12.362500,-182.000000,8.216356,0.000000,0.000000,0.000000,19.000000,0.000000,0.000000,0.000000,0,0,0,0,0,0,0,0,0,0,0,0.045257568359375,-0.010467529296875,-20.0,-20.0,0.0,20.0,0.0,0.0,0.0,-20.0,Object notstarted,Object notstarted,Object notstarted,Object notstarted,Object notstarted,Object notstarted,Object notstarted,Object notstarted,Object notstarted
2024-02-19 19:07:10,895.895,__main___datalogs,INFO,JoyConState.USE_SNS,-6.587500,12.362500,-182.000000,6.820263,0.000000,0.002289,0.000000,19.000000,0.000000,0.000000,0.000000,0,0,0,0,0,0,0,0,0,0,0,0.045257568359375,-0.010467529296875,-20.0,-20.0,0.0,20.0,0.0,0.0,0.0,-20.0,Object notstarted,Object notstarted,Object notstarted,Object notstarted,Object notstarted,Object notstarted,Object notstarted,Object notstarted,Object notstarted
2024-02-19 19:07:10,936.936,__main___datalogs,INFO,JoyConState.USE_SNS,-6.587500,12.362500,-182.000000,5.268538,0.000000,0.000000,0.000000,19.000000,0.000000,0.000000,0.000000,0,0,0,0,0,0,0,0,0,0,0,0.045257568359375,-0.010467529296875,-20.0,-20.0,0.0,20.0,0.0,0.0,0.0,-20.0,Object notstarted,Object notstarted,Object notstarted,Object notstarted,Object notstarted,Object notstarted,Object notstarted,Object notstarted,Object notstarted
2024-02-19 19:07:10,976.976,__main___datalogs,INFO,JoyConState.USE_SNS,-6.587500,12.362500,-182.000000,7.653341,-0.009155,0.002289,0.004577,19.000000,0.000000,0.000000,0.000000,0,0,0,0,0,0,0,0,0,0,0,0.045257568359375,-0.010467529296875,-20.0,-20.0,0.0,20.0,0.0,0.0,0.0,-20.0,Object notstarted,Object notstarted,Object notstarted,Object notstarted,Object notstarted,Object notstarted,Object notstarted,Object notstarted,Object notstarted
2024-02-19 19:07:11,017.017,__main___datalogs,INFO,JoyConState.USE_SNS,-6.587500,12.362500,-182.000000,8.046994,-0.004577,0.000000,0.000000,19.000000,0.000000,0.000000,0.000000,0,0,0,0,0,0,0,0,0,0,0,0.045257568359375,-0.010467529296875,-20.0,-20.0,0.0,20.0,0.0,0.0,0.0,-20.0,Object notstarted,Object notstarted,Object notstarted,Object notstarted,Object notstarted,Object notstarted,Object notstarted,Object notstarted,Object notstarted
2024-02-19 19:07:11,057.057,__main___datalogs,INFO,JoyConState.USE_SNS,-6.587500,12.362500,-182.000000,7.895942,-0.004577,0.000000,0.004577,19.000000,0.000000,0.000000,0.000000,0,0,0,0,0,0,0,0,0,0,0,0.045257568359375,-0.010467529296875,-20.0,-20.0,0.0,20.0,0.0,0.0,0.0,-20.0,Object notstarted,Object notstarted,Object notstarted,Object notstarted,Object notstarted,Object notstarted,Object notstarted,Object notstarted,Object notstarted
2024-02-19 19:07:11,099.099,__main___datalogs,INFO,JoyConState.USE_SNS,-6.587500,12.362500,-182.000000,5.863595,-0.004577,0.000000,0.004577,19.000000,0.000000,0.000000,0.000000,0,0,0,0,0,0,0,0,0,0,0,0.045257568359375,-0.010467529296875,-20.0,-20.0,0.0,20.0,0.0,0.0,0.0,-20.0,Object notstarted,Object notstarted,Object notstarted,Object notstarted,Object notstarted,Object notstarted,Object notstarted,Object notstarted,Object notstarted
2024-02-19 19:07:11,140.140,__main___datalogs,INFO,JoyConState.USE_SNS,-6.587500,12.362500,-182.000000,6.930120,-0.004577,0.000000,0.004577,19.000000,0.000000,0.000000,0.000000,0,0,0,0,0,0,0,0,0,0,0,0.045257568359375,-0.010467529296875,-20.0,-20.0,0.0,20.0,0.0,0.0,0.0,-20.0,Object notstarted,Object notstarted,Object notstarted,Object notstarted,Object notstarted,Object notstarted,Object notstarted,Object notstarted,Object notstarted
2024-02-19 19:07:11,181.181,__main___datalogs,INFO,JoyConState.USE_SNS,-6.587500,12.362500,-182.000000,7.683094,-0.004577,0.002289,0.004577,19.000000,0.000000,0.000000,0.000000,0,0,0,0,0,0,0,0,0,0,0,0.045257568359375,-0.010467529296875,-20.0,-20.0,0.0,20.0,0.0,0.0,0.0,-20.0,Object notstarted,Object notstarted,Object notstarted,Object notstarted,Object notstarted,Object notstarted,Object notstarted,Object notstarted,Object notstarted
2024-02-19 19:07:11,221.221,__main___datalogs,INFO,JoyConState.USE_SNS,-6.587500,12.362500,-182.000000,8.330791,-0.004577,0.000000,0.004577,19.000000,0.000000,0.000000,0.000000,0,0,0,0,0,0,0,0,0,0,0,0.045257568359375,-0.010467529296875,-20.0,-20.0,0.0,20.0,0.0,0.0,0.0,-20.0,Object notstarted,Object notstarted,Object notstarted,Object notstarted,Object notstarted,Object notstarted,Object notstarted,Object notstarted,Object notstarted
2024-02-19 19:07:11,262.262,__main___datalogs,INFO,JoyConState.USE_SNS,-6.587500,12.362500,-182.000000,7.863900,-0.004577,0.000000,0.004577,19.000000,0.000000,0.000000,0.000000,0,0,0,0,0,0,0,0,0,0,0,0.045257568359375,-0.010467529296875,-20.0,-20.0,0.0,20.0,0.0,0.0,0.0,-20.0,Object notstarted,Object notstarted,Object notstarted,Object notstarted,Object notstarted,Object notstarted,Object notstarted,Object notstarted,Object notstarted
2024-02-19 19:07:11,302.302,__main___datalogs,INFO,JoyConState.USE_SNS,-6.587500,12.362500,-182.000000,6.440342,0.000000,0.002289,0.004577,19.000000,0.000000,0.000000,0.000000,0,0,0,0,0,0,0,0,0,0,0,0.045257568359375,-0.010467529296875,-20.0,-20.0,0.0,20.0,0.0,0.0,0.0,-20.0,Object notstarted,Object notstarted,Object notstarted,Object notstarted,Object notstarted,Object notstarted,Object notstarted,Object notstarted,Object notstarted
2024-02-19 19:07:11,342.342,__main___datalogs,INFO,JoyConState.USE_SNS,-6.587500,12.362500,-182.000000,7.399299,-0.004577,0.000000,0.000000,19.000000,0.000000,0.000000,0.000000,0,0,0,0,0,0,0,0,0,0,0,0.045257568359375,-0.010467529296875,-20.0,-20.0,0.0,20.0,0.0,0.0,0.0,-20.0,Object notstarted,Object notstarted,Object notstarted,Object notstarted,Object notstarted,Object notstarted,Object notstarted,Object notstarted,Object notstarted
2024-02-19 19:07:11,383.383,__main___datalogs,INFO,JoyConState.USE_SNS,-6.587500,12.362500,-182.000000,8.095057,-0.004577,0.002289,0.000000,19.000000,0.000000,0.000000,0.000000,0,0,0,0,0,0,0,0,0,0,0,0.045257568359375,-0.010467529296875,-20.0,-20.0,0.0,20.0,0.0,0.0,0.0,-20.0,Object notstarted,Object notstarted,Object notstarted,Object notstarted,Object notstarted,Object notstarted,Object notstarted,Object notstarted,Object notstarted
2024-02-19 19:07:11,425.425,__main___datalogs,INFO,JoyConState.USE_SNS,-6.587500,12.362500,-182.000000,8.349100,0.000000,0.002289,0.000000,19.000000,0.000000,0.000000,0.000000,0,0,0,0,0,0,0,0,0,0,0,0.045257568359375,-0.010467529296875,-20.0,-20.0,0.0,20.0,0.0,0.0,0.0,-20.0,Object notstarted,Object notstarted,Object notstarted,Object notstarted,Object notstarted,Object notstarted,Object notstarted,Object notstarted,Object notstarted
2024-02-19 19:07:11,466.466,__main___datalogs,INFO,JoyConState.USE_SNS,-6.587500,12.362500,-182.000000,8.349100,0.000000,0.002289,0.000000,19.000000,0.000000,0.000000,0.000000,0,0,0,0,0,0,0,0,0,0,0,0.045257568359375,-0.010467529296875,-20.0,-20.0,0.0,20.0,0.0,0.0,0.0,-20.0,Object notstarted,Object notstarted,Object notstarted,Object notstarted,Object notstarted,Object notstarted,Object notstarted,Object notstarted,Object notstarted
2024-02-19 19:07:11,507.507,__main___datalogs,INFO,JoyConState.USE_SNS,-6.587500,12.362500,-182.000000,5.369240,-0.004577,0.002289,0.000000,19.000000,0.000000,0.000000,0.000000,0,0,0,0,0,0,0,0,0,0,0,0.045257568359375,-0.010467529296875,-20.0,-20.0,0.0,20.0,0.0,0.0,0.0,-20.0,Object notstarted,Object notstarted,Object notstarted,Object notstarted,Object notstarted,Object notstarted,Object notstarted,Object notstarted,Object notstarted
2024-02-19 19:07:11,546.546,__main___datalogs,INFO,JoyConState.USE_SNS,-6.587500,12.362500,-182.000000,7.792951,-0.004577,0.000000,0.004577,19.000000,0.000000,0.000000,0.000000,0,0,0,0,0,0,0,0,0,0,0,0.045257568359375,-0.010467529296875,-20.0,-20.0,0.0,20.0,0.0,0.0,0.0,-20.0,Object notstarted,Object notstarted,Object notstarted,Object notstarted,Object notstarted,Object notstarted,Object notstarted,Object notstarted,Object notstarted
2024-02-19 19:07:11,589.589,__main___datalogs,INFO,JoyConState.USE_SNS,-6.587500,12.362500,-182.000000,8.186604,-0.009155,0.000000,0.004577,19.000000,0.000000,0.000000,0.000000,0,0,0,0,0,0,0,0,0,0,0,0.045257568359375,-0.010467529296875,-20.0,-20.0,0.0,20.0,0.0,0.0,0.0,-20.0,Object notstarted,Object notstarted,Object notstarted,Object notstarted,Object notstarted,Object notstarted,Object notstarted,Object notstarted,Object notstarted
2024-02-19 19:07:11,630.630,__main___datalogs,INFO,JoyConState.USE_SNS,-6.587500,12.362500,-182.000000,7.296308,-0.009155,0.000000,0.004577,19.000000,0.000000,0.000000,0.000000,0,0,0,0,0,0,0,0,0,0,0,0.045257568359375,-0.010467529296875,-20.0,-20.0,0.0,20.0,0.0,0.0,0.0,-20.0,Object notstarted,Object notstarted,Object notstarted,Object notstarted,Object notstarted,Object notstarted,Object notstarted,Object notstarted,Object notstarted
2024-02-19 19:07:11,672.672,__main___datalogs,INFO,JoyConState.USE_SNS,-6.587500,12.362500,-182.000000,5.138083,-0.011444,0.000000,0.004577,19.000000,0.000000,0.000000,0.000000,0,0,0,0,0,0,0,0,0,0,0,0.045257568359375,-0.010467529296875,-20.0,-20.0,0.0,20.0,0.0,0.0,0.0,-20.0,Object notstarted,Object notstarted,Object notstarted,Object notstarted,Object notstarted,Object notstarted,Object notstarted,Object notstarted,Object notstarted
2024-02-19 19:07:11,711.711,__main___datalogs,INFO,JoyConState.USE_SNS,-6.587500,12.362500,-182.000000,7.738023,-0.011444,0.002289,-0.004577,19.000000,0.000000,0.000000,0.000000,0,0,0,0,0,0,0,0,0,0,0,0.045257568359375,-0.010467529296875,-20.0,-20.0,0.0,20.0,0.0,0.0,0.0,-20.0,Object notstarted,Object notstarted,Object notstarted,Object notstarted,Object notstarted,Object notstarted,Object notstarted,Object notstarted,Object notstarted
2024-02-19 19:07:11,752.752,__main___datalogs,INFO,JoyConState.USE_SNS,-6.587500,12.362500,-182.000000,8.154562,-0.011444,0.000000,0.000000,19.000000,0.000000,0.000000,0.000000,0,0,0,0,0,0,0,0,0,0,0,0.045257568359375,-0.010467529296875,-20.0,-20.0,0.0,20.0,0.0,0.0,0.0,-20.0,Object notstarted,Object notstarted,Object notstarted,Object notstarted,Object notstarted,Object notstarted,Object notstarted,Object notstarted,Object notstarted
2024-02-19 19:07:11,792.792,__main___datalogs,INFO,JoyConState.USE_SNS,-6.587500,12.362500,-182.000000,7.923406,-0.009155,0.000000,0.004577,19.000000,0.000000,0.000000,0.000000,0,0,0,0,0,0,0,0,0,0,0,0.045257568359375,-0.010467529296875,-20.0,-20.0,0.0,20.0,0.0,0.0,0.0,-20.0,Object notstarted,Object notstarted,Object notstarted,Object notstarted,Object notstarted,Object notstarted,Object notstarted,Object notstarted,Object notstarted
2024-02-19 19:07:11,834.834,__main___datalogs,INFO,JoyConState.USE_SNS,-6.587500,12.362500,-182.000000,6.470095,-0.004577,0.000000,0.004577,19.000000,0.000000,0.000000,0.000000,0,0,0,0,0,0,0,0,0,0,0,0.045257568359375,-0.010467529296875,-20.0,-20.0,0.0,20.0,0.0,0.0,0.0,-20.0,Object notstarted,Object notstarted,Object notstarted,Object notstarted,Object notstarted,Object notstarted,Object notstarted,Object notstarted,Object notstarted
2024-02-19 19:07:11,874.874,__main___datalogs,INFO,JoyConState.USE_SNS,-6.587500,12.362500,-182.000000,6.959872,-0.004577,0.000000,0.004577,19.000000,0.000000,0.000000,0.000000,0,0,0,0,0,0,0,0,0,0,0,0.045257568359375,-0.010467529296875,-20.0,-20.0,0.0,20.0,0.0,0.0,0.0,-20.0,Object notstarted,Object notstarted,Object notstarted,Object notstarted,Object notstarted,Object notstarted,Object notstarted,Object notstarted,Object notstarted
2024-02-19 19:07:11,915.915,__main___datalogs,INFO,JoyConState.USE_SNS,-6.587500,12.362500,-182.000000,7.605279,-0.004577,0.000000,0.004577,19.000000,0.000000,0.000000,0.000000,0,0,0,0,0,0,0,0,0,0,0,0.045257568359375,-0.010467529296875,-20.0,-20.0,0.0,20.0,0.0,0.0,0.0,-20.0,Object notstarted,Object notstarted,Object notstarted,Object notstarted,Object notstarted,Object notstarted,Object notstarted,Object notstarted,Object notstarted
2024-02-19 19:07:11,954.954,__main___datalogs,INFO,JoyConState.USE_SNS,-6.587500,12.362500,-182.000000,8.264419,-0.009155,0.000000,0.004577,19.000000,0.000000,0.000000,0.000000,0,0,0,0,0,0,0,0,0,0,0,0.045257568359375,-0.010467529296875,-20.0,-20.0,0.0,20.0,0.0,0.0,0.0,-20.0,Object notstarted,Object notstarted,Object notstarted,Object notstarted,Object notstarted,Object notstarted,Object notstarted,Object notstarted,Object notstarted
2024-02-19 19:07:11,996.996,__main___datalogs,INFO,JoyConState.USE_SNS,-6.587500,12.362500,-182.000000,7.989778,-0.004577,0.000000,0.004577,19.000000,0.000000,0.000000,0.000000,0,0,0,0,0,0,0,0,0,0,0,0.045257568359375,-0.010467529296875,-20.0,-20.0,0.0,20.0,0.0,0.0,0.0,-20.0,Object notstarted,Object notstarted,Object notstarted,Object notstarted,Object notstarted,Object notstarted,Object notstarted,Object notstarted,Object notstarted
2024-02-19 19:07:12,036.036,__main___datalogs,INFO,JoyConState.USE_SNS,-6.587500,12.362500,-182.000000,5.289137,-0.009155,0.000000,0.006866,19.000000,0.000000,0.000000,0.000000,0,0,0,0,0,0,0,0,0,0,0,0.045257568359375,-0.010467529296875,-20.0,-20.0,0.0,20.0,0.0,0.0,0.0,-20.0,Object notstarted,Object notstarted,Object notstarted,Object notstarted,Object notstarted,Object notstarted,Object notstarted,Object notstarted,Object notstarted
2024-02-19 19:07:12,078.078,__main___datalogs,INFO,JoyConState.USE_SNS,-6.587500,12.362500,-182.000000,7.069729,-0.009155,0.000000,0.004577,19.000000,0.000000,0.000000,0.000000,0,0,0,0,0,0,0,0,0,0,0,0.045257568359375,-0.010467529296875,-20.0,-20.0,0.0,20.0,0.0,0.0,0.0,-20.0,Object notstarted,Object notstarted,Object notstarted,Object notstarted,Object notstarted,Object notstarted,Object notstarted,Object notstarted,Object notstarted
2024-02-19 19:07:12,117.117,__main___datalogs,INFO,JoyConState.USE_SNS,-6.587500,12.362500,-182.000000,8.113366,-0.004577,0.002289,0.004577,19.000000,0.000000,0.000000,0.000000,0,0,0,0,0,0,0,0,0,0,0,0.045257568359375,-0.010467529296875,-20.0,-20.0,0.0,20.0,0.0,0.0,0.0,-20.0,Object notstarted,Object notstarted,Object notstarted,Object notstarted,Object notstarted,Object notstarted,Object notstarted,Object notstarted,Object notstarted
2024-02-19 19:07:12,156.156,__main___datalogs,INFO,JoyConState.USE_SNS,-6.587500,12.362500,-182.000000,8.323924,-0.011444,0.002289,0.004577,19.000000,0.000000,0.000000,0.000000,0,0,0,0,0,0,0,0,0,0,0,0.045257568359375,-0.010467529296875,-20.0,-20.0,0.0,20.0,0.0,0.0,0.0,-20.0,Object notstarted,Object notstarted,Object notstarted,Object notstarted,Object notstarted,Object notstarted,Object notstarted,Object notstarted,Object notstarted
2024-02-19 19:07:12,196.196,__main___datalogs,INFO,JoyConState.USE_SNS,-6.587500,12.362500,-182.000000,7.657919,-0.004577,0.000000,0.004577,19.000000,0.000000,0.000000,0.000000,0,0,0,0,0,0,0,0,0,0,0,0.045257568359375,-0.010467529296875,-20.0,-20.0,0.0,20.0,0.0,0.0,0.0,-20.0,Object notstarted,Object notstarted,Object notstarted,Object notstarted,Object notstarted,Object notstarted,Object notstarted,Object notstarted,Object notstarted
2024-02-19 19:07:12,237.237,__main___datalogs,INFO,JoyConState.USE_SNS,-6.587500,12.362500,-182.000000,6.492982,-0.011444,0.002289,0.004577,19.000000,0.000000,0.000000,0.000000,0,0,0,0,0,0,0,0,0,0,0,0.045257568359375,-0.010467529296875,-20.0,-20.0,0.0,20.0,0.0,0.0,0.0,-20.0,Object notstarted,Object notstarted,Object notstarted,Object notstarted,Object notstarted,Object notstarted,Object notstarted,Object notstarted,Object notstarted
2024-02-19 19:07:12,276.276,__main___datalogs,INFO,JoyConState.USE_SNS,-6.587500,12.362500,-182.000000,7.225359,-0.011444,0.006866,0.004577,19.000000,0.000000,0.000000,0.000000,0,0,0,0,0,0,0,0,0,0,0,0.045257568359375,-0.010467529296875,-20.0,-20.0,0.0,20.0,0.0,0.0,0.0,-20.0,Object notstarted,Object notstarted,Object notstarted,Object notstarted,Object notstarted,Object notstarted,Object notstarted,Object notstarted,Object notstarted
2024-02-19 19:07:12,317.317,__main___datalogs,INFO,JoyConState.USE_SNS,-6.587500,12.362500,-182.000000,7.870766,-0.009155,0.006866,0.004577,19.000000,0.000000,0.000000,0.000000,0,0,0,0,0,0,0,0,0,0,0,0.045257568359375,-0.010467529296875,-20.0,-20.0,0.0,20.0,0.0,0.0,0.0,-20.0,Object notstarted,Object notstarted,Object notstarted,Object notstarted,Object notstarted,Object notstarted,Object notstarted,Object notstarted,Object notstarted
2024-02-19 19:07:12,358.358,__main___datalogs,INFO,JoyConState.USE_SNS,-6.587500,12.362500,-182.000000,8.445225,-0.009155,0.002289,0.004577,19.000000,0.000000,0.000000,0.000000,0,0,0,0,0,0,0,0,0,0,0,0.045257568359375,-0.010467529296875,-20.0,-20.0,0.0,20.0,0.0,0.0,0.0,-20.0,Object notstarted,Object notstarted,Object notstarted,Object notstarted,Object notstarted,Object notstarted,Object notstarted,Object notstarted,Object notstarted
2024-02-19 19:07:12,399.399,__main___datalogs,INFO,JoyConState.USE_SNS,-6.587500,12.362500,-182.000000,7.827281,-0.009155,0.000000,0.004577,19.000000,0.000000,0.000000,0.000000,0,0,0,0,0,0,0,0,0,0,0,0.045257568359375,-0.010467529296875,-20.0,-20.0,0.0,20.0,0.0,0.0,0.0,-20.0,Object notstarted,Object notstarted,Object notstarted,Object notstarted,Object notstarted,Object notstarted,Object notstarted,Object notstarted,Object notstarted
2024-02-19 19:07:12,439.439,__main___datalogs,INFO,JoyConState.USE_SNS,-6.587500,12.362500,-182.000000,5.909369,-0.011444,0.002289,0.004577,19.000000,0.000000,0.000000,0.000000,0,0,0,0,0,0,0,0,0,0,0,0.045257568359375,-0.010467529296875,-20.0,-20.0,0.0,20.0,0.0,0.0,0.0,-20.0,Object notstarted,Object notstarted,Object notstarted,Object notstarted,Object notstarted,Object notstarted,Object notstarted,Object notstarted,Object notstarted
2024-02-19 19:07:12,481.481,__main___datalogs,INFO,JoyConState.USE_SNS,-6.587500,12.362500,-182.000000,7.339792,-0.004577,0.002289,0.004577,19.000000,0.000000,0.000000,0.000000,0,0,0,0,0,0,0,0,0,0,0,0.045257568359375,-0.010467529296875,-20.0,-20.0,0.0,20.0,0.0,0.0,0.0,-20.0,Object notstarted,Object notstarted,Object notstarted,Object notstarted,Object notstarted,Object notstarted,Object notstarted,Object notstarted,Object notstarted
2024-02-19 19:07:12,520.520,__main___datalogs,INFO,JoyConState.USE_SNS,-6.587500,12.362500,-182.000000,8.179738,-0.009155,0.000000,0.004577,19.000000,0.000000,0.000000,0.000000,0,0,0,0,0,0,0,0,0,0,0,0.045257568359375,-0.010467529296875,-20.0,-20.0,0.0,20.0,0.0,0.0,0.0,-20.0,Object notstarted,Object notstarted,Object notstarted,Object notstarted,Object notstarted,Object notstarted,Object notstarted,Object notstarted,Object notstarted
2024-02-19 19:07:12,561.561,__main___datalogs,INFO,JoyConState.USE_SNS,-6.587500,12.362500,-182.000000,8.456668,-0.004577,0.000000,0.000000,19.000000,0.000000,0.000000,0.000000,0,0,0,0,0,0,0,0,0,0,0,0.045257568359375,-0.010467529296875,-20.0,-20.0,0.0,20.0,0.0,0.0,0.0,-20.0,Object notstarted,Object notstarted,Object notstarted,Object notstarted,Object notstarted,Object notstarted,Object notstarted,Object notstarted,Object notstarted
2024-02-19 19:07:12,601.601,__main___datalogs,INFO,JoyConState.USE_SNS,-6.587500,12.362500,-182.000000,6.067287,-0.009155,0.000000,0.004577,19.000000,0.000000,0.000000,0.000000,0,0,0,0,0,0,0,0,0,0,0,0.045257568359375,-0.010467529296875,-20.0,-20.0,0.0,20.0,0.0,0.0,0.0,-20.0,Object notstarted,Object notstarted,Object notstarted,Object notstarted,Object notstarted,Object notstarted,Object notstarted,Object notstarted,Object notstarted
2024-02-19 19:07:12,643.643,__main___datalogs,INFO,JoyConState.USE_SNS,-6.587500,12.362500,-182.000000,6.470095,-0.004577,0.000000,0.004577,19.000000,0.000000,0.000000,0.000000,0,0,0,0,0,0,0,0,0,0,0,0.045257568359375,-0.010467529296875,-20.0,-20.0,0.0,20.0,0.0,0.0,0.0,-20.0,Object notstarted,Object notstarted,Object notstarted,Object notstarted,Object notstarted,Object notstarted,Object notstarted,Object notstarted,Object notstarted
2024-02-19 19:07:12,690.690,__main___datalogs,INFO,JoyConState.USE_SNS,-6.587500,12.362500,-182.000000,8.065304,0.000000,0.000000,0.004577,19.000000,0.000000,0.000000,0.000000,0,0,0,0,0,0,0,0,0,0,0,0.045257568359375,-0.010467529296875,-20.0,-20.0,0.0,20.0,0.0,0.0,0.0,-20.0,Object notstarted,Object notstarted,Object notstarted,Object notstarted,Object notstarted,Object notstarted,Object notstarted,Object notstarted,Object notstarted
2024-02-19 19:07:12,734.734,__main___datalogs,INFO,JoyConState.USE_SNS,-6.587500,12.362500,-182.000000,8.420049,-0.004577,0.000000,0.004577,19.000000,0.000000,0.000000,0.000000,0,0,0,0,0,0,0,0,0,0,0,0.045257568359375,-0.010467529296875,-20.0,-20.0,0.0,20.0,0.0,0.0,0.0,-20.0,Object notstarted,Object notstarted,Object notstarted,Object notstarted,Object notstarted,Object notstarted,Object notstarted,Object notstarted,Object notstarted
2024-02-19 19:07:12,774.774,__main___datalogs,INFO,JoyConState.USE_SNS,-6.587500,12.362500,-182.000000,6.145103,-0.004577,0.002289,0.004577,19.000000,0.000000,0.000000,0.000000,0,0,0,0,0,0,0,0,0,0,0,0.045257568359375,-0.010467529296875,-20.0,-20.0,0.0,20.0,0.0,0.0,0.0,-20.0,Object notstarted,Object notstarted,Object notstarted,Object notstarted,Object notstarted,Object notstarted,Object notstarted,Object notstarted,Object notstarted
2024-02-19 19:07:12,816.816,__main___datalogs,INFO,JoyConState.USE_SNS,-6.587500,12.362500,-182.000000,7.676229,0.000000,0.000000,0.004577,19.000000,0.000000,0.000000,0.000000,0,0,0,0,0,0,0,0,0,0,0,0.045257568359375,-0.010467529296875,-20.0,-20.0,0.0,20.0,0.0,0.0,0.0,-20.0,Object notstarted,Object notstarted,Object notstarted,Object notstarted,Object notstarted,Object notstarted,Object notstarted,Object notstarted,Object notstarted
2024-02-19 19:07:12,856.856,__main___datalogs,INFO,JoyConState.USE_SNS,-6.587500,12.362500,-182.000000,8.470400,0.002289,0.000000,0.004577,19.000000,0.000000,0.000000,0.000000,0,0,0,0,0,0,0,0,0,0,0,0.045257568359375,-0.010467529296875,-20.0,-20.0,0.0,20.0,0.0,0.0,0.0,-20.0,Object notstarted,Object notstarted,Object notstarted,Object notstarted,Object notstarted,Object notstarted,Object notstarted,Object notstarted,Object notstarted
2024-02-19 19:07:12,897.897,__main___datalogs,INFO,JoyConState.USE_SNS,-6.587500,12.362500,-182.000000,7.039976,-0.004577,0.000000,0.004577,19.000000,0.000000,0.000000,0.000000,0,0,0,0,0,0,0,0,0,0,0,0.045257568359375,-0.010467529296875,-20.0,-20.0,0.0,20.0,0.0,0.0,0.0,-20.0,Object notstarted,Object notstarted,Object notstarted,Object notstarted,Object notstarted,Object notstarted,Object notstarted,Object notstarted,Object notstarted
2024-02-19 19:07:12,938.938,__main___datalogs,INFO,JoyConState.USE_SNS,-6.587500,12.362500,-182.000000,6.394568,-0.004577,0.000000,0.004577,19.000000,0.000000,0.000000,0.000000,0,0,0,0,0,0,0,0,0,0,0,0.045257568359375,-0.010467529296875,-20.0,-20.0,0.0,20.0,0.0,0.0,0.0,-20.0,Object notstarted,Object notstarted,Object notstarted,Object notstarted,Object notstarted,Object notstarted,Object notstarted,Object notstarted,Object notstarted
2024-02-19 19:07:12,980.980,__main___datalogs,INFO,JoyConState.USE_SNS,-6.587500,12.362500,-182.000000,7.676229,-0.004577,0.000000,0.000000,19.000000,0.000000,0.000000,0.000000,0,0,0,0,0,0,0,0,0,0,0,0.045257568359375,-0.010467529296875,-20.0,-20.0,0.0,20.0,0.0,0.0,0.0,-20.0,Object notstarted,Object notstarted,Object notstarted,Object notstarted,Object notstarted,Object notstarted,Object notstarted,Object notstarted,Object notstarted
2024-02-19 19:07:13,020.020,__main___datalogs,INFO,JoyConState.USE_SNS,-6.587500,12.362500,-182.000000,8.523040,0.000000,0.000000,0.000000,19.000000,0.000000,0.000000,0.000000,0,0,0,0,0,0,0,0,0,0,0,0.045257568359375,-0.010467529296875,-20.0,-20.0,0.0,20.0,0.0,0.0,0.0,-20.0,Object notstarted,Object notstarted,Object notstarted,Object notstarted,Object notstarted,Object notstarted,Object notstarted,Object notstarted,Object notstarted
2024-02-19 19:07:13,063.063,__main___datalogs,INFO,JoyConState.USE_SNS,-6.587500,12.362500,-182.000000,7.328349,0.000000,0.000000,0.000000,19.000000,0.000000,0.000000,0.000000,0,0,0,0,0,0,0,0,0,0,0,0.045257568359375,-0.010467529296875,-20.0,-20.0,0.0,20.0,0.0,0.0,0.0,-20.0,Object notstarted,Object notstarted,Object notstarted,Object notstarted,Object notstarted,Object notstarted,Object notstarted,Object notstarted,Object notstarted
2024-02-19 19:07:13,103.103,__main___datalogs,INFO,JoyConState.USE_SNS,-6.587500,12.362500,-182.000000,7.328349,0.000000,0.000000,0.000000,19.000000,0.000000,0.000000,0.000000,0,0,0,0,0,0,0,0,0,0,0,0.045257568359375,-0.010467529296875,-20.0,-20.0,0.0,20.0,0.0,0.0,0.0,-20.0,Object notstarted,Object notstarted,Object notstarted,Object notstarted,Object notstarted,Object notstarted,Object notstarted,Object notstarted,Object notstarted
2024-02-19 19:07:13,143.143,__main___datalogs,INFO,JoyConState.USE_SNS,-6.587500,12.362500,-182.000000,7.802106,0.000000,0.000000,0.000000,19.000000,0.000000,0.000000,0.000000,0,0,0,0,0,0,0,0,0,0,0,0.045257568359375,-0.010467529296875,-20.0,-20.0,0.0,20.0,0.0,0.0,0.0,-20.0,Object notstarted,Object notstarted,Object notstarted,Object notstarted,Object notstarted,Object notstarted,Object notstarted,Object notstarted,Object notstarted
2024-02-19 19:07:13,184.184,__main___datalogs,INFO,JoyConState.USE_SNS,-6.587500,12.362500,-182.000000,8.445225,0.000000,0.000000,0.000000,19.000000,0.000000,0.000000,0.000000,0,0,0,0,0,0,0,0,0,0,0,0.045257568359375,-0.010467529296875,-20.0,-20.0,0.0,20.0,0.0,0.0,0.0,-20.0,Object notstarted,Object notstarted,Object notstarted,Object notstarted,Object notstarted,Object notstarted,Object notstarted,Object notstarted,Object notstarted
2024-02-19 19:07:13,224.224,__main___datalogs,INFO,JoyConState.USE_SNS,-6.587500,12.362500,-182.000000,8.243820,0.002289,0.000000,0.004577,19.000000,0.000000,0.000000,0.000000,0,0,0,0,0,0,0,0,0,0,0,0.045257568359375,-0.010467529296875,-20.0,-20.0,0.0,20.0,0.0,0.0,0.0,-20.0,Object notstarted,Object notstarted,Object notstarted,Object notstarted,Object notstarted,Object notstarted,Object notstarted,Object notstarted,Object notstarted
2024-02-19 19:07:13,263.263,__main___datalogs,INFO,JoyConState.USE_SNS,-6.587500,12.362500,-182.000000,5.325755,0.002289,0.000000,0.004577,19.000000,0.000000,0.000000,0.000000,0,0,0,0,0,0,0,0,0,0,0,0.045257568359375,-0.010467529296875,-20.0,-20.0,0.0,20.0,0.0,0.0,0.0,-20.0,Object notstarted,Object notstarted,Object notstarted,Object notstarted,Object notstarted,Object notstarted,Object notstarted,Object notstarted,Object notstarted
2024-02-19 19:07:13,305.305,__main___datalogs,INFO,JoyConState.USE_SNS,-6.587500,12.362500,-182.000000,7.069729,0.002289,0.000000,0.004577,19.000000,0.000000,0.000000,0.000000,0,0,0,0,0,0,0,0,0,0,0,0.045257568359375,-0.010467529296875,-20.0,-20.0,0.0,20.0,0.0,0.0,0.0,-20.0,Object notstarted,Object notstarted,Object notstarted,Object notstarted,Object notstarted,Object notstarted,Object notstarted,Object notstarted,Object notstarted
2024-02-19 19:07:13,345.345,__main___datalogs,INFO,JoyConState.USE_SNS,-6.587500,12.362500,-182.000000,8.239244,0.002289,0.000000,0.004577,19.000000,0.000000,0.000000,0.000000,0,0,0,0,0,0,0,0,0,0,0,0.045257568359375,-0.010467529296875,-20.0,-20.0,0.0,20.0,0.0,0.0,0.0,-20.0,Object notstarted,Object notstarted,Object notstarted,Object notstarted,Object notstarted,Object notstarted,Object notstarted,Object notstarted,Object notstarted
2024-02-19 19:07:13,386.386,__main___datalogs,INFO,JoyConState.USE_SNS,-6.587500,12.362500,-182.000000,8.511596,0.002289,0.000000,0.004577,19.000000,0.000000,0.000000,0.000000,0,0,0,0,0,0,0,0,0,0,0,0.045257568359375,-0.010467529296875,-20.0,-20.0,0.0,20.0,0.0,0.0,0.0,-20.0,Object notstarted,Object notstarted,Object notstarted,Object notstarted,Object notstarted,Object notstarted,Object notstarted,Object notstarted,Object notstarted
2024-02-19 19:07:13,426.426,__main___datalogs,INFO,JoyConState.USE_SNS,-6.587500,12.362500,-182.000000,5.483674,0.002289,0.002289,0.004577,19.000000,0.000000,0.000000,0.000000,0,0,0,0,0,0,0,0,0,0,0,0.045257568359375,-0.010467529296875,-20.0,-20.0,0.0,20.0,0.0,0.0,0.0,-20.0,Object notstarted,Object notstarted,Object notstarted,Object notstarted,Object notstarted,Object notstarted,Object notstarted,Object notstarted,Object notstarted
2024-02-19 19:07:13,468.468,__main___datalogs,INFO,JoyConState.USE_SNS,-6.587500,12.362500,-182.000000,6.451785,0.006866,0.006866,0.000000,19.000000,0.000000,0.000000,0.000000,0,0,0,0,0,0,0,0,0,0,0,0.045257568359375,-0.010467529296875,-20.0,-20.0,0.0,20.0,0.0,0.0,0.0,-20.0,Object notstarted,Object notstarted,Object notstarted,Object notstarted,Object notstarted,Object notstarted,Object notstarted,Object notstarted,Object notstarted
2024-02-19 19:07:13,509.509,__main___datalogs,INFO,JoyConState.USE_SNS,-6.587500,12.362500,-182.000000,8.081325,0.006866,0.002289,0.000000,19.000000,0.000000,0.000000,0.000000,0,0,0,0,0,0,0,0,0,0,0,0.045257568359375,-0.010467529296875,-20.0,-20.0,0.0,20.0,0.0,0.0,0.0,-20.0,Object notstarted,Object notstarted,Object notstarted,Object notstarted,Object notstarted,Object notstarted,Object notstarted,Object notstarted,Object notstarted
2024-02-19 19:07:13,550.550,__main___datalogs,INFO,JoyConState.USE_SNS,-6.587500,12.362500,-182.000000,8.394874,0.011443,0.000000,0.000000,19.000000,0.000000,0.000000,0.000000,0,0,0,0,0,0,0,0,0,0,0,0.045257568359375,-0.010467529296875,-20.0,-20.0,0.0,20.0,0.0,0.0,0.0,-20.0,Object notstarted,Object notstarted,Object notstarted,Object notstarted,Object notstarted,Object notstarted,Object notstarted,Object notstarted,Object notstarted
2024-02-19 19:07:13,588.588,__main___datalogs,INFO,JoyConState.USE_SNS,-6.587500,12.362500,-182.000000,6.586818,0.006866,0.000000,0.004577,19.000000,0.000000,0.000000,0.000000,0,0,0,0,0,0,0,0,0,0,0,0.045257568359375,-0.010467529296875,-20.0,-20.0,0.0,20.0,0.0,0.0,0.0,-20.0,Object notstarted,Object notstarted,Object notstarted,Object notstarted,Object notstarted,Object notstarted,Object notstarted,Object notstarted,Object notstarted
2024-02-19 19:07:13,631.631,__main___datalogs,INFO,JoyConState.USE_SNS,-6.587500,12.362500,-182.000000,5.163260,0.006866,0.000000,0.004577,19.000000,0.000000,0.000000,0.000000,0,0,0,0,0,0,0,0,0,0,0,0.045257568359375,-0.010467529296875,-20.0,-20.0,0.0,20.0,0.0,0.0,0.0,-20.0,Object notstarted,Object notstarted,Object notstarted,Object notstarted,Object notstarted,Object notstarted,Object notstarted,Object notstarted,Object notstarted
2024-02-19 19:07:13,671.671,__main___datalogs,INFO,JoyConState.USE_SNS,-6.587500,12.362500,-182.000000,7.641898,0.006866,0.000000,0.004577,19.000000,0.000000,0.000000,0.000000,0,0,0,0,0,0,0,0,0,0,0,0.045257568359375,-0.010467529296875,-20.0,-20.0,0.0,20.0,0.0,0.0,0.0,-20.0,Object notstarted,Object notstarted,Object notstarted,Object notstarted,Object notstarted,Object notstarted,Object notstarted,Object notstarted,Object notstarted
2024-02-19 19:07:13,714.714,__main___datalogs,INFO,JoyConState.USE_SNS,-6.587500,12.362500,-182.000000,8.149984,0.002289,0.006866,0.004577,19.000000,0.000000,0.000000,0.000000,0,0,0,0,0,0,0,0,0,0,0,0.045257568359375,-0.010467529296875,-20.0,-20.0,0.0,20.0,0.0,0.0,0.0,-20.0,Object notstarted,Object notstarted,Object notstarted,Object notstarted,Object notstarted,Object notstarted,Object notstarted,Object notstarted,Object notstarted
2024-02-19 19:07:13,775.775,__main___datalogs,INFO,JoyConState.USE_SNS,-6.587500,12.362500,-182.000000,8.268996,0.002289,0.002289,0.004577,19.000000,0.000000,0.000000,0.000000,0,0,0,0,0,0,0,0,0,0,0,0.045257568359375,-0.010467529296875,-20.0,-20.0,0.0,20.0,0.0,0.0,0.0,-20.0,Object notstarted,Object notstarted,Object notstarted,Object notstarted,Object notstarted,Object notstarted,Object notstarted,Object notstarted,Object notstarted
2024-02-19 19:07:13,817.817,__main___datalogs,INFO,JoyConState.USE_SNS,-6.587500,12.362500,-182.000000,8.095057,0.002289,0.000000,0.004577,19.000000,0.000000,0.000000,0.000000,0,0,0,0,0,0,0,0,0,0,0,0.045257568359375,-0.010467529296875,-20.0,-20.0,0.0,20.0,0.0,0.0,0.0,-20.0,Object notstarted,Object notstarted,Object notstarted,Object notstarted,Object notstarted,Object notstarted,Object notstarted,Object notstarted,Object notstarted
2024-02-19 19:07:13,857.857,__main___datalogs,INFO,JoyConState.USE_SNS,-6.587500,12.362500,-182.000000,6.266402,0.000000,-0.006866,0.004577,19.000000,0.000000,0.000000,0.000000,0,0,0,0,0,0,0,0,0,0,0,0.045257568359375,-0.010467529296875,-20.0,-20.0,0.0,20.0,0.0,0.0,0.0,-20.0,Object notstarted,Object notstarted,Object notstarted,Object notstarted,Object notstarted,Object notstarted,Object notstarted,Object notstarted,Object notstarted
2024-02-19 19:07:13,897.897,__main___datalogs,INFO,JoyConState.USE_SNS,-6.587500,12.362500,-182.000000,5.174703,0.000000,0.000000,0.004577,19.000000,0.000000,0.000000,0.000000,0,0,0,0,0,0,0,0,0,0,0,0.045257568359375,-0.010467529296875,-20.0,-20.0,0.0,20.0,0.0,0.0,0.0,-20.0,Object notstarted,Object notstarted,Object notstarted,Object notstarted,Object notstarted,Object notstarted,Object notstarted,Object notstarted,Object notstarted
2024-02-19 19:07:13,936.936,__main___datalogs,INFO,JoyConState.USE_SNS,-6.587500,12.362500,-182.000000,7.669362,0.002289,0.000000,0.004577,19.000000,0.000000,0.000000,0.000000,0,0,0,0,0,0,0,0,0,0,0,0.045257568359375,-0.010467529296875,-20.0,-20.0,0.0,20.0,0.0,0.0,0.0,-20.0,Object notstarted,Object notstarted,Object notstarted,Object notstarted,Object notstarted,Object notstarted,Object notstarted,Object notstarted,Object notstarted
2024-02-19 19:07:13,977.977,__main___datalogs,INFO,JoyConState.USE_SNS,-6.587500,12.362500,-182.000000,8.058437,0.006866,0.000000,0.004577,19.000000,0.000000,0.000000,0.000000,0,0,0,0,0,0,0,0,0,0,0,0.045257568359375,-0.010467529296875,-20.0,-20.0,0.0,20.0,0.0,0.0,0.0,-20.0,Object notstarted,Object notstarted,Object notstarted,Object notstarted,Object notstarted,Object notstarted,Object notstarted,Object notstarted,Object notstarted
2024-02-19 19:07:14,023.023,__main___datalogs,INFO,JoyConState.USE_SNS,-6.587500,12.362500,-182.000000,8.541348,0.006866,0.002289,0.004577,19.000000,0.000000,0.000000,0.000000,0,0,0,0,0,0,0,0,0,0,0,0.045257568359375,-0.010467529296875,-20.0,-20.0,0.0,20.0,0.0,0.0,0.0,-20.0,Object notstarted,Object notstarted,Object notstarted,Object notstarted,Object notstarted,Object notstarted,Object notstarted,Object notstarted,Object notstarted
2024-02-19 19:07:14,065.065,__main___datalogs,INFO,JoyConState.USE_SNS,-6.587500,12.362500,-182.000000,6.710406,0.002289,0.000000,0.004577,19.000000,0.000000,0.000000,0.000000,0,0,0,0,0,0,0,0,0,0,0,0.045257568359375,-0.010467529296875,-20.0,-20.0,0.0,20.0,0.0,0.0,0.0,-20.0,Object notstarted,Object notstarted,Object notstarted,Object notstarted,Object notstarted,Object notstarted,Object notstarted,Object notstarted,Object notstarted
2024-02-19 19:07:14,105.105,__main___datalogs,INFO,JoyConState.USE_SNS,-6.587500,12.362500,-182.000000,7.808971,0.002289,0.000000,0.004577,19.000000,0.000000,0.000000,0.000000,0,0,0,0,0,0,0,0,0,0,0,0.045257568359375,-0.010467529296875,-20.0,-20.0,0.0,20.0,0.0,0.0,0.0,-20.0,Object notstarted,Object notstarted,Object notstarted,Object notstarted,Object notstarted,Object notstarted,Object notstarted,Object notstarted,Object notstarted
2024-02-19 19:07:14,146.146,__main___datalogs,INFO,JoyConState.USE_SNS,-6.587500,12.362500,-182.000000,8.401739,0.002289,0.000000,0.004577,19.000000,0.000000,0.000000,0.000000,0,0,0,0,0,0,0,0,0,0,0,0.045257568359375,-0.010467529296875,-20.0,-20.0,0.0,20.0,0.0,0.0,0.0,-20.0,Object notstarted,Object notstarted,Object notstarted,Object notstarted,Object notstarted,Object notstarted,Object notstarted,Object notstarted,Object notstarted
2024-02-19 19:07:14,186.186,__main___datalogs,INFO,JoyConState.USE_SNS,-6.587500,12.362500,-182.000000,6.779066,0.002289,0.000000,0.004577,19.000000,0.000000,0.000000,0.000000,0,0,0,0,0,0,0,0,0,0,0,0.045257568359375,-0.010467529296875,-20.0,-20.0,0.0,20.0,0.0,0.0,0.0,-20.0,Object notstarted,Object notstarted,Object notstarted,Object notstarted,Object notstarted,Object notstarted,Object notstarted,Object notstarted,Object notstarted
2024-02-19 19:07:14,228.228,__main___datalogs,INFO,JoyConState.USE_SNS,-6.587500,12.362500,-182.000000,5.488252,0.002289,0.000000,0.004577,19.000000,0.000000,0.000000,0.000000,0,0,0,0,0,0,0,0,0,0,0,0.045257568359375,-0.010467529296875,-20.0,-20.0,0.0,20.0,0.0,0.0,0.0,-20.0,Object notstarted,Object notstarted,Object notstarted,Object notstarted,Object notstarted,Object notstarted,Object notstarted,Object notstarted,Object notstarted
2024-02-19 19:07:14,269.269,__main___datalogs,INFO,JoyConState.USE_SNS,-6.587500,12.362500,-182.000000,7.731156,0.002289,0.000000,0.000000,19.000000,0.000000,0.000000,0.000000,0,0,0,0,0,0,0,0,0,0,0,0.045257568359375,-0.010467529296875,-20.0,-20.0,0.0,20.0,0.0,0.0,0.0,-20.0,Object notstarted,Object notstarted,Object notstarted,Object notstarted,Object notstarted,Object notstarted,Object notstarted,Object notstarted,Object notstarted
2024-02-19 19:07:14,312.312,__main___datalogs,INFO,JoyConState.USE_SNS,-6.587500,12.362500,-182.000000,8.326213,0.000000,0.002289,0.000000,19.000000,0.000000,0.000000,0.000000,0,0,0,0,0,0,0,0,0,0,0,0.045257568359375,-0.010467529296875,-20.0,-20.0,0.0,20.0,0.0,0.0,0.0,-20.0,Object notstarted,Object notstarted,Object notstarted,Object notstarted,Object notstarted,Object notstarted,Object notstarted,Object notstarted,Object notstarted
2024-02-19 19:07:14,352.352,__main___datalogs,INFO,JoyConState.USE_SNS,-6.587500,12.362500,-182.000000,6.273269,0.000000,0.002289,0.004577,19.000000,0.000000,0.000000,0.000000,0,0,0,0,0,0,0,0,0,0,0,0.045257568359375,-0.010467529296875,-20.0,-20.0,0.0,20.0,0.0,0.0,0.0,-20.0,Object notstarted,Object notstarted,Object notstarted,Object notstarted,Object notstarted,Object notstarted,Object notstarted,Object notstarted,Object notstarted
2024-02-19 19:07:14,395.395,__main___datalogs,INFO,JoyConState.USE_SNS,-6.587500,12.362500,-182.000000,6.348795,0.011443,0.002289,0.004577,19.000000,0.000000,0.000000,0.000000,0,0,0,0,0,0,0,0,0,0,0,0.045257568359375,-0.010467529296875,-20.0,-20.0,0.0,20.0,0.0,0.0,0.0,-20.0,Object notstarted,Object notstarted,Object notstarted,Object notstarted,Object notstarted,Object notstarted,Object notstarted,Object notstarted,Object notstarted
2024-02-19 19:07:14,436.436,__main___datalogs,INFO,JoyConState.USE_SNS,-6.587500,12.362500,-182.000000,8.168294,0.006866,0.002289,0.004577,19.000000,0.000000,0.000000,0.000000,0,0,0,0,0,0,0,0,0,0,0,0.045257568359375,-0.010467529296875,-20.0,-20.0,0.0,20.0,0.0,0.0,0.0,-20.0,Object notstarted,Object notstarted,Object notstarted,Object notstarted,Object notstarted,Object notstarted,Object notstarted,Object notstarted,Object notstarted
2024-02-19 19:07:14,477.477,__main___datalogs,INFO,JoyConState.USE_SNS,-6.587500,12.362500,-182.000000,8.612298,0.006866,0.002289,0.004577,19.000000,0.000000,0.000000,0.000000,0,0,0,0,0,0,0,0,0,0,0,0.045257568359375,-0.010467529296875,-20.0,-20.0,0.0,20.0,0.0,0.0,0.0,-20.0,Object notstarted,Object notstarted,Object notstarted,Object notstarted,Object notstarted,Object notstarted,Object notstarted,Object notstarted,Object notstarted
2024-02-19 19:07:14,518.518,__main___datalogs,INFO,JoyConState.USE_SNS,-6.587500,12.362500,-182.000000,5.188435,0.006866,0.000000,0.004577,19.000000,0.000000,0.000000,0.000000,0,0,0,0,0,0,0,0,0,0,0,0.045257568359375,-0.010467529296875,-20.0,-20.0,0.0,20.0,0.0,0.0,0.0,-20.0,Object notstarted,Object notstarted,Object notstarted,Object notstarted,Object notstarted,Object notstarted,Object notstarted,Object notstarted,Object notstarted
2024-02-19 19:07:14,561.561,__main___datalogs,INFO,JoyConState.USE_SNS,-6.587500,12.362500,-182.000000,7.023955,0.006866,0.000000,0.004577,19.000000,0.000000,0.000000,0.000000,0,0,0,0,0,0,0,0,0,0,0,0.045257568359375,-0.010467529296875,-20.0,-20.0,0.0,20.0,0.0,0.0,0.0,-20.0,Object notstarted,Object notstarted,Object notstarted,Object notstarted,Object notstarted,Object notstarted,Object notstarted,Object notstarted,Object notstarted
2024-02-19 19:07:14,602.602,__main___datalogs,INFO,JoyConState.USE_SNS,-6.587500,12.362500,-182.000000,8.413183,0.000000,0.000000,0.004577,19.000000,0.000000,0.000000,0.000000,0,0,0,0,0,0,0,0,0,0,0,0.045257568359375,-0.010467529296875,-20.0,-20.0,0.0,20.0,0.0,0.0,0.0,-20.0,Object notstarted,Object notstarted,Object notstarted,Object notstarted,Object notstarted,Object notstarted,Object notstarted,Object notstarted,Object notstarted
2024-02-19 19:07:14,644.644,__main___datalogs,INFO,JoyConState.USE_SNS,-6.587500,12.362500,-182.000000,8.198047,0.000000,0.000000,0.004577,19.000000,0.000000,0.000000,0.000000,0,0,0,0,0,0,0,0,0,0,0,0.045257568359375,-0.010467529296875,-20.0,-20.0,0.0,20.0,0.0,0.0,0.0,-20.0,Object notstarted,Object notstarted,Object notstarted,Object notstarted,Object notstarted,Object notstarted,Object notstarted,Object notstarted,Object notstarted
2024-02-19 19:07:14,684.684,__main___datalogs,INFO,JoyConState.USE_SNS,-6.587500,12.362500,-182.000000,6.502136,0.000000,0.000000,0.004577,19.000000,0.000000,0.000000,0.000000,0,0,0,0,0,0,0,0,0,0,0,0.045257568359375,-0.010467529296875,-20.0,-20.0,0.0,20.0,0.0,0.0,0.0,-20.0,Object notstarted,Object notstarted,Object notstarted,Object notstarted,Object notstarted,Object notstarted,Object notstarted,Object notstarted,Object notstarted
2024-02-19 19:07:14,724.724,__main___datalogs,INFO,JoyConState.USE_SNS,-6.587500,12.362500,-182.000000,7.831859,0.000000,0.000000,0.004577,19.000000,0.000000,0.000000,0.000000,0,0,0,0,0,0,0,0,0,0,0,0.045257568359375,-0.010467529296875,-20.0,-20.0,0.0,20.0,0.0,0.0,0.0,-20.0,Object notstarted,Object notstarted,Object notstarted,Object notstarted,Object notstarted,Object notstarted,Object notstarted,Object notstarted,Object notstarted
2024-02-19 19:07:14,765.765,__main___datalogs,INFO,JoyConState.USE_SNS,-6.587500,12.362500,-182.000000,8.587122,0.002289,0.000000,0.004577,19.000000,0.000000,0.000000,0.000000,0,0,0,0,0,0,0,0,0,0,0,0.045257568359375,-0.010467529296875,-20.0,-20.0,0.0,20.0,0.0,0.0,0.0,-20.0,Object notstarted,Object notstarted,Object notstarted,Object notstarted,Object notstarted,Object notstarted,Object notstarted,Object notstarted,Object notstarted
2024-02-19 19:07:14,821.821,__main___datalogs,INFO,JoyConState.USE_SNS,-6.587500,12.362500,-182.000000,7.044553,0.002289,0.000000,0.004577,19.000000,0.000000,0.000000,0.000000,0,0,0,0,0,0,0,0,0,0,0,0.045257568359375,-0.010467529296875,-20.0,-20.0,0.0,20.0,0.0,0.0,0.0,-20.0,Object notstarted,Object notstarted,Object notstarted,Object notstarted,Object notstarted,Object notstarted,Object notstarted,Object notstarted,Object notstarted
2024-02-19 19:07:14,862.862,__main___datalogs,INFO,JoyConState.USE_SNS,-6.587500,12.362500,-182.000000,8.282728,0.006866,0.000000,0.004577,19.000000,0.000000,0.000000,0.000000,0,0,0,0,0,0,0,0,0,0,0,0.045257568359375,-0.010467529296875,-20.0,-20.0,0.0,20.0,0.0,0.0,0.0,-20.0,Object notstarted,Object notstarted,Object notstarted,Object notstarted,Object notstarted,Object notstarted,Object notstarted,Object notstarted,Object notstarted
2024-02-19 19:07:14,903.903,__main___datalogs,INFO,JoyConState.USE_SNS,-6.587500,12.362500,-182.000000,8.198047,0.002289,0.000000,0.004577,19.000000,0.000000,0.000000,0.000000,0,0,0,0,0,0,0,0,0,0,0,0.045257568359375,-0.010467529296875,-20.0,-20.0,0.0,20.0,0.0,0.0,0.0,-20.0,Object notstarted,Object notstarted,Object notstarted,Object notstarted,Object notstarted,Object notstarted,Object notstarted,Object notstarted,Object notstarted
2024-02-19 19:07:14,944.944,__main___datalogs,INFO,JoyConState.USE_SNS,-6.587500,12.362500,-182.000000,5.973452,0.000000,0.000000,0.000000,19.000000,0.000000,0.000000,0.000000,0,0,0,0,0,0,0,0,0,0,0,0.045257568359375,-0.010467529296875,-20.0,-20.0,0.0,20.0,0.0,0.0,0.0,-20.0,Object notstarted,Object notstarted,Object notstarted,Object notstarted,Object notstarted,Object notstarted,Object notstarted,Object notstarted,Object notstarted
2024-02-19 19:07:14,986.986,__main___datalogs,INFO,JoyConState.USE_SNS,-6.587500,12.362500,-182.000000,7.449649,0.006866,0.000000,0.000000,19.000000,0.000000,0.000000,0.000000,0,0,0,0,0,0,0,0,0,0,0,0.045257568359375,-0.010467529296875,-20.0,-20.0,0.0,20.0,0.0,0.0,0.0,-20.0,Object notstarted,Object notstarted,Object notstarted,Object notstarted,Object notstarted,Object notstarted,Object notstarted,Object notstarted,Object notstarted
2024-02-19 19:07:15,027.027,__main___datalogs,INFO,JoyConState.USE_SNS,-6.587500,12.362500,-182.000000,8.527617,0.006866,0.000000,0.000000,19.000000,0.000000,0.000000,0.000000,0,0,0,0,0,0,0,0,0,0,0,0.045257568359375,-0.010467529296875,-20.0,-20.0,0.0,20.0,0.0,0.0,0.0,-20.0,Object notstarted,Object notstarted,Object notstarted,Object notstarted,Object notstarted,Object notstarted,Object notstarted,Object notstarted,Object notstarted
2024-02-19 19:07:15,069.069,__main___datalogs,INFO,JoyConState.USE_SNS,-6.587500,12.362500,-182.000000,8.232377,0.006866,0.002289,0.004577,19.000000,0.000000,0.000000,0.000000,0,0,0,0,0,0,0,0,0,0,0,0.045257568359375,-0.010467529296875,-20.0,-20.0,0.0,20.0,0.0,0.0,0.0,-20.0,Object notstarted,Object notstarted,Object notstarted,Object notstarted,Object notstarted,Object notstarted,Object notstarted,Object notstarted,Object notstarted
2024-02-19 19:07:15,108.108,__main___datalogs,INFO,JoyConState.USE_SNS,-6.587500,12.362500,-182.000000,5.099176,0.011443,0.000000,0.004577,19.000000,0.000000,0.000000,0.000000,0,0,0,0,0,0,0,0,0,0,0,0.045257568359375,-0.010467529296875,-20.0,-20.0,0.0,20.0,0.0,0.0,0.0,-20.0,Object notstarted,Object notstarted,Object notstarted,Object notstarted,Object notstarted,Object notstarted,Object notstarted,Object notstarted,Object notstarted
2024-02-19 19:07:15,147.147,__main___datalogs,INFO,JoyConState.USE_SNS,-6.587500,12.362500,-182.000000,7.470247,0.011443,0.000000,0.004577,19.000000,0.000000,0.000000,0.000000,0,0,0,0,0,0,0,0,0,0,0,0.045257568359375,-0.010467529296875,-20.0,-20.0,0.0,20.0,0.0,0.0,0.0,-20.0,Object notstarted,Object notstarted,Object notstarted,Object notstarted,Object notstarted,Object notstarted,Object notstarted,Object notstarted,Object notstarted
2024-02-19 19:07:15,187.187,__main___datalogs,INFO,JoyConState.USE_SNS,-6.587500,12.362500,-182.000000,8.330791,0.006866,0.000000,0.004577,19.000000,0.000000,0.000000,0.000000,0,0,0,0,0,0,0,0,0,0,0,0.045257568359375,-0.010467529296875,-20.0,-20.0,0.0,20.0,0.0,0.0,0.0,-20.0,Object notstarted,Object notstarted,Object notstarted,Object notstarted,Object notstarted,Object notstarted,Object notstarted,Object notstarted,Object notstarted
2024-02-19 19:07:15,229.229,__main___datalogs,INFO,JoyConState.USE_SNS,-6.587500,12.362500,-182.000000,8.582545,0.006866,0.000000,0.004577,19.000000,0.000000,0.000000,0.000000,0,0,0,0,0,0,0,0,0,0,0,0.045257568359375,-0.010467529296875,-20.0,-20.0,0.0,20.0,0.0,0.0,0.0,-20.0,Object notstarted,Object notstarted,Object notstarted,Object notstarted,Object notstarted,Object notstarted,Object notstarted,Object notstarted,Object notstarted
2024-02-19 19:07:15,270.270,__main___datalogs,INFO,JoyConState.USE_SNS,-6.587500,12.362500,-182.000000,5.852152,0.006866,0.000000,0.000000,19.000000,0.000000,0.000000,0.000000,0,0,0,0,0,0,0,0,0,0,0,0.045257568359375,-0.010467529296875,-20.0,-20.0,0.0,20.0,0.0,0.0,0.0,-20.0,Object notstarted,Object notstarted,Object notstarted,Object notstarted,Object notstarted,Object notstarted,Object notstarted,Object notstarted,Object notstarted
2024-02-19 19:07:15,312.312,__main___datalogs,INFO,JoyConState.USE_SNS,-6.587500,12.362500,-182.000000,6.488404,0.006866,0.000000,0.000000,19.000000,0.000000,0.000000,0.000000,0,0,0,0,0,0,0,0,0,0,0,0.045257568359375,-0.010467529296875,-20.0,-20.0,0.0,20.0,0.0,0.0,0.0,-20.0,Object notstarted,Object notstarted,Object notstarted,Object notstarted,Object notstarted,Object notstarted,Object notstarted,Object notstarted,Object notstarted
2024-02-19 19:07:15,352.352,__main___datalogs,INFO,JoyConState.USE_SNS,-6.587500,12.362500,-182.000000,8.330791,0.006866,0.000000,0.000000,19.000000,0.000000,0.000000,0.000000,0,0,0,0,0,0,0,0,0,0,0,0.045257568359375,-0.010467529296875,-20.0,-20.0,0.0,20.0,0.0,0.0,0.0,-20.0,Object notstarted,Object notstarted,Object notstarted,Object notstarted,Object notstarted,Object notstarted,Object notstarted,Object notstarted,Object notstarted
2024-02-19 19:07:15,393.393,__main___datalogs,INFO,JoyConState.USE_SNS,-6.587500,12.362500,-182.000000,8.225512,0.011443,0.000000,0.004577,19.000000,0.000000,0.000000,0.000000,0,0,0,0,0,0,0,0,0,0,0,0.045257568359375,-0.010467529296875,-20.0,-20.0,0.0,20.0,0.0,0.0,0.0,-20.0,Object notstarted,Object notstarted,Object notstarted,Object notstarted,Object notstarted,Object notstarted,Object notstarted,Object notstarted,Object notstarted
2024-02-19 19:07:15,433.433,__main___datalogs,INFO,JoyConState.USE_SNS,-6.587500,12.362500,-182.000000,5.163260,0.011443,0.000000,0.004577,19.000000,0.000000,0.000000,0.000000,0,0,0,0,0,0,0,0,0,0,0,0.045257568359375,-0.010467529296875,-20.0,-20.0,0.0,20.0,0.0,0.0,0.0,-20.0,Object notstarted,Object notstarted,Object notstarted,Object notstarted,Object notstarted,Object notstarted,Object notstarted,Object notstarted,Object notstarted
2024-02-19 19:07:15,473.473,__main___datalogs,INFO,JoyConState.USE_SNS,-6.587500,12.362500,-182.000000,7.005646,0.011443,0.000000,0.004577,19.000000,0.000000,0.000000,0.000000,0,0,0,0,0,0,0,0,0,0,0,0.045257568359375,-0.010467529296875,-20.0,-20.0,0.0,20.0,0.0,0.0,0.0,-20.0,Object notstarted,Object notstarted,Object notstarted,Object notstarted,Object notstarted,Object notstarted,Object notstarted,Object notstarted,Object notstarted
2024-02-19 19:07:15,515.515,__main___datalogs,INFO,JoyConState.USE_SNS,-6.587500,12.362500,-182.000000,8.225512,0.006866,0.000000,0.004577,19.000000,0.000000,0.000000,0.000000,0,0,0,0,0,0,0,0,0,0,0,0.045257568359375,-0.010467529296875,-20.0,-20.0,0.0,20.0,0.0,0.0,0.0,-20.0,Object notstarted,Object notstarted,Object notstarted,Object notstarted,Object notstarted,Object notstarted,Object notstarted,Object notstarted,Object notstarted
2024-02-19 19:07:15,557.557,__main___datalogs,INFO,JoyConState.USE_SNS,-6.587500,12.362500,-182.000000,8.623741,0.006866,0.000000,0.004577,19.000000,0.000000,0.000000,0.000000,0,0,0,0,0,0,0,0,0,0,0,0.045257568359375,-0.010467529296875,-20.0,-20.0,0.0,20.0,0.0,0.0,0.0,-20.0,Object notstarted,Object notstarted,Object notstarted,Object notstarted,Object notstarted,Object notstarted,Object notstarted,Object notstarted,Object notstarted
2024-02-19 19:07:15,597.597,__main___datalogs,INFO,JoyConState.USE_SNS,-6.587500,12.362500,-182.000000,5.259383,0.002289,0.002289,0.004577,19.000000,0.000000,0.000000,0.000000,0,0,0,0,0,0,0,0,0,0,0,0.045257568359375,-0.010467529296875,-20.0,-20.0,0.0,20.0,0.0,0.0,0.0,-20.0,Object notstarted,Object notstarted,Object notstarted,Object notstarted,Object notstarted,Object notstarted,Object notstarted,Object notstarted,Object notstarted
2024-02-19 19:07:15,636.636,__main___datalogs,INFO,JoyConState.USE_SNS,-6.587500,12.362500,-182.000000,7.454226,0.006866,0.002289,0.000000,19.000000,0.000000,0.000000,0.000000,0,0,0,0,0,0,0,0,0,0,0,0.045257568359375,-0.010467529296875,-20.0,-20.0,0.0,20.0,0.0,0.0,0.0,-20.0,Object notstarted,Object notstarted,Object notstarted,Object notstarted,Object notstarted,Object notstarted,Object notstarted,Object notstarted,Object notstarted
2024-02-19 19:07:15,676.676,__main___datalogs,INFO,JoyConState.USE_SNS,-6.587500,12.362500,-182.000000,8.545926,0.006866,0.002289,0.000000,19.000000,0.000000,0.000000,0.000000,0,0,0,0,0,0,0,0,0,0,0,0.045257568359375,-0.010467529296875,-20.0,-20.0,0.0,20.0,0.0,0.0,0.0,-20.0,Object notstarted,Object notstarted,Object notstarted,Object notstarted,Object notstarted,Object notstarted,Object notstarted,Object notstarted,Object notstarted
2024-02-19 19:07:15,717.717,__main___datalogs,INFO,JoyConState.USE_SNS,-6.587500,12.362500,-182.000000,7.277998,0.006866,0.002289,0.000000,19.000000,0.000000,0.000000,0.000000,0,0,0,0,0,0,0,0,0,0,0,0.045257568359375,-0.010467529296875,-20.0,-20.0,0.0,20.0,0.0,0.0,0.0,-20.0,Object notstarted,Object notstarted,Object notstarted,Object notstarted,Object notstarted,Object notstarted,Object notstarted,Object notstarted,Object notstarted
2024-02-19 19:07:15,756.756,__main___datalogs,INFO,JoyConState.USE_SNS,-6.587500,12.362500,-182.000000,6.579951,0.006866,0.000000,0.000000,19.000000,0.000000,0.000000,0.000000,0,0,0,0,0,0,0,0,0,0,0,0.045257568359375,-0.010467529296875,-20.0,-20.0,0.0,20.0,0.0,0.0,0.0,-20.0,Object notstarted,Object notstarted,Object notstarted,Object notstarted,Object notstarted,Object notstarted,Object notstarted,Object notstarted,Object notstarted
2024-02-19 19:07:15,797.797,__main___datalogs,INFO,JoyConState.USE_SNS,-6.587500,12.362500,-182.000000,7.893653,0.006866,0.002289,0.004577,19.000000,0.000000,0.000000,0.000000,0,0,0,0,0,0,0,0,0,0,0,0.045257568359375,-0.010467529296875,-20.0,-20.0,0.0,20.0,0.0,0.0,0.0,-20.0,Object notstarted,Object notstarted,Object notstarted,Object notstarted,Object notstarted,Object notstarted,Object notstarted,Object notstarted,Object notstarted
2024-02-19 19:07:15,838.838,__main___datalogs,INFO,JoyConState.USE_SNS,-6.587500,12.362500,-182.000000,8.445225,0.006866,0.002289,0.004577,19.000000,0.000000,0.000000,0.000000,0,0,0,0,0,0,0,0,0,0,0,0.045257568359375,-0.010467529296875,-20.0,-20.0,0.0,20.0,0.0,0.0,0.0,-20.0,Object notstarted,Object notstarted,Object notstarted,Object notstarted,Object notstarted,Object notstarted,Object notstarted,Object notstarted,Object notstarted
2024-02-19 19:07:15,880.880,__main___datalogs,INFO,JoyConState.USE_SNS,-6.587500,12.362500,-182.000000,6.163412,0.006866,0.002289,0.004577,19.000000,0.000000,0.000000,0.000000,0,0,0,0,0,0,0,0,0,0,0,0.045257568359375,-0.010467529296875,-20.0,-20.0,0.0,20.0,0.0,0.0,0.0,-20.0,Object notstarted,Object notstarted,Object notstarted,Object notstarted,Object notstarted,Object notstarted,Object notstarted,Object notstarted,Object notstarted
2024-02-19 19:07:15,920.920,__main___datalogs,INFO,JoyConState.USE_SNS,-6.587500,12.362500,-182.000000,7.751755,0.011443,0.000000,0.004577,19.000000,0.000000,0.000000,0.000000,0,0,0,0,0,0,0,0,0,0,0,0.045257568359375,-0.010467529296875,-20.0,-20.0,0.0,20.0,0.0,0.0,0.0,-20.0,Object notstarted,Object notstarted,Object notstarted,Object notstarted,Object notstarted,Object notstarted,Object notstarted,Object notstarted,Object notstarted
2024-02-19 19:07:15,961.961,__main___datalogs,INFO,JoyConState.USE_SNS,-6.587500,12.362500,-182.000000,8.294171,0.013732,0.006866,0.004577,19.000000,0.000000,0.000000,0.000000,0,0,0,0,0,0,0,0,0,0,0,0.045257568359375,-0.010467529296875,-20.0,-20.0,0.0,20.0,0.0,0.0,0.0,-20.0,Object notstarted,Object notstarted,Object notstarted,Object notstarted,Object notstarted,Object notstarted,Object notstarted,Object notstarted,Object notstarted
2024-02-19 19:07:16,001.001,__main___datalogs,INFO,JoyConState.USE_SNS,-6.587500,12.362500,-182.000000,7.383278,0.011443,0.002289,0.000000,19.000000,0.000000,0.000000,0.000000,0,0,0,0,0,0,0,0,0,0,0,0.045257568359375,-0.010467529296875,-20.0,-20.0,0.0,20.0,0.0,0.0,0.0,-20.0,Object notstarted,Object notstarted,Object notstarted,Object notstarted,Object notstarted,Object notstarted,Object notstarted,Object notstarted,Object notstarted
2024-02-19 19:07:16,045.045,__main___datalogs,INFO,JoyConState.USE_SNS,-6.587500,12.362500,-182.000000,5.593531,0.011443,0.000000,0.000000,19.000000,0.000000,0.000000,0.000000,0,0,0,0,0,0,0,0,0,0,0,0.045257568359375,-0.010467529296875,-20.0,-20.0,0.0,20.0,0.0,0.0,0.0,-20.0,Object notstarted,Object notstarted,Object notstarted,Object notstarted,Object notstarted,Object notstarted,Object notstarted,Object notstarted,Object notstarted
2024-02-19 19:07:16,085.085,__main___datalogs,INFO,JoyConState.USE_SNS,-6.587500,12.362500,-182.000000,7.827281,0.013732,0.002289,0.004577,19.000000,0.000000,0.000000,0.000000,0,0,0,0,0,0,0,0,0,0,0,0.045257568359375,-0.010467529296875,-20.0,-20.0,0.0,20.0,0.0,0.0,0.0,-20.0,Object notstarted,Object notstarted,Object notstarted,Object notstarted,Object notstarted,Object notstarted,Object notstarted,Object notstarted,Object notstarted
2024-02-19 19:07:16,126.126,__main___datalogs,INFO,JoyConState.USE_SNS,-6.587500,12.362500,-182.000000,8.415471,0.013732,0.000000,0.004577,19.000000,0.000000,0.000000,0.000000,0,0,0,0,0,0,0,0,0,0,0,0.045257568359375,-0.010467529296875,-20.0,-20.0,0.0,20.0,0.0,0.0,0.0,-20.0,Object notstarted,Object notstarted,Object notstarted,Object notstarted,Object notstarted,Object notstarted,Object notstarted,Object notstarted,Object notstarted
2024-02-19 19:07:16,168.168,__main___datalogs,INFO,JoyConState.USE_SNS,-6.587500,12.362500,-182.000000,6.218340,0.011443,0.000000,0.004577,19.000000,0.000000,0.000000,0.000000,0,0,0,0,0,0,0,0,0,0,0,0.045257568359375,-0.010467529296875,-20.0,-20.0,0.0,20.0,0.0,0.0,0.0,-20.0,Object notstarted,Object notstarted,Object notstarted,Object notstarted,Object notstarted,Object notstarted,Object notstarted,Object notstarted,Object notstarted
2024-02-19 19:07:16,209.209,__main___datalogs,INFO,JoyConState.USE_SNS,-6.587500,12.362500,-182.000000,6.458652,0.011443,0.000000,0.000000,19.000000,0.000000,0.000000,0.000000,0,0,0,0,0,0,0,0,0,0,0,0.045257568359375,-0.010467529296875,-20.0,-20.0,0.0,20.0,0.0,0.0,0.0,-20.0,Object notstarted,Object notstarted,Object notstarted,Object notstarted,Object notstarted,Object notstarted,Object notstarted,Object notstarted,Object notstarted
2024-02-19 19:07:16,249.249,__main___datalogs,INFO,JoyConState.USE_SNS,-6.587500,12.362500,-182.000000,8.367410,0.011443,0.002289,0.000000,19.000000,0.000000,0.000000,0.000000,0,0,0,0,0,0,0,0,0,0,0,0.045257568359375,-0.010467529296875,-20.0,-20.0,0.0,20.0,0.0,0.0,0.0,-20.0,Object notstarted,Object notstarted,Object notstarted,Object notstarted,Object notstarted,Object notstarted,Object notstarted,Object notstarted,Object notstarted
2024-02-19 19:07:16,288.288,__main___datalogs,INFO,JoyConState.USE_SNS,-6.587500,12.362500,-182.000000,8.367410,0.011443,0.002289,0.000000,19.000000,0.000000,0.000000,0.000000,0,0,0,0,0,0,0,0,0,0,0,0.045257568359375,-0.010467529296875,-20.0,-20.0,0.0,20.0,0.0,0.0,0.0,-20.0,Object notstarted,Object notstarted,Object notstarted,Object notstarted,Object notstarted,Object notstarted,Object notstarted,Object notstarted,Object notstarted
2024-02-19 19:07:16,329.329,__main___datalogs,INFO,JoyConState.USE_SNS,-6.587500,12.362500,-182.000000,5.875038,0.011443,0.000000,0.004577,19.000000,0.000000,0.000000,0.000000,0,0,0,0,0,0,0,0,0,0,0,0.045257568359375,-0.010467529296875,-20.0,-20.0,0.0,20.0,0.0,0.0,0.0,-20.0,Object notstarted,Object notstarted,Object notstarted,Object notstarted,Object notstarted,Object notstarted,Object notstarted,Object notstarted,Object notstarted
2024-02-19 19:07:16,372.372,__main___datalogs,INFO,JoyConState.USE_SNS,-6.587500,12.362500,-182.000000,5.593531,0.013732,0.002289,0.004577,19.000000,0.000000,0.000000,0.000000,0,0,0,0,0,0,0,0,0,0,0,0.045257568359375,-0.010467529296875,-20.0,-20.0,0.0,20.0,0.0,0.0,0.0,-20.0,Object notstarted,Object notstarted,Object notstarted,Object notstarted,Object notstarted,Object notstarted,Object notstarted,Object notstarted,Object notstarted
2024-02-19 19:07:16,414.414,__main___datalogs,INFO,JoyConState.USE_SNS,-6.587500,12.362500,-182.000000,8.191181,0.013732,0.000000,0.004577,19.000000,0.000000,0.000000,0.000000,0,0,0,0,0,0,0,0,0,0,0,0.045257568359375,-0.010467529296875,-20.0,-20.0,0.0,20.0,0.0,0.0,0.0,-20.0,Object notstarted,Object notstarted,Object notstarted,Object notstarted,Object notstarted,Object notstarted,Object notstarted,Object notstarted,Object notstarted
2024-02-19 19:07:16,456.456,__main___datalogs,INFO,JoyConState.USE_SNS,-6.587500,12.362500,-182.000000,8.536772,0.013732,0.000000,0.004577,19.000000,0.000000,0.000000,0.000000,0,0,0,0,0,0,0,0,0,0,0,0.045257568359375,-0.010467529296875,-20.0,-20.0,0.0,20.0,0.0,0.0,0.0,-20.0,Object notstarted,Object notstarted,Object notstarted,Object notstarted,Object notstarted,Object notstarted,Object notstarted,Object notstarted,Object notstarted
2024-02-19 19:07:16,494.494,__main___datalogs,INFO,JoyConState.USE_SNS,-6.587500,12.362500,-182.000000,5.117486,0.006866,0.000000,0.004577,19.000000,0.000000,0.000000,0.000000,0,0,0,0,0,0,0,0,0,0,0,0.045257568359375,-0.010467529296875,-20.0,-20.0,0.0,20.0,0.0,0.0,0.0,-20.0,Object notstarted,Object notstarted,Object notstarted,Object notstarted,Object notstarted,Object notstarted,Object notstarted,Object notstarted,Object notstarted
2024-02-19 19:07:16,535.535,__main___datalogs,INFO,JoyConState.USE_SNS,-6.587500,12.362500,-182.000000,7.527464,0.006866,0.002289,0.004577,19.000000,0.000000,0.000000,0.000000,0,0,0,0,0,0,0,0,0,0,0,0.045257568359375,-0.010467529296875,-20.0,-20.0,0.0,20.0,0.0,0.0,0.0,-20.0,Object notstarted,Object notstarted,Object notstarted,Object notstarted,Object notstarted,Object notstarted,Object notstarted,Object notstarted,Object notstarted
2024-02-19 19:07:16,576.576,__main___datalogs,INFO,JoyConState.USE_SNS,-6.587500,12.362500,-182.000000,8.413183,0.006866,0.000000,0.004577,19.000000,0.000000,0.000000,0.000000,0,0,0,0,0,0,0,0,0,0,0,0.045257568359375,-0.010467529296875,-20.0,-20.0,0.0,20.0,0.0,0.0,0.0,-20.0,Object notstarted,Object notstarted,Object notstarted,Object notstarted,Object notstarted,Object notstarted,Object notstarted,Object notstarted,Object notstarted
2024-02-19 19:07:16,617.617,__main___datalogs,INFO,JoyConState.USE_SNS,-6.587500,12.362500,-182.000000,8.442936,0.011443,0.002289,0.004577,19.000000,0.000000,0.000000,0.000000,0,0,0,0,0,0,0,0,0,0,0,0.045257568359375,-0.010467529296875,-20.0,-20.0,0.0,20.0,0.0,0.0,0.0,-20.0,Object notstarted,Object notstarted,Object notstarted,Object notstarted,Object notstarted,Object notstarted,Object notstarted,Object notstarted,Object notstarted
2024-02-19 19:07:16,656.656,__main___datalogs,INFO,JoyConState.USE_SNS,-6.587500,12.362500,-182.000000,5.099176,0.011443,0.002289,0.004577,19.000000,0.000000,0.000000,0.000000,0,0,0,0,0,0,0,0,0,0,0,0.045257568359375,-0.010467529296875,-20.0,-20.0,0.0,20.0,0.0,0.0,0.0,-20.0,Object notstarted,Object notstarted,Object notstarted,Object notstarted,Object notstarted,Object notstarted,Object notstarted,Object notstarted,Object notstarted
2024-02-19 19:07:16,698.698,__main___datalogs,INFO,JoyConState.USE_SNS,-6.587500,12.362500,-182.000000,7.227648,0.013732,0.002289,0.004577,19.000000,0.000000,0.000000,0.000000,0,0,0,0,0,0,0,0,0,0,0,0.045257568359375,-0.010467529296875,-20.0,-20.0,0.0,20.0,0.0,0.0,0.0,-20.0,Object notstarted,Object notstarted,Object notstarted,Object notstarted,Object notstarted,Object notstarted,Object notstarted,Object notstarted,Object notstarted
2024-02-19 19:07:16,738.738,__main___datalogs,INFO,JoyConState.USE_SNS,-6.587500,12.362500,-182.000000,8.449801,0.013732,0.000000,0.004577,19.000000,0.000000,0.000000,0.000000,0,0,0,0,0,0,0,0,0,0,0,0.045257568359375,-0.010467529296875,-20.0,-20.0,0.0,20.0,0.0,0.0,0.0,-20.0,Object notstarted,Object notstarted,Object notstarted,Object notstarted,Object notstarted,Object notstarted,Object notstarted,Object notstarted,Object notstarted
2024-02-19 19:07:16,780.780,__main___datalogs,INFO,JoyConState.USE_SNS,-6.587500,12.362500,-182.000000,8.257553,0.011443,0.002289,0.004577,19.000000,0.000000,0.000000,0.000000,0,0,0,0,0,0,0,0,0,0,0,0.045257568359375,-0.010467529296875,-20.0,-20.0,0.0,20.0,0.0,0.0,0.0,-20.0,Object notstarted,Object notstarted,Object notstarted,Object notstarted,Object notstarted,Object notstarted,Object notstarted,Object notstarted,Object notstarted
2024-02-19 19:07:16,820.820,__main___datalogs,INFO,JoyConState.USE_SNS,-6.587500,12.362500,-182.000000,5.318890,0.013732,0.000000,0.004577,19.000000,0.000000,0.000000,0.000000,0,0,0,0,0,0,0,0,0,0,0,0.045257568359375,-0.010467529296875,-20.0,-20.0,0.0,20.0,0.0,0.0,0.0,-20.0,Object notstarted,Object notstarted,Object notstarted,Object notstarted,Object notstarted,Object notstarted,Object notstarted,Object notstarted,Object notstarted
2024-02-19 19:07:16,863.863,__main___datalogs,INFO,JoyConState.USE_SNS,-6.587500,12.362500,-182.000000,7.522887,0.013732,0.002289,0.004577,19.000000,0.000000,0.000000,0.000000,0,0,0,0,0,0,0,0,0,0,0,0.045257568359375,-0.010467529296875,-20.0,-20.0,0.0,20.0,0.0,0.0,0.0,-20.0,Object notstarted,Object notstarted,Object notstarted,Object notstarted,Object notstarted,Object notstarted,Object notstarted,Object notstarted,Object notstarted
2024-02-19 19:07:16,904.904,__main___datalogs,INFO,JoyConState.USE_SNS,-6.587500,12.362500,-182.000000,8.566525,0.013732,0.000000,0.004577,19.000000,0.000000,0.000000,0.000000,0,0,0,0,0,0,0,0,0,0,0,0.045257568359375,-0.010467529296875,-20.0,-20.0,0.0,20.0,0.0,0.0,0.0,-20.0,Object notstarted,Object notstarted,Object notstarted,Object notstarted,Object notstarted,Object notstarted,Object notstarted,Object notstarted,Object notstarted
2024-02-19 19:07:16,945.945,__main___datalogs,INFO,JoyConState.USE_SNS,-6.587500,12.362500,-182.000000,7.099482,0.013732,0.002289,0.004577,19.000000,0.000000,0.000000,0.000000,0,0,0,0,0,0,0,0,0,0,0,0.045257568359375,-0.010467529296875,-20.0,-20.0,0.0,20.0,0.0,0.0,0.0,-20.0,Object notstarted,Object notstarted,Object notstarted,Object notstarted,Object notstarted,Object notstarted,Object notstarted,Object notstarted,Object notstarted
2024-02-19 19:07:16,987.987,__main___datalogs,INFO,JoyConState.USE_SNS,-6.587500,12.362500,-182.000000,6.673787,0.018309,0.000000,0.000000,19.000000,0.000000,0.000000,0.000000,0,0,0,0,0,0,0,0,0,0,0,0.045257568359375,-0.010467529296875,-20.0,-20.0,0.0,20.0,0.0,0.0,0.0,-20.0,Object notstarted,Object notstarted,Object notstarted,Object notstarted,Object notstarted,Object notstarted,Object notstarted,Object notstarted,Object notstarted
2024-02-19 19:07:17,030.030,__main___datalogs,INFO,JoyConState.USE_SNS,-6.587500,12.362500,-182.000000,7.882210,0.018309,0.000000,0.004577,19.000000,0.000000,0.000000,0.000000,0,0,0,0,0,0,0,0,0,0,0,0.045257568359375,-0.010467529296875,-20.0,-20.0,0.0,20.0,0.0,0.0,0.0,-20.0,Object notstarted,Object notstarted,Object notstarted,Object notstarted,Object notstarted,Object notstarted,Object notstarted,Object notstarted,Object notstarted
2024-02-19 19:07:17,071.071,__main___datalogs,INFO,JoyConState.USE_SNS,-6.587500,12.362500,-182.000000,8.268996,0.018309,0.000000,0.004577,19.000000,0.000000,0.000000,0.000000,0,0,0,0,0,0,0,0,0,0,0,0.045257568359375,-0.010467529296875,-20.0,-20.0,0.0,20.0,0.0,0.0,0.0,-20.0,Object notstarted,Object notstarted,Object notstarted,Object notstarted,Object notstarted,Object notstarted,Object notstarted,Object notstarted,Object notstarted
2024-02-19 19:07:17,113.113,__main___datalogs,INFO,JoyConState.USE_SNS,-6.587500,12.362500,-182.000000,5.469942,0.011443,0.002289,0.000000,19.000000,0.000000,0.000000,0.000000,0,0,0,0,0,0,0,0,0,0,0,0.045257568359375,-0.010467529296875,-20.0,-20.0,0.0,20.0,0.0,0.0,0.0,-20.0,Object notstarted,Object notstarted,Object notstarted,Object notstarted,Object notstarted,Object notstarted,Object notstarted,Object notstarted,Object notstarted
2024-02-19 19:07:17,151.151,__main___datalogs,INFO,JoyConState.USE_SNS,-6.587500,12.362500,-182.000000,8.143119,0.013732,0.000000,0.004577,19.000000,0.000000,0.000000,0.000000,0,0,0,0,0,0,0,0,0,0,0,0.045257568359375,-0.010467529296875,-20.0,-20.0,0.0,20.0,0.0,0.0,0.0,-20.0,Object notstarted,Object notstarted,Object notstarted,Object notstarted,Object notstarted,Object notstarted,Object notstarted,Object notstarted,Object notstarted
2024-02-19 19:07:17,192.192,__main___datalogs,INFO,JoyConState.USE_SNS,-6.587500,12.362500,-182.000000,8.593988,0.013732,0.000000,0.004577,19.000000,0.000000,0.000000,0.000000,0,0,0,0,0,0,0,0,0,0,0,0.045257568359375,-0.010467529296875,-20.0,-20.0,0.0,20.0,0.0,0.0,0.0,-20.0,Object notstarted,Object notstarted,Object notstarted,Object notstarted,Object notstarted,Object notstarted,Object notstarted,Object notstarted,Object notstarted
2024-02-19 19:07:17,233.233,__main___datalogs,INFO,JoyConState.USE_SNS,-6.587500,12.362500,-182.000000,6.593683,0.013732,0.000000,0.004577,19.000000,0.000000,0.000000,0.000000,0,0,0,0,0,0,0,0,0,0,0,0.045257568359375,-0.010467529296875,-20.0,-20.0,0.0,20.0,0.0,0.0,0.0,-20.0,Object notstarted,Object notstarted,Object notstarted,Object notstarted,Object notstarted,Object notstarted,Object notstarted,Object notstarted,Object notstarted
2024-02-19 19:07:17,274.274,__main___datalogs,INFO,JoyConState.USE_SNS,-6.587500,12.362500,-182.000000,4.982453,0.013732,0.000000,0.004577,19.000000,0.000000,0.000000,0.000000,0,0,0,0,0,0,0,0,0,0,0,0.045257568359375,-0.010467529296875,-20.0,-20.0,0.0,20.0,0.0,0.0,0.0,-20.0,Object notstarted,Object notstarted,Object notstarted,Object notstarted,Object notstarted,Object notstarted,Object notstarted,Object notstarted,Object notstarted
2024-02-19 19:07:17,315.315,__main___datalogs,INFO,JoyConState.USE_SNS,-6.587500,12.362500,-182.000000,8.129387,0.011443,0.000000,0.004577,19.000000,0.000000,0.000000,0.000000,0,0,0,0,0,0,0,0,0,0,0,0.045257568359375,-0.010467529296875,-20.0,-20.0,0.0,20.0,0.0,0.0,0.0,-20.0,Object notstarted,Object notstarted,Object notstarted,Object notstarted,Object notstarted,Object notstarted,Object notstarted,Object notstarted,Object notstarted
2024-02-19 19:07:17,356.356,__main___datalogs,INFO,JoyConState.USE_SNS,-6.587500,12.362500,-182.000000,8.699267,0.011443,0.000000,0.004577,19.000000,0.000000,0.000000,0.000000,0,0,0,0,0,0,0,0,0,0,0,0.045257568359375,-0.010467529296875,-20.0,-20.0,0.0,20.0,0.0,0.0,0.0,-20.0,Object notstarted,Object notstarted,Object notstarted,Object notstarted,Object notstarted,Object notstarted,Object notstarted,Object notstarted,Object notstarted
2024-02-19 19:07:17,396.396,__main___datalogs,INFO,JoyConState.USE_SNS,-6.587500,12.362500,-182.000000,5.115197,0.013732,0.000000,0.004577,19.000000,0.000000,0.000000,0.000000,0,0,0,0,0,0,0,0,0,0,0,0.045257568359375,-0.010467529296875,-20.0,-20.0,0.0,20.0,0.0,0.0,0.0,-20.0,Object notstarted,Object notstarted,Object notstarted,Object notstarted,Object notstarted,Object notstarted,Object notstarted,Object notstarted,Object notstarted
2024-02-19 19:07:17,437.437,__main___datalogs,INFO,JoyConState.USE_SNS,-6.587500,12.362500,-182.000000,7.058285,0.018309,0.002289,0.004577,19.000000,0.000000,0.000000,0.000000,0,0,0,0,0,0,0,0,0,0,0,0.045257568359375,-0.010467529296875,-20.0,-20.0,0.0,20.0,0.0,0.0,0.0,-20.0,Object notstarted,Object notstarted,Object notstarted,Object notstarted,Object notstarted,Object notstarted,Object notstarted,Object notstarted,Object notstarted
2024-02-19 19:07:17,477.477,__main___datalogs,INFO,JoyConState.USE_SNS,-6.587500,12.362500,-182.000000,8.468111,0.018309,0.000000,0.004577,19.000000,0.000000,0.000000,0.000000,0,0,0,0,0,0,0,0,0,0,0,0.045257568359375,-0.010467529296875,-20.0,-20.0,0.0,20.0,0.0,0.0,0.0,-20.0,Object notstarted,Object notstarted,Object notstarted,Object notstarted,Object notstarted,Object notstarted,Object notstarted,Object notstarted,Object notstarted
2024-02-19 19:07:17,519.519,__main___datalogs,INFO,JoyConState.USE_SNS,-6.587500,12.362500,-182.000000,8.346811,0.018309,0.000000,0.004577,19.000000,0.000000,0.000000,0.000000,0,0,0,0,0,0,0,0,0,0,0,0.045257568359375,-0.010467529296875,-20.0,-20.0,0.0,20.0,0.0,0.0,0.0,-20.0,Object notstarted,Object notstarted,Object notstarted,Object notstarted,Object notstarted,Object notstarted,Object notstarted,Object notstarted,Object notstarted
2024-02-19 19:07:17,560.560,__main___datalogs,INFO,JoyConState.USE_SNS,-6.587500,12.362500,-182.000000,4.987031,0.018309,0.002289,0.004577,19.000000,0.000000,0.000000,0.000000,0,0,0,0,0,0,0,0,0,0,0,0.045257568359375,-0.010467529296875,-20.0,-20.0,0.0,20.0,0.0,0.0,0.0,-20.0,Object notstarted,Object notstarted,Object notstarted,Object notstarted,Object notstarted,Object notstarted,Object notstarted,Object notstarted,Object notstarted
2024-02-19 19:07:17,602.602,__main___datalogs,INFO,JoyConState.USE_SNS,-6.587500,12.362500,-182.000000,7.582393,0.018309,0.000000,0.004577,19.000000,0.000000,0.000000,0.000000,0,0,0,0,0,0,0,0,0,0,0,0.045257568359375,-0.010467529296875,-20.0,-20.0,0.0,20.0,0.0,0.0,0.0,-20.0,Object notstarted,Object notstarted,Object notstarted,Object notstarted,Object notstarted,Object notstarted,Object notstarted,Object notstarted,Object notstarted
2024-02-19 19:07:17,642.642,__main___datalogs,INFO,JoyConState.USE_SNS,-6.587500,12.362500,-182.000000,7.582393,0.018309,0.000000,0.004577,19.000000,0.000000,0.000000,0.000000,0,0,0,0,0,0,0,0,0,0,0,0.045257568359375,-0.010467529296875,-20.0,-20.0,0.0,20.0,0.0,0.0,0.0,-20.0,Object notstarted,Object notstarted,Object notstarted,Object notstarted,Object notstarted,Object notstarted,Object notstarted,Object notstarted,Object notstarted
2024-02-19 19:07:17,682.682,__main___datalogs,INFO,JoyConState.USE_SNS,-6.587500,12.362500,-182.000000,6.481538,0.018309,0.000000,0.004577,19.000000,0.000000,0.000000,0.000000,0,0,0,0,0,0,0,0,0,0,0,0.045257568359375,-0.010467529296875,-20.0,-20.0,0.0,20.0,0.0,0.0,0.0,-20.0,Object notstarted,Object notstarted,Object notstarted,Object notstarted,Object notstarted,Object notstarted,Object notstarted,Object notstarted,Object notstarted
2024-02-19 19:07:17,722.722,__main___datalogs,INFO,JoyConState.USE_SNS,-6.587500,12.362500,-182.000000,6.843149,0.018309,0.002289,0.000000,19.000000,0.000000,0.000000,0.000000,0,0,0,0,0,0,0,0,0,0,0,0.045257568359375,-0.010467529296875,-20.0,-20.0,0.0,20.0,0.0,0.0,0.0,-20.0,Object notstarted,Object notstarted,Object notstarted,Object notstarted,Object notstarted,Object notstarted,Object notstarted,Object notstarted,Object notstarted
2024-02-19 19:07:17,764.764,__main___datalogs,INFO,JoyConState.USE_SNS,-6.587500,12.362500,-182.000000,7.960025,0.018309,0.002289,0.000000,19.000000,0.000000,0.000000,0.000000,0,0,0,0,0,0,0,0,0,0,0,0.045257568359375,-0.010467529296875,-20.0,-20.0,0.0,20.0,0.0,0.0,0.0,-20.0,Object notstarted,Object notstarted,Object notstarted,Object notstarted,Object notstarted,Object notstarted,Object notstarted,Object notstarted,Object notstarted
2024-02-19 19:07:17,804.804,__main___datalogs,INFO,JoyConState.USE_SNS,-6.587500,12.362500,-182.000000,8.708423,0.013732,0.002289,0.004577,19.000000,0.000000,0.000000,0.000000,0,0,0,0,0,0,0,0,0,0,0,0.045257568359375,-0.010467529296875,-20.0,-20.0,0.0,20.0,0.0,0.0,0.0,-20.0,Object notstarted,Object notstarted,Object notstarted,Object notstarted,Object notstarted,Object notstarted,Object notstarted,Object notstarted,Object notstarted
2024-02-19 19:07:17,848.848,__main___datalogs,INFO,JoyConState.USE_SNS,-6.587500,12.362500,-182.000000,6.621147,0.013732,0.002289,0.004577,19.000000,0.000000,0.000000,0.000000,0,0,0,0,0,0,0,0,0,0,0,0.045257568359375,-0.010467529296875,-20.0,-20.0,0.0,20.0,0.0,0.0,0.0,-20.0,Object notstarted,Object notstarted,Object notstarted,Object notstarted,Object notstarted,Object notstarted,Object notstarted,Object notstarted,Object notstarted
2024-02-19 19:07:17,887.887,__main___datalogs,INFO,JoyConState.USE_SNS,-6.587500,12.362500,-182.000000,7.358102,0.018309,0.000000,0.004577,19.000000,0.000000,0.000000,0.000000,0,0,0,0,0,0,0,0,0,0,0,0.045257568359375,-0.010467529296875,-20.0,-20.0,0.0,20.0,0.0,0.0,0.0,-20.0,Object notstarted,Object notstarted,Object notstarted,Object notstarted,Object notstarted,Object notstarted,Object notstarted,Object notstarted,Object notstarted
2024-02-19 19:07:17,927.927,__main___datalogs,INFO,JoyConState.USE_SNS,-6.587500,12.362500,-182.000000,8.330791,0.022887,0.000000,0.004577,19.000000,0.000000,0.000000,0.000000,0,0,0,0,0,0,0,0,0,0,0,0.045257568359375,-0.010467529296875,-20.0,-20.0,0.0,20.0,0.0,0.0,0.0,-20.0,Object notstarted,Object notstarted,Object notstarted,Object notstarted,Object notstarted,Object notstarted,Object notstarted,Object notstarted,Object notstarted
2024-02-19 19:07:17,966.966,__main___datalogs,INFO,JoyConState.USE_SNS,-6.587500,12.362500,-182.000000,7.893653,0.022887,0.002289,0.004577,19.000000,0.000000,0.000000,0.000000,0,0,0,0,0,0,0,0,0,0,0,0.045257568359375,-0.010467529296875,-20.0,-20.0,0.0,20.0,0.0,0.0,0.0,-20.0,Object notstarted,Object notstarted,Object notstarted,Object notstarted,Object notstarted,Object notstarted,Object notstarted,Object notstarted,Object notstarted
2024-02-19 19:07:18,012.012,__main___datalogs,INFO,JoyConState.USE_SNS,-6.587500,12.362500,-182.000000,5.604974,0.022887,0.002289,0.004577,19.000000,0.000000,0.000000,0.000000,0,0,0,0,0,0,0,0,0,0,0,0.045257568359375,-0.010467529296875,-20.0,-20.0,0.0,20.0,0.0,0.0,0.0,-20.0,Object notstarted,Object notstarted,Object notstarted,Object notstarted,Object notstarted,Object notstarted,Object notstarted,Object notstarted,Object notstarted
2024-02-19 19:07:18,053.053,__main___datalogs,INFO,JoyConState.USE_SNS,-6.587500,12.362500,-182.000000,8.264419,0.022887,0.002289,0.004577,19.000000,0.000000,0.000000,0.000000,0,0,0,0,0,0,0,0,0,0,0,0.045257568359375,-0.010467529296875,-20.0,-20.0,0.0,20.0,0.0,0.0,0.0,-20.0,Object notstarted,Object notstarted,Object notstarted,Object notstarted,Object notstarted,Object notstarted,Object notstarted,Object notstarted,Object notstarted
2024-02-19 19:07:18,095.095,__main___datalogs,INFO,JoyConState.USE_SNS,-6.587500,12.362500,-182.000000,8.571102,0.022887,0.002289,0.004577,19.000000,0.000000,0.000000,0.000000,0,0,0,0,0,0,0,0,0,0,0,0.045257568359375,-0.010467529296875,-20.0,-20.0,0.0,20.0,0.0,0.0,0.0,-20.0,Object notstarted,Object notstarted,Object notstarted,Object notstarted,Object notstarted,Object notstarted,Object notstarted,Object notstarted,Object notstarted
2024-02-19 19:07:18,135.135,__main___datalogs,INFO,JoyConState.USE_SNS,-6.587500,12.362500,-182.000000,5.328044,0.018309,0.000000,-0.004577,19.000000,0.000000,0.000000,0.000000,0,0,0,0,0,0,0,0,0,0,0,0.045257568359375,-0.010467529296875,-20.0,-20.0,0.0,20.0,0.0,0.0,0.0,-20.0,Object notstarted,Object notstarted,Object notstarted,Object notstarted,Object notstarted,Object notstarted,Object notstarted,Object notstarted,Object notstarted
2024-02-19 19:07:18,178.178,__main___datalogs,INFO,JoyConState.USE_SNS,-6.587500,12.362500,-182.000000,7.177297,0.018309,0.006866,0.000000,19.000000,0.000000,0.000000,0.000000,0,0,0,0,0,0,0,0,0,0,0,0.045257568359375,-0.010467529296875,-20.0,-20.0,0.0,20.0,0.0,0.0,0.0,-20.0,Object notstarted,Object notstarted,Object notstarted,Object notstarted,Object notstarted,Object notstarted,Object notstarted,Object notstarted,Object notstarted
2024-02-19 19:07:18,218.218,__main___datalogs,INFO,JoyConState.USE_SNS,-6.587500,12.362500,-182.000000,8.575679,0.022887,0.006866,0.000000,19.000000,0.000000,0.000000,0.000000,0,0,0,0,0,0,0,0,0,0,0,0.045257568359375,-0.010467529296875,-20.0,-20.0,0.0,20.0,0.0,0.0,0.0,-20.0,Object notstarted,Object notstarted,Object notstarted,Object notstarted,Object notstarted,Object notstarted,Object notstarted,Object notstarted,Object notstarted
2024-02-19 19:07:18,258.258,__main___datalogs,INFO,JoyConState.USE_SNS,-6.587500,12.362500,-182.000000,7.550351,0.022887,0.002289,0.000000,19.000000,0.000000,0.000000,0.000000,0,0,0,0,0,0,0,0,0,0,0,0.045257568359375,-0.010467529296875,-20.0,-20.0,0.0,20.0,0.0,0.0,0.0,-20.0,Object notstarted,Object notstarted,Object notstarted,Object notstarted,Object notstarted,Object notstarted,Object notstarted,Object notstarted,Object notstarted
2024-02-19 19:07:18,300.300,__main___datalogs,INFO,JoyConState.USE_SNS,-6.587500,12.362500,-182.000000,6.742448,0.022887,0.002289,0.000000,19.000000,0.000000,0.000000,0.000000,0,0,0,0,0,0,0,0,0,0,0,0.045257568359375,-0.010467529296875,-20.0,-20.0,0.0,20.0,0.0,0.0,0.0,-20.0,Object notstarted,Object notstarted,Object notstarted,Object notstarted,Object notstarted,Object notstarted,Object notstarted,Object notstarted,Object notstarted
2024-02-19 19:07:18,341.341,__main___datalogs,INFO,JoyConState.USE_SNS,-6.587500,12.362500,-182.000000,7.948581,0.022887,0.002289,0.000000,19.000000,0.000000,0.000000,0.000000,0,0,0,0,0,0,0,0,0,0,0,0.045257568359375,-0.010467529296875,-20.0,-20.0,0.0,20.0,0.0,0.0,0.0,-20.0,Object notstarted,Object notstarted,Object notstarted,Object notstarted,Object notstarted,Object notstarted,Object notstarted,Object notstarted,Object notstarted
2024-02-19 19:07:18,380.380,__main___datalogs,INFO,JoyConState.USE_SNS,-6.587500,12.362500,-182.000000,8.461246,0.022887,0.002289,0.000000,19.000000,0.000000,0.000000,0.000000,0,0,0,0,0,0,0,0,0,0,0,0.045257568359375,-0.010467529296875,-20.0,-20.0,0.0,20.0,0.0,0.0,0.0,-20.0,Object notstarted,Object notstarted,Object notstarted,Object notstarted,Object notstarted,Object notstarted,Object notstarted,Object notstarted,Object notstarted
2024-02-19 19:07:18,422.422,__main___datalogs,INFO,JoyConState.USE_SNS,-6.587500,12.362500,-182.000000,6.248093,0.022887,0.002289,0.004577,19.000000,0.000000,0.000000,0.000000,0,0,0,0,0,0,0,0,0,0,0,0.045257568359375,-0.010467529296875,-20.0,-20.0,0.0,20.0,0.0,0.0,0.0,-20.0,Object notstarted,Object notstarted,Object notstarted,Object notstarted,Object notstarted,Object notstarted,Object notstarted,Object notstarted,Object notstarted
2024-02-19 19:07:18,462.462,__main___datalogs,INFO,JoyConState.USE_SNS,-6.587500,12.362500,-182.000000,7.207049,0.022887,0.002289,0.004577,19.000000,0.000000,0.000000,0.000000,0,0,0,0,0,0,0,0,0,0,0,0.045257568359375,-0.010467529296875,-20.0,-20.0,0.0,20.0,0.0,0.0,0.0,-20.0,Object notstarted,Object notstarted,Object notstarted,Object notstarted,Object notstarted,Object notstarted,Object notstarted,Object notstarted,Object notstarted
2024-02-19 19:07:18,504.504,__main___datalogs,INFO,JoyConState.USE_SNS,-6.587500,12.362500,-182.000000,8.216356,0.022887,0.002289,0.004577,19.000000,0.000000,0.000000,0.000000,0,0,0,0,0,0,0,0,0,0,0,0.045257568359375,-0.010467529296875,-20.0,-20.0,0.0,20.0,0.0,0.0,0.0,-20.0,Object notstarted,Object notstarted,Object notstarted,Object notstarted,Object notstarted,Object notstarted,Object notstarted,Object notstarted,Object notstarted
2024-02-19 19:07:18,542.542,__main___datalogs,INFO,JoyConState.USE_SNS,-6.587500,12.362500,-182.000000,8.149984,0.018309,0.000000,0.004577,19.000000,0.000000,0.000000,0.000000,0,0,0,0,0,0,0,0,0,0,0,0.045257568359375,-0.010467529296875,-20.0,-20.0,0.0,20.0,0.0,0.0,0.0,-20.0,Object notstarted,Object notstarted,Object notstarted,Object notstarted,Object notstarted,Object notstarted,Object notstarted,Object notstarted,Object notstarted
2024-02-19 19:07:18,583.583,__main___datalogs,INFO,JoyConState.USE_SNS,-6.587500,12.362500,-182.000000,5.863595,0.018309,0.002289,0.004577,19.000000,0.000000,0.000000,0.000000,0,0,0,0,0,0,0,0,0,0,0,0.045257568359375,-0.010467529296875,-20.0,-20.0,0.0,20.0,0.0,0.0,0.0,-20.0,Object notstarted,Object notstarted,Object notstarted,Object notstarted,Object notstarted,Object notstarted,Object notstarted,Object notstarted,Object notstarted
2024-02-19 19:07:18,623.623,__main___datalogs,INFO,JoyConState.USE_SNS,-6.587500,12.362500,-182.000000,7.104058,0.022887,0.002289,0.004577,19.000000,0.000000,0.000000,0.000000,0,0,0,0,0,0,0,0,0,0,0,0.045257568359375,-0.010467529296875,-20.0,-20.0,0.0,20.0,0.0,0.0,0.0,-20.0,Object notstarted,Object notstarted,Object notstarted,Object notstarted,Object notstarted,Object notstarted,Object notstarted,Object notstarted,Object notstarted
2024-02-19 19:07:18,665.665,__main___datalogs,INFO,JoyConState.USE_SNS,-6.587500,12.362500,-182.000000,8.113366,0.022887,0.000000,0.004577,19.000000,0.000000,0.000000,0.000000,0,0,0,0,0,0,0,0,0,0,0,0.045257568359375,-0.010467529296875,-20.0,-20.0,0.0,20.0,0.0,0.0,0.0,-20.0,Object notstarted,Object notstarted,Object notstarted,Object notstarted,Object notstarted,Object notstarted,Object notstarted,Object notstarted,Object notstarted
2024-02-19 19:07:18,705.705,__main___datalogs,INFO,JoyConState.USE_SNS,-6.587500,12.362500,-182.000000,8.012664,0.022887,0.002289,0.000000,19.000000,0.000000,0.000000,0.000000,0,0,0,0,0,0,0,0,0,0,0,0.045257568359375,-0.010467529296875,-20.0,-20.0,0.0,20.0,0.0,0.0,0.0,-20.0,Object notstarted,Object notstarted,Object notstarted,Object notstarted,Object notstarted,Object notstarted,Object notstarted,Object notstarted,Object notstarted
2024-02-19 19:07:18,747.747,__main___datalogs,INFO,JoyConState.USE_SNS,-6.587500,12.362500,-182.000000,5.508850,0.025175,0.002289,0.000000,19.000000,0.000000,0.000000,0.000000,0,0,0,0,0,0,0,0,0,0,0,0.045257568359375,-0.010467529296875,-20.0,-20.0,0.0,20.0,0.0,0.0,0.0,-20.0,Object notstarted,Object notstarted,Object notstarted,Object notstarted,Object notstarted,Object notstarted,Object notstarted,Object notstarted,Object notstarted
2024-02-19 19:07:18,787.787,__main___datalogs,INFO,JoyConState.USE_SNS,-6.587500,12.362500,-182.000000,8.186604,0.025175,0.006866,0.004577,19.000000,0.000000,0.000000,0.000000,0,0,0,0,0,0,0,0,0,0,0,0.045257568359375,-0.010467529296875,-20.0,-20.0,0.0,20.0,0.0,0.0,0.0,-20.0,Object notstarted,Object notstarted,Object notstarted,Object notstarted,Object notstarted,Object notstarted,Object notstarted,Object notstarted,Object notstarted
2024-02-19 19:07:18,830.830,__main___datalogs,INFO,JoyConState.USE_SNS,-6.587500,12.362500,-182.000000,8.710711,0.025175,0.002289,0.004577,19.000000,0.000000,0.000000,0.000000,0,0,0,0,0,0,0,0,0,0,0,0.045257568359375,-0.010467529296875,-20.0,-20.0,0.0,20.0,0.0,0.0,0.0,-20.0,Object notstarted,Object notstarted,Object notstarted,Object notstarted,Object notstarted,Object notstarted,Object notstarted,Object notstarted,Object notstarted
2024-02-19 19:07:18,871.871,__main___datalogs,INFO,JoyConState.USE_SNS,-6.587500,12.362500,-182.000000,5.197589,0.022887,0.002289,0.000000,19.000000,0.000000,0.000000,0.000000,0,0,0,0,0,0,0,0,0,0,0,0.045257568359375,-0.010467529296875,-20.0,-20.0,0.0,20.0,0.0,0.0,0.0,-20.0,Object notstarted,Object notstarted,Object notstarted,Object notstarted,Object notstarted,Object notstarted,Object notstarted,Object notstarted,Object notstarted
2024-02-19 19:07:18,912.912,__main___datalogs,INFO,JoyConState.USE_SNS,-6.587500,12.362500,-182.000000,7.687672,0.025175,0.002289,0.000000,19.000000,0.000000,0.000000,0.000000,0,0,0,0,0,0,0,0,0,0,0,0.045257568359375,-0.010467529296875,-20.0,-20.0,0.0,20.0,0.0,0.0,0.0,-20.0,Object notstarted,Object notstarted,Object notstarted,Object notstarted,Object notstarted,Object notstarted,Object notstarted,Object notstarted,Object notstarted
2024-02-19 19:07:18,952.952,__main___datalogs,INFO,JoyConState.USE_SNS,-6.587500,12.362500,-182.000000,8.493287,0.025175,0.002289,0.006866,19.000000,0.000000,0.000000,0.000000,0,0,0,0,0,0,0,0,0,0,0,0.045257568359375,-0.010467529296875,-20.0,-20.0,0.0,20.0,0.0,0.0,0.0,-20.0,Object notstarted,Object notstarted,Object notstarted,Object notstarted,Object notstarted,Object notstarted,Object notstarted,Object notstarted,Object notstarted
2024-02-19 19:07:18,995.995,__main___datalogs,INFO,JoyConState.USE_SNS,-6.587500,12.362500,-182.000000,5.840708,0.025175,0.002289,0.004577,19.000000,0.000000,0.000000,0.000000,0,0,0,0,0,0,0,0,0,0,0,0.045257568359375,-0.010467529296875,-20.0,-20.0,0.0,20.0,0.0,0.0,0.0,-20.0,Object notstarted,Object notstarted,Object notstarted,Object notstarted,Object notstarted,Object notstarted,Object notstarted,Object notstarted,Object notstarted
2024-02-19 19:07:19,053.053,__main___datalogs,INFO,JoyConState.USE_SNS,-6.587500,12.362500,-182.000000,7.534330,0.029753,0.002289,0.004577,19.000000,0.000000,0.000000,0.000000,0,0,0,0,0,0,0,0,0,0,0,0.045257568359375,-0.010467529296875,-20.0,-20.0,0.0,20.0,0.0,0.0,0.0,-20.0,Object notstarted,Object notstarted,Object notstarted,Object notstarted,Object notstarted,Object notstarted,Object notstarted,Object notstarted,Object notstarted
2024-02-19 19:07:19,116.116,__main___datalogs,INFO,JoyConState.USE_SNS,-6.587500,12.362500,-182.000000,6.406012,0.025175,0.002289,0.004577,19.000000,0.000000,0.000000,0.000000,0,0,0,0,0,0,0,0,0,0,0,0.045257568359375,-0.010467529296875,-20.0,-20.0,0.0,20.0,0.0,0.0,0.0,-20.0,Object notstarted,Object notstarted,Object notstarted,Object notstarted,Object notstarted,Object notstarted,Object notstarted,Object notstarted,Object notstarted
2024-02-19 19:07:19,156.156,__main___datalogs,INFO,JoyConState.USE_SNS,-6.587500,12.362500,-182.000000,6.911810,0.025175,0.002289,0.004577,19.000000,0.000000,0.000000,0.000000,0,0,0,0,0,0,0,0,0,0,0,0.045257568359375,-0.010467529296875,-20.0,-20.0,0.0,20.0,0.0,0.0,0.0,-20.0,Object notstarted,Object notstarted,Object notstarted,Object notstarted,Object notstarted,Object notstarted,Object notstarted,Object notstarted,Object notstarted
2024-02-19 19:07:19,196.196,__main___datalogs,INFO,JoyConState.USE_SNS,-6.587500,12.362500,-182.000000,6.488404,0.025175,0.002289,0.004577,19.000000,0.000000,0.000000,0.000000,0,0,0,0,0,0,0,0,0,0,0,0.045257568359375,-0.010467529296875,-20.0,-20.0,0.0,20.0,0.0,0.0,0.0,-20.0,Object notstarted,Object notstarted,Object notstarted,Object notstarted,Object notstarted,Object notstarted,Object notstarted,Object notstarted,Object notstarted
2024-02-19 19:07:19,235.235,__main___datalogs,INFO,JoyConState.USE_SNS,-6.587500,12.362500,-182.000000,8.413183,0.025175,0.002289,0.004577,19.000000,0.000000,0.000000,0.000000,0,0,0,0,0,0,0,0,0,0,0,0.045257568359375,-0.010467529296875,-20.0,-20.0,0.0,20.0,0.0,0.0,0.0,-20.0,Object notstarted,Object notstarted,Object notstarted,Object notstarted,Object notstarted,Object notstarted,Object notstarted,Object notstarted,Object notstarted
2024-02-19 19:07:19,279.279,__main___datalogs,INFO,JoyConState.USE_SNS,-6.587500,12.362500,-182.000000,8.488709,0.022887,0.002289,0.000000,19.000000,0.000000,0.000000,0.000000,0,0,0,0,0,0,0,0,0,0,0,0.045257568359375,-0.010467529296875,-20.0,-20.0,0.0,20.0,0.0,0.0,0.0,-20.0,Object notstarted,Object notstarted,Object notstarted,Object notstarted,Object notstarted,Object notstarted,Object notstarted,Object notstarted,Object notstarted
2024-02-19 19:07:19,319.319,__main___datalogs,INFO,JoyConState.USE_SNS,-6.587500,12.362500,-182.000000,6.518157,0.022887,0.002289,0.004577,19.000000,0.000000,0.000000,0.000000,0,0,0,0,0,0,0,0,0,0,0,0.045257568359375,-0.010467529296875,-20.0,-20.0,0.0,20.0,0.0,0.0,0.0,-20.0,Object notstarted,Object notstarted,Object notstarted,Object notstarted,Object notstarted,Object notstarted,Object notstarted,Object notstarted,Object notstarted
2024-02-19 19:07:19,361.361,__main___datalogs,INFO,JoyConState.USE_SNS,-6.587500,12.362500,-182.000000,7.861611,0.022887,0.002289,0.000000,19.000000,0.000000,0.000000,0.000000,0,0,0,0,0,0,0,0,0,0,0,0.045257568359375,-0.010467529296875,-20.0,-20.0,0.0,20.0,0.0,0.0,0.0,-20.0,Object notstarted,Object notstarted,Object notstarted,Object notstarted,Object notstarted,Object notstarted,Object notstarted,Object notstarted,Object notstarted
2024-02-19 19:07:19,400.400,__main___datalogs,INFO,JoyConState.USE_SNS,-6.587500,12.362500,-182.000000,8.493287,0.018309,0.006866,0.004577,19.000000,0.000000,0.000000,0.000000,0,0,0,0,0,0,0,0,0,0,0,0.045257568359375,-0.010467529296875,-20.0,-20.0,0.0,20.0,0.0,0.0,0.0,-20.0,Object notstarted,Object notstarted,Object notstarted,Object notstarted,Object notstarted,Object notstarted,Object notstarted,Object notstarted,Object notstarted
2024-02-19 19:07:19,442.442,__main___datalogs,INFO,JoyConState.USE_SNS,-6.587500,12.362500,-182.000000,5.911657,0.025175,0.002289,0.004577,19.000000,0.000000,0.000000,0.000000,0,0,0,0,0,0,0,0,0,0,0,0.045257568359375,-0.010467529296875,-20.0,-20.0,0.0,20.0,0.0,0.0,0.0,-20.0,Object notstarted,Object notstarted,Object notstarted,Object notstarted,Object notstarted,Object notstarted,Object notstarted,Object notstarted,Object notstarted
2024-02-19 19:07:19,482.482,__main___datalogs,INFO,JoyConState.USE_SNS,-6.587500,12.362500,-182.000000,7.557217,0.025175,0.002289,0.006866,19.000000,0.000000,0.000000,0.000000,0,0,0,0,0,0,0,0,0,0,0,0.045257568359375,-0.010467529296875,-20.0,-20.0,0.0,20.0,0.0,0.0,0.0,-20.0,Object notstarted,Object notstarted,Object notstarted,Object notstarted,Object notstarted,Object notstarted,Object notstarted,Object notstarted,Object notstarted
2024-02-19 19:07:19,522.522,__main___datalogs,INFO,JoyConState.USE_SNS,-6.587500,12.362500,-182.000000,8.355966,0.025175,0.002289,0.004577,19.000000,0.000000,0.000000,0.000000,0,0,0,0,0,0,0,0,0,0,0,0.045257568359375,-0.010467529296875,-20.0,-20.0,0.0,20.0,0.0,0.0,0.0,-20.0,Object notstarted,Object notstarted,Object notstarted,Object notstarted,Object notstarted,Object notstarted,Object notstarted,Object notstarted,Object notstarted
2024-02-19 19:07:19,563.563,__main___datalogs,INFO,JoyConState.USE_SNS,-6.587500,12.362500,-182.000000,8.069881,0.025175,0.002289,0.004577,19.000000,0.000000,0.000000,0.000000,0,0,0,0,0,0,0,0,0,0,0,0.045257568359375,-0.010467529296875,-20.0,-20.0,0.0,20.0,0.0,0.0,0.0,-20.0,Object notstarted,Object notstarted,Object notstarted,Object notstarted,Object notstarted,Object notstarted,Object notstarted,Object notstarted,Object notstarted
2024-02-19 19:07:19,604.604,__main___datalogs,INFO,JoyConState.USE_SNS,-6.587500,12.362500,-182.000000,6.337351,0.025175,0.011443,0.004577,19.000000,0.000000,0.000000,0.000000,0,0,0,0,0,0,0,0,0,0,0,0.045257568359375,-0.010467529296875,-20.0,-20.0,0.0,20.0,0.0,0.0,0.0,-20.0,Object notstarted,Object notstarted,Object notstarted,Object notstarted,Object notstarted,Object notstarted,Object notstarted,Object notstarted,Object notstarted
2024-02-19 19:07:19,644.644,__main___datalogs,INFO,JoyConState.USE_SNS,-6.587500,12.362500,-182.000000,7.213915,0.029753,0.011443,0.000000,19.000000,0.000000,0.000000,0.000000,0,0,0,0,0,0,0,0,0,0,0,0.045257568359375,-0.010467529296875,-20.0,-20.0,0.0,20.0,0.0,0.0,0.0,-20.0,Object notstarted,Object notstarted,Object notstarted,Object notstarted,Object notstarted,Object notstarted,Object notstarted,Object notstarted,Object notstarted
2024-02-19 19:07:19,684.684,__main___datalogs,INFO,JoyConState.USE_SNS,-6.587500,12.362500,-182.000000,8.154562,0.029753,0.002289,0.004577,19.000000,0.000000,0.000000,0.000000,0,0,0,0,0,0,0,0,0,0,0,0.045257568359375,-0.010467529296875,-20.0,-20.0,0.0,20.0,0.0,0.0,0.0,-20.0,Object notstarted,Object notstarted,Object notstarted,Object notstarted,Object notstarted,Object notstarted,Object notstarted,Object notstarted,Object notstarted
2024-02-19 19:07:19,725.725,__main___datalogs,INFO,JoyConState.USE_SNS,-6.587500,12.362500,-182.000000,7.850168,0.025175,0.002289,0.004577,19.000000,0.000000,0.000000,0.000000,0,0,0,0,0,0,0,0,0,0,0,0.045257568359375,-0.010467529296875,-20.0,-20.0,0.0,20.0,0.0,0.0,0.0,-20.0,Object notstarted,Object notstarted,Object notstarted,Object notstarted,Object notstarted,Object notstarted,Object notstarted,Object notstarted,Object notstarted
2024-02-19 19:07:19,766.766,__main___datalogs,INFO,JoyConState.USE_SNS,-6.587500,12.362500,-182.000000,5.820110,0.025175,0.002289,0.004577,19.000000,0.000000,0.000000,0.000000,0,0,0,0,0,0,0,0,0,0,0,0.045257568359375,-0.010467529296875,-20.0,-20.0,0.0,20.0,0.0,0.0,0.0,-20.0,Object notstarted,Object notstarted,Object notstarted,Object notstarted,Object notstarted,Object notstarted,Object notstarted,Object notstarted,Object notstarted
2024-02-19 19:07:19,807.807,__main___datalogs,INFO,JoyConState.USE_SNS,-6.587500,12.362500,-182.000000,7.687672,0.029753,0.006866,0.004577,19.000000,0.000000,0.000000,0.000000,0,0,0,0,0,0,0,0,0,0,0,0.045257568359375,-0.010467529296875,-20.0,-20.0,0.0,20.0,0.0,0.0,0.0,-20.0,Object notstarted,Object notstarted,Object notstarted,Object notstarted,Object notstarted,Object notstarted,Object notstarted,Object notstarted,Object notstarted
2024-02-19 19:07:19,849.849,__main___datalogs,INFO,JoyConState.USE_SNS,-6.587500,12.362500,-182.000000,8.312481,0.025175,0.002289,0.004577,19.000000,0.000000,0.000000,0.000000,0,0,0,0,0,0,0,0,0,0,0,0.045257568359375,-0.010467529296875,-20.0,-20.0,0.0,20.0,0.0,0.0,0.0,-20.0,Object notstarted,Object notstarted,Object notstarted,Object notstarted,Object notstarted,Object notstarted,Object notstarted,Object notstarted,Object notstarted
2024-02-19 19:07:19,890.890,__main___datalogs,INFO,JoyConState.USE_SNS,-6.587500,12.362500,-182.000000,7.941715,0.025175,0.002289,0.000000,19.000000,0.000000,0.000000,0.000000,0,0,0,0,0,0,0,0,0,0,0,0.045257568359375,-0.010467529296875,-20.0,-20.0,0.0,20.0,0.0,0.0,0.0,-20.0,Object notstarted,Object notstarted,Object notstarted,Object notstarted,Object notstarted,Object notstarted,Object notstarted,Object notstarted,Object notstarted
2024-02-19 19:07:19,930.930,__main___datalogs,INFO,JoyConState.USE_SNS,-6.587500,12.362500,-182.000000,5.804090,0.022887,0.002289,0.000000,19.000000,0.000000,0.000000,0.000000,0,0,0,0,0,0,0,0,0,0,0,0.045257568359375,-0.010467529296875,-20.0,-20.0,0.0,20.0,0.0,0.0,0.0,-20.0,Object notstarted,Object notstarted,Object notstarted,Object notstarted,Object notstarted,Object notstarted,Object notstarted,Object notstarted,Object notstarted
2024-02-19 19:07:19,970.970,__main___datalogs,INFO,JoyConState.USE_SNS,-6.587500,12.362500,-182.000000,7.914251,0.025175,0.002289,0.004577,19.000000,0.000000,0.000000,0.000000,0,0,0,0,0,0,0,0,0,0,0,0.045257568359375,-0.010467529296875,-20.0,-20.0,0.0,20.0,0.0,0.0,0.0,-20.0,Object notstarted,Object notstarted,Object notstarted,Object notstarted,Object notstarted,Object notstarted,Object notstarted,Object notstarted,Object notstarted
2024-02-19 19:07:20,013.013,__main___datalogs,INFO,JoyConState.USE_SNS,-6.587500,12.362500,-182.000000,8.518462,0.022887,0.002289,0.004577,19.000000,0.000000,0.000000,0.000000,0,0,0,0,0,0,0,0,0,0,0,0.045257568359375,-0.010467529296875,-20.0,-20.0,0.0,20.0,0.0,0.0,0.0,-20.0,Object notstarted,Object notstarted,Object notstarted,Object notstarted,Object notstarted,Object notstarted,Object notstarted,Object notstarted,Object notstarted
2024-02-19 19:07:20,054.054,__main___datalogs,INFO,JoyConState.USE_SNS,-6.587500,12.362500,-182.000000,6.948428,0.025175,0.006866,0.000000,19.000000,0.000000,0.000000,0.000000,0,0,0,0,0,0,0,0,0,0,0,0.045257568359375,-0.010467529296875,-20.0,-20.0,0.0,20.0,0.0,0.0,0.0,-20.0,Object notstarted,Object notstarted,Object notstarted,Object notstarted,Object notstarted,Object notstarted,Object notstarted,Object notstarted,Object notstarted
2024-02-19 19:07:20,117.117,__main___datalogs,INFO,JoyConState.USE_SNS,-6.587500,12.362500,-182.000000,5.051114,0.025175,0.002289,0.000000,19.000000,0.000000,0.000000,0.000000,0,0,0,0,0,0,0,0,0,0,0,0.045257568359375,-0.010467529296875,-20.0,-20.0,0.0,20.0,0.0,0.0,0.0,-20.0,Object notstarted,Object notstarted,Object notstarted,Object notstarted,Object notstarted,Object notstarted,Object notstarted,Object notstarted,Object notstarted
2024-02-19 19:07:20,172.172,__main___datalogs,INFO,JoyConState.USE_SNS,-6.587500,12.362500,-182.000000,5.490541,0.025175,0.002289,0.004577,19.000000,0.000000,0.000000,0.000000,0,0,0,0,0,0,0,0,0,0,0,0.045257568359375,-0.010467529296875,-20.0,-20.0,0.0,20.0,0.0,0.0,0.0,-20.0,Object notstarted,Object notstarted,Object notstarted,Object notstarted,Object notstarted,Object notstarted,Object notstarted,Object notstarted,Object notstarted
2024-02-19 19:07:20,213.213,__main___datalogs,INFO,JoyConState.USE_SNS,-6.587500,12.362500,-182.000000,8.738175,0.029753,0.006866,0.004577,19.000000,0.000000,0.000000,0.000000,0,0,0,0,0,0,0,0,0,0,0,0.045257568359375,-0.010467529296875,-20.0,-20.0,0.0,20.0,0.0,0.0,0.0,-20.0,Object notstarted,Object notstarted,Object notstarted,Object notstarted,Object notstarted,Object notstarted,Object notstarted,Object notstarted,Object notstarted
2024-02-19 19:07:20,253.253,__main___datalogs,INFO,JoyConState.USE_SNS,-6.587500,12.362500,-182.000000,5.128929,0.029753,0.006866,0.004577,19.000000,0.000000,0.000000,0.000000,0,0,0,0,0,0,0,0,0,0,0,0.045257568359375,-0.010467529296875,-20.0,-20.0,0.0,20.0,0.0,0.0,0.0,-20.0,Object notstarted,Object notstarted,Object notstarted,Object notstarted,Object notstarted,Object notstarted,Object notstarted,Object notstarted,Object notstarted
2024-02-19 19:07:20,295.295,__main___datalogs,INFO,JoyConState.USE_SNS,-6.587500,12.362500,-182.000000,7.616723,0.025175,0.002289,0.004577,19.000000,0.000000,0.000000,0.000000,0,0,0,0,0,0,0,0,0,0,0,0.045257568359375,-0.010467529296875,-20.0,-20.0,0.0,20.0,0.0,0.0,0.0,-20.0,Object notstarted,Object notstarted,Object notstarted,Object notstarted,Object notstarted,Object notstarted,Object notstarted,Object notstarted,Object notstarted
2024-02-19 19:07:20,336.336,__main___datalogs,INFO,JoyConState.USE_SNS,-6.587500,12.362500,-182.000000,8.717577,0.025175,0.006866,0.004577,19.000000,0.000000,0.000000,0.000000,0,0,0,0,0,0,0,0,0,0,0,0.045257568359375,-0.010467529296875,-20.0,-20.0,0.0,20.0,0.0,0.0,0.0,-20.0,Object notstarted,Object notstarted,Object notstarted,Object notstarted,Object notstarted,Object notstarted,Object notstarted,Object notstarted,Object notstarted
2024-02-19 19:07:20,378.378,__main___datalogs,INFO,JoyConState.USE_SNS,-6.587500,12.362500,-182.000000,6.259536,0.029753,0.006866,0.004577,19.000000,0.000000,0.000000,0.000000,0,0,0,0,0,0,0,0,0,0,0,0.045257568359375,-0.010467529296875,-20.0,-20.0,0.0,20.0,0.0,0.0,0.0,-20.0,Object notstarted,Object notstarted,Object notstarted,Object notstarted,Object notstarted,Object notstarted,Object notstarted,Object notstarted,Object notstarted
2024-02-19 19:07:20,418.418,__main___datalogs,INFO,JoyConState.USE_SNS,-6.587500,12.362500,-182.000000,7.442783,0.029753,0.002289,0.006866,19.000000,0.000000,0.000000,0.000000,0,0,0,0,0,0,0,0,0,0,0,0.045257568359375,-0.010467529296875,-20.0,-20.0,0.0,20.0,0.0,0.0,0.0,-20.0,Object notstarted,Object notstarted,Object notstarted,Object notstarted,Object notstarted,Object notstarted,Object notstarted,Object notstarted,Object notstarted
2024-02-19 19:07:20,460.460,__main___datalogs,INFO,JoyConState.USE_SNS,-6.587500,12.362500,-182.000000,8.413183,0.025175,0.006866,0.004577,19.000000,0.000000,0.000000,0.000000,0,0,0,0,0,0,0,0,0,0,0,0.045257568359375,-0.010467529296875,-20.0,-20.0,0.0,20.0,0.0,0.0,0.0,-20.0,Object notstarted,Object notstarted,Object notstarted,Object notstarted,Object notstarted,Object notstarted,Object notstarted,Object notstarted,Object notstarted
2024-02-19 19:07:20,501.501,__main___datalogs,INFO,JoyConState.USE_SNS,-6.587500,12.362500,-182.000000,6.682941,0.029753,0.006866,0.000000,19.000000,0.000000,0.000000,0.000000,0,0,0,0,0,0,0,0,0,0,0,0.045257568359375,-0.010467529296875,-20.0,-20.0,0.0,20.0,0.0,0.0,0.0,-20.0,Object notstarted,Object notstarted,Object notstarted,Object notstarted,Object notstarted,Object notstarted,Object notstarted,Object notstarted,Object notstarted
2024-02-19 19:07:20,541.541,__main___datalogs,INFO,JoyConState.USE_SNS,-6.587500,12.362500,-182.000000,6.110772,0.034330,0.006866,0.000000,19.000000,0.000000,0.000000,0.000000,0,0,0,0,0,0,0,0,0,0,0,0.045257568359375,-0.010467529296875,-20.0,-20.0,0.0,20.0,0.0,0.0,0.0,-20.0,Object notstarted,Object notstarted,Object notstarted,Object notstarted,Object notstarted,Object notstarted,Object notstarted,Object notstarted,Object notstarted
2024-02-19 19:07:20,583.583,__main___datalogs,INFO,JoyConState.USE_SNS,-6.587500,12.362500,-182.000000,8.186604,0.029753,0.006866,0.000000,19.000000,0.000000,0.000000,0.000000,0,0,0,0,0,0,0,0,0,0,0,0.045257568359375,-0.010467529296875,-20.0,-20.0,0.0,20.0,0.0,0.0,0.0,-20.0,Object notstarted,Object notstarted,Object notstarted,Object notstarted,Object notstarted,Object notstarted,Object notstarted,Object notstarted,Object notstarted
2024-02-19 19:07:20,624.624,__main___datalogs,INFO,JoyConState.USE_SNS,-6.587500,12.362500,-182.000000,8.738175,0.034330,0.006866,0.000000,19.000000,0.000000,0.000000,0.000000,0,0,0,0,0,0,0,0,0,0,0,0.045257568359375,-0.010467529296875,-20.0,-20.0,0.0,20.0,0.0,0.0,0.0,-20.0,Object notstarted,Object notstarted,Object notstarted,Object notstarted,Object notstarted,Object notstarted,Object notstarted,Object notstarted,Object notstarted
2024-02-19 19:07:20,663.663,__main___datalogs,INFO,JoyConState.USE_SNS,-6.587500,12.362500,-182.000000,5.291425,0.029753,0.006866,0.004577,19.000000,0.000000,0.000000,0.000000,0,0,0,0,0,0,0,0,0,0,0,0.045257568359375,-0.010467529296875,-20.0,-20.0,0.0,20.0,0.0,0.0,0.0,-20.0,Object notstarted,Object notstarted,Object notstarted,Object notstarted,Object notstarted,Object notstarted,Object notstarted,Object notstarted,Object notstarted
2024-02-19 19:07:20,703.703,__main___datalogs,INFO,JoyConState.USE_SNS,-6.587500,12.362500,-182.000000,7.621300,0.029753,0.006866,0.004577,19.000000,0.000000,0.000000,0.000000,0,0,0,0,0,0,0,0,0,0,0,0.045257568359375,-0.010467529296875,-20.0,-20.0,0.0,20.0,0.0,0.0,0.0,-20.0,Object notstarted,Object notstarted,Object notstarted,Object notstarted,Object notstarted,Object notstarted,Object notstarted,Object notstarted,Object notstarted
2024-02-19 19:07:20,745.745,__main___datalogs,INFO,JoyConState.USE_SNS,-6.587500,12.362500,-182.000000,8.571102,0.029753,0.002289,0.004577,19.000000,0.000000,0.000000,0.000000,0,0,0,0,0,0,0,0,0,0,0,0.045257568359375,-0.010467529296875,-20.0,-20.0,0.0,20.0,0.0,0.0,0.0,-20.0,Object notstarted,Object notstarted,Object notstarted,Object notstarted,Object notstarted,Object notstarted,Object notstarted,Object notstarted,Object notstarted
2024-02-19 19:07:20,787.787,__main___datalogs,INFO,JoyConState.USE_SNS,-6.587500,12.362500,-182.000000,8.367410,0.029753,0.006866,0.004577,19.000000,0.000000,0.000000,0.000000,0,0,0,0,0,0,0,0,0,0,0,0.045257568359375,-0.010467529296875,-20.0,-20.0,0.0,20.0,0.0,0.0,0.0,-20.0,Object notstarted,Object notstarted,Object notstarted,Object notstarted,Object notstarted,Object notstarted,Object notstarted,Object notstarted,Object notstarted
2024-02-19 19:07:20,828.828,__main___datalogs,INFO,JoyConState.USE_SNS,-6.587500,12.362500,-182.000000,6.996490,0.034330,0.006866,0.004577,19.000000,0.000000,0.000000,0.000000,0,0,0,0,0,0,0,0,0,0,0,0.045257568359375,-0.010467529296875,-20.0,-20.0,0.0,20.0,0.0,0.0,0.0,-20.0,Object notstarted,Object notstarted,Object notstarted,Object notstarted,Object notstarted,Object notstarted,Object notstarted,Object notstarted,Object notstarted
2024-02-19 19:07:20,869.869,__main___datalogs,INFO,JoyConState.USE_SNS,-6.587500,12.362500,-182.000000,8.198047,0.034330,0.006866,0.004577,19.000000,0.000000,0.000000,0.000000,0,0,0,0,0,0,0,0,0,0,0,0.045257568359375,-0.010467529296875,-20.0,-20.0,0.0,20.0,0.0,0.0,0.0,-20.0,Object notstarted,Object notstarted,Object notstarted,Object notstarted,Object notstarted,Object notstarted,Object notstarted,Object notstarted,Object notstarted
2024-02-19 19:07:20,911.911,__main___datalogs,INFO,JoyConState.USE_SNS,-6.587500,12.362500,-182.000000,8.220934,0.034330,0.002289,0.004577,19.000000,0.000000,0.000000,0.000000,0,0,0,0,0,0,0,0,0,0,0,0.045257568359375,-0.010467529296875,-20.0,-20.0,0.0,20.0,0.0,0.0,0.0,-20.0,Object notstarted,Object notstarted,Object notstarted,Object notstarted,Object notstarted,Object notstarted,Object notstarted,Object notstarted,Object notstarted
2024-02-19 19:07:20,953.953,__main___datalogs,INFO,JoyConState.USE_SNS,-6.587500,12.362500,-182.000000,5.982606,0.029753,0.002289,0.004577,19.000000,0.000000,0.000000,0.000000,0,0,0,0,0,0,0,0,0,0,0,0.045257568359375,-0.010467529296875,-20.0,-20.0,0.0,20.0,0.0,0.0,0.0,-20.0,Object notstarted,Object notstarted,Object notstarted,Object notstarted,Object notstarted,Object notstarted,Object notstarted,Object notstarted,Object notstarted
2024-02-19 19:07:20,993.993,__main___datalogs,INFO,JoyConState.USE_SNS,-6.587500,12.362500,-182.000000,7.902807,0.029753,0.006866,0.006866,19.000000,0.000000,0.000000,0.000000,0,0,0,0,0,0,0,0,0,0,0,0.045257568359375,-0.010467529296875,-20.0,-20.0,0.0,20.0,0.0,0.0,0.0,-20.0,Object notstarted,Object notstarted,Object notstarted,Object notstarted,Object notstarted,Object notstarted,Object notstarted,Object notstarted,Object notstarted
2024-02-19 19:07:21,034.034,__main___datalogs,INFO,JoyConState.USE_SNS,-6.587500,12.362500,-182.000000,8.548215,0.029753,0.011443,0.004577,19.000000,0.000000,0.000000,0.000000,0,0,0,0,0,0,0,0,0,0,0,0.045257568359375,-0.010467529296875,-20.0,-20.0,0.0,20.0,0.0,0.0,0.0,-20.0,Object notstarted,Object notstarted,Object notstarted,Object notstarted,Object notstarted,Object notstarted,Object notstarted,Object notstarted,Object notstarted
2024-02-19 19:07:21,074.074,__main___datalogs,INFO,JoyConState.USE_SNS,-6.587500,12.362500,-182.000000,6.218340,0.034330,0.011443,0.004577,19.000000,0.000000,0.000000,0.000000,0,0,0,0,0,0,0,0,0,0,0,0.045257568359375,-0.010467529296875,-20.0,-20.0,0.0,20.0,0.0,0.0,0.0,-20.0,Object notstarted,Object notstarted,Object notstarted,Object notstarted,Object notstarted,Object notstarted,Object notstarted,Object notstarted,Object notstarted
2024-02-19 19:07:21,117.117,__main___datalogs,INFO,JoyConState.USE_SNS,-6.587500,12.362500,-182.000000,6.344217,0.034330,0.011443,0.004577,19.000000,0.000000,0.000000,0.000000,0,0,0,0,0,0,0,0,0,0,0,0.045257568359375,-0.010467529296875,-20.0,-20.0,0.0,20.0,0.0,0.0,0.0,-20.0,Object notstarted,Object notstarted,Object notstarted,Object notstarted,Object notstarted,Object notstarted,Object notstarted,Object notstarted,Object notstarted
2024-02-19 19:07:21,177.177,__main___datalogs,INFO,JoyConState.USE_SNS,-6.587500,12.362500,-182.000000,8.442936,0.029753,0.006866,0.004577,19.000000,0.000000,0.000000,0.000000,0,0,0,0,0,0,0,0,0,0,0,0.045257568359375,-0.010467529296875,-20.0,-20.0,0.0,20.0,0.0,0.0,0.0,-20.0,Object notstarted,Object notstarted,Object notstarted,Object notstarted,Object notstarted,Object notstarted,Object notstarted,Object notstarted,Object notstarted
2024-02-19 19:07:21,237.237,__main___datalogs,INFO,JoyConState.USE_SNS,-6.587500,12.362500,-182.000000,7.097193,0.029753,0.006866,0.004577,19.000000,0.000000,0.000000,0.000000,0,0,0,0,0,0,0,0,0,0,0,0.045257568359375,-0.010467529296875,-20.0,-20.0,0.0,20.0,0.0,0.0,0.0,-20.0,Object notstarted,Object notstarted,Object notstarted,Object notstarted,Object notstarted,Object notstarted,Object notstarted,Object notstarted,Object notstarted
2024-02-19 19:07:21,278.278,__main___datalogs,INFO,JoyConState.USE_SNS,-6.587500,12.362500,-182.000000,7.122368,0.029753,0.006866,0.000000,19.000000,0.000000,0.000000,0.000000,0,0,0,0,0,0,0,0,0,0,0,0.045257568359375,-0.010467529296875,-20.0,-20.0,0.0,20.0,0.0,0.0,0.0,-20.0,Object notstarted,Object notstarted,Object notstarted,Object notstarted,Object notstarted,Object notstarted,Object notstarted,Object notstarted,Object notstarted
2024-02-19 19:07:21,320.320,__main___datalogs,INFO,JoyConState.USE_SNS,-6.587500,12.362500,-182.000000,8.470400,0.029753,0.002289,0.000000,19.000000,0.000000,0.000000,0.000000,0,0,0,0,0,0,0,0,0,0,0,0.045257568359375,-0.010467529296875,-20.0,-20.0,0.0,20.0,0.0,0.0,0.0,-20.0,Object notstarted,Object notstarted,Object notstarted,Object notstarted,Object notstarted,Object notstarted,Object notstarted,Object notstarted,Object notstarted
2024-02-19 19:07:21,361.361,__main___datalogs,INFO,JoyConState.USE_SNS,-6.587500,12.362500,-182.000000,6.229783,0.029753,0.006866,0.000000,19.000000,0.000000,0.000000,0.000000,0,0,0,0,0,0,0,0,0,0,0,0.045257568359375,-0.010467529296875,-20.0,-20.0,0.0,20.0,0.0,0.0,0.0,-20.0,Object notstarted,Object notstarted,Object notstarted,Object notstarted,Object notstarted,Object notstarted,Object notstarted,Object notstarted,Object notstarted
2024-02-19 19:07:21,403.403,__main___datalogs,INFO,JoyConState.USE_SNS,-6.587500,12.362500,-182.000000,5.176991,0.029753,0.006866,0.000000,19.000000,0.000000,0.000000,0.000000,0,0,0,0,0,0,0,0,0,0,0,0.045257568359375,-0.010467529296875,-20.0,-20.0,0.0,20.0,0.0,0.0,0.0,-20.0,Object notstarted,Object notstarted,Object notstarted,Object notstarted,Object notstarted,Object notstarted,Object notstarted,Object notstarted,Object notstarted
2024-02-19 19:07:21,444.444,__main___datalogs,INFO,JoyConState.USE_SNS,-6.587500,12.362500,-182.000000,8.204913,0.034330,0.006866,0.000000,19.000000,0.000000,0.000000,0.000000,0,0,0,0,0,0,0,0,0,0,0,0.045257568359375,-0.010467529296875,-20.0,-20.0,0.0,20.0,0.0,0.0,0.0,-20.0,Object notstarted,Object notstarted,Object notstarted,Object notstarted,Object notstarted,Object notstarted,Object notstarted,Object notstarted,Object notstarted
2024-02-19 19:07:21,486.486,__main___datalogs,INFO,JoyConState.USE_SNS,-6.587500,12.362500,-182.000000,8.204913,0.034330,0.006866,0.000000,19.000000,0.000000,0.000000,0.000000,0,0,0,0,0,0,0,0,0,0,0,0.045257568359375,-0.010467529296875,-20.0,-20.0,0.0,20.0,0.0,0.0,0.0,-20.0,Object notstarted,Object notstarted,Object notstarted,Object notstarted,Object notstarted,Object notstarted,Object notstarted,Object notstarted,Object notstarted
2024-02-19 19:07:21,526.526,__main___datalogs,INFO,JoyConState.USE_SNS,-6.587500,12.362500,-182.000000,5.772048,0.034330,0.006866,0.004577,19.000000,0.000000,0.000000,0.000000,0,0,0,0,0,0,0,0,0,0,0,0.045257568359375,-0.010467529296875,-20.0,-20.0,0.0,20.0,0.0,0.0,0.0,-20.0,Object notstarted,Object notstarted,Object notstarted,Object notstarted,Object notstarted,Object notstarted,Object notstarted,Object notstarted,Object notstarted
2024-02-19 19:07:21,568.568,__main___datalogs,INFO,JoyConState.USE_SNS,-6.587500,12.362500,-182.000000,7.085750,0.034330,0.006866,0.004577,19.000000,0.000000,0.000000,0.000000,0,0,0,0,0,0,0,0,0,0,0,0.045257568359375,-0.010467529296875,-20.0,-20.0,0.0,20.0,0.0,0.0,0.0,-20.0,Object notstarted,Object notstarted,Object notstarted,Object notstarted,Object notstarted,Object notstarted,Object notstarted,Object notstarted,Object notstarted
2024-02-19 19:07:21,608.608,__main___datalogs,INFO,JoyConState.USE_SNS,-6.587500,12.362500,-182.000000,8.605432,0.034330,0.011443,0.004577,19.000000,0.000000,0.000000,0.000000,0,0,0,0,0,0,0,0,0,0,0,0.045257568359375,-0.010467529296875,-20.0,-20.0,0.0,20.0,0.0,0.0,0.0,-20.0,Object notstarted,Object notstarted,Object notstarted,Object notstarted,Object notstarted,Object notstarted,Object notstarted,Object notstarted,Object notstarted
2024-02-19 19:07:21,648.648,__main___datalogs,INFO,JoyConState.USE_SNS,-6.587500,12.362500,-182.000000,7.227648,0.034330,0.006866,0.004577,19.000000,0.000000,0.000000,0.000000,0,0,0,0,0,0,0,0,0,0,0,0.045257568359375,-0.010467529296875,-20.0,-20.0,0.0,20.0,0.0,0.0,0.0,-20.0,Object notstarted,Object notstarted,Object notstarted,Object notstarted,Object notstarted,Object notstarted,Object notstarted,Object notstarted,Object notstarted
2024-02-19 19:07:21,688.688,__main___datalogs,INFO,JoyConState.USE_SNS,-6.587500,12.362500,-182.000000,5.128929,0.038908,0.006866,0.004577,19.000000,0.000000,0.000000,0.000000,0,0,0,0,0,0,0,0,0,0,0,0.045257568359375,-0.010467529296875,-20.0,-20.0,0.0,20.0,0.0,0.0,0.0,-20.0,Object notstarted,Object notstarted,Object notstarted,Object notstarted,Object notstarted,Object notstarted,Object notstarted,Object notstarted,Object notstarted
2024-02-19 19:07:21,730.730,__main___datalogs,INFO,JoyConState.USE_SNS,-6.587500,12.362500,-182.000000,7.209338,0.038908,0.002289,0.004577,19.000000,0.000000,0.000000,0.000000,0,0,0,0,0,0,0,0,0,0,0,0.045257568359375,-0.010467529296875,-20.0,-20.0,0.0,20.0,0.0,0.0,0.0,-20.0,Object notstarted,Object notstarted,Object notstarted,Object notstarted,Object notstarted,Object notstarted,Object notstarted,Object notstarted,Object notstarted
2024-02-19 19:07:21,771.771,__main___datalogs,INFO,JoyConState.USE_SNS,-6.587500,12.362500,-182.000000,8.571102,0.029753,0.006866,0.004577,19.000000,0.000000,0.000000,0.000000,0,0,0,0,0,0,0,0,0,0,0,0.045257568359375,-0.010467529296875,-20.0,-20.0,0.0,20.0,0.0,0.0,0.0,-20.0,Object notstarted,Object notstarted,Object notstarted,Object notstarted,Object notstarted,Object notstarted,Object notstarted,Object notstarted,Object notstarted
2024-02-19 19:07:21,814.814,__main___datalogs,INFO,JoyConState.USE_SNS,-6.587500,12.362500,-182.000000,8.326213,0.029753,0.006866,0.004577,19.000000,0.000000,0.000000,0.000000,0,0,0,0,0,0,0,0,0,0,0,0.045257568359375,-0.010467529296875,-20.0,-20.0,0.0,20.0,0.0,0.0,0.0,-20.0,Object notstarted,Object notstarted,Object notstarted,Object notstarted,Object notstarted,Object notstarted,Object notstarted,Object notstarted,Object notstarted
2024-02-19 19:07:21,854.854,__main___datalogs,INFO,JoyConState.USE_SNS,-6.587500,12.362500,-182.000000,6.403723,0.029753,0.006866,0.004577,19.000000,0.000000,0.000000,0.000000,0,0,0,0,0,0,0,0,0,0,0,0.045257568359375,-0.010467529296875,-20.0,-20.0,0.0,20.0,0.0,0.0,0.0,-20.0,Object notstarted,Object notstarted,Object notstarted,Object notstarted,Object notstarted,Object notstarted,Object notstarted,Object notstarted,Object notstarted
2024-02-19 19:07:21,894.894,__main___datalogs,INFO,JoyConState.USE_SNS,-6.587500,12.362500,-182.000000,7.955447,0.029753,0.006866,0.004577,19.000000,0.000000,0.000000,0.000000,0,0,0,0,0,0,0,0,0,0,0,0.045257568359375,-0.010467529296875,-20.0,-20.0,0.0,20.0,0.0,0.0,0.0,-20.0,Object notstarted,Object notstarted,Object notstarted,Object notstarted,Object notstarted,Object notstarted,Object notstarted,Object notstarted,Object notstarted
2024-02-19 19:07:21,938.938,__main___datalogs,INFO,JoyConState.USE_SNS,-6.587500,12.362500,-182.000000,8.536772,0.034330,0.006866,0.006866,19.000000,0.000000,0.000000,0.000000,0,0,0,0,0,0,0,0,0,0,0,0.045257568359375,-0.010467529296875,-20.0,-20.0,0.0,20.0,0.0,0.0,0.0,-20.0,Object notstarted,Object notstarted,Object notstarted,Object notstarted,Object notstarted,Object notstarted,Object notstarted,Object notstarted,Object notstarted
2024-02-19 19:07:21,981.981,__main___datalogs,INFO,JoyConState.USE_SNS,-6.587500,12.362500,-182.000000,6.476961,0.025175,0.002289,0.004577,19.000000,0.000000,0.000000,0.000000,0,0,0,0,0,0,0,0,0,0,0,0.045257568359375,-0.010467529296875,-20.0,-20.0,0.0,20.0,0.0,0.0,0.0,-20.0,Object notstarted,Object notstarted,Object notstarted,Object notstarted,Object notstarted,Object notstarted,Object notstarted,Object notstarted,Object notstarted
2024-02-19 19:07:22,022.022,__main___datalogs,INFO,JoyConState.USE_SNS,-6.587500,12.362500,-182.000000,8.191181,0.029753,0.011443,0.004577,19.000000,0.000000,0.000000,0.000000,0,0,0,0,0,0,0,0,0,0,0,0.045257568359375,-0.010467529296875,-20.0,-20.0,0.0,20.0,0.0,0.0,0.0,-20.0,Object notstarted,Object notstarted,Object notstarted,Object notstarted,Object notstarted,Object notstarted,Object notstarted,Object notstarted,Object notstarted
2024-02-19 19:07:22,064.064,__main___datalogs,INFO,JoyConState.USE_SNS,-6.587500,12.362500,-182.000000,8.710711,0.029753,0.006866,0.004577,19.000000,0.000000,0.000000,0.000000,0,0,0,0,0,0,0,0,0,0,0,0.045257568359375,-0.010467529296875,-20.0,-20.0,0.0,20.0,0.0,0.0,0.0,-20.0,Object notstarted,Object notstarted,Object notstarted,Object notstarted,Object notstarted,Object notstarted,Object notstarted,Object notstarted,Object notstarted
2024-02-19 19:07:22,105.105,__main___datalogs,INFO,JoyConState.USE_SNS,-6.587500,12.362500,-182.000000,5.616418,0.029753,0.006866,0.004577,19.000000,0.000000,0.000000,0.000000,0,0,0,0,0,0,0,0,0,0,0,0.045257568359375,-0.010467529296875,-20.0,-20.0,0.0,20.0,0.0,0.0,0.0,-20.0,Object notstarted,Object notstarted,Object notstarted,Object notstarted,Object notstarted,Object notstarted,Object notstarted,Object notstarted,Object notstarted
2024-02-19 19:07:22,148.148,__main___datalogs,INFO,JoyConState.USE_SNS,-6.587500,12.362500,-182.000000,7.218493,0.029753,0.006866,0.004577,19.000000,0.000000,0.000000,0.000000,0,0,0,0,0,0,0,0,0,0,0,0.045257568359375,-0.010467529296875,-20.0,-20.0,0.0,20.0,0.0,0.0,0.0,-20.0,Object notstarted,Object notstarted,Object notstarted,Object notstarted,Object notstarted,Object notstarted,Object notstarted,Object notstarted,Object notstarted
2024-02-19 19:07:22,188.188,__main___datalogs,INFO,JoyConState.USE_SNS,-6.587500,12.362500,-182.000000,8.708423,0.029753,0.006866,0.004577,19.000000,0.000000,0.000000,0.000000,0,0,0,0,0,0,0,0,0,0,0,0.045257568359375,-0.010467529296875,-20.0,-20.0,0.0,20.0,0.0,0.0,0.0,-20.0,Object notstarted,Object notstarted,Object notstarted,Object notstarted,Object notstarted,Object notstarted,Object notstarted,Object notstarted,Object notstarted
2024-02-19 19:07:22,235.235,__main___datalogs,INFO,JoyConState.USE_SNS,-6.587500,12.362500,-182.000000,6.614282,0.029753,0.006866,0.000000,19.000000,0.000000,0.000000,0.000000,0,0,0,0,0,0,0,0,0,0,0,0.045257568359375,-0.010467529296875,-20.0,-20.0,0.0,20.0,0.0,0.0,0.0,-20.0,Object notstarted,Object notstarted,Object notstarted,Object notstarted,Object notstarted,Object notstarted,Object notstarted,Object notstarted,Object notstarted
2024-02-19 19:07:22,276.276,__main___datalogs,INFO,JoyConState.USE_SNS,-6.587500,12.362500,-182.000000,7.914251,0.029753,0.006866,0.000000,19.000000,0.000000,0.000000,0.000000,0,0,0,0,0,0,0,0,0,0,0,0.045257568359375,-0.010467529296875,-20.0,-20.0,0.0,20.0,0.0,0.0,0.0,-20.0,Object notstarted,Object notstarted,Object notstarted,Object notstarted,Object notstarted,Object notstarted,Object notstarted,Object notstarted,Object notstarted
2024-02-19 19:07:22,318.318,__main___datalogs,INFO,JoyConState.USE_SNS,-6.587500,12.362500,-182.000000,7.914251,0.029753,0.006866,0.000000,19.000000,0.000000,0.000000,0.000000,0,0,0,0,0,0,0,0,0,0,0,0.045257568359375,-0.010467529296875,-20.0,-20.0,0.0,20.0,0.0,0.0,0.0,-20.0,Object notstarted,Object notstarted,Object notstarted,Object notstarted,Object notstarted,Object notstarted,Object notstarted,Object notstarted,Object notstarted
2024-02-19 19:07:22,359.359,__main___datalogs,INFO,JoyConState.USE_SNS,-6.587500,12.362500,-182.000000,5.350931,0.029753,0.006866,0.004577,19.000000,0.000000,0.000000,0.000000,0,0,0,0,0,0,0,0,0,0,0,0.045257568359375,-0.010467529296875,-20.0,-20.0,0.0,20.0,0.0,0.0,0.0,-20.0,Object notstarted,Object notstarted,Object notstarted,Object notstarted,Object notstarted,Object notstarted,Object notstarted,Object notstarted,Object notstarted
2024-02-19 19:07:22,398.398,__main___datalogs,INFO,JoyConState.USE_SNS,-6.587500,12.362500,-182.000000,7.641898,0.029753,0.002289,0.004577,19.000000,0.000000,0.000000,0.000000,0,0,0,0,0,0,0,0,0,0,0,0.045257568359375,-0.010467529296875,-20.0,-20.0,0.0,20.0,0.0,0.0,0.0,-20.0,Object notstarted,Object notstarted,Object notstarted,Object notstarted,Object notstarted,Object notstarted,Object notstarted,Object notstarted,Object notstarted
2024-02-19 19:07:22,438.438,__main___datalogs,INFO,JoyConState.USE_SNS,-6.587500,12.362500,-182.000000,8.612298,0.034330,0.006866,-0.004577,19.000000,0.000000,0.000000,0.000000,0,0,0,0,0,0,0,0,0,0,0,0.045257568359375,-0.010467529296875,-20.0,-20.0,0.0,20.0,0.0,0.0,0.0,-20.0,Object notstarted,Object notstarted,Object notstarted,Object notstarted,Object notstarted,Object notstarted,Object notstarted,Object notstarted,Object notstarted
2024-02-19 19:07:22,480.480,__main___datalogs,INFO,JoyConState.USE_SNS,-6.587500,12.362500,-182.000000,7.303174,0.038908,0.006866,0.000000,19.000000,0.000000,0.000000,0.000000,0,0,0,0,0,0,0,0,0,0,0,0.045257568359375,-0.010467529296875,-20.0,-20.0,0.0,20.0,0.0,0.0,0.0,-20.0,Object notstarted,Object notstarted,Object notstarted,Object notstarted,Object notstarted,Object notstarted,Object notstarted,Object notstarted,Object notstarted
2024-02-19 19:07:22,519.519,__main___datalogs,INFO,JoyConState.USE_SNS,-6.587500,12.362500,-182.000000,7.163565,0.038908,0.006866,0.000000,19.000000,0.000000,0.000000,0.000000,0,0,0,0,0,0,0,0,0,0,0,0.045257568359375,-0.010467529296875,-20.0,-20.0,0.0,20.0,0.0,0.0,0.0,-20.0,Object notstarted,Object notstarted,Object notstarted,Object notstarted,Object notstarted,Object notstarted,Object notstarted,Object notstarted,Object notstarted
2024-02-19 19:07:22,561.561,__main___datalogs,INFO,JoyConState.USE_SNS,-6.587500,12.362500,-182.000000,8.353677,0.034330,0.006866,0.004577,19.000000,0.000000,0.000000,0.000000,0,0,0,0,0,0,0,0,0,0,0,0.045257568359375,-0.010467529296875,-20.0,-20.0,0.0,20.0,0.0,0.0,0.0,-20.0,Object notstarted,Object notstarted,Object notstarted,Object notstarted,Object notstarted,Object notstarted,Object notstarted,Object notstarted,Object notstarted
2024-02-19 19:07:22,601.601,__main___datalogs,INFO,JoyConState.USE_SNS,-6.587500,12.362500,-182.000000,6.531889,0.029753,0.006866,0.004577,19.000000,0.000000,0.000000,0.000000,0,0,0,0,0,0,0,0,0,0,0,0.045257568359375,-0.010467529296875,-20.0,-20.0,0.0,20.0,0.0,0.0,0.0,-20.0,Object notstarted,Object notstarted,Object notstarted,Object notstarted,Object notstarted,Object notstarted,Object notstarted,Object notstarted,Object notstarted
2024-02-19 19:07:22,642.642,__main___datalogs,INFO,JoyConState.USE_SNS,-6.587500,12.362500,-182.000000,6.021514,0.034330,0.006866,0.004577,19.000000,0.000000,0.000000,0.000000,0,0,0,0,0,0,0,0,0,0,0,0.045257568359375,-0.010467529296875,-20.0,-20.0,0.0,20.0,0.0,0.0,0.0,-20.0,Object notstarted,Object notstarted,Object notstarted,Object notstarted,Object notstarted,Object notstarted,Object notstarted,Object notstarted,Object notstarted
2024-02-19 19:07:22,682.682,__main___datalogs,INFO,JoyConState.USE_SNS,-6.587500,12.362500,-182.000000,8.481843,0.038908,0.006866,0.006866,19.000000,0.000000,0.000000,0.000000,0,0,0,0,0,0,0,0,0,0,0,0.045257568359375,-0.010467529296875,-20.0,-20.0,0.0,20.0,0.0,0.0,0.0,-20.0,Object notstarted,Object notstarted,Object notstarted,Object notstarted,Object notstarted,Object notstarted,Object notstarted,Object notstarted,Object notstarted
2024-02-19 19:07:22,723.723,__main___datalogs,INFO,JoyConState.USE_SNS,-6.587500,12.362500,-182.000000,8.307903,0.034330,0.011443,0.004577,19.000000,0.000000,0.000000,0.000000,0,0,0,0,0,0,0,0,0,0,0,0.045257568359375,-0.010467529296875,-20.0,-20.0,0.0,20.0,0.0,0.0,0.0,-20.0,Object notstarted,Object notstarted,Object notstarted,Object notstarted,Object notstarted,Object notstarted,Object notstarted,Object notstarted,Object notstarted
2024-02-19 19:07:22,763.763,__main___datalogs,INFO,JoyConState.USE_SNS,-6.587500,12.362500,-182.000000,6.289289,0.034330,0.006866,0.000000,19.000000,0.000000,0.000000,0.000000,0,0,0,0,0,0,0,0,0,0,0,0.045257568359375,-0.010467529296875,-20.0,-20.0,0.0,20.0,0.0,0.0,0.0,-20.0,Object notstarted,Object notstarted,Object notstarted,Object notstarted,Object notstarted,Object notstarted,Object notstarted,Object notstarted,Object notstarted
2024-02-19 19:07:22,805.805,__main___datalogs,INFO,JoyConState.USE_SNS,-6.587500,12.362500,-182.000000,7.978333,0.034330,0.006866,0.000000,19.000000,0.000000,0.000000,0.000000,0,0,0,0,0,0,0,0,0,0,0,0.045257568359375,-0.010467529296875,-20.0,-20.0,0.0,20.0,0.0,0.0,0.0,-20.0,Object notstarted,Object notstarted,Object notstarted,Object notstarted,Object notstarted,Object notstarted,Object notstarted,Object notstarted,Object notstarted
2024-02-19 19:07:22,844.844,__main___datalogs,INFO,JoyConState.USE_SNS,-6.587500,12.362500,-182.000000,7.911963,0.029753,0.006866,0.004577,19.000000,0.000000,0.000000,0.000000,0,0,0,0,0,0,0,0,0,0,0,0.045257568359375,-0.010467529296875,-20.0,-20.0,0.0,20.0,0.0,0.0,0.0,-20.0,Object notstarted,Object notstarted,Object notstarted,Object notstarted,Object notstarted,Object notstarted,Object notstarted,Object notstarted,Object notstarted
2024-02-19 19:07:22,884.884,__main___datalogs,INFO,JoyConState.USE_SNS,-6.587500,12.362500,-182.000000,5.598108,0.034330,0.006866,0.004577,19.000000,0.000000,0.000000,0.000000,0,0,0,0,0,0,0,0,0,0,0,0.045257568359375,-0.010467529296875,-20.0,-20.0,0.0,20.0,0.0,0.0,0.0,-20.0,Object notstarted,Object notstarted,Object notstarted,Object notstarted,Object notstarted,Object notstarted,Object notstarted,Object notstarted,Object notstarted
2024-02-19 19:07:22,924.924,__main___datalogs,INFO,JoyConState.USE_SNS,-6.587500,12.362500,-182.000000,8.008087,0.034330,0.006866,0.004577,19.000000,0.000000,0.000000,0.000000,0,0,0,0,0,0,0,0,0,0,0,0.045257568359375,-0.010467529296875,-20.0,-20.0,0.0,20.0,0.0,0.0,0.0,-20.0,Object notstarted,Object notstarted,Object notstarted,Object notstarted,Object notstarted,Object notstarted,Object notstarted,Object notstarted,Object notstarted
2024-02-19 19:07:22,966.966,__main___datalogs,INFO,JoyConState.USE_SNS,-6.587500,12.362500,-182.000000,8.623741,0.038908,0.006866,0.004577,19.000000,0.000000,0.000000,0.000000,0,0,0,0,0,0,0,0,0,0,0,0.045257568359375,-0.010467529296875,-20.0,-20.0,0.0,20.0,0.0,0.0,0.0,-20.0,Object notstarted,Object notstarted,Object notstarted,Object notstarted,Object notstarted,Object notstarted,Object notstarted,Object notstarted,Object notstarted
2024-02-19 19:07:23,007.007,__main___datalogs,INFO,JoyConState.USE_SNS,-6.587500,12.362500,-182.000000,5.900213,0.038908,0.006866,0.004577,19.000000,0.000000,0.000000,0.000000,0,0,0,0,0,0,0,0,0,0,0,0.045257568359375,-0.010467529296875,-20.0,-20.0,0.0,20.0,0.0,0.0,0.0,-20.0,Object notstarted,Object notstarted,Object notstarted,Object notstarted,Object notstarted,Object notstarted,Object notstarted,Object notstarted,Object notstarted
2024-02-19 19:07:23,048.048,__main___datalogs,INFO,JoyConState.USE_SNS,-6.587500,12.362500,-182.000000,7.225359,0.038908,0.006866,0.004577,19.000000,0.000000,0.000000,0.000000,0,0,0,0,0,0,0,0,0,0,0,0.045257568359375,-0.010467529296875,-20.0,-20.0,0.0,20.0,0.0,0.0,0.0,-20.0,Object notstarted,Object notstarted,Object notstarted,Object notstarted,Object notstarted,Object notstarted,Object notstarted,Object notstarted,Object notstarted
2024-02-19 19:07:23,089.089,__main___datalogs,INFO,JoyConState.USE_SNS,-6.587500,12.362500,-182.000000,7.225359,0.038908,0.006866,0.004577,19.000000,0.000000,0.000000,0.000000,0,0,0,0,0,0,0,0,0,0,0,0.045257568359375,-0.010467529296875,-20.0,-20.0,0.0,20.0,0.0,0.0,0.0,-20.0,Object notstarted,Object notstarted,Object notstarted,Object notstarted,Object notstarted,Object notstarted,Object notstarted,Object notstarted,Object notstarted
2024-02-19 19:07:23,130.130,__main___datalogs,INFO,JoyConState.USE_SNS,-6.587500,12.362500,-182.000000,7.092615,0.038908,0.006866,0.000000,19.000000,0.000000,0.000000,0.000000,0,0,0,0,0,0,0,0,0,0,0,0.045257568359375,-0.010467529296875,-20.0,-20.0,0.0,20.0,0.0,0.0,0.0,-20.0,Object notstarted,Object notstarted,Object notstarted,Object notstarted,Object notstarted,Object notstarted,Object notstarted,Object notstarted,Object notstarted
2024-02-19 19:07:23,170.170,__main___datalogs,INFO,JoyConState.USE_SNS,-6.587500,12.362500,-182.000000,7.248245,0.029753,0.011443,0.004577,19.000000,0.000000,0.000000,0.000000,0,0,0,0,0,0,0,0,0,0,0,0.045257568359375,-0.010467529296875,-20.0,-20.0,0.0,20.0,0.0,0.0,0.0,-20.0,Object notstarted,Object notstarted,Object notstarted,Object notstarted,Object notstarted,Object notstarted,Object notstarted,Object notstarted,Object notstarted
2024-02-19 19:07:23,211.211,__main___datalogs,INFO,JoyConState.USE_SNS,-6.587500,12.362500,-182.000000,8.335368,0.038908,0.006866,0.004577,19.000000,0.000000,0.000000,0.000000,0,0,0,0,0,0,0,0,0,0,0,0.045257568359375,-0.010467529296875,-20.0,-20.0,0.0,20.0,0.0,0.0,0.0,-20.0,Object notstarted,Object notstarted,Object notstarted,Object notstarted,Object notstarted,Object notstarted,Object notstarted,Object notstarted,Object notstarted
2024-02-19 19:07:23,251.251,__main___datalogs,INFO,JoyConState.USE_SNS,-6.587500,12.362500,-182.000000,6.632591,0.038908,0.006866,0.004577,19.000000,0.000000,0.000000,0.000000,0,0,0,0,0,0,0,0,0,0,0,0.045257568359375,-0.010467529296875,-20.0,-20.0,0.0,20.0,0.0,0.0,0.0,-20.0,Object notstarted,Object notstarted,Object notstarted,Object notstarted,Object notstarted,Object notstarted,Object notstarted,Object notstarted,Object notstarted
2024-02-19 19:07:23,292.292,__main___datalogs,INFO,JoyConState.USE_SNS,-6.587500,12.362500,-182.000000,5.593531,0.038908,0.006866,0.004577,19.000000,0.000000,0.000000,0.000000,0,0,0,0,0,0,0,0,0,0,0,0.045257568359375,-0.010467529296875,-20.0,-20.0,0.0,20.0,0.0,0.0,0.0,-20.0,Object notstarted,Object notstarted,Object notstarted,Object notstarted,Object notstarted,Object notstarted,Object notstarted,Object notstarted,Object notstarted
2024-02-19 19:07:23,334.334,__main___datalogs,INFO,JoyConState.USE_SNS,-6.587500,12.362500,-182.000000,8.500153,0.038908,0.006866,0.000000,19.000000,0.000000,0.000000,0.000000,0,0,0,0,0,0,0,0,0,0,0,0.045257568359375,-0.010467529296875,-20.0,-20.0,0.0,20.0,0.0,0.0,0.0,-20.0,Object notstarted,Object notstarted,Object notstarted,Object notstarted,Object notstarted,Object notstarted,Object notstarted,Object notstarted,Object notstarted
2024-02-19 19:07:23,378.378,__main___datalogs,INFO,JoyConState.USE_SNS,-6.587500,12.362500,-182.000000,7.502289,0.034330,0.006866,0.000000,19.000000,0.000000,0.000000,0.000000,0,0,0,0,0,0,0,0,0,0,0,0.045257568359375,-0.010467529296875,-20.0,-20.0,0.0,20.0,0.0,0.0,0.0,-20.0,Object notstarted,Object notstarted,Object notstarted,Object notstarted,Object notstarted,Object notstarted,Object notstarted,Object notstarted,Object notstarted
2024-02-19 19:07:23,419.419,__main___datalogs,INFO,JoyConState.USE_SNS,-6.587500,12.362500,-182.000000,7.495422,0.034330,0.006866,0.000000,19.000000,0.000000,0.000000,0.000000,0,0,0,0,0,0,0,0,0,0,0,0.045257568359375,-0.010467529296875,-20.0,-20.0,0.0,20.0,0.0,0.0,0.0,-20.0,Object notstarted,Object notstarted,Object notstarted,Object notstarted,Object notstarted,Object notstarted,Object notstarted,Object notstarted,Object notstarted
2024-02-19 19:07:23,461.461,__main___datalogs,INFO,JoyConState.USE_SNS,-6.587500,12.362500,-182.000000,7.495422,0.034330,0.006866,0.000000,19.000000,0.000000,0.000000,0.000000,0,0,0,0,0,0,0,0,0,0,0,0.045257568359375,-0.010467529296875,-20.0,-20.0,0.0,20.0,0.0,0.0,0.0,-20.0,Object notstarted,Object notstarted,Object notstarted,Object notstarted,Object notstarted,Object notstarted,Object notstarted,Object notstarted,Object notstarted
2024-02-19 19:07:23,501.501,__main___datalogs,INFO,JoyConState.USE_SNS,-6.587500,12.362500,-182.000000,5.518004,0.034330,0.006866,0.000000,19.000000,0.000000,0.000000,0.000000,0,0,0,0,0,0,0,0,0,0,0,0.045257568359375,-0.010467529296875,-20.0,-20.0,0.0,20.0,0.0,0.0,0.0,-20.0,Object notstarted,Object notstarted,Object notstarted,Object notstarted,Object notstarted,Object notstarted,Object notstarted,Object notstarted,Object notstarted
2024-02-19 19:07:23,544.544,__main___datalogs,INFO,JoyConState.USE_SNS,-6.587500,12.362500,-182.000000,7.621300,0.034330,0.006866,0.000000,19.000000,0.000000,0.000000,0.000000,0,0,0,0,0,0,0,0,0,0,0,0.045257568359375,-0.010467529296875,-20.0,-20.0,0.0,20.0,0.0,0.0,0.0,-20.0,Object notstarted,Object notstarted,Object notstarted,Object notstarted,Object notstarted,Object notstarted,Object notstarted,Object notstarted,Object notstarted
2024-02-19 19:07:23,584.584,__main___datalogs,INFO,JoyConState.USE_SNS,-6.587500,12.362500,-182.000000,7.621300,0.034330,0.006866,0.000000,19.000000,0.000000,0.000000,0.000000,0,0,0,0,0,0,0,0,0,0,0,0.045257568359375,-0.010467529296875,-20.0,-20.0,0.0,20.0,0.0,0.0,0.0,-20.0,Object notstarted,Object notstarted,Object notstarted,Object notstarted,Object notstarted,Object notstarted,Object notstarted,Object notstarted,Object notstarted
2024-02-19 19:07:23,626.626,__main___datalogs,INFO,JoyConState.USE_SNS,-6.587500,12.362500,-182.000000,5.900213,0.034330,0.006866,0.004577,19.000000,0.000000,0.000000,0.000000,0,0,0,0,0,0,0,0,0,0,0,0.045257568359375,-0.010467529296875,-20.0,-20.0,0.0,20.0,0.0,0.0,0.0,-20.0,Object notstarted,Object notstarted,Object notstarted,Object notstarted,Object notstarted,Object notstarted,Object notstarted,Object notstarted,Object notstarted
2024-02-19 19:07:23,667.667,__main___datalogs,INFO,JoyConState.USE_SNS,-6.587500,12.362500,-182.000000,7.232224,0.029753,0.011443,0.004577,19.000000,0.000000,0.000000,0.000000,0,0,0,0,0,0,0,0,0,0,0,0.045257568359375,-0.010467529296875,-20.0,-20.0,0.0,20.0,0.0,0.0,0.0,-20.0,Object notstarted,Object notstarted,Object notstarted,Object notstarted,Object notstarted,Object notstarted,Object notstarted,Object notstarted,Object notstarted
2024-02-19 19:07:23,710.710,__main___datalogs,INFO,JoyConState.USE_SNS,-6.587500,12.362500,-182.000000,8.312481,0.029753,0.011443,0.004577,19.000000,0.000000,0.000000,0.000000,0,0,0,0,0,0,0,0,0,0,0,0.045257568359375,-0.010467529296875,-20.0,-20.0,0.0,20.0,0.0,0.0,0.0,-20.0,Object notstarted,Object notstarted,Object notstarted,Object notstarted,Object notstarted,Object notstarted,Object notstarted,Object notstarted,Object notstarted
2024-02-19 19:07:23,750.750,__main___datalogs,INFO,JoyConState.USE_SNS,-6.587500,12.362500,-182.000000,6.383125,0.034330,0.006866,0.000000,19.000000,0.000000,0.000000,0.000000,0,0,0,0,0,0,0,0,0,0,0,0.045257568359375,-0.010467529296875,-20.0,-20.0,0.0,20.0,0.0,0.0,0.0,-20.0,Object notstarted,Object notstarted,Object notstarted,Object notstarted,Object notstarted,Object notstarted,Object notstarted,Object notstarted,Object notstarted
2024-02-19 19:07:23,793.793,__main___datalogs,INFO,JoyConState.USE_SNS,-6.587500,12.362500,-182.000000,6.392280,0.034330,0.011443,0.000000,19.000000,0.000000,0.000000,0.000000,0,0,0,0,0,0,0,0,0,0,0,0.045257568359375,-0.010467529296875,-20.0,-20.0,0.0,20.0,0.0,0.0,0.0,-20.0,Object notstarted,Object notstarted,Object notstarted,Object notstarted,Object notstarted,Object notstarted,Object notstarted,Object notstarted,Object notstarted
2024-02-19 19:07:23,835.835,__main___datalogs,INFO,JoyConState.USE_SNS,-6.587500,12.362500,-182.000000,8.477266,0.034330,0.011443,0.000000,19.000000,0.000000,0.000000,0.000000,0,0,0,0,0,0,0,0,0,0,0,0.045257568359375,-0.010467529296875,-20.0,-20.0,0.0,20.0,0.0,0.0,0.0,-20.0,Object notstarted,Object notstarted,Object notstarted,Object notstarted,Object notstarted,Object notstarted,Object notstarted,Object notstarted,Object notstarted
2024-02-19 19:07:23,877.877,__main___datalogs,INFO,JoyConState.USE_SNS,-6.587500,12.362500,-182.000000,7.399299,0.034330,0.011443,0.000000,19.000000,0.000000,0.000000,0.000000,0,0,0,0,0,0,0,0,0,0,0,0.045257568359375,-0.010467529296875,-20.0,-20.0,0.0,20.0,0.0,0.0,0.0,-20.0,Object notstarted,Object notstarted,Object notstarted,Object notstarted,Object notstarted,Object notstarted,Object notstarted,Object notstarted,Object notstarted
2024-02-19 19:07:23,919.919,__main___datalogs,INFO,JoyConState.USE_SNS,-6.587500,12.362500,-182.000000,5.568356,0.034330,0.006866,0.000000,19.000000,0.000000,0.000000,0.000000,0,0,0,0,0,0,0,0,0,0,0,0.045257568359375,-0.010467529296875,-20.0,-20.0,0.0,20.0,0.0,0.0,0.0,-20.0,Object notstarted,Object notstarted,Object notstarted,Object notstarted,Object notstarted,Object notstarted,Object notstarted,Object notstarted,Object notstarted
2024-02-19 19:07:23,961.961,__main___datalogs,INFO,JoyConState.USE_SNS,-6.587500,12.362500,-182.000000,7.948581,0.034330,0.011443,0.004577,19.000000,0.000000,0.000000,0.000000,0,0,0,0,0,0,0,0,0,0,0,0.045257568359375,-0.010467529296875,-20.0,-20.0,0.0,20.0,0.0,0.0,0.0,-20.0,Object notstarted,Object notstarted,Object notstarted,Object notstarted,Object notstarted,Object notstarted,Object notstarted,Object notstarted,Object notstarted
2024-02-19 19:07:24,002.002,__main___datalogs,INFO,JoyConState.USE_SNS,-6.587500,12.362500,-182.000000,8.385718,0.034330,0.011443,0.000000,19.000000,0.000000,0.000000,0.000000,0,0,0,0,0,0,0,0,0,0,0,0.045257568359375,-0.010467529296875,-20.0,-20.0,0.0,20.0,0.0,0.0,0.0,-20.0,Object notstarted,Object notstarted,Object notstarted,Object notstarted,Object notstarted,Object notstarted,Object notstarted,Object notstarted,Object notstarted
2024-02-19 19:07:24,044.044,__main___datalogs,INFO,JoyConState.USE_SNS,-6.587500,12.362500,-182.000000,5.870461,0.038908,0.006866,-0.004577,19.000000,0.000000,0.000000,0.000000,0,0,0,0,0,0,0,0,0,0,0,0.045257568359375,-0.010467529296875,-20.0,-20.0,0.0,20.0,0.0,0.0,0.0,-20.0,Object notstarted,Object notstarted,Object notstarted,Object notstarted,Object notstarted,Object notstarted,Object notstarted,Object notstarted,Object notstarted
2024-02-19 19:07:24,084.084,__main___datalogs,INFO,JoyConState.USE_SNS,-6.587500,12.362500,-182.000000,7.586970,0.029753,0.006866,0.000000,19.000000,0.000000,0.000000,0.000000,0,0,0,0,0,0,0,0,0,0,0,0.045257568359375,-0.010467529296875,-20.0,-20.0,0.0,20.0,0.0,0.0,0.0,-20.0,Object notstarted,Object notstarted,Object notstarted,Object notstarted,Object notstarted,Object notstarted,Object notstarted,Object notstarted,Object notstarted
2024-02-19 19:07:24,126.126,__main___datalogs,INFO,JoyConState.USE_SNS,-6.587500,12.362500,-182.000000,8.436069,0.034330,0.006866,0.000000,19.000000,0.000000,0.000000,0.000000,0,0,0,0,0,0,0,0,0,0,0,0.045257568359375,-0.010467529296875,-20.0,-20.0,0.0,20.0,0.0,0.0,0.0,-20.0,Object notstarted,Object notstarted,Object notstarted,Object notstarted,Object notstarted,Object notstarted,Object notstarted,Object notstarted,Object notstarted
2024-02-19 19:07:24,167.167,__main___datalogs,INFO,JoyConState.USE_SNS,-6.587500,12.362500,-182.000000,6.586818,0.034330,0.006866,0.004577,19.000000,0.000000,0.000000,0.000000,0,0,0,0,0,0,0,0,0,0,0,0.045257568359375,-0.010467529296875,-20.0,-20.0,0.0,20.0,0.0,0.0,0.0,-20.0,Object notstarted,Object notstarted,Object notstarted,Object notstarted,Object notstarted,Object notstarted,Object notstarted,Object notstarted,Object notstarted
2024-02-19 19:07:24,210.210,__main___datalogs,INFO,JoyConState.USE_SNS,-6.587500,12.362500,-182.000000,5.181568,0.034330,0.006866,0.004577,19.000000,0.000000,0.000000,0.000000,0,0,0,0,0,0,0,0,0,0,0,0.045257568359375,-0.010467529296875,-20.0,-20.0,0.0,20.0,0.0,0.0,0.0,-20.0,Object notstarted,Object notstarted,Object notstarted,Object notstarted,Object notstarted,Object notstarted,Object notstarted,Object notstarted,Object notstarted
2024-02-19 19:07:24,250.250,__main___datalogs,INFO,JoyConState.USE_SNS,-6.587500,12.362500,-182.000000,8.408606,0.038908,0.006866,0.004577,19.000000,0.000000,0.000000,0.000000,0,0,0,0,0,0,0,0,0,0,0,0.045257568359375,-0.010467529296875,-20.0,-20.0,0.0,20.0,0.0,0.0,0.0,-20.0,Object notstarted,Object notstarted,Object notstarted,Object notstarted,Object notstarted,Object notstarted,Object notstarted,Object notstarted,Object notstarted
2024-02-19 19:07:24,294.294,__main___datalogs,INFO,JoyConState.USE_SNS,-6.587500,12.362500,-182.000000,8.401739,0.038908,0.006866,0.004577,19.000000,0.000000,0.000000,0.000000,0,0,0,0,0,0,0,0,0,0,0,0.045257568359375,-0.010467529296875,-20.0,-20.0,0.0,20.0,0.0,0.0,0.0,-20.0,Object notstarted,Object notstarted,Object notstarted,Object notstarted,Object notstarted,Object notstarted,Object notstarted,Object notstarted,Object notstarted
2024-02-19 19:07:24,335.335,__main___datalogs,INFO,JoyConState.USE_SNS,-6.587500,12.362500,-182.000000,5.405859,0.034330,0.006866,0.004577,19.000000,0.000000,0.000000,0.000000,0,0,0,0,0,0,0,0,0,0,0,0.045257568359375,-0.010467529296875,-20.0,-20.0,0.0,20.0,0.0,0.0,0.0,-20.0,Object notstarted,Object notstarted,Object notstarted,Object notstarted,Object notstarted,Object notstarted,Object notstarted,Object notstarted,Object notstarted
2024-02-19 19:07:24,398.398,__main___datalogs,INFO,JoyConState.USE_SNS,-6.587500,12.362500,-182.000000,7.870766,0.038908,0.006866,0.000000,19.000000,0.000000,0.000000,0.000000,0,0,0,0,0,0,0,0,0,0,0,0.045257568359375,-0.010467529296875,-20.0,-20.0,0.0,20.0,0.0,0.0,0.0,-20.0,Object notstarted,Object notstarted,Object notstarted,Object notstarted,Object notstarted,Object notstarted,Object notstarted,Object notstarted,Object notstarted
2024-02-19 19:07:24,440.440,__main___datalogs,INFO,JoyConState.USE_SNS,-6.587500,12.362500,-182.000000,7.225359,0.038908,0.006866,0.000000,19.000000,0.000000,0.000000,0.000000,0,0,0,0,0,0,0,0,0,0,0,0.045257568359375,-0.010467529296875,-20.0,-20.0,0.0,20.0,0.0,0.0,0.0,-20.0,Object notstarted,Object notstarted,Object notstarted,Object notstarted,Object notstarted,Object notstarted,Object notstarted,Object notstarted,Object notstarted
2024-02-19 19:07:24,483.483,__main___datalogs,INFO,JoyConState.USE_SNS,-6.587500,12.362500,-182.000000,8.699267,0.034330,0.006866,0.000000,19.000000,0.000000,0.000000,0.000000,0,0,0,0,0,0,0,0,0,0,0,0.045257568359375,-0.010467529296875,-20.0,-20.0,0.0,20.0,0.0,0.0,0.0,-20.0,Object notstarted,Object notstarted,Object notstarted,Object notstarted,Object notstarted,Object notstarted,Object notstarted,Object notstarted,Object notstarted
2024-02-19 19:07:24,523.523,__main___datalogs,INFO,JoyConState.USE_SNS,-6.587500,12.362500,-182.000000,5.156393,0.034330,0.006866,0.004577,19.000000,0.000000,0.000000,0.000000,0,0,0,0,0,0,0,0,0,0,0,0.045257568359375,-0.010467529296875,-20.0,-20.0,0.0,20.0,0.0,0.0,0.0,-20.0,Object notstarted,Object notstarted,Object notstarted,Object notstarted,Object notstarted,Object notstarted,Object notstarted,Object notstarted,Object notstarted
2024-02-19 19:07:24,564.564,__main___datalogs,INFO,JoyConState.USE_SNS,-6.587500,12.362500,-182.000000,7.845591,0.034330,0.006866,0.004577,19.000000,0.000000,0.000000,0.000000,0,0,0,0,0,0,0,0,0,0,0,0.045257568359375,-0.010467529296875,-20.0,-20.0,0.0,20.0,0.0,0.0,0.0,-20.0,Object notstarted,Object notstarted,Object notstarted,Object notstarted,Object notstarted,Object notstarted,Object notstarted,Object notstarted,Object notstarted
2024-02-19 19:07:24,605.605,__main___datalogs,INFO,JoyConState.USE_SNS,-6.587500,12.362500,-182.000000,8.733598,0.034330,0.006866,0.004577,19.000000,0.000000,0.000000,0.000000,0,0,0,0,0,0,0,0,0,0,0,0.045257568359375,-0.010467529296875,-20.0,-20.0,0.0,20.0,0.0,0.0,0.0,-20.0,Object notstarted,Object notstarted,Object notstarted,Object notstarted,Object notstarted,Object notstarted,Object notstarted,Object notstarted,Object notstarted
2024-02-19 19:07:24,649.649,__main___datalogs,INFO,JoyConState.USE_SNS,-6.587500,12.362500,-182.000000,7.316906,0.038908,0.006866,0.004577,19.000000,0.000000,0.000000,0.000000,0,0,0,0,0,0,0,0,0,0,0,0.045257568359375,-0.010467529296875,-20.0,-20.0,0.0,20.0,0.0,0.0,0.0,-20.0,Object notstarted,Object notstarted,Object notstarted,Object notstarted,Object notstarted,Object notstarted,Object notstarted,Object notstarted,Object notstarted
2024-02-19 19:07:24,689.689,__main___datalogs,INFO,JoyConState.USE_SNS,-6.587500,12.362500,-182.000000,6.531889,0.038908,0.006866,0.004577,19.000000,0.000000,0.000000,0.000000,0,0,0,0,0,0,0,0,0,0,0,0.045257568359375,-0.010467529296875,-20.0,-20.0,0.0,20.0,0.0,0.0,0.0,-20.0,Object notstarted,Object notstarted,Object notstarted,Object notstarted,Object notstarted,Object notstarted,Object notstarted,Object notstarted,Object notstarted
2024-02-19 19:07:24,730.730,__main___datalogs,INFO,JoyConState.USE_SNS,-6.587500,12.362500,-182.000000,8.383430,0.038908,0.006866,0.004577,19.000000,0.000000,0.000000,0.000000,0,0,0,0,0,0,0,0,0,0,0,0.045257568359375,-0.010467529296875,-20.0,-20.0,0.0,20.0,0.0,0.0,0.0,-20.0,Object notstarted,Object notstarted,Object notstarted,Object notstarted,Object notstarted,Object notstarted,Object notstarted,Object notstarted,Object notstarted
2024-02-19 19:07:24,771.771,__main___datalogs,INFO,JoyConState.USE_SNS,-6.587500,12.362500,-182.000000,6.985047,0.034330,0.006866,0.004577,19.000000,0.000000,0.000000,0.000000,0,0,0,0,0,0,0,0,0,0,0,0.045257568359375,-0.010467529296875,-20.0,-20.0,0.0,20.0,0.0,0.0,0.0,-20.0,Object notstarted,Object notstarted,Object notstarted,Object notstarted,Object notstarted,Object notstarted,Object notstarted,Object notstarted,Object notstarted
2024-02-19 19:07:24,812.812,__main___datalogs,INFO,JoyConState.USE_SNS,-6.587500,12.362500,-182.000000,5.428746,0.034330,0.006866,0.004577,19.000000,0.000000,0.000000,0.000000,0,0,0,0,0,0,0,0,0,0,0,0.045257568359375,-0.010467529296875,-20.0,-20.0,0.0,20.0,0.0,0.0,0.0,-20.0,Object notstarted,Object notstarted,Object notstarted,Object notstarted,Object notstarted,Object notstarted,Object notstarted,Object notstarted,Object notstarted
2024-02-19 19:07:24,853.853,__main___datalogs,INFO,JoyConState.USE_SNS,-6.587500,12.362500,-182.000000,8.376564,0.034330,0.011443,0.004577,19.000000,0.000000,0.000000,0.000000,0,0,0,0,0,0,0,0,0,0,0,0.045257568359375,-0.010467529296875,-20.0,-20.0,0.0,20.0,0.0,0.0,0.0,-20.0,Object notstarted,Object notstarted,Object notstarted,Object notstarted,Object notstarted,Object notstarted,Object notstarted,Object notstarted,Object notstarted
2024-02-19 19:07:24,895.895,__main___datalogs,INFO,JoyConState.USE_SNS,-6.587500,12.362500,-182.000000,8.408606,0.034330,0.006866,0.004577,19.000000,0.000000,0.000000,0.000000,0,0,0,0,0,0,0,0,0,0,0,0.045257568359375,-0.010467529296875,-20.0,-20.0,0.0,20.0,0.0,0.0,0.0,-20.0,Object notstarted,Object notstarted,Object notstarted,Object notstarted,Object notstarted,Object notstarted,Object notstarted,Object notstarted,Object notstarted
2024-02-19 19:07:24,936.936,__main___datalogs,INFO,JoyConState.USE_SNS,-6.587500,12.362500,-182.000000,6.550199,0.038908,0.011443,0.004577,19.000000,0.000000,0.000000,0.000000,0,0,0,0,0,0,0,0,0,0,0,0.045257568359375,-0.010467529296875,-20.0,-20.0,0.0,20.0,0.0,0.0,0.0,-20.0,Object notstarted,Object notstarted,Object notstarted,Object notstarted,Object notstarted,Object notstarted,Object notstarted,Object notstarted,Object notstarted
2024-02-19 19:07:24,977.977,__main___datalogs,INFO,JoyConState.USE_SNS,-6.587500,12.362500,-182.000000,8.175160,0.038908,0.006866,0.000000,19.000000,0.000000,0.000000,0.000000,0,0,0,0,0,0,0,0,0,0,0,0.045257568359375,-0.010467529296875,-20.0,-20.0,0.0,20.0,0.0,0.0,0.0,-20.0,Object notstarted,Object notstarted,Object notstarted,Object notstarted,Object notstarted,Object notstarted,Object notstarted,Object notstarted,Object notstarted
2024-02-19 19:07:25,017.017,__main___datalogs,INFO,JoyConState.USE_SNS,-6.587500,12.362500,-182.000000,7.163565,0.034330,0.006866,-0.004577,19.000000,0.000000,0.000000,0.000000,0,0,0,0,0,0,0,0,0,0,0,0.045257568359375,-0.010467529296875,-20.0,-20.0,0.0,20.0,0.0,0.0,0.0,-20.0,Object notstarted,Object notstarted,Object notstarted,Object notstarted,Object notstarted,Object notstarted,Object notstarted,Object notstarted,Object notstarted
2024-02-19 19:07:25,060.060,__main___datalogs,INFO,JoyConState.USE_SNS,-6.587500,12.362500,-182.000000,5.140372,0.034330,0.006866,0.000000,19.000000,0.000000,0.000000,0.000000,0,0,0,0,0,0,0,0,0,0,0,0.045257568359375,-0.010467529296875,-20.0,-20.0,0.0,20.0,0.0,0.0,0.0,-20.0,Object notstarted,Object notstarted,Object notstarted,Object notstarted,Object notstarted,Object notstarted,Object notstarted,Object notstarted,Object notstarted
2024-02-19 19:07:25,101.101,__main___datalogs,INFO,JoyConState.USE_SNS,-6.587500,12.362500,-182.000000,8.371986,0.038908,0.011443,0.000000,19.000000,0.000000,0.000000,0.000000,0,0,0,0,0,0,0,0,0,0,0,0.045257568359375,-0.010467529296875,-20.0,-20.0,0.0,20.0,0.0,0.0,0.0,-20.0,Object notstarted,Object notstarted,Object notstarted,Object notstarted,Object notstarted,Object notstarted,Object notstarted,Object notstarted,Object notstarted
2024-02-19 19:07:25,142.142,__main___datalogs,INFO,JoyConState.USE_SNS,-6.587500,12.362500,-182.000000,8.243820,0.041196,0.011443,0.004577,19.000000,0.000000,0.000000,0.000000,0,0,0,0,0,0,0,0,0,0,0,0.045257568359375,-0.010467529296875,-20.0,-20.0,0.0,20.0,0.0,0.0,0.0,-20.0,Object notstarted,Object notstarted,Object notstarted,Object notstarted,Object notstarted,Object notstarted,Object notstarted,Object notstarted,Object notstarted
2024-02-19 19:07:25,182.182,__main___datalogs,INFO,JoyConState.USE_SNS,-6.587500,12.362500,-182.000000,6.692097,0.029753,0.006866,0.000000,19.000000,0.000000,0.000000,0.000000,0,0,0,0,0,0,0,0,0,0,0,0.045257568359375,-0.010467529296875,-20.0,-20.0,0.0,20.0,0.0,0.0,0.0,-20.0,Object notstarted,Object notstarted,Object notstarted,Object notstarted,Object notstarted,Object notstarted,Object notstarted,Object notstarted,Object notstarted
2024-02-19 19:07:25,222.222,__main___datalogs,INFO,JoyConState.USE_SNS,-6.587500,12.362500,-182.000000,8.195759,0.029753,0.006866,0.000000,19.000000,0.000000,0.000000,0.000000,0,0,0,0,0,0,0,0,0,0,0,0.045257568359375,-0.010467529296875,-20.0,-20.0,0.0,20.0,0.0,0.0,0.0,-20.0,Object notstarted,Object notstarted,Object notstarted,Object notstarted,Object notstarted,Object notstarted,Object notstarted,Object notstarted,Object notstarted
2024-02-19 19:07:25,263.263,__main___datalogs,INFO,JoyConState.USE_SNS,-6.587500,12.362500,-182.000000,7.273421,0.038908,0.011443,0.004577,19.000000,0.000000,0.000000,0.000000,0,0,0,0,0,0,0,0,0,0,0,0.045257568359375,-0.010467529296875,-20.0,-20.0,0.0,20.0,0.0,0.0,0.0,-20.0,Object notstarted,Object notstarted,Object notstarted,Object notstarted,Object notstarted,Object notstarted,Object notstarted,Object notstarted,Object notstarted
2024-02-19 19:07:25,303.303,__main___datalogs,INFO,JoyConState.USE_SNS,-6.587500,12.362500,-182.000000,5.566067,0.034330,0.006866,0.004577,19.000000,0.000000,0.000000,0.000000,0,0,0,0,0,0,0,0,0,0,0,0.045257568359375,-0.010467529296875,-20.0,-20.0,0.0,20.0,0.0,0.0,0.0,-20.0,Object notstarted,Object notstarted,Object notstarted,Object notstarted,Object notstarted,Object notstarted,Object notstarted,Object notstarted,Object notstarted
2024-02-19 19:07:25,342.342,__main___datalogs,INFO,JoyConState.USE_SNS,-6.587500,12.362500,-182.000000,7.982911,0.034330,0.006866,0.000000,19.000000,0.000000,0.000000,0.000000,0,0,0,0,0,0,0,0,0,0,0,0.045257568359375,-0.010467529296875,-20.0,-20.0,0.0,20.0,0.0,0.0,0.0,-20.0,Object notstarted,Object notstarted,Object notstarted,Object notstarted,Object notstarted,Object notstarted,Object notstarted,Object notstarted,Object notstarted
2024-02-19 19:07:25,383.383,__main___datalogs,INFO,JoyConState.USE_SNS,-6.587500,12.362500,-182.000000,7.982911,0.034330,0.006866,0.000000,19.000000,0.000000,0.000000,0.000000,0,0,0,0,0,0,0,0,0,0,0,0.045257568359375,-0.010467529296875,-20.0,-20.0,0.0,20.0,0.0,0.0,0.0,-20.0,Object notstarted,Object notstarted,Object notstarted,Object notstarted,Object notstarted,Object notstarted,Object notstarted,Object notstarted,Object notstarted
2024-02-19 19:07:25,432.432,__main___datalogs,INFO,JoyConState.USE_SNS,-6.587500,12.362500,-182.000000,5.920812,0.034330,0.006866,0.004577,19.000000,0.000000,0.000000,0.000000,0,0,0,0,0,0,0,0,0,0,0,0.045257568359375,-0.010467529296875,-20.0,-20.0,0.0,20.0,0.0,0.0,0.0,-20.0,Object notstarted,Object notstarted,Object notstarted,Object notstarted,Object notstarted,Object notstarted,Object notstarted,Object notstarted,Object notstarted
2024-02-19 19:07:25,478.478,__main___datalogs,INFO,JoyConState.USE_SNS,-6.587500,12.362500,-182.000000,8.154562,0.034330,0.006866,0.004577,19.000000,0.000000,0.000000,0.000000,0,0,0,0,0,0,0,0,0,0,0,0.045257568359375,-0.010467529296875,-20.0,-20.0,0.0,20.0,0.0,0.0,0.0,-20.0,Object notstarted,Object notstarted,Object notstarted,Object notstarted,Object notstarted,Object notstarted,Object notstarted,Object notstarted,Object notstarted
2024-02-19 19:07:25,517.517,__main___datalogs,INFO,JoyConState.USE_SNS,-6.587500,12.362500,-182.000000,5.904791,0.034330,0.006866,0.004577,19.000000,0.000000,0.000000,0.000000,0,0,0,0,0,0,0,0,0,0,0,0.045257568359375,-0.010467529296875,-20.0,-20.0,0.0,20.0,0.0,0.0,0.0,-20.0,Object notstarted,Object notstarted,Object notstarted,Object notstarted,Object notstarted,Object notstarted,Object notstarted,Object notstarted,Object notstarted
2024-02-19 19:07:25,559.559,__main___datalogs,INFO,JoyConState.USE_SNS,-6.587500,12.362500,-182.000000,7.227648,0.034330,0.011443,0.004577,19.000000,0.000000,0.000000,0.000000,0,0,0,0,0,0,0,0,0,0,0,0.045257568359375,-0.010467529296875,-20.0,-20.0,0.0,20.0,0.0,0.0,0.0,-20.0,Object notstarted,Object notstarted,Object notstarted,Object notstarted,Object notstarted,Object notstarted,Object notstarted,Object notstarted,Object notstarted
2024-02-19 19:07:25,600.600,__main___datalogs,INFO,JoyConState.USE_SNS,-6.587500,12.362500,-182.000000,7.227648,0.034330,0.011443,0.004577,19.000000,0.000000,0.000000,0.000000,0,0,0,0,0,0,0,0,0,0,0,0.045257568359375,-0.010467529296875,-20.0,-20.0,0.0,20.0,0.0,0.0,0.0,-20.0,Object notstarted,Object notstarted,Object notstarted,Object notstarted,Object notstarted,Object notstarted,Object notstarted,Object notstarted,Object notstarted
2024-02-19 19:07:25,643.643,__main___datalogs,INFO,JoyConState.USE_SNS,-6.587500,12.362500,-182.000000,6.646323,0.034330,0.006866,0.004577,19.000000,0.000000,0.000000,0.000000,0,0,0,0,0,0,0,0,0,0,0,0.045257568359375,-0.010467529296875,-20.0,-20.0,0.0,20.0,0.0,0.0,0.0,-20.0,Object notstarted,Object notstarted,Object notstarted,Object notstarted,Object notstarted,Object notstarted,Object notstarted,Object notstarted,Object notstarted
2024-02-19 19:07:25,683.683,__main___datalogs,INFO,JoyConState.USE_SNS,-6.587500,12.362500,-182.000000,7.232224,0.038908,0.006866,0.004577,19.000000,0.000000,0.000000,0.000000,0,0,0,0,0,0,0,0,0,0,0,0.045257568359375,-0.010467529296875,-20.0,-20.0,0.0,20.0,0.0,0.0,0.0,-20.0,Object notstarted,Object notstarted,Object notstarted,Object notstarted,Object notstarted,Object notstarted,Object notstarted,Object notstarted,Object notstarted
2024-02-19 19:07:25,724.724,__main___datalogs,INFO,JoyConState.USE_SNS,-6.587500,12.362500,-182.000000,8.438358,0.038908,0.011443,0.004577,19.000000,0.000000,0.000000,0.000000,0,0,0,0,0,0,0,0,0,0,0,0.045257568359375,-0.010467529296875,-20.0,-20.0,0.0,20.0,0.0,0.0,0.0,-20.0,Object notstarted,Object notstarted,Object notstarted,Object notstarted,Object notstarted,Object notstarted,Object notstarted,Object notstarted,Object notstarted
2024-02-19 19:07:25,765.765,__main___datalogs,INFO,JoyConState.USE_SNS,-6.587500,12.362500,-182.000000,6.531889,0.038908,0.006866,0.004577,19.000000,0.000000,0.000000,0.000000,0,0,0,0,0,0,0,0,0,0,0,0.045257568359375,-0.010467529296875,-20.0,-20.0,0.0,20.0,0.0,0.0,0.0,-20.0,Object notstarted,Object notstarted,Object notstarted,Object notstarted,Object notstarted,Object notstarted,Object notstarted,Object notstarted,Object notstarted
2024-02-19 19:07:25,805.805,__main___datalogs,INFO,JoyConState.USE_SNS,-6.587500,12.362500,-182.000000,5.941410,0.038908,0.006866,0.004577,19.000000,0.000000,0.000000,0.000000,0,0,0,0,0,0,0,0,0,0,0,0.045257568359375,-0.010467529296875,-20.0,-20.0,0.0,20.0,0.0,0.0,0.0,-20.0,Object notstarted,Object notstarted,Object notstarted,Object notstarted,Object notstarted,Object notstarted,Object notstarted,Object notstarted,Object notstarted
2024-02-19 19:07:25,848.848,__main___datalogs,INFO,JoyConState.USE_SNS,-6.587500,12.362500,-182.000000,8.534483,0.038908,0.006866,0.000000,19.000000,0.000000,0.000000,0.000000,0,0,0,0,0,0,0,0,0,0,0,0.045257568359375,-0.010467529296875,-20.0,-20.0,0.0,20.0,0.0,0.0,0.0,-20.0,Object notstarted,Object notstarted,Object notstarted,Object notstarted,Object notstarted,Object notstarted,Object notstarted,Object notstarted,Object notstarted
2024-02-19 19:07:25,890.890,__main___datalogs,INFO,JoyConState.USE_SNS,-6.587500,12.362500,-182.000000,8.268996,0.038908,0.006866,0.000000,19.000000,0.000000,0.000000,0.000000,0,0,0,0,0,0,0,0,0,0,0,0.045257568359375,-0.010467529296875,-20.0,-20.0,0.0,20.0,0.0,0.0,0.0,-20.0,Object notstarted,Object notstarted,Object notstarted,Object notstarted,Object notstarted,Object notstarted,Object notstarted,Object notstarted,Object notstarted
2024-02-19 19:07:25,929.929,__main___datalogs,INFO,JoyConState.USE_SNS,-6.587500,12.362500,-182.000000,7.145255,0.041196,0.006866,0.000000,19.000000,0.000000,0.000000,0.000000,0,0,0,0,0,0,0,0,0,0,0,0.045257568359375,-0.010467529296875,-20.0,-20.0,0.0,20.0,0.0,0.0,0.0,-20.0,Object notstarted,Object notstarted,Object notstarted,Object notstarted,Object notstarted,Object notstarted,Object notstarted,Object notstarted,Object notstarted
2024-02-19 19:07:25,969.969,__main___datalogs,INFO,JoyConState.USE_SNS,-6.587500,12.362500,-182.000000,8.287306,0.041196,0.006866,0.004577,19.000000,0.000000,0.000000,0.000000,0,0,0,0,0,0,0,0,0,0,0,0.045257568359375,-0.010467529296875,-20.0,-20.0,0.0,20.0,0.0,0.0,0.0,-20.0,Object notstarted,Object notstarted,Object notstarted,Object notstarted,Object notstarted,Object notstarted,Object notstarted,Object notstarted,Object notstarted
2024-02-19 19:07:26,010.010,__main___datalogs,INFO,JoyConState.USE_SNS,-6.587500,12.362500,-182.000000,7.067440,0.041196,0.011443,0.004577,19.000000,0.000000,0.000000,0.000000,0,0,0,0,0,0,0,0,0,0,0,0.045257568359375,-0.010467529296875,-20.0,-20.0,0.0,20.0,0.0,0.0,0.0,-20.0,Object notstarted,Object notstarted,Object notstarted,Object notstarted,Object notstarted,Object notstarted,Object notstarted,Object notstarted,Object notstarted
2024-02-19 19:07:26,051.051,__main___datalogs,INFO,JoyConState.USE_SNS,-6.587500,12.362500,-182.000000,5.188435,0.041196,0.011443,0.004577,19.000000,0.000000,0.000000,0.000000,0,0,0,0,0,0,0,0,0,0,0,0.045257568359375,-0.010467529296875,-20.0,-20.0,0.0,20.0,0.0,0.0,0.0,-20.0,Object notstarted,Object notstarted,Object notstarted,Object notstarted,Object notstarted,Object notstarted,Object notstarted,Object notstarted,Object notstarted
2024-02-19 19:07:26,093.093,__main___datalogs,INFO,JoyConState.USE_SNS,-6.587500,12.362500,-182.000000,8.360543,0.038908,0.006866,0.004577,19.000000,0.000000,0.000000,0.000000,0,0,0,0,0,0,0,0,0,0,0,0.045257568359375,-0.010467529296875,-20.0,-20.0,0.0,20.0,0.0,0.0,0.0,-20.0,Object notstarted,Object notstarted,Object notstarted,Object notstarted,Object notstarted,Object notstarted,Object notstarted,Object notstarted,Object notstarted
2024-02-19 19:07:26,134.134,__main___datalogs,INFO,JoyConState.USE_SNS,-6.587500,12.362500,-182.000000,8.415471,0.038908,0.011443,0.004577,19.000000,0.000000,0.000000,0.000000,0,0,0,0,0,0,0,0,0,0,0,0.045257568359375,-0.010467529296875,-20.0,-20.0,0.0,20.0,0.0,0.0,0.0,-20.0,Object notstarted,Object notstarted,Object notstarted,Object notstarted,Object notstarted,Object notstarted,Object notstarted,Object notstarted,Object notstarted
2024-02-19 19:07:26,177.177,__main___datalogs,INFO,JoyConState.USE_SNS,-6.587500,12.362500,-182.000000,6.557064,0.041196,0.006866,0.004577,19.000000,0.000000,0.000000,0.000000,0,0,0,0,0,0,0,0,0,0,0,0.045257568359375,-0.010467529296875,-20.0,-20.0,0.0,20.0,0.0,0.0,0.0,-20.0,Object notstarted,Object notstarted,Object notstarted,Object notstarted,Object notstarted,Object notstarted,Object notstarted,Object notstarted,Object notstarted
2024-02-19 19:07:26,218.218,__main___datalogs,INFO,JoyConState.USE_SNS,-6.587500,12.362500,-182.000000,8.365121,0.041196,0.006866,0.004577,19.000000,0.000000,0.000000,0.000000,0,0,0,0,0,0,0,0,0,0,0,0.045257568359375,-0.010467529296875,-20.0,-20.0,0.0,20.0,0.0,0.0,0.0,-20.0,Object notstarted,Object notstarted,Object notstarted,Object notstarted,Object notstarted,Object notstarted,Object notstarted,Object notstarted,Object notstarted
2024-02-19 19:07:26,259.259,__main___datalogs,INFO,JoyConState.USE_SNS,-6.587500,12.362500,-182.000000,6.616570,0.041196,0.011443,0.004577,19.000000,0.000000,0.000000,0.000000,0,0,0,0,0,0,0,0,0,0,0,0.045257568359375,-0.010467529296875,-20.0,-20.0,0.0,20.0,0.0,0.0,0.0,-20.0,Object notstarted,Object notstarted,Object notstarted,Object notstarted,Object notstarted,Object notstarted,Object notstarted,Object notstarted,Object notstarted
2024-02-19 19:07:26,300.300,__main___datalogs,INFO,JoyConState.USE_SNS,-6.587500,12.362500,-182.000000,6.499847,0.041196,0.006866,0.004577,19.000000,0.000000,0.000000,0.000000,0,0,0,0,0,0,0,0,0,0,0,0.045257568359375,-0.010467529296875,-20.0,-20.0,0.0,20.0,0.0,0.0,0.0,-20.0,Object notstarted,Object notstarted,Object notstarted,Object notstarted,Object notstarted,Object notstarted,Object notstarted,Object notstarted,Object notstarted
2024-02-19 19:07:26,342.342,__main___datalogs,INFO,JoyConState.USE_SNS,-6.587500,12.362500,-182.000000,8.541348,0.041196,0.006866,0.004577,19.000000,0.000000,0.000000,0.000000,0,0,0,0,0,0,0,0,0,0,0,0.045257568359375,-0.010467529296875,-20.0,-20.0,0.0,20.0,0.0,0.0,0.0,-20.0,Object notstarted,Object notstarted,Object notstarted,Object notstarted,Object notstarted,Object notstarted,Object notstarted,Object notstarted,Object notstarted
2024-02-19 19:07:26,383.383,__main___datalogs,INFO,JoyConState.USE_SNS,-6.587500,12.362500,-182.000000,7.545774,0.041196,0.011443,0.004577,19.000000,0.000000,0.000000,0.000000,0,0,0,0,0,0,0,0,0,0,0,0.045257568359375,-0.010467529296875,-20.0,-20.0,0.0,20.0,0.0,0.0,0.0,-20.0,Object notstarted,Object notstarted,Object notstarted,Object notstarted,Object notstarted,Object notstarted,Object notstarted,Object notstarted,Object notstarted
2024-02-19 19:07:26,423.423,__main___datalogs,INFO,JoyConState.USE_SNS,-6.587500,12.362500,-182.000000,5.028227,0.041196,0.011443,0.004577,19.000000,0.000000,0.000000,0.000000,0,0,0,0,0,0,0,0,0,0,0,0.045257568359375,-0.010467529296875,-20.0,-20.0,0.0,20.0,0.0,0.0,0.0,-20.0,Object notstarted,Object notstarted,Object notstarted,Object notstarted,Object notstarted,Object notstarted,Object notstarted,Object notstarted,Object notstarted
2024-02-19 19:07:26,463.463,__main___datalogs,INFO,JoyConState.USE_SNS,-6.587500,12.362500,-182.000000,7.477114,0.038908,0.006866,0.004577,19.000000,0.000000,0.000000,0.000000,0,0,0,0,0,0,0,0,0,0,0,0.045257568359375,-0.010467529296875,-20.0,-20.0,0.0,20.0,0.0,0.0,0.0,-20.0,Object notstarted,Object notstarted,Object notstarted,Object notstarted,Object notstarted,Object notstarted,Object notstarted,Object notstarted,Object notstarted
2024-02-19 19:07:26,525.525,__main___datalogs,INFO,JoyConState.USE_SNS,-6.587500,12.362500,-182.000000,8.566525,0.041196,0.006866,0.004577,19.000000,0.000000,0.000000,0.000000,0,0,0,0,0,0,0,0,0,0,0,0.045257568359375,-0.010467529296875,-20.0,-20.0,0.0,20.0,0.0,0.0,0.0,-20.0,Object notstarted,Object notstarted,Object notstarted,Object notstarted,Object notstarted,Object notstarted,Object notstarted,Object notstarted,Object notstarted
2024-02-19 19:07:26,566.566,__main___datalogs,INFO,JoyConState.USE_SNS,-6.587500,12.362500,-182.000000,7.689960,0.041196,0.006866,0.004577,19.000000,0.000000,0.000000,0.000000,0,0,0,0,0,0,0,0,0,0,0,0.045257568359375,-0.010467529296875,-20.0,-20.0,0.0,20.0,0.0,0.0,0.0,-20.0,Object notstarted,Object notstarted,Object notstarted,Object notstarted,Object notstarted,Object notstarted,Object notstarted,Object notstarted,Object notstarted
2024-02-19 19:07:26,607.607,__main___datalogs,INFO,JoyConState.USE_SNS,-6.587500,12.362500,-182.000000,8.747330,0.041196,0.006866,0.004577,19.000000,0.000000,0.000000,0.000000,0,0,0,0,0,0,0,0,0,0,0,0.045257568359375,-0.010467529296875,-20.0,-20.0,0.0,20.0,0.0,0.0,0.0,-20.0,Object notstarted,Object notstarted,Object notstarted,Object notstarted,Object notstarted,Object notstarted,Object notstarted,Object notstarted,Object notstarted
2024-02-19 19:07:26,648.648,__main___datalogs,INFO,JoyConState.USE_SNS,-6.587500,12.362500,-182.000000,6.051267,0.038908,0.006866,0.000000,19.000000,0.000000,0.000000,0.000000,0,0,0,0,0,0,0,0,0,0,0,0.045257568359375,-0.010467529296875,-20.0,-20.0,0.0,20.0,0.0,0.0,0.0,-20.0,Object notstarted,Object notstarted,Object notstarted,Object notstarted,Object notstarted,Object notstarted,Object notstarted,Object notstarted,Object notstarted
2024-02-19 19:07:26,688.688,__main___datalogs,INFO,JoyConState.USE_SNS,-6.587500,12.362500,-182.000000,7.580104,0.034330,0.011443,0.004577,19.000000,0.000000,0.000000,0.000000,0,0,0,0,0,0,0,0,0,0,0,0.045257568359375,-0.010467529296875,-20.0,-20.0,0.0,20.0,0.0,0.0,0.0,-20.0,Object notstarted,Object notstarted,Object notstarted,Object notstarted,Object notstarted,Object notstarted,Object notstarted,Object notstarted,Object notstarted
2024-02-19 19:07:26,730.730,__main___datalogs,INFO,JoyConState.USE_SNS,-6.587500,12.362500,-182.000000,8.431492,0.038908,0.011443,0.004577,19.000000,0.000000,0.000000,0.000000,0,0,0,0,0,0,0,0,0,0,0,0.045257568359375,-0.010467529296875,-20.0,-20.0,0.0,20.0,0.0,0.0,0.0,-20.0,Object notstarted,Object notstarted,Object notstarted,Object notstarted,Object notstarted,Object notstarted,Object notstarted,Object notstarted,Object notstarted
2024-02-19 19:07:26,770.770,__main___datalogs,INFO,JoyConState.USE_SNS,-6.587500,12.362500,-182.000000,6.463228,0.038908,0.011443,0.004577,19.000000,0.000000,0.000000,0.000000,0,0,0,0,0,0,0,0,0,0,0,0.045257568359375,-0.010467529296875,-20.0,-20.0,0.0,20.0,0.0,0.0,0.0,-20.0,Object notstarted,Object notstarted,Object notstarted,Object notstarted,Object notstarted,Object notstarted,Object notstarted,Object notstarted,Object notstarted
2024-02-19 19:07:26,809.809,__main___datalogs,INFO,JoyConState.USE_SNS,-6.587500,12.362500,-182.000000,6.557064,0.038908,0.006866,0.000000,19.000000,0.000000,0.000000,0.000000,0,0,0,0,0,0,0,0,0,0,0,0.045257568359375,-0.010467529296875,-20.0,-20.0,0.0,20.0,0.0,0.0,0.0,-20.0,Object notstarted,Object notstarted,Object notstarted,Object notstarted,Object notstarted,Object notstarted,Object notstarted,Object notstarted,Object notstarted
2024-02-19 19:07:26,851.851,__main___datalogs,INFO,JoyConState.USE_SNS,-6.587500,12.362500,-182.000000,8.470400,0.034330,0.011443,-0.006866,19.000000,0.000000,0.000000,0.000000,0,0,0,0,0,0,0,0,0,0,0,0.045257568359375,-0.010467529296875,-20.0,-20.0,0.0,20.0,0.0,0.0,0.0,-20.0,Object notstarted,Object notstarted,Object notstarted,Object notstarted,Object notstarted,Object notstarted,Object notstarted,Object notstarted,Object notstarted
2024-02-19 19:07:26,895.895,__main___datalogs,INFO,JoyConState.USE_SNS,-6.587500,12.362500,-182.000000,8.511596,0.038908,0.006866,0.000000,19.000000,0.000000,0.000000,0.000000,0,0,0,0,0,0,0,0,0,0,0,0.045257568359375,-0.010467529296875,-20.0,-20.0,0.0,20.0,0.0,0.0,0.0,-20.0,Object notstarted,Object notstarted,Object notstarted,Object notstarted,Object notstarted,Object notstarted,Object notstarted,Object notstarted,Object notstarted
2024-02-19 19:07:26,935.935,__main___datalogs,INFO,JoyConState.USE_SNS,-6.587500,12.362500,-182.000000,7.019378,0.034330,0.006866,0.004577,19.000000,0.000000,0.000000,0.000000,0,0,0,0,0,0,0,0,0,0,0,0.045257568359375,-0.010467529296875,-20.0,-20.0,0.0,20.0,0.0,0.0,0.0,-20.0,Object notstarted,Object notstarted,Object notstarted,Object notstarted,Object notstarted,Object notstarted,Object notstarted,Object notstarted,Object notstarted
2024-02-19 19:07:26,978.978,__main___datalogs,INFO,JoyConState.USE_SNS,-6.587500,12.362500,-182.000000,8.442936,0.038908,0.011443,0.004577,19.000000,0.000000,0.000000,0.000000,0,0,0,0,0,0,0,0,0,0,0,0.045257568359375,-0.010467529296875,-20.0,-20.0,0.0,20.0,0.0,0.0,0.0,-20.0,Object notstarted,Object notstarted,Object notstarted,Object notstarted,Object notstarted,Object notstarted,Object notstarted,Object notstarted,Object notstarted
2024-02-19 19:07:27,019.019,__main___datalogs,INFO,JoyConState.USE_SNS,-6.587500,12.362500,-182.000000,6.110772,0.034330,0.006866,0.004577,19.000000,0.000000,0.000000,0.000000,0,0,0,0,0,0,0,0,0,0,0,0.045257568359375,-0.010467529296875,-20.0,-20.0,0.0,20.0,0.0,0.0,0.0,-20.0,Object notstarted,Object notstarted,Object notstarted,Object notstarted,Object notstarted,Object notstarted,Object notstarted,Object notstarted,Object notstarted
2024-02-19 19:07:27,060.060,__main___datalogs,INFO,JoyConState.USE_SNS,-6.587500,12.362500,-182.000000,7.250534,0.038908,0.006866,0.004577,19.000000,0.000000,0.000000,0.000000,0,0,0,0,0,0,0,0,0,0,0,0.045257568359375,-0.010467529296875,-20.0,-20.0,0.0,20.0,0.0,0.0,0.0,-20.0,Object notstarted,Object notstarted,Object notstarted,Object notstarted,Object notstarted,Object notstarted,Object notstarted,Object notstarted,Object notstarted
2024-02-19 19:07:27,100.100,__main___datalogs,INFO,JoyConState.USE_SNS,-6.587500,12.362500,-182.000000,8.777082,0.038908,0.006866,0.004577,19.000000,0.000000,0.000000,0.000000,0,0,0,0,0,0,0,0,0,0,0,0.045257568359375,-0.010467529296875,-20.0,-20.0,0.0,20.0,0.0,0.0,0.0,-20.0,Object notstarted,Object notstarted,Object notstarted,Object notstarted,Object notstarted,Object notstarted,Object notstarted,Object notstarted,Object notstarted
2024-02-19 19:07:27,144.144,__main___datalogs,INFO,JoyConState.USE_SNS,-6.587500,12.362500,-182.000000,6.673787,0.041196,0.006866,0.004577,19.000000,0.000000,0.000000,0.000000,0,0,0,0,0,0,0,0,0,0,0,0.045257568359375,-0.010467529296875,-20.0,-20.0,0.0,20.0,0.0,0.0,0.0,-20.0,Object notstarted,Object notstarted,Object notstarted,Object notstarted,Object notstarted,Object notstarted,Object notstarted,Object notstarted,Object notstarted
2024-02-19 19:07:27,186.186,__main___datalogs,INFO,JoyConState.USE_SNS,-6.587500,12.362500,-182.000000,7.472536,0.038908,0.006866,0.004577,19.000000,0.000000,0.000000,0.000000,0,0,0,0,0,0,0,0,0,0,0,0.045257568359375,-0.010467529296875,-20.0,-20.0,0.0,20.0,0.0,0.0,0.0,-20.0,Object notstarted,Object notstarted,Object notstarted,Object notstarted,Object notstarted,Object notstarted,Object notstarted,Object notstarted,Object notstarted
2024-02-19 19:07:27,228.228,__main___datalogs,INFO,JoyConState.USE_SNS,-6.587500,12.362500,-182.000000,8.420049,0.038908,0.011443,0.000000,19.000000,0.000000,0.000000,0.000000,0,0,0,0,0,0,0,0,0,0,0,0.045257568359375,-0.010467529296875,-20.0,-20.0,0.0,20.0,0.0,0.0,0.0,-20.0,Object notstarted,Object notstarted,Object notstarted,Object notstarted,Object notstarted,Object notstarted,Object notstarted,Object notstarted,Object notstarted
2024-02-19 19:07:27,269.269,__main___datalogs,INFO,JoyConState.USE_SNS,-6.587500,12.362500,-182.000000,6.824840,0.038908,0.011443,0.000000,19.000000,0.000000,0.000000,0.000000,0,0,0,0,0,0,0,0,0,0,0,0.045257568359375,-0.010467529296875,-20.0,-20.0,0.0,20.0,0.0,0.0,0.0,-20.0,Object notstarted,Object notstarted,Object notstarted,Object notstarted,Object notstarted,Object notstarted,Object notstarted,Object notstarted,Object notstarted
2024-02-19 19:07:27,311.311,__main___datalogs,INFO,JoyConState.USE_SNS,-6.587500,12.362500,-182.000000,6.156546,0.034330,0.011443,0.000000,19.000000,0.000000,0.000000,0.000000,0,0,0,0,0,0,0,0,0,0,0,0.045257568359375,-0.010467529296875,-20.0,-20.0,0.0,20.0,0.0,0.0,0.0,-20.0,Object notstarted,Object notstarted,Object notstarted,Object notstarted,Object notstarted,Object notstarted,Object notstarted,Object notstarted,Object notstarted
2024-02-19 19:07:27,352.352,__main___datalogs,INFO,JoyConState.USE_SNS,-6.587500,12.362500,-182.000000,8.504730,0.038908,0.006866,0.000000,19.000000,0.000000,0.000000,0.000000,0,0,0,0,0,0,0,0,0,0,0,0.045257568359375,-0.010467529296875,-20.0,-20.0,0.0,20.0,0.0,0.0,0.0,-20.0,Object notstarted,Object notstarted,Object notstarted,Object notstarted,Object notstarted,Object notstarted,Object notstarted,Object notstarted,Object notstarted
2024-02-19 19:07:27,395.395,__main___datalogs,INFO,JoyConState.USE_SNS,-6.587500,12.362500,-182.000000,8.761062,0.038908,0.006866,-0.004577,19.000000,0.000000,0.000000,0.000000,0,0,0,0,0,0,0,0,0,0,0,0.045257568359375,-0.010467529296875,-20.0,-20.0,0.0,20.0,0.0,0.0,0.0,-20.0,Object notstarted,Object notstarted,Object notstarted,Object notstarted,Object notstarted,Object notstarted,Object notstarted,Object notstarted,Object notstarted
2024-02-19 19:07:27,435.435,__main___datalogs,INFO,JoyConState.USE_SNS,-6.587500,12.362500,-182.000000,5.176991,0.038908,0.011443,0.000000,19.000000,0.000000,0.000000,0.000000,0,0,0,0,0,0,0,0,0,0,0,0.045257568359375,-0.010467529296875,-20.0,-20.0,0.0,20.0,0.0,0.0,0.0,-20.0,Object notstarted,Object notstarted,Object notstarted,Object notstarted,Object notstarted,Object notstarted,Object notstarted,Object notstarted,Object notstarted
2024-02-19 19:07:27,477.477,__main___datalogs,INFO,JoyConState.USE_SNS,-6.587500,12.362500,-182.000000,7.671651,0.038908,0.011443,0.004577,19.000000,0.000000,0.000000,0.000000,0,0,0,0,0,0,0,0,0,0,0,0.045257568359375,-0.010467529296875,-20.0,-20.0,0.0,20.0,0.0,0.0,0.0,-20.0,Object notstarted,Object notstarted,Object notstarted,Object notstarted,Object notstarted,Object notstarted,Object notstarted,Object notstarted,Object notstarted
2024-02-19 19:07:27,517.517,__main___datalogs,INFO,JoyConState.USE_SNS,-6.587500,12.362500,-182.000000,8.809124,0.038908,0.011443,0.004577,19.000000,0.000000,0.000000,0.000000,0,0,0,0,0,0,0,0,0,0,0,0.045257568359375,-0.010467529296875,-20.0,-20.0,0.0,20.0,0.0,0.0,0.0,-20.0,Object notstarted,Object notstarted,Object notstarted,Object notstarted,Object notstarted,Object notstarted,Object notstarted,Object notstarted,Object notstarted
2024-02-19 19:07:27,564.564,__main___datalogs,INFO,JoyConState.USE_SNS,-6.587500,12.362500,-182.000000,6.364816,0.034330,0.011443,0.004577,19.000000,0.000000,0.000000,0.000000,0,0,0,0,0,0,0,0,0,0,0,0.045257568359375,-0.010467529296875,-20.0,-20.0,0.0,20.0,0.0,0.0,0.0,-20.0,Object notstarted,Object notstarted,Object notstarted,Object notstarted,Object notstarted,Object notstarted,Object notstarted,Object notstarted,Object notstarted
2024-02-19 19:07:27,608.608,__main___datalogs,INFO,JoyConState.USE_SNS,-6.587500,12.362500,-182.000000,8.227799,0.041196,0.006866,0.004577,19.000000,0.000000,0.000000,0.000000,0,0,0,0,0,0,0,0,0,0,0,0.045257568359375,-0.010467529296875,-20.0,-20.0,0.0,20.0,0.0,0.0,0.0,-20.0,Object notstarted,Object notstarted,Object notstarted,Object notstarted,Object notstarted,Object notstarted,Object notstarted,Object notstarted,Object notstarted
2024-02-19 19:07:27,663.663,__main___datalogs,INFO,JoyConState.USE_SNS,-6.587500,12.362500,-182.000000,8.360543,0.038908,0.006866,0.004577,19.000000,0.000000,0.000000,0.000000,0,0,0,0,0,0,0,0,0,0,0,0.045257568359375,-0.010467529296875,-20.0,-20.0,0.0,20.0,0.0,0.0,0.0,-20.0,Object notstarted,Object notstarted,Object notstarted,Object notstarted,Object notstarted,Object notstarted,Object notstarted,Object notstarted,Object notstarted
2024-02-19 19:07:27,737.737,__main___datalogs,INFO,JoyConState.USE_SNS,-6.587500,12.362500,-181.980000,5.749161,0.038908,0.006866,0.000000,19.000000,0.000000,0.000000,0.000000,0,0,0,0,0,0,0,0,0,0,0,0.045257568359375,-0.010467529296875,-20.0,-20.0,0.0,20.0,0.0,0.0,0.0,-20.0,Object notstarted,Object notstarted,Object notstarted,Object notstarted,Object notstarted,Object notstarted,Object notstarted,Object notstarted,Object notstarted
2024-02-19 19:07:27,811.811,__main___datalogs,INFO,JoyConState.USE_SNS,-6.587500,12.362500,-181.542500,7.442783,0.029753,0.006866,0.000000,19.000000,0.000000,0.000000,0.000000,0,0,0,0,0,0,0,0,0,0,0,0.045257568359375,-0.010467529296875,-20.0,-20.0,0.0,20.0,0.0,0.0,0.0,-20.0,Object notstarted,Object notstarted,Object notstarted,Object notstarted,Object notstarted,Object notstarted,Object notstarted,Object notstarted,Object notstarted
2024-02-19 19:07:27,865.865,__main___datalogs,INFO,JoyConState.USE_SNS,-6.587500,12.362500,-180.547500,8.518462,0.029753,0.011443,0.004577,19.000000,0.000000,0.000000,0.000000,0,0,0,0,0,0,0,0,0,0,0,0.045257568359375,-0.010467529296875,-20.0,-20.0,0.0,20.0,0.0,0.0,0.0,-20.0,Object notstarted,Object notstarted,Object notstarted,Object notstarted,Object notstarted,Object notstarted,Object notstarted,Object notstarted,Object notstarted
2024-02-19 19:07:27,928.928,__main___datalogs,INFO,JoyConState.USE_SNS,-6.587500,12.362500,-179.472500,6.483827,0.029753,0.011443,0.004577,19.000000,0.000000,0.000000,0.000000,0,0,0,0,0,0,0,0,0,0,0,0.045257568359375,-0.010467529296875,-20.0,-20.0,0.0,20.0,0.0,0.0,0.0,-20.0,Object notstarted,Object notstarted,Object notstarted,Object notstarted,Object notstarted,Object notstarted,Object notstarted,Object notstarted,Object notstarted
2024-02-19 19:07:27,982.982,__main___datalogs,INFO,JoyConState.USE_SNS,-6.587500,12.362500,-177.880000,5.417302,0.029753,0.006866,0.004577,19.000000,0.000000,0.000000,0.000000,0,0,0,0,0,0,0,0,0,0,0,0.045257568359375,-0.010467529296875,-20.0,-20.0,0.0,20.0,0.0,0.0,0.0,-20.0,Object notstarted,Object notstarted,Object notstarted,Object notstarted,Object notstarted,Object notstarted,Object notstarted,Object notstarted,Object notstarted
2024-02-19 19:07:28,038.038,__main___datalogs,INFO,JoyConState.USE_SNS,-6.587500,12.362500,-176.625000,8.820568,0.025175,0.011443,0.004577,19.000000,0.000000,0.000000,0.000000,0,0,0,0,0,0,0,0,0,0,0,0.045257568359375,-0.010467529296875,-20.0,-20.0,0.0,20.0,0.0,0.0,0.0,-20.0,Object notstarted,Object notstarted,Object notstarted,Object notstarted,Object notstarted,Object notstarted,Object notstarted,Object notstarted,Object notstarted
2024-02-19 19:07:28,096.096,__main___datalogs,INFO,JoyConState.USE_SNS,-6.587500,12.362500,-175.592500,8.317059,0.025175,0.011443,0.004577,19.000000,0.000000,0.000000,0.000000,0,0,0,0,0,0,0,0,0,0,0,0.045257568359375,-0.010467529296875,-20.0,-20.0,0.0,20.0,0.0,0.0,0.0,-20.0,Object notstarted,Object notstarted,Object notstarted,Object notstarted,Object notstarted,Object notstarted,Object notstarted,Object notstarted,Object notstarted
2024-02-19 19:07:28,173.173,__main___datalogs,INFO,JoyConState.USE_SNS,-6.587500,12.362500,-174.910000,7.277998,0.025175,0.006866,0.004577,19.000000,0.000000,0.000000,0.000000,0,0,0,0,0,0,0,0,0,0,0,0.045257568359375,-0.010467529296875,-20.0,-20.0,0.0,20.0,0.0,0.0,0.0,-20.0,Object notstarted,Object notstarted,Object notstarted,Object notstarted,Object notstarted,Object notstarted,Object notstarted,Object notstarted,Object notstarted
2024-02-19 19:07:28,250.250,__main___datalogs,INFO,JoyConState.USE_SNS,-6.587500,12.362500,-174.467500,8.829722,0.022887,0.006866,0.004577,19.000000,0.000000,0.000000,0.000000,0,0,0,0,0,0,0,0,0,0,0,0.045257568359375,-0.010467529296875,-20.0,-20.0,0.0,20.0,0.0,0.0,0.0,-20.0,Object notstarted,Object notstarted,Object notstarted,Object notstarted,Object notstarted,Object notstarted,Object notstarted,Object notstarted,Object notstarted
2024-02-19 19:07:28,319.319,__main___datalogs,INFO,JoyConState.USE_SNS,-6.587500,12.362500,-174.110000,5.268538,0.025175,0.013732,0.004577,19.000000,0.000000,0.000000,0.000000,0,0,0,0,0,0,0,0,0,0,0,0.045257568359375,-0.010467529296875,-20.0,0.0,-60.0,20.0,0.0,0.0,0.0,-20.0,Object notstarted,Object notstarted,Object notstarted,Object notstarted,Object notstarted,Object notstarted,Object notstarted,Object notstarted,Object notstarted
2024-02-19 19:07:28,394.394,__main___datalogs,INFO,JoyConState.USE_SNS,-6.587500,12.362500,-173.237500,5.238786,0.029753,0.011443,0.004577,19.000000,0.000000,0.000000,0.000000,0,0,0,0,0,0,0,0,0,0,0,0.045257568359375,-0.010467529296875,-20.0,0.0,-60.0,20.0,0.0,0.0,0.0,-20.0,Object notstarted,Object notstarted,Object notstarted,Object notstarted,Object notstarted,Object notstarted,Object notstarted,Object notstarted,Object notstarted
2024-02-19 19:07:28,472.472,__main___datalogs,INFO,JoyConState.USE_SNS,-6.587500,12.362500,-171.845000,8.124809,0.025175,0.011443,0.006866,19.000000,0.000000,0.000000,0.000000,0,0,0,0,0,0,0,0,0,0,0,0.045257568359375,-0.010467529296875,-20.0,0.0,-60.0,20.0,0.0,0.0,0.0,-20.0,Object notstarted,Object notstarted,Object notstarted,Object notstarted,Object notstarted,Object notstarted,Object notstarted,Object notstarted,Object notstarted
2024-02-19 19:07:28,531.531,__main___datalogs,INFO,JoyConState.USE_SNS,-6.587500,12.362500,-169.695000,7.369545,0.029753,0.011443,0.000000,19.000000,0.000000,0.000000,0.000000,0,0,0,0,0,0,0,0,0,0,0,0.045257568359375,-0.010467529296875,-20.0,0.0,-60.0,20.0,0.0,0.0,0.0,-20.0,Object notstarted,Object notstarted,Object notstarted,Object notstarted,Object notstarted,Object notstarted,Object notstarted,Object notstarted,Object notstarted
2024-02-19 19:07:28,585.585,__main___datalogs,INFO,JoyConState.USE_SNS,-6.587500,12.362500,-167.795000,8.738175,0.025175,0.013732,0.000000,19.000000,0.000000,0.000000,0.000000,0,0,0,0,0,0,0,0,0,0,0,0.045257568359375,-0.010467529296875,-20.0,0.0,-60.0,20.0,0.0,0.0,0.0,-20.0,Object notstarted,Object notstarted,Object notstarted,Object notstarted,Object notstarted,Object notstarted,Object notstarted,Object notstarted,Object notstarted
2024-02-19 19:07:28,694.694,__main___datalogs,INFO,JoyConState.USE_SNS,-6.587500,12.362500,-165.290000,7.992066,0.022887,0.013732,0.000000,19.000000,0.000000,0.000000,0.000000,0,0,0,0,0,0,0,0,0,0,0,0.045257568359375,-0.010467529296875,-20.0,0.0,-60.0,20.0,0.0,0.0,0.0,-20.0,Object notstarted,Object notstarted,Object notstarted,Object notstarted,Object notstarted,Object notstarted,Object notstarted,Object notstarted,Object notstarted
2024-02-19 19:07:28,784.784,__main___datalogs,INFO,JoyConState.USE_SNS,-6.587500,12.362500,-161.435000,8.761062,0.025175,0.011443,0.004577,19.000000,0.000000,0.000000,0.000000,0,0,0,0,0,0,0,0,0,0,0,0.045257568359375,-0.010467529296875,-20.0,0.0,-60.0,20.0,0.0,0.0,0.0,-20.0,Object notstarted,Object notstarted,Object notstarted,Object notstarted,Object notstarted,Object notstarted,Object notstarted,Object notstarted,Object notstarted
2024-02-19 19:07:28,860.860,__main___datalogs,INFO,JoyConState.USE_SNS,-6.587500,12.362500,-158.980000,7.715136,0.029753,0.011443,0.004577,19.000000,0.000000,0.000000,0.000000,0,0,0,0,0,0,0,0,0,0,0,0.045257568359375,-0.010467529296875,-20.0,0.0,-60.0,20.0,0.0,0.0,0.0,-20.0,Object notstarted,Object notstarted,Object notstarted,Object notstarted,Object notstarted,Object notstarted,Object notstarted,Object notstarted,Object notstarted
2024-02-19 19:07:28,918.918,__main___datalogs,INFO,JoyConState.USE_SNS,-6.587500,12.362500,-156.345000,8.765639,0.025175,0.011443,0.004577,19.000000,0.000000,0.000000,0.000000,0,0,0,0,0,0,0,0,0,0,0,0.045257568359375,-0.010467529296875,-20.0,0.0,-60.0,20.0,0.0,0.0,0.0,-20.0,Object notstarted,Object notstarted,Object notstarted,Object notstarted,Object notstarted,Object notstarted,Object notstarted,Object notstarted,Object notstarted
2024-02-19 19:07:28,974.974,__main___datalogs,INFO,JoyConState.USE_SNS,-6.587500,12.362500,-154.320000,8.365121,0.025175,0.002289,0.004577,19.000000,0.000000,0.000000,0.000000,0,0,0,0,0,0,0,0,0,0,0,0.045257568359375,-0.010467529296875,-20.0,0.0,-60.0,20.0,0.0,0.0,0.0,-20.0,Object notstarted,Object notstarted,Object notstarted,Object notstarted,Object notstarted,Object notstarted,Object notstarted,Object notstarted,Object notstarted
2024-02-19 19:07:29,031.031,__main___datalogs,INFO,JoyConState.USE_SNS,-6.587500,12.362500,-152.310000,6.573085,0.025175,0.006866,0.004577,19.000000,0.000000,0.000000,0.000000,0,0,0,0,0,0,0,0,0,0,0,0.045257568359375,-0.010467529296875,-20.0,0.0,-60.0,20.0,0.0,0.0,0.0,-20.0,Object notstarted,Object notstarted,Object notstarted,Object notstarted,Object notstarted,Object notstarted,Object notstarted,Object notstarted,Object notstarted
2024-02-19 19:07:29,094.094,__main___datalogs,INFO,JoyConState.USE_SNS,-6.587500,12.362500,-150.375000,6.193165,0.025175,0.011443,0.004577,19.000000,0.000000,0.000000,0.000000,0,0,0,0,0,0,0,0,0,0,0,0.045257568359375,-0.010467529296875,-20.0,0.0,-60.0,20.0,0.0,0.0,0.0,-20.0,Object notstarted,Object notstarted,Object notstarted,Object notstarted,Object notstarted,Object notstarted,Object notstarted,Object notstarted,Object notstarted
2024-02-19 19:07:29,148.148,__main___datalogs,INFO,JoyConState.USE_SNS,-6.587500,12.362500,-148.180000,6.554776,0.022887,0.011443,0.004577,19.000000,0.000000,0.000000,0.000000,0,0,0,0,0,0,0,0,0,0,0,0.045257568359375,-0.010467529296875,-20.0,0.0,-60.0,20.0,0.0,0.0,0.0,-20.0,Object notstarted,Object notstarted,Object notstarted,Object notstarted,Object notstarted,Object notstarted,Object notstarted,Object notstarted,Object notstarted
2024-02-19 19:07:29,215.215,__main___datalogs,INFO,JoyConState.USE_SNS,-6.587500,12.362500,-146.260000,8.481843,0.018309,0.006866,0.004577,19.000000,0.000000,0.000000,0.000000,0,0,0,0,0,0,0,0,0,0,0,0.045257568359375,-0.010467529296875,-20.0,0.0,-60.0,20.0,0.0,0.0,0.0,-20.0,Object notstarted,Object notstarted,Object notstarted,Object notstarted,Object notstarted,Object notstarted,Object notstarted,Object notstarted,Object notstarted
2024-02-19 19:07:29,269.269,__main___datalogs,INFO,JoyConState.USE_SNS,-6.587500,12.362500,-143.970000,8.518462,0.022887,0.011443,0.000000,19.000000,0.000000,0.000000,0.000000,0,0,0,0,0,0,0,0,0,0,0,0.045257568359375,-0.010467529296875,-20.0,0.0,-60.0,20.0,0.0,0.0,0.0,-20.0,Object notstarted,Object notstarted,Object notstarted,Object notstarted,Object notstarted,Object notstarted,Object notstarted,Object notstarted,Object notstarted
2024-02-19 19:07:29,322.322,__main___datalogs,INFO,JoyConState.USE_SNS,-6.587500,12.362500,-142.035000,6.476961,0.029753,0.006866,0.000000,19.000000,0.000000,0.000000,0.000000,0,0,0,0,0,0,0,0,0,0,0,0.045257568359375,-0.010467529296875,-20.0,0.0,-60.0,20.0,0.0,0.0,0.0,-20.0,Object notstarted,Object notstarted,Object notstarted,Object notstarted,Object notstarted,Object notstarted,Object notstarted,Object notstarted,Object notstarted
2024-02-19 19:07:29,383.383,__main___datalogs,INFO,JoyConState.USE_SNS,-6.587500,12.362500,-140.145000,8.548215,0.029753,0.011443,0.004577,19.000000,0.000000,0.000000,0.000000,0,0,0,0,0,0,0,0,0,0,0,0.045257568359375,-0.010467529296875,-20.0,0.0,-60.0,20.0,0.0,0.0,0.0,-20.0,Object notstarted,Object notstarted,Object notstarted,Object notstarted,Object notstarted,Object notstarted,Object notstarted,Object notstarted,Object notstarted
2024-02-19 19:07:29,434.434,__main___datalogs,INFO,JoyConState.USE_SNS,-6.587500,12.362500,-138.090000,8.486421,0.022887,0.011443,0.004577,19.000000,0.000000,0.000000,0.000000,0,0,0,0,0,0,0,0,0,0,0,0.045257568359375,-0.010467529296875,-20.0,0.0,-60.0,20.0,0.0,0.0,0.0,-20.0,Object notstarted,Object notstarted,Object notstarted,Object notstarted,Object notstarted,Object notstarted,Object notstarted,Object notstarted,Object notstarted
2024-02-19 19:07:29,482.482,__main___datalogs,INFO,JoyConState.USE_SNS,-6.587500,12.362500,-136.325000,5.291425,0.022887,0.011443,0.004577,19.000000,0.000000,0.000000,0.000000,0,0,0,0,0,0,0,0,0,0,0,0.045257568359375,-0.010467529296875,-20.0,0.0,-60.0,20.0,0.0,0.0,0.0,-20.0,Object notstarted,Object notstarted,Object notstarted,Object notstarted,Object notstarted,Object notstarted,Object notstarted,Object notstarted,Object notstarted
2024-02-19 19:07:29,537.537,__main___datalogs,INFO,JoyConState.USE_SNS,-6.587500,12.362500,-134.470000,8.461246,0.025175,0.011443,0.004577,19.000000,0.000000,0.000000,0.000000,0,0,0,0,0,0,0,0,0,0,0,0.045257568359375,-0.010467529296875,-20.0,0.0,-60.0,20.0,0.0,0.0,0.0,-20.0,Object notstarted,Object notstarted,Object notstarted,Object notstarted,Object notstarted,Object notstarted,Object notstarted,Object notstarted,Object notstarted
2024-02-19 19:07:29,605.605,__main___datalogs,INFO,JoyConState.USE_SNS,-6.587500,12.362500,-132.655000,6.488404,0.022887,0.006866,0.000000,19.000000,0.000000,0.000000,0.000000,0,0,0,0,0,0,0,0,0,0,0,0.045257568359375,-0.010467529296875,-20.0,0.0,-60.0,20.0,0.0,0.0,0.0,-20.0,Object notstarted,Object notstarted,Object notstarted,Object notstarted,Object notstarted,Object notstarted,Object notstarted,Object notstarted,Object notstarted
2024-02-19 19:07:29,675.675,__main___datalogs,INFO,JoyConState.USE_SNS,-6.587500,12.362500,-130.200000,7.129234,0.025175,0.013732,0.004577,19.000000,0.000000,0.000000,0.000000,0,0,0,0,0,0,0,0,0,0,0,0.045257568359375,-0.010467529296875,-20.0,0.0,-60.0,20.0,0.0,0.0,0.0,-20.0,Object notstarted,Object notstarted,Object notstarted,Object notstarted,Object notstarted,Object notstarted,Object notstarted,Object notstarted,Object notstarted
2024-02-19 19:07:29,731.731,__main___datalogs,INFO,JoyConState.USE_SNS,-6.587500,12.362500,-127.925000,7.646476,0.025175,0.011443,0.000000,19.000000,0.000000,0.000000,0.000000,0,0,0,0,0,0,0,0,0,0,0,0.045257568359375,-0.010467529296875,-20.0,0.0,-60.0,20.0,0.0,0.0,0.0,-20.0,Object notstarted,Object notstarted,Object notstarted,Object notstarted,Object notstarted,Object notstarted,Object notstarted,Object notstarted,Object notstarted
2024-02-19 19:07:29,846.846,__main___datalogs,INFO,JoyConState.USE_SNS,-6.587500,12.362500,-125.040000,5.996338,0.025175,0.011443,0.004577,19.000000,0.000000,0.000000,0.000000,0,0,0,0,0,0,0,0,0,0,0,0.045257568359375,-0.010467529296875,-20.0,0.0,-60.0,20.0,0.0,0.0,0.0,-20.0,Object notstarted,Object notstarted,Object notstarted,Object notstarted,Object notstarted,Object notstarted,Object notstarted,Object notstarted,Object notstarted
2024-02-19 19:07:29,913.913,__main___datalogs,INFO,JoyConState.USE_SNS,-6.587500,12.362500,-121.995000,8.234666,0.022887,0.013732,0.004577,19.000000,0.000000,0.000000,0.000000,0,0,0,0,0,0,0,0,0,0,0,0.045257568359375,-0.010467529296875,-20.0,0.0,-60.0,20.0,0.0,0.0,0.0,-20.0,Object notstarted,Object notstarted,Object notstarted,Object notstarted,Object notstarted,Object notstarted,Object notstarted,Object notstarted,Object notstarted
2024-02-19 19:07:29,965.965,__main___datalogs,INFO,JoyConState.USE_SNS,-6.587500,12.362500,-119.635000,8.438358,0.029753,0.013732,0.004577,19.000000,0.000000,0.000000,0.000000,0,0,0,0,0,0,0,0,0,0,0,0.045257568359375,-0.010467529296875,-20.0,0.0,-60.0,20.0,0.0,0.0,0.0,-20.0,Object notstarted,Object notstarted,Object notstarted,Object notstarted,Object notstarted,Object notstarted,Object notstarted,Object notstarted,Object notstarted
2024-02-19 19:07:30,026.026,__main___datalogs,INFO,JoyConState.USE_SNS,-6.587500,12.362500,-117.675000,5.115197,0.025175,0.011443,0.004577,19.000000,0.000000,0.000000,0.000000,0,0,0,0,0,0,0,0,0,0,0,0.045257568359375,-0.010467529296875,-20.0,0.0,-60.0,20.0,0.0,0.0,0.0,-20.0,Object notstarted,Object notstarted,Object notstarted,Object notstarted,Object notstarted,Object notstarted,Object notstarted,Object notstarted,Object notstarted
2024-02-19 19:07:30,081.081,__main___datalogs,INFO,JoyConState.USE_SNS,-6.587500,12.362500,-115.665000,5.959720,0.022887,0.011443,0.004577,19.000000,0.000000,0.000000,0.000000,0,0,0,0,0,0,0,0,0,0,0,0.045257568359375,-0.010467529296875,-20.0,0.0,-60.0,20.0,0.0,0.0,0.0,-20.0,Object notstarted,Object notstarted,Object notstarted,Object notstarted,Object notstarted,Object notstarted,Object notstarted,Object notstarted,Object notstarted
2024-02-19 19:07:30,145.145,__main___datalogs,INFO,JoyConState.USE_SNS,-6.587500,12.362500,-113.735000,8.745041,0.025175,0.006866,0.000000,19.000000,0.000000,0.000000,0.000000,0,0,0,0,0,0,0,0,0,0,0,0.045257568359375,-0.010467529296875,-20.0,0.0,-60.0,20.0,0.0,0.0,0.0,-20.0,Object notstarted,Object notstarted,Object notstarted,Object notstarted,Object notstarted,Object notstarted,Object notstarted,Object notstarted,Object notstarted
2024-02-19 19:07:30,204.204,__main___datalogs,INFO,JoyConState.USE_SNS,-6.587500,12.362500,-111.680000,8.607720,0.025175,0.011443,0.004577,19.000000,0.000000,0.000000,0.000000,0,0,0,0,0,0,0,0,0,0,0,0.045257568359375,-0.010467529296875,-20.0,0.0,-60.0,20.0,0.0,0.0,0.0,-20.0,Object notstarted,Object notstarted,Object notstarted,Object notstarted,Object notstarted,Object notstarted,Object notstarted,Object notstarted,Object notstarted
2024-02-19 19:07:30,280.280,__main___datalogs,INFO,JoyConState.USE_SNS,-6.587500,12.362500,-109.860000,7.971468,0.022887,0.011443,0.004577,19.000000,0.000000,0.000000,0.000000,0,0,0,0,0,0,0,0,0,0,0,0.045257568359375,-0.010467529296875,-20.0,0.0,-60.0,20.0,0.0,0.0,0.0,-20.0,Object notstarted,Object notstarted,Object notstarted,Object notstarted,Object notstarted,Object notstarted,Object notstarted,Object notstarted,Object notstarted
2024-02-19 19:07:30,341.341,__main___datalogs,INFO,JoyConState.USE_SNS,-6.587500,12.362500,-107.275000,8.836589,0.025175,0.011443,0.000000,19.000000,0.000000,0.000000,0.000000,0,0,0,0,0,0,0,0,0,0,0,0.045257568359375,-0.010467529296875,-20.0,0.0,-60.0,20.0,0.0,0.0,0.0,-20.0,Object notstarted,Object notstarted,Object notstarted,Object notstarted,Object notstarted,Object notstarted,Object notstarted,Object notstarted,Object notstarted
2024-02-19 19:07:30,417.417,__main___datalogs,INFO,JoyConState.USE_SNS,-6.587500,12.362500,-105.185000,8.445225,0.029753,0.013732,-0.004577,19.000000,0.000000,0.000000,0.000000,0,0,0,0,0,0,0,0,0,0,0,0.045257568359375,-0.010467529296875,-20.0,0.0,-60.0,20.0,0.0,0.0,0.0,-20.0,Object notstarted,Object notstarted,Object notstarted,Object notstarted,Object notstarted,Object notstarted,Object notstarted,Object notstarted,Object notstarted
2024-02-19 19:07:30,482.482,__main___datalogs,INFO,JoyConState.USE_SNS,-6.587500,12.362500,-102.515000,7.051419,0.022887,0.011443,0.000000,19.000000,0.000000,0.000000,0.000000,0,0,0,0,0,0,0,0,0,0,0,0.045257568359375,-0.010467529296875,0.0,-20.0,-60.0,0.0,20.0,0.0,0.0,-20.0,Object notstarted,Object notstarted,Object notstarted,Object notstarted,Object notstarted,Object notstarted,Object notstarted,Object notstarted,Object notstarted
2024-02-19 19:07:30,535.535,__main___datalogs,INFO,JoyConState.USE_SNS,-6.587500,12.362500,-100.255000,8.438358,0.022887,0.011443,0.006866,19.000000,0.000000,0.000000,0.000000,0,0,0,0,0,0,0,0,0,0,0,0.045257568359375,-0.010467529296875,0.0,-20.0,-60.0,0.0,20.0,0.0,0.0,-20.0,Object notstarted,Object notstarted,Object notstarted,Object notstarted,Object notstarted,Object notstarted,Object notstarted,Object notstarted,Object notstarted
2024-02-19 19:07:30,584.584,__main___datalogs,INFO,JoyConState.USE_SNS,-6.587500,12.362500,-98.385000,8.024108,0.025175,0.006866,0.004577,19.000000,0.000000,0.000000,0.000000,0,0,0,0,0,0,0,0,0,0,0,0.045257568359375,-0.010467529296875,0.0,-20.0,-60.0,0.0,20.0,0.0,0.0,-20.0,Object notstarted,Object notstarted,Object notstarted,Object notstarted,Object notstarted,Object notstarted,Object notstarted,Object notstarted,Object notstarted
2024-02-19 19:07:30,643.643,__main___datalogs,INFO,JoyConState.USE_SNS,-6.587500,12.362500,-96.700000,7.058285,0.025175,0.011443,0.004577,19.000000,0.000000,0.000000,0.000000,0,0,0,0,0,0,0,0,0,0,0,0.045257568359375,-0.010467529296875,0.0,-20.0,-60.0,0.0,20.0,0.0,0.0,-20.0,Object notstarted,Object notstarted,Object notstarted,Object notstarted,Object notstarted,Object notstarted,Object notstarted,Object notstarted,Object notstarted
2024-02-19 19:07:30,701.701,__main___datalogs,INFO,JoyConState.USE_SNS,-6.587500,12.362500,-94.650000,8.777082,0.025175,0.011443,0.006866,19.000000,0.000000,0.000000,0.000000,0,0,0,0,0,0,0,0,0,0,0,0.045257568359375,-0.010467529296875,0.0,-20.0,-60.0,0.0,20.0,0.0,0.0,-20.0,Object notstarted,Object notstarted,Object notstarted,Object notstarted,Object notstarted,Object notstarted,Object notstarted,Object notstarted,Object notstarted
2024-02-19 19:07:30,758.758,__main___datalogs,INFO,JoyConState.USE_SNS,-6.587500,12.362500,-92.740000,8.255264,0.025175,0.011443,0.004577,19.000000,0.000000,0.000000,0.000000,0,0,0,0,0,0,0,0,0,0,0,0.045257568359375,-0.010467529296875,0.0,-20.0,-60.0,0.0,20.0,0.0,0.0,-20.0,Object notstarted,Object notstarted,Object notstarted,Object notstarted,Object notstarted,Object notstarted,Object notstarted,Object notstarted,Object notstarted
2024-02-19 19:07:30,828.828,__main___datalogs,INFO,JoyConState.USE_SNS,-6.587500,12.362500,-91.077500,7.158987,0.025175,0.011443,0.006866,19.000000,0.000000,0.000000,0.000000,0,0,0,0,0,0,0,0,0,0,0,0.045257568359375,-0.010467529296875,0.0,-20.0,-60.0,0.0,20.0,0.0,0.0,-20.0,Object notstarted,Object notstarted,Object notstarted,Object notstarted,Object notstarted,Object notstarted,Object notstarted,Object notstarted,Object notstarted
2024-02-19 19:07:30,930.930,__main___datalogs,INFO,JoyConState.USE_SNS,-6.587500,12.362500,-89.347500,8.003510,0.029753,0.011443,0.004577,19.000000,0.000000,0.000000,0.000000,0,0,0,0,0,0,0,0,0,0,0,0.045257568359375,-0.010467529296875,0.0,-20.0,-60.0,0.0,20.0,0.0,0.0,-20.0,Object notstarted,Object notstarted,Object notstarted,Object notstarted,Object notstarted,Object notstarted,Object notstarted,Object notstarted,Object notstarted
2024-02-19 19:07:31,023.023,__main___datalogs,INFO,JoyConState.USE_SNS,-6.587500,12.362500,-88.022500,8.605432,0.025175,0.011443,0.000000,19.000000,0.000000,0.000000,0.000000,0,0,0,0,0,0,0,0,0,0,0,0.045257568359375,-0.010467529296875,0.0,-20.0,-60.0,0.0,20.0,0.0,0.0,-20.0,Object notstarted,Object notstarted,Object notstarted,Object notstarted,Object notstarted,Object notstarted,Object notstarted,Object notstarted,Object notstarted
2024-02-19 19:07:31,113.113,__main___datalogs,INFO,JoyConState.USE_SNS,-6.587500,12.350000,-87.557500,8.454379,0.025175,0.013732,0.004577,19.000000,0.000000,0.000000,0.000000,0,0,0,0,0,0,0,0,0,0,0,0.045257568359375,-0.010467529296875,0.0,-20.0,-60.0,0.0,20.0,0.0,0.0,-20.0,Object notstarted,Object notstarted,Object notstarted,Object notstarted,Object notstarted,Object notstarted,Object notstarted,Object notstarted,Object notstarted
2024-02-19 19:07:31,180.180,__main___datalogs,INFO,JoyConState.USE_SNS,-6.512500,11.375000,-88.107500,7.110925,0.025175,0.011443,0.004577,19.000000,0.000000,0.000000,0.000000,0,0,0,0,0,0,0,0,0,0,0,0.045257568359375,-0.010467529296875,0.0,-20.0,-60.0,0.0,20.0,0.0,0.0,-20.0,Object notstarted,Object notstarted,Object notstarted,Object notstarted,Object notstarted,Object notstarted,Object notstarted,Object notstarted,Object notstarted
2024-02-19 19:07:31,242.242,__main___datalogs,INFO,JoyConState.USE_SNS,-6.375000,9.750000,-89.032500,6.573085,0.025175,0.011443,0.004577,19.000000,0.000000,0.000000,0.000000,0,0,0,0,0,0,0,0,0,0,0,0.045257568359375,-0.010467529296875,0.0,-20.0,-60.0,0.0,20.0,0.0,0.0,-20.0,Object notstarted,Object notstarted,Object notstarted,Object notstarted,Object notstarted,Object notstarted,Object notstarted,Object notstarted,Object notstarted
2024-02-19 19:07:31,305.305,__main___datalogs,INFO,JoyConState.USE_SNS,-6.175000,7.187500,-90.487500,5.302869,0.029753,0.011443,0.000000,19.000000,0.000000,0.000000,0.000000,0,0,0,0,0,0,0,0,0,0,0,0.045257568359375,-0.010467529296875,0.0,-20.0,-60.0,0.0,20.0,0.0,0.0,-20.0,Object notstarted,Object notstarted,Object notstarted,Object notstarted,Object notstarted,Object notstarted,Object notstarted,Object notstarted,Object notstarted
2024-02-19 19:07:31,362.362,__main___datalogs,INFO,JoyConState.USE_SNS,-5.975000,4.712500,-91.887500,6.177144,0.025175,0.011443,0.000000,19.000000,0.000000,0.000000,0.000000,0,0,0,0,0,0,0,0,0,0,0,0.045257568359375,-0.010467529296875,0.0,-20.0,-60.0,0.0,20.0,0.0,0.0,-20.0,Object notstarted,Object notstarted,Object notstarted,Object notstarted,Object notstarted,Object notstarted,Object notstarted,Object notstarted,Object notstarted
2024-02-19 19:07:31,418.418,__main___datalogs,INFO,JoyConState.USE_SNS,-5.775000,2.300000,-93.255000,8.692402,0.025175,0.011443,0.006866,19.000000,0.000000,0.000000,0.000000,0,0,0,0,0,0,0,0,0,0,0,0.045257568359375,-0.010467529296875,0.0,-20.0,-60.0,0.0,20.0,0.0,0.0,-20.0,Object notstarted,Object notstarted,Object notstarted,Object notstarted,Object notstarted,Object notstarted,Object notstarted,Object notstarted,Object notstarted
2024-02-19 19:07:31,471.471,__main___datalogs,INFO,JoyConState.USE_SNS,-5.575000,-0.125000,-94.635000,7.165853,0.025175,0.011443,0.004577,19.000000,0.000000,0.000000,0.000000,0,0,0,0,0,0,0,0,0,0,0,0.045257568359375,-0.010467529296875,0.0,-20.0,-60.0,0.0,20.0,0.0,0.0,-20.0,Object notstarted,Object notstarted,Object notstarted,Object notstarted,Object notstarted,Object notstarted,Object notstarted,Object notstarted,Object notstarted
2024-02-19 19:07:31,537.537,__main___datalogs,INFO,JoyConState.USE_SNS,-5.387500,-2.512500,-95.990000,7.014800,0.025175,0.006866,0.004577,19.000000,0.000000,0.000000,0.000000,0,0,0,0,0,0,0,0,0,0,0,0.045257568359375,-0.010467529296875,0.0,-20.0,-60.0,0.0,20.0,0.0,0.0,-20.0,Object notstarted,Object notstarted,Object notstarted,Object notstarted,Object notstarted,Object notstarted,Object notstarted,Object notstarted,Object notstarted
2024-02-19 19:07:31,599.599,__main___datalogs,INFO,JoyConState.USE_SNS,-5.162500,-5.262500,-97.550000,7.177297,0.025175,0.011443,0.004577,19.000000,0.000000,0.000000,0.000000,0,0,0,0,0,0,0,0,0,0,0,0.045257568359375,-0.010467529296875,0.0,-20.0,-60.0,0.0,20.0,0.0,0.0,-20.0,Object notstarted,Object notstarted,Object notstarted,Object notstarted,Object notstarted,Object notstarted,Object notstarted,Object notstarted,Object notstarted
2024-02-19 19:07:31,653.653,__main___datalogs,INFO,JoyConState.USE_SNS,-4.950000,-7.987500,-99.095000,7.612145,0.025175,0.006866,0.004577,19.000000,0.000000,0.000000,0.000000,0,0,0,0,0,0,0,0,0,0,0,0.045257568359375,-0.010467529296875,0.0,-20.0,-60.0,0.0,20.0,0.0,0.0,-20.0,Object notstarted,Object notstarted,Object notstarted,Object notstarted,Object notstarted,Object notstarted,Object notstarted,Object notstarted,Object notstarted
2024-02-19 19:07:31,709.709,__main___datalogs,INFO,JoyConState.USE_SNS,-4.762500,-10.362500,-100.442500,8.099634,0.025175,0.006866,0.004577,19.000000,0.000000,0.000000,0.000000,0,0,0,0,0,0,0,0,0,0,0,0.045257568359375,-0.010467529296875,0.0,-20.0,-60.0,0.0,20.0,0.0,0.0,-20.0,Object notstarted,Object notstarted,Object notstarted,Object notstarted,Object notstarted,Object notstarted,Object notstarted,Object notstarted,Object notstarted
2024-02-19 19:07:31,761.761,__main___datalogs,INFO,JoyConState.USE_SNS,-4.562500,-12.762500,-101.805000,6.412878,0.025175,0.011443,0.004577,19.000000,0.000000,0.000000,0.000000,0,0,0,0,0,0,0,0,0,0,0,0.045257568359375,-0.010467529296875,0.0,-20.0,-60.0,0.0,20.0,0.0,0.0,-20.0,Object notstarted,Object notstarted,Object notstarted,Object notstarted,Object notstarted,Object notstarted,Object notstarted,Object notstarted,Object notstarted
2024-02-19 19:07:31,806.806,__main___datalogs,INFO,JoyConState.USE_SNS,-4.387500,-15.012500,-103.080000,5.410437,0.029753,0.011443,0.004577,19.000000,0.000000,0.000000,0.000000,0,0,0,0,0,0,0,0,0,0,0,0.045257568359375,-0.010467529296875,0.0,-20.0,-60.0,0.0,20.0,0.0,0.0,-20.0,Object notstarted,Object notstarted,Object notstarted,Object notstarted,Object notstarted,Object notstarted,Object notstarted,Object notstarted,Object notstarted
2024-02-19 19:07:31,857.857,__main___datalogs,INFO,JoyConState.USE_SNS,-4.212500,-17.087500,-104.257500,4.996185,0.025175,0.011443,0.004577,19.000000,0.000000,0.000000,0.000000,0,0,0,0,0,0,0,0,0,0,0,0.045257568359375,-0.010467529296875,0.0,-20.0,-60.0,0.0,20.0,0.0,0.0,-20.0,Object notstarted,Object notstarted,Object notstarted,Object notstarted,Object notstarted,Object notstarted,Object notstarted,Object notstarted,Object notstarted
2024-02-19 19:07:31,908.908,__main___datalogs,INFO,JoyConState.USE_SNS,-4.050000,-19.162500,-105.435000,8.548215,0.025175,0.011443,0.004577,19.000000,0.000000,0.000000,0.000000,0,0,0,0,0,0,0,0,0,0,0,0.045257568359375,-0.010467529296875,0.0,-20.0,-60.0,0.0,20.0,0.0,0.0,-20.0,Object notstarted,Object notstarted,Object notstarted,Object notstarted,Object notstarted,Object notstarted,Object notstarted,Object notstarted,Object notstarted
2024-02-19 19:07:31,958.958,__main___datalogs,INFO,JoyConState.USE_SNS,-3.875000,-21.250000,-106.617500,5.032804,0.025175,0.011443,0.004577,19.000000,0.000000,0.000000,0.000000,0,0,0,0,0,0,0,0,0,0,0,0.045257568359375,-0.010467529296875,0.0,-20.0,-60.0,0.0,20.0,0.0,0.0,-20.0,Object notstarted,Object notstarted,Object notstarted,Object notstarted,Object notstarted,Object notstarted,Object notstarted,Object notstarted,Object notstarted
2024-02-19 19:07:32,031.031,__main___datalogs,INFO,JoyConState.USE_SNS,-3.712500,-23.337500,-107.800000,8.619164,0.029753,0.011443,0.006866,19.000000,0.000000,0.000000,0.000000,0,0,0,0,0,0,0,0,0,0,0,0.045257568359375,-0.010467529296875,0.0,-20.0,-60.0,0.0,20.0,0.0,0.0,-20.0,Object notstarted,Object notstarted,Object notstarted,Object notstarted,Object notstarted,Object notstarted,Object notstarted,Object notstarted,Object notstarted
2024-02-19 19:07:32,085.085,__main___datalogs,INFO,JoyConState.USE_SNS,-3.625000,-24.437500,-108.427500,8.088190,0.025175,0.011443,0.006866,19.000000,0.000000,0.000000,0.000000,0,0,0,0,0,0,0,0,0,0,0,0.045257568359375,-0.010467529296875,0.0,-20.0,-60.0,0.0,20.0,0.0,0.0,-20.0,Object notstarted,Object notstarted,Object notstarted,Object notstarted,Object notstarted,Object notstarted,Object notstarted,Object notstarted,Object notstarted
2024-02-19 19:07:32,147.147,__main___datalogs,INFO,JoyConState.USE_SNS,-3.575000,-25.000000,-108.745000,7.960025,0.029753,0.011443,0.006866,19.000000,0.000000,0.000000,0.000000,0,0,0,0,0,0,0,0,0,0,0,0.045257568359375,-0.010467529296875,0.0,-20.0,-60.0,0.0,20.0,0.0,0.0,-20.0,Object notstarted,Object notstarted,Object notstarted,Object notstarted,Object notstarted,Object notstarted,Object notstarted,Object notstarted,Object notstarted
2024-02-19 19:07:32,223.223,__main___datalogs,INFO,JoyConState.USE_SNS,-3.537500,-25.625000,-109.030000,6.856881,0.029753,0.011443,0.004577,19.000000,0.000000,0.000000,0.000000,0,0,0,0,0,0,0,0,0,0,0,0.045257568359375,-0.010467529296875,0.0,-20.0,-60.0,0.0,20.0,0.0,0.0,-20.0,Object notstarted,Object notstarted,Object notstarted,Object notstarted,Object notstarted,Object notstarted,Object notstarted,Object notstarted,Object notstarted
2024-02-19 19:07:32,310.310,__main___datalogs,INFO,JoyConState.USE_SNS,-3.412500,-27.575000,-109.905000,8.301038,0.029753,0.011443,0.004577,19.000000,0.000000,0.000000,0.000000,0,0,0,0,0,0,0,0,0,0,0,0.045257568359375,-0.010467529296875,0.0,-20.0,-60.0,0.0,20.0,0.0,0.0,-20.0,Object notstarted,Object notstarted,Object notstarted,Object notstarted,Object notstarted,Object notstarted,Object notstarted,Object notstarted,Object notstarted
2024-02-19 19:07:32,403.403,__main___datalogs,INFO,JoyConState.USE_SNS,-3.262500,-29.762500,-110.877500,5.664480,0.025175,0.011443,0.004577,19.000000,0.000000,0.000000,0.000000,0,0,0,0,0,0,0,0,0,0,0,0.045257568359375,-0.010467529296875,0.0,-20.0,-60.0,0.0,20.0,0.0,0.0,-20.0,Object notstarted,Object notstarted,Object notstarted,Object notstarted,Object notstarted,Object notstarted,Object notstarted,Object notstarted,Object notstarted
2024-02-19 19:07:32,467.467,__main___datalogs,INFO,JoyConState.USE_SNS,-3.100000,-32.437500,-112.007500,5.911657,0.025175,0.011443,0.004577,19.000000,0.000000,0.000000,0.000000,0,0,0,0,0,0,0,0,0,0,0,0.045257568359375,-0.010467529296875,0.0,-20.0,-60.0,0.0,20.0,0.0,0.0,-20.0,Object notstarted,Object notstarted,Object notstarted,Object notstarted,Object notstarted,Object notstarted,Object notstarted,Object notstarted,Object notstarted
2024-02-19 19:07:32,518.518,__main___datalogs,INFO,JoyConState.USE_SNS,-3.037500,-33.562500,-112.480000,6.273269,0.022887,0.006866,0.006866,19.000000,0.000000,0.000000,0.000000,0,0,0,0,0,0,0,0,0,0,0,0.045257568359375,-0.010467529296875,0.0,-20.0,-60.0,0.0,20.0,0.0,0.0,-20.0,Object notstarted,Object notstarted,Object notstarted,Object notstarted,Object notstarted,Object notstarted,Object notstarted,Object notstarted,Object notstarted
2024-02-19 19:07:32,590.590,__main___datalogs,INFO,JoyConState.USE_SNS,-3.012500,-33.925000,-112.607500,8.021819,0.025175,0.011443,0.004577,19.000000,0.000000,0.000000,0.000000,0,0,0,0,0,0,0,0,0,0,0,0.045257568359375,-0.010467529296875,0.0,-20.0,-60.0,0.0,20.0,0.0,0.0,-20.0,Object notstarted,Object notstarted,Object notstarted,Object notstarted,Object notstarted,Object notstarted,Object notstarted,Object notstarted,Object notstarted
2024-02-19 19:07:32,680.680,__main___datalogs,INFO,JoyConState.USE_SNS,-2.950000,-35.825000,-113.117500,7.039976,0.022887,0.011443,0.004577,19.000000,0.000000,0.000000,0.000000,0,0,0,0,0,0,0,0,0,0,0,0.045257568359375,-0.010467529296875,0.0,-20.0,-60.0,0.0,20.0,0.0,0.0,-20.0,Object notstarted,Object notstarted,Object notstarted,Object notstarted,Object notstarted,Object notstarted,Object notstarted,Object notstarted,Object notstarted
2024-02-19 19:07:32,763.763,__main___datalogs,INFO,JoyConState.USE_SNS,-2.787500,-39.950000,-114.227500,7.609857,0.025175,0.011443,0.004577,19.000000,0.000000,0.000000,0.000000,0,0,0,0,0,0,0,0,0,0,0,0.045257568359375,-0.010467529296875,0.0,-20.0,-60.0,0.0,20.0,0.0,0.0,-20.0,Object notstarted,Object notstarted,Object notstarted,Object notstarted,Object notstarted,Object notstarted,Object notstarted,Object notstarted,Object notstarted
2024-02-19 19:07:32,823.823,__main___datalogs,INFO,JoyConState.USE_SNS,-2.637500,-43.987500,-115.315000,6.904943,0.025175,0.011443,0.006866,19.000000,0.000000,0.000000,0.000000,0,0,0,0,0,0,0,0,0,0,0,0.045257568359375,-0.010467529296875,0.0,-20.0,-60.0,0.0,20.0,0.0,0.0,-20.0,Object notstarted,Object notstarted,Object notstarted,Object notstarted,Object notstarted,Object notstarted,Object notstarted,Object notstarted,Object notstarted
2024-02-19 19:07:32,887.887,__main___datalogs,INFO,JoyConState.USE_SNS,-2.525000,-46.937500,-116.110000,8.733598,0.025175,0.006866,0.004577,19.000000,0.000000,0.000000,0.000000,0,0,0,0,0,0,0,0,0,0,0,0.045257568359375,-0.010467529296875,0.0,-20.0,-60.0,0.0,20.0,0.0,0.0,-20.0,Object notstarted,Object notstarted,Object notstarted,Object notstarted,Object notstarted,Object notstarted,Object notstarted,Object notstarted,Object notstarted
2024-02-19 19:07:32,960.960,__main___datalogs,INFO,JoyConState.USE_SNS,-2.400000,-50.125000,-116.970000,8.616876,0.025175,0.011443,0.004577,19.000000,0.000000,0.000000,0.000000,0,0,0,0,0,0,0,0,0,0,0,0.045257568359375,-0.010467529296875,0.0,-20.0,-60.0,0.0,20.0,0.0,0.0,-20.0,Object notstarted,Object notstarted,Object notstarted,Object notstarted,Object notstarted,Object notstarted,Object notstarted,Object notstarted,Object notstarted
2024-02-19 19:07:33,019.019,__main___datalogs,INFO,JoyConState.USE_SNS,-2.275000,-53.475000,-117.870000,7.630455,0.029753,0.011443,0.004577,19.000000,0.000000,0.000000,0.000000,0,0,0,0,0,0,0,0,0,0,0,0.045257568359375,-0.010467529296875,0.0,-20.0,-60.0,0.0,20.0,0.0,0.0,-20.0,Object notstarted,Object notstarted,Object notstarted,Object notstarted,Object notstarted,Object notstarted,Object notstarted,Object notstarted,Object notstarted
2024-02-19 19:07:33,086.086,__main___datalogs,INFO,JoyConState.USE_SNS,-2.137500,-56.925000,-118.800000,8.596277,0.022887,0.011443,0.006866,19.000000,0.000000,0.000000,0.000000,0,0,0,0,0,0,0,0,0,0,0,0.045257568359375,-0.010467529296875,0.0,-20.0,-60.0,0.0,20.0,0.0,0.0,-20.0,Object notstarted,Object notstarted,Object notstarted,Object notstarted,Object notstarted,Object notstarted,Object notstarted,Object notstarted,Object notstarted
2024-02-19 19:07:33,140.140,__main___datalogs,INFO,JoyConState.USE_SNS,-2.037500,-59.612500,-119.522500,8.474977,0.025175,0.011443,0.004577,19.000000,0.000000,0.000000,0.000000,0,0,0,0,0,0,0,0,0,0,0,0.045257568359375,-0.010467529296875,0.0,-20.0,-60.0,0.0,20.0,0.0,0.0,-20.0,Object notstarted,Object notstarted,Object notstarted,Object notstarted,Object notstarted,Object notstarted,Object notstarted,Object notstarted,Object notstarted
2024-02-19 19:07:33,203.203,__main___datalogs,INFO,JoyConState.USE_SNS,-1.937500,-62.337500,-120.255000,6.525023,0.025175,0.013732,0.004577,19.000000,0.000000,0.000000,0.000000,0,0,0,0,0,0,0,0,0,0,0,0.045257568359375,-0.010467529296875,0.0,-20.0,-60.0,0.0,20.0,0.0,0.0,-20.0,Object notstarted,Object notstarted,Object notstarted,Object notstarted,Object notstarted,Object notstarted,Object notstarted,Object notstarted,Object notstarted
2024-02-19 19:07:33,276.276,__main___datalogs,INFO,JoyConState.USE_SNS,-1.825000,-65.187500,-121.025000,5.108331,0.022887,0.011443,0.004577,19.000000,0.000000,0.000000,0.000000,0,0,0,0,0,0,0,0,0,0,0,0.045257568359375,-0.010467529296875,0.0,-20.0,-60.0,0.0,20.0,0.0,0.0,-20.0,Object notstarted,Object notstarted,Object notstarted,Object notstarted,Object notstarted,Object notstarted,Object notstarted,Object notstarted,Object notstarted
2024-02-19 19:07:33,349.349,__main___datalogs,INFO,JoyConState.USE_SNS,-1.700000,-68.662500,-121.960000,7.680806,0.022887,0.011443,0.006866,19.000000,0.000000,0.000000,0.000000,0,0,0,0,0,0,0,0,0,0,0,0.045257568359375,-0.010467529296875,0.0,-20.0,-60.0,0.0,20.0,0.0,0.0,-20.0,Object notstarted,Object notstarted,Object notstarted,Object notstarted,Object notstarted,Object notstarted,Object notstarted,Object notstarted,Object notstarted
2024-02-19 19:07:33,418.418,__main___datalogs,INFO,JoyConState.USE_SNS,-1.562500,-72.162500,-122.902500,8.442936,0.025175,0.011443,0.006866,19.000000,0.000000,0.000000,0.000000,0,0,0,0,0,0,0,0,0,0,0,0.045257568359375,-0.010467529296875,0.0,-20.0,-60.0,0.0,20.0,0.0,0.0,-20.0,Object notstarted,Object notstarted,Object notstarted,Object notstarted,Object notstarted,Object notstarted,Object notstarted,Object notstarted,Object notstarted
2024-02-19 19:07:33,476.476,__main___datalogs,INFO,JoyConState.USE_SNS,-1.437500,-75.650000,-123.840000,8.772506,0.025175,0.006866,0.004577,19.000000,0.000000,0.000000,0.000000,0,0,0,0,0,0,0,0,0,0,0,0.045257568359375,-0.010467529296875,0.0,-20.0,-60.0,0.0,20.0,0.0,0.0,-20.0,Object notstarted,Object notstarted,Object notstarted,Object notstarted,Object notstarted,Object notstarted,Object notstarted,Object notstarted,Object notstarted
2024-02-19 19:07:33,539.539,__main___datalogs,INFO,JoyConState.USE_SNS,-1.325000,-78.300000,-124.552500,8.282728,0.025175,0.011443,0.004577,19.000000,0.000000,0.000000,0.000000,0,0,0,0,0,0,0,0,0,0,0,0.045257568359375,-0.010467529296875,0.0,-20.0,-60.0,0.0,20.0,0.0,0.0,-20.0,Object notstarted,Object notstarted,Object notstarted,Object notstarted,Object notstarted,Object notstarted,Object notstarted,Object notstarted,Object notstarted
2024-02-19 19:07:33,597.597,__main___datalogs,INFO,JoyConState.USE_SNS,-1.212500,-81.437500,-125.397500,8.111077,0.025175,0.011443,0.004577,19.000000,0.000000,0.000000,0.000000,0,0,0,0,0,0,0,0,0,0,0,0.045257568359375,-0.010467529296875,0.0,-20.0,-60.0,0.0,20.0,0.0,0.0,-20.0,Object notstarted,Object notstarted,Object notstarted,Object notstarted,Object notstarted,Object notstarted,Object notstarted,Object notstarted,Object notstarted
2024-02-19 19:07:33,652.652,__main___datalogs,INFO,JoyConState.USE_SNS,-1.112500,-84.137500,-126.125000,5.115197,0.025175,0.011443,0.004577,19.000000,0.000000,0.000000,0.000000,0,0,0,0,0,0,0,0,0,0,0,0.045257568359375,-0.010467529296875,0.0,-20.0,-60.0,0.0,20.0,0.0,0.0,-20.0,Object notstarted,Object notstarted,Object notstarted,Object notstarted,Object notstarted,Object notstarted,Object notstarted,Object notstarted,Object notstarted
2024-02-19 19:07:33,709.709,__main___datalogs,INFO,JoyConState.USE_SNS,-1.000000,-86.900000,-126.867500,8.534483,0.025175,0.011443,0.004577,19.000000,0.000000,0.000000,0.000000,0,0,0,0,0,0,0,0,0,0,0,0.045257568359375,-0.010467529296875,0.0,-20.0,-60.0,0.0,20.0,0.0,0.0,-20.0,Object notstarted,Object notstarted,Object notstarted,Object notstarted,Object notstarted,Object notstarted,Object notstarted,Object notstarted,Object notstarted
2024-02-19 19:07:33,777.777,__main___datalogs,INFO,JoyConState.USE_SNS,-0.900000,-89.575000,-127.587500,8.225512,0.025175,0.011443,0.006866,19.000000,0.000000,0.000000,0.000000,0,0,0,0,0,0,0,0,0,0,0,0.045257568359375,-0.010467529296875,0.0,-20.0,-60.0,0.0,20.0,0.0,0.0,-20.0,Object notstarted,Object notstarted,Object notstarted,Object notstarted,Object notstarted,Object notstarted,Object notstarted,Object notstarted,Object notstarted
2024-02-19 19:07:33,875.875,__main___datalogs,INFO,JoyConState.USE_SNS,-0.775000,-92.762500,-128.447500,8.294171,0.022887,0.011443,0.004577,19.000000,0.000000,0.000000,0.000000,0,0,0,0,0,0,0,0,0,0,0,0.045257568359375,-0.010467529296875,0.0,-20.0,-60.0,0.0,20.0,0.0,0.0,-20.0,Object notstarted,Object notstarted,Object notstarted,Object notstarted,Object notstarted,Object notstarted,Object notstarted,Object notstarted,Object notstarted
2024-02-19 19:07:33,949.949,__main___datalogs,INFO,JoyConState.USE_SNS,-0.650000,-96.237500,-129.382500,8.246109,0.025175,0.011443,0.004577,19.000000,0.000000,0.000000,0.000000,0,0,0,0,0,0,0,0,0,0,0,0.045257568359375,-0.010467529296875,0.0,-20.0,-60.0,0.0,20.0,0.0,0.0,-20.0,Object notstarted,Object notstarted,Object notstarted,Object notstarted,Object notstarted,Object notstarted,Object notstarted,Object notstarted,Object notstarted
2024-02-19 19:07:34,025.025,__main___datalogs,INFO,JoyConState.USE_SNS,-0.625000,-97.112500,-129.542500,8.529905,0.025175,0.011443,0.006866,19.000000,0.000000,0.000000,0.000000,0,0,0,0,0,0,0,0,0,0,0,0.045257568359375,-0.010467529296875,0.0,-20.0,-60.0,0.0,20.0,0.0,0.0,-20.0,Object notstarted,Object notstarted,Object notstarted,Object notstarted,Object notstarted,Object notstarted,Object notstarted,Object notstarted,Object notstarted
2024-02-19 19:07:34,081.081,__main___datalogs,INFO,JoyConState.USE_SNS,-0.575000,-100.225000,-129.972500,5.431034,0.022887,0.011443,0.004577,19.000000,0.000000,0.000000,0.000000,0,0,0,0,0,0,0,0,0,0,0,0.045257568359375,-0.010467529296875,0.0,-20.0,-60.0,0.0,20.0,0.0,0.0,-20.0,Object notstarted,Object notstarted,Object notstarted,Object notstarted,Object notstarted,Object notstarted,Object notstarted,Object notstarted,Object notstarted
2024-02-19 19:07:34,173.173,__main___datalogs,INFO,JoyConState.USE_SNS,-0.537500,-102.087500,-130.222500,8.500153,0.025175,0.011443,0.004577,19.000000,0.000000,0.000000,0.000000,0,0,0,0,0,0,0,0,0,0,0,0.045257568359375,-0.010467529296875,0.0,-20.0,-60.0,0.0,20.0,0.0,0.0,-20.0,Object notstarted,Object notstarted,Object notstarted,Object notstarted,Object notstarted,Object notstarted,Object notstarted,Object notstarted,Object notstarted
2024-02-19 19:07:34,253.253,__main___datalogs,INFO,JoyConState.USE_SNS,-0.450000,-106.812500,-130.802500,8.747330,0.029753,0.011443,0.004577,19.000000,0.000000,0.000000,0.000000,0,0,0,0,0,0,0,0,0,0,0,0.045257568359375,-0.010467529296875,0.0,-20.0,-60.0,0.0,20.0,0.0,0.0,-20.0,Object notstarted,Object notstarted,Object notstarted,Object notstarted,Object notstarted,Object notstarted,Object notstarted,Object notstarted,Object notstarted
2024-02-19 19:07:34,329.329,__main___datalogs,INFO,JoyConState.USE_SNS,-0.425000,-108.387500,-130.990000,5.167836,0.029753,0.011443,0.004577,19.000000,0.000000,0.000000,0.000000,0,0,0,0,0,0,0,0,0,0,0,0.045257568359375,-0.010467529296875,0.0,-20.0,-60.0,0.0,20.0,0.0,0.0,-20.0,Object notstarted,Object notstarted,Object notstarted,Object notstarted,Object notstarted,Object notstarted,Object notstarted,Object notstarted,Object notstarted
2024-02-19 19:07:34,403.403,__main___datalogs,INFO,JoyConState.USE_SNS,-0.400000,-110.912500,-131.167500,8.262130,0.022887,0.011443,0.004577,19.000000,0.000000,0.000000,0.000000,0,0,0,0,0,0,0,0,0,0,0,0.045257568359375,-0.010467529296875,0.0,-20.0,-60.0,0.0,20.0,0.0,0.0,-20.0,Object notstarted,Object notstarted,Object notstarted,Object notstarted,Object notstarted,Object notstarted,Object notstarted,Object notstarted,Object notstarted
2024-02-19 19:07:34,466.466,__main___datalogs,INFO,JoyConState.USE_SNS,-0.362500,-114.600000,-131.430000,8.438358,0.025175,0.011443,0.004577,19.000000,0.000000,0.000000,0.000000,0,0,0,0,0,0,0,0,0,0,0,0.045257568359375,-0.010467529296875,0.0,-20.0,-60.0,0.0,20.0,0.0,0.0,-20.0,Object notstarted,Object notstarted,Object notstarted,Object notstarted,Object notstarted,Object notstarted,Object notstarted,Object notstarted,Object notstarted
2024-02-19 19:07:34,534.534,__main___datalogs,INFO,JoyConState.USE_SNS,-0.337500,-117.587500,-131.642500,8.729020,0.025175,0.011443,0.004577,19.000000,0.000000,0.000000,0.000000,0,0,0,0,0,0,0,0,0,0,0,0.045257568359375,-0.010467529296875,0.0,-20.0,-60.0,0.0,20.0,0.0,0.0,-20.0,Object notstarted,Object notstarted,Object notstarted,Object notstarted,Object notstarted,Object notstarted,Object notstarted,Object notstarted,Object notstarted
2024-02-19 19:07:34,585.585,__main___datalogs,INFO,JoyConState.USE_SNS,-0.300000,-121.025000,-131.887500,8.795392,0.022887,0.011443,0.004577,19.000000,0.000000,0.000000,0.000000,0,0,0,0,0,0,0,0,0,0,0,0.045257568359375,-0.010467529296875,0.0,-20.0,-60.0,0.0,20.0,0.0,0.0,-20.0,Object notstarted,Object notstarted,Object notstarted,Object notstarted,Object notstarted,Object notstarted,Object notstarted,Object notstarted,Object notstarted
2024-02-19 19:07:34,636.636,__main___datalogs,INFO,JoyConState.USE_SNS,-0.275000,-123.600000,-132.070000,7.170430,0.029753,0.011443,0.004577,19.000000,0.000000,0.000000,0.000000,0,0,0,0,0,0,0,0,0,0,0,0.045257568359375,-0.010467529296875,0.0,-20.0,-60.0,0.0,20.0,0.0,0.0,-20.0,Object notstarted,Object notstarted,Object notstarted,Object notstarted,Object notstarted,Object notstarted,Object notstarted,Object notstarted,Object notstarted
2024-02-19 19:07:34,708.708,__main___datalogs,INFO,JoyConState.USE_SNS,-0.250000,-126.100000,-132.247500,8.431492,0.029753,0.011443,0.006866,19.000000,0.000000,0.000000,0.000000,0,0,0,0,0,0,0,0,0,0,0,0.045257568359375,-0.010467529296875,0.0,-20.0,-60.0,0.0,20.0,0.0,0.0,-20.0,Object notstarted,Object notstarted,Object notstarted,Object notstarted,Object notstarted,Object notstarted,Object notstarted,Object notstarted,Object notstarted
2024-02-19 19:07:34,766.766,__main___datalogs,INFO,JoyConState.USE_SNS,-0.212500,-129.662500,-132.500000,6.410589,0.025175,0.011443,0.004577,19.000000,0.000000,0.000000,0.000000,0,0,0,0,0,0,0,0,0,0,0,0.045257568359375,-0.010467529296875,0.0,-20.0,-60.0,0.0,20.0,0.0,0.0,-20.0,Object notstarted,Object notstarted,Object notstarted,Object notstarted,Object notstarted,Object notstarted,Object notstarted,Object notstarted,Object notstarted
2024-02-19 19:07:34,823.823,__main___datalogs,INFO,JoyConState.USE_SNS,-0.187500,-132.475000,-132.700000,8.722155,0.025175,0.011443,0.004577,19.000000,0.000000,0.000000,0.000000,0,0,0,0,0,0,0,0,0,0,0,0.045257568359375,-0.010467529296875,0.0,-20.0,-60.0,0.0,20.0,0.0,0.0,-20.0,Object notstarted,Object notstarted,Object notstarted,Object notstarted,Object notstarted,Object notstarted,Object notstarted,Object notstarted,Object notstarted
2024-02-19 19:07:34,886.886,__main___datalogs,INFO,JoyConState.USE_SNS,-0.150000,-135.375000,-132.905000,7.863900,0.025175,0.011443,0.004577,19.000000,0.000000,0.000000,0.000000,0,0,0,0,0,0,0,0,0,0,0,0.045257568359375,-0.010467529296875,0.0,-20.0,-60.0,0.0,20.0,0.0,0.0,-20.0,Object notstarted,Object notstarted,Object notstarted,Object notstarted,Object notstarted,Object notstarted,Object notstarted,Object notstarted,Object notstarted
2024-02-19 19:07:34,945.945,__main___datalogs,INFO,JoyConState.USE_SNS,-0.125000,-138.612500,-133.135000,7.639609,0.025175,0.011443,0.000000,19.000000,0.000000,0.000000,0.000000,0,0,0,0,0,0,0,0,0,0,0,0.045257568359375,-0.010467529296875,0.0,-20.0,-60.0,0.0,20.0,0.0,0.0,-20.0,Object notstarted,Object notstarted,Object notstarted,Object notstarted,Object notstarted,Object notstarted,Object notstarted,Object notstarted,Object notstarted
2024-02-19 19:07:35,017.017,__main___datalogs,INFO,JoyConState.USE_SNS,-0.087500,-141.425000,-133.335000,5.298291,0.025175,0.013732,0.004577,19.000000,0.000000,0.000000,0.000000,0,0,0,0,0,0,0,0,0,0,0,0.045257568359375,-0.010467529296875,0.0,-20.0,-60.0,0.0,20.0,0.0,0.0,-20.0,Object notstarted,Object notstarted,Object notstarted,Object notstarted,Object notstarted,Object notstarted,Object notstarted,Object notstarted,Object notstarted
2024-02-19 19:07:35,110.110,__main___datalogs,INFO,JoyConState.USE_SNS,-0.075000,-143.287500,-133.465000,6.623436,0.025175,0.011443,0.000000,19.000000,0.000000,0.000000,0.000000,0,0,0,0,0,0,0,0,0,0,0,0.045257568359375,-0.010467529296875,0.0,-20.0,-60.0,0.0,20.0,0.0,0.0,-20.0,Object notstarted,Object notstarted,Object notstarted,Object notstarted,Object notstarted,Object notstarted,Object notstarted,Object notstarted,Object notstarted
2024-02-19 19:07:35,216.216,__main___datalogs,INFO,JoyConState.USE_SNS,-0.075000,-146.675000,-133.575000,5.971163,0.022887,0.011443,0.004577,19.000000,0.000000,0.000000,0.000000,0,0,0,0,0,0,0,0,0,0,0,0.045257568359375,-0.010467529296875,0.0,-20.0,-60.0,0.0,20.0,0.0,0.0,-20.0,Object notstarted,Object notstarted,Object notstarted,Object notstarted,Object notstarted,Object notstarted,Object notstarted,Object notstarted,Object notstarted
2024-02-19 19:07:35,322.322,__main___datalogs,INFO,JoyConState.USE_SNS,-0.050000,-152.575000,-133.712500,7.195606,0.029753,0.011443,0.006866,19.000000,0.000000,0.000000,0.000000,0,0,0,0,0,0,0,0,0,0,0,0.045257568359375,-0.010467529296875,0.0,-20.0,-60.0,0.0,20.0,0.0,0.0,-20.0,Object notstarted,Object notstarted,Object notstarted,Object notstarted,Object notstarted,Object notstarted,Object notstarted,Object notstarted,Object notstarted
2024-02-19 19:07:35,393.393,__main___datalogs,INFO,JoyConState.USE_SNS,-0.037500,-157.112500,-133.810000,7.955447,0.029753,0.011443,0.004577,19.000000,0.000000,0.000000,0.000000,0,0,0,0,0,0,0,0,0,0,0,0.045257568359375,-0.010467529296875,-20.0,-20.0,-60.0,0.0,0.0,20.0,0.0,0.0,Object notstarted,Object notstarted,Object notstarted,Object notstarted,Object notstarted,Object notstarted,Object notstarted,Object notstarted,Object notstarted
2024-02-19 19:07:35,455.455,__main___datalogs,INFO,JoyConState.USE_SNS,-0.025000,-159.000000,-133.850000,8.511596,0.029753,0.006866,0.004577,19.000000,0.000000,0.000000,0.000000,0,0,0,0,0,0,0,0,0,0,0,0.045257568359375,-0.010467529296875,-20.0,-20.0,-60.0,0.0,0.0,20.0,0.0,0.0,Object notstarted,Object notstarted,Object notstarted,Object notstarted,Object notstarted,Object notstarted,Object notstarted,Object notstarted,Object notstarted
2024-02-19 19:07:35,531.531,__main___datalogs,INFO,JoyConState.USE_SNS,-0.025000,-160.212500,-133.865000,8.081325,0.025175,0.011443,0.006866,19.000000,0.000000,0.000000,0.000000,0,0,0,0,0,0,0,0,0,0,0,0.045257568359375,-0.010467529296875,-20.0,-20.0,-60.0,0.0,0.0,20.0,0.0,0.0,Object notstarted,Object notstarted,Object notstarted,Object notstarted,Object notstarted,Object notstarted,Object notstarted,Object notstarted,Object notstarted
2024-02-19 19:07:35,638.638,__main___datalogs,INFO,JoyConState.USE_SNS,-0.025000,-160.587500,-133.910000,7.550351,0.022887,0.011443,0.000000,19.000000,0.000000,0.000000,0.000000,0,0,0,0,0,0,0,0,0,0,0,0.045257568359375,-0.010467529296875,-20.0,-20.0,-60.0,0.0,0.0,20.0,0.0,0.0,Object notstarted,Object notstarted,Object notstarted,Object notstarted,Object notstarted,Object notstarted,Object notstarted,Object notstarted,Object notstarted
2024-02-19 19:07:35,730.730,__main___datalogs,INFO,JoyConState.USE_SNS,-0.025000,-160.787500,-134.810000,5.740006,0.025175,0.011443,0.000000,19.000000,0.000000,0.000000,0.000000,0,0,0,0,0,0,0,0,0,0,0,0.045257568359375,-0.010467529296875,-20.0,-20.0,-60.0,0.0,0.0,20.0,0.0,0.0,Object notstarted,Object notstarted,Object notstarted,Object notstarted,Object notstarted,Object notstarted,Object notstarted,Object notstarted,Object notstarted
2024-02-19 19:07:35,794.794,__main___datalogs,INFO,JoyConState.USE_SNS,-0.025000,-161.200000,-136.575000,7.039976,0.022887,0.006866,0.004577,19.000000,0.000000,0.000000,0.000000,0,0,0,0,0,0,0,0,0,0,0,0.045257568359375,-0.010467529296875,-20.0,-20.0,-60.0,0.0,0.0,20.0,0.0,0.0,Object notstarted,Object notstarted,Object notstarted,Object notstarted,Object notstarted,Object notstarted,Object notstarted,Object notstarted,Object notstarted
2024-02-19 19:07:35,872.872,__main___datalogs,INFO,JoyConState.USE_SNS,-0.025000,-161.575000,-138.175000,8.307903,0.022887,0.011443,0.004577,19.000000,0.000000,0.000000,0.000000,0,0,0,0,0,0,0,0,0,0,0,0.045257568359375,-0.010467529296875,-20.0,-20.0,-60.0,0.0,0.0,20.0,0.0,0.0,Object notstarted,Object notstarted,Object notstarted,Object notstarted,Object notstarted,Object notstarted,Object notstarted,Object notstarted,Object notstarted
2024-02-19 19:07:35,962.962,__main___datalogs,INFO,JoyConState.USE_SNS,-0.012500,-162.075000,-140.322500,8.559658,0.029753,0.006866,0.004577,19.000000,0.000000,0.000000,0.000000,0,0,0,0,0,0,0,0,0,0,0,0.045257568359375,-0.010467529296875,-20.0,-20.0,-60.0,0.0,0.0,20.0,0.0,0.0,Object notstarted,Object notstarted,Object notstarted,Object notstarted,Object notstarted,Object notstarted,Object notstarted,Object notstarted,Object notstarted
2024-02-19 19:07:36,048.048,__main___datalogs,INFO,JoyConState.USE_SNS,-0.012500,-162.462500,-142.025000,7.342081,0.022887,0.011443,0.000000,19.000000,0.000000,0.000000,0.000000,0,0,0,0,0,0,0,0,0,0,0,0.045257568359375,-0.010467529296875,-20.0,-20.0,-60.0,0.0,0.0,20.0,0.0,0.0,Object notstarted,Object notstarted,Object notstarted,Object notstarted,Object notstarted,Object notstarted,Object notstarted,Object notstarted,Object notstarted
2024-02-19 19:07:36,125.125,__main___datalogs,INFO,JoyConState.USE_SNS,-0.012500,-162.687500,-142.945000,8.021819,0.022887,0.011443,0.004577,19.000000,0.000000,0.000000,0.000000,0,0,0,0,0,0,0,0,0,0,0,0.045257568359375,-0.010467529296875,-20.0,-20.0,-60.0,0.0,0.0,20.0,0.0,0.0,Object notstarted,Object notstarted,Object notstarted,Object notstarted,Object notstarted,Object notstarted,Object notstarted,Object notstarted,Object notstarted
2024-02-19 19:07:36,215.215,__main___datalogs,INFO,JoyConState.USE_SNS,-0.012500,-162.737500,-143.205000,7.621300,0.022887,0.006866,0.006866,19.000000,0.000000,0.000000,0.000000,0,0,0,0,0,0,0,0,0,0,0,0.045257568359375,-0.010467529296875,-20.0,-20.0,-60.0,0.0,0.0,20.0,0.0,0.0,Object notstarted,Object notstarted,Object notstarted,Object notstarted,Object notstarted,Object notstarted,Object notstarted,Object notstarted,Object notstarted
2024-02-19 19:07:36,295.295,__main___datalogs,INFO,JoyConState.USE_SNS,-0.012500,-162.900000,-143.987500,8.470400,0.022887,0.011443,0.004577,19.000000,0.000000,0.000000,0.000000,0,0,0,0,0,0,0,0,0,0,0,0.045257568359375,-0.010467529296875,-20.0,-20.0,-60.0,0.0,0.0,20.0,0.0,0.0,Object notstarted,Object notstarted,Object notstarted,Object notstarted,Object notstarted,Object notstarted,Object notstarted,Object notstarted,Object notstarted
2024-02-19 19:07:36,364.364,__main___datalogs,INFO,JoyConState.USE_SNS,-0.012500,-163.212500,-145.437500,5.531736,0.022887,0.011443,0.004577,19.000000,0.000000,0.000000,0.000000,0,0,0,0,0,0,0,0,0,0,0,0.045257568359375,-0.010467529296875,-20.0,-20.0,-60.0,0.0,0.0,20.0,0.0,0.0,Object notstarted,Object notstarted,Object notstarted,Object notstarted,Object notstarted,Object notstarted,Object notstarted,Object notstarted,Object notstarted
2024-02-19 19:07:36,463.463,__main___datalogs,INFO,JoyConState.USE_SNS,-0.012500,-163.587500,-147.182500,5.431034,0.025175,0.011443,0.006866,19.000000,0.000000,0.000000,0.000000,0,0,0,0,0,0,0,0,0,0,0,0.045257568359375,-0.010467529296875,-20.0,-20.0,-60.0,0.0,0.0,20.0,0.0,0.0,Object notstarted,Object notstarted,Object notstarted,Object notstarted,Object notstarted,Object notstarted,Object notstarted,Object notstarted,Object notstarted
2024-02-19 19:07:36,572.572,__main___datalogs,INFO,JoyConState.USE_SNS,-0.012500,-164.300000,-150.160000,5.945988,0.025175,0.006866,0.004577,19.000000,0.000000,0.000000,0.000000,0,0,0,0,0,0,0,0,0,0,0,0.045257568359375,-0.010467529296875,-20.0,-20.0,-60.0,0.0,0.0,20.0,0.0,0.0,Object notstarted,Object notstarted,Object notstarted,Object notstarted,Object notstarted,Object notstarted,Object notstarted,Object notstarted,Object notstarted
2024-02-19 19:07:36,647.647,__main___datalogs,INFO,JoyConState.USE_SNS,-0.012500,-165.325000,-154.015000,8.470400,0.029753,0.011443,0.004577,19.000000,0.000000,0.000000,0.000000,0,0,0,0,0,0,0,0,0,0,0,0.045257568359375,-0.010467529296875,-20.0,-20.0,-60.0,0.0,0.0,20.0,0.0,0.0,Object notstarted,Object notstarted,Object notstarted,Object notstarted,Object notstarted,Object notstarted,Object notstarted,Object notstarted,Object notstarted
2024-02-19 19:07:36,717.717,__main___datalogs,INFO,JoyConState.USE_SNS,-0.012500,-166.000000,-156.505000,7.248245,0.025175,0.011443,0.000000,19.000000,0.000000,0.000000,0.000000,0,0,0,0,0,0,0,0,0,0,0,0.045257568359375,-0.010467529296875,-20.0,-20.0,-60.0,0.0,0.0,20.0,0.0,0.0,Object notstarted,Object notstarted,Object notstarted,Object notstarted,Object notstarted,Object notstarted,Object notstarted,Object notstarted,Object notstarted
2024-02-19 19:07:36,776.776,__main___datalogs,INFO,JoyConState.USE_SNS,-0.012500,-166.625000,-158.845000,5.801801,0.022887,0.006866,0.000000,19.000000,0.000000,0.000000,0.000000,0,0,0,0,0,0,0,0,0,0,0,0.045257568359375,-0.010467529296875,-20.0,-20.0,-60.0,0.0,0.0,20.0,0.0,0.0,Object notstarted,Object notstarted,Object notstarted,Object notstarted,Object notstarted,Object notstarted,Object notstarted,Object notstarted,Object notstarted
2024-02-19 19:07:36,852.852,__main___datalogs,INFO,JoyConState.USE_SNS,-0.012500,-167.000000,-160.250000,7.342081,0.022887,0.011443,0.004577,19.000000,0.000000,0.000000,0.000000,0,0,0,0,0,0,0,0,0,0,0,0.045257568359375,-0.010467529296875,-20.0,-20.0,-60.0,0.0,0.0,20.0,0.0,0.0,Object notstarted,Object notstarted,Object notstarted,Object notstarted,Object notstarted,Object notstarted,Object notstarted,Object notstarted,Object notstarted
2024-02-19 19:07:36,929.929,__main___datalogs,INFO,JoyConState.USE_SNS,-0.012500,-167.387500,-161.715000,6.918675,0.025175,0.011443,-0.004577,19.000000,0.000000,0.000000,0.000000,0,0,0,0,0,0,0,0,0,0,0,0.045257568359375,-0.010467529296875,-20.0,-20.0,-60.0,0.0,0.0,20.0,0.0,0.0,Object notstarted,Object notstarted,Object notstarted,Object notstarted,Object notstarted,Object notstarted,Object notstarted,Object notstarted,Object notstarted
2024-02-19 19:07:37,006.006,__main___datalogs,INFO,JoyConState.USE_SNS,-0.012500,-167.600000,-162.495000,8.717577,0.025175,0.006866,0.000000,19.000000,0.000000,0.000000,0.000000,0,0,0,0,0,0,0,0,0,0,0,0.045257568359375,-0.010467529296875,-20.0,-20.0,-60.0,0.0,0.0,20.0,0.0,0.0,Object notstarted,Object notstarted,Object notstarted,Object notstarted,Object notstarted,Object notstarted,Object notstarted,Object notstarted,Object notstarted
2024-02-19 19:07:37,081.081,__main___datalogs,INFO,JoyConState.USE_SNS,-0.012500,-167.675000,-162.767500,5.197589,0.022887,0.011443,0.004577,19.000000,0.000000,0.000000,0.000000,0,0,0,0,0,0,0,0,0,0,0,0.045257568359375,-0.010467529296875,-20.0,-20.0,-60.0,0.0,0.0,20.0,0.0,0.0,Object notstarted,Object notstarted,Object notstarted,Object notstarted,Object notstarted,Object notstarted,Object notstarted,Object notstarted,Object notstarted
2024-02-19 19:07:37,146.146,__main___datalogs,INFO,JoyConState.USE_SNS,-0.012500,-167.850000,-163.267500,8.278151,0.025175,0.011443,0.004577,19.000000,0.000000,0.000000,0.000000,0,0,0,0,0,0,0,0,0,0,0,0.045257568359375,-0.010467529296875,-20.0,-20.0,-60.0,0.0,0.0,20.0,0.0,0.0,Object notstarted,Object notstarted,Object notstarted,Object notstarted,Object notstarted,Object notstarted,Object notstarted,Object notstarted,Object notstarted
2024-02-19 19:07:37,216.216,__main___datalogs,INFO,JoyConState.USE_SNS,-0.012500,-168.150000,-164.170000,8.092768,0.029753,0.011443,0.004577,19.000000,0.000000,0.000000,0.000000,0,0,0,0,0,0,0,0,0,0,0,0.045257568359375,-0.010467529296875,-20.0,-20.0,-60.0,0.0,0.0,20.0,0.0,0.0,Object notstarted,Object notstarted,Object notstarted,Object notstarted,Object notstarted,Object notstarted,Object notstarted,Object notstarted,Object notstarted
2024-02-19 19:07:37,301.301,__main___datalogs,INFO,JoyConState.USE_SNS,-0.012500,-168.650000,-165.622500,8.456668,0.025175,0.006866,-0.004577,19.000000,0.000000,0.000000,0.000000,0,0,0,0,0,0,0,0,0,0,0,0.045257568359375,-0.010467529296875,-20.0,-20.0,-60.0,0.0,0.0,20.0,0.0,0.0,Object notstarted,Object notstarted,Object notstarted,Object notstarted,Object notstarted,Object notstarted,Object notstarted,Object notstarted,Object notstarted
2024-02-19 19:07:37,410.410,__main___datalogs,INFO,JoyConState.USE_SNS,-0.012500,-169.250000,-167.370000,6.037535,0.025175,0.006866,0.000000,19.000000,0.000000,0.000000,0.000000,0,0,0,0,0,0,0,0,0,0,0,0.045257568359375,-0.010467529296875,-20.0,-20.0,-60.0,0.0,0.0,20.0,0.0,0.0,Object notstarted,Object notstarted,Object notstarted,Object notstarted,Object notstarted,Object notstarted,Object notstarted,Object notstarted,Object notstarted
2024-02-19 19:07:37,521.521,__main___datalogs,INFO,JoyConState.USE_SNS,-0.012500,-170.437500,-170.157500,5.188435,0.022887,0.011443,0.000000,19.000000,0.000000,0.000000,0.000000,0,0,0,0,0,0,0,0,0,0,0,0.045257568359375,-0.010467529296875,-20.0,-20.0,-60.0,0.0,0.0,20.0,0.0,0.0,Object notstarted,Object notstarted,Object notstarted,Object notstarted,Object notstarted,Object notstarted,Object notstarted,Object notstarted,Object notstarted
2024-02-19 19:07:37,624.624,__main___datalogs,INFO,JoyConState.USE_SNS,0.000000,-171.700000,-172.822500,5.231919,0.022887,0.006866,0.004577,19.000000,0.000000,0.000000,0.000000,0,0,0,0,0,0,0,0,0,0,0,0.045257568359375,-0.010467529296875,-20.0,-20.0,-60.0,0.0,0.0,20.0,0.0,0.0,Object notstarted,Object notstarted,Object notstarted,Object notstarted,Object notstarted,Object notstarted,Object notstarted,Object notstarted,Object notstarted
2024-02-19 19:07:37,691.691,__main___datalogs,INFO,JoyConState.USE_SNS,0.000000,-172.500000,-174.507500,8.008087,0.025175,0.011443,0.004577,19.000000,0.000000,0.000000,0.000000,0,0,0,0,0,0,0,0,0,0,0,0.045257568359375,-0.010467529296875,-20.0,-20.0,-60.0,0.0,0.0,20.0,0.0,0.0,Object notstarted,Object notstarted,Object notstarted,Object notstarted,Object notstarted,Object notstarted,Object notstarted,Object notstarted,Object notstarted
2024-02-19 19:07:37,764.764,__main___datalogs,INFO,JoyConState.USE_SNS,0.000000,-172.800000,-175.157500,8.264419,0.025175,0.011443,0.000000,19.000000,0.000000,0.000000,0.000000,0,0,0,0,0,0,0,0,0,0,0,0.045257568359375,-0.010467529296875,-20.0,-20.0,-60.0,0.0,0.0,20.0,0.0,0.0,Object notstarted,Object notstarted,Object notstarted,Object notstarted,Object notstarted,Object notstarted,Object notstarted,Object notstarted,Object notstarted
2024-02-19 19:07:37,857.857,__main___datalogs,INFO,JoyConState.USE_SNS,0.000000,-172.925000,-175.400000,8.729020,0.025175,0.011443,0.004577,19.000000,0.000000,0.000000,0.000000,0,0,0,0,0,0,0,0,0,0,0,0.045257568359375,-0.010467529296875,-20.0,-20.0,-60.0,0.0,0.0,20.0,0.0,0.0,Object notstarted,Object notstarted,Object notstarted,Object notstarted,Object notstarted,Object notstarted,Object notstarted,Object notstarted,Object notstarted
2024-02-19 19:07:37,925.925,__main___datalogs,INFO,JoyConState.USE_SNS,0.000000,-173.400000,-176.147500,8.365121,0.025175,0.011443,0.004577,19.000000,0.000000,0.000000,0.000000,0,0,0,0,0,0,0,0,0,0,0,0.045257568359375,-0.010467529296875,-20.0,-20.0,-60.0,0.0,0.0,20.0,0.0,0.0,Object notstarted,Object notstarted,Object notstarted,Object notstarted,Object notstarted,Object notstarted,Object notstarted,Object notstarted,Object notstarted
2024-02-19 19:07:37,991.991,__main___datalogs,INFO,JoyConState.USE_SNS,0.000000,-174.050000,-177.160000,8.312481,0.022887,0.011443,0.000000,19.000000,0.000000,0.000000,0.000000,0,0,0,0,0,0,0,0,0,0,0,0.045257568359375,-0.010467529296875,-20.0,-20.0,-60.0,0.0,0.0,20.0,0.0,0.0,Object notstarted,Object notstarted,Object notstarted,Object notstarted,Object notstarted,Object notstarted,Object notstarted,Object notstarted,Object notstarted
2024-02-19 19:07:38,066.066,__main___datalogs,INFO,JoyConState.USE_SNS,0.000000,-174.512500,-177.870000,8.401739,0.022887,0.011443,0.004577,19.000000,0.000000,0.000000,0.000000,0,0,0,0,0,0,0,0,0,0,0,0.045257568359375,-0.010467529296875,-20.0,-20.0,-60.0,0.0,0.0,20.0,0.0,0.0,Object notstarted,Object notstarted,Object notstarted,Object notstarted,Object notstarted,Object notstarted,Object notstarted,Object notstarted,Object notstarted
2024-02-19 19:07:38,157.157,__main___datalogs,INFO,JoyConState.USE_SNS,0.000000,-174.787500,-178.245000,7.756332,0.029753,0.006866,0.004577,19.000000,0.000000,0.000000,0.000000,0,0,0,0,0,0,0,0,0,0,0,0.045257568359375,-0.010467529296875,-20.0,-20.0,-60.0,0.0,0.0,20.0,0.0,0.0,Object notstarted,Object notstarted,Object notstarted,Object notstarted,Object notstarted,Object notstarted,Object notstarted,Object notstarted,Object notstarted
2024-02-19 19:07:38,225.225,__main___datalogs,INFO,JoyConState.USE_SNS,0.000000,-175.262500,-178.807500,8.818279,0.038908,0.006866,0.004577,19.000000,0.000000,0.000000,0.000000,0,0,0,0,0,0,0,0,0,0,0,0.045257568359375,-0.010467529296875,-20.0,-20.0,-60.0,0.0,0.0,20.0,0.0,0.0,Object notstarted,Object notstarted,Object notstarted,Object notstarted,Object notstarted,Object notstarted,Object notstarted,Object notstarted,Object notstarted
2024-02-19 19:07:38,277.277,__main___datalogs,INFO,JoyConState.USE_SNS,0.000000,-176.000000,-179.700000,8.806835,0.034330,0.006866,0.000000,19.000000,0.000000,0.000000,0.000000,0,0,0,0,0,0,0,0,0,0,0,0.045257568359375,-0.010467529296875,-20.0,-20.0,-60.0,0.0,0.0,20.0,0.0,0.0,Object notstarted,Object notstarted,Object notstarted,Object notstarted,Object notstarted,Object notstarted,Object notstarted,Object notstarted,Object notstarted
2024-02-19 19:07:38,368.368,__main___datalogs,INFO,JoyConState.USE_SNS,0.000000,-176.662500,-180.380000,7.126945,0.038908,0.006866,0.000000,19.000000,0.000000,0.000000,0.000000,0,0,0,0,0,0,0,0,0,0,0,0.045257568359375,-0.010467529296875,-20.0,-20.0,-60.0,0.0,0.0,20.0,0.0,0.0,Object notstarted,Object notstarted,Object notstarted,Object notstarted,Object notstarted,Object notstarted,Object notstarted,Object notstarted,Object notstarted
2024-02-19 19:07:38,460.460,__main___datalogs,INFO,JoyConState.USE_SNS,0.000000,-177.300000,-180.977500,5.964296,0.041196,0.002289,0.000000,19.000000,0.000000,0.000000,0.000000,0,0,0,0,0,0,0,0,0,0,0,0.045257568359375,-0.010467529296875,-20.0,-20.0,-60.0,0.0,0.0,20.0,0.0,0.0,Object notstarted,Object notstarted,Object notstarted,Object notstarted,Object notstarted,Object notstarted,Object notstarted,Object notstarted,Object notstarted
2024-02-19 19:07:38,567.567,__main___datalogs,INFO,JoyConState.USE_SNS,0.000000,-177.800000,-181.370000,7.534330,0.038908,0.006866,0.004577,19.000000,0.000000,0.000000,0.000000,0,0,0,0,0,0,0,0,0,0,0,0.045257568359375,-0.010467529296875,-20.0,-20.0,-60.0,0.0,0.0,20.0,0.0,0.0,Object notstarted,Object notstarted,Object notstarted,Object notstarted,Object notstarted,Object notstarted,Object notstarted,Object notstarted,Object notstarted
2024-02-19 19:07:38,658.658,__main___datalogs,INFO,JoyConState.USE_SNS,0.000000,-178.337500,-181.785000,5.488252,0.041196,0.002289,0.004577,19.000000,0.000000,0.000000,0.000000,0,0,0,0,0,0,0,0,0,0,0,0.045257568359375,-0.010467529296875,-20.0,-20.0,-60.0,0.0,0.0,20.0,0.0,0.0,Object notstarted,Object notstarted,Object notstarted,Object notstarted,Object notstarted,Object notstarted,Object notstarted,Object notstarted,Object notstarted
2024-02-19 19:07:38,751.751,__main___datalogs,INFO,JoyConState.USE_SNS,0.000000,-178.675000,-182.015000,6.989625,0.041196,0.006866,0.004577,19.000000,0.000000,0.000000,0.000000,0,0,0,0,0,0,0,0,0,0,0,0.045257568359375,-0.010467529296875,-20.0,-20.0,-60.0,0.0,0.0,20.0,0.0,0.0,Object notstarted,Object notstarted,Object notstarted,Object notstarted,Object notstarted,Object notstarted,Object notstarted,Object notstarted,Object notstarted
2024-02-19 19:07:38,826.826,__main___datalogs,INFO,JoyConState.USE_SNS,0.000000,-179.000000,-182.222500,8.456668,0.041196,0.006866,0.004577,19.000000,0.000000,0.000000,0.000000,0,0,0,0,0,0,0,0,0,0,0,0.045257568359375,-0.010467529296875,-20.0,-20.0,-60.0,0.0,0.0,20.0,0.0,0.0,Object notstarted,Object notstarted,Object notstarted,Object notstarted,Object notstarted,Object notstarted,Object notstarted,Object notstarted,Object notstarted
2024-02-19 19:07:38,901.901,__main___datalogs,INFO,JoyConState.USE_SNS,0.000000,-179.200000,-182.342500,5.483674,0.045774,0.011443,0.004577,19.000000,0.000000,0.000000,0.000000,0,0,0,0,0,0,0,0,0,0,0,0.045257568359375,-0.010467529296875,-20.0,-20.0,-60.0,0.0,0.0,20.0,0.0,0.0,Object notstarted,Object notstarted,Object notstarted,Object notstarted,Object notstarted,Object notstarted,Object notstarted,Object notstarted,Object notstarted
2024-02-19 19:07:38,994.994,__main___datalogs,INFO,JoyConState.USE_SNS,0.000000,-179.412500,-182.457500,7.483979,0.045774,0.006866,0.004577,19.000000,0.000000,0.000000,0.000000,0,0,0,0,0,0,0,0,0,0,0,0.045257568359375,-0.010467529296875,-20.0,-20.0,-60.0,0.0,0.0,20.0,0.0,0.0,Object notstarted,Object notstarted,Object notstarted,Object notstarted,Object notstarted,Object notstarted,Object notstarted,Object notstarted,Object notstarted
2024-02-19 19:07:39,105.105,__main___datalogs,INFO,JoyConState.USE_SNS,0.000000,-179.712500,-182.617500,5.025938,0.045774,0.011443,0.004577,0.000000,0.000000,0.000000,0.000000,0,0,0,0,0,0,0,0,0,0,0,0.045257568359375,-0.010467529296875,-20.0,-20.0,-60.0,0.0,0.0,14.489395,5.510607,0.0,Object notstarted,Object notstarted,Object notstarted,Object notstarted,Object notstarted,Object notstarted,Object notstarted,Object notstarted,Object notstarted
2024-02-19 19:07:39,192.192,__main___datalogs,INFO,JoyConState.USE_SNS,0.000000,-179.900000,-182.720000,5.147239,0.041196,0.006866,0.004577,0.000000,0.000000,0.000000,0.000000,0,0,0,0,0,0,0,0,0,0,0,0.045257568359375,-0.010467529296875,-20.0,-20.0,-60.0,0.0,0.0,14.489395,5.510607,0.0,Object notstarted,Object notstarted,Object notstarted,Object notstarted,Object notstarted,Object notstarted,Object notstarted,Object notstarted,Object notstarted
2024-02-19 19:07:39,248.248,__main___datalogs,INFO,JoyConState.USE_SNS,0.000000,-180.025000,-182.780000,3.355203,0.038908,0.011443,0.000000,0.000000,0.000000,0.000000,0.000000,0,0,0,0,0,0,0,0,0,0,0,0.045257568359375,-0.010467529296875,-20.0,-20.0,-60.0,0.0,0.0,14.489395,5.510607,0.0,Object notstarted,Object notstarted,Object notstarted,Object notstarted,Object notstarted,Object notstarted,Object notstarted,Object notstarted,Object notstarted
2024-02-19 19:07:39,302.302,__main___datalogs,INFO,JoyConState.USE_SNS,0.000000,-180.025000,-182.780000,1.984284,0.025175,0.006866,0.000000,0.000000,0.000000,0.000000,0.000000,0,0,0,0,0,0,0,0,0,0,0,0.045257568359375,-0.010467529296875,-20.0,-20.0,-60.0,0.0,0.0,14.489395,5.510607,0.0,Object notstarted,Object notstarted,Object notstarted,Object notstarted,Object notstarted,Object notstarted,Object notstarted,Object notstarted,Object notstarted
2024-02-19 19:07:39,353.353,__main___datalogs,INFO,JoyConState.USE_SNS,0.000000,-180.025000,-182.780000,1.879005,0.013732,0.002289,-0.006866,0.000000,0.000000,0.000000,0.000000,0,0,0,0,0,0,0,0,0,0,0,0.045257568359375,-0.010467529296875,-20.0,-20.0,-60.0,0.0,0.0,14.489395,5.510607,0.0,Object notstarted,Object notstarted,Object notstarted,Object notstarted,Object notstarted,Object notstarted,Object notstarted,Object notstarted,Object notstarted
2024-02-19 19:07:39,393.393,__main___datalogs,INFO,JoyConState.USE_SNS,0.000000,-180.025000,-182.780000,1.833231,0.002289,0.000000,0.000000,0.000000,0.000000,0.000000,0.000000,0,0,0,0,0,0,0,0,0,0,0,0.045257568359375,-0.010467529296875,-20.0,-20.0,-60.0,0.0,0.0,14.489395,5.510607,0.0,Object notstarted,Object notstarted,Object notstarted,Object notstarted,Object notstarted,Object notstarted,Object notstarted,Object notstarted,Object notstarted
2024-02-19 19:07:39,434.434,__main___datalogs,INFO,JoyConState.USE_SNS,0.000000,-180.025000,-182.780000,1.794324,0.000000,0.000000,0.004577,0.000000,0.000000,0.000000,0.000000,0,0,0,0,0,0,0,0,0,0,0,0.045257568359375,-0.010467529296875,-20.0,-20.0,-60.0,0.0,0.0,14.489395,5.510607,0.0,Object notstarted,Object notstarted,Object notstarted,Object notstarted,Object notstarted,Object notstarted,Object notstarted,Object notstarted,Object notstarted
2024-02-19 19:07:39,477.477,__main___datalogs,INFO,JoyConState.USE_SNS,0.000000,-180.025000,-182.780000,1.771437,-0.004577,0.000000,0.000000,0.000000,0.000000,0.000000,0.000000,0,0,0,0,0,0,0,0,0,0,0,0.045257568359375,-0.010467529296875,-20.0,-20.0,-60.0,0.0,0.0,14.489395,5.510607,0.0,Object notstarted,Object notstarted,Object notstarted,Object notstarted,Object notstarted,Object notstarted,Object notstarted,Object notstarted,Object notstarted
2024-02-19 19:07:39,517.517,__main___datalogs,INFO,JoyConState.USE_SNS,0.000000,-180.025000,-182.780000,1.743973,-0.009155,-0.006866,0.004577,0.000000,0.000000,0.000000,0.000000,0,0,0,0,0,0,0,0,0,0,0,0.045257568359375,-0.010467529296875,-20.0,-20.0,-60.0,0.0,0.0,14.489395,5.510607,0.0,Object notstarted,Object notstarted,Object notstarted,Object notstarted,Object notstarted,Object notstarted,Object notstarted,Object notstarted,Object notstarted
2024-02-19 19:07:39,561.561,__main___datalogs,INFO,JoyConState.USE_SNS,0.000000,-180.025000,-182.780000,1.718798,-0.009155,0.000000,0.004577,0.000000,0.000000,0.000000,0.000000,0,0,0,0,0,0,0,0,0,0,0,0.045257568359375,-0.010467529296875,-20.0,-20.0,-60.0,0.0,0.0,14.489395,5.510607,0.0,Object notstarted,Object notstarted,Object notstarted,Object notstarted,Object notstarted,Object notstarted,Object notstarted,Object notstarted,Object notstarted
2024-02-19 19:07:39,626.626,__main___datalogs,INFO,JoyConState.USE_SNS,0.000000,-180.025000,-182.780000,1.695911,-0.004577,-0.006866,0.004577,0.000000,0.000000,0.000000,0.000000,0,0,0,0,0,0,0,0,0,0,0,0.045257568359375,-0.010467529296875,-20.0,-20.0,-60.0,0.0,0.0,14.489395,5.510607,0.0,Object notstarted,Object notstarted,Object notstarted,Object notstarted,Object notstarted,Object notstarted,Object notstarted,Object notstarted,Object notstarted
2024-02-19 19:07:39,669.669,__main___datalogs,INFO,JoyConState.USE_SNS,0.000000,-180.025000,-182.780000,1.666158,-0.004577,-0.006866,0.004577,0.000000,0.000000,0.000000,0.000000,0,0,0,0,0,0,0,0,0,0,0,0.045257568359375,-0.010467529296875,-20.0,-20.0,-60.0,0.0,0.0,14.489395,5.510607,0.0,Object notstarted,Object notstarted,Object notstarted,Object notstarted,Object notstarted,Object notstarted,Object notstarted,Object notstarted,Object notstarted
2024-02-19 19:07:39,711.711,__main___datalogs,INFO,JoyConState.USE_SNS,0.000000,-180.025000,-182.780000,1.647849,-0.011444,-0.006866,0.004577,0.000000,0.000000,0.000000,0.000000,0,0,0,0,0,0,0,0,0,0,0,0.045257568359375,-0.010467529296875,-20.0,-20.0,-60.0,0.0,0.0,14.489395,5.510607,0.0,Object notstarted,Object notstarted,Object notstarted,Object notstarted,Object notstarted,Object notstarted,Object notstarted,Object notstarted,Object notstarted
2024-02-19 19:07:39,753.753,__main___datalogs,INFO,JoyConState.USE_SNS,0.000000,-180.025000,-182.780000,1.620385,-0.016021,0.000000,0.000000,0.000000,0.000000,0.000000,0.000000,0,0,0,0,0,0,0,0,0,0,0,0.045257568359375,-0.010467529296875,-20.0,-20.0,-60.0,0.0,0.0,14.489395,5.510607,0.0,Object notstarted,Object notstarted,Object notstarted,Object notstarted,Object notstarted,Object notstarted,Object notstarted,Object notstarted,Object notstarted
2024-02-19 19:07:39,793.793,__main___datalogs,INFO,JoyConState.USE_SNS,0.000000,-180.025000,-182.780000,1.602075,-0.009155,-0.006866,0.004577,0.000000,0.000000,0.000000,0.000000,0,0,0,0,0,0,0,0,0,0,0,0.045257568359375,-0.010467529296875,-20.0,-20.0,-60.0,0.0,0.0,14.489395,5.510607,0.0,Object notstarted,Object notstarted,Object notstarted,Object notstarted,Object notstarted,Object notstarted,Object notstarted,Object notstarted,Object notstarted
2024-02-19 19:07:39,835.835,__main___datalogs,INFO,JoyConState.USE_SNS,0.000000,-180.025000,-182.780000,1.586054,-0.011444,0.000000,0.004577,0.000000,0.000000,0.000000,0.000000,0,0,0,0,0,0,0,0,0,0,0,0.045257568359375,-0.010467529296875,-20.0,-20.0,-60.0,0.0,0.0,14.489395,5.510607,0.0,Object notstarted,Object notstarted,Object notstarted,Object notstarted,Object notstarted,Object notstarted,Object notstarted,Object notstarted,Object notstarted
2024-02-19 19:07:39,876.876,__main___datalogs,INFO,JoyConState.USE_SNS,0.000000,-180.025000,-182.780000,1.567745,-0.011444,-0.006866,0.004577,0.000000,0.000000,0.000000,0.000000,0,0,0,0,0,0,0,0,0,0,0,0.045257568359375,-0.010467529296875,-20.0,-20.0,-60.0,0.0,0.0,14.489395,5.510607,0.0,Object notstarted,Object notstarted,Object notstarted,Object notstarted,Object notstarted,Object notstarted,Object notstarted,Object notstarted,Object notstarted
2024-02-19 19:07:39,917.917,__main___datalogs,INFO,JoyConState.USE_SNS,0.000000,-180.025000,-182.780000,1.554013,-0.011444,0.000000,0.004577,0.000000,0.000000,0.000000,0.000000,0,0,0,0,0,0,0,0,0,0,0,0.045257568359375,-0.010467529296875,-20.0,-20.0,-60.0,0.0,0.0,14.489395,5.510607,0.0,Object notstarted,Object notstarted,Object notstarted,Object notstarted,Object notstarted,Object notstarted,Object notstarted,Object notstarted,Object notstarted
2024-02-19 19:07:39,959.959,__main___datalogs,INFO,JoyConState.USE_SNS,0.000000,-180.025000,-182.780000,1.533415,-0.011444,-0.006866,0.000000,0.000000,0.000000,0.000000,0.000000,0,0,0,0,0,0,0,0,0,0,0,0.045257568359375,-0.010467529296875,-20.0,-20.0,-60.0,0.0,0.0,14.489395,5.510607,0.0,Object notstarted,Object notstarted,Object notstarted,Object notstarted,Object notstarted,Object notstarted,Object notstarted,Object notstarted,Object notstarted
2024-02-19 19:07:40,006.006,__main___datalogs,INFO,JoyConState.USE_SNS,0.000000,-180.025000,-182.780000,1.519683,-0.009155,0.000000,0.004577,0.000000,0.000000,0.000000,0.000000,0,0,0,0,0,0,0,0,0,0,0,0.045257568359375,-0.010467529296875,-20.0,-20.0,-60.0,0.0,0.0,14.489395,5.510607,0.0,Object notstarted,Object notstarted,Object notstarted,Object notstarted,Object notstarted,Object notstarted,Object notstarted,Object notstarted,Object notstarted
2024-02-19 19:07:40,051.051,__main___datalogs,INFO,JoyConState.USE_SNS,0.000000,-180.025000,-182.780000,1.503662,-0.009155,0.000000,0.004577,0.000000,0.000000,0.000000,0.000000,0,0,0,0,0,0,0,0,0,0,0,0.045257568359375,-0.010467529296875,-20.0,-20.0,-60.0,0.0,0.0,14.489395,5.510607,0.0,Object notstarted,Object notstarted,Object notstarted,Object notstarted,Object notstarted,Object notstarted,Object notstarted,Object notstarted,Object notstarted
2024-02-19 19:07:40,097.097,__main___datalogs,INFO,JoyConState.USE_SNS,0.000000,-180.025000,-182.780000,1.489930,-0.009155,0.000000,0.004577,0.000000,0.000000,0.000000,0.000000,0,0,0,0,0,0,0,0,0,0,0,0.045257568359375,-0.010467529296875,-20.0,-20.0,-60.0,0.0,0.0,14.489395,5.510607,0.0,Object notstarted,Object notstarted,Object notstarted,Object notstarted,Object notstarted,Object notstarted,Object notstarted,Object notstarted,Object notstarted
2024-02-19 19:07:40,140.140,__main___datalogs,INFO,JoyConState.USE_SNS,0.000000,-180.025000,-182.780000,1.485353,-0.009155,-0.006866,0.004577,0.000000,0.000000,0.000000,0.000000,0,0,0,0,0,0,0,0,0,0,0,0.045257568359375,-0.010467529296875,-20.0,-20.0,-60.0,0.0,0.0,14.489395,5.510607,0.0,Object notstarted,Object notstarted,Object notstarted,Object notstarted,Object notstarted,Object notstarted,Object notstarted,Object notstarted,Object notstarted
2024-02-19 19:07:40,181.181,__main___datalogs,INFO,JoyConState.USE_SNS,0.000000,-180.025000,-182.780000,1.464755,-0.009155,0.000000,0.004577,0.000000,0.000000,0.000000,0.000000,0,0,0,0,0,0,0,0,0,0,0,0.045257568359375,-0.010467529296875,-20.0,-20.0,-60.0,0.0,0.0,14.489395,5.510607,0.0,Object notstarted,Object notstarted,Object notstarted,Object notstarted,Object notstarted,Object notstarted,Object notstarted,Object notstarted,Object notstarted
2024-02-19 19:07:40,221.221,__main___datalogs,INFO,JoyConState.USE_SNS,0.000000,-180.025000,-182.780000,1.448734,-0.009155,-0.006866,0.004577,0.000000,0.000000,0.000000,0.000000,0,0,0,0,0,0,0,0,0,0,0,0.045257568359375,-0.010467529296875,-20.0,-20.0,-60.0,0.0,0.0,14.489395,5.510607,0.0,Object notstarted,Object notstarted,Object notstarted,Object notstarted,Object notstarted,Object notstarted,Object notstarted,Object notstarted,Object notstarted
2024-02-19 19:07:40,262.262,__main___datalogs,INFO,JoyConState.USE_SNS,0.000000,-180.025000,-182.780000,1.448734,-0.011444,0.000000,0.004577,0.000000,0.000000,0.000000,0.000000,0,0,0,0,0,0,0,0,0,0,0,0.045257568359375,-0.010467529296875,-20.0,-20.0,-60.0,0.0,0.0,14.489395,5.510607,0.0,Object notstarted,Object notstarted,Object notstarted,Object notstarted,Object notstarted,Object notstarted,Object notstarted,Object notstarted,Object notstarted
2024-02-19 19:07:40,301.301,__main___datalogs,INFO,JoyConState.USE_SNS,0.000000,-180.025000,-182.780000,1.435001,-0.011444,-0.006866,0.004577,0.000000,0.000000,0.000000,0.000000,0,0,0,0,0,0,0,0,0,0,0,0.045257568359375,-0.010467529296875,-20.0,-20.0,-60.0,0.0,0.0,14.489395,5.510607,0.0,Object notstarted,Object notstarted,Object notstarted,Object notstarted,Object notstarted,Object notstarted,Object notstarted,Object notstarted,Object notstarted
2024-02-19 19:07:40,343.343,__main___datalogs,INFO,JoyConState.USE_SNS,0.000000,-180.025000,-182.780000,1.418981,-0.011444,0.000000,0.004577,0.000000,0.000000,0.000000,0.000000,0,0,0,0,0,0,0,0,0,0,0,0.045257568359375,-0.010467529296875,-20.0,-20.0,-60.0,0.0,0.0,14.489395,5.510607,0.0,Object notstarted,Object notstarted,Object notstarted,Object notstarted,Object notstarted,Object notstarted,Object notstarted,Object notstarted,Object notstarted
2024-02-19 19:07:40,383.383,__main___datalogs,INFO,JoyConState.USE_SNS,0.000000,-180.025000,-182.780000,1.407537,-0.016021,0.000000,0.000000,0.000000,0.000000,0.000000,0.000000,0,0,0,0,0,0,0,0,0,0,0,0.045257568359375,-0.010467529296875,-20.0,-20.0,-60.0,0.0,0.0,14.489395,5.510607,0.0,Object notstarted,Object notstarted,Object notstarted,Object notstarted,Object notstarted,Object notstarted,Object notstarted,Object notstarted,Object notstarted
2024-02-19 19:07:40,426.426,__main___datalogs,INFO,JoyConState.USE_SNS,0.000000,-180.025000,-182.780000,1.400671,-0.011444,0.000000,-0.004577,0.000000,0.000000,0.000000,0.000000,0,0,0,0,0,0,0,0,0,0,0,0.045257568359375,-0.010467529296875,-20.0,-20.0,-60.0,0.0,0.0,14.489395,5.510607,0.0,Object notstarted,Object notstarted,Object notstarted,Object notstarted,Object notstarted,Object notstarted,Object notstarted,Object notstarted,Object notstarted
2024-02-19 19:07:40,466.466,__main___datalogs,INFO,JoyConState.USE_SNS,0.000000,-180.025000,-182.780000,1.396094,-0.011444,-0.006866,0.000000,0.000000,0.000000,0.000000,0.000000,0,0,0,0,0,0,0,0,0,0,0,0.045257568359375,-0.010467529296875,-20.0,-20.0,-60.0,0.0,0.0,14.489395,5.510607,0.0,Object notstarted,Object notstarted,Object notstarted,Object notstarted,Object notstarted,Object notstarted,Object notstarted,Object notstarted,Object notstarted
2024-02-19 19:07:40,507.507,__main___datalogs,INFO,JoyConState.USE_SNS,0.000000,-180.025000,-182.780000,1.384651,-0.009155,-0.006866,0.004577,0.000000,0.000000,0.000000,0.000000,0,0,0,0,0,0,0,0,0,0,0,0.045257568359375,-0.010467529296875,-20.0,-20.0,-60.0,0.0,0.0,14.489395,5.510607,0.0,Object notstarted,Object notstarted,Object notstarted,Object notstarted,Object notstarted,Object notstarted,Object notstarted,Object notstarted,Object notstarted
2024-02-19 19:07:40,551.551,__main___datalogs,INFO,JoyConState.USE_SNS,0.000000,-180.025000,-182.780000,1.375496,-0.011444,0.000000,0.000000,0.000000,0.000000,0.000000,0.000000,0,0,0,0,0,0,0,0,0,0,0,0.045257568359375,-0.010467529296875,-20.0,-20.0,-60.0,0.0,0.0,14.489395,5.510607,0.0,Object notstarted,Object notstarted,Object notstarted,Object notstarted,Object notstarted,Object notstarted,Object notstarted,Object notstarted,Object notstarted
2024-02-19 19:07:40,597.597,__main___datalogs,INFO,JoyConState.USE_SNS,0.000000,-180.025000,-182.780000,1.366341,-0.009155,-0.006866,0.004577,0.000000,0.000000,0.000000,0.000000,0,0,0,0,0,0,0,0,0,0,0,0.045257568359375,-0.010467529296875,-20.0,-20.0,-60.0,0.0,0.0,14.489395,5.510607,0.0,Object notstarted,Object notstarted,Object notstarted,Object notstarted,Object notstarted,Object notstarted,Object notstarted,Object notstarted,Object notstarted
2024-02-19 19:07:40,644.644,__main___datalogs,INFO,JoyConState.USE_SNS,0.000000,-180.025000,-182.780000,1.354898,-0.004577,0.000000,0.004577,0.000000,0.000000,0.000000,0.000000,0,0,0,0,0,0,0,0,0,0,0,0.045257568359375,-0.010467529296875,-20.0,-20.0,-60.0,0.0,0.0,14.489395,5.510607,0.0,Object notstarted,Object notstarted,Object notstarted,Object notstarted,Object notstarted,Object notstarted,Object notstarted,Object notstarted,Object notstarted
2024-02-19 19:07:40,689.689,__main___datalogs,INFO,JoyConState.USE_SNS,0.000000,-180.025000,-182.780000,1.348032,-0.009155,0.000000,0.004577,0.000000,0.000000,0.000000,0.000000,0,0,0,0,0,0,0,0,0,0,0,0.045257568359375,-0.010467529296875,-20.0,-20.0,-60.0,0.0,0.0,14.489395,5.510607,0.0,Object notstarted,Object notstarted,Object notstarted,Object notstarted,Object notstarted,Object notstarted,Object notstarted,Object notstarted,Object notstarted
2024-02-19 19:07:40,730.730,__main___datalogs,INFO,JoyConState.USE_SNS,0.000000,-180.025000,-182.780000,1.334300,-0.009155,0.000000,0.004577,0.000000,0.000000,0.000000,0.000000,0,0,0,0,0,0,0,0,0,0,0,0.045257568359375,-0.010467529296875,-20.0,-20.0,-60.0,0.0,0.0,14.489395,5.510607,0.0,Object notstarted,Object notstarted,Object notstarted,Object notstarted,Object notstarted,Object notstarted,Object notstarted,Object notstarted,Object notstarted
2024-02-19 19:07:40,773.773,__main___datalogs,INFO,JoyConState.USE_SNS,0.000000,-180.025000,-182.780000,1.334300,-0.004577,0.000000,0.000000,0.000000,0.000000,0.000000,0.000000,0,0,0,0,0,0,0,0,0,0,0,0.045257568359375,-0.010467529296875,-20.0,-20.0,-60.0,0.0,0.0,14.489395,5.510607,0.0,Object notstarted,Object notstarted,Object notstarted,Object notstarted,Object notstarted,Object notstarted,Object notstarted,Object notstarted,Object notstarted
2024-02-19 19:07:40,813.813,__main___datalogs,INFO,JoyConState.USE_SNS,0.000000,-180.025000,-182.780000,1.318279,-0.011444,-0.006866,0.004577,0.000000,0.000000,0.000000,0.000000,0,0,0,0,0,0,0,0,0,0,0,0.045257568359375,-0.010467529296875,-20.0,-20.0,-60.0,0.0,0.0,14.489395,5.510607,0.0,Object notstarted,Object notstarted,Object notstarted,Object notstarted,Object notstarted,Object notstarted,Object notstarted,Object notstarted,Object notstarted
2024-02-19 19:07:40,854.854,__main___datalogs,INFO,JoyConState.USE_SNS,0.000000,-180.025000,-182.780000,1.309124,-0.009155,0.000000,0.004577,0.000000,0.000000,0.000000,0.000000,0,0,0,0,0,0,0,0,0,0,0,0.045257568359375,-0.010467529296875,-20.0,-20.0,-60.0,0.0,0.0,14.489395,5.510607,0.0,Object notstarted,Object notstarted,Object notstarted,Object notstarted,Object notstarted,Object notstarted,Object notstarted,Object notstarted,Object notstarted
2024-02-19 19:07:40,895.895,__main___datalogs,INFO,JoyConState.USE_SNS,0.000000,-180.025000,-182.780000,1.302258,-0.009155,-0.006866,0.000000,0.000000,0.000000,0.000000,0.000000,0,0,0,0,0,0,0,0,0,0,0,0.045257568359375,-0.010467529296875,-20.0,-20.0,-60.0,0.0,0.0,14.489395,5.510607,0.0,Object notstarted,Object notstarted,Object notstarted,Object notstarted,Object notstarted,Object notstarted,Object notstarted,Object notstarted,Object notstarted
2024-02-19 19:07:40,938.938,__main___datalogs,INFO,JoyConState.USE_SNS,0.000000,-180.025000,-182.780000,1.290815,-0.004577,0.000000,0.004577,0.000000,0.000000,0.000000,0.000000,0,0,0,0,0,0,0,0,0,0,0,0.045257568359375,-0.010467529296875,-20.0,-20.0,-60.0,0.0,0.0,14.489395,5.510607,0.0,Object notstarted,Object notstarted,Object notstarted,Object notstarted,Object notstarted,Object notstarted,Object notstarted,Object notstarted,Object notstarted
2024-02-19 19:07:40,979.979,__main___datalogs,INFO,JoyConState.USE_SNS,0.000000,-180.025000,-182.780000,1.286238,-0.009155,0.000000,0.004577,0.000000,0.000000,0.000000,0.000000,0,0,0,0,0,0,0,0,0,0,0,0.045257568359375,-0.010467529296875,-20.0,-20.0,-60.0,0.0,0.0,14.489395,5.510607,0.0,Object notstarted,Object notstarted,Object notstarted,Object notstarted,Object notstarted,Object notstarted,Object notstarted,Object notstarted,Object notstarted
2024-02-19 19:07:41,020.020,__main___datalogs,INFO,JoyConState.USE_SNS,0.000000,-180.025000,-182.780000,1.272505,-0.009155,0.000000,0.004577,0.000000,0.000000,0.000000,0.000000,0,0,0,0,0,0,0,0,0,0,0,0.045257568359375,-0.010467529296875,-20.0,-20.0,-60.0,0.0,0.0,14.489395,5.510607,0.0,Object notstarted,Object notstarted,Object notstarted,Object notstarted,Object notstarted,Object notstarted,Object notstarted,Object notstarted,Object notstarted
2024-02-19 19:07:41,059.059,__main___datalogs,INFO,JoyConState.USE_SNS,0.000000,-180.025000,-182.780000,1.267928,-0.011444,0.000000,0.000000,0.000000,0.000000,0.000000,0.000000,0,0,0,0,0,0,0,0,0,0,0,0.045257568359375,-0.010467529296875,-20.0,-20.0,-60.0,0.0,0.0,14.489395,5.510607,0.0,Object notstarted,Object notstarted,Object notstarted,Object notstarted,Object notstarted,Object notstarted,Object notstarted,Object notstarted,Object notstarted
2024-02-19 19:07:41,099.099,__main___datalogs,INFO,JoyConState.USE_SNS,0.000000,-180.025000,-182.780000,1.263350,-0.004577,0.000000,0.004577,0.000000,0.000000,0.000000,0.000000,0,0,0,0,0,0,0,0,0,0,0,0.045257568359375,-0.010467529296875,-20.0,-20.0,-60.0,0.0,0.0,14.489395,5.510607,0.0,Object notstarted,Object notstarted,Object notstarted,Object notstarted,Object notstarted,Object notstarted,Object notstarted,Object notstarted,Object notstarted
2024-02-19 19:07:41,141.141,__main___datalogs,INFO,JoyConState.USE_SNS,0.000000,-180.025000,-182.780000,1.256485,-0.009155,0.000000,0.004577,0.000000,0.000000,0.000000,0.000000,0,0,0,0,0,0,0,0,0,0,0,0.045257568359375,-0.010467529296875,-20.0,-20.0,-60.0,0.0,0.0,14.489395,5.510607,0.0,Object notstarted,Object notstarted,Object notstarted,Object notstarted,Object notstarted,Object notstarted,Object notstarted,Object notstarted,Object notstarted
2024-02-19 19:07:41,184.184,__main___datalogs,INFO,JoyConState.USE_SNS,0.000000,-180.025000,-182.780000,1.245041,-0.004577,-0.006866,0.004577,0.000000,0.000000,0.000000,0.000000,0,0,0,0,0,0,0,0,0,0,0,0.045257568359375,-0.010467529296875,-20.0,-20.0,-60.0,0.0,0.0,14.489395,5.510607,0.0,Object notstarted,Object notstarted,Object notstarted,Object notstarted,Object notstarted,Object notstarted,Object notstarted,Object notstarted,Object notstarted
2024-02-19 19:07:41,228.228,__main___datalogs,INFO,JoyConState.USE_SNS,0.000000,-180.025000,-182.780000,1.238175,-0.009155,0.000000,0.004577,0.000000,0.000000,0.000000,0.000000,0,0,0,0,0,0,0,0,0,0,0,0.045257568359375,-0.010467529296875,-20.0,-20.0,-60.0,0.0,0.0,14.489395,5.510607,0.0,Object notstarted,Object notstarted,Object notstarted,Object notstarted,Object notstarted,Object notstarted,Object notstarted,Object notstarted,Object notstarted
2024-02-19 19:07:41,276.276,__main___datalogs,INFO,JoyConState.USE_SNS,0.000000,-180.025000,-182.780000,1.219866,-0.011444,0.000000,0.004577,0.000000,0.000000,0.000000,0.000000,0,0,0,0,0,0,0,0,0,0,0,0.045257568359375,-0.010467529296875,-20.0,-20.0,-60.0,0.0,0.0,14.489395,5.510607,0.0,Object notstarted,Object notstarted,Object notstarted,Object notstarted,Object notstarted,Object notstarted,Object notstarted,Object notstarted,Object notstarted
2024-02-19 19:07:41,319.319,__main___datalogs,INFO,JoyConState.USE_SNS,0.000000,-180.025000,-182.780000,1.203845,-0.011444,0.000000,0.004577,0.000000,0.000000,0.000000,0.000000,0,0,0,0,0,0,0,0,0,0,0,0.045257568359375,-0.010467529296875,-20.0,-20.0,-60.0,0.0,0.0,14.489395,5.510607,0.0,Object notstarted,Object notstarted,Object notstarted,Object notstarted,Object notstarted,Object notstarted,Object notstarted,Object notstarted,Object notstarted
2024-02-19 19:07:41,363.363,__main___datalogs,INFO,JoyConState.USE_SNS,0.000000,-180.025000,-182.780000,1.194690,-0.011444,0.000000,0.004577,0.000000,0.000000,0.000000,0.000000,0,0,0,0,0,0,0,0,0,0,0,0.045257568359375,-0.010467529296875,-20.0,-20.0,-60.0,0.0,0.0,14.489395,5.510607,0.0,Object notstarted,Object notstarted,Object notstarted,Object notstarted,Object notstarted,Object notstarted,Object notstarted,Object notstarted,Object notstarted
2024-02-19 19:07:41,404.404,__main___datalogs,INFO,JoyConState.USE_SNS,0.000000,-180.025000,-182.780000,1.183247,-0.011444,0.002289,0.004577,0.000000,0.000000,0.000000,0.000000,0,0,0,0,0,0,0,0,0,0,0,0.045257568359375,-0.010467529296875,-20.0,-20.0,-60.0,0.0,0.0,14.489395,5.510607,0.0,Object notstarted,Object notstarted,Object notstarted,Object notstarted,Object notstarted,Object notstarted,Object notstarted,Object notstarted,Object notstarted
2024-02-19 19:07:41,445.445,__main___datalogs,INFO,JoyConState.USE_SNS,0.000000,-180.025000,-182.780000,1.171803,-0.009155,-0.006866,0.004577,0.000000,0.000000,0.000000,0.000000,0,0,0,0,0,0,0,0,0,0,0,0.045257568359375,-0.010467529296875,-20.0,-20.0,-60.0,0.0,0.0,14.489395,5.510607,0.0,Object notstarted,Object notstarted,Object notstarted,Object notstarted,Object notstarted,Object notstarted,Object notstarted,Object notstarted,Object notstarted
2024-02-19 19:07:41,486.486,__main___datalogs,INFO,JoyConState.USE_SNS,0.000000,-180.025000,-182.780000,1.155783,-0.011444,-0.006866,0.004577,0.000000,0.000000,0.000000,0.000000,0,0,0,0,0,0,0,0,0,0,0,0.045257568359375,-0.010467529296875,-20.0,-20.0,-60.0,0.0,0.0,14.489395,5.510607,0.0,Object notstarted,Object notstarted,Object notstarted,Object notstarted,Object notstarted,Object notstarted,Object notstarted,Object notstarted,Object notstarted
2024-02-19 19:07:41,528.528,__main___datalogs,INFO,JoyConState.USE_SNS,0.000000,-180.025000,-182.780000,1.142051,-0.009155,0.000000,0.004577,0.000000,0.000000,0.000000,0.000000,0,0,0,0,0,0,0,0,0,0,0,0.045257568359375,-0.010467529296875,-20.0,-20.0,-60.0,0.0,0.0,14.489395,5.510607,0.0,Object notstarted,Object notstarted,Object notstarted,Object notstarted,Object notstarted,Object notstarted,Object notstarted,Object notstarted,Object notstarted
2024-02-19 19:07:41,569.569,__main___datalogs,INFO,JoyConState.USE_SNS,0.000000,-180.025000,-182.780000,1.130607,-0.004577,0.000000,0.004577,0.000000,0.000000,0.000000,0.000000,0,0,0,0,0,0,0,0,0,0,0,0.045257568359375,-0.010467529296875,-20.0,-20.0,-60.0,0.0,0.0,14.489395,5.510607,0.0,Object notstarted,Object notstarted,Object notstarted,Object notstarted,Object notstarted,Object notstarted,Object notstarted,Object notstarted,Object notstarted
2024-02-19 19:07:41,612.612,__main___datalogs,INFO,JoyConState.USE_SNS,0.000000,-180.025000,-182.780000,1.119164,-0.009155,0.002289,0.004577,0.000000,0.000000,0.000000,0.000000,0,0,0,0,0,0,0,0,0,0,0,0.045257568359375,-0.010467529296875,-20.0,-20.0,-60.0,0.0,0.0,14.489395,5.510607,0.0,Object notstarted,Object notstarted,Object notstarted,Object notstarted,Object notstarted,Object notstarted,Object notstarted,Object notstarted,Object notstarted
2024-02-19 19:07:41,653.653,__main___datalogs,INFO,JoyConState.USE_SNS,0.000000,-180.025000,-182.780000,1.096277,-0.009155,-0.006866,0.004577,0.000000,0.000000,0.000000,0.000000,0,0,0,0,0,0,0,0,0,0,0,0.045257568359375,-0.010467529296875,-20.0,-20.0,-60.0,0.0,0.0,14.489395,5.510607,0.0,Object notstarted,Object notstarted,Object notstarted,Object notstarted,Object notstarted,Object notstarted,Object notstarted,Object notstarted,Object notstarted
2024-02-19 19:07:41,694.694,__main___datalogs,INFO,JoyConState.USE_SNS,0.000000,-180.025000,-182.780000,1.082545,-0.009155,0.000000,0.004577,0.000000,0.000000,0.000000,0.000000,0,0,0,0,0,0,0,0,0,0,0,0.045257568359375,-0.010467529296875,-20.0,-20.0,-60.0,0.0,0.0,14.489395,5.510607,0.0,Object notstarted,Object notstarted,Object notstarted,Object notstarted,Object notstarted,Object notstarted,Object notstarted,Object notstarted,Object notstarted
2024-02-19 19:07:41,755.755,__main___datalogs,INFO,JoyConState.USE_SNS,0.000000,-180.025000,-182.780000,1.064236,-0.009155,0.000000,0.004577,0.000000,0.000000,0.000000,0.000000,0,0,0,0,0,0,0,0,0,0,0,0.045257568359375,-0.010467529296875,-20.0,-20.0,-60.0,0.0,0.0,14.489395,5.510607,0.0,Object notstarted,Object notstarted,Object notstarted,Object notstarted,Object notstarted,Object notstarted,Object notstarted,Object notstarted,Object notstarted
2024-02-19 19:07:41,796.796,__main___datalogs,INFO,JoyConState.USE_SNS,0.000000,-180.025000,-182.780000,1.036771,-0.011444,0.000000,0.004577,0.000000,0.000000,0.000000,0.000000,0,0,0,0,0,0,0,0,0,0,0,0.045257568359375,-0.010467529296875,-20.0,-20.0,-60.0,0.0,0.0,14.489395,5.510607,0.0,Object notstarted,Object notstarted,Object notstarted,Object notstarted,Object notstarted,Object notstarted,Object notstarted,Object notstarted,Object notstarted
2024-02-19 19:07:41,837.837,__main___datalogs,INFO,JoyConState.USE_SNS,0.000000,-180.025000,-182.780000,1.011596,-0.016021,-0.006866,0.004577,0.000000,0.000000,0.000000,0.000000,0,0,0,0,0,0,0,0,0,0,0,0.045257568359375,-0.010467529296875,-20.0,-20.0,-60.0,0.0,0.0,14.489395,5.510607,0.0,Object notstarted,Object notstarted,Object notstarted,Object notstarted,Object notstarted,Object notstarted,Object notstarted,Object notstarted,Object notstarted
2024-02-19 19:07:41,879.879,__main___datalogs,INFO,JoyConState.USE_SNS,0.000000,-180.025000,-182.780000,0.993287,-0.011444,0.000000,0.004577,0.000000,0.000000,0.000000,0.000000,0,0,0,0,0,0,0,0,0,0,0,0.045257568359375,-0.010467529296875,-20.0,-20.0,-60.0,0.0,0.0,14.489395,5.510607,0.0,Object notstarted,Object notstarted,Object notstarted,Object notstarted,Object notstarted,Object notstarted,Object notstarted,Object notstarted,Object notstarted
2024-02-19 19:07:41,919.919,__main___datalogs,INFO,JoyConState.USE_SNS,0.000000,-180.025000,-182.780000,0.958956,-0.011444,0.000000,0.004577,0.000000,0.000000,0.000000,0.000000,0,0,0,0,0,0,0,0,0,0,0,0.045257568359375,-0.010467529296875,-20.0,-20.0,-60.0,0.0,0.0,14.489395,5.510607,0.0,Object notstarted,Object notstarted,Object notstarted,Object notstarted,Object notstarted,Object notstarted,Object notstarted,Object notstarted,Object notstarted
2024-02-19 19:07:41,960.960,__main___datalogs,INFO,JoyConState.USE_SNS,0.000000,-180.025000,-182.780000,0.933781,-0.009155,-0.006866,0.000000,0.000000,0.000000,0.000000,0.000000,0,0,0,0,0,0,0,0,0,0,0,0.045257568359375,-0.010467529296875,-20.0,-20.0,-60.0,0.0,0.0,14.489395,5.510607,0.0,Object notstarted,Object notstarted,Object notstarted,Object notstarted,Object notstarted,Object notstarted,Object notstarted,Object notstarted,Object notstarted
2024-02-19 19:07:42,000.000,__main___datalogs,INFO,JoyConState.USE_SNS,0.000000,-180.025000,-182.780000,0.904028,-0.009155,0.000000,0.004577,0.000000,0.000000,0.000000,0.000000,0,0,0,0,0,0,0,0,0,0,0,0.045257568359375,-0.010467529296875,-20.0,-20.0,-60.0,0.0,0.0,14.489395,5.510607,0.0,Object notstarted,Object notstarted,Object notstarted,Object notstarted,Object notstarted,Object notstarted,Object notstarted,Object notstarted,Object notstarted
2024-02-19 19:07:42,040.040,__main___datalogs,INFO,JoyConState.USE_SNS,0.000000,-180.025000,-182.780000,0.871987,-0.009155,-0.006866,0.000000,0.000000,0.000000,0.000000,0.000000,0,0,0,0,0,0,0,0,0,0,0,0.045257568359375,-0.010467529296875,-20.0,-20.0,-60.0,0.0,0.0,14.489395,5.510607,0.0,Object notstarted,Object notstarted,Object notstarted,Object notstarted,Object notstarted,Object notstarted,Object notstarted,Object notstarted,Object notstarted
2024-02-19 19:07:42,080.080,__main___datalogs,INFO,JoyConState.USE_SNS,0.000000,-180.025000,-182.780000,0.826213,-0.011444,0.000000,0.004577,0.000000,0.000000,0.000000,0.000000,0,0,0,0,0,0,0,0,0,0,0,0.045257568359375,-0.010467529296875,-20.0,-20.0,-60.0,0.0,0.0,14.489395,5.510607,0.0,Object notstarted,Object notstarted,Object notstarted,Object notstarted,Object notstarted,Object notstarted,Object notstarted,Object notstarted,Object notstarted
2024-02-19 19:07:42,120.120,__main___datalogs,INFO,JoyConState.USE_SNS,0.000000,-180.025000,-182.780000,0.796460,-0.009155,0.000000,0.004577,0.000000,0.000000,0.000000,0.000000,0,0,0,0,0,0,0,0,0,0,0,0.045257568359375,-0.010467529296875,-20.0,-20.0,-60.0,0.0,0.0,14.489395,5.510607,0.0,Object notstarted,Object notstarted,Object notstarted,Object notstarted,Object notstarted,Object notstarted,Object notstarted,Object notstarted,Object notstarted
2024-02-19 19:07:42,161.161,__main___datalogs,INFO,JoyConState.USE_SNS,0.000000,-180.025000,-182.780000,0.752975,-0.009155,-0.006866,0.000000,0.000000,0.000000,0.000000,0.000000,0,0,0,0,0,0,0,0,0,0,0,0.045257568359375,-0.010467529296875,-20.0,-20.0,-60.0,0.0,0.0,14.489395,5.510607,0.0,Object notstarted,Object notstarted,Object notstarted,Object notstarted,Object notstarted,Object notstarted,Object notstarted,Object notstarted,Object notstarted
2024-02-19 19:07:42,202.202,__main___datalogs,INFO,JoyConState.USE_SNS,0.000000,-180.025000,-182.780000,0.716356,-0.009155,-0.006866,0.000000,0.000000,0.000000,0.000000,0.000000,0,0,0,0,0,0,0,0,0,0,0,0.045257568359375,-0.010467529296875,-20.0,-20.0,-60.0,0.0,0.0,14.489395,5.510607,0.0,Object notstarted,Object notstarted,Object notstarted,Object notstarted,Object notstarted,Object notstarted,Object notstarted,Object notstarted,Object notstarted
2024-02-19 19:07:42,242.242,__main___datalogs,INFO,JoyConState.USE_SNS,0.000000,-180.025000,-182.780000,0.666006,-0.009155,-0.006866,0.004577,0.000000,0.000000,0.000000,0.000000,0,0,0,0,0,0,0,0,0,0,0,0.045257568359375,-0.010467529296875,-20.0,-20.0,-60.0,0.0,0.0,14.489395,5.510607,0.0,Object notstarted,Object notstarted,Object notstarted,Object notstarted,Object notstarted,Object notstarted,Object notstarted,Object notstarted,Object notstarted
2024-02-19 19:07:42,284.284,__main___datalogs,INFO,JoyConState.USE_SNS,0.000000,-180.025000,-182.780000,0.627098,-0.011444,0.000000,0.004577,0.000000,0.000000,0.000000,0.000000,0,0,0,0,0,0,0,0,0,0,0,0.045257568359375,-0.010467529296875,-20.0,-20.0,-60.0,0.0,0.0,14.489395,5.510607,0.0,Object notstarted,Object notstarted,Object notstarted,Object notstarted,Object notstarted,Object notstarted,Object notstarted,Object notstarted,Object notstarted
2024-02-19 19:07:42,326.326,__main___datalogs,INFO,JoyConState.USE_SNS,0.000000,-180.025000,-182.780000,0.585902,-0.011444,0.000000,0.000000,0.000000,0.000000,0.000000,0.000000,0,0,0,0,0,0,0,0,0,0,0,0.045257568359375,-0.010467529296875,-20.0,-20.0,-60.0,0.0,0.0,14.489395,5.510607,0.0,Object notstarted,Object notstarted,Object notstarted,Object notstarted,Object notstarted,Object notstarted,Object notstarted,Object notstarted,Object notstarted
2024-02-19 19:07:42,369.369,__main___datalogs,INFO,JoyConState.USE_SNS,0.000000,-180.025000,-182.780000,0.585902,-0.011444,0.000000,0.000000,0.000000,0.000000,0.000000,0.000000,0,0,0,0,0,0,0,0,0,0,0,0.045257568359375,-0.010467529296875,-20.0,-20.0,-60.0,0.0,0.0,14.489395,5.510607,0.0,Object notstarted,Object notstarted,Object notstarted,Object notstarted,Object notstarted,Object notstarted,Object notstarted,Object notstarted,Object notstarted
2024-02-19 19:07:42,409.409,__main___datalogs,INFO,JoyConState.USE_SNS,0.000000,-180.025000,-182.780000,0.489777,-0.009155,-0.006866,0.004577,0.000000,0.000000,0.000000,0.000000,0,0,0,0,0,0,0,0,0,0,0,0.045257568359375,-0.010467529296875,-20.0,-20.0,-60.0,0.0,0.0,14.489395,5.510607,0.0,Object notstarted,Object notstarted,Object notstarted,Object notstarted,Object notstarted,Object notstarted,Object notstarted,Object notstarted,Object notstarted
2024-02-19 19:07:42,450.450,__main___datalogs,INFO,JoyConState.USE_SNS,0.000000,-180.025000,-182.780000,0.453158,-0.004577,-0.006866,0.004577,0.000000,0.000000,0.000000,0.000000,0,0,0,0,0,0,0,0,0,0,0,0.045257568359375,-0.010467529296875,-20.0,-20.0,-60.0,0.0,0.0,14.489395,5.510607,0.0,Object notstarted,Object notstarted,Object notstarted,Object notstarted,Object notstarted,Object notstarted,Object notstarted,Object notstarted,Object notstarted
2024-02-19 19:07:42,492.492,__main___datalogs,INFO,JoyConState.USE_SNS,0.000000,-180.025000,-182.780000,0.405096,-0.004577,-0.006866,0.004577,0.000000,0.000000,0.000000,0.000000,0,0,0,0,0,0,0,0,0,0,0,0.045257568359375,-0.010467529296875,-20.0,-20.0,-60.0,0.0,0.0,14.489395,5.510607,0.0,Object notstarted,Object notstarted,Object notstarted,Object notstarted,Object notstarted,Object notstarted,Object notstarted,Object notstarted,Object notstarted
2024-02-19 19:07:42,534.534,__main___datalogs,INFO,JoyConState.USE_SNS,0.000000,-180.025000,-182.780000,0.370766,-0.004577,0.000000,0.004577,0.000000,0.000000,0.000000,0.000000,0,0,0,0,0,0,0,0,0,0,0,0.045257568359375,-0.010467529296875,-20.0,-20.0,-60.0,0.0,0.0,14.489395,5.510607,0.0,Object notstarted,Object notstarted,Object notstarted,Object notstarted,Object notstarted,Object notstarted,Object notstarted,Object notstarted,Object notstarted
2024-02-19 19:07:42,575.575,__main___datalogs,INFO,JoyConState.USE_SNS,0.000000,-180.025000,-182.780000,0.322704,-0.009155,0.000000,0.004577,0.000000,0.000000,0.000000,0.000000,0,0,0,0,0,0,0,0,0,0,0,0.045257568359375,-0.010467529296875,-20.0,-20.0,-60.0,0.0,0.0,14.489395,5.510607,0.0,Object notstarted,Object notstarted,Object notstarted,Object notstarted,Object notstarted,Object notstarted,Object notstarted,Object notstarted,Object notstarted
2024-02-19 19:07:42,616.616,__main___datalogs,INFO,JoyConState.USE_SNS,0.000000,-180.025000,-182.780000,0.288373,-0.009155,0.000000,0.004577,0.000000,0.000000,0.000000,0.000000,0,0,0,0,0,0,0,0,0,0,0,0.045257568359375,-0.010467529296875,-20.0,-20.0,-60.0,0.0,0.0,14.489395,5.510607,0.0,Object notstarted,Object notstarted,Object notstarted,Object notstarted,Object notstarted,Object notstarted,Object notstarted,Object notstarted,Object notstarted
2024-02-19 19:07:42,657.657,__main___datalogs,INFO,JoyConState.USE_SNS,0.000000,-180.025000,-182.780000,0.251755,-0.009155,0.000000,0.004577,0.000000,0.000000,0.000000,0.000000,0,0,0,0,0,0,0,0,0,0,0,0.045257568359375,-0.010467529296875,-20.0,-20.0,-60.0,0.0,0.0,14.489395,5.510607,0.0,Object notstarted,Object notstarted,Object notstarted,Object notstarted,Object notstarted,Object notstarted,Object notstarted,Object notstarted,Object notstarted
2024-02-19 19:07:42,697.697,__main___datalogs,INFO,JoyConState.USE_SNS,0.000000,-180.025000,-182.780000,0.222002,-0.009155,-0.006866,0.000000,0.000000,0.000000,0.000000,0.000000,0,0,0,0,0,0,0,0,0,0,0,0.045257568359375,-0.010467529296875,-20.0,-20.0,-60.0,0.0,0.0,14.489395,5.510607,0.0,Object notstarted,Object notstarted,Object notstarted,Object notstarted,Object notstarted,Object notstarted,Object notstarted,Object notstarted,Object notstarted
2024-02-19 19:07:42,738.738,__main___datalogs,INFO,JoyConState.USE_SNS,0.000000,-180.025000,-182.780000,0.192249,-0.004577,-0.006866,0.000000,0.000000,0.000000,0.000000,0.000000,0,0,0,0,0,0,0,0,0,0,0,0.045257568359375,-0.010467529296875,-20.0,-20.0,-60.0,0.0,0.0,14.489395,5.510607,0.0,Object notstarted,Object notstarted,Object notstarted,Object notstarted,Object notstarted,Object notstarted,Object notstarted,Object notstarted,Object notstarted
2024-02-19 19:07:42,795.795,__main___datalogs,INFO,JoyConState.USE_SNS,0.000000,-180.025000,-182.780000,0.167074,-0.004577,-0.006866,-0.004577,0.000000,0.000000,0.000000,0.000000,0,0,0,0,0,0,0,0,0,0,0,0.045257568359375,-0.010467529296875,-20.0,-20.0,-60.0,0.0,0.0,14.489395,5.510607,0.0,Object notstarted,Object notstarted,Object notstarted,Object notstarted,Object notstarted,Object notstarted,Object notstarted,Object notstarted,Object notstarted
2024-02-19 19:07:42,835.835,__main___datalogs,INFO,JoyConState.USE_SNS,0.000000,-180.025000,-182.780000,0.137321,-0.009155,0.000000,0.000000,0.000000,0.000000,0.000000,0.000000,0,0,0,0,0,0,0,0,0,0,0,0.045257568359375,-0.010467529296875,-20.0,-20.0,-60.0,0.0,0.0,14.489395,5.510607,0.0,Object notstarted,Object notstarted,Object notstarted,Object notstarted,Object notstarted,Object notstarted,Object notstarted,Object notstarted,Object notstarted
2024-02-19 19:07:42,875.875,__main___datalogs,INFO,JoyConState.USE_SNS,0.000000,-180.025000,-182.780000,0.119011,-0.009155,-0.006866,0.000000,0.000000,0.000000,0.000000,0.000000,0,0,0,0,0,0,0,0,0,0,0,0.045257568359375,-0.010467529296875,-20.0,-20.0,-60.0,0.0,0.0,14.489395,5.510607,0.0,Object notstarted,Object notstarted,Object notstarted,Object notstarted,Object notstarted,Object notstarted,Object notstarted,Object notstarted,Object notstarted
2024-02-19 19:07:42,916.916,__main___datalogs,INFO,JoyConState.USE_SNS,0.000000,-180.025000,-182.780000,0.102991,-0.011444,0.000000,0.000000,0.000000,0.000000,0.000000,0.000000,0,0,0,0,0,0,0,0,0,0,0,0.045257568359375,-0.010467529296875,-20.0,-20.0,-60.0,0.0,0.0,14.489395,5.510607,0.0,Object notstarted,Object notstarted,Object notstarted,Object notstarted,Object notstarted,Object notstarted,Object notstarted,Object notstarted,Object notstarted
2024-02-19 19:07:42,957.957,__main___datalogs,INFO,JoyConState.USE_SNS,0.000000,-180.025000,-182.780000,0.167074,-0.009155,-0.006866,0.004577,0.000000,0.000000,0.000000,0.000000,0,0,0,0,0,0,0,0,0,0,0,0.045257568359375,-0.010467529296875,-20.0,-20.0,-60.0,0.0,0.0,14.489395,5.510607,0.0,Object notstarted,Object notstarted,Object notstarted,Object notstarted,Object notstarted,Object notstarted,Object notstarted,Object notstarted,Object notstarted
2024-02-19 19:07:42,994.994,__main___datalogs,INFO,JoyConState.USE_SNS,0.000000,-180.025000,-182.780000,0.180806,-0.011444,0.000000,0.004577,0.000000,0.000000,0.000000,0.000000,0,0,0,0,0,0,0,0,0,0,0,0.045257568359375,-0.010467529296875,-20.0,-20.0,-60.0,0.0,0.0,14.489395,5.510607,0.0,Object notstarted,Object notstarted,Object notstarted,Object notstarted,Object notstarted,Object notstarted,Object notstarted,Object notstarted,Object notstarted
2024-02-19 19:07:43,036.036,__main___datalogs,INFO,JoyConState.USE_SNS,0.000000,-180.025000,-182.780000,0.151053,-0.009155,0.000000,0.004577,0.000000,0.000000,0.000000,0.000000,0,0,0,0,0,0,0,0,0,0,0,0.045257568359375,-0.010467529296875,-20.0,-20.0,-60.0,0.0,0.0,14.489395,5.510607,0.0,Object notstarted,Object notstarted,Object notstarted,Object notstarted,Object notstarted,Object notstarted,Object notstarted,Object notstarted,Object notstarted
2024-02-19 19:07:43,077.077,__main___datalogs,INFO,JoyConState.USE_SNS,0.000000,-180.025000,-182.780000,0.073238,-0.009155,-0.006866,0.004577,0.000000,0.000000,0.000000,0.000000,0,0,0,0,0,0,0,0,0,0,0,0.045257568359375,-0.010467529296875,-20.0,-20.0,-60.0,0.0,0.0,14.489395,5.510607,0.0,Object notstarted,Object notstarted,Object notstarted,Object notstarted,Object notstarted,Object notstarted,Object notstarted,Object notstarted,Object notstarted
2024-02-19 19:07:43,118.118,__main___datalogs,INFO,JoyConState.USE_SNS,0.000000,-180.025000,-182.780000,0.050351,-0.011444,-0.006866,0.004577,0.000000,0.000000,0.000000,0.000000,0,0,0,0,0,0,0,0,0,0,0,0.045257568359375,-0.010467529296875,-20.0,-20.0,-60.0,0.0,0.0,14.489395,5.510607,0.0,Object notstarted,Object notstarted,Object notstarted,Object notstarted,Object notstarted,Object notstarted,Object notstarted,Object notstarted,Object notstarted
2024-02-19 19:07:43,159.159,__main___datalogs,INFO,JoyConState.USE_SNS,0.000000,-180.025000,-182.780000,0.137321,-0.011444,0.000000,0.004577,0.000000,0.000000,0.000000,0.000000,0,0,0,0,0,0,0,0,0,0,0,0.045257568359375,-0.010467529296875,-20.0,-20.0,-60.0,0.0,0.0,14.489395,5.510607,0.0,Object notstarted,Object notstarted,Object notstarted,Object notstarted,Object notstarted,Object notstarted,Object notstarted,Object notstarted,Object notstarted
2024-02-19 19:07:43,201.201,__main___datalogs,INFO,JoyConState.USE_SNS,0.000000,-180.025000,-182.780000,0.059506,-0.009155,0.000000,0.004577,0.000000,0.000000,0.000000,0.000000,0,0,0,0,0,0,0,0,0,0,0,0.045257568359375,-0.010467529296875,-20.0,-20.0,-60.0,0.0,0.0,14.489395,5.510607,0.0,Object notstarted,Object notstarted,Object notstarted,Object notstarted,Object notstarted,Object notstarted,Object notstarted,Object notstarted,Object notstarted
2024-02-19 19:07:43,240.240,__main___datalogs,INFO,JoyConState.USE_SNS,0.000000,-180.025000,-182.780000,0.187672,-0.009155,0.000000,0.004577,0.000000,0.000000,0.000000,0.000000,0,0,0,0,0,0,0,0,0,0,0,0.045257568359375,-0.010467529296875,-20.0,-20.0,-60.0,0.0,0.0,14.489395,5.510607,0.0,Object notstarted,Object notstarted,Object notstarted,Object notstarted,Object notstarted,Object notstarted,Object notstarted,Object notstarted,Object notstarted
2024-02-19 19:07:43,280.280,__main___datalogs,INFO,JoyConState.USE_SNS,0.000000,-180.025000,-182.780000,0.050351,-0.011444,0.000000,0.004577,0.000000,0.000000,0.000000,0.000000,0,0,0,0,0,0,0,0,0,0,0,0.045257568359375,-0.010467529296875,-20.0,-20.0,-60.0,0.0,0.0,14.489395,5.510607,0.0,Object notstarted,Object notstarted,Object notstarted,Object notstarted,Object notstarted,Object notstarted,Object notstarted,Object notstarted,Object notstarted
2024-02-19 19:07:43,319.319,__main___datalogs,INFO,JoyConState.USE_SNS,0.000000,-180.025000,-182.780000,0.132743,-0.009155,-0.006866,0.004577,0.000000,0.000000,0.000000,0.000000,0,0,0,0,0,0,0,0,0,0,0,0.045257568359375,-0.010467529296875,-20.0,-20.0,-60.0,0.0,0.0,14.489395,5.510607,0.0,Object notstarted,Object notstarted,Object notstarted,Object notstarted,Object notstarted,Object notstarted,Object notstarted,Object notstarted,Object notstarted
2024-02-19 19:07:43,359.359,__main___datalogs,INFO,JoyConState.USE_SNS,0.000000,-180.025000,-182.780000,0.059506,-0.011444,-0.006866,0.004577,0.000000,0.000000,0.000000,0.000000,0,0,0,0,0,0,0,0,0,0,0,0.045257568359375,-0.010467529296875,-20.0,-20.0,-60.0,0.0,0.0,14.489395,5.510607,0.0,Object notstarted,Object notstarted,Object notstarted,Object notstarted,Object notstarted,Object notstarted,Object notstarted,Object notstarted,Object notstarted
2024-02-19 19:07:43,398.398,__main___datalogs,INFO,JoyConState.USE_SNS,0.000000,-180.025000,-182.780000,0.080104,-0.011444,0.000000,0.004577,0.000000,0.000000,0.000000,0.000000,0,0,0,0,0,0,0,0,0,0,0,0.045257568359375,-0.010467529296875,-20.0,-20.0,-60.0,0.0,0.0,14.489395,5.510607,0.0,Object notstarted,Object notstarted,Object notstarted,Object notstarted,Object notstarted,Object notstarted,Object notstarted,Object notstarted,Object notstarted
2024-02-19 19:07:43,439.439,__main___datalogs,INFO,JoyConState.USE_SNS,0.000000,-180.025000,-182.780000,0.185383,-0.009155,-0.006866,0.004577,0.000000,0.000000,0.000000,0.000000,0,0,0,0,0,0,0,0,0,0,0,0.045257568359375,-0.010467529296875,-20.0,-20.0,-60.0,0.0,0.0,14.489395,5.510607,0.0,Object notstarted,Object notstarted,Object notstarted,Object notstarted,Object notstarted,Object notstarted,Object notstarted,Object notstarted,Object notstarted
2024-02-19 19:07:43,479.479,__main___datalogs,INFO,JoyConState.USE_SNS,0.000000,-180.025000,-182.780000,0.011443,-0.011444,0.000000,0.004577,0.000000,0.000000,0.000000,0.000000,0,0,0,0,0,0,0,0,0,0,0,0.045257568359375,-0.010467529296875,-20.0,-20.0,-60.0,0.0,0.0,14.489395,5.510607,0.0,Object notstarted,Object notstarted,Object notstarted,Object notstarted,Object notstarted,Object notstarted,Object notstarted,Object notstarted,Object notstarted
2024-02-19 19:07:43,521.521,__main___datalogs,INFO,JoyConState.USE_SNS,0.000000,-180.025000,-182.780000,0.125877,-0.004577,0.000000,0.004577,0.000000,0.000000,0.000000,0.000000,0,0,0,0,0,0,0,0,0,0,0,0.045257568359375,-0.010467529296875,-20.0,-20.0,-60.0,0.0,0.0,14.489395,5.510607,0.0,Object notstarted,Object notstarted,Object notstarted,Object notstarted,Object notstarted,Object notstarted,Object notstarted,Object notstarted,Object notstarted
2024-02-19 19:07:43,560.560,__main___datalogs,INFO,JoyConState.USE_SNS,0.000000,-180.025000,-182.780000,0.041196,-0.009155,0.000000,0.004577,0.000000,0.000000,0.000000,0.000000,0,0,0,0,0,0,0,0,0,0,0,0.045257568359375,-0.010467529296875,-20.0,-20.0,-60.0,0.0,0.0,14.489395,5.510607,0.0,Object notstarted,Object notstarted,Object notstarted,Object notstarted,Object notstarted,Object notstarted,Object notstarted,Object notstarted,Object notstarted
2024-02-19 19:07:43,601.601,__main___datalogs,INFO,JoyConState.USE_SNS,0.000000,-180.025000,-182.780000,0.084681,-0.009155,0.000000,0.004577,0.000000,0.000000,0.000000,0.000000,0,0,0,0,0,0,0,0,0,0,0,0.045257568359375,-0.010467529296875,-20.0,-20.0,-60.0,0.0,0.0,14.489395,5.510607,0.0,Object notstarted,Object notstarted,Object notstarted,Object notstarted,Object notstarted,Object notstarted,Object notstarted,Object notstarted,Object notstarted
2024-02-19 19:07:43,642.642,__main___datalogs,INFO,JoyConState.USE_SNS,0.000000,-180.025000,-182.780000,0.187672,-0.011444,0.000000,0.004577,0.000000,0.000000,0.000000,0.000000,0,0,0,0,0,0,0,0,0,0,0,0.045257568359375,-0.010467529296875,-20.0,-20.0,-60.0,0.0,0.0,14.489395,5.510607,0.0,Object notstarted,Object notstarted,Object notstarted,Object notstarted,Object notstarted,Object notstarted,Object notstarted,Object notstarted,Object notstarted
2024-02-19 19:07:43,682.682,__main___datalogs,INFO,JoyConState.USE_SNS,0.000000,-180.025000,-182.780000,0.016021,-0.009155,0.000000,0.004577,0.000000,0.000000,0.000000,0.000000,0,0,0,0,0,0,0,0,0,0,0,0.045257568359375,-0.010467529296875,-20.0,-20.0,-60.0,0.0,0.0,14.489395,5.510607,0.0,Object notstarted,Object notstarted,Object notstarted,Object notstarted,Object notstarted,Object notstarted,Object notstarted,Object notstarted,Object notstarted
2024-02-19 19:07:43,723.723,__main___datalogs,INFO,JoyConState.USE_SNS,0.000000,-180.025000,-182.780000,0.119011,-0.009155,-0.006866,0.004577,0.000000,0.000000,0.000000,0.000000,0,0,0,0,0,0,0,0,0,0,0,0.045257568359375,-0.010467529296875,-20.0,-20.0,-60.0,0.0,0.0,14.489395,5.510607,0.0,Object notstarted,Object notstarted,Object notstarted,Object notstarted,Object notstarted,Object notstarted,Object notstarted,Object notstarted,Object notstarted
2024-02-19 19:07:43,763.763,__main___datalogs,INFO,JoyConState.USE_SNS,0.000000,-180.025000,-182.780000,0.157919,-0.009155,0.000000,0.004577,0.000000,0.000000,0.000000,0.000000,0,0,0,0,0,0,0,0,0,0,0,0.045257568359375,-0.010467529296875,-20.0,-20.0,-60.0,0.0,0.0,14.489395,5.510607,0.0,Object notstarted,Object notstarted,Object notstarted,Object notstarted,Object notstarted,Object notstarted,Object notstarted,Object notstarted,Object notstarted
2024-02-19 19:07:43,803.803,__main___datalogs,INFO,JoyConState.USE_SNS,0.000000,-180.025000,-182.780000,0.000000,-0.009155,0.002289,0.000000,0.000000,0.000000,0.000000,0.000000,0,0,0,0,0,0,0,0,0,0,0,0.045257568359375,-0.010467529296875,-20.0,-20.0,-60.0,0.0,0.0,14.489395,5.510607,0.0,Object notstarted,Object notstarted,Object notstarted,Object notstarted,Object notstarted,Object notstarted,Object notstarted,Object notstarted,Object notstarted
2024-02-19 19:07:43,846.846,__main___datalogs,INFO,JoyConState.USE_SNS,0.000000,-180.025000,-182.780000,0.077815,-0.004577,0.002289,0.004577,0.000000,0.000000,0.000000,0.000000,0,0,0,0,0,0,0,0,0,0,0,0.045257568359375,-0.010467529296875,-20.0,-20.0,-60.0,0.0,0.0,14.489395,5.510607,0.0,Object notstarted,Object notstarted,Object notstarted,Object notstarted,Object notstarted,Object notstarted,Object notstarted,Object notstarted,Object notstarted
2024-02-19 19:07:43,909.909,__main___datalogs,INFO,JoyConState.USE_SNS,0.000000,-180.025000,-182.780000,0.139610,-0.009155,0.000000,0.000000,0.000000,0.000000,0.000000,0.000000,0,0,0,0,0,0,0,0,0,0,0,0.045257568359375,-0.010467529296875,-20.0,-20.0,-60.0,0.0,0.0,14.489395,5.510607,0.0,Object notstarted,Object notstarted,Object notstarted,Object notstarted,Object notstarted,Object notstarted,Object notstarted,Object notstarted,Object notstarted
2024-02-19 19:07:43,951.951,__main___datalogs,INFO,JoyConState.USE_SNS,0.000000,-180.025000,-182.780000,0.080104,-0.009155,0.000000,0.004577,0.000000,0.000000,0.000000,0.000000,0,0,0,0,0,0,0,0,0,0,0,0.045257568359375,-0.010467529296875,-20.0,-20.0,-60.0,0.0,0.0,14.489395,5.510607,0.0,Object notstarted,Object notstarted,Object notstarted,Object notstarted,Object notstarted,Object notstarted,Object notstarted,Object notstarted,Object notstarted
2024-02-19 19:07:43,992.992,__main___datalogs,INFO,JoyConState.USE_SNS,0.000000,-180.025000,-182.780000,0.155630,-0.009155,0.000000,0.004577,0.000000,0.000000,0.000000,0.000000,0,0,0,0,0,0,0,0,0,0,0,0.045257568359375,-0.010467529296875,-20.0,-20.0,-60.0,0.0,0.0,14.489395,5.510607,0.0,Object notstarted,Object notstarted,Object notstarted,Object notstarted,Object notstarted,Object notstarted,Object notstarted,Object notstarted,Object notstarted
2024-02-19 19:07:44,034.034,__main___datalogs,INFO,JoyConState.USE_SNS,0.000000,-180.025000,-182.780000,0.114434,-0.011444,0.000000,0.004577,0.000000,0.000000,0.000000,0.000000,0,0,0,0,0,0,0,0,0,0,0,0.045257568359375,-0.010467529296875,-20.0,-20.0,-60.0,0.0,0.0,14.489395,5.510607,0.0,Object notstarted,Object notstarted,Object notstarted,Object notstarted,Object notstarted,Object notstarted,Object notstarted,Object notstarted,Object notstarted
2024-02-19 19:07:44,073.073,__main___datalogs,INFO,JoyConState.USE_SNS,0.000000,-180.025000,-182.780000,-0.011443,-0.009155,0.000000,0.004577,0.000000,0.000000,0.000000,0.000000,0,0,0,0,0,0,0,0,0,0,0,0.045257568359375,-0.010467529296875,-20.0,-20.0,-60.0,0.0,0.0,14.489395,5.510607,0.0,Object notstarted,Object notstarted,Object notstarted,Object notstarted,Object notstarted,Object notstarted,Object notstarted,Object notstarted,Object notstarted
2024-02-19 19:07:44,113.113,__main___datalogs,INFO,JoyConState.USE_SNS,0.000000,-180.025000,-182.780000,-0.011443,-0.011444,0.000000,0.000000,0.000000,0.000000,0.000000,0.000000,0,0,0,0,0,0,0,0,0,0,0,0.045257568359375,-0.010467529296875,-20.0,-20.0,-60.0,0.0,0.0,14.489395,5.510607,0.0,Object notstarted,Object notstarted,Object notstarted,Object notstarted,Object notstarted,Object notstarted,Object notstarted,Object notstarted,Object notstarted
2024-02-19 19:07:44,151.151,__main___datalogs,INFO,JoyConState.USE_SNS,0.000000,-180.025000,-182.780000,0.054928,-0.009155,0.000000,0.004577,0.000000,0.000000,0.000000,0.000000,0,0,0,0,0,0,0,0,0,0,0,0.045257568359375,-0.010467529296875,-20.0,-20.0,-60.0,0.0,0.0,14.489395,5.510607,0.0,Object notstarted,Object notstarted,Object notstarted,Object notstarted,Object notstarted,Object notstarted,Object notstarted,Object notstarted,Object notstarted
2024-02-19 19:07:44,193.193,__main___datalogs,INFO,JoyConState.USE_SNS,0.000000,-180.025000,-182.780000,0.054928,-0.011444,0.000000,0.004577,0.000000,0.000000,0.000000,0.000000,0,0,0,0,0,0,0,0,0,0,0,0.045257568359375,-0.010467529296875,-20.0,-20.0,-60.0,0.0,0.0,14.489395,5.510607,0.0,Object notstarted,Object notstarted,Object notstarted,Object notstarted,Object notstarted,Object notstarted,Object notstarted,Object notstarted,Object notstarted
2024-02-19 19:07:44,233.233,__main___datalogs,INFO,JoyConState.USE_SNS,0.000000,-180.025000,-182.780000,0.068660,-0.011444,0.000000,0.004577,0.000000,0.000000,0.000000,0.000000,0,0,0,0,0,0,0,0,0,0,0,0.045257568359375,-0.010467529296875,-20.0,-20.0,-60.0,0.0,0.0,14.489395,5.510607,0.0,Object notstarted,Object notstarted,Object notstarted,Object notstarted,Object notstarted,Object notstarted,Object notstarted,Object notstarted,Object notstarted
2024-02-19 19:07:44,274.274,__main___datalogs,INFO,JoyConState.USE_SNS,0.000000,-180.025000,-182.780000,0.059506,-0.011444,0.000000,0.004577,0.000000,0.000000,0.000000,0.000000,0,0,0,0,0,0,0,0,0,0,0,0.045257568359375,-0.010467529296875,-20.0,-20.0,-60.0,0.0,0.0,14.489395,5.510607,0.0,Object notstarted,Object notstarted,Object notstarted,Object notstarted,Object notstarted,Object notstarted,Object notstarted,Object notstarted,Object notstarted
2024-02-19 19:07:44,314.314,__main___datalogs,INFO,JoyConState.USE_SNS,0.000000,-180.025000,-182.780000,0.066372,-0.011444,-0.006866,0.004577,0.000000,0.000000,0.000000,0.000000,0,0,0,0,0,0,0,0,0,0,0,0.045257568359375,-0.010467529296875,-20.0,-20.0,-60.0,0.0,0.0,14.489395,5.510607,0.0,Object notstarted,Object notstarted,Object notstarted,Object notstarted,Object notstarted,Object notstarted,Object notstarted,Object notstarted,Object notstarted
2024-02-19 19:07:44,355.355,__main___datalogs,INFO,JoyConState.USE_SNS,0.000000,-180.025000,-182.780000,0.048062,-0.009155,0.000000,0.004577,0.000000,0.000000,0.000000,0.000000,0,0,0,0,0,0,0,0,0,0,0,0.045257568359375,-0.010467529296875,-20.0,-20.0,-60.0,0.0,0.0,14.489395,5.510607,0.0,Object notstarted,Object notstarted,Object notstarted,Object notstarted,Object notstarted,Object notstarted,Object notstarted,Object notstarted,Object notstarted
2024-02-19 19:07:44,395.395,__main___datalogs,INFO,JoyConState.USE_SNS,0.000000,-180.025000,-182.780000,0.048062,-0.009155,-0.006866,0.000000,0.000000,0.000000,0.000000,0.000000,0,0,0,0,0,0,0,0,0,0,0,0.045257568359375,-0.010467529296875,-20.0,-20.0,-60.0,0.0,0.0,14.489395,5.510607,0.0,Object notstarted,Object notstarted,Object notstarted,Object notstarted,Object notstarted,Object notstarted,Object notstarted,Object notstarted,Object notstarted
2024-02-19 19:07:44,439.439,__main___datalogs,INFO,JoyConState.USE_SNS,0.000000,-180.025000,-182.780000,-0.018309,-0.009155,-0.006866,0.004577,0.000000,0.000000,0.000000,0.000000,0,0,0,0,0,0,0,0,0,0,0,0.045257568359375,-0.010467529296875,-20.0,-20.0,-60.0,0.0,0.0,14.489395,5.510607,0.0,Object notstarted,Object notstarted,Object notstarted,Object notstarted,Object notstarted,Object notstarted,Object notstarted,Object notstarted,Object notstarted
2024-02-19 19:07:44,479.479,__main___datalogs,INFO,JoyConState.USE_SNS,0.000000,-180.025000,-182.780000,-0.018309,-0.011444,-0.006866,0.004577,0.000000,0.000000,0.000000,0.000000,0,0,0,0,0,0,0,0,0,0,0,0.045257568359375,-0.010467529296875,-20.0,-20.0,-60.0,0.0,0.0,14.489395,5.510607,0.0,Object notstarted,Object notstarted,Object notstarted,Object notstarted,Object notstarted,Object notstarted,Object notstarted,Object notstarted,Object notstarted
2024-02-19 19:07:44,520.520,__main___datalogs,INFO,JoyConState.USE_SNS,0.000000,-180.025000,-182.780000,0.029753,-0.009155,0.000000,0.000000,0.000000,0.000000,0.000000,0.000000,0,0,0,0,0,0,0,0,0,0,0,0.045257568359375,-0.010467529296875,-20.0,-20.0,-60.0,0.0,0.0,14.489395,5.510607,0.0,Object notstarted,Object notstarted,Object notstarted,Object notstarted,Object notstarted,Object notstarted,Object notstarted,Object notstarted,Object notstarted
2024-02-19 19:07:44,561.561,__main___datalogs,INFO,JoyConState.USE_SNS,0.000000,-180.025000,-182.780000,0.128166,-0.009155,0.000000,0.004577,0.000000,0.000000,0.000000,0.000000,0,0,0,0,0,0,0,0,0,0,0,0.045257568359375,-0.010467529296875,-20.0,-20.0,-60.0,0.0,0.0,14.489395,5.510607,0.0,Object notstarted,Object notstarted,Object notstarted,Object notstarted,Object notstarted,Object notstarted,Object notstarted,Object notstarted,Object notstarted
2024-02-19 19:07:44,603.603,__main___datalogs,INFO,JoyConState.USE_SNS,0.000000,-180.025000,-182.780000,0.121300,-0.004577,-0.006866,0.004577,0.000000,0.000000,0.000000,0.000000,0,0,0,0,0,0,0,0,0,0,0,0.045257568359375,-0.010467529296875,-20.0,-20.0,-60.0,0.0,0.0,14.489395,5.510607,0.0,Object notstarted,Object notstarted,Object notstarted,Object notstarted,Object notstarted,Object notstarted,Object notstarted,Object notstarted,Object notstarted
2024-02-19 19:07:44,645.645,__main___datalogs,INFO,JoyConState.USE_SNS,0.000000,-180.025000,-182.780000,0.119011,-0.011444,-0.006866,0.004577,0.000000,0.000000,0.000000,0.000000,0,0,0,0,0,0,0,0,0,0,0,0.045257568359375,-0.010467529296875,-20.0,-20.0,-60.0,0.0,0.0,14.489395,5.510607,0.0,Object notstarted,Object notstarted,Object notstarted,Object notstarted,Object notstarted,Object notstarted,Object notstarted,Object notstarted,Object notstarted
2024-02-19 19:07:44,686.686,__main___datalogs,INFO,JoyConState.USE_SNS,0.000000,-180.025000,-182.780000,0.098413,-0.011444,-0.006866,0.004577,0.000000,0.000000,0.000000,0.000000,0,0,0,0,0,0,0,0,0,0,0,0.045257568359375,-0.010467529296875,-20.0,-20.0,-60.0,0.0,0.0,14.489395,5.510607,0.0,Object notstarted,Object notstarted,Object notstarted,Object notstarted,Object notstarted,Object notstarted,Object notstarted,Object notstarted,Object notstarted
2024-02-19 19:07:44,727.727,__main___datalogs,INFO,JoyConState.USE_SNS,0.000000,-180.025000,-182.780000,0.077815,-0.009155,-0.006866,0.000000,0.000000,0.000000,0.000000,0.000000,0,0,0,0,0,0,0,0,0,0,0,0.045257568359375,-0.010467529296875,-20.0,-20.0,-60.0,0.0,0.0,14.489395,5.510607,0.0,Object notstarted,Object notstarted,Object notstarted,Object notstarted,Object notstarted,Object notstarted,Object notstarted,Object notstarted,Object notstarted
2024-02-19 19:07:44,768.768,__main___datalogs,INFO,JoyConState.USE_SNS,0.000000,-180.025000,-182.780000,0.041196,-0.011444,-0.006866,0.004577,0.000000,0.000000,0.000000,0.000000,0,0,0,0,0,0,0,0,0,0,0,0.045257568359375,-0.010467529296875,-20.0,-20.0,-60.0,0.0,0.0,14.489395,5.510607,0.0,Object notstarted,Object notstarted,Object notstarted,Object notstarted,Object notstarted,Object notstarted,Object notstarted,Object notstarted,Object notstarted
2024-02-19 19:07:44,807.807,__main___datalogs,INFO,JoyConState.USE_SNS,0.000000,-180.025000,-182.780000,-0.002289,-0.011444,-0.006866,0.004577,0.000000,0.000000,0.000000,0.000000,0,0,0,0,0,0,0,0,0,0,0,0.045257568359375,-0.010467529296875,-20.0,-20.0,-60.0,0.0,0.0,14.489395,5.510607,0.0,Object notstarted,Object notstarted,Object notstarted,Object notstarted,Object notstarted,Object notstarted,Object notstarted,Object notstarted,Object notstarted
2024-02-19 19:07:44,846.846,__main___datalogs,INFO,JoyConState.USE_SNS,0.000000,-180.025000,-182.780000,0.107568,-0.004577,0.000000,0.004577,0.000000,0.000000,0.000000,0.000000,0,0,0,0,0,0,0,0,0,0,0,0.045257568359375,-0.010467529296875,-20.0,-20.0,-60.0,0.0,0.0,14.489395,5.510607,0.0,Object notstarted,Object notstarted,Object notstarted,Object notstarted,Object notstarted,Object notstarted,Object notstarted,Object notstarted,Object notstarted
2024-02-19 19:07:44,886.886,__main___datalogs,INFO,JoyConState.USE_SNS,0.000000,-180.025000,-182.780000,0.080104,-0.004577,-0.006866,0.004577,0.000000,0.000000,0.000000,0.000000,0,0,0,0,0,0,0,0,0,0,0,0.045257568359375,-0.010467529296875,-20.0,-20.0,-60.0,0.0,0.0,14.489395,5.510607,0.0,Object notstarted,Object notstarted,Object notstarted,Object notstarted,Object notstarted,Object notstarted,Object notstarted,Object notstarted,Object notstarted
2024-02-19 19:07:44,932.932,__main___datalogs,INFO,JoyConState.USE_SNS,0.000000,-180.025000,-182.780000,0.091547,-0.011444,0.000000,0.004577,0.000000,0.000000,0.000000,0.000000,0,0,0,0,0,0,0,0,0,0,0,0.045257568359375,-0.010467529296875,-20.0,-20.0,-60.0,0.0,0.0,14.489395,5.510607,0.0,Object notstarted,Object notstarted,Object notstarted,Object notstarted,Object notstarted,Object notstarted,Object notstarted,Object notstarted,Object notstarted
2024-02-19 19:07:44,976.976,__main___datalogs,INFO,JoyConState.USE_SNS,0.000000,-180.025000,-182.780000,0.107568,-0.011444,-0.006866,0.004577,0.000000,0.000000,0.000000,0.000000,0,0,0,0,0,0,0,0,0,0,0,0.045257568359375,-0.010467529296875,-20.0,-20.0,-60.0,0.0,0.0,14.489395,5.510607,0.0,Object notstarted,Object notstarted,Object notstarted,Object notstarted,Object notstarted,Object notstarted,Object notstarted,Object notstarted,Object notstarted
2024-02-19 19:07:45,019.019,__main___datalogs,INFO,JoyConState.USE_SNS,0.000000,-180.025000,-182.780000,0.068660,-0.011444,0.002289,0.000000,0.000000,0.000000,0.000000,0.000000,0,0,0,0,0,0,0,0,0,0,0,0.045257568359375,-0.010467529296875,-20.0,-20.0,-60.0,0.0,0.0,14.489395,5.510607,0.0,Object notstarted,Object notstarted,Object notstarted,Object notstarted,Object notstarted,Object notstarted,Object notstarted,Object notstarted,Object notstarted
2024-02-19 19:07:45,060.060,__main___datalogs,INFO,JoyConState.USE_SNS,0.000000,-180.025000,-182.780000,-0.013732,-0.009155,0.002289,0.004577,0.000000,0.000000,0.000000,0.000000,0,0,0,0,0,0,0,0,0,0,0,0.045257568359375,-0.010467529296875,-20.0,-20.0,-60.0,0.0,0.0,14.489395,5.510607,0.0,Object notstarted,Object notstarted,Object notstarted,Object notstarted,Object notstarted,Object notstarted,Object notstarted,Object notstarted,Object notstarted
2024-02-19 19:07:45,101.101,__main___datalogs,INFO,JoyConState.USE_SNS,0.000000,-180.025000,-182.780000,0.102991,-0.009155,-0.006866,0.004577,0.000000,0.000000,0.000000,0.000000,0,0,0,0,0,0,0,0,0,0,0,0.045257568359375,-0.010467529296875,-20.0,-20.0,-60.0,0.0,0.0,14.489395,5.510607,0.0,Object notstarted,Object notstarted,Object notstarted,Object notstarted,Object notstarted,Object notstarted,Object notstarted,Object notstarted,Object notstarted
2024-02-19 19:07:45,142.142,__main___datalogs,INFO,JoyConState.USE_SNS,0.000000,-180.025000,-182.780000,0.073238,-0.011444,0.000000,0.004577,0.000000,0.000000,0.000000,0.000000,0,0,0,0,0,0,0,0,0,0,0,0.045257568359375,-0.010467529296875,-20.0,-20.0,-60.0,0.0,0.0,14.489395,5.510607,0.0,Object notstarted,Object notstarted,Object notstarted,Object notstarted,Object notstarted,Object notstarted,Object notstarted,Object notstarted,Object notstarted
2024-02-19 19:07:45,184.184,__main___datalogs,INFO,JoyConState.USE_SNS,0.000000,-180.025000,-182.780000,0.107568,-0.011444,0.000000,0.000000,0.000000,0.000000,0.000000,0.000000,0,0,0,0,0,0,0,0,0,0,0,0.045257568359375,-0.010467529296875,-20.0,-20.0,-60.0,0.0,0.0,14.489395,5.510607,0.0,Object notstarted,Object notstarted,Object notstarted,Object notstarted,Object notstarted,Object notstarted,Object notstarted,Object notstarted,Object notstarted
2024-02-19 19:07:45,225.225,__main___datalogs,INFO,JoyConState.USE_SNS,0.000000,-180.025000,-182.780000,0.096125,-0.009155,-0.006866,0.004577,0.000000,0.000000,0.000000,0.000000,0,0,0,0,0,0,0,0,0,0,0,0.045257568359375,-0.010467529296875,-20.0,-20.0,-60.0,0.0,0.0,14.489395,5.510607,0.0,Object notstarted,Object notstarted,Object notstarted,Object notstarted,Object notstarted,Object notstarted,Object notstarted,Object notstarted,Object notstarted
2024-02-19 19:07:45,265.265,__main___datalogs,INFO,JoyConState.USE_SNS,0.000000,-180.025000,-182.780000,0.098413,-0.011444,-0.006866,0.004577,0.000000,0.000000,0.000000,0.000000,0,0,0,0,0,0,0,0,0,0,0,0.045257568359375,-0.010467529296875,-20.0,-20.0,-60.0,0.0,0.0,14.489395,5.510607,0.0,Object notstarted,Object notstarted,Object notstarted,Object notstarted,Object notstarted,Object notstarted,Object notstarted,Object notstarted,Object notstarted
2024-02-19 19:07:45,304.304,__main___datalogs,INFO,JoyConState.USE_SNS,0.000000,-180.025000,-182.780000,0.068660,-0.011444,-0.006866,0.004577,0.000000,0.000000,0.000000,0.000000,0,0,0,0,0,0,0,0,0,0,0,0.045257568359375,-0.010467529296875,-20.0,-20.0,-60.0,0.0,0.0,14.489395,5.510607,0.0,Object notstarted,Object notstarted,Object notstarted,Object notstarted,Object notstarted,Object notstarted,Object notstarted,Object notstarted,Object notstarted
2024-02-19 19:07:45,345.345,__main___datalogs,INFO,JoyConState.USE_SNS,0.000000,-180.025000,-182.780000,0.098413,-0.009155,-0.006866,0.004577,0.000000,0.000000,0.000000,0.000000,0,0,0,0,0,0,0,0,0,0,0,0.045257568359375,-0.010467529296875,-20.0,-20.0,-60.0,0.0,0.0,14.489395,5.510607,0.0,Object notstarted,Object notstarted,Object notstarted,Object notstarted,Object notstarted,Object notstarted,Object notstarted,Object notstarted,Object notstarted
2024-02-19 19:07:45,386.386,__main___datalogs,INFO,JoyConState.USE_SNS,0.000000,-180.025000,-182.780000,0.102991,-0.009155,-0.006866,0.004577,0.000000,0.000000,0.000000,0.000000,0,0,0,0,0,0,0,0,0,0,0,0.045257568359375,-0.010467529296875,-20.0,-20.0,-60.0,0.0,0.0,14.489395,5.510607,0.0,Object notstarted,Object notstarted,Object notstarted,Object notstarted,Object notstarted,Object notstarted,Object notstarted,Object notstarted,Object notstarted
2024-02-19 19:07:45,428.428,__main___datalogs,INFO,JoyConState.USE_SNS,0.000000,-180.025000,-182.780000,0.066372,-0.011444,-0.006866,0.004577,0.000000,0.000000,0.000000,0.000000,0,0,0,0,0,0,0,0,0,0,0,0.045257568359375,-0.010467529296875,-20.0,-20.0,-60.0,0.0,0.0,14.489395,5.510607,0.0,Object notstarted,Object notstarted,Object notstarted,Object notstarted,Object notstarted,Object notstarted,Object notstarted,Object notstarted,Object notstarted
2024-02-19 19:07:45,469.469,__main___datalogs,INFO,JoyConState.USE_SNS,0.000000,-180.025000,-182.780000,0.102991,-0.009155,0.000000,0.004577,0.000000,0.000000,0.000000,0.000000,0,0,0,0,0,0,0,0,0,0,0,0.045257568359375,-0.010467529296875,-20.0,-20.0,-60.0,0.0,0.0,14.489395,5.510607,0.0,Object notstarted,Object notstarted,Object notstarted,Object notstarted,Object notstarted,Object notstarted,Object notstarted,Object notstarted,Object notstarted
2024-02-19 19:07:45,510.510,__main___datalogs,INFO,JoyConState.USE_SNS,0.000000,-180.025000,-182.780000,0.061794,-0.011444,-0.006866,0.004577,0.000000,0.000000,0.000000,0.000000,0,0,0,0,0,0,0,0,0,0,0,0.045257568359375,-0.010467529296875,-20.0,-20.0,-60.0,0.0,0.0,14.489395,5.510607,0.0,Object notstarted,Object notstarted,Object notstarted,Object notstarted,Object notstarted,Object notstarted,Object notstarted,Object notstarted,Object notstarted
2024-02-19 19:07:45,552.552,__main___datalogs,INFO,JoyConState.USE_SNS,0.000000,-180.025000,-182.780000,0.096125,-0.011444,0.000000,0.000000,0.000000,0.000000,0.000000,0.000000,0,0,0,0,0,0,0,0,0,0,0,0.045257568359375,-0.010467529296875,-20.0,-20.0,-60.0,0.0,0.0,14.489395,5.510607,0.0,Object notstarted,Object notstarted,Object notstarted,Object notstarted,Object notstarted,Object notstarted,Object notstarted,Object notstarted,Object notstarted
2024-02-19 19:07:45,594.594,__main___datalogs,INFO,JoyConState.USE_SNS,0.000000,-180.025000,-182.780000,0.096125,-0.009155,-0.006866,0.004577,0.000000,0.000000,0.000000,0.000000,0,0,0,0,0,0,0,0,0,0,0,0.045257568359375,-0.010467529296875,-20.0,-20.0,-60.0,0.0,0.0,14.489395,5.510607,0.0,Object notstarted,Object notstarted,Object notstarted,Object notstarted,Object notstarted,Object notstarted,Object notstarted,Object notstarted,Object notstarted
2024-02-19 19:07:45,634.634,__main___datalogs,INFO,JoyConState.USE_SNS,0.000000,-180.025000,-182.780000,0.098413,-0.004577,-0.006866,0.004577,0.000000,0.000000,0.000000,0.000000,0,0,0,0,0,0,0,0,0,0,0,0.045257568359375,-0.010467529296875,-20.0,-20.0,-60.0,0.0,0.0,14.489395,5.510607,0.0,Object notstarted,Object notstarted,Object notstarted,Object notstarted,Object notstarted,Object notstarted,Object notstarted,Object notstarted,Object notstarted
2024-02-19 19:07:45,675.675,__main___datalogs,INFO,JoyConState.USE_SNS,0.000000,-180.025000,-182.780000,0.098413,-0.004577,-0.006866,0.004577,0.000000,0.000000,0.000000,0.000000,0,0,0,0,0,0,0,0,0,0,0,0.045257568359375,-0.010467529296875,-20.0,-20.0,-60.0,0.0,0.0,14.489395,5.510607,0.0,Object notstarted,Object notstarted,Object notstarted,Object notstarted,Object notstarted,Object notstarted,Object notstarted,Object notstarted,Object notstarted
2024-02-19 19:07:45,713.713,__main___datalogs,INFO,JoyConState.USE_SNS,0.000000,-180.025000,-182.780000,0.098413,-0.004577,0.002289,0.000000,0.000000,0.000000,0.000000,0.000000,0,0,0,0,0,0,0,0,0,0,0,0.045257568359375,-0.010467529296875,-20.0,-20.0,-60.0,0.0,0.0,14.489395,5.510607,0.0,Object notstarted,Object notstarted,Object notstarted,Object notstarted,Object notstarted,Object notstarted,Object notstarted,Object notstarted,Object notstarted
2024-02-19 19:07:45,753.753,__main___datalogs,INFO,JoyConState.USE_SNS,0.000000,-180.025000,-182.780000,0.077815,-0.011444,0.002289,0.000000,0.000000,0.000000,0.000000,0.000000,0,0,0,0,0,0,0,0,0,0,0,0.045257568359375,-0.010467529296875,-20.0,-20.0,-60.0,0.0,0.0,14.489395,5.510607,0.0,Object notstarted,Object notstarted,Object notstarted,Object notstarted,Object notstarted,Object notstarted,Object notstarted,Object notstarted,Object notstarted
2024-02-19 19:07:45,793.793,__main___datalogs,INFO,JoyConState.USE_SNS,0.000000,-180.025000,-182.780000,0.096125,-0.011444,0.000000,-0.004577,0.000000,0.000000,0.000000,0.000000,0,0,0,0,0,0,0,0,0,0,0,0.045257568359375,-0.010467529296875,-20.0,-20.0,-60.0,0.0,0.0,14.489395,5.510607,0.0,Object notstarted,Object notstarted,Object notstarted,Object notstarted,Object notstarted,Object notstarted,Object notstarted,Object notstarted,Object notstarted
2024-02-19 19:07:45,835.835,__main___datalogs,INFO,JoyConState.USE_SNS,0.000000,-180.025000,-182.780000,0.096125,-0.011444,-0.006866,0.000000,0.000000,0.000000,0.000000,0.000000,0,0,0,0,0,0,0,0,0,0,0,0.045257568359375,-0.010467529296875,-20.0,-20.0,-60.0,0.0,0.0,14.489395,5.510607,0.0,Object notstarted,Object notstarted,Object notstarted,Object notstarted,Object notstarted,Object notstarted,Object notstarted,Object notstarted,Object notstarted
2024-02-19 19:07:45,875.875,__main___datalogs,INFO,JoyConState.USE_SNS,0.000000,-180.025000,-182.780000,0.098413,-0.009155,0.000000,0.004577,0.000000,0.000000,0.000000,0.000000,0,0,0,0,0,0,0,0,0,0,0,0.045257568359375,-0.010467529296875,-20.0,-20.0,-60.0,0.0,0.0,14.489395,5.510607,0.0,Object notstarted,Object notstarted,Object notstarted,Object notstarted,Object notstarted,Object notstarted,Object notstarted,Object notstarted,Object notstarted
2024-02-19 19:07:45,916.916,__main___datalogs,INFO,JoyConState.USE_SNS,0.000000,-180.025000,-182.780000,0.098413,-0.009155,0.000000,0.004577,0.000000,0.000000,0.000000,0.000000,0,0,0,0,0,0,0,0,0,0,0,0.045257568359375,-0.010467529296875,-20.0,-20.0,-60.0,0.0,0.0,14.489395,5.510607,0.0,Object notstarted,Object notstarted,Object notstarted,Object notstarted,Object notstarted,Object notstarted,Object notstarted,Object notstarted,Object notstarted
2024-02-19 19:07:45,958.958,__main___datalogs,INFO,JoyConState.USE_SNS,0.000000,-180.025000,-182.780000,0.098413,-0.011444,-0.006866,0.004577,0.000000,0.000000,0.000000,0.000000,0,0,0,0,0,0,0,0,0,0,0,0.045257568359375,-0.010467529296875,-20.0,-20.0,-60.0,0.0,0.0,14.489395,5.510607,0.0,Object notstarted,Object notstarted,Object notstarted,Object notstarted,Object notstarted,Object notstarted,Object notstarted,Object notstarted,Object notstarted
2024-02-19 19:07:46,022.022,__main___datalogs,INFO,JoyConState.USE_SNS,0.000000,-180.025000,-182.780000,0.098413,-0.011444,-0.006866,0.004577,0.000000,0.000000,0.000000,0.000000,0,0,0,0,0,0,0,0,0,0,0,0.045257568359375,-0.010467529296875,-20.0,-20.0,-60.0,0.0,0.0,14.489395,5.510607,0.0,Object notstarted,Object notstarted,Object notstarted,Object notstarted,Object notstarted,Object notstarted,Object notstarted,Object notstarted,Object notstarted
2024-02-19 19:07:46,063.063,__main___datalogs,INFO,JoyConState.USE_SNS,0.000000,-180.025000,-182.780000,0.098413,-0.011444,0.000000,0.004577,0.000000,0.000000,0.000000,0.000000,0,0,0,0,0,0,0,0,0,0,0,0.045257568359375,-0.010467529296875,-20.0,-20.0,-60.0,0.0,0.0,14.489395,5.510607,0.0,Object notstarted,Object notstarted,Object notstarted,Object notstarted,Object notstarted,Object notstarted,Object notstarted,Object notstarted,Object notstarted
2024-02-19 19:07:46,103.103,__main___datalogs,INFO,JoyConState.USE_SNS,0.000000,-180.025000,-182.780000,0.098413,-0.009155,0.000000,0.004577,0.000000,0.000000,0.000000,0.000000,0,0,0,0,0,0,0,0,0,0,0,0.045257568359375,-0.010467529296875,-20.0,-20.0,-60.0,0.0,0.0,14.489395,5.510607,0.0,Object notstarted,Object notstarted,Object notstarted,Object notstarted,Object notstarted,Object notstarted,Object notstarted,Object notstarted,Object notstarted
2024-02-19 19:07:46,143.143,__main___datalogs,INFO,JoyConState.USE_SNS,0.000000,-180.025000,-182.780000,0.089258,-0.016021,-0.006866,0.004577,0.000000,0.000000,0.000000,0.000000,0,0,0,0,0,0,0,0,0,0,0,0.045257568359375,-0.010467529296875,-20.0,-20.0,-60.0,0.0,0.0,14.489395,5.510607,0.0,Object notstarted,Object notstarted,Object notstarted,Object notstarted,Object notstarted,Object notstarted,Object notstarted,Object notstarted,Object notstarted
2024-02-19 19:07:46,183.183,__main___datalogs,INFO,JoyConState.USE_SNS,0.000000,-180.025000,-182.780000,0.096125,-0.016021,-0.006866,0.004577,0.000000,0.000000,0.000000,0.000000,0,0,0,0,0,0,0,0,0,0,0,0.045257568359375,-0.010467529296875,-20.0,-20.0,-60.0,0.0,0.0,14.489395,5.510607,0.0,Object notstarted,Object notstarted,Object notstarted,Object notstarted,Object notstarted,Object notstarted,Object notstarted,Object notstarted,Object notstarted
2024-02-19 19:07:46,224.224,__main___datalogs,INFO,JoyConState.USE_SNS,0.000000,-180.025000,-182.780000,0.098413,-0.011444,0.000000,0.004577,0.000000,0.000000,0.000000,0.000000,0,0,0,0,0,0,0,0,0,0,0,0.045257568359375,-0.010467529296875,-20.0,-20.0,-60.0,0.0,0.0,14.489395,5.510607,0.0,Object notstarted,Object notstarted,Object notstarted,Object notstarted,Object notstarted,Object notstarted,Object notstarted,Object notstarted,Object notstarted
2024-02-19 19:07:46,265.265,__main___datalogs,INFO,JoyConState.USE_SNS,0.000000,-180.025000,-182.780000,0.098413,-0.009155,0.000000,0.000000,0.000000,0.000000,0.000000,0.000000,0,0,0,0,0,0,0,0,0,0,0,0.045257568359375,-0.010467529296875,-20.0,-20.0,-60.0,0.0,0.0,14.489395,5.510607,0.0,Object notstarted,Object notstarted,Object notstarted,Object notstarted,Object notstarted,Object notstarted,Object notstarted,Object notstarted,Object notstarted
2024-02-19 19:07:46,304.304,__main___datalogs,INFO,JoyConState.USE_SNS,0.000000,-180.025000,-182.780000,0.102991,-0.009155,0.000000,0.004577,0.000000,0.000000,0.000000,0.000000,0,0,0,0,0,0,0,0,0,0,0,0.045257568359375,-0.010467529296875,-20.0,-20.0,-60.0,0.0,0.0,14.489395,5.510607,0.0,Object notstarted,Object notstarted,Object notstarted,Object notstarted,Object notstarted,Object notstarted,Object notstarted,Object notstarted,Object notstarted
2024-02-19 19:07:46,345.345,__main___datalogs,INFO,JoyConState.USE_SNS,0.000000,-180.025000,-182.780000,0.098413,-0.009155,-0.006866,0.004577,0.000000,0.000000,0.000000,0.000000,0,0,0,0,0,0,0,0,0,0,0,0.045257568359375,-0.010467529296875,-20.0,-20.0,-60.0,0.0,0.0,14.489395,5.510607,0.0,Object notstarted,Object notstarted,Object notstarted,Object notstarted,Object notstarted,Object notstarted,Object notstarted,Object notstarted,Object notstarted
2024-02-19 19:07:46,385.385,__main___datalogs,INFO,JoyConState.USE_SNS,0.000000,-180.025000,-182.780000,0.091547,-0.004577,0.000000,0.004577,0.000000,0.000000,0.000000,0.000000,0,0,0,0,0,0,0,0,0,0,0,0.045257568359375,-0.010467529296875,-20.0,-20.0,-60.0,0.0,0.0,14.489395,5.510607,0.0,Object notstarted,Object notstarted,Object notstarted,Object notstarted,Object notstarted,Object notstarted,Object notstarted,Object notstarted,Object notstarted
2024-02-19 19:07:46,427.427,__main___datalogs,INFO,JoyConState.USE_SNS,0.000000,-180.025000,-182.780000,0.098413,-0.009155,0.000000,0.004577,0.000000,0.000000,0.000000,0.000000,0,0,0,0,0,0,0,0,0,0,0,0.045257568359375,-0.010467529296875,-20.0,-20.0,-60.0,0.0,0.0,14.489395,5.510607,0.0,Object notstarted,Object notstarted,Object notstarted,Object notstarted,Object notstarted,Object notstarted,Object notstarted,Object notstarted,Object notstarted
2024-02-19 19:07:46,466.466,__main___datalogs,INFO,JoyConState.USE_SNS,0.000000,-180.025000,-182.780000,0.096125,-0.009155,-0.006866,0.004577,0.000000,0.000000,0.000000,0.000000,0,0,0,0,0,0,0,0,0,0,0,0.045257568359375,-0.010467529296875,-20.0,-20.0,-60.0,0.0,0.0,14.489395,5.510607,0.0,Object notstarted,Object notstarted,Object notstarted,Object notstarted,Object notstarted,Object notstarted,Object notstarted,Object notstarted,Object notstarted
2024-02-19 19:07:46,508.508,__main___datalogs,INFO,JoyConState.USE_SNS,0.000000,-180.025000,-182.780000,0.098413,-0.004577,0.000000,0.004577,0.000000,0.000000,0.000000,0.000000,0,0,0,0,0,0,0,0,0,0,0,0.045257568359375,-0.010467529296875,-20.0,-20.0,-60.0,0.0,0.0,14.489395,5.510607,0.0,Object notstarted,Object notstarted,Object notstarted,Object notstarted,Object notstarted,Object notstarted,Object notstarted,Object notstarted,Object notstarted
2024-02-19 19:07:46,548.548,__main___datalogs,INFO,JoyConState.USE_SNS,0.000000,-180.025000,-182.780000,0.098413,-0.009155,-0.006866,0.004577,0.000000,0.000000,0.000000,0.000000,0,0,0,0,0,0,0,0,0,0,0,0.045257568359375,-0.010467529296875,-20.0,-20.0,-60.0,0.0,0.0,14.489395,5.510607,0.0,Object notstarted,Object notstarted,Object notstarted,Object notstarted,Object notstarted,Object notstarted,Object notstarted,Object notstarted,Object notstarted
2024-02-19 19:07:46,589.589,__main___datalogs,INFO,JoyConState.USE_SNS,0.000000,-180.025000,-182.780000,0.098413,-0.004577,-0.006866,0.004577,0.000000,0.000000,0.000000,0.000000,0,0,0,0,0,0,0,0,0,0,0,0.045257568359375,-0.010467529296875,-20.0,-20.0,-60.0,0.0,0.0,14.489395,5.510607,0.0,Object notstarted,Object notstarted,Object notstarted,Object notstarted,Object notstarted,Object notstarted,Object notstarted,Object notstarted,Object notstarted
2024-02-19 19:07:46,630.630,__main___datalogs,INFO,JoyConState.USE_SNS,0.000000,-180.025000,-182.780000,0.098413,-0.004577,0.000000,0.004577,0.000000,0.000000,0.000000,0.000000,0,0,0,0,0,0,0,0,0,0,0,0.045257568359375,-0.010467529296875,-20.0,-20.0,-60.0,0.0,0.0,14.489395,5.510607,0.0,Object notstarted,Object notstarted,Object notstarted,Object notstarted,Object notstarted,Object notstarted,Object notstarted,Object notstarted,Object notstarted
2024-02-19 19:07:46,670.670,__main___datalogs,INFO,JoyConState.USE_SNS,0.000000,-180.025000,-182.780000,0.098413,-0.009155,0.000000,0.004577,0.000000,0.000000,0.000000,0.000000,0,0,0,0,0,0,0,0,0,0,0,0.045257568359375,-0.010467529296875,-20.0,-20.0,-60.0,0.0,0.0,14.489395,5.510607,0.0,Object notstarted,Object notstarted,Object notstarted,Object notstarted,Object notstarted,Object notstarted,Object notstarted,Object notstarted,Object notstarted
2024-02-19 19:07:46,711.711,__main___datalogs,INFO,JoyConState.USE_SNS,0.000000,-180.025000,-182.780000,0.102991,-0.009155,-0.006866,0.000000,0.000000,0.000000,0.000000,0.000000,0,0,0,0,0,0,0,0,0,0,0,0.045257568359375,-0.010467529296875,-20.0,-20.0,-60.0,0.0,0.0,14.489395,5.510607,0.0,Object notstarted,Object notstarted,Object notstarted,Object notstarted,Object notstarted,Object notstarted,Object notstarted,Object notstarted,Object notstarted
2024-02-19 19:07:46,753.753,__main___datalogs,INFO,JoyConState.USE_SNS,0.000000,-180.025000,-182.780000,0.098413,-0.009155,-0.006866,0.004577,0.000000,0.000000,0.000000,0.000000,0,0,0,0,0,0,0,0,0,0,0,0.045257568359375,-0.010467529296875,-20.0,-20.0,-60.0,0.0,0.0,14.489395,5.510607,0.0,Object notstarted,Object notstarted,Object notstarted,Object notstarted,Object notstarted,Object notstarted,Object notstarted,Object notstarted,Object notstarted
2024-02-19 19:07:46,794.794,__main___datalogs,INFO,JoyConState.USE_SNS,0.000000,-180.025000,-182.780000,0.098413,-0.009155,0.000000,0.004577,0.000000,0.000000,0.000000,0.000000,0,0,0,0,0,0,0,0,0,0,0,0.045257568359375,-0.010467529296875,-20.0,-20.0,-60.0,0.0,0.0,14.489395,5.510607,0.0,Object notstarted,Object notstarted,Object notstarted,Object notstarted,Object notstarted,Object notstarted,Object notstarted,Object notstarted,Object notstarted
2024-02-19 19:07:46,836.836,__main___datalogs,INFO,JoyConState.USE_SNS,0.000000,-180.025000,-182.780000,0.098413,-0.009155,-0.006866,0.004577,0.000000,0.000000,0.000000,0.000000,0,0,0,0,0,0,0,0,0,0,0,0.045257568359375,-0.010467529296875,-20.0,-20.0,-60.0,0.0,0.0,14.489395,5.510607,0.0,Object notstarted,Object notstarted,Object notstarted,Object notstarted,Object notstarted,Object notstarted,Object notstarted,Object notstarted,Object notstarted
2024-02-19 19:07:46,876.876,__main___datalogs,INFO,JoyConState.USE_SNS,0.000000,-180.025000,-182.780000,0.091547,-0.011444,0.000000,0.004577,0.000000,0.000000,0.000000,0.000000,0,0,0,0,0,0,0,0,0,0,0,0.045257568359375,-0.010467529296875,-20.0,-20.0,-60.0,0.0,0.0,14.489395,5.510607,0.0,Object notstarted,Object notstarted,Object notstarted,Object notstarted,Object notstarted,Object notstarted,Object notstarted,Object notstarted,Object notstarted
2024-02-19 19:07:46,918.918,__main___datalogs,INFO,JoyConState.USE_SNS,0.000000,-180.025000,-182.780000,0.096125,-0.004577,-0.006866,0.000000,0.000000,0.000000,0.000000,0.000000,0,0,0,0,0,0,0,0,0,0,0,0.045257568359375,-0.010467529296875,-20.0,-20.0,-60.0,0.0,0.0,14.489395,5.510607,0.0,Object notstarted,Object notstarted,Object notstarted,Object notstarted,Object notstarted,Object notstarted,Object notstarted,Object notstarted,Object notstarted
2024-02-19 19:07:46,958.958,__main___datalogs,INFO,JoyConState.USE_SNS,0.000000,-180.025000,-182.780000,0.096125,-0.009155,0.000000,0.000000,0.000000,0.000000,0.000000,0.000000,0,0,0,0,0,0,0,0,0,0,0,0.045257568359375,-0.010467529296875,-20.0,-20.0,-60.0,0.0,0.0,14.489395,5.510607,0.0,Object notstarted,Object notstarted,Object notstarted,Object notstarted,Object notstarted,Object notstarted,Object notstarted,Object notstarted,Object notstarted
2024-02-19 19:07:47,000.000,__main___datalogs,INFO,JoyConState.USE_SNS,0.000000,-180.025000,-182.780000,0.102991,-0.009155,-0.006866,0.000000,0.000000,0.000000,0.000000,0.000000,0,0,0,0,0,0,0,0,0,0,0,0.045257568359375,-0.010467529296875,-20.0,-20.0,-60.0,0.0,0.0,14.489395,5.510607,0.0,Object notstarted,Object notstarted,Object notstarted,Object notstarted,Object notstarted,Object notstarted,Object notstarted,Object notstarted,Object notstarted
2024-02-19 19:07:47,042.042,__main___datalogs,INFO,JoyConState.USE_SNS,0.000000,-180.025000,-182.780000,0.091547,-0.009155,0.000000,0.000000,0.000000,0.000000,0.000000,0.000000,0,0,0,0,0,0,0,0,0,0,0,0.045257568359375,-0.010467529296875,-20.0,-20.0,-60.0,0.0,0.0,14.489395,5.510607,0.0,Object notstarted,Object notstarted,Object notstarted,Object notstarted,Object notstarted,Object notstarted,Object notstarted,Object notstarted,Object notstarted
2024-02-19 19:07:47,098.098,__main___datalogs,INFO,JoyConState.USE_SNS,0.000000,-180.025000,-182.780000,0.096125,-0.016021,-0.006866,0.004577,19.000000,0.000000,0.000000,0.000000,0,0,0,0,0,0,0,0,0,0,0,0.045257568359375,-0.010467529296875,0.0,0.0,0.0,-20.0,-20.0,-16.670328,-3.3296714,20.0,Object notstarted,Object notstarted,Object notstarted,Object notstarted,Object notstarted,Object notstarted,Object notstarted,Object notstarted,Object notstarted
2024-02-19 19:07:47,158.158,__main___datalogs,INFO,JoyConState.USE_SNS,0.000000,-180.025000,-182.760000,0.096125,-0.011444,0.000000,0.000000,19.000000,0.000000,0.000000,0.000000,0,0,0,0,0,0,0,0,0,0,0,0.045257568359375,-0.010467529296875,0.0,0.0,0.0,-20.0,-20.0,-16.266216,-3.733784,20.0,Object notstarted,Object notstarted,Object notstarted,Object notstarted,Object notstarted,Object notstarted,Object notstarted,Object notstarted,Object notstarted
2024-02-19 19:07:47,231.231,__main___datalogs,INFO,JoyConState.USE_SNS,0.000000,-180.037500,-182.455000,6.410589,-0.011444,0.000000,0.004577,19.000000,0.000000,0.000000,0.000000,0,0,0,0,0,0,0,0,0,0,0,0.045257568359375,-0.010467529296875,0.0,0.0,0.0,-20.0,-20.0,-10.413051,-9.586949,20.0,Object notstarted,Object notstarted,Object notstarted,Object notstarted,Object notstarted,Object notstarted,Object notstarted,Object notstarted,Object notstarted
2024-02-19 19:07:47,292.292,__main___datalogs,INFO,JoyConState.USE_SNS,0.000000,-180.050000,-181.550000,6.138236,-0.011444,0.000000,0.004577,19.000000,0.000000,0.000000,0.000000,0,0,0,0,0,0,0,0,0,0,0,0.045257568359375,-0.010467529296875,0.0,0.0,0.0,-20.0,-20.0,0.0,-20.0,20.0,Object notstarted,Object notstarted,Object notstarted,Object notstarted,Object notstarted,Object notstarted,Object notstarted,Object notstarted,Object notstarted
2024-02-19 19:07:47,352.352,__main___datalogs,INFO,JoyConState.USE_SNS,0.000000,-180.087500,-180.465000,6.048978,-0.011444,0.000000,0.004577,19.000000,0.000000,0.000000,0.000000,0,0,0,0,0,0,0,0,0,0,0,0.045257568359375,-0.010467529296875,0.0,0.0,0.0,-20.0,-20.0,0.0,-20.0,20.0,Object notstarted,Object notstarted,Object notstarted,Object notstarted,Object notstarted,Object notstarted,Object notstarted,Object notstarted,Object notstarted
2024-02-19 19:07:47,418.418,__main___datalogs,INFO,JoyConState.USE_SNS,0.000000,-180.112500,-179.502500,6.184010,-0.009155,-0.006866,0.000000,19.000000,0.000000,0.000000,0.000000,0,0,0,0,0,0,0,0,0,0,0,0.045257568359375,-0.010467529296875,0.0,0.0,0.0,-20.0,-20.0,0.0,-20.0,20.0,Object notstarted,Object notstarted,Object notstarted,Object notstarted,Object notstarted,Object notstarted,Object notstarted,Object notstarted,Object notstarted
2024-02-19 19:07:47,478.478,__main___datalogs,INFO,JoyConState.USE_SNS,0.000000,-180.125000,-178.962500,6.447207,-0.011444,0.000000,0.004577,19.000000,0.000000,0.000000,0.000000,0,0,0,0,0,0,0,0,0,0,0,0.045257568359375,-0.010467529296875,0.0,0.0,0.0,-20.0,-20.0,0.0,-20.0,20.0,Object notstarted,Object notstarted,Object notstarted,Object notstarted,Object notstarted,Object notstarted,Object notstarted,Object notstarted,Object notstarted
2024-02-19 19:07:47,560.560,__main___datalogs,INFO,JoyConState.USE_SNS,0.000000,-180.125000,-178.775000,6.698962,-0.011444,0.000000,0.000000,19.000000,0.000000,0.000000,0.000000,0,0,0,0,0,0,0,0,0,0,0,0.045257568359375,-0.010467529296875,0.0,0.0,0.0,-20.0,-20.0,0.0,-20.0,20.0,Object notstarted,Object notstarted,Object notstarted,Object notstarted,Object notstarted,Object notstarted,Object notstarted,Object notstarted,Object notstarted
2024-02-19 19:07:47,620.620,__main___datalogs,INFO,JoyConState.USE_SNS,0.000000,-180.137500,-178.240000,7.012511,-0.011444,0.000000,0.000000,19.000000,0.000000,0.000000,0.000000,0,0,0,0,0,0,0,0,0,0,0,0.045257568359375,-0.010467529296875,0.0,0.0,0.0,-20.0,-20.0,0.0,-20.0,20.0,Object notstarted,Object notstarted,Object notstarted,Object notstarted,Object notstarted,Object notstarted,Object notstarted,Object notstarted,Object notstarted
2024-02-19 19:07:47,703.703,__main___datalogs,INFO,JoyConState.USE_SNS,0.000000,-180.162500,-177.360000,7.225359,-0.011444,0.000000,0.004577,19.000000,0.000000,0.000000,0.000000,0,0,0,0,0,0,0,0,0,0,0,0.045257568359375,-0.010467529296875,0.0,0.0,0.0,-20.0,-20.0,0.0,-20.0,20.0,Object notstarted,Object notstarted,Object notstarted,Object notstarted,Object notstarted,Object notstarted,Object notstarted,Object notstarted,Object notstarted
2024-02-19 19:07:47,772.772,__main___datalogs,INFO,JoyConState.USE_SNS,0.000000,-180.212500,-175.640000,7.479402,-0.011444,-0.006866,0.004577,19.000000,0.000000,0.000000,0.000000,0,0,0,0,0,0,0,0,0,0,0,0.045257568359375,-0.010467529296875,0.0,0.0,0.0,-20.0,-20.0,0.0,-20.0,20.0,Object notstarted,Object notstarted,Object notstarted,Object notstarted,Object notstarted,Object notstarted,Object notstarted,Object notstarted,Object notstarted
2024-02-19 19:07:47,855.855,__main___datalogs,INFO,JoyConState.USE_SNS,0.000000,-180.275000,-173.600000,7.158987,-0.011444,0.000000,0.004577,19.000000,0.000000,0.000000,0.000000,0,0,0,0,0,0,0,0,0,0,0,0.045257568359375,-0.010467529296875,0.0,0.0,0.0,-20.0,-20.0,0.0,-20.0,20.0,Object notstarted,Object notstarted,Object notstarted,Object notstarted,Object notstarted,Object notstarted,Object notstarted,Object notstarted,Object notstarted
2024-02-19 19:07:47,962.962,__main___datalogs,INFO,JoyConState.USE_SNS,0.000000,-180.362500,-170.745000,7.820415,-0.009155,-0.006866,0.004577,19.000000,0.000000,0.000000,0.000000,0,0,0,0,0,0,0,0,0,0,0,0.045257568359375,-0.010467529296875,0.0,0.0,0.0,-20.0,-20.0,0.0,-20.0,20.0,Object notstarted,Object notstarted,Object notstarted,Object notstarted,Object notstarted,Object notstarted,Object notstarted,Object notstarted,Object notstarted
2024-02-19 19:07:48,036.036,__main___datalogs,INFO,JoyConState.USE_SNS,0.000000,-180.462500,-167.025000,7.470247,-0.009155,-0.006866,0.004577,19.000000,0.000000,0.000000,0.000000,0,0,0,0,0,0,0,0,0,0,0,0.045257568359375,-0.010467529296875,0.0,0.0,0.0,-20.0,-20.0,0.0,-20.0,20.0,Object notstarted,Object notstarted,Object notstarted,Object notstarted,Object notstarted,Object notstarted,Object notstarted,Object notstarted,Object notstarted
2024-02-19 19:07:48,103.103,__main___datalogs,INFO,JoyConState.USE_SNS,0.000000,-180.537500,-164.540000,7.815838,-0.011444,0.000000,0.000000,19.000000,0.000000,0.000000,0.000000,0,0,0,0,0,0,0,0,0,0,0,0.045257568359375,-0.010467529296875,0.0,0.0,0.0,-20.0,-20.0,0.0,-20.0,20.0,Object notstarted,Object notstarted,Object notstarted,Object notstarted,Object notstarted,Object notstarted,Object notstarted,Object notstarted,Object notstarted
2024-02-19 19:07:48,223.223,__main___datalogs,INFO,JoyConState.USE_SNS,0.000000,-180.650000,-161.045000,7.406164,-0.011444,0.000000,0.004577,19.000000,0.000000,0.000000,0.000000,0,0,0,0,0,0,0,0,0,0,0,0.045257568359375,-0.010467529296875,0.0,0.0,0.0,-20.0,-20.0,0.0,-20.0,20.0,Object notstarted,Object notstarted,Object notstarted,Object notstarted,Object notstarted,Object notstarted,Object notstarted,Object notstarted,Object notstarted
2024-02-19 19:07:48,291.291,__main___datalogs,INFO,JoyConState.USE_SNS,0.000000,-180.762500,-158.010000,6.483827,-0.009155,0.000000,0.004577,19.000000,0.000000,0.000000,0.000000,0,0,0,0,0,0,0,0,0,0,0,0.045257568359375,-0.010467529296875,0.0,0.0,0.0,-20.0,-20.0,0.0,-20.0,20.0,Object notstarted,Object notstarted,Object notstarted,Object notstarted,Object notstarted,Object notstarted,Object notstarted,Object notstarted,Object notstarted
2024-02-19 19:07:48,338.338,__main___datalogs,INFO,JoyConState.USE_SNS,0.000000,-180.837500,-155.620000,7.966890,-0.009155,0.000000,0.004577,19.000000,0.000000,0.000000,0.000000,0,0,0,0,0,0,0,0,0,0,0,0.045257568359375,-0.010467529296875,0.0,0.0,0.0,-20.0,-20.0,0.0,-20.0,20.0,Object notstarted,Object notstarted,Object notstarted,Object notstarted,Object notstarted,Object notstarted,Object notstarted,Object notstarted,Object notstarted
2024-02-19 19:07:48,383.383,__main___datalogs,INFO,JoyConState.USE_SNS,0.000000,-180.900000,-153.970000,6.522735,-0.011444,-0.006866,0.000000,19.000000,0.000000,0.000000,0.000000,0,0,0,0,0,0,0,0,0,0,0,0.045257568359375,-0.010467529296875,0.0,0.0,0.0,-20.0,-20.0,0.0,-20.0,20.0,Object notstarted,Object notstarted,Object notstarted,Object notstarted,Object notstarted,Object notstarted,Object notstarted,Object notstarted,Object notstarted
2024-02-19 19:07:48,446.446,__main___datalogs,INFO,JoyConState.USE_SNS,0.000000,-180.950000,-152.390000,8.143119,-0.009155,0.000000,0.004577,19.000000,0.000000,0.000000,0.000000,0,0,0,0,0,0,0,0,0,0,0,0.045257568359375,-0.010467529296875,0.0,0.0,0.0,-20.0,-20.0,0.0,-20.0,20.0,Object notstarted,Object notstarted,Object notstarted,Object notstarted,Object notstarted,Object notstarted,Object notstarted,Object notstarted,Object notstarted
2024-02-19 19:07:48,529.529,__main___datalogs,INFO,JoyConState.USE_SNS,0.000000,-181.025000,-150.205000,8.232377,-0.011444,0.000000,0.004577,19.000000,0.000000,0.000000,0.000000,0,0,0,0,0,0,0,0,0,0,0,0.045257568359375,-0.010467529296875,0.0,0.0,0.0,-20.0,-20.0,0.0,-20.0,20.0,Object notstarted,Object notstarted,Object notstarted,Object notstarted,Object notstarted,Object notstarted,Object notstarted,Object notstarted,Object notstarted
2024-02-19 19:07:48,591.591,__main___datalogs,INFO,JoyConState.USE_SNS,0.000000,-181.125000,-147.235000,7.857034,-0.009155,0.000000,0.004577,19.000000,0.000000,0.000000,0.000000,0,0,0,0,0,0,0,0,0,0,0,0.045257568359375,-0.010467529296875,0.0,0.0,0.0,-20.0,-20.0,0.0,-20.0,20.0,Object notstarted,Object notstarted,Object notstarted,Object notstarted,Object notstarted,Object notstarted,Object notstarted,Object notstarted,Object notstarted
2024-02-19 19:07:48,649.649,__main___datalogs,INFO,JoyConState.USE_SNS,0.000000,-181.187500,-145.170000,7.719713,-0.011444,0.000000,0.000000,19.000000,0.000000,0.000000,0.000000,0,0,0,0,0,0,0,0,0,0,0,0.045257568359375,-0.010467529296875,0.0,0.0,0.0,-20.0,-20.0,0.0,-20.0,20.0,Object notstarted,Object notstarted,Object notstarted,Object notstarted,Object notstarted,Object notstarted,Object notstarted,Object notstarted,Object notstarted
2024-02-19 19:07:48,706.706,__main___datalogs,INFO,JoyConState.USE_SNS,0.000000,-181.262500,-143.140000,7.550351,-0.009155,0.000000,0.004577,19.000000,0.000000,0.000000,0.000000,0,0,0,0,0,0,0,0,0,0,0,0.045257568359375,-0.010467529296875,0.0,0.0,0.0,-20.0,-20.0,0.0,-20.0,20.0,Object notstarted,Object notstarted,Object notstarted,Object notstarted,Object notstarted,Object notstarted,Object notstarted,Object notstarted,Object notstarted
2024-02-19 19:07:48,761.761,__main___datalogs,INFO,JoyConState.USE_SNS,0.000000,-181.325000,-141.150000,5.529448,-0.011444,0.000000,0.004577,19.000000,0.000000,0.000000,0.000000,0,0,0,0,0,0,0,0,0,0,0,0.045257568359375,-0.010467529296875,0.0,0.0,0.0,-20.0,-20.0,0.0,-20.0,20.0,Object notstarted,Object notstarted,Object notstarted,Object notstarted,Object notstarted,Object notstarted,Object notstarted,Object notstarted,Object notstarted
2024-02-19 19:07:48,816.816,__main___datalogs,INFO,JoyConState.USE_SNS,0.000000,-181.387500,-139.235000,7.641898,-0.009155,0.000000,0.004577,19.000000,0.000000,0.000000,0.000000,0,0,0,0,0,0,0,0,0,0,0,0.045257568359375,-0.010467529296875,0.0,0.0,0.0,-20.0,-20.0,0.0,-20.0,20.0,Object notstarted,Object notstarted,Object notstarted,Object notstarted,Object notstarted,Object notstarted,Object notstarted,Object notstarted,Object notstarted
2024-02-19 19:07:48,928.928,__main___datalogs,INFO,JoyConState.USE_SNS,0.000000,-181.462500,-137.170000,7.779219,-0.011444,-0.006866,0.004577,19.000000,0.000000,0.000000,0.000000,0,0,0,0,0,0,0,0,0,0,0,0.045257568359375,-0.010467529296875,0.0,0.0,0.0,-20.0,-20.0,0.0,-20.0,20.0,Object notstarted,Object notstarted,Object notstarted,Object notstarted,Object notstarted,Object notstarted,Object notstarted,Object notstarted,Object notstarted
2024-02-19 19:07:49,009.009,__main___datalogs,INFO,JoyConState.USE_SNS,0.000000,-181.637500,-133.340000,7.731156,-0.009155,0.000000,0.000000,19.000000,0.000000,0.000000,0.000000,0,0,0,0,0,0,0,0,0,0,0,0.045257568359375,-0.010467529296875,0.0,0.0,0.0,-20.0,-20.0,0.0,-20.0,20.0,Object notstarted,Object notstarted,Object notstarted,Object notstarted,Object notstarted,Object notstarted,Object notstarted,Object notstarted,Object notstarted
2024-02-19 19:07:49,073.073,__main___datalogs,INFO,JoyConState.USE_SNS,0.000000,-181.762500,-130.620000,8.154562,-0.004577,0.000000,0.000000,19.000000,0.000000,0.000000,0.000000,0,0,0,0,0,0,0,0,0,0,0,0.045257568359375,-0.010467529296875,0.0,0.0,0.0,-20.0,-20.0,0.0,-20.0,20.0,Object notstarted,Object notstarted,Object notstarted,Object notstarted,Object notstarted,Object notstarted,Object notstarted,Object notstarted,Object notstarted
2024-02-19 19:07:49,137.137,__main___datalogs,INFO,JoyConState.USE_SNS,0.000000,-181.862500,-128.230000,7.225359,-0.011444,0.000000,0.004577,19.000000,0.000000,0.000000,0.000000,0,0,0,0,0,0,0,0,0,0,0,0.045257568359375,-0.010467529296875,0.0,0.0,0.0,-20.0,-20.0,0.0,-20.0,20.0,Object notstarted,Object notstarted,Object notstarted,Object notstarted,Object notstarted,Object notstarted,Object notstarted,Object notstarted,Object notstarted
2024-02-19 19:07:49,193.193,__main___datalogs,INFO,JoyConState.USE_SNS,0.000000,-181.962500,-126.125000,5.971163,-0.011444,0.000000,0.004577,19.000000,0.000000,0.000000,0.000000,0,0,0,0,0,0,0,0,0,0,0,0.045257568359375,-0.010467529296875,0.0,0.0,0.0,-20.0,-20.0,0.0,-20.0,20.0,Object notstarted,Object notstarted,Object notstarted,Object notstarted,Object notstarted,Object notstarted,Object notstarted,Object notstarted,Object notstarted
2024-02-19 19:07:49,253.253,__main___datalogs,INFO,JoyConState.USE_SNS,0.000000,-182.062500,-123.780000,7.550351,-0.011444,0.000000,0.000000,19.000000,0.000000,0.000000,0.000000,0,0,0,0,0,0,0,0,0,0,0,0.045257568359375,-0.010467529296875,0.0,0.0,0.0,-20.0,-20.0,0.0,-20.0,20.0,Object notstarted,Object notstarted,Object notstarted,Object notstarted,Object notstarted,Object notstarted,Object notstarted,Object notstarted,Object notstarted
2024-02-19 19:07:49,344.344,__main___datalogs,INFO,JoyConState.USE_SNS,0.000000,-182.187500,-121.110000,8.058437,-0.009155,0.000000,0.004577,19.000000,0.000000,0.000000,0.000000,0,0,0,0,0,0,0,0,0,0,0,0.045257568359375,-0.010467529296875,0.0,0.0,0.0,-20.0,-20.0,0.0,-20.0,20.0,Object notstarted,Object notstarted,Object notstarted,Object notstarted,Object notstarted,Object notstarted,Object notstarted,Object notstarted,Object notstarted
2024-02-19 19:07:49,420.420,__main___datalogs,INFO,JoyConState.USE_SNS,0.000000,-182.287500,-118.925000,7.971468,-0.011444,-0.006866,0.004577,19.000000,0.000000,0.000000,0.000000,0,0,0,0,0,0,0,0,0,0,0,0.045257568359375,-0.010467529296875,0.0,0.0,0.0,-20.0,-20.0,0.0,-20.0,20.0,Object notstarted,Object notstarted,Object notstarted,Object notstarted,Object notstarted,Object notstarted,Object notstarted,Object notstarted,Object notstarted
2024-02-19 19:07:49,479.479,__main___datalogs,INFO,JoyConState.USE_SNS,0.000000,-182.425000,-116.310000,8.214067,-0.011444,0.000000,0.004577,19.000000,0.000000,0.000000,0.000000,0,0,0,0,0,0,0,0,0,0,0,0.045257568359375,-0.010467529296875,0.0,0.0,0.0,-20.0,-20.0,0.0,-20.0,20.0,Object notstarted,Object notstarted,Object notstarted,Object notstarted,Object notstarted,Object notstarted,Object notstarted,Object notstarted,Object notstarted
2024-02-19 19:07:49,539.539,__main___datalogs,INFO,JoyConState.USE_SNS,0.000000,-182.550000,-114.245000,8.179738,-0.011444,-0.006866,0.004577,19.000000,0.000000,0.000000,0.000000,0,0,0,0,0,0,0,0,0,0,0,0.045257568359375,-0.010467529296875,0.0,0.0,0.0,-20.0,-20.0,0.0,-20.0,20.0,Object notstarted,Object notstarted,Object notstarted,Object notstarted,Object notstarted,Object notstarted,Object notstarted,Object notstarted,Object notstarted
2024-02-19 19:07:49,594.594,__main___datalogs,INFO,JoyConState.USE_SNS,0.000000,-182.662500,-112.165000,8.003510,-0.011444,-0.006866,0.000000,19.000000,0.000000,0.000000,0.000000,0,0,0,0,0,0,0,0,0,0,0,0.045257568359375,-0.010467529296875,0.0,0.0,0.0,-20.0,-20.0,0.0,-20.0,20.0,Object notstarted,Object notstarted,Object notstarted,Object notstarted,Object notstarted,Object notstarted,Object notstarted,Object notstarted,Object notstarted
2024-02-19 19:07:49,670.670,__main___datalogs,INFO,JoyConState.USE_SNS,0.000000,-182.800000,-110.210000,6.373970,-0.009155,0.000000,0.004577,19.000000,0.000000,0.000000,0.000000,0,0,0,0,0,0,0,0,0,0,0,0.045257568359375,-0.010467529296875,0.0,0.0,0.0,-20.0,-20.0,0.0,-20.0,20.0,Object notstarted,Object notstarted,Object notstarted,Object notstarted,Object notstarted,Object notstarted,Object notstarted,Object notstarted,Object notstarted
2024-02-19 19:07:49,750.750,__main___datalogs,INFO,JoyConState.USE_SNS,0.000000,-183.012500,-107.545000,7.413031,-0.011444,0.000000,0.004577,19.000000,0.000000,0.000000,0.000000,0,0,0,0,0,0,0,0,0,0,0,0.045257568359375,-0.010467529296875,20.0,0.0,0.0,-20.0,0.0,-20.0,-20.0,0.0,Object notstarted,Object notstarted,Object notstarted,Object notstarted,Object notstarted,Object notstarted,Object notstarted,Object notstarted,Object notstarted
2024-02-19 19:07:49,808.808,__main___datalogs,INFO,JoyConState.USE_SNS,0.000000,-183.237500,-104.730000,8.175160,-0.009155,-0.006866,0.004577,19.000000,0.000000,0.000000,0.000000,0,0,0,0,0,0,0,0,0,0,0,0.045257568359375,-0.010467529296875,20.0,0.0,0.0,-20.0,0.0,-20.0,-20.0,0.0,Object notstarted,Object notstarted,Object notstarted,Object notstarted,Object notstarted,Object notstarted,Object notstarted,Object notstarted,Object notstarted
2024-02-19 19:07:49,873.873,__main___datalogs,INFO,JoyConState.USE_SNS,0.000000,-183.387500,-102.800000,7.591547,-0.011444,0.000000,0.004577,19.000000,0.000000,0.000000,0.000000,0,0,0,0,0,0,0,0,0,0,0,0.045257568359375,-0.010467529296875,20.0,0.0,0.0,-20.0,0.0,-20.0,-20.0,0.0,Object notstarted,Object notstarted,Object notstarted,Object notstarted,Object notstarted,Object notstarted,Object notstarted,Object notstarted,Object notstarted
2024-02-19 19:07:49,936.936,__main___datalogs,INFO,JoyConState.USE_SNS,0.000000,-183.575000,-100.445000,7.014800,-0.011444,0.000000,0.004577,19.000000,0.000000,0.000000,0.000000,0,0,0,0,0,0,0,0,0,0,0,0.045257568359375,-0.010467529296875,20.0,0.0,0.0,-20.0,0.0,-20.0,-20.0,0.0,Object notstarted,Object notstarted,Object notstarted,Object notstarted,Object notstarted,Object notstarted,Object notstarted,Object notstarted,Object notstarted
2024-02-19 19:07:50,002.002,__main___datalogs,INFO,JoyConState.USE_SNS,0.000000,-183.737500,-98.305000,6.126793,-0.009155,-0.006866,0.004577,19.000000,0.000000,0.000000,0.000000,0,0,0,0,0,0,0,0,0,0,0,0.045257568359375,-0.010467529296875,20.0,0.0,0.0,-20.0,0.0,-20.0,-20.0,0.0,Object notstarted,Object notstarted,Object notstarted,Object notstarted,Object notstarted,Object notstarted,Object notstarted,Object notstarted,Object notstarted
2024-02-19 19:07:50,082.082,__main___datalogs,INFO,JoyConState.USE_SNS,0.000000,-183.937500,-95.785000,6.531889,-0.009155,0.000000,0.000000,19.000000,0.000000,0.000000,0.000000,0,0,0,0,0,0,0,0,0,0,0,0.045257568359375,-0.010467529296875,20.0,0.0,0.0,-20.0,0.0,-20.0,-20.0,0.0,Object notstarted,Object notstarted,Object notstarted,Object notstarted,Object notstarted,Object notstarted,Object notstarted,Object notstarted,Object notstarted
2024-02-19 19:07:50,179.179,__main___datalogs,INFO,JoyConState.USE_SNS,0.000000,-184.250000,-93.225000,6.554776,-0.009155,0.000000,0.004577,19.000000,0.000000,0.000000,0.000000,0,0,0,0,0,0,0,0,0,0,0,0.045257568359375,-0.010467529296875,20.0,0.0,0.0,-20.0,0.0,-20.0,-20.0,0.0,Object notstarted,Object notstarted,Object notstarted,Object notstarted,Object notstarted,Object notstarted,Object notstarted,Object notstarted,Object notstarted
2024-02-19 19:07:50,246.246,__main___datalogs,INFO,JoyConState.USE_SNS,0.000000,-184.575000,-90.822500,6.435764,-0.009155,0.000000,0.004577,19.000000,0.000000,0.000000,0.000000,0,0,0,0,0,0,0,0,0,0,0,0.045257568359375,-0.010467529296875,20.0,0.0,0.0,-20.0,0.0,-20.0,-20.0,0.0,Object notstarted,Object notstarted,Object notstarted,Object notstarted,Object notstarted,Object notstarted,Object notstarted,Object notstarted,Object notstarted
2024-02-19 19:07:50,336.336,__main___datalogs,INFO,JoyConState.USE_SNS,0.000000,-184.787500,-89.465000,7.802106,-0.009155,-0.006866,0.000000,19.000000,0.000000,0.000000,0.000000,0,0,0,0,0,0,0,0,0,0,0,0.045257568359375,-0.010467529296875,20.0,0.0,0.0,-20.0,0.0,-20.0,-20.0,0.0,Object notstarted,Object notstarted,Object notstarted,Object notstarted,Object notstarted,Object notstarted,Object notstarted,Object notstarted,Object notstarted
2024-02-19 19:07:50,455.455,__main___datalogs,INFO,JoyConState.USE_SNS,-0.062500,-184.125000,-87.205000,7.708270,-0.011444,-0.006866,0.004577,19.000000,0.000000,0.000000,0.000000,0,0,0,0,0,0,0,0,0,0,0,0.045257568359375,-0.010467529296875,20.0,0.0,0.0,-20.0,0.0,-20.0,-20.0,0.0,Object notstarted,Object notstarted,Object notstarted,Object notstarted,Object notstarted,Object notstarted,Object notstarted,Object notstarted,Object notstarted
2024-02-19 19:07:50,525.525,__main___datalogs,INFO,JoyConState.USE_SNS,-0.187500,-182.700000,-84.677500,8.275862,-0.009155,0.000000,0.000000,19.000000,0.000000,0.000000,0.000000,0,0,0,0,0,0,0,0,0,0,0,0.045257568359375,-0.010467529296875,20.0,0.0,0.0,-20.0,0.0,-20.0,-20.0,0.0,Object notstarted,Object notstarted,Object notstarted,Object notstarted,Object notstarted,Object notstarted,Object notstarted,Object notstarted,Object notstarted
2024-02-19 19:07:50,585.585,__main___datalogs,INFO,JoyConState.USE_SNS,-0.300000,-181.325000,-82.262500,7.868477,-0.004577,0.000000,0.000000,19.000000,0.000000,0.000000,0.000000,0,0,0,0,0,0,0,0,0,0,0,0.045257568359375,-0.010467529296875,20.0,0.0,0.0,-20.0,0.0,-20.0,-20.0,0.0,Object notstarted,Object notstarted,Object notstarted,Object notstarted,Object notstarted,Object notstarted,Object notstarted,Object notstarted,Object notstarted
2024-02-19 19:07:50,653.653,__main___datalogs,INFO,JoyConState.USE_SNS,-0.412500,-180.050000,-79.997500,7.937138,-0.004577,0.000000,0.004577,19.000000,0.000000,0.000000,0.000000,0,0,0,0,0,0,0,0,0,0,0,0.045257568359375,-0.010467529296875,20.0,0.0,0.0,-20.0,0.0,-20.0,-20.0,0.0,Object notstarted,Object notstarted,Object notstarted,Object notstarted,Object notstarted,Object notstarted,Object notstarted,Object notstarted,Object notstarted
2024-02-19 19:07:50,710.710,__main___datalogs,INFO,JoyConState.USE_SNS,-0.512500,-178.800000,-77.802500,7.955447,-0.009155,-0.006866,0.004577,19.000000,0.000000,0.000000,0.000000,0,0,0,0,0,0,0,0,0,0,0,0.045257568359375,-0.010467529296875,20.0,0.0,0.0,-20.0,0.0,-20.0,-20.0,0.0,Object notstarted,Object notstarted,Object notstarted,Object notstarted,Object notstarted,Object notstarted,Object notstarted,Object notstarted,Object notstarted
2024-02-19 19:07:50,765.765,__main___datalogs,INFO,JoyConState.USE_SNS,-0.600000,-177.700000,-75.847500,5.231919,-0.011444,0.000000,0.000000,19.000000,0.000000,0.000000,0.000000,0,0,0,0,0,0,0,0,0,0,0,0.045257568359375,-0.010467529296875,20.0,0.0,0.0,-20.0,0.0,-20.0,-20.0,0.0,Object notstarted,Object notstarted,Object notstarted,Object notstarted,Object notstarted,Object notstarted,Object notstarted,Object notstarted,Object notstarted
2024-02-19 19:07:50,818.818,__main___datalogs,INFO,JoyConState.USE_SNS,-0.700000,-176.587500,-73.872500,8.289595,-0.004577,0.000000,0.004577,19.000000,0.000000,0.000000,0.000000,0,0,0,0,0,0,0,0,0,0,0,0.045257568359375,-0.010467529296875,20.0,0.0,0.0,-20.0,0.0,-20.0,-20.0,0.0,Object notstarted,Object notstarted,Object notstarted,Object notstarted,Object notstarted,Object notstarted,Object notstarted,Object notstarted,Object notstarted
2024-02-19 19:07:50,874.874,__main___datalogs,INFO,JoyConState.USE_SNS,-0.787500,-175.575000,-72.082500,6.307598,-0.009155,0.000000,0.004577,19.000000,0.000000,0.000000,0.000000,0,0,0,0,0,0,0,0,0,0,0,0.045257568359375,-0.010467529296875,20.0,0.0,0.0,-20.0,0.0,-20.0,-20.0,0.0,Object notstarted,Object notstarted,Object notstarted,Object notstarted,Object notstarted,Object notstarted,Object notstarted,Object notstarted,Object notstarted
2024-02-19 19:07:50,936.936,__main___datalogs,INFO,JoyConState.USE_SNS,-0.875000,-174.437500,-70.082500,8.083613,-0.009155,-0.006866,0.004577,19.000000,0.000000,0.000000,0.000000,0,0,0,0,0,0,0,0,0,0,0,0.045257568359375,-0.010467529296875,20.0,0.0,0.0,-20.0,0.0,-20.0,-20.0,0.0,Object notstarted,Object notstarted,Object notstarted,Object notstarted,Object notstarted,Object notstarted,Object notstarted,Object notstarted,Object notstarted
2024-02-19 19:07:50,993.993,__main___datalogs,INFO,JoyConState.USE_SNS,-0.975000,-173.237500,-67.952500,8.198047,-0.004577,0.000000,0.000000,19.000000,0.000000,0.000000,0.000000,0,0,0,0,0,0,0,0,0,0,0,0.045257568359375,-0.010467529296875,20.0,0.0,0.0,-20.0,0.0,-20.0,-20.0,0.0,Object notstarted,Object notstarted,Object notstarted,Object notstarted,Object notstarted,Object notstarted,Object notstarted,Object notstarted,Object notstarted
2024-02-19 19:07:51,043.043,__main___datalogs,INFO,JoyConState.USE_SNS,-1.075000,-172.100000,-65.957500,7.099482,-0.009155,0.000000,0.004577,19.000000,0.000000,0.000000,0.000000,0,0,0,0,0,0,0,0,0,0,0,0.045257568359375,-0.010467529296875,20.0,0.0,0.0,-20.0,0.0,-20.0,-20.0,0.0,Object notstarted,Object notstarted,Object notstarted,Object notstarted,Object notstarted,Object notstarted,Object notstarted,Object notstarted,Object notstarted
2024-02-19 19:07:51,094.094,__main___datalogs,INFO,JoyConState.USE_SNS,-1.162500,-171.125000,-64.232500,8.268996,-0.011444,0.000000,0.004577,19.000000,0.000000,0.000000,0.000000,0,0,0,0,0,0,0,0,0,0,0,0.045257568359375,-0.010467529296875,20.0,0.0,0.0,-20.0,0.0,-20.0,-20.0,0.0,Object notstarted,Object notstarted,Object notstarted,Object notstarted,Object notstarted,Object notstarted,Object notstarted,Object notstarted,Object notstarted
2024-02-19 19:07:51,151.151,__main___datalogs,INFO,JoyConState.USE_SNS,-1.250000,-170.037500,-62.307500,5.973452,-0.009155,0.000000,0.004577,19.000000,0.000000,0.000000,0.000000,0,0,0,0,0,0,0,0,0,0,0,0.045257568359375,-0.010467529296875,20.0,0.0,0.0,-20.0,0.0,-20.0,-20.0,0.0,Object notstarted,Object notstarted,Object notstarted,Object notstarted,Object notstarted,Object notstarted,Object notstarted,Object notstarted,Object notstarted
2024-02-19 19:07:51,205.205,__main___datalogs,INFO,JoyConState.USE_SNS,-1.337500,-169.012500,-60.492500,8.136252,-0.011444,0.000000,0.004577,18.599434,0.000000,0.000000,0.000000,0,0,0,0,0,0,0,0,0,0,0,0.045257568359375,-0.010467529296875,20.0,0.0,0.0,-20.0,0.0,-20.0,-20.0,0.0,Object notstarted,Object notstarted,Object notstarted,Object notstarted,Object notstarted,Object notstarted,Object notstarted,Object notstarted,Object notstarted
2024-02-19 19:07:51,263.263,__main___datalogs,INFO,JoyConState.USE_SNS,-1.425000,-167.937500,-58.597500,7.671651,-0.011444,0.000000,0.004577,18.093351,0.000000,0.000000,0.000000,0,0,0,0,0,0,0,0,0,0,0,0.045257568359375,-0.010467529296875,20.0,0.0,0.0,-20.0,0.0,-20.0,-20.0,0.0,Object notstarted,Object notstarted,Object notstarted,Object notstarted,Object notstarted,Object notstarted,Object notstarted,Object notstarted,Object notstarted
2024-02-19 19:07:51,328.328,__main___datalogs,INFO,JoyConState.USE_SNS,-1.525000,-166.762500,-56.517500,6.483827,-0.009155,0.000000,0.004577,17.601037,0.000000,0.000000,0.000000,0,0,0,0,0,0,0,0,0,0,0,0.045257568359375,-0.010467529296875,20.0,0.0,0.0,-20.0,0.0,-20.0,-20.0,0.0,Object notstarted,Object notstarted,Object notstarted,Object notstarted,Object notstarted,Object notstarted,Object notstarted,Object notstarted,Object notstarted
2024-02-19 19:07:51,387.387,__main___datalogs,INFO,JoyConState.USE_SNS,-1.637500,-165.462500,-54.222500,6.092463,-0.009155,-0.006866,0.004577,17.122120,0.000000,0.000000,0.000000,0,0,0,0,0,0,0,0,0,0,0,0.045257568359375,-0.010467529296875,20.0,0.0,0.0,-20.0,0.0,-20.0,-20.0,0.0,Object notstarted,Object notstarted,Object notstarted,Object notstarted,Object notstarted,Object notstarted,Object notstarted,Object notstarted,Object notstarted
2024-02-19 19:07:51,461.461,__main___datalogs,INFO,JoyConState.USE_SNS,-1.725000,-164.300000,-52.167500,6.614282,-0.009155,0.000000,0.000000,16.656233,0.000000,0.000000,0.000000,0,0,0,0,0,0,0,0,0,0,0,0.045257568359375,-0.010467529296875,20.0,0.0,0.0,-20.0,0.0,-20.0,-20.0,0.0,Object notstarted,Object notstarted,Object notstarted,Object notstarted,Object notstarted,Object notstarted,Object notstarted,Object notstarted,Object notstarted
2024-02-19 19:07:51,537.537,__main___datalogs,INFO,JoyConState.USE_SNS,-1.875000,-162.562500,-49.077500,4.959567,-0.016021,-0.006866,0.004577,16.203023,0.000000,0.000000,0.000000,0,0,0,0,0,0,0,0,0,0,0,0.045257568359375,-0.010467529296875,20.0,0.0,0.0,-20.0,0.0,-20.0,-20.0,0.0,Object notstarted,Object notstarted,Object notstarted,Object notstarted,Object notstarted,Object notstarted,Object notstarted,Object notstarted,Object notstarted
2024-02-19 19:07:51,626.626,__main___datalogs,INFO,JoyConState.USE_SNS,-1.987500,-161.187500,-46.652500,7.586970,-0.016021,-0.006866,0.000000,15.762147,0.000000,0.000000,0.000000,0,0,0,0,0,0,0,0,0,0,0,0.045257568359375,-0.010467529296875,20.0,0.0,0.0,-20.0,0.0,-20.0,-20.0,0.0,Object notstarted,Object notstarted,Object notstarted,Object notstarted,Object notstarted,Object notstarted,Object notstarted,Object notstarted,Object notstarted
2024-02-19 19:07:51,688.688,__main___datalogs,INFO,JoyConState.USE_SNS,-2.125000,-159.625000,-43.902500,6.591394,-0.009155,0.000000,0.004577,15.333263,0.000000,0.000000,0.000000,0,0,0,0,0,0,0,0,0,0,0,0.045257568359375,-0.010467529296875,20.0,0.0,0.0,-20.0,0.0,-20.0,-20.0,0.0,Object notstarted,Object notstarted,Object notstarted,Object notstarted,Object notstarted,Object notstarted,Object notstarted,Object notstarted,Object notstarted
2024-02-19 19:07:51,746.746,__main___datalogs,INFO,JoyConState.USE_SNS,-2.225000,-158.412500,-41.747500,5.627861,-0.009155,-0.006866,0.000000,14.916051,0.000000,0.000000,0.000000,0,0,0,0,0,0,0,0,0,0,0,0.045257568359375,-0.010467529296875,20.0,0.0,0.0,-20.0,0.0,-20.0,-20.0,0.0,Object notstarted,Object notstarted,Object notstarted,Object notstarted,Object notstarted,Object notstarted,Object notstarted,Object notstarted,Object notstarted
2024-02-19 19:07:51,805.805,__main___datalogs,INFO,JoyConState.USE_SNS,-2.325000,-157.237500,-39.672500,5.531736,-0.004577,0.000000,0.004577,14.510191,0.000000,0.000000,0.000000,0,0,0,0,0,0,0,0,0,0,0,0.045257568359375,-0.010467529296875,20.0,0.0,0.0,-20.0,0.0,-20.0,-20.0,0.0,Object notstarted,Object notstarted,Object notstarted,Object notstarted,Object notstarted,Object notstarted,Object notstarted,Object notstarted,Object notstarted
2024-02-19 19:07:51,874.874,__main___datalogs,INFO,JoyConState.USE_SNS,-2.412500,-156.100000,-37.657500,7.857034,-0.009155,-0.006866,0.004577,14.115375,0.000000,0.000000,0.000000,0,0,0,0,0,0,0,0,0,0,0,0.045257568359375,-0.010467529296875,20.0,0.0,0.0,-20.0,0.0,-20.0,-20.0,0.0,Object notstarted,Object notstarted,Object notstarted,Object notstarted,Object notstarted,Object notstarted,Object notstarted,Object notstarted,Object notstarted
2024-02-19 19:07:51,935.935,__main___datalogs,INFO,JoyConState.USE_SNS,-2.525000,-154.862500,-35.482500,7.117791,-0.009155,-0.006866,0.004577,13.731302,0.000000,0.000000,0.000000,0,0,0,0,0,0,0,0,0,0,0,0.045257568359375,-0.010467529296875,20.0,0.0,0.0,-20.0,0.0,-20.0,-20.0,0.0,Object notstarted,Object notstarted,Object notstarted,Object notstarted,Object notstarted,Object notstarted,Object notstarted,Object notstarted,Object notstarted
2024-02-19 19:07:51,993.993,__main___datalogs,INFO,JoyConState.USE_SNS,-2.600000,-153.987500,-33.922500,8.003510,-0.009155,-0.006866,0.004577,13.357678,0.000000,0.000000,0.000000,0,0,0,0,0,0,0,0,0,0,0,0.045257568359375,-0.010467529296875,20.0,0.0,0.0,-20.0,0.0,-20.0,-20.0,0.0,Object notstarted,Object notstarted,Object notstarted,Object notstarted,Object notstarted,Object notstarted,Object notstarted,Object notstarted,Object notstarted
2024-02-19 19:07:52,046.046,__main___datalogs,INFO,JoyConState.USE_SNS,-2.650000,-153.350000,-32.805000,7.500000,-0.011444,-0.006866,0.004577,12.994221,0.000000,0.000000,0.000000,0,0,0,0,0,0,0,0,0,0,0,0.045257568359375,-0.010467529296875,20.0,0.0,0.0,-20.0,0.0,-20.0,-20.0,0.0,Object notstarted,Object notstarted,Object notstarted,Object notstarted,Object notstarted,Object notstarted,Object notstarted,Object notstarted,Object notstarted
2024-02-19 19:07:52,098.098,__main___datalogs,INFO,JoyConState.USE_SNS,-2.687500,-152.937500,-32.070000,4.707812,-0.011444,-0.006866,0.000000,12.640653,0.000000,0.000000,0.000000,0,0,0,0,0,0,0,0,0,0,0,0.045257568359375,-0.010467529296875,20.0,0.0,0.0,-20.0,0.0,-20.0,-20.0,0.0,Object notstarted,Object notstarted,Object notstarted,Object notstarted,Object notstarted,Object notstarted,Object notstarted,Object notstarted,Object notstarted
2024-02-19 19:07:52,154.154,__main___datalogs,INFO,JoyConState.USE_SNS,-2.700000,-152.675000,-31.615000,6.406012,-0.009155,0.000000,0.000000,12.296706,0.000000,0.000000,0.000000,0,0,0,0,0,0,0,0,0,0,0,0.045257568359375,-0.010467529296875,20.0,0.0,0.0,-20.0,0.0,-20.0,-20.0,0.0,Object notstarted,Object notstarted,Object notstarted,Object notstarted,Object notstarted,Object notstarted,Object notstarted,Object notstarted,Object notstarted
2024-02-19 19:07:52,228.228,__main___datalogs,INFO,JoyConState.USE_SNS,-2.712500,-152.575000,-31.422500,7.696826,-0.011444,0.000000,0.004577,11.962117,0.000000,0.000000,0.000000,0,0,0,0,0,0,0,0,0,0,0,0.045257568359375,-0.010467529296875,20.0,0.0,0.0,-20.0,0.0,-20.0,-20.0,0.0,Object notstarted,Object notstarted,Object notstarted,Object notstarted,Object notstarted,Object notstarted,Object notstarted,Object notstarted,Object notstarted
2024-02-19 19:07:52,291.291,__main___datalogs,INFO,JoyConState.USE_SNS,-2.737500,-152.275000,-31.022500,5.469942,-0.011444,0.000000,0.004577,11.636632,0.000000,0.000000,0.000000,0,0,0,0,0,0,0,0,0,0,0,0.045257568359375,-0.010467529296875,20.0,0.0,0.0,-20.0,0.0,-20.0,-20.0,0.0,Object notstarted,Object notstarted,Object notstarted,Object notstarted,Object notstarted,Object notstarted,Object notstarted,Object notstarted,Object notstarted
2024-02-19 19:07:52,351.351,__main___datalogs,INFO,JoyConState.USE_SNS,-2.775000,-151.687500,-30.195000,5.380684,-0.009155,0.000000,0.004577,11.320003,0.000000,0.000000,0.000000,0,0,0,0,0,0,0,0,0,0,0,0.045257568359375,-0.010467529296875,20.0,0.0,0.0,-20.0,0.0,-20.0,-20.0,0.0,Object notstarted,Object notstarted,Object notstarted,Object notstarted,Object notstarted,Object notstarted,Object notstarted,Object notstarted,Object notstarted
2024-02-19 19:07:52,407.407,__main___datalogs,INFO,JoyConState.USE_SNS,-2.825000,-150.912500,-29.127500,5.778913,-0.011444,0.000000,0.004577,11.011990,0.000000,0.000000,0.000000,0,0,0,0,0,0,0,0,0,0,0,0.045257568359375,-0.010467529296875,20.0,0.0,0.0,-20.0,0.0,-20.0,-20.0,0.0,Object notstarted,Object notstarted,Object notstarted,Object notstarted,Object notstarted,Object notstarted,Object notstarted,Object notstarted,Object notstarted
2024-02-19 19:07:52,465.465,__main___datalogs,INFO,JoyConState.USE_SNS,-2.887500,-149.975000,-27.820000,7.966890,-0.011444,0.000000,0.004577,10.712357,0.000000,0.000000,0.000000,0,0,0,0,0,0,0,0,0,0,0,0.045257568359375,-0.010467529296875,20.0,0.0,0.0,-20.0,0.0,-20.0,-20.0,0.0,Object notstarted,Object notstarted,Object notstarted,Object notstarted,Object notstarted,Object notstarted,Object notstarted,Object notstarted,Object notstarted
2024-02-19 19:07:52,528.528,__main___datalogs,INFO,JoyConState.USE_SNS,-2.975000,-148.675000,-26.030000,7.664785,-0.011444,-0.006866,0.004577,10.420879,0.000000,0.000000,0.000000,0,0,0,0,0,0,0,0,0,0,0,0.045257568359375,-0.010467529296875,20.0,0.0,0.0,-20.0,0.0,-20.0,-20.0,0.0,Object notstarted,Object notstarted,Object notstarted,Object notstarted,Object notstarted,Object notstarted,Object notstarted,Object notstarted,Object notstarted
2024-02-19 19:07:52,645.645,__main___datalogs,INFO,JoyConState.USE_SNS,-3.112500,-146.637500,-23.200000,7.653341,-0.011444,-0.006866,0.004577,10.137330,0.000000,0.000000,0.000000,0,0,0,0,0,0,0,0,0,0,0,0.045257568359375,-0.010467529296875,20.0,0.0,0.0,-20.0,0.0,-20.0,-20.0,0.0,Object notstarted,Object notstarted,Object notstarted,Object notstarted,Object notstarted,Object notstarted,Object notstarted,Object notstarted,Object notstarted
2024-02-19 19:07:52,734.734,__main___datalogs,INFO,JoyConState.USE_SNS,-3.287500,-143.950000,-19.475000,6.774489,-0.011444,0.000000,0.000000,9.861497,0.000000,0.000000,0.000000,0,0,0,0,0,0,0,0,0,0,0,0.045257568359375,-0.010467529296875,20.0,0.0,0.0,-20.0,0.0,-20.0,-20.0,0.0,Object notstarted,Object notstarted,Object notstarted,Object notstarted,Object notstarted,Object notstarted,Object notstarted,Object notstarted,Object notstarted
2024-02-19 19:07:52,826.826,__main___datalogs,INFO,JoyConState.USE_SNS,-3.400000,-142.112500,-17.110000,4.689503,-0.009155,-0.006866,0.000000,9.593169,0.000000,0.000000,0.000000,0,0,0,0,0,0,0,0,0,0,0,0.045257568359375,-0.010467529296875,20.0,0.0,0.0,-20.0,0.0,-20.0,-20.0,0.0,Object notstarted,Object notstarted,Object notstarted,Object notstarted,Object notstarted,Object notstarted,Object notstarted,Object notstarted,Object notstarted
2024-02-19 19:07:52,912.912,__main___datalogs,INFO,JoyConState.USE_SNS,-3.487500,-140.575000,-15.140000,4.863442,-0.009155,-0.006866,0.000000,9.332143,0.000000,0.000000,0.000000,0,0,0,0,0,0,0,0,0,0,0,0.045257568359375,-0.010467529296875,20.0,0.0,0.0,-20.0,0.0,-20.0,-20.0,0.0,Object notstarted,Object notstarted,Object notstarted,Object notstarted,Object notstarted,Object notstarted,Object notstarted,Object notstarted,Object notstarted
2024-02-19 19:07:52,991.991,__main___datalogs,INFO,JoyConState.USE_SNS,-3.537500,-139.700000,-14.030000,7.268844,-0.009155,-0.006866,-0.004577,9.078219,0.000000,0.000000,0.000000,0,0,0,0,0,0,0,0,0,0,0,0.045257568359375,-0.010467529296875,20.0,0.0,0.0,-20.0,0.0,-20.0,-20.0,0.0,Object notstarted,Object notstarted,Object notstarted,Object notstarted,Object notstarted,Object notstarted,Object notstarted,Object notstarted,Object notstarted
2024-02-19 19:07:53,083.083,__main___datalogs,INFO,JoyConState.USE_SNS,-3.550000,-139.400000,-13.687500,6.804242,-0.009155,-0.006866,0.000000,8.831204,0.000000,0.000000,0.000000,0,0,0,0,0,0,0,0,0,0,0,0.045257568359375,-0.010467529296875,20.0,0.0,0.0,-20.0,0.0,-20.0,-20.0,0.0,Object notstarted,Object notstarted,Object notstarted,Object notstarted,Object notstarted,Object notstarted,Object notstarted,Object notstarted,Object notstarted
2024-02-19 19:07:53,145.145,__main___datalogs,INFO,JoyConState.USE_SNS,-3.587500,-138.287500,-12.920000,6.126793,-0.009155,0.000000,0.004577,8.590911,0.000000,0.000000,0.000000,0,0,0,0,0,0,0,0,0,0,0,0.045257568359375,-0.010467529296875,20.0,0.0,0.0,-20.0,0.0,-20.0,-20.0,0.0,Object notstarted,Object notstarted,Object notstarted,Object notstarted,Object notstarted,Object notstarted,Object notstarted,Object notstarted,Object notstarted
2024-02-19 19:07:53,209.209,__main___datalogs,INFO,JoyConState.USE_SNS,-3.637500,-136.875000,-11.947500,5.419591,-0.011444,0.000000,0.000000,8.357154,0.000000,0.000000,0.000000,0,0,0,0,0,0,0,0,0,0,0,0.045257568359375,-0.010467529296875,20.0,0.0,0.0,-20.0,0.0,-20.0,-20.0,0.0,Object notstarted,Object notstarted,Object notstarted,Object notstarted,Object notstarted,Object notstarted,Object notstarted,Object notstarted,Object notstarted
2024-02-19 19:07:53,267.267,__main___datalogs,INFO,JoyConState.USE_SNS,-3.712500,-134.650000,-10.407500,4.364511,-0.009155,0.000000,0.004577,8.129760,0.000000,0.000000,0.000000,0,0,0,0,0,0,0,0,0,0,0,0.045257568359375,-0.010467529296875,20.0,0.0,0.0,-20.0,0.0,-20.0,-20.0,0.0,Object notstarted,Object notstarted,Object notstarted,Object notstarted,Object notstarted,Object notstarted,Object notstarted,Object notstarted,Object notstarted
2024-02-19 19:07:53,318.318,__main___datalogs,INFO,JoyConState.USE_SNS,-3.775000,-132.512500,-8.927500,5.957431,-0.004577,-0.006866,0.004577,7.908552,0.000000,0.000000,0.000000,0,0,0,0,0,0,0,0,0,0,0,0.045257568359375,-0.010467529296875,20.0,0.0,0.0,-20.0,0.0,-20.0,-20.0,0.0,Object notstarted,Object notstarted,Object notstarted,Object notstarted,Object notstarted,Object notstarted,Object notstarted,Object notstarted,Object notstarted
2024-02-19 19:07:53,382.382,__main___datalogs,INFO,JoyConState.USE_SNS,-3.850000,-130.437500,-7.492500,7.243668,-0.009155,0.000000,0.000000,7.693364,0.000000,0.000000,0.000000,0,0,0,0,0,0,0,0,0,0,0,0.045257568359375,-0.010467529296875,20.0,0.0,0.0,-20.0,0.0,-20.0,-20.0,0.0,Object notstarted,Object notstarted,Object notstarted,Object notstarted,Object notstarted,Object notstarted,Object notstarted,Object notstarted,Object notstarted
2024-02-19 19:07:53,456.456,__main___datalogs,INFO,JoyConState.USE_SNS,-3.937500,-127.512500,-5.472500,7.044553,-0.011444,0.000000,0.000000,7.484030,0.000000,0.000000,0.000000,0,0,0,0,0,0,0,0,0,0,0,0.045257568359375,-0.010467529296875,20.0,0.0,0.0,-20.0,0.0,-20.0,-20.0,0.0,Object notstarted,Object notstarted,Object notstarted,Object notstarted,Object notstarted,Object notstarted,Object notstarted,Object notstarted,Object notstarted
2024-02-19 19:07:53,509.509,__main___datalogs,INFO,JoyConState.USE_SNS,-4.037500,-124.762500,-3.577500,7.774641,-0.009155,0.000000,0.004577,7.280392,0.000000,0.000000,0.000000,0,0,0,0,0,0,0,0,0,0,0,0.045257568359375,-0.010467529296875,20.0,0.0,0.0,-20.0,0.0,-20.0,-20.0,0.0,Object notstarted,Object notstarted,Object notstarted,Object notstarted,Object notstarted,Object notstarted,Object notstarted,Object notstarted,Object notstarted
2024-02-19 19:07:53,564.564,__main___datalogs,INFO,JoyConState.USE_SNS,-4.112500,-122.512500,-2.022500,6.387702,-0.009155,0.000000,0.004577,7.082295,0.000000,0.000000,0.000000,0,0,0,0,0,0,0,0,0,0,0,0.045257568359375,-0.010467529296875,20.0,0.0,0.0,-20.0,0.0,-20.0,-20.0,0.0,Object notstarted,Object notstarted,Object notstarted,Object notstarted,Object notstarted,Object notstarted,Object notstarted,Object notstarted,Object notstarted
2024-02-19 19:07:53,621.621,__main___datalogs,INFO,JoyConState.USE_SNS,-4.175000,-120.287500,-0.482500,5.279982,-0.016021,0.000000,0.004577,6.889588,0.000000,0.000000,0.000000,0,0,0,0,0,0,0,0,0,0,0,0.045257568359375,-0.010467529296875,20.0,0.0,0.0,-20.0,0.0,-20.0,-20.0,0.0,Object notstarted,Object notstarted,Object notstarted,Object notstarted,Object notstarted,Object notstarted,Object notstarted,Object notstarted,Object notstarted
2024-02-19 19:07:53,675.675,__main___datalogs,INFO,JoyConState.USE_SNS,-4.262500,-117.975000,1.112500,7.651052,-0.016021,0.000000,0.000000,6.702125,0.000000,0.000000,0.000000,0,0,0,0,0,0,0,0,0,0,0,0.045257568359375,-0.010467529296875,20.0,0.0,0.0,-20.0,0.0,-20.0,-20.0,0.0,Object notstarted,Object notstarted,Object notstarted,Object notstarted,Object notstarted,Object notstarted,Object notstarted,Object notstarted,Object notstarted
2024-02-19 19:07:53,738.738,__main___datalogs,INFO,JoyConState.USE_SNS,-4.350000,-115.325000,2.947500,6.321331,-0.009155,0.000000,0.000000,6.519762,0.000000,0.000000,0.000000,0,0,0,0,0,0,0,0,0,0,0,0.045257568359375,-0.010467529296875,20.0,0.0,0.0,-20.0,0.0,-20.0,-20.0,0.0,Object notstarted,Object notstarted,Object notstarted,Object notstarted,Object notstarted,Object notstarted,Object notstarted,Object notstarted,Object notstarted
2024-02-19 19:07:53,805.805,__main___datalogs,INFO,JoyConState.USE_SNS,-4.425000,-112.800000,4.687500,5.630150,-0.011444,0.000000,0.000000,6.342362,0.000000,0.000000,0.000000,0,0,0,0,0,0,0,0,0,0,0,0.045257568359375,-0.010467529296875,20.0,0.0,0.0,-20.0,0.0,-20.0,-20.0,0.0,Object notstarted,Object notstarted,Object notstarted,Object notstarted,Object notstarted,Object notstarted,Object notstarted,Object notstarted,Object notstarted
2024-02-19 19:07:53,874.874,__main___datalogs,INFO,JoyConState.USE_SNS,-4.500000,-110.450000,6.312500,6.383125,-0.009155,0.000000,0.004577,6.169789,0.000000,0.000000,0.000000,0,0,0,0,0,0,0,0,0,0,0,0.045257568359375,-0.010467529296875,20.0,0.0,0.0,-20.0,0.0,-20.0,-20.0,0.0,Object notstarted,Object notstarted,Object notstarted,Object notstarted,Object notstarted,Object notstarted,Object notstarted,Object notstarted,Object notstarted
2024-02-19 19:07:53,935.935,__main___datalogs,INFO,JoyConState.USE_SNS,-4.600000,-107.562500,8.307500,7.500000,-0.011444,0.002289,0.000000,6.001911,0.000000,0.000000,0.000000,0,0,0,0,0,0,0,0,0,0,0,0.045257568359375,-0.010467529296875,20.0,0.0,0.0,-20.0,0.0,-20.0,-20.0,0.0,Object notstarted,Object notstarted,Object notstarted,Object notstarted,Object notstarted,Object notstarted,Object notstarted,Object notstarted,Object notstarted
2024-02-19 19:07:53,989.989,__main___datalogs,INFO,JoyConState.USE_SNS,-4.675000,-105.112500,10.002500,7.495422,-0.009155,0.002289,0.000000,5.838601,0.000000,0.000000,0.000000,0,0,0,0,0,0,0,0,0,0,0,0.045257568359375,-0.010467529296875,20.0,0.0,0.0,-20.0,0.0,-20.0,-20.0,0.0,Object notstarted,Object notstarted,Object notstarted,Object notstarted,Object notstarted,Object notstarted,Object notstarted,Object notstarted,Object notstarted
2024-02-19 19:07:54,054.054,__main___datalogs,INFO,JoyConState.USE_SNS,-4.750000,-102.850000,11.562500,5.600397,-0.009155,-0.006866,0.004577,5.679735,0.000000,0.000000,0.000000,0,0,0,0,0,0,0,0,0,0,0,0.045257568359375,-0.010467529296875,20.0,0.0,0.0,-20.0,0.0,-20.0,-20.0,0.0,Object notstarted,Object notstarted,Object notstarted,Object notstarted,Object notstarted,Object notstarted,Object notstarted,Object notstarted,Object notstarted
2024-02-19 19:07:54,118.118,__main___datalogs,INFO,JoyConState.USE_SNS,-4.837500,-100.237500,13.372500,5.572932,-0.011444,-0.006866,0.000000,5.525192,0.000000,0.000000,0.000000,0,0,0,0,0,0,0,0,0,0,0,0.045257568359375,-0.010467529296875,20.0,0.0,0.0,-20.0,0.0,-20.0,-20.0,0.0,Object notstarted,Object notstarted,Object notstarted,Object notstarted,Object notstarted,Object notstarted,Object notstarted,Object notstarted,Object notstarted
2024-02-19 19:07:54,177.177,__main___datalogs,INFO,JoyConState.USE_SNS,-4.937500,-97.337500,15.377500,6.229783,-0.009155,-0.006866,0.004577,5.374853,0.000000,0.000000,0.000000,0,0,0,0,0,0,0,0,0,0,0,0.045257568359375,-0.010467529296875,20.0,0.0,0.0,-20.0,0.0,-20.0,-20.0,0.0,Object notstarted,Object notstarted,Object notstarted,Object notstarted,Object notstarted,Object notstarted,Object notstarted,Object notstarted,Object notstarted
2024-02-19 19:07:54,239.239,__main___datalogs,INFO,JoyConState.USE_SNS,-5.012500,-95.112500,16.907500,5.128929,-0.016021,-0.006866,0.004577,5.228606,0.000000,0.000000,0.000000,0,0,0,0,0,0,0,0,0,0,0,0.045257568359375,-0.010467529296875,20.0,0.0,0.0,-20.0,0.0,-20.0,-20.0,0.0,Object notstarted,Object notstarted,Object notstarted,Object notstarted,Object notstarted,Object notstarted,Object notstarted,Object notstarted,Object notstarted
2024-02-19 19:07:54,298.298,__main___datalogs,INFO,JoyConState.USE_SNS,-5.087500,-92.625000,18.627500,5.401281,-0.016021,-0.006866,0.004577,5.086338,0.000000,0.000000,0.000000,0,0,0,0,0,0,0,0,0,0,0,0.045257568359375,-0.010467529296875,20.0,0.0,0.0,-20.0,0.0,-20.0,-20.0,0.0,Object notstarted,Object notstarted,Object notstarted,Object notstarted,Object notstarted,Object notstarted,Object notstarted,Object notstarted,Object notstarted
2024-02-19 19:07:54,360.360,__main___datalogs,INFO,JoyConState.USE_SNS,-5.175000,-90.075000,20.387500,4.245499,-0.009155,-0.006866,0.004577,4.947940,0.000000,0.000000,0.000000,0,0,0,0,0,0,0,0,0,0,0,0.045257568359375,-0.010467529296875,20.0,0.0,0.0,-20.0,0.0,-20.0,-20.0,0.0,Object notstarted,Object notstarted,Object notstarted,Object notstarted,Object notstarted,Object notstarted,Object notstarted,Object notstarted,Object notstarted
2024-02-19 19:07:54,420.420,__main___datalogs,INFO,JoyConState.USE_SNS,-5.262500,-87.562500,22.127500,3.966280,-0.009155,-0.006866,0.000000,4.813309,0.000000,0.000000,0.000000,0,0,0,0,0,0,0,0,0,0,0,0.045257568359375,-0.010467529296875,20.0,0.0,0.0,-20.0,0.0,-20.0,-20.0,0.0,Object notstarted,Object notstarted,Object notstarted,Object notstarted,Object notstarted,Object notstarted,Object notstarted,Object notstarted,Object notstarted
2024-02-19 19:07:54,487.487,__main___datalogs,INFO,JoyConState.USE_SNS,-5.337500,-85.212500,23.747500,4.014342,-0.004577,0.000000,0.004577,4.682340,0.000000,0.000000,0.000000,0,0,0,0,0,0,0,0,0,0,0,0.045257568359375,-0.010467529296875,20.0,0.0,0.0,-20.0,0.0,-20.0,-20.0,0.0,Object notstarted,Object notstarted,Object notstarted,Object notstarted,Object notstarted,Object notstarted,Object notstarted,Object notstarted,Object notstarted
2024-02-19 19:07:54,537.537,__main___datalogs,INFO,JoyConState.USE_SNS,-5.425000,-82.500000,25.627500,6.177144,-0.004577,0.000000,0.004577,4.554936,0.000000,0.000000,0.000000,0,0,0,0,0,0,0,0,0,0,0,0.045257568359375,-0.010467529296875,20.0,0.0,0.0,-20.0,0.0,-20.0,-20.0,0.0,Object notstarted,Object notstarted,Object notstarted,Object notstarted,Object notstarted,Object notstarted,Object notstarted,Object notstarted,Object notstarted
2024-02-19 19:07:54,595.595,__main___datalogs,INFO,JoyConState.USE_SNS,-5.487500,-80.437500,27.052500,5.723986,-0.009155,0.000000,0.004577,4.430997,0.000000,0.000000,0.000000,0,0,0,0,0,0,0,0,0,0,0,0.045257568359375,-0.010467529296875,20.0,0.0,0.0,-20.0,0.0,-20.0,-20.0,0.0,Object notstarted,Object notstarted,Object notstarted,Object notstarted,Object notstarted,Object notstarted,Object notstarted,Object notstarted,Object notstarted
2024-02-19 19:07:54,655.655,__main___datalogs,INFO,JoyConState.USE_SNS,-5.575000,-77.987500,28.747500,7.175008,-0.009155,0.000000,0.000000,4.310431,0.000000,0.000000,0.000000,0,0,0,0,0,0,0,0,0,0,0,0.045257568359375,-0.010467529296875,20.0,0.0,0.0,-20.0,0.0,-20.0,-20.0,0.0,Object notstarted,Object notstarted,Object notstarted,Object notstarted,Object notstarted,Object notstarted,Object notstarted,Object notstarted,Object notstarted
2024-02-19 19:07:54,715.715,__main___datalogs,INFO,JoyConState.USE_SNS,-5.650000,-75.575000,30.412500,6.525023,-0.004577,-0.006866,0.004577,4.193146,0.000000,0.000000,0.000000,0,0,0,0,0,0,0,0,0,0,0,0.045257568359375,-0.010467529296875,20.0,0.0,0.0,-20.0,0.0,-20.0,-20.0,0.0,Object notstarted,Object notstarted,Object notstarted,Object notstarted,Object notstarted,Object notstarted,Object notstarted,Object notstarted,Object notstarted
2024-02-19 19:07:54,781.781,__main___datalogs,INFO,JoyConState.USE_SNS,-5.737500,-73.050000,32.157500,5.506561,-0.004577,0.000000,0.000000,4.079052,0.000000,0.000000,0.000000,0,0,0,0,0,0,0,0,0,0,0,0.045257568359375,-0.010467529296875,20.0,0.0,0.0,-20.0,0.0,-20.0,-20.0,0.0,Object notstarted,Object notstarted,Object notstarted,Object notstarted,Object notstarted,Object notstarted,Object notstarted,Object notstarted,Object notstarted
2024-02-19 19:07:54,837.837,__main___datalogs,INFO,JoyConState.USE_SNS,-5.825000,-70.250000,34.092500,6.628014,-0.009155,0.000000,0.004577,3.968063,0.000000,0.000000,0.000000,0,0,0,0,0,0,0,0,0,0,0,0.045257568359375,-0.010467529296875,20.0,0.0,0.0,-20.0,0.0,-20.0,-20.0,0.0,Object notstarted,Object notstarted,Object notstarted,Object notstarted,Object notstarted,Object notstarted,Object notstarted,Object notstarted,Object notstarted
2024-02-19 19:07:54,900.900,__main___datalogs,INFO,JoyConState.USE_SNS,-5.912500,-67.725000,35.832500,4.616265,-0.009155,0.000000,0.000000,3.860093,0.000000,0.000000,0.000000,0,0,0,0,0,0,0,0,0,0,0,0.045257568359375,-0.010467529296875,0.0,20.0,0.0,0.0,-20.0,-20.0,-20.0,0.0,Object notstarted,Object notstarted,Object notstarted,Object notstarted,Object notstarted,Object notstarted,Object notstarted,Object notstarted,Object notstarted
2024-02-19 19:07:54,955.955,__main___datalogs,INFO,JoyConState.USE_SNS,-5.987500,-65.487500,37.382500,4.765029,-0.009155,-0.006866,0.000000,3.755062,0.000000,0.000000,0.000000,0,0,0,0,0,0,0,0,0,0,0,0.045257568359375,-0.010467529296875,0.0,20.0,0.0,0.0,-20.0,-20.0,-20.0,0.0,Object notstarted,Object notstarted,Object notstarted,Object notstarted,Object notstarted,Object notstarted,Object notstarted,Object notstarted,Object notstarted
2024-02-19 19:07:55,011.011,__main___datalogs,INFO,JoyConState.USE_SNS,-6.050000,-63.275000,38.907500,4.032652,-0.009155,0.000000,0.000000,3.652888,0.000000,0.000000,0.000000,0,0,0,0,0,0,0,0,0,0,0,0.045257568359375,-0.010467529296875,0.0,20.0,0.0,0.0,-20.0,-20.0,-20.0,0.0,Object notstarted,Object notstarted,Object notstarted,Object notstarted,Object notstarted,Object notstarted,Object notstarted,Object notstarted,Object notstarted
2024-02-19 19:07:55,069.069,__main___datalogs,INFO,JoyConState.USE_SNS,-6.125000,-61.037500,40.457500,5.472231,-0.011444,0.000000,0.004577,3.553494,0.000000,0.000000,0.000000,0,0,0,0,0,0,0,0,0,0,0,0.045257568359375,-0.010467529296875,0.0,20.0,0.0,0.0,-20.0,-20.0,-20.0,0.0,Object notstarted,Object notstarted,Object notstarted,Object notstarted,Object notstarted,Object notstarted,Object notstarted,Object notstarted,Object notstarted
2024-02-19 19:07:55,125.125,__main___datalogs,INFO,JoyConState.USE_SNS,-6.200000,-58.987500,41.870000,7.069729,-0.011444,0.000000,0.004577,3.456805,0.000000,0.000000,0.000000,0,0,0,0,0,0,0,0,0,0,0,0.045257568359375,-0.010467529296875,0.0,20.0,0.0,0.0,-20.0,-20.0,-20.0,0.0,Object notstarted,Object notstarted,Object notstarted,Object notstarted,Object notstarted,Object notstarted,Object notstarted,Object notstarted,Object notstarted
2024-02-19 19:07:55,181.181,__main___datalogs,INFO,JoyConState.USE_SNS,-6.250000,-57.562500,42.857500,4.712389,-0.009155,0.000000,0.004577,3.362747,0.000000,0.000000,0.000000,0,0,0,0,0,0,0,0,0,0,0,0.045257568359375,-0.010467529296875,0.0,20.0,0.0,0.0,-20.0,-20.0,-20.0,0.0,Object notstarted,Object notstarted,Object notstarted,Object notstarted,Object notstarted,Object notstarted,Object notstarted,Object notstarted,Object notstarted
2024-02-19 19:07:55,236.236,__main___datalogs,INFO,JoyConState.USE_SNS,-6.275000,-56.525000,43.575000,4.034941,-0.009155,-0.006866,0.004577,3.271248,0.000000,0.000000,0.000000,0,0,0,0,0,0,0,0,0,0,0,0.045257568359375,-0.010467529296875,0.0,20.0,0.0,0.0,-20.0,-20.0,-20.0,0.0,Object notstarted,Object notstarted,Object notstarted,Object notstarted,Object notstarted,Object notstarted,Object notstarted,Object notstarted,Object notstarted
2024-02-19 19:07:55,290.290,__main___datalogs,INFO,JoyConState.USE_SNS,-6.300000,-55.987500,43.945000,7.081172,-0.009155,0.000000,0.004577,3.182238,0.000000,0.000000,0.000000,0,0,0,0,0,0,0,0,0,0,0,0.045257568359375,-0.010467529296875,0.0,20.0,0.0,0.0,-20.0,-20.0,-20.0,0.0,Object notstarted,Object notstarted,Object notstarted,Object notstarted,Object notstarted,Object notstarted,Object notstarted,Object notstarted,Object notstarted
2024-02-19 19:07:55,365.365,__main___datalogs,INFO,JoyConState.USE_SNS,-6.300000,-55.562500,44.092500,3.343760,-0.009155,0.000000,0.004577,3.095651,0.000000,0.000000,0.000000,0,0,0,0,0,0,0,0,0,0,0,0.045257568359375,-0.010467529296875,0.0,20.0,0.0,0.0,-20.0,-20.0,-20.0,0.0,Object notstarted,Object notstarted,Object notstarted,Object notstarted,Object notstarted,Object notstarted,Object notstarted,Object notstarted,Object notstarted
2024-02-19 19:07:55,439.439,__main___datalogs,INFO,JoyConState.USE_SNS,-6.325000,-52.925000,44.652500,5.398993,-0.009155,-0.006866,0.004577,3.011419,0.000000,0.000000,0.000000,0,0,0,0,0,0,0,0,0,0,0,0.045257568359375,-0.010467529296875,0.0,20.0,0.0,0.0,-20.0,-20.0,-20.0,0.0,Object notstarted,Object notstarted,Object notstarted,Object notstarted,Object notstarted,Object notstarted,Object notstarted,Object notstarted,Object notstarted
2024-02-19 19:07:55,496.496,__main___datalogs,INFO,JoyConState.USE_SNS,-6.362500,-49.325000,45.415000,6.948428,-0.011444,-0.006866,0.000000,2.929479,0.000000,0.000000,0.000000,0,0,0,0,0,0,0,0,0,0,0,0.045257568359375,-0.010467529296875,0.0,20.0,0.0,0.0,-20.0,-20.0,-20.0,0.0,Object notstarted,Object notstarted,Object notstarted,Object notstarted,Object notstarted,Object notstarted,Object notstarted,Object notstarted,Object notstarted
2024-02-19 19:07:55,557.557,__main___datalogs,INFO,JoyConState.USE_SNS,-6.400000,-46.525000,46.007500,2.886024,-0.009155,-0.006866,0.000000,2.849769,0.000000,0.000000,0.000000,0,0,0,0,0,0,0,0,0,0,0,0.045257568359375,-0.010467529296875,0.0,20.0,0.0,0.0,-20.0,-20.0,-20.0,0.0,Object notstarted,Object notstarted,Object notstarted,Object notstarted,Object notstarted,Object notstarted,Object notstarted,Object notstarted,Object notstarted
2024-02-19 19:07:55,621.621,__main___datalogs,INFO,JoyConState.USE_SNS,-6.425000,-43.750000,46.595000,3.387245,-0.011444,0.000000,0.000000,2.772228,0.000000,0.000000,0.000000,0,0,0,0,0,0,0,0,0,0,0,0.045257568359375,-0.010467529296875,0.0,20.0,0.0,0.0,-20.0,-20.0,-20.0,0.0,Object notstarted,Object notstarted,Object notstarted,Object notstarted,Object notstarted,Object notstarted,Object notstarted,Object notstarted,Object notstarted
2024-02-19 19:07:55,695.695,__main___datalogs,INFO,JoyConState.USE_SNS,-6.437500,-42.300000,46.897500,4.002899,-0.009155,0.000000,0.004577,2.696797,0.000000,0.000000,0.000000,0,0,0,0,0,0,0,0,0,0,0,0.045257568359375,-0.010467529296875,0.0,20.0,0.0,0.0,-20.0,-20.0,-20.0,0.0,Object notstarted,Object notstarted,Object notstarted,Object notstarted,Object notstarted,Object notstarted,Object notstarted,Object notstarted,Object notstarted
2024-02-19 19:07:55,757.757,__main___datalogs,INFO,JoyConState.USE_SNS,-6.450000,-40.187500,47.230000,3.341471,-0.011444,0.000000,0.000000,2.623418,0.000000,0.000000,0.000000,0,0,0,0,0,0,0,0,0,0,0,0.045257568359375,-0.010467529296875,0.0,20.0,0.0,0.0,-20.0,-20.0,-20.0,0.0,Object notstarted,Object notstarted,Object notstarted,Object notstarted,Object notstarted,Object notstarted,Object notstarted,Object notstarted,Object notstarted
2024-02-19 19:07:55,817.817,__main___datalogs,INFO,JoyConState.USE_SNS,-6.475000,-38.200000,47.540000,4.394263,-0.011444,0.000000,0.004577,2.552036,0.000000,0.000000,0.000000,0,0,0,0,0,0,0,0,0,0,0,0.045257568359375,-0.010467529296875,0.0,20.0,0.0,0.0,-20.0,-20.0,-20.0,0.0,Object notstarted,Object notstarted,Object notstarted,Object notstarted,Object notstarted,Object notstarted,Object notstarted,Object notstarted,Object notstarted
2024-02-19 19:07:55,908.908,__main___datalogs,INFO,JoyConState.USE_SNS,-6.475000,-37.837500,47.452500,5.964296,-0.004577,0.000000,0.004577,2.482596,0.000000,0.000000,0.000000,0,0,0,0,0,0,0,0,0,0,0,0.045257568359375,-0.010467529296875,0.0,20.0,0.0,0.0,-20.0,-20.0,-20.0,0.0,Object notstarted,Object notstarted,Object notstarted,Object notstarted,Object notstarted,Object notstarted,Object notstarted,Object notstarted,Object notstarted
2024-02-19 19:07:56,002.002,__main___datalogs,INFO,JoyConState.USE_SNS,-6.475000,-36.375000,46.435000,3.151511,-0.009155,0.000000,0.004577,2.415046,0.000000,0.000000,0.000000,0,0,0,0,0,0,0,0,0,0,0,0.045257568359375,-0.010467529296875,0.0,20.0,0.0,0.0,-20.0,-20.0,-20.0,0.0,Object notstarted,Object notstarted,Object notstarted,Object notstarted,Object notstarted,Object notstarted,Object notstarted,Object notstarted,Object notstarted
2024-02-19 19:07:56,089.089,__main___datalogs,INFO,JoyConState.USE_SNS,-6.487500,-33.950000,44.752500,5.037382,-0.009155,0.000000,0.006866,2.349333,0.000000,0.000000,0.000000,0,0,0,0,0,0,0,0,0,0,0,0.045257568359375,-0.010467529296875,0.0,20.0,0.0,0.0,-20.0,-20.0,-20.0,0.0,Object notstarted,Object notstarted,Object notstarted,Object notstarted,Object notstarted,Object notstarted,Object notstarted,Object notstarted,Object notstarted
2024-02-19 19:07:56,145.145,__main___datalogs,INFO,JoyConState.USE_SNS,-6.500000,-30.637500,42.455000,3.105737,-0.009155,-0.006866,0.004577,2.285409,0.000000,0.000000,0.000000,0,0,0,0,0,0,0,0,0,0,0,0.045257568359375,-0.010467529296875,0.0,20.0,0.0,0.0,-20.0,-20.0,-20.0,0.0,Object notstarted,Object notstarted,Object notstarted,Object notstarted,Object notstarted,Object notstarted,Object notstarted,Object notstarted,Object notstarted
2024-02-19 19:07:56,200.200,__main___datalogs,INFO,JoyConState.USE_SNS,-6.500000,-28.325000,40.850000,6.273269,-0.009155,0.002289,0.000000,2.223223,0.000000,0.000000,0.000000,0,0,0,0,0,0,0,0,0,0,0,0.045257568359375,-0.010467529296875,0.0,20.0,0.0,0.0,-20.0,-20.0,-20.0,0.0,Object notstarted,Object notstarted,Object notstarted,Object notstarted,Object notstarted,Object notstarted,Object notstarted,Object notstarted,Object notstarted
2024-02-19 19:07:56,260.260,__main___datalogs,INFO,JoyConState.USE_SNS,-6.512500,-26.125000,39.325000,2.924932,-0.009155,0.002289,0.004577,2.162730,0.000000,0.000000,0.000000,0,0,0,0,0,0,0,0,0,0,0,0.045257568359375,-0.010467529296875,0.0,20.0,0.0,0.0,-20.0,-20.0,-20.0,0.0,Object notstarted,Object notstarted,Object notstarted,Object notstarted,Object notstarted,Object notstarted,Object notstarted,Object notstarted,Object notstarted
2024-02-19 19:07:56,337.337,__main___datalogs,INFO,JoyConState.USE_SNS,-6.525000,-23.487500,37.495000,4.785627,-0.009155,0.000000,0.000000,2.103883,0.000000,0.000000,0.000000,0,0,0,0,0,0,0,0,0,0,0,0.045257568359375,-0.010467529296875,0.0,20.0,0.0,0.0,-20.0,-20.0,-20.0,0.0,Object notstarted,Object notstarted,Object notstarted,Object notstarted,Object notstarted,Object notstarted,Object notstarted,Object notstarted,Object notstarted
2024-02-19 19:07:56,409.409,__main___datalogs,INFO,JoyConState.USE_SNS,-6.525000,-20.512500,35.435000,4.545316,-0.009155,0.000000,0.004577,2.046637,0.000000,0.000000,0.000000,0,0,0,0,0,0,0,0,0,0,0,0.045257568359375,-0.010467529296875,0.0,20.0,0.0,0.0,-20.0,-20.0,-20.0,0.0,Object notstarted,Object notstarted,Object notstarted,Object notstarted,Object notstarted,Object notstarted,Object notstarted,Object notstarted,Object notstarted
2024-02-19 19:07:56,468.468,__main___datalogs,INFO,JoyConState.USE_SNS,-6.537500,-17.450000,33.310000,6.392280,-0.009155,0.000000,0.004577,1.990949,0.000000,0.000000,0.000000,0,0,0,0,0,0,0,0,0,0,0,0.045257568359375,-0.010467529296875,0.0,20.0,0.0,0.0,-20.0,-20.0,-20.0,0.0,Object notstarted,Object notstarted,Object notstarted,Object notstarted,Object notstarted,Object notstarted,Object notstarted,Object notstarted,Object notstarted
2024-02-19 19:07:56,522.522,__main___datalogs,INFO,JoyConState.USE_SNS,-6.550000,-15.137500,31.700000,2.593073,-0.011444,0.000000,0.004577,1.936776,0.000000,0.000000,0.000000,0,0,0,0,0,0,0,0,0,0,0,0.045257568359375,-0.010467529296875,0.0,20.0,0.0,0.0,-20.0,-20.0,-20.0,0.0,Object notstarted,Object notstarted,Object notstarted,Object notstarted,Object notstarted,Object notstarted,Object notstarted,Object notstarted,Object notstarted
2024-02-19 19:07:56,590.590,__main___datalogs,INFO,JoyConState.USE_SNS,-6.550000,-12.925000,30.165000,6.092463,-0.011444,0.000000,0.004577,1.884077,0.000000,0.000000,0.000000,0,0,0,0,0,0,0,0,0,0,0,0.045257568359375,-0.010467529296875,0.0,20.0,0.0,0.0,-20.0,-20.0,-20.0,0.0,Object notstarted,Object notstarted,Object notstarted,Object notstarted,Object notstarted,Object notstarted,Object notstarted,Object notstarted,Object notstarted
2024-02-19 19:07:56,665.665,__main___datalogs,INFO,JoyConState.USE_SNS,-6.562500,-10.137500,28.235000,2.192554,-0.009155,0.000000,0.004577,1.832812,0.000000,0.000000,0.000000,0,0,0,0,0,0,0,0,0,0,0,0.045257568359375,-0.010467529296875,0.0,20.0,0.0,0.0,-20.0,-20.0,-20.0,0.0,Object notstarted,Object notstarted,Object notstarted,Object notstarted,Object notstarted,Object notstarted,Object notstarted,Object notstarted,Object notstarted
2024-02-19 19:07:56,727.727,__main___datalogs,INFO,JoyConState.USE_SNS,-6.562500,-7.712500,26.550000,2.222307,-0.004577,-0.006866,0.006866,1.782942,0.000000,0.000000,0.000000,0,0,0,0,0,0,0,0,0,0,0,0.045257568359375,-0.010467529296875,0.0,20.0,0.0,0.0,-20.0,-20.0,-20.0,0.0,Object notstarted,Object notstarted,Object notstarted,Object notstarted,Object notstarted,Object notstarted,Object notstarted,Object notstarted,Object notstarted
2024-02-19 19:07:56,787.787,__main___datalogs,INFO,JoyConState.USE_SNS,-6.575000,-6.362500,25.620000,3.233903,-0.011444,0.000000,0.000000,1.734429,0.000000,0.000000,0.000000,0,0,0,0,0,0,0,0,0,0,0,0.045257568359375,-0.010467529296875,0.0,20.0,0.0,0.0,-20.0,-20.0,-20.0,0.0,Object notstarted,Object notstarted,Object notstarted,Object notstarted,Object notstarted,Object notstarted,Object notstarted,Object notstarted,Object notstarted
2024-02-19 19:07:56,847.847,__main___datalogs,INFO,JoyConState.USE_SNS,-6.575000,-5.562500,25.062500,2.036924,-0.009155,0.000000,0.004577,1.687236,0.000000,0.000000,0.000000,0,0,0,0,0,0,0,0,0,0,0,0.045257568359375,-0.010467529296875,0.0,20.0,0.0,0.0,-20.0,-20.0,-20.0,0.0,Object notstarted,Object notstarted,Object notstarted,Object notstarted,Object notstarted,Object notstarted,Object notstarted,Object notstarted,Object notstarted
2024-02-19 19:07:56,938.938,__main___datalogs,INFO,JoyConState.USE_SNS,-6.575000,-5.287500,24.855000,3.270522,-0.011444,0.000000,0.000000,1.641326,0.000000,0.000000,0.000000,0,0,0,0,0,0,0,0,0,0,0,0.045257568359375,-0.010467529296875,0.0,20.0,0.0,0.0,-20.0,-20.0,-20.0,0.0,Object notstarted,Object notstarted,Object notstarted,Object notstarted,Object notstarted,Object notstarted,Object notstarted,Object notstarted,Object notstarted
2024-02-19 19:07:57,006.006,__main___datalogs,INFO,JoyConState.USE_SNS,-6.575000,-5.087500,24.147500,2.471773,-0.009155,0.000000,0.000000,1.596667,0.000000,0.000000,0.000000,0,0,0,0,0,0,0,0,0,0,0,0.045257568359375,-0.010467529296875,0.0,20.0,0.0,0.0,-20.0,-20.0,-20.0,0.0,Object notstarted,Object notstarted,Object notstarted,Object notstarted,Object notstarted,Object notstarted,Object notstarted,Object notstarted,Object notstarted
2024-02-19 19:07:57,075.075,__main___datalogs,INFO,JoyConState.USE_SNS,-6.575000,-4.850000,23.275000,3.851846,-0.009155,0.000000,0.000000,1.553222,0.000000,0.000000,0.000000,0,0,0,0,0,0,0,0,0,0,0,0.045257568359375,-0.010467529296875,0.0,20.0,0.0,0.0,-20.0,-20.0,-20.0,0.0,Object notstarted,Object notstarted,Object notstarted,Object notstarted,Object notstarted,Object notstarted,Object notstarted,Object notstarted,Object notstarted
2024-02-19 19:07:57,140.140,__main___datalogs,INFO,JoyConState.USE_SNS,-6.575000,-4.425000,21.685000,3.602380,-0.011444,0.000000,0.004577,1.510959,0.000000,0.000000,0.000000,0,0,0,0,0,0,0,0,0,0,0,0.045257568359375,-0.010467529296875,0.0,20.0,0.0,0.0,-20.0,-20.0,-20.0,0.0,Object notstarted,Object notstarted,Object notstarted,Object notstarted,Object notstarted,Object notstarted,Object notstarted,Object notstarted,Object notstarted
2024-02-19 19:07:57,202.202,__main___datalogs,INFO,JoyConState.USE_SNS,-6.575000,-3.925000,19.840000,2.453464,-0.009155,0.000000,0.000000,1.469847,0.000000,0.000000,0.000000,0,0,0,0,0,0,0,0,0,0,0,0.045257568359375,-0.010467529296875,0.0,20.0,0.0,0.0,-20.0,-20.0,-20.0,0.0,Object notstarted,Object notstarted,Object notstarted,Object notstarted,Object notstarted,Object notstarted,Object notstarted,Object notstarted,Object notstarted
2024-02-19 19:07:57,255.255,__main___datalogs,INFO,JoyConState.USE_SNS,-6.575000,-3.400000,17.920000,5.032804,-0.011444,-0.006866,0.000000,1.429853,0.000000,0.000000,0.000000,0,0,0,0,0,0,0,0,0,0,0,0.045257568359375,-0.010467529296875,0.0,20.0,0.0,0.0,-20.0,-20.0,-20.0,0.0,Object notstarted,Object notstarted,Object notstarted,Object notstarted,Object notstarted,Object notstarted,Object notstarted,Object notstarted,Object notstarted
2024-02-19 19:07:57,325.325,__main___datalogs,INFO,JoyConState.USE_SNS,-6.575000,-2.975000,16.380000,3.366646,-0.009155,-0.006866,-0.006866,1.390947,0.000000,0.000000,0.000000,0,0,0,0,0,0,0,0,0,0,0,0.045257568359375,-0.010467529296875,0.0,20.0,0.0,0.0,-20.0,-20.0,-20.0,0.0,Object notstarted,Object notstarted,Object notstarted,Object notstarted,Object notstarted,Object notstarted,Object notstarted,Object notstarted,Object notstarted
2024-02-19 19:07:57,398.398,__main___datalogs,INFO,JoyConState.USE_SNS,-6.575000,-2.187500,14.075000,3.233903,-0.011444,-0.006866,0.000000,1.353100,0.000000,0.000000,0.000000,0,0,0,0,0,0,0,0,0,0,0,0.045257568359375,-0.010467529296875,0.0,20.0,0.0,0.0,-20.0,-20.0,-20.0,0.0,Object notstarted,Object notstarted,Object notstarted,Object notstarted,Object notstarted,Object notstarted,Object notstarted,Object notstarted,Object notstarted
2024-02-19 19:07:57,475.475,__main___datalogs,INFO,JoyConState.USE_SNS,-6.575000,-1.125000,11.650000,1.995728,-0.009155,0.000000,0.000000,1.316283,0.000000,0.000000,0.000000,0,0,0,0,0,0,0,0,0,0,0,0.045257568359375,-0.010467529296875,0.0,20.0,0.0,0.0,-20.0,-20.0,-20.0,0.0,Object notstarted,Object notstarted,Object notstarted,Object notstarted,Object notstarted,Object notstarted,Object notstarted,Object notstarted,Object notstarted
2024-02-19 19:07:57,562.562,__main___datalogs,INFO,JoyConState.USE_SNS,-6.575000,0.287500,8.970000,2.359628,-0.016021,0.000000,0.000000,1.280467,0.000000,0.000000,0.000000,0,0,0,0,0,0,0,0,0,0,0,0.045257568359375,-0.010467529296875,0.0,20.0,0.0,0.0,-20.0,-20.0,-20.0,0.0,Object notstarted,Object notstarted,Object notstarted,Object notstarted,Object notstarted,Object notstarted,Object notstarted,Object notstarted,Object notstarted
2024-02-19 19:07:57,652.652,__main___datalogs,INFO,JoyConState.USE_SNS,-6.587500,1.875000,5.935000,2.281813,-0.011444,0.000000,-0.004577,1.245626,0.000000,0.000000,0.000000,0,0,0,0,0,0,0,0,0,0,0,0.045257568359375,-0.010467529296875,0.0,20.0,0.0,0.0,-20.0,-20.0,-20.0,0.0,Object notstarted,Object notstarted,Object notstarted,Object notstarted,Object notstarted,Object notstarted,Object notstarted,Object notstarted,Object notstarted
2024-02-19 19:07:57,740.740,__main___datalogs,INFO,JoyConState.USE_SNS,-6.587500,3.012500,3.785000,2.041502,-0.004577,0.000000,0.004577,1.211733,0.000000,0.000000,0.000000,0,0,0,0,0,0,0,0,0,0,0,0.045257568359375,-0.010467529296875,0.0,20.0,0.0,0.0,-20.0,-20.0,-20.0,0.0,Object notstarted,Object notstarted,Object notstarted,Object notstarted,Object notstarted,Object notstarted,Object notstarted,Object notstarted,Object notstarted
2024-02-19 19:07:57,806.806,__main___datalogs,INFO,JoyConState.USE_SNS,-6.587500,4.112500,2.647500,2.059811,-0.011444,-0.006866,0.004577,2.548626,0.000000,0.000000,0.000000,0,0,0,0,0,0,0,0,0,0,0,0.045257568359375,-0.010467529296875,0.0,0.0,60.0,0.0,-20.0,-20.0,-20.0,0.0,Object notstarted,Object notstarted,Object notstarted,Object notstarted,Object notstarted,Object notstarted,Object notstarted,Object notstarted,Object notstarted
2024-02-19 19:07:57,880.880,__main___datalogs,INFO,JoyConState.NORMAL,-6.587500,4.475000,2.285000,4.256943,-0.009155,0.000000,0.004577,0.000000,0.000000,0.000000,0.000000,0,0,0,0,0,0,0,0,0,0,0,0.045257568359375,-0.010467529296875,0,0,0,0,0,0,0,0,Object notstarted,Object notstarted,Object notstarted,Object notstarted,Object notstarted,Object notstarted,Object notstarted,Object notstarted,Object notstarted
2024-02-19 19:07:57,953.953,__main___datalogs,INFO,JoyConState.NORMAL,-6.587500,4.875000,1.972500,2.419133,-0.009155,0.000000,0.004577,0.000000,0.000000,0.000000,0.000000,0,0,0,0,0,0,0,0,0,0,0,0.045257568359375,-0.010467529296875,0,0,0,0,0,0,0,0,Object notstarted,Object notstarted,Object notstarted,Object notstarted,Object notstarted,Object notstarted,Object notstarted,Object notstarted,Object notstarted
2024-02-19 19:07:58,025.025,__main___datalogs,INFO,JoyConState.NORMAL,-6.587500,5.400000,1.587500,1.130607,-0.009155,-0.006866,0.000000,0.000000,0.000000,0.000000,0.000000,0,0,0,0,0,0,0,0,0,0,0,0.045257568359375,-0.010467529296875,0,0,0,0,0,0,0,0,Object notstarted,Object notstarted,Object notstarted,Object notstarted,Object notstarted,Object notstarted,Object notstarted,Object notstarted,Object notstarted
2024-02-19 19:07:58,084.084,__main___datalogs,INFO,JoyConState.NORMAL,-6.587500,5.725000,1.370000,1.052792,-0.011444,0.000000,0.000000,0.000000,0.000000,0.000000,0.000000,0,0,0,0,0,0,0,0,0,0,0,0.045257568359375,-0.010467529296875,0,0,0,0,0,0,0,0,Object notstarted,Object notstarted,Object notstarted,Object notstarted,Object notstarted,Object notstarted,Object notstarted,Object notstarted,Object notstarted
2024-02-19 19:07:58,141.141,__main___datalogs,INFO,JoyConState.NORMAL,-6.587500,5.725000,1.370000,1.025328,-0.009155,-0.006866,-0.004577,0.000000,0.000000,0.000000,0.000000,0,0,0,0,0,0,0,0,0,0,0,0.045257568359375,-0.010467529296875,0,0,0,0,0,0,0,0,Object notstarted,Object notstarted,Object notstarted,Object notstarted,Object notstarted,Object notstarted,Object notstarted,Object notstarted,Object notstarted
2024-02-19 19:07:58,197.197,__main___datalogs,INFO,JoyConState.NORMAL,-6.587500,5.725000,1.370000,0.986421,-0.011444,0.000000,0.000000,0.000000,0.000000,0.000000,0.000000,0,0,0,0,0,0,0,0,0,0,0,0.045257568359375,-0.010467529296875,0,0,0,0,0,0,0,0,Object notstarted,Object notstarted,Object notstarted,Object notstarted,Object notstarted,Object notstarted,Object notstarted,Object notstarted,Object notstarted
2024-02-19 19:07:58,253.253,__main___datalogs,INFO,JoyConState.NORMAL,-6.587500,5.725000,1.370000,0.945224,-0.009155,0.000000,0.000000,0.000000,0.000000,0.000000,0.000000,0,0,0,0,0,0,0,0,0,0,0,0.045257568359375,-0.010467529296875,0,0,0,0,0,0,0,0,Object notstarted,Object notstarted,Object notstarted,Object notstarted,Object notstarted,Object notstarted,Object notstarted,Object notstarted,Object notstarted
2024-02-19 19:07:58,308.308,__main___datalogs,INFO,JoyConState.NORMAL,-6.587500,5.725000,1.370000,0.897162,-0.009155,-0.006866,0.000000,0.000000,0.000000,0.000000,0.000000,0,0,0,0,0,0,0,0,0,0,0,0.045257568359375,-0.010467529296875,0,0,0,0,0,0,0,0,Object notstarted,Object notstarted,Object notstarted,Object notstarted,Object notstarted,Object notstarted,Object notstarted,Object notstarted,Object notstarted
2024-02-19 19:07:58,365.365,__main___datalogs,INFO,JoyConState.NORMAL,-6.587500,5.725000,1.370000,0.855966,-0.011444,0.000000,0.004577,0.000000,0.000000,0.000000,0.000000,0,0,0,0,0,0,0,0,0,0,0,0.045257568359375,-0.010467529296875,0,0,0,0,0,0,0,0,Object notstarted,Object notstarted,Object notstarted,Object notstarted,Object notstarted,Object notstarted,Object notstarted,Object notstarted,Object notstarted
2024-02-19 19:07:58,420.420,__main___datalogs,INFO,JoyConState.NORMAL,-6.587500,5.725000,1.370000,0.794171,-0.009155,-0.006866,0.004577,0.000000,0.000000,0.000000,0.000000,0,0,0,0,0,0,0,0,0,0,0,0.045257568359375,-0.010467529296875,0,0,0,0,0,0,0,0,Object notstarted,Object notstarted,Object notstarted,Object notstarted,Object notstarted,Object notstarted,Object notstarted,Object notstarted,Object notstarted
2024-02-19 19:07:58,476.476,__main___datalogs,INFO,JoyConState.NORMAL,-6.587500,5.725000,1.370000,0.741532,-0.009155,0.000000,0.004577,0.000000,0.000000,0.000000,0.000000,0,0,0,0,0,0,0,0,0,0,0,0.045257568359375,-0.010467529296875,0,0,0,0,0,0,0,0,Object notstarted,Object notstarted,Object notstarted,Object notstarted,Object notstarted,Object notstarted,Object notstarted,Object notstarted,Object notstarted
2024-02-19 19:07:58,531.531,__main___datalogs,INFO,JoyConState.NORMAL,-6.587500,5.725000,1.370000,0.682026,-0.009155,-0.006866,0.004577,0.000000,0.000000,0.000000,0.000000,0,0,0,0,0,0,0,0,0,0,0,0.045257568359375,-0.010467529296875,0,0,0,0,0,0,0,0,Object notstarted,Object notstarted,Object notstarted,Object notstarted,Object notstarted,Object notstarted,Object notstarted,Object notstarted,Object notstarted
2024-02-19 19:07:58,588.588,__main___datalogs,INFO,JoyConState.NORMAL,-6.587500,5.725000,1.370000,0.615654,-0.004577,0.002289,0.004577,0.000000,0.000000,0.000000,0.000000,0,0,0,0,0,0,0,0,0,0,0,0.045257568359375,-0.010467529296875,0,0,0,0,0,0,0,0,Object notstarted,Object notstarted,Object notstarted,Object notstarted,Object notstarted,Object notstarted,Object notstarted,Object notstarted,Object notstarted
2024-02-19 19:07:58,644.644,__main___datalogs,INFO,JoyConState.NORMAL,-6.587500,5.725000,1.370000,0.558438,-0.011444,0.002289,0.004577,0.000000,0.000000,0.000000,0.000000,0,0,0,0,0,0,0,0,0,0,0,0.045257568359375,-0.010467529296875,0,0,0,0,0,0,0,0,Object notstarted,Object notstarted,Object notstarted,Object notstarted,Object notstarted,Object notstarted,Object notstarted,Object notstarted,Object notstarted
2024-02-19 19:07:58,700.700,__main___datalogs,INFO,JoyConState.NORMAL,-6.587500,5.725000,1.370000,0.501221,-0.011444,0.000000,0.000000,0.000000,0.000000,0.000000,0.000000,0,0,0,0,0,0,0,0,0,0,0,0.045257568359375,-0.010467529296875,0,0,0,0,0,0,0,0,Object notstarted,Object notstarted,Object notstarted,Object notstarted,Object notstarted,Object notstarted,Object notstarted,Object notstarted,Object notstarted
2024-02-19 19:07:58,756.756,__main___datalogs,INFO,JoyConState.NORMAL,-6.587500,5.725000,1.370000,0.441715,-0.011444,0.000000,0.004577,0.000000,0.000000,0.000000,0.000000,0,0,0,0,0,0,0,0,0,0,0,0.045257568359375,-0.010467529296875,0,0,0,0,0,0,0,0,Object notstarted,Object notstarted,Object notstarted,Object notstarted,Object notstarted,Object notstarted,Object notstarted,Object notstarted,Object notstarted
2024-02-19 19:07:58,812.812,__main___datalogs,INFO,JoyConState.NORMAL,-6.587500,5.725000,1.370000,0.382209,-0.009155,0.000000,0.004577,0.000000,0.000000,0.000000,0.000000,0,0,0,0,0,0,0,0,0,0,0,0.045257568359375,-0.010467529296875,0,0,0,0,0,0,0,0,Object notstarted,Object notstarted,Object notstarted,Object notstarted,Object notstarted,Object notstarted,Object notstarted,Object notstarted,Object notstarted
2024-02-19 19:07:58,869.869,__main___datalogs,INFO,JoyConState.NORMAL,-6.587500,5.725000,1.370000,0.329570,-0.011444,0.000000,0.004577,0.000000,0.000000,0.000000,0.000000,0,0,0,0,0,0,0,0,0,0,0,0.045257568359375,-0.010467529296875,0,0,0,0,0,0,0,0,Object notstarted,Object notstarted,Object notstarted,Object notstarted,Object notstarted,Object notstarted,Object notstarted,Object notstarted,Object notstarted
2024-02-19 19:07:58,925.925,__main___datalogs,INFO,JoyConState.NORMAL,-6.587500,5.725000,1.370000,0.276930,-0.009155,0.000000,0.004577,0.000000,0.000000,0.000000,0.000000,0,0,0,0,0,0,0,0,0,0,0,0.045257568359375,-0.010467529296875,0,0,0,0,0,0,0,0,Object notstarted,Object notstarted,Object notstarted,Object notstarted,Object notstarted,Object notstarted,Object notstarted,Object notstarted,Object notstarted
2024-02-19 19:07:58,980.980,__main___datalogs,INFO,JoyConState.NORMAL,-6.587500,5.725000,1.370000,0.233445,-0.011444,-0.006866,0.000000,0.000000,0.000000,0.000000,0.000000,0,0,0,0,0,0,0,0,0,0,0,0.045257568359375,-0.010467529296875,0,0,0,0,0,0,0,0,Object notstarted,Object notstarted,Object notstarted,Object notstarted,Object notstarted,Object notstarted,Object notstarted,Object notstarted,Object notstarted
2024-02-19 19:07:59,037.037,__main___datalogs,INFO,JoyConState.NORMAL,-6.587500,5.725000,1.370000,0.196826,-0.009155,0.000000,0.004577,0.000000,0.000000,0.000000,0.000000,0,0,0,0,0,0,0,0,0,0,0,0.045257568359375,-0.010467529296875,0,0,0,0,0,0,0,0,Object notstarted,Object notstarted,Object notstarted,Object notstarted,Object notstarted,Object notstarted,Object notstarted,Object notstarted,Object notstarted
2024-02-19 19:07:59,108.108,__main___datalogs,INFO,JoyConState.NORMAL,-6.587500,5.725000,1.370000,0.155630,-0.011444,0.000000,-0.004577,0.000000,0.000000,0.000000,0.000000,0,0,0,0,0,0,0,0,0,0,0,0.045257568359375,-0.010467529296875,0,0,0,0,0,0,0,0,Object notstarted,Object notstarted,Object notstarted,Object notstarted,Object notstarted,Object notstarted,Object notstarted,Object notstarted,Object notstarted
2024-02-19 19:07:59,174.174,__main___datalogs,INFO,JoyConState.NORMAL,-6.587500,5.725000,1.370000,0.121300,-0.011444,0.000000,0.004577,0.000000,0.000000,0.000000,0.000000,0,0,0,0,0,0,0,0,0,0,0,0.045257568359375,-0.010467529296875,0,0,0,0,0,0,0,0,Object notstarted,Object notstarted,Object notstarted,Object notstarted,Object notstarted,Object notstarted,Object notstarted,Object notstarted,Object notstarted
2024-02-19 19:07:59,229.229,__main___datalogs,INFO,JoyConState.NORMAL,-6.587500,5.725000,1.370000,0.096125,-0.011444,0.000000,-0.004577,0.000000,0.000000,0.000000,0.000000,0,0,0,0,0,0,0,0,0,0,0,0.045257568359375,-0.010467529296875,0,0,0,0,0,0,0,0,Object notstarted,Object notstarted,Object notstarted,Object notstarted,Object notstarted,Object notstarted,Object notstarted,Object notstarted,Object notstarted
2024-02-19 19:07:59,286.286,__main___datalogs,INFO,JoyConState.NORMAL,-6.587500,5.725000,1.370000,0.080104,-0.009155,0.000000,-0.004577,0.000000,0.000000,0.000000,0.000000,0,0,0,0,0,0,0,0,0,0,0,0.045257568359375,-0.010467529296875,0,0,0,0,0,0,0,0,Object notstarted,Object notstarted,Object notstarted,Object notstarted,Object notstarted,Object notstarted,Object notstarted,Object notstarted,Object notstarted
2024-02-19 19:07:59,341.341,__main___datalogs,INFO,JoyConState.NORMAL,-6.587500,5.725000,1.370000,0.077815,-0.009155,0.000000,-0.004577,0.000000,0.000000,0.000000,0.000000,0,0,0,0,0,0,0,0,0,0,0,0.045257568359375,-0.010467529296875,0,0,0,0,0,0,0,0,Object notstarted,Object notstarted,Object notstarted,Object notstarted,Object notstarted,Object notstarted,Object notstarted,Object notstarted,Object notstarted
2024-02-19 19:07:59,398.398,__main___datalogs,INFO,JoyConState.NORMAL,-6.587500,5.725000,1.370000,0.167074,-0.011444,0.000000,0.004577,0.000000,0.000000,0.000000,0.000000,0,0,0,0,0,0,0,0,0,0,0,0.045257568359375,-0.010467529296875,0,0,0,0,0,0,0,0,Object notstarted,Object notstarted,Object notstarted,Object notstarted,Object notstarted,Object notstarted,Object notstarted,Object notstarted,Object notstarted
2024-02-19 19:07:59,453.453,__main___datalogs,INFO,JoyConState.NORMAL,-6.587500,5.725000,1.370000,0.178517,0.000000,0.002289,0.000000,0.000000,0.000000,0.000000,0.000000,0,0,0,0,0,0,0,0,0,0,0,0.045257568359375,-0.010467529296875,0,0,0,0,0,0,0,0,Object notstarted,Object notstarted,Object notstarted,Object notstarted,Object notstarted,Object notstarted,Object notstarted,Object notstarted,Object notstarted
2024-02-19 19:07:59,510.510,__main___datalogs,INFO,JoyConState.NORMAL,-6.587500,5.725000,1.370000,0.036619,-0.009155,0.002289,0.000000,0.000000,0.000000,0.000000,0.000000,0,0,0,0,0,0,0,0,0,0,0,0.045257568359375,-0.010467529296875,0,0,0,0,0,0,0,0,Object notstarted,Object notstarted,Object notstarted,Object notstarted,Object notstarted,Object notstarted,Object notstarted,Object notstarted,Object notstarted
2024-02-19 19:07:59,565.565,__main___datalogs,INFO,JoyConState.NORMAL,-6.587500,5.725000,1.370000,0.034330,-0.009155,0.000000,0.000000,0.000000,0.000000,0.000000,0.000000,0,0,0,0,0,0,0,0,0,0,0,0.045257568359375,-0.010467529296875,0,0,0,0,0,0,0,0,Object notstarted,Object notstarted,Object notstarted,Object notstarted,Object notstarted,Object notstarted,Object notstarted,Object notstarted,Object notstarted
2024-02-19 19:07:59,621.621,__main___datalogs,INFO,JoyConState.NORMAL,-6.587500,5.725000,1.370000,0.029753,-0.009155,0.000000,-0.004577,0.000000,0.000000,0.000000,0.000000,0,0,0,0,0,0,0,0,0,0,0,0.045257568359375,-0.010467529296875,0,0,0,0,0,0,0,0,Object notstarted,Object notstarted,Object notstarted,Object notstarted,Object notstarted,Object notstarted,Object notstarted,Object notstarted,Object notstarted
2024-02-19 19:07:59,677.677,__main___datalogs,INFO,JoyConState.NORMAL,-6.587500,5.725000,1.370000,0.027464,-0.016021,0.000000,-0.006866,0.000000,0.000000,0.000000,0.000000,0,0,0,0,0,0,0,0,0,0,0,0.045257568359375,-0.010467529296875,0,0,0,0,0,0,0,0,Object notstarted,Object notstarted,Object notstarted,Object notstarted,Object notstarted,Object notstarted,Object notstarted,Object notstarted,Object notstarted
2024-02-19 19:07:59,734.734,__main___datalogs,INFO,JoyConState.NORMAL,-6.587500,5.725000,1.370000,0.027464,-0.016021,0.000000,0.000000,0.000000,0.000000,0.000000,0.000000,0,0,0,0,0,0,0,0,0,0,0,0.045257568359375,-0.010467529296875,0,0,0,0,0,0,0,0,Object notstarted,Object notstarted,Object notstarted,Object notstarted,Object notstarted,Object notstarted,Object notstarted,Object notstarted,Object notstarted
2024-02-19 19:07:59,789.789,__main___datalogs,INFO,JoyConState.NORMAL,-6.587500,5.725000,1.370000,0.016021,-0.009155,-0.006866,0.000000,0.000000,0.000000,0.000000,0.000000,0,0,0,0,0,0,0,0,0,0,0,0.045257568359375,-0.010467529296875,0,0,0,0,0,0,0,0,Object notstarted,Object notstarted,Object notstarted,Object notstarted,Object notstarted,Object notstarted,Object notstarted,Object notstarted,Object notstarted
2024-02-19 19:07:59,845.845,__main___datalogs,INFO,JoyConState.NORMAL,-6.587500,5.725000,1.370000,0.018310,-0.004577,0.000000,0.004577,0.000000,0.000000,0.000000,0.000000,0,0,0,0,0,0,0,0,0,0,0,0.045257568359375,-0.010467529296875,0,0,0,0,0,0,0,0,Object notstarted,Object notstarted,Object notstarted,Object notstarted,Object notstarted,Object notstarted,Object notstarted,Object notstarted,Object notstarted
2024-02-19 19:07:59,901.901,__main___datalogs,INFO,JoyConState.NORMAL,-6.587500,5.725000,1.370000,0.016021,-0.009155,0.000000,0.000000,0.000000,0.000000,0.000000,0.000000,0,0,0,0,0,0,0,0,0,0,0,0.045257568359375,-0.010467529296875,0,0,0,0,0,0,0,0,Object notstarted,Object notstarted,Object notstarted,Object notstarted,Object notstarted,Object notstarted,Object notstarted,Object notstarted,Object notstarted
2024-02-19 19:07:59,957.957,__main___datalogs,INFO,JoyConState.NORMAL,-6.587500,5.725000,1.370000,0.027464,-0.011444,0.000000,-0.004577,0.000000,0.000000,0.000000,0.000000,0,0,0,0,0,0,0,0,0,0,0,0.045257568359375,-0.010467529296875,0,0,0,0,0,0,0,0,Object notstarted,Object notstarted,Object notstarted,Object notstarted,Object notstarted,Object notstarted,Object notstarted,Object notstarted,Object notstarted
2024-02-19 19:08:00,013.013,__main___datalogs,INFO,JoyConState.NORMAL,-6.587500,5.725000,1.370000,0.167074,-0.009155,-0.006866,-0.004577,0.000000,0.000000,0.000000,0.000000,0,0,0,0,0,0,0,0,0,0,0,0.045257568359375,-0.010467529296875,0,0,0,0,0,0,0,0,Object notstarted,Object notstarted,Object notstarted,Object notstarted,Object notstarted,Object notstarted,Object notstarted,Object notstarted,Object notstarted
2024-02-19 19:08:00,069.069,__main___datalogs,INFO,JoyConState.NORMAL,-6.587500,5.725000,1.370000,0.125877,-0.009155,0.000000,0.004577,0.000000,0.000000,0.000000,0.000000,0,0,0,0,0,0,0,0,0,0,0,0.045257568359375,-0.010467529296875,0,0,0,0,0,0,0,0,Object notstarted,Object notstarted,Object notstarted,Object notstarted,Object notstarted,Object notstarted,Object notstarted,Object notstarted,Object notstarted
2024-02-19 19:08:00,124.124,__main___datalogs,INFO,JoyConState.NORMAL,-6.587500,5.725000,1.370000,0.077815,-0.011444,-0.006866,0.004577,0.000000,0.000000,0.000000,0.000000,0,0,0,0,0,0,0,0,0,0,0,0.045257568359375,-0.010467529296875,0,0,0,0,0,0,0,0,Object notstarted,Object notstarted,Object notstarted,Object notstarted,Object notstarted,Object notstarted,Object notstarted,Object notstarted,Object notstarted
2024-02-19 19:08:00,181.181,__main___datalogs,INFO,JoyConState.NORMAL,-6.587500,5.725000,1.370000,0.011443,-0.004577,0.000000,0.004577,0.000000,0.000000,0.000000,0.000000,0,0,0,0,0,0,0,0,0,0,0,0.045257568359375,-0.010467529296875,0,0,0,0,0,0,0,0,Object notstarted,Object notstarted,Object notstarted,Object notstarted,Object notstarted,Object notstarted,Object notstarted,Object notstarted,Object notstarted
2024-02-19 19:08:00,242.242,__main___datalogs,INFO,JoyConState.NORMAL,-6.587500,5.725000,1.370000,0.132743,0.000000,0.002289,0.004577,0.000000,0.000000,0.000000,0.000000,0,0,0,0,0,0,0,0,0,0,0,0.045257568359375,-0.010467529296875,0,0,0,0,0,0,0,0,Object notstarted,Object notstarted,Object notstarted,Object notstarted,Object notstarted,Object notstarted,Object notstarted,Object notstarted,Object notstarted
2024-02-19 19:08:00,299.299,__main___datalogs,INFO,JoyConState.NORMAL,-6.587500,5.725000,1.370000,0.096125,-0.009155,0.002289,0.004577,0.000000,0.000000,0.000000,0.000000,0,0,0,0,0,0,0,0,0,0,0,0.045257568359375,-0.010467529296875,0,0,0,0,0,0,0,0,Object notstarted,Object notstarted,Object notstarted,Object notstarted,Object notstarted,Object notstarted,Object notstarted,Object notstarted,Object notstarted
2024-02-19 19:08:00,354.354,__main___datalogs,INFO,JoyConState.NORMAL,-6.587500,5.725000,1.370000,0.004577,-0.011444,0.000000,0.004577,0.000000,0.000000,0.000000,0.000000,0,0,0,0,0,0,0,0,0,0,0,0.045257568359375,-0.010467529296875,0,0,0,0,0,0,0,0,Object notstarted,Object notstarted,Object notstarted,Object notstarted,Object notstarted,Object notstarted,Object notstarted,Object notstarted,Object notstarted
2024-02-19 19:08:00,411.411,__main___datalogs,INFO,JoyConState.NORMAL,-6.587500,5.725000,1.370000,0.102991,-0.009155,0.000000,0.004577,0.000000,0.000000,0.000000,0.000000,0,0,0,0,0,0,0,0,0,0,0,0.045257568359375,-0.010467529296875,0,0,0,0,0,0,0,0,Object notstarted,Object notstarted,Object notstarted,Object notstarted,Object notstarted,Object notstarted,Object notstarted,Object notstarted,Object notstarted
2024-02-19 19:08:00,465.465,__main___datalogs,INFO,JoyConState.NORMAL,-6.587500,5.725000,1.370000,0.027464,-0.011444,0.000000,0.000000,0.000000,0.000000,0.000000,0.000000,0,0,0,0,0,0,0,0,0,0,0,0.045257568359375,-0.010467529296875,0,0,0,0,0,0,0,0,Object notstarted,Object notstarted,Object notstarted,Object notstarted,Object notstarted,Object notstarted,Object notstarted,Object notstarted,Object notstarted
2024-02-19 19:08:00,522.522,__main___datalogs,INFO,JoyConState.NORMAL,-6.587500,5.725000,1.370000,0.066372,-0.011444,0.000000,0.004577,0.000000,0.000000,0.000000,0.000000,0,0,0,0,0,0,0,0,0,0,0,0.045257568359375,-0.010467529296875,0,0,0,0,0,0,0,0,Object notstarted,Object notstarted,Object notstarted,Object notstarted,Object notstarted,Object notstarted,Object notstarted,Object notstarted,Object notstarted
2024-02-19 19:08:00,578.578,__main___datalogs,INFO,JoyConState.NORMAL,-6.587500,5.725000,1.370000,0.119011,-0.009155,0.000000,0.000000,0.000000,0.000000,0.000000,0.000000,0,0,0,0,0,0,0,0,0,0,0,0.045257568359375,-0.010467529296875,0,0,0,0,0,0,0,0,Object notstarted,Object notstarted,Object notstarted,Object notstarted,Object notstarted,Object notstarted,Object notstarted,Object notstarted,Object notstarted
2024-02-19 19:08:00,634.634,__main___datalogs,INFO,JoyConState.NORMAL,-6.587500,5.725000,1.370000,0.041196,-0.011444,0.000000,0.004577,0.000000,0.000000,0.000000,0.000000,0,0,0,0,0,0,0,0,0,0,0,0.045257568359375,-0.010467529296875,0,0,0,0,0,0,0,0,Object notstarted,Object notstarted,Object notstarted,Object notstarted,Object notstarted,Object notstarted,Object notstarted,Object notstarted,Object notstarted
2024-02-19 19:08:00,689.689,__main___datalogs,INFO,JoyConState.NORMAL,-6.587500,5.725000,1.370000,0.050351,-0.009155,0.000000,0.004577,0.000000,0.000000,0.000000,0.000000,0,0,0,0,0,0,0,0,0,0,0,0.045257568359375,-0.010467529296875,0,0,0,0,0,0,0,0,Object notstarted,Object notstarted,Object notstarted,Object notstarted,Object notstarted,Object notstarted,Object notstarted,Object notstarted,Object notstarted
2024-02-19 19:08:00,746.746,__main___datalogs,INFO,JoyConState.NORMAL,-6.587500,5.725000,1.370000,0.089258,-0.009155,0.000000,0.004577,0.000000,0.000000,0.000000,0.000000,0,0,0,0,0,0,0,0,0,0,0,0.045257568359375,-0.010467529296875,0,0,0,0,0,0,0,0,Object notstarted,Object notstarted,Object notstarted,Object notstarted,Object notstarted,Object notstarted,Object notstarted,Object notstarted,Object notstarted
2024-02-19 19:08:00,801.801,__main___datalogs,INFO,JoyConState.NORMAL,-6.587500,5.725000,1.370000,0.109857,-0.009155,-0.006866,0.004577,0.000000,0.000000,0.000000,0.000000,0,0,0,0,0,0,0,0,0,0,0,0.045257568359375,-0.010467529296875,0,0,0,0,0,0,0,0,Object notstarted,Object notstarted,Object notstarted,Object notstarted,Object notstarted,Object notstarted,Object notstarted,Object notstarted,Object notstarted
2024-02-19 19:08:00,858.858,__main___datalogs,INFO,JoyConState.NORMAL,-6.587500,5.725000,1.370000,0.121300,-0.009155,-0.006866,0.004577,0.000000,0.000000,0.000000,0.000000,0,0,0,0,0,0,0,0,0,0,0,0.045257568359375,-0.010467529296875,0,0,0,0,0,0,0,0,Object notstarted,Object notstarted,Object notstarted,Object notstarted,Object notstarted,Object notstarted,Object notstarted,Object notstarted,Object notstarted
2024-02-19 19:08:00,913.913,__main___datalogs,INFO,JoyConState.NORMAL,-6.587500,5.725000,1.370000,0.121300,-0.011444,0.000000,0.004577,0.000000,0.000000,0.000000,0.000000,0,0,0,0,0,0,0,0,0,0,0,0.045257568359375,-0.010467529296875,0,0,0,0,0,0,0,0,Object notstarted,Object notstarted,Object notstarted,Object notstarted,Object notstarted,Object notstarted,Object notstarted,Object notstarted,Object notstarted
2024-02-19 19:08:00,970.970,__main___datalogs,INFO,JoyConState.NORMAL,-6.587500,5.725000,1.370000,0.034330,-0.011444,-0.006866,0.004577,0.000000,0.000000,0.000000,0.000000,0,0,0,0,0,0,0,0,0,0,0,0.045257568359375,-0.010467529296875,0,0,0,0,0,0,0,0,Object notstarted,Object notstarted,Object notstarted,Object notstarted,Object notstarted,Object notstarted,Object notstarted,Object notstarted,Object notstarted
2024-02-19 19:08:01,025.025,__main___datalogs,INFO,JoyConState.NORMAL,-6.587500,5.725000,1.370000,-0.022887,-0.011444,-0.006866,0.004577,0.000000,0.000000,0.000000,0.000000,0,0,0,0,0,0,0,0,0,0,0,0.045257568359375,-0.010467529296875,0,0,0,0,0,0,0,0,Object notstarted,Object notstarted,Object notstarted,Object notstarted,Object notstarted,Object notstarted,Object notstarted,Object notstarted,Object notstarted
2024-02-19 19:08:01,082.082,__main___datalogs,INFO,JoyConState.NORMAL,-6.587500,5.725000,1.370000,0.016021,-0.009155,-0.006866,0.004577,0.000000,0.000000,0.000000,0.000000,0,0,0,0,0,0,0,0,0,0,0,0.045257568359375,-0.010467529296875,0,0,0,0,0,0,0,0,Object notstarted,Object notstarted,Object notstarted,Object notstarted,Object notstarted,Object notstarted,Object notstarted,Object notstarted,Object notstarted
2024-02-19 19:08:01,138.138,__main___datalogs,INFO,JoyConState.NORMAL,-6.587500,5.725000,1.370000,-0.011443,-0.009155,0.000000,0.004577,0.000000,0.000000,0.000000,0.000000,0,0,0,0,0,0,0,0,0,0,0,0.045257568359375,-0.010467529296875,0,0,0,0,0,0,0,0,Object notstarted,Object notstarted,Object notstarted,Object notstarted,Object notstarted,Object notstarted,Object notstarted,Object notstarted,Object notstarted
2024-02-19 19:08:01,194.194,__main___datalogs,INFO,JoyConState.NORMAL,-6.587500,5.725000,1.370000,0.109857,-0.009155,0.000000,0.004577,0.000000,0.000000,0.000000,0.000000,0,0,0,0,0,0,0,0,0,0,0,0.045257568359375,-0.010467529296875,0,0,0,0,0,0,0,0,Object notstarted,Object notstarted,Object notstarted,Object notstarted,Object notstarted,Object notstarted,Object notstarted,Object notstarted,Object notstarted
2024-02-19 19:08:01,266.266,__main___datalogs,INFO,JoyConState.NORMAL,-6.587500,5.725000,1.370000,0.107568,-0.004577,0.000000,0.000000,0.000000,0.000000,0.000000,0.000000,0,0,0,0,0,0,0,0,0,0,0,0.045257568359375,-0.010467529296875,0,0,0,0,0,0,0,0,Object notstarted,Object notstarted,Object notstarted,Object notstarted,Object notstarted,Object notstarted,Object notstarted,Object notstarted,Object notstarted
2024-02-19 19:08:01,329.329,__main___datalogs,INFO,JoyConState.NORMAL,-6.587500,5.725000,1.370000,0.089258,-0.009155,0.000000,0.004577,0.000000,0.000000,0.000000,0.000000,0,0,0,0,0,0,0,0,0,0,0,0.045257568359375,-0.010467529296875,0,0,0,0,0,0,0,0,Object notstarted,Object notstarted,Object notstarted,Object notstarted,Object notstarted,Object notstarted,Object notstarted,Object notstarted,Object notstarted
2024-02-19 19:08:01,383.383,__main___datalogs,INFO,JoyConState.NORMAL,-6.587500,5.725000,1.370000,0.109857,-0.009155,0.000000,0.004577,0.000000,0.000000,0.000000,0.000000,0,0,0,0,0,0,0,0,0,0,0,0.045257568359375,-0.010467529296875,0,0,0,0,0,0,0,0,Object notstarted,Object notstarted,Object notstarted,Object notstarted,Object notstarted,Object notstarted,Object notstarted,Object notstarted,Object notstarted
2024-02-19 19:08:01,440.440,__main___datalogs,INFO,JoyConState.NORMAL,-6.587500,5.725000,1.370000,0.102991,-0.009155,0.000000,0.000000,0.000000,0.000000,0.000000,0.000000,0,0,0,0,0,0,0,0,0,0,0,0.045257568359375,-0.010467529296875,0,0,0,0,0,0,0,0,Object notstarted,Object notstarted,Object notstarted,Object notstarted,Object notstarted,Object notstarted,Object notstarted,Object notstarted,Object notstarted
2024-02-19 19:08:01,495.495,__main___datalogs,INFO,JoyConState.NORMAL,-6.587500,5.725000,1.370000,0.073238,-0.011444,0.000000,0.004577,0.000000,0.000000,0.000000,0.000000,0,0,0,0,0,0,0,0,0,0,0,0.045257568359375,-0.010467529296875,0,0,0,0,0,0,0,0,Object notstarted,Object notstarted,Object notstarted,Object notstarted,Object notstarted,Object notstarted,Object notstarted,Object notstarted,Object notstarted
2024-02-19 19:08:01,552.552,__main___datalogs,INFO,JoyConState.NORMAL,-6.587500,5.725000,1.370000,-0.018309,-0.009155,0.000000,0.004577,0.000000,0.000000,0.000000,0.000000,0,0,0,0,0,0,0,0,0,0,0,0.045257568359375,-0.010467529296875,0,0,0,0,0,0,0,0,Object notstarted,Object notstarted,Object notstarted,Object notstarted,Object notstarted,Object notstarted,Object notstarted,Object notstarted,Object notstarted
2024-02-19 19:08:01,607.607,__main___datalogs,INFO,JoyConState.NORMAL,-6.587500,5.725000,1.370000,0.098413,-0.004577,-0.006866,0.004577,0.000000,0.000000,0.000000,0.000000,0,0,0,0,0,0,0,0,0,0,0,0.045257568359375,-0.010467529296875,0,0,0,0,0,0,0,0,Object notstarted,Object notstarted,Object notstarted,Object notstarted,Object notstarted,Object notstarted,Object notstarted,Object notstarted,Object notstarted
2024-02-19 19:08:01,664.664,__main___datalogs,INFO,JoyConState.NORMAL,-6.587500,5.725000,1.370000,0.084681,-0.009155,-0.006866,0.004577,0.000000,0.000000,0.000000,0.000000,0,0,0,0,0,0,0,0,0,0,0,0.045257568359375,-0.010467529296875,0,0,0,0,0,0,0,0,Object notstarted,Object notstarted,Object notstarted,Object notstarted,Object notstarted,Object notstarted,Object notstarted,Object notstarted,Object notstarted
2024-02-19 19:08:01,719.719,__main___datalogs,INFO,JoyConState.NORMAL,-6.587500,5.725000,1.370000,0.098413,-0.004577,0.000000,0.004577,0.000000,0.000000,0.000000,0.000000,0,0,0,0,0,0,0,0,0,0,0,0.045257568359375,-0.010467529296875,0,0,0,0,0,0,0,0,Object notstarted,Object notstarted,Object notstarted,Object notstarted,Object notstarted,Object notstarted,Object notstarted,Object notstarted,Object notstarted
2024-02-19 19:08:01,776.776,__main___datalogs,INFO,JoyConState.NORMAL,-6.587500,5.725000,1.370000,0.098413,-0.004577,0.000000,0.004577,0.000000,0.000000,0.000000,0.000000,0,0,0,0,0,0,0,0,0,0,0,0.045257568359375,-0.010467529296875,0,0,0,0,0,0,0,0,Object notstarted,Object notstarted,Object notstarted,Object notstarted,Object notstarted,Object notstarted,Object notstarted,Object notstarted,Object notstarted
2024-02-19 19:08:01,831.831,__main___datalogs,INFO,JoyConState.NORMAL,-6.587500,5.725000,1.370000,0.073238,-0.004577,0.000000,0.004577,0.000000,0.000000,0.000000,0.000000,0,0,0,0,0,0,0,0,0,0,0,0.045257568359375,-0.010467529296875,0,0,0,0,0,0,0,0,Object notstarted,Object notstarted,Object notstarted,Object notstarted,Object notstarted,Object notstarted,Object notstarted,Object notstarted,Object notstarted
2024-02-19 19:08:01,888.888,__main___datalogs,INFO,JoyConState.NORMAL,-6.587500,5.725000,1.370000,0.098413,-0.009155,-0.006866,0.000000,0.000000,0.000000,0.000000,0.000000,0,0,0,0,0,0,0,0,0,0,0,0.045257568359375,-0.010467529296875,0,0,0,0,0,0,0,0,Object notstarted,Object notstarted,Object notstarted,Object notstarted,Object notstarted,Object notstarted,Object notstarted,Object notstarted,Object notstarted
2024-02-19 19:08:01,943.943,__main___datalogs,INFO,JoyConState.NORMAL,-6.587500,5.725000,1.370000,0.098413,-0.009155,0.000000,-0.004577,0.000000,0.000000,0.000000,0.000000,0,0,0,0,0,0,0,0,0,0,0,0.045257568359375,-0.010467529296875,0,0,0,0,0,0,0,0,Object notstarted,Object notstarted,Object notstarted,Object notstarted,Object notstarted,Object notstarted,Object notstarted,Object notstarted,Object notstarted
2024-02-19 19:08:01,999.999,__main___datalogs,INFO,JoyConState.NORMAL,-6.587500,5.725000,1.370000,0.089258,-0.009155,0.000000,0.000000,0.000000,0.000000,0.000000,0.000000,0,0,0,0,0,0,0,0,0,0,0,0.045257568359375,-0.010467529296875,0,0,0,0,0,0,0,0,Object notstarted,Object notstarted,Object notstarted,Object notstarted,Object notstarted,Object notstarted,Object notstarted,Object notstarted,Object notstarted
2024-02-19 19:08:02,055.055,__main___datalogs,INFO,JoyConState.NORMAL,-6.587500,5.725000,1.370000,0.098413,-0.009155,0.000000,0.004577,0.000000,0.000000,0.000000,0.000000,0,0,0,0,0,0,0,0,0,0,0,0.045257568359375,-0.010467529296875,0,0,0,0,0,0,0,0,Object notstarted,Object notstarted,Object notstarted,Object notstarted,Object notstarted,Object notstarted,Object notstarted,Object notstarted,Object notstarted
2024-02-19 19:08:02,112.112,__main___datalogs,INFO,JoyConState.NORMAL,-6.587500,5.725000,1.370000,0.098413,-0.004577,-0.006866,0.000000,0.000000,0.000000,0.000000,0.000000,0,0,0,0,0,0,0,0,0,0,0,0.045257568359375,-0.010467529296875,0,0,0,0,0,0,0,0,Object notstarted,Object notstarted,Object notstarted,Object notstarted,Object notstarted,Object notstarted,Object notstarted,Object notstarted,Object notstarted
2024-02-19 19:08:02,167.167,__main___datalogs,INFO,JoyConState.NORMAL,-6.587500,5.725000,1.370000,0.098413,-0.009155,0.000000,0.004577,0.000000,0.000000,0.000000,0.000000,0,0,0,0,0,0,0,0,0,0,0,0.045257568359375,-0.010467529296875,0,0,0,0,0,0,0,0,Object notstarted,Object notstarted,Object notstarted,Object notstarted,Object notstarted,Object notstarted,Object notstarted,Object notstarted,Object notstarted
2024-02-19 19:08:02,224.224,__main___datalogs,INFO,JoyConState.NORMAL,-6.587500,5.725000,1.370000,0.089258,-0.011444,0.000000,0.004577,0.000000,0.000000,0.000000,0.000000,0,0,0,0,0,0,0,0,0,0,0,0.045257568359375,-0.010467529296875,0,0,0,0,0,0,0,0,Object notstarted,Object notstarted,Object notstarted,Object notstarted,Object notstarted,Object notstarted,Object notstarted,Object notstarted,Object notstarted
2024-02-19 19:08:02,295.295,__main___datalogs,INFO,JoyConState.NORMAL,-6.587500,5.725000,1.370000,0.096125,-0.009155,0.000000,0.004577,0.000000,0.000000,0.000000,0.000000,0,0,0,0,0,0,0,0,0,0,0,0.045257568359375,-0.010467529296875,0,0,0,0,0,0,0,0,Object notstarted,Object notstarted,Object notstarted,Object notstarted,Object notstarted,Object notstarted,Object notstarted,Object notstarted,Object notstarted
2024-02-19 19:08:02,353.353,__main___datalogs,INFO,JoyConState.NORMAL,-6.587500,5.725000,1.370000,0.102991,-0.011444,0.000000,0.004577,0.000000,0.000000,0.000000,0.000000,0,0,0,0,0,0,0,0,0,0,0,0.045257568359375,-0.010467529296875,0,0,0,0,0,0,0,0,Object notstarted,Object notstarted,Object notstarted,Object notstarted,Object notstarted,Object notstarted,Object notstarted,Object notstarted,Object notstarted
2024-02-19 19:08:02,409.409,__main___datalogs,INFO,JoyConState.NORMAL,-6.587500,5.725000,1.370000,0.098413,-0.011444,0.000000,0.000000,0.000000,0.000000,0.000000,0.000000,0,0,0,0,0,0,0,0,0,0,0,0.045257568359375,-0.010467529296875,0,0,0,0,0,0,0,0,Object notstarted,Object notstarted,Object notstarted,Object notstarted,Object notstarted,Object notstarted,Object notstarted,Object notstarted,Object notstarted
2024-02-19 19:08:02,466.466,__main___datalogs,INFO,JoyConState.NORMAL,-6.587500,5.725000,1.370000,0.098413,-0.004577,0.000000,0.004577,0.000000,0.000000,0.000000,0.000000,0,0,0,0,0,0,0,0,0,0,0,0.045257568359375,-0.010467529296875,0,0,0,0,0,0,0,0,Object notstarted,Object notstarted,Object notstarted,Object notstarted,Object notstarted,Object notstarted,Object notstarted,Object notstarted,Object notstarted
2024-02-19 19:08:02,521.521,__main___datalogs,INFO,JoyConState.NORMAL,-6.587500,5.725000,1.370000,0.036619,-0.011444,0.000000,0.004577,0.000000,0.000000,0.000000,0.000000,0,0,0,0,0,0,0,0,0,0,0,0.045257568359375,-0.010467529296875,0,0,0,0,0,0,0,0,Object notstarted,Object notstarted,Object notstarted,Object notstarted,Object notstarted,Object notstarted,Object notstarted,Object notstarted,Object notstarted
2024-02-19 19:08:02,578.578,__main___datalogs,INFO,JoyConState.NORMAL,-6.587500,5.725000,1.370000,0.098413,-0.009155,0.000000,0.004577,0.000000,0.000000,0.000000,0.000000,0,0,0,0,0,0,0,0,0,0,0,0.045257568359375,-0.010467529296875,0,0,0,0,0,0,0,0,Object notstarted,Object notstarted,Object notstarted,Object notstarted,Object notstarted,Object notstarted,Object notstarted,Object notstarted,Object notstarted
2024-02-19 19:08:02,634.634,__main___datalogs,INFO,JoyConState.NORMAL,-6.587500,5.725000,1.370000,0.102991,-0.009155,0.000000,0.000000,0.000000,0.000000,0.000000,0.000000,0,0,0,0,0,0,0,0,0,0,0,0.045257568359375,-0.010467529296875,0,0,0,0,0,0,0,0,Object notstarted,Object notstarted,Object notstarted,Object notstarted,Object notstarted,Object notstarted,Object notstarted,Object notstarted,Object notstarted
2024-02-19 19:08:02,690.690,__main___datalogs,INFO,JoyConState.NORMAL,-6.587500,5.725000,1.370000,0.096125,-0.009155,0.000000,-0.004577,0.000000,0.000000,0.000000,0.000000,0,0,0,0,0,0,0,0,0,0,0,0.045257568359375,-0.010467529296875,0,0,0,0,0,0,0,0,Object notstarted,Object notstarted,Object notstarted,Object notstarted,Object notstarted,Object notstarted,Object notstarted,Object notstarted,Object notstarted
2024-02-19 19:08:02,746.746,__main___datalogs,INFO,JoyConState.NORMAL,-6.587500,5.725000,1.370000,0.098413,-0.009155,0.000000,0.000000,0.000000,0.000000,0.000000,0.000000,0,0,0,0,0,0,0,0,0,0,0,0.045257568359375,-0.010467529296875,0,0,0,0,0,0,0,0,Object notstarted,Object notstarted,Object notstarted,Object notstarted,Object notstarted,Object notstarted,Object notstarted,Object notstarted,Object notstarted
2024-02-19 19:08:02,802.802,__main___datalogs,INFO,JoyConState.NORMAL,-6.587500,5.725000,1.370000,0.098413,-0.009155,0.000000,0.000000,0.000000,0.000000,0.000000,0.000000,0,0,0,0,0,0,0,0,0,0,0,0.045257568359375,-0.010467529296875,0,0,0,0,0,0,0,0,Object notstarted,Object notstarted,Object notstarted,Object notstarted,Object notstarted,Object notstarted,Object notstarted,Object notstarted,Object notstarted
2024-02-19 19:08:02,858.858,__main___datalogs,INFO,JoyConState.NORMAL,-6.587500,5.725000,1.370000,0.098413,-0.011444,0.000000,0.000000,0.000000,0.000000,0.000000,0.000000,0,0,0,0,0,0,0,0,0,0,0,0.045257568359375,-0.010467529296875,0,0,0,0,0,0,0,0,Object notstarted,Object notstarted,Object notstarted,Object notstarted,Object notstarted,Object notstarted,Object notstarted,Object notstarted,Object notstarted
2024-02-19 19:08:02,914.914,__main___datalogs,INFO,JoyConState.NORMAL,-6.587500,5.725000,1.370000,0.096125,-0.009155,0.000000,0.000000,0.000000,0.000000,0.000000,0.000000,0,0,0,0,0,0,0,0,0,0,0,0.045257568359375,-0.010467529296875,0,0,0,0,0,0,0,0,Object notstarted,Object notstarted,Object notstarted,Object notstarted,Object notstarted,Object notstarted,Object notstarted,Object notstarted,Object notstarted
2024-02-19 19:08:02,969.969,__main___datalogs,INFO,JoyConState.NORMAL,-6.587500,5.725000,1.370000,0.096125,-0.011444,0.000000,0.000000,0.000000,0.000000,0.000000,0.000000,0,0,0,0,0,0,0,0,0,0,0,0.045257568359375,-0.010467529296875,0,0,0,0,0,0,0,0,Object notstarted,Object notstarted,Object notstarted,Object notstarted,Object notstarted,Object notstarted,Object notstarted,Object notstarted,Object notstarted
2024-02-19 19:08:03,026.026,__main___datalogs,INFO,JoyConState.NORMAL,-6.587500,5.725000,1.370000,0.096125,-0.016021,0.000000,0.004577,0.000000,0.000000,0.000000,0.000000,0,0,0,0,0,0,0,0,0,0,0,0.045257568359375,-0.010467529296875,0,0,0,0,0,0,0,0,Object notstarted,Object notstarted,Object notstarted,Object notstarted,Object notstarted,Object notstarted,Object notstarted,Object notstarted,Object notstarted
2024-02-19 19:08:03,082.082,__main___datalogs,INFO,JoyConState.NORMAL,-6.587500,5.725000,1.370000,0.098413,-0.009155,0.000000,0.004577,0.000000,0.000000,0.000000,0.000000,0,0,0,0,0,0,0,0,0,0,0,0.045257568359375,-0.010467529296875,0,0,0,0,0,0,0,0,Object notstarted,Object notstarted,Object notstarted,Object notstarted,Object notstarted,Object notstarted,Object notstarted,Object notstarted,Object notstarted
2024-02-19 19:08:03,138.138,__main___datalogs,INFO,JoyConState.NORMAL,-6.587500,5.725000,1.370000,0.098413,-0.009155,0.000000,0.000000,0.000000,0.000000,0.000000,0.000000,0,0,0,0,0,0,0,0,0,0,0,0.045257568359375,-0.010467529296875,0,0,0,0,0,0,0,0,Object notstarted,Object notstarted,Object notstarted,Object notstarted,Object notstarted,Object notstarted,Object notstarted,Object notstarted,Object notstarted
2024-02-19 19:08:03,193.193,__main___datalogs,INFO,JoyConState.NORMAL,-6.587500,5.725000,1.370000,0.098413,-0.004577,-0.006866,0.004577,0.000000,0.000000,0.000000,0.000000,0,0,0,0,0,0,0,0,0,0,0,0.045257568359375,-0.010467529296875,0,0,0,0,0,0,0,0,Object notstarted,Object notstarted,Object notstarted,Object notstarted,Object notstarted,Object notstarted,Object notstarted,Object notstarted,Object notstarted
2024-02-19 19:08:03,249.249,__main___datalogs,INFO,JoyConState.NORMAL,-6.587500,5.725000,1.370000,0.098413,-0.004577,0.000000,0.004577,0.000000,0.000000,0.000000,0.000000,0,0,0,0,0,0,0,0,0,0,0,0.045257568359375,-0.010467529296875,0,0,0,0,0,0,0,0,Object notstarted,Object notstarted,Object notstarted,Object notstarted,Object notstarted,Object notstarted,Object notstarted,Object notstarted,Object notstarted
2024-02-19 19:08:03,305.305,__main___datalogs,INFO,JoyConState.NORMAL,-6.587500,5.725000,1.370000,0.098413,-0.011444,0.000000,0.004577,0.000000,0.000000,0.000000,0.000000,0,0,0,0,0,0,0,0,0,0,0,0.045257568359375,-0.010467529296875,0,0,0,0,0,0,0,0,Object notstarted,Object notstarted,Object notstarted,Object notstarted,Object notstarted,Object notstarted,Object notstarted,Object notstarted,Object notstarted
2024-02-19 19:08:03,378.378,__main___datalogs,INFO,JoyConState.NORMAL,-6.587500,5.725000,1.370000,0.098413,-0.011444,0.000000,0.000000,0.000000,0.000000,0.000000,0.000000,0,0,0,0,0,0,0,0,0,0,0,0.045257568359375,-0.010467529296875,0,0,0,0,0,0,0,0,Object notstarted,Object notstarted,Object notstarted,Object notstarted,Object notstarted,Object notstarted,Object notstarted,Object notstarted,Object notstarted
