2024-03-18 10:29:57,932.932,__main___datalogs,INFO,program_mode,x_mm,y_mm,z_mm,P_closure_psi,P_jaw1_psi,P_jaw2_psi,P_jaw3_psi,commanded_radius_mm, commanded_P_jaw1_psi, commanded_P_jaw2_psi, commanded_P_jaw3_psi,A,B,X,Y,SL,SR,+,Stick In,Home,R,ZR,Axes 1, Axes 2,move_to_pre_grasp,move_to_grasp,grasp,lift_after_grasp,move_to_pre_release,move_to_release,release,lift_after_release,1,2,3,4,5,6,7,8,9
2024-03-18 10:29:58,655.655,__main___datalogs,INFO,JoyConState.NORMAL,0.000000,0.000000,0.000000,0.091547,0.006866,0.011443,0.020598,0.000000,0.000000,0.000000,0.000000,0,0,0,0,0,0,0,0,0,0,0,0.045257568359375,-0.004302978515625,0,0,0,0,0,0,0,0,Object notstarted,Object notstarted,Object notstarted,Object notstarted,Object notstarted,Object notstarted,Object notstarted,Object notstarted,Object notstarted
2024-03-18 10:29:58,729.729,__main___datalogs,INFO,JoyConState.NORMAL,0.000000,0.000000,0.000000,0.096125,0.002289,0.002289,0.025176,0.000000,0.000000,0.000000,0.000000,0,0,0,0,0,0,0,0,0,0,0,0.045257568359375,-0.004302978515625,0,0,0,0,0,0,0,0,Object notstarted,Object notstarted,Object notstarted,Object notstarted,Object notstarted,Object notstarted,Object notstarted,Object notstarted,Object notstarted
2024-03-18 10:29:58,805.805,__main___datalogs,INFO,JoyConState.NORMAL,0.000000,0.000000,0.000000,0.091547,0.006866,0.011443,0.025176,0.000000,0.000000,0.000000,0.000000,0,0,0,0,0,0,0,0,0,0,0,0.045257568359375,-0.004302978515625,0,0,0,0,0,0,0,0,Object notstarted,Object notstarted,Object notstarted,Object notstarted,Object notstarted,Object notstarted,Object notstarted,Object notstarted,Object notstarted
2024-03-18 10:29:58,862.862,__main___datalogs,INFO,JoyConState.NORMAL,0.000000,0.000000,0.000000,0.091547,0.006866,0.011443,0.025176,0.000000,0.000000,0.000000,0.000000,0,0,0,0,0,0,0,0,0,0,0,0.045257568359375,-0.004302978515625,0,0,0,0,0,0,0,0,Object notstarted,Object notstarted,Object notstarted,Object notstarted,Object notstarted,Object notstarted,Object notstarted,Object notstarted,Object notstarted
2024-03-18 10:29:58,917.917,__main___datalogs,INFO,JoyConState.NORMAL,0.000000,0.000000,0.000000,0.096125,0.009155,0.004577,0.020598,0.000000,0.000000,0.000000,0.000000,0,0,0,0,0,0,0,0,0,0,0,0.045257568359375,-0.004302978515625,0,0,0,0,0,0,0,0,Object notstarted,Object notstarted,Object notstarted,Object notstarted,Object notstarted,Object notstarted,Object notstarted,Object notstarted,Object notstarted
2024-03-18 10:29:58,974.974,__main___datalogs,INFO,JoyConState.NORMAL,0.000000,0.000000,0.000000,0.091547,0.009155,0.004577,0.020598,0.000000,0.000000,0.000000,0.000000,0,0,0,0,0,0,0,0,0,0,0,0.045257568359375,-0.004302978515625,0,0,0,0,0,0,0,0,Object notstarted,Object notstarted,Object notstarted,Object notstarted,Object notstarted,Object notstarted,Object notstarted,Object notstarted,Object notstarted
2024-03-18 10:29:59,029.029,__main___datalogs,INFO,JoyConState.NORMAL,0.000000,0.000000,0.000000,0.096125,0.009155,0.011443,0.020598,0.000000,0.000000,0.000000,0.000000,0,0,0,0,0,0,0,0,0,0,0,0.045257568359375,-0.004302978515625,0,0,0,0,0,0,0,0,Object notstarted,Object notstarted,Object notstarted,Object notstarted,Object notstarted,Object notstarted,Object notstarted,Object notstarted,Object notstarted
2024-03-18 10:29:59,085.085,__main___datalogs,INFO,JoyConState.NORMAL,0.000000,0.000000,0.000000,0.091547,0.006866,0.011443,0.020598,0.000000,0.000000,0.000000,0.000000,0,0,0,0,0,0,0,0,0,0,0,0.045257568359375,-0.004302978515625,0,0,0,0,0,0,0,0,Object notstarted,Object notstarted,Object notstarted,Object notstarted,Object notstarted,Object notstarted,Object notstarted,Object notstarted,Object notstarted
2024-03-18 10:29:59,141.141,__main___datalogs,INFO,JoyConState.NORMAL,0.000000,0.000000,0.000000,0.096125,0.006866,0.011443,0.025176,0.000000,0.000000,0.000000,0.000000,0,0,0,0,0,0,0,0,0,0,0,0.045257568359375,-0.004302978515625,0,0,0,0,0,0,0,0,Object notstarted,Object notstarted,Object notstarted,Object notstarted,Object notstarted,Object notstarted,Object notstarted,Object notstarted,Object notstarted
2024-03-18 10:29:59,197.197,__main___datalogs,INFO,JoyConState.NORMAL,0.000000,0.000000,0.000000,0.091547,0.006866,0.011443,0.020598,0.000000,0.000000,0.000000,0.000000,0,0,0,0,0,0,0,0,0,0,0,0.045257568359375,-0.004302978515625,0,0,0,0,0,0,0,0,Object notstarted,Object notstarted,Object notstarted,Object notstarted,Object notstarted,Object notstarted,Object notstarted,Object notstarted,Object notstarted
2024-03-18 10:29:59,252.252,__main___datalogs,INFO,JoyConState.NORMAL,0.000000,0.000000,0.000000,0.096125,-0.002289,0.011443,0.025176,0.000000,0.000000,0.000000,0.000000,0,0,0,0,0,0,0,0,0,0,0,0.045257568359375,-0.004302978515625,0,0,0,0,0,0,0,0,Object notstarted,Object notstarted,Object notstarted,Object notstarted,Object notstarted,Object notstarted,Object notstarted,Object notstarted,Object notstarted
2024-03-18 10:29:59,308.308,__main___datalogs,INFO,JoyConState.NORMAL,0.000000,0.000000,0.000000,0.091547,0.002289,0.011443,0.025176,0.000000,0.000000,0.000000,0.000000,0,0,0,0,0,0,0,0,0,0,0,0.045257568359375,-0.004302978515625,0,0,0,0,0,0,0,0,Object notstarted,Object notstarted,Object notstarted,Object notstarted,Object notstarted,Object notstarted,Object notstarted,Object notstarted,Object notstarted
2024-03-18 10:29:59,363.363,__main___datalogs,INFO,JoyConState.NORMAL,0.000000,0.000000,0.000000,0.091547,0.002289,0.004577,0.020598,0.000000,0.000000,0.000000,0.000000,0,0,0,0,0,0,0,0,0,0,0,0.045257568359375,-0.004302978515625,0,0,0,0,0,0,0,0,Object notstarted,Object notstarted,Object notstarted,Object notstarted,Object notstarted,Object notstarted,Object notstarted,Object notstarted,Object notstarted
2024-03-18 10:29:59,419.419,__main___datalogs,INFO,JoyConState.NORMAL,0.000000,0.000000,0.000000,0.091547,0.006866,0.011443,0.020598,0.000000,0.000000,0.000000,0.000000,0,0,0,0,0,0,0,0,0,0,0,0.045257568359375,-0.004302978515625,0,0,0,0,0,0,0,0,Object notstarted,Object notstarted,Object notstarted,Object notstarted,Object notstarted,Object notstarted,Object notstarted,Object notstarted,Object notstarted
2024-03-18 10:29:59,474.474,__main___datalogs,INFO,JoyConState.NORMAL,0.000000,0.000000,0.000000,0.096125,0.009155,0.011443,0.025176,0.000000,0.000000,0.000000,0.000000,0,0,0,0,0,0,0,0,0,0,0,0.045257568359375,-0.004302978515625,0,0,0,0,0,0,0,0,Object notstarted,Object notstarted,Object notstarted,Object notstarted,Object notstarted,Object notstarted,Object notstarted,Object notstarted,Object notstarted
2024-03-18 10:29:59,531.531,__main___datalogs,INFO,JoyConState.NORMAL,0.000000,0.000000,0.000000,0.096125,0.009155,0.004577,0.020598,0.000000,0.000000,0.000000,0.000000,0,0,0,0,0,0,0,0,0,0,0,0.045257568359375,-0.004302978515625,0,0,0,0,0,0,0,0,Object notstarted,Object notstarted,Object notstarted,Object notstarted,Object notstarted,Object notstarted,Object notstarted,Object notstarted,Object notstarted
2024-03-18 10:29:59,586.586,__main___datalogs,INFO,JoyConState.NORMAL,0.000000,0.000000,0.000000,0.096125,0.006866,0.004577,0.020598,0.000000,0.000000,0.000000,0.000000,0,0,0,0,0,0,0,0,0,0,0,0.045257568359375,-0.004302978515625,0,0,0,0,0,0,0,0,Object notstarted,Object notstarted,Object notstarted,Object notstarted,Object notstarted,Object notstarted,Object notstarted,Object notstarted,Object notstarted
2024-03-18 10:29:59,642.642,__main___datalogs,INFO,JoyConState.NORMAL,0.000000,0.000000,0.000000,0.096125,0.006866,0.011443,0.025176,0.000000,0.000000,0.000000,0.000000,0,0,0,0,0,0,0,0,0,0,0,0.045257568359375,-0.004302978515625,0,0,0,0,0,0,0,0,Object notstarted,Object notstarted,Object notstarted,Object notstarted,Object notstarted,Object notstarted,Object notstarted,Object notstarted,Object notstarted
2024-03-18 10:29:59,697.697,__main___datalogs,INFO,JoyConState.NORMAL,0.000000,0.000000,0.000000,0.091547,0.009155,0.011443,0.020598,0.000000,0.000000,0.000000,0.000000,0,0,0,0,0,0,0,0,0,0,0,0.045257568359375,-0.004302978515625,0,0,0,0,0,0,0,0,Object notstarted,Object notstarted,Object notstarted,Object notstarted,Object notstarted,Object notstarted,Object notstarted,Object notstarted,Object notstarted
2024-03-18 10:29:59,771.771,__main___datalogs,INFO,JoyConState.NORMAL,0.000000,0.000000,0.000000,0.091547,0.009155,0.011443,0.020598,0.000000,0.000000,0.000000,0.000000,0,0,0,0,0,0,0,0,0,0,0,0.045257568359375,-0.004302978515625,0,0,0,0,0,0,0,0,Object notstarted,Object notstarted,Object notstarted,Object notstarted,Object notstarted,Object notstarted,Object notstarted,Object notstarted,Object notstarted
2024-03-18 10:29:59,849.849,__main___datalogs,INFO,JoyConState.NORMAL,0.000000,0.000000,0.000000,0.091547,0.006866,0.011443,0.025176,0.000000,0.000000,0.000000,0.000000,0,0,0,0,0,0,0,0,0,0,0,0.045257568359375,-0.004302978515625,0,0,0,0,0,0,0,0,Object notstarted,Object notstarted,Object notstarted,Object notstarted,Object notstarted,Object notstarted,Object notstarted,Object notstarted,Object notstarted
2024-03-18 10:29:59,906.906,__main___datalogs,INFO,JoyConState.NORMAL,0.000000,0.000000,0.000000,0.098413,0.006866,0.011443,0.025176,0.000000,0.000000,0.000000,0.000000,0,0,0,0,0,0,0,0,0,0,0,0.045257568359375,-0.004302978515625,0,0,0,0,0,0,0,0,Object notstarted,Object notstarted,Object notstarted,Object notstarted,Object notstarted,Object notstarted,Object notstarted,Object notstarted,Object notstarted
2024-03-18 10:29:59,961.961,__main___datalogs,INFO,JoyConState.NORMAL,0.000000,0.000000,0.000000,0.091547,0.006866,0.004577,0.025176,0.000000,0.000000,0.000000,0.000000,0,0,0,0,0,0,0,0,0,0,0,0.045257568359375,-0.004302978515625,0,0,0,0,0,0,0,0,Object notstarted,Object notstarted,Object notstarted,Object notstarted,Object notstarted,Object notstarted,Object notstarted,Object notstarted,Object notstarted
2024-03-18 10:30:00,018.018,__main___datalogs,INFO,JoyConState.NORMAL,0.000000,0.000000,0.000000,0.096125,0.002289,0.011443,0.020598,0.000000,0.000000,0.000000,0.000000,0,0,0,0,0,0,0,0,0,0,0,0.045257568359375,-0.004302978515625,0,0,0,0,0,0,0,0,Object notstarted,Object notstarted,Object notstarted,Object notstarted,Object notstarted,Object notstarted,Object notstarted,Object notstarted,Object notstarted
2024-03-18 10:30:00,073.073,__main___datalogs,INFO,JoyConState.NORMAL,0.000000,0.000000,0.000000,0.091547,0.006866,0.004577,0.025176,0.000000,0.000000,0.000000,0.000000,0,0,0,0,0,0,0,0,0,0,0,0.045257568359375,-0.004302978515625,0,0,0,0,0,0,0,0,Object notstarted,Object notstarted,Object notstarted,Object notstarted,Object notstarted,Object notstarted,Object notstarted,Object notstarted,Object notstarted
2024-03-18 10:30:00,130.130,__main___datalogs,INFO,JoyConState.NORMAL,0.000000,0.000000,0.000000,0.096125,0.002289,0.004577,0.020598,0.000000,0.000000,0.000000,0.000000,0,0,0,0,0,0,0,0,0,0,0,0.045257568359375,-0.004302978515625,0,0,0,0,0,0,0,0,Object notstarted,Object notstarted,Object notstarted,Object notstarted,Object notstarted,Object notstarted,Object notstarted,Object notstarted,Object notstarted
2024-03-18 10:30:00,185.185,__main___datalogs,INFO,JoyConState.NORMAL,0.000000,0.000000,0.000000,0.091547,0.009155,0.004577,0.020598,0.000000,0.000000,0.000000,0.000000,0,0,0,0,0,0,0,0,0,0,0,0.045257568359375,-0.004302978515625,0,0,0,0,0,0,0,0,Object notstarted,Object notstarted,Object notstarted,Object notstarted,Object notstarted,Object notstarted,Object notstarted,Object notstarted,Object notstarted
2024-03-18 10:30:00,242.242,__main___datalogs,INFO,JoyConState.NORMAL,0.000000,0.000000,0.000000,0.096125,0.006866,0.011443,0.020598,0.000000,0.000000,0.000000,0.000000,0,0,0,0,0,0,0,0,0,0,0,0.045257568359375,-0.004302978515625,0,0,0,0,0,0,0,0,Object notstarted,Object notstarted,Object notstarted,Object notstarted,Object notstarted,Object notstarted,Object notstarted,Object notstarted,Object notstarted
2024-03-18 10:30:00,297.297,__main___datalogs,INFO,JoyConState.NORMAL,0.000000,0.000000,0.000000,0.096125,0.006866,0.011443,0.025176,0.000000,0.000000,0.000000,0.000000,0,0,0,0,0,0,0,0,0,0,0,0.045257568359375,-0.004302978515625,0,0,0,0,0,0,0,0,Object notstarted,Object notstarted,Object notstarted,Object notstarted,Object notstarted,Object notstarted,Object notstarted,Object notstarted,Object notstarted
2024-03-18 10:30:00,353.353,__main___datalogs,INFO,JoyConState.NORMAL,0.000000,0.000000,0.000000,0.091547,0.006866,0.004577,0.025176,0.000000,0.000000,0.000000,0.000000,0,0,0,0,0,0,0,0,0,0,0,0.045257568359375,-0.004302978515625,0,0,0,0,0,0,0,0,Object notstarted,Object notstarted,Object notstarted,Object notstarted,Object notstarted,Object notstarted,Object notstarted,Object notstarted,Object notstarted
2024-03-18 10:30:00,409.409,__main___datalogs,INFO,JoyConState.NORMAL,0.000000,0.000000,0.000000,0.096125,0.009155,0.011443,0.020598,0.000000,0.000000,0.000000,0.000000,0,0,0,0,0,0,0,0,0,0,0,0.045257568359375,-0.004302978515625,0,0,0,0,0,0,0,0,Object notstarted,Object notstarted,Object notstarted,Object notstarted,Object notstarted,Object notstarted,Object notstarted,Object notstarted,Object notstarted
2024-03-18 10:30:00,465.465,__main___datalogs,INFO,JoyConState.NORMAL,0.000000,0.000000,0.000000,0.096125,0.006866,0.011443,0.025176,0.000000,0.000000,0.000000,0.000000,0,0,0,0,0,0,0,0,0,0,0,0.045257568359375,-0.004302978515625,0,0,0,0,0,0,0,0,Object notstarted,Object notstarted,Object notstarted,Object notstarted,Object notstarted,Object notstarted,Object notstarted,Object notstarted,Object notstarted
2024-03-18 10:30:00,521.521,__main___datalogs,INFO,JoyConState.NORMAL,0.000000,0.000000,0.000000,0.096125,0.006866,0.011443,0.025176,0.000000,0.000000,0.000000,0.000000,0,0,0,0,0,0,0,0,0,0,0,0.045257568359375,-0.004302978515625,0,0,0,0,0,0,0,0,Object notstarted,Object notstarted,Object notstarted,Object notstarted,Object notstarted,Object notstarted,Object notstarted,Object notstarted,Object notstarted
2024-03-18 10:30:00,578.578,__main___datalogs,INFO,JoyConState.NORMAL,0.000000,0.000000,0.000000,0.096125,0.009155,0.011443,0.025176,0.000000,0.000000,0.000000,0.000000,0,0,0,0,0,0,0,0,0,0,0,0.045257568359375,-0.004302978515625,0,0,0,0,0,0,0,0,Object notstarted,Object notstarted,Object notstarted,Object notstarted,Object notstarted,Object notstarted,Object notstarted,Object notstarted,Object notstarted
2024-03-18 10:30:00,633.633,__main___datalogs,INFO,JoyConState.NORMAL,0.000000,0.000000,0.000000,0.096125,0.009155,0.011443,0.025176,0.000000,0.000000,0.000000,0.000000,0,0,0,0,0,0,0,0,0,0,0,0.045257568359375,-0.004302978515625,0,0,0,0,0,0,0,0,Object notstarted,Object notstarted,Object notstarted,Object notstarted,Object notstarted,Object notstarted,Object notstarted,Object notstarted,Object notstarted
2024-03-18 10:30:00,691.691,__main___datalogs,INFO,JoyConState.NORMAL,0.000000,0.000000,0.000000,0.091547,0.006866,0.011443,0.025176,0.000000,0.000000,0.000000,0.000000,0,0,0,0,0,0,0,0,0,0,0,0.045257568359375,-0.004302978515625,0,0,0,0,0,0,0,0,Object notstarted,Object notstarted,Object notstarted,Object notstarted,Object notstarted,Object notstarted,Object notstarted,Object notstarted,Object notstarted
2024-03-18 10:30:00,746.746,__main___datalogs,INFO,JoyConState.NORMAL,0.000000,0.000000,0.000000,0.091547,0.006866,0.011443,0.025176,0.000000,0.000000,0.000000,0.000000,0,0,0,0,0,0,0,0,0,0,0,0.045257568359375,-0.004302978515625,0,0,0,0,0,0,0,0,Object notstarted,Object notstarted,Object notstarted,Object notstarted,Object notstarted,Object notstarted,Object notstarted,Object notstarted,Object notstarted
2024-03-18 10:30:00,801.801,__main___datalogs,INFO,JoyConState.NORMAL,0.000000,0.000000,0.000000,0.096125,0.002289,0.011443,0.020598,0.000000,0.000000,0.000000,0.000000,0,0,0,0,0,0,0,0,0,0,0,0.045257568359375,-0.004302978515625,0,0,0,0,0,0,0,0,Object notstarted,Object notstarted,Object notstarted,Object notstarted,Object notstarted,Object notstarted,Object notstarted,Object notstarted,Object notstarted
2024-03-18 10:30:00,881.881,__main___datalogs,INFO,JoyConState.NORMAL,0.000000,0.000000,0.000000,0.091547,0.002289,0.011443,0.020598,0.000000,0.000000,0.000000,0.000000,0,0,0,0,0,0,0,0,0,0,0,0.045257568359375,-0.004302978515625,0,0,0,0,0,0,0,0,Object notstarted,Object notstarted,Object notstarted,Object notstarted,Object notstarted,Object notstarted,Object notstarted,Object notstarted,Object notstarted
2024-03-18 10:30:00,938.938,__main___datalogs,INFO,JoyConState.NORMAL,0.000000,0.000000,0.000000,0.091547,0.006866,0.004577,0.020598,0.000000,0.000000,0.000000,0.000000,0,0,0,0,0,0,0,0,0,0,0,0.045257568359375,-0.004302978515625,0,0,0,0,0,0,0,0,Object notstarted,Object notstarted,Object notstarted,Object notstarted,Object notstarted,Object notstarted,Object notstarted,Object notstarted,Object notstarted
2024-03-18 10:30:00,993.993,__main___datalogs,INFO,JoyConState.NORMAL,0.000000,0.000000,0.000000,0.091547,0.009155,0.011443,0.020598,0.000000,0.000000,0.000000,0.000000,0,0,0,0,0,0,0,0,0,0,0,0.045257568359375,-0.004302978515625,0,0,0,0,0,0,0,0,Object notstarted,Object notstarted,Object notstarted,Object notstarted,Object notstarted,Object notstarted,Object notstarted,Object notstarted,Object notstarted
2024-03-18 10:30:01,049.049,__main___datalogs,INFO,JoyConState.NORMAL,0.000000,0.000000,0.000000,0.096125,0.002289,0.011443,0.020598,0.000000,0.000000,0.000000,0.000000,0,0,0,0,0,0,0,0,0,0,0,0.045257568359375,-0.004302978515625,0,0,0,0,0,0,0,0,Object notstarted,Object notstarted,Object notstarted,Object notstarted,Object notstarted,Object notstarted,Object notstarted,Object notstarted,Object notstarted
2024-03-18 10:30:01,106.106,__main___datalogs,INFO,JoyConState.NORMAL,0.000000,0.000000,0.000000,0.096125,0.002289,0.004577,0.020598,0.000000,0.000000,0.000000,0.000000,0,0,0,0,0,0,0,0,0,0,0,0.045257568359375,-0.004302978515625,0,0,0,0,0,0,0,0,Object notstarted,Object notstarted,Object notstarted,Object notstarted,Object notstarted,Object notstarted,Object notstarted,Object notstarted,Object notstarted
2024-03-18 10:30:01,162.162,__main___datalogs,INFO,JoyConState.NORMAL,0.000000,0.000000,0.000000,0.096125,0.009155,0.011443,0.025176,0.000000,0.000000,0.000000,0.000000,0,0,0,0,0,0,0,0,0,0,0,0.045257568359375,-0.004302978515625,0,0,0,0,0,0,0,0,Object notstarted,Object notstarted,Object notstarted,Object notstarted,Object notstarted,Object notstarted,Object notstarted,Object notstarted,Object notstarted
2024-03-18 10:30:01,217.217,__main___datalogs,INFO,JoyConState.NORMAL,0.000000,0.000000,0.000000,0.096125,0.006866,0.011443,0.020598,0.000000,0.000000,0.000000,0.000000,0,0,0,0,0,0,0,0,0,0,0,0.045257568359375,-0.004302978515625,0,0,0,0,0,0,0,0,Object notstarted,Object notstarted,Object notstarted,Object notstarted,Object notstarted,Object notstarted,Object notstarted,Object notstarted,Object notstarted
2024-03-18 10:30:01,273.273,__main___datalogs,INFO,JoyConState.NORMAL,0.000000,0.000000,0.000000,0.096125,0.009155,0.004577,0.025176,0.000000,0.000000,0.000000,0.000000,0,0,0,0,0,0,0,0,0,0,0,0.045257568359375,-0.004302978515625,0,0,0,0,0,0,0,0,Object notstarted,Object notstarted,Object notstarted,Object notstarted,Object notstarted,Object notstarted,Object notstarted,Object notstarted,Object notstarted
2024-03-18 10:30:01,329.329,__main___datalogs,INFO,JoyConState.NORMAL,0.000000,0.000000,0.000000,0.098413,0.009155,0.011443,0.020598,0.000000,0.000000,0.000000,0.000000,0,0,0,0,0,0,0,0,0,0,0,0.045257568359375,-0.004302978515625,0,0,0,0,0,0,0,0,Object notstarted,Object notstarted,Object notstarted,Object notstarted,Object notstarted,Object notstarted,Object notstarted,Object notstarted,Object notstarted
2024-03-18 10:30:01,385.385,__main___datalogs,INFO,JoyConState.NORMAL,0.000000,0.000000,0.000000,0.096125,0.009155,0.011443,0.020598,0.000000,0.000000,0.000000,0.000000,0,0,0,0,0,0,0,0,0,0,0,0.045257568359375,-0.004302978515625,0,0,0,0,0,0,0,0,Object notstarted,Object notstarted,Object notstarted,Object notstarted,Object notstarted,Object notstarted,Object notstarted,Object notstarted,Object notstarted
2024-03-18 10:30:01,441.441,__main___datalogs,INFO,JoyConState.NORMAL,0.000000,0.000000,0.000000,0.096125,0.002289,0.011443,0.020598,0.000000,0.000000,0.000000,0.000000,0,0,0,0,0,0,0,0,0,0,0,0.045257568359375,-0.004302978515625,0,0,0,0,0,0,0,0,Object notstarted,Object notstarted,Object notstarted,Object notstarted,Object notstarted,Object notstarted,Object notstarted,Object notstarted,Object notstarted
2024-03-18 10:30:01,497.497,__main___datalogs,INFO,JoyConState.NORMAL,0.000000,0.000000,0.000000,0.091547,0.006866,0.011443,0.020598,0.000000,0.000000,0.000000,0.000000,0,0,0,0,0,0,0,0,0,0,0,0.045257568359375,-0.004302978515625,0,0,0,0,0,0,0,0,Object notstarted,Object notstarted,Object notstarted,Object notstarted,Object notstarted,Object notstarted,Object notstarted,Object notstarted,Object notstarted
2024-03-18 10:30:01,553.553,__main___datalogs,INFO,JoyConState.NORMAL,0.000000,0.000000,0.000000,0.096125,0.006866,0.011443,0.025176,0.000000,0.000000,0.000000,0.000000,0,0,0,0,0,0,0,0,0,0,0,0.045257568359375,-0.004302978515625,0,0,0,0,0,0,0,0,Object notstarted,Object notstarted,Object notstarted,Object notstarted,Object notstarted,Object notstarted,Object notstarted,Object notstarted,Object notstarted
2024-03-18 10:30:01,609.609,__main___datalogs,INFO,JoyConState.NORMAL,0.000000,0.000000,0.000000,0.091547,0.002289,0.004577,0.025176,0.000000,0.000000,0.000000,0.000000,0,0,0,0,0,0,0,0,0,0,0,0.045257568359375,-0.004302978515625,0,0,0,0,0,0,0,0,Object notstarted,Object notstarted,Object notstarted,Object notstarted,Object notstarted,Object notstarted,Object notstarted,Object notstarted,Object notstarted
2024-03-18 10:30:01,665.665,__main___datalogs,INFO,JoyConState.NORMAL,0.000000,0.000000,0.000000,0.096125,0.006866,0.011443,0.020598,0.000000,0.000000,0.000000,0.000000,0,0,0,0,0,0,0,0,0,0,0,0.045257568359375,-0.004302978515625,0,0,0,0,0,0,0,0,Object notstarted,Object notstarted,Object notstarted,Object notstarted,Object notstarted,Object notstarted,Object notstarted,Object notstarted,Object notstarted
2024-03-18 10:30:01,721.721,__main___datalogs,INFO,JoyConState.NORMAL,0.000000,0.000000,0.000000,0.096125,0.006866,0.011443,0.025176,0.000000,0.000000,0.000000,0.000000,0,0,0,0,0,0,0,0,0,0,0,0.045257568359375,-0.004302978515625,0,0,0,0,0,0,0,0,Object notstarted,Object notstarted,Object notstarted,Object notstarted,Object notstarted,Object notstarted,Object notstarted,Object notstarted,Object notstarted
2024-03-18 10:30:01,776.776,__main___datalogs,INFO,JoyConState.NORMAL,0.000000,0.000000,0.000000,0.096125,0.006866,0.011443,0.025176,0.000000,0.000000,0.000000,0.000000,0,0,0,0,0,0,0,0,0,0,0,0.045257568359375,-0.004302978515625,0,0,0,0,0,0,0,0,Object notstarted,Object notstarted,Object notstarted,Object notstarted,Object notstarted,Object notstarted,Object notstarted,Object notstarted,Object notstarted
2024-03-18 10:30:01,832.832,__main___datalogs,INFO,JoyConState.NORMAL,0.000000,0.000000,0.000000,0.096125,0.009155,0.011443,0.020598,0.000000,0.000000,0.000000,0.000000,0,0,0,0,0,0,0,0,0,0,0,0.045257568359375,-0.004302978515625,0,0,0,0,0,0,0,0,Object notstarted,Object notstarted,Object notstarted,Object notstarted,Object notstarted,Object notstarted,Object notstarted,Object notstarted,Object notstarted
2024-03-18 10:30:01,904.904,__main___datalogs,INFO,JoyConState.NORMAL,0.000000,0.000000,0.000000,0.096125,0.009155,0.004577,0.020598,0.000000,0.000000,0.000000,0.000000,0,0,0,0,0,0,0,0,0,0,0,0.045257568359375,-0.004302978515625,0,0,0,0,0,0,0,0,Object notstarted,Object notstarted,Object notstarted,Object notstarted,Object notstarted,Object notstarted,Object notstarted,Object notstarted,Object notstarted
2024-03-18 10:30:01,968.968,__main___datalogs,INFO,JoyConState.NORMAL,0.000000,0.000000,0.000000,0.096125,0.006866,0.011443,0.020598,0.000000,0.000000,0.000000,0.000000,0,0,0,0,0,0,0,0,0,0,0,0.045257568359375,-0.004302978515625,0,0,0,0,0,0,0,0,Object notstarted,Object notstarted,Object notstarted,Object notstarted,Object notstarted,Object notstarted,Object notstarted,Object notstarted,Object notstarted
2024-03-18 10:30:02,024.024,__main___datalogs,INFO,JoyConState.NORMAL,0.000000,0.000000,0.000000,0.096125,0.006866,0.004577,0.020598,0.000000,0.000000,0.000000,0.000000,0,0,0,0,0,0,0,0,0,0,0,0.045257568359375,-0.004302978515625,0,0,0,0,0,0,0,0,Object notstarted,Object notstarted,Object notstarted,Object notstarted,Object notstarted,Object notstarted,Object notstarted,Object notstarted,Object notstarted
2024-03-18 10:30:02,081.081,__main___datalogs,INFO,JoyConState.NORMAL,0.000000,0.000000,0.000000,0.096125,0.009155,0.011443,0.020598,0.000000,0.000000,0.000000,0.000000,0,0,0,0,0,0,0,0,0,0,0,0.045257568359375,-0.004302978515625,0,0,0,0,0,0,0,0,Object notstarted,Object notstarted,Object notstarted,Object notstarted,Object notstarted,Object notstarted,Object notstarted,Object notstarted,Object notstarted
2024-03-18 10:30:02,135.135,__main___datalogs,INFO,JoyConState.NORMAL,0.000000,0.000000,0.000000,0.096125,0.009155,0.004577,0.020598,0.000000,0.000000,0.000000,0.000000,0,0,0,0,0,0,0,0,0,0,0,0.045257568359375,-0.004302978515625,0,0,0,0,0,0,0,0,Object notstarted,Object notstarted,Object notstarted,Object notstarted,Object notstarted,Object notstarted,Object notstarted,Object notstarted,Object notstarted
2024-03-18 10:30:02,192.192,__main___datalogs,INFO,JoyConState.NORMAL,0.000000,0.000000,0.000000,0.091547,0.006866,0.004577,0.020598,0.000000,0.000000,0.000000,0.000000,0,0,0,0,0,0,0,0,0,0,0,0.045257568359375,-0.004302978515625,0,0,0,0,0,0,0,0,Object notstarted,Object notstarted,Object notstarted,Object notstarted,Object notstarted,Object notstarted,Object notstarted,Object notstarted,Object notstarted
2024-03-18 10:30:02,248.248,__main___datalogs,INFO,JoyConState.NORMAL,0.000000,0.000000,0.000000,0.096125,0.006866,0.004577,0.025176,0.000000,0.000000,0.000000,0.000000,0,0,0,0,0,0,0,0,0,0,0,0.045257568359375,-0.004302978515625,0,0,0,0,0,0,0,0,Object notstarted,Object notstarted,Object notstarted,Object notstarted,Object notstarted,Object notstarted,Object notstarted,Object notstarted,Object notstarted
2024-03-18 10:30:02,304.304,__main___datalogs,INFO,JoyConState.NORMAL,0.000000,0.000000,0.000000,0.098413,0.009155,0.004577,0.020598,0.000000,0.000000,0.000000,0.000000,0,0,0,0,0,0,0,0,0,0,0,0.045257568359375,-0.004302978515625,0,0,0,0,0,0,0,0,Object notstarted,Object notstarted,Object notstarted,Object notstarted,Object notstarted,Object notstarted,Object notstarted,Object notstarted,Object notstarted
2024-03-18 10:30:02,359.359,__main___datalogs,INFO,JoyConState.NORMAL,0.000000,0.000000,0.000000,0.096125,0.009155,0.011443,0.020598,0.000000,0.000000,0.000000,0.000000,0,0,0,0,0,0,0,0,0,0,0,0.045257568359375,-0.004302978515625,0,0,0,0,0,0,0,0,Object notstarted,Object notstarted,Object notstarted,Object notstarted,Object notstarted,Object notstarted,Object notstarted,Object notstarted,Object notstarted
2024-03-18 10:30:02,416.416,__main___datalogs,INFO,JoyConState.NORMAL,0.000000,0.000000,0.000000,0.096125,0.002289,0.011443,0.025176,0.000000,0.000000,0.000000,0.000000,0,0,0,0,0,0,0,0,0,0,0,0.045257568359375,-0.004302978515625,0,0,0,0,0,0,0,0,Object notstarted,Object notstarted,Object notstarted,Object notstarted,Object notstarted,Object notstarted,Object notstarted,Object notstarted,Object notstarted
2024-03-18 10:30:02,471.471,__main___datalogs,INFO,JoyConState.NORMAL,0.000000,0.000000,0.000000,0.098413,0.002289,0.011443,0.020598,0.000000,0.000000,0.000000,0.000000,0,0,0,0,0,0,0,0,0,0,0,0.045257568359375,-0.004302978515625,0,0,0,0,0,0,0,0,Object notstarted,Object notstarted,Object notstarted,Object notstarted,Object notstarted,Object notstarted,Object notstarted,Object notstarted,Object notstarted
2024-03-18 10:30:02,528.528,__main___datalogs,INFO,JoyConState.NORMAL,0.000000,0.000000,0.000000,0.096125,0.006866,0.011443,0.020598,0.000000,0.000000,0.000000,0.000000,0,0,0,0,0,0,0,0,0,0,0,0.045257568359375,-0.004302978515625,0,0,0,0,0,0,0,0,Object notstarted,Object notstarted,Object notstarted,Object notstarted,Object notstarted,Object notstarted,Object notstarted,Object notstarted,Object notstarted
2024-03-18 10:30:02,582.582,__main___datalogs,INFO,JoyConState.NORMAL,0.000000,0.000000,0.000000,0.091547,0.006866,0.011443,0.025176,0.000000,0.000000,0.000000,0.000000,0,0,0,0,0,0,0,0,0,0,0,0.045257568359375,-0.004302978515625,0,0,0,0,0,0,0,0,Object notstarted,Object notstarted,Object notstarted,Object notstarted,Object notstarted,Object notstarted,Object notstarted,Object notstarted,Object notstarted
2024-03-18 10:30:02,639.639,__main___datalogs,INFO,JoyConState.NORMAL,0.000000,0.000000,0.000000,0.091547,0.006866,0.011443,0.025176,0.000000,0.000000,0.000000,0.000000,0,0,0,0,0,0,0,0,0,0,0,0.045257568359375,-0.004302978515625,0,0,0,0,0,0,0,0,Object notstarted,Object notstarted,Object notstarted,Object notstarted,Object notstarted,Object notstarted,Object notstarted,Object notstarted,Object notstarted
2024-03-18 10:30:02,694.694,__main___datalogs,INFO,JoyConState.NORMAL,0.000000,0.000000,0.000000,0.091547,0.006866,0.011443,0.020598,0.000000,0.000000,0.000000,0.000000,0,0,0,0,0,0,0,0,0,0,0,0.045257568359375,-0.004302978515625,0,0,0,0,0,0,0,0,Object notstarted,Object notstarted,Object notstarted,Object notstarted,Object notstarted,Object notstarted,Object notstarted,Object notstarted,Object notstarted
2024-03-18 10:30:02,750.750,__main___datalogs,INFO,JoyConState.NORMAL,0.000000,0.000000,0.000000,0.096125,0.009155,0.011443,0.020598,0.000000,0.000000,0.000000,0.000000,0,0,0,0,0,0,0,0,0,0,0,0.045257568359375,-0.004302978515625,0,0,0,0,0,0,0,0,Object notstarted,Object notstarted,Object notstarted,Object notstarted,Object notstarted,Object notstarted,Object notstarted,Object notstarted,Object notstarted
2024-03-18 10:30:02,806.806,__main___datalogs,INFO,JoyConState.NORMAL,0.000000,0.000000,0.000000,0.091547,0.006866,0.011443,0.020598,0.000000,0.000000,0.000000,0.000000,0,0,0,0,0,0,0,0,0,0,0,0.045257568359375,-0.004302978515625,0,0,0,0,0,0,0,0,Object notstarted,Object notstarted,Object notstarted,Object notstarted,Object notstarted,Object notstarted,Object notstarted,Object notstarted,Object notstarted
2024-03-18 10:30:02,863.863,__main___datalogs,INFO,JoyConState.NORMAL,0.000000,0.000000,0.000000,0.096125,0.009155,0.011443,0.020598,0.000000,0.000000,0.000000,0.000000,0,0,0,0,0,0,0,0,0,0,0,0.045257568359375,-0.004302978515625,0,0,0,0,0,0,0,0,Object notstarted,Object notstarted,Object notstarted,Object notstarted,Object notstarted,Object notstarted,Object notstarted,Object notstarted,Object notstarted
2024-03-18 10:30:02,918.918,__main___datalogs,INFO,JoyConState.NORMAL,0.000000,0.000000,0.000000,0.098413,0.009155,0.004577,0.025176,0.000000,0.000000,0.000000,0.000000,0,0,0,0,0,0,0,0,0,0,0,0.045257568359375,-0.004302978515625,0,0,0,0,0,0,0,0,Object notstarted,Object notstarted,Object notstarted,Object notstarted,Object notstarted,Object notstarted,Object notstarted,Object notstarted,Object notstarted
2024-03-18 10:30:02,989.989,__main___datalogs,INFO,JoyConState.NORMAL,0.000000,0.000000,0.000000,0.096125,0.009155,0.004577,0.025176,0.000000,0.000000,0.000000,0.000000,0,0,0,0,0,0,0,0,0,0,0,0.045257568359375,-0.004302978515625,0,0,0,0,0,0,0,0,Object notstarted,Object notstarted,Object notstarted,Object notstarted,Object notstarted,Object notstarted,Object notstarted,Object notstarted,Object notstarted
2024-03-18 10:30:03,051.051,__main___datalogs,INFO,JoyConState.NORMAL,0.000000,0.000000,0.000000,0.096125,0.009155,0.011443,0.025176,0.000000,0.000000,0.000000,0.000000,0,0,0,0,0,0,0,0,0,0,0,0.045257568359375,-0.004302978515625,0,0,0,0,0,0,0,0,Object notstarted,Object notstarted,Object notstarted,Object notstarted,Object notstarted,Object notstarted,Object notstarted,Object notstarted,Object notstarted
2024-03-18 10:30:03,107.107,__main___datalogs,INFO,JoyConState.NORMAL,0.000000,0.000000,0.000000,0.096125,0.006866,0.011443,0.020598,0.000000,0.000000,0.000000,0.000000,0,0,0,0,0,0,0,0,0,0,0,0.045257568359375,-0.004302978515625,0,0,0,0,0,0,0,0,Object notstarted,Object notstarted,Object notstarted,Object notstarted,Object notstarted,Object notstarted,Object notstarted,Object notstarted,Object notstarted
2024-03-18 10:30:03,162.162,__main___datalogs,INFO,JoyConState.NORMAL,0.000000,0.000000,0.000000,0.091547,0.009155,0.011443,0.025176,0.000000,0.000000,0.000000,0.000000,0,0,0,0,0,0,0,0,0,0,0,0.045257568359375,-0.004302978515625,0,0,0,0,0,0,0,0,Object notstarted,Object notstarted,Object notstarted,Object notstarted,Object notstarted,Object notstarted,Object notstarted,Object notstarted,Object notstarted
2024-03-18 10:30:03,219.219,__main___datalogs,INFO,JoyConState.NORMAL,0.000000,0.000000,0.000000,0.098413,0.002289,0.011443,0.020598,0.000000,0.000000,0.000000,0.000000,0,0,0,0,0,0,0,0,0,0,0,0.045257568359375,-0.004302978515625,0,0,0,0,0,0,0,0,Object notstarted,Object notstarted,Object notstarted,Object notstarted,Object notstarted,Object notstarted,Object notstarted,Object notstarted,Object notstarted
2024-03-18 10:30:03,276.276,__main___datalogs,INFO,JoyConState.NORMAL,0.000000,0.000000,0.000000,0.096125,0.006866,0.004577,0.020598,0.000000,0.000000,0.000000,0.000000,0,0,0,0,0,0,0,0,0,0,0,0.045257568359375,-0.004302978515625,0,0,0,0,0,0,0,0,Object notstarted,Object notstarted,Object notstarted,Object notstarted,Object notstarted,Object notstarted,Object notstarted,Object notstarted,Object notstarted
2024-03-18 10:30:03,332.332,__main___datalogs,INFO,JoyConState.NORMAL,0.000000,0.000000,0.000000,0.091547,0.009155,0.004577,0.020598,0.000000,0.000000,0.000000,0.000000,0,0,0,0,0,0,0,0,0,0,0,0.045257568359375,-0.004302978515625,0,0,0,0,0,0,0,0,Object notstarted,Object notstarted,Object notstarted,Object notstarted,Object notstarted,Object notstarted,Object notstarted,Object notstarted,Object notstarted
2024-03-18 10:30:03,387.387,__main___datalogs,INFO,JoyConState.NORMAL,0.000000,0.000000,0.000000,0.091547,0.013732,0.004577,0.025176,0.000000,0.000000,0.000000,0.000000,0,0,0,0,0,0,0,0,0,0,0,0.045257568359375,-0.004302978515625,0,0,0,0,0,0,0,0,Object notstarted,Object notstarted,Object notstarted,Object notstarted,Object notstarted,Object notstarted,Object notstarted,Object notstarted,Object notstarted
2024-03-18 10:30:03,443.443,__main___datalogs,INFO,JoyConState.NORMAL,0.000000,0.000000,0.000000,0.091547,0.009155,0.004577,0.020598,0.000000,0.000000,0.000000,0.000000,0,0,0,0,0,0,0,0,0,0,0,0.045257568359375,-0.004302978515625,0,0,0,0,0,0,0,0,Object notstarted,Object notstarted,Object notstarted,Object notstarted,Object notstarted,Object notstarted,Object notstarted,Object notstarted,Object notstarted
2024-03-18 10:30:03,499.499,__main___datalogs,INFO,JoyConState.NORMAL,0.000000,0.000000,0.000000,0.091547,0.009155,0.004577,0.027464,0.000000,0.000000,0.000000,0.000000,0,0,0,0,0,0,0,0,0,0,0,0.045257568359375,-0.004302978515625,0,0,0,0,0,0,0,0,Object notstarted,Object notstarted,Object notstarted,Object notstarted,Object notstarted,Object notstarted,Object notstarted,Object notstarted,Object notstarted
2024-03-18 10:30:03,555.555,__main___datalogs,INFO,JoyConState.NORMAL,0.000000,0.000000,0.000000,0.096125,0.009155,0.004577,0.025176,0.000000,0.000000,0.000000,0.000000,0,0,0,0,0,0,0,0,0,0,0,0.045257568359375,-0.004302978515625,0,0,0,0,0,0,0,0,Object notstarted,Object notstarted,Object notstarted,Object notstarted,Object notstarted,Object notstarted,Object notstarted,Object notstarted,Object notstarted
2024-03-18 10:30:03,610.610,__main___datalogs,INFO,JoyConState.NORMAL,0.000000,0.000000,0.000000,0.091547,0.009155,0.011443,0.020598,0.000000,0.000000,0.000000,0.000000,0,0,0,0,0,0,0,0,0,0,0,0.045257568359375,-0.004302978515625,0,0,0,0,0,0,0,0,Object notstarted,Object notstarted,Object notstarted,Object notstarted,Object notstarted,Object notstarted,Object notstarted,Object notstarted,Object notstarted
2024-03-18 10:30:03,666.666,__main___datalogs,INFO,JoyConState.NORMAL,0.000000,0.000000,0.000000,0.096125,0.009155,0.004577,0.020598,0.000000,0.000000,0.000000,0.000000,0,0,0,0,0,0,0,0,0,0,0,0.045257568359375,-0.004302978515625,0,0,0,0,0,0,0,0,Object notstarted,Object notstarted,Object notstarted,Object notstarted,Object notstarted,Object notstarted,Object notstarted,Object notstarted,Object notstarted
2024-03-18 10:30:03,721.721,__main___datalogs,INFO,JoyConState.NORMAL,0.000000,0.000000,0.000000,0.091547,0.009155,0.011443,0.020598,0.000000,0.000000,0.000000,0.000000,0,0,0,0,0,0,0,0,0,0,0,0.045257568359375,-0.004302978515625,0,0,0,0,0,0,0,0,Object notstarted,Object notstarted,Object notstarted,Object notstarted,Object notstarted,Object notstarted,Object notstarted,Object notstarted,Object notstarted
2024-03-18 10:30:03,778.778,__main___datalogs,INFO,JoyConState.NORMAL,0.000000,0.000000,0.000000,0.096125,0.006866,0.011443,0.020598,0.000000,0.000000,0.000000,0.000000,0,0,0,0,0,0,0,0,0,0,0,0.045257568359375,-0.004302978515625,0,0,0,0,0,0,0,0,Object notstarted,Object notstarted,Object notstarted,Object notstarted,Object notstarted,Object notstarted,Object notstarted,Object notstarted,Object notstarted
2024-03-18 10:30:03,834.834,__main___datalogs,INFO,JoyConState.NORMAL,0.000000,0.000000,0.000000,0.098413,0.002289,0.011443,0.020598,0.000000,0.000000,0.000000,0.000000,0,0,0,0,0,0,0,0,0,0,0,0.045257568359375,-0.004302978515625,0,0,0,0,0,0,0,0,Object notstarted,Object notstarted,Object notstarted,Object notstarted,Object notstarted,Object notstarted,Object notstarted,Object notstarted,Object notstarted
2024-03-18 10:30:03,890.890,__main___datalogs,INFO,JoyConState.NORMAL,0.000000,0.000000,0.000000,0.096125,0.006866,0.011443,0.020598,0.000000,0.000000,0.000000,0.000000,0,0,0,0,0,0,0,0,0,0,0,0.045257568359375,-0.004302978515625,0,0,0,0,0,0,0,0,Object notstarted,Object notstarted,Object notstarted,Object notstarted,Object notstarted,Object notstarted,Object notstarted,Object notstarted,Object notstarted
2024-03-18 10:30:03,946.946,__main___datalogs,INFO,JoyConState.NORMAL,0.000000,0.000000,0.000000,0.096125,0.006866,0.011443,0.020598,0.000000,0.000000,0.000000,0.000000,0,0,0,0,0,0,0,0,0,0,0,0.045257568359375,-0.004302978515625,0,0,0,0,0,0,0,0,Object notstarted,Object notstarted,Object notstarted,Object notstarted,Object notstarted,Object notstarted,Object notstarted,Object notstarted,Object notstarted
2024-03-18 10:30:04,018.018,__main___datalogs,INFO,JoyConState.NORMAL,0.000000,0.000000,0.000000,0.098413,0.009155,0.011443,0.025176,0.000000,0.000000,0.000000,0.000000,0,0,0,0,0,0,0,0,0,0,0,0.045257568359375,-0.004302978515625,0,0,0,0,0,0,0,0,Object notstarted,Object notstarted,Object notstarted,Object notstarted,Object notstarted,Object notstarted,Object notstarted,Object notstarted,Object notstarted
2024-03-18 10:30:04,092.092,__main___datalogs,INFO,JoyConState.NORMAL,0.000000,0.000000,0.000000,0.091547,0.006866,0.011443,0.020598,0.000000,0.000000,0.000000,0.000000,0,0,0,0,0,0,0,0,0,0,0,0.045257568359375,-0.004302978515625,0,0,0,0,0,0,0,0,Object notstarted,Object notstarted,Object notstarted,Object notstarted,Object notstarted,Object notstarted,Object notstarted,Object notstarted,Object notstarted
2024-03-18 10:30:04,148.148,__main___datalogs,INFO,JoyConState.NORMAL,0.000000,0.000000,0.000000,0.096125,0.002289,0.011443,0.025176,0.000000,0.000000,0.000000,0.000000,0,0,0,0,0,0,0,0,0,0,0,0.045257568359375,-0.004302978515625,0,0,0,0,0,0,0,0,Object notstarted,Object notstarted,Object notstarted,Object notstarted,Object notstarted,Object notstarted,Object notstarted,Object notstarted,Object notstarted
2024-03-18 10:30:04,205.205,__main___datalogs,INFO,JoyConState.NORMAL,0.000000,0.000000,0.000000,0.098413,0.006866,0.011443,0.025176,0.000000,0.000000,0.000000,0.000000,0,0,0,0,0,0,0,0,0,0,0,0.045257568359375,-0.004302978515625,0,0,0,0,0,0,0,0,Object notstarted,Object notstarted,Object notstarted,Object notstarted,Object notstarted,Object notstarted,Object notstarted,Object notstarted,Object notstarted
2024-03-18 10:30:04,260.260,__main___datalogs,INFO,JoyConState.NORMAL,0.000000,0.000000,0.000000,0.096125,0.009155,0.011443,0.025176,0.000000,0.000000,0.000000,0.000000,0,0,0,0,0,0,0,0,0,0,0,0.045257568359375,-0.004302978515625,0,0,0,0,0,0,0,0,Object notstarted,Object notstarted,Object notstarted,Object notstarted,Object notstarted,Object notstarted,Object notstarted,Object notstarted,Object notstarted
2024-03-18 10:30:04,316.316,__main___datalogs,INFO,JoyConState.NORMAL,0.000000,0.000000,0.000000,0.096125,0.006866,0.011443,0.020598,0.000000,0.000000,0.000000,0.000000,0,0,0,0,0,0,0,0,0,0,0,0.045257568359375,-0.004302978515625,0,0,0,0,0,0,0,0,Object notstarted,Object notstarted,Object notstarted,Object notstarted,Object notstarted,Object notstarted,Object notstarted,Object notstarted,Object notstarted
2024-03-18 10:30:04,373.373,__main___datalogs,INFO,JoyConState.NORMAL,0.000000,0.000000,0.000000,0.096125,0.006866,0.011443,0.020598,0.000000,0.000000,0.000000,0.000000,0,0,0,0,0,0,0,0,0,0,0,0.045257568359375,-0.004302978515625,0,0,0,0,0,0,0,0,Object notstarted,Object notstarted,Object notstarted,Object notstarted,Object notstarted,Object notstarted,Object notstarted,Object notstarted,Object notstarted
2024-03-18 10:30:04,428.428,__main___datalogs,INFO,JoyConState.NORMAL,0.000000,0.000000,0.000000,0.091547,0.009155,0.004577,0.025176,0.000000,0.000000,0.000000,0.000000,0,0,0,0,0,0,0,0,0,0,0,0.045257568359375,-0.004302978515625,0,0,0,0,0,0,0,0,Object notstarted,Object notstarted,Object notstarted,Object notstarted,Object notstarted,Object notstarted,Object notstarted,Object notstarted,Object notstarted
2024-03-18 10:30:04,484.484,__main___datalogs,INFO,JoyConState.NORMAL,0.000000,0.000000,0.000000,0.091547,0.009155,0.011443,0.025176,0.000000,0.000000,0.000000,0.000000,0,0,0,0,0,0,0,0,0,0,0,0.045257568359375,-0.004302978515625,0,0,0,0,0,0,0,0,Object notstarted,Object notstarted,Object notstarted,Object notstarted,Object notstarted,Object notstarted,Object notstarted,Object notstarted,Object notstarted
2024-03-18 10:30:04,540.540,__main___datalogs,INFO,JoyConState.NORMAL,0.000000,0.000000,0.000000,0.096125,0.009155,0.011443,0.020598,0.000000,0.000000,0.000000,0.000000,0,0,0,0,0,0,0,0,0,0,0,0.045257568359375,-0.004302978515625,0,0,0,0,0,0,0,0,Object notstarted,Object notstarted,Object notstarted,Object notstarted,Object notstarted,Object notstarted,Object notstarted,Object notstarted,Object notstarted
2024-03-18 10:30:04,596.596,__main___datalogs,INFO,JoyConState.NORMAL,0.000000,0.000000,0.000000,0.098413,0.009155,0.011443,0.020598,0.000000,0.000000,0.000000,0.000000,0,0,0,0,0,0,0,0,0,0,0,0.045257568359375,-0.004302978515625,0,0,0,0,0,0,0,0,Object notstarted,Object notstarted,Object notstarted,Object notstarted,Object notstarted,Object notstarted,Object notstarted,Object notstarted,Object notstarted
2024-03-18 10:30:04,652.652,__main___datalogs,INFO,JoyConState.NORMAL,0.000000,0.000000,0.000000,0.096125,0.006866,0.011443,0.025176,0.000000,0.000000,0.000000,0.000000,0,0,0,0,0,0,0,0,0,0,0,0.045257568359375,-0.004302978515625,0,0,0,0,0,0,0,0,Object notstarted,Object notstarted,Object notstarted,Object notstarted,Object notstarted,Object notstarted,Object notstarted,Object notstarted,Object notstarted
2024-03-18 10:30:04,708.708,__main___datalogs,INFO,JoyConState.NORMAL,0.000000,0.000000,0.000000,0.091547,0.002289,0.011443,0.020598,0.000000,0.000000,0.000000,0.000000,0,0,0,0,0,0,0,0,0,0,0,0.045257568359375,-0.004302978515625,0,0,0,0,0,0,0,0,Object notstarted,Object notstarted,Object notstarted,Object notstarted,Object notstarted,Object notstarted,Object notstarted,Object notstarted,Object notstarted
2024-03-18 10:30:04,764.764,__main___datalogs,INFO,JoyConState.NORMAL,0.000000,0.000000,0.000000,0.098413,0.006866,0.011443,0.025176,0.000000,0.000000,0.000000,0.000000,0,0,0,0,0,0,0,0,0,0,0,0.045257568359375,-0.004302978515625,0,0,0,0,0,0,0,0,Object notstarted,Object notstarted,Object notstarted,Object notstarted,Object notstarted,Object notstarted,Object notstarted,Object notstarted,Object notstarted
2024-03-18 10:30:04,820.820,__main___datalogs,INFO,JoyConState.NORMAL,0.000000,0.000000,0.000000,0.096125,0.009155,0.011443,0.020598,0.000000,0.000000,0.000000,0.000000,0,0,0,0,0,0,0,0,0,0,0,0.045257568359375,-0.004302978515625,0,0,0,0,0,0,0,0,Object notstarted,Object notstarted,Object notstarted,Object notstarted,Object notstarted,Object notstarted,Object notstarted,Object notstarted,Object notstarted
2024-03-18 10:30:04,875.875,__main___datalogs,INFO,JoyConState.NORMAL,0.000000,0.000000,0.000000,0.091547,0.006866,0.011443,0.020598,0.000000,0.000000,0.000000,0.000000,0,0,0,0,0,0,0,0,0,0,0,0.045257568359375,-0.004302978515625,0,0,0,0,0,0,0,0,Object notstarted,Object notstarted,Object notstarted,Object notstarted,Object notstarted,Object notstarted,Object notstarted,Object notstarted,Object notstarted
2024-03-18 10:30:04,932.932,__main___datalogs,INFO,JoyConState.NORMAL,0.000000,0.000000,0.000000,0.096125,0.009155,0.011443,0.025176,0.000000,0.000000,0.000000,0.000000,0,0,0,0,0,0,0,0,0,0,0,0.045257568359375,-0.004302978515625,0,0,0,0,0,0,0,0,Object notstarted,Object notstarted,Object notstarted,Object notstarted,Object notstarted,Object notstarted,Object notstarted,Object notstarted,Object notstarted
2024-03-18 10:30:04,987.987,__main___datalogs,INFO,JoyConState.NORMAL,0.000000,0.000000,0.000000,0.098413,0.009155,0.011443,0.025176,0.000000,0.000000,0.000000,0.000000,0,0,0,0,0,0,0,0,0,0,0,0.045257568359375,-0.004302978515625,0,0,0,0,0,0,0,0,Object notstarted,Object notstarted,Object notstarted,Object notstarted,Object notstarted,Object notstarted,Object notstarted,Object notstarted,Object notstarted
2024-03-18 10:30:05,044.044,__main___datalogs,INFO,JoyConState.NORMAL,0.000000,0.000000,0.000000,0.098413,0.006866,0.011443,0.025176,0.000000,0.000000,0.000000,0.000000,0,0,0,0,0,0,0,0,0,0,0,0.045257568359375,-0.004302978515625,0,0,0,0,0,0,0,0,Object notstarted,Object notstarted,Object notstarted,Object notstarted,Object notstarted,Object notstarted,Object notstarted,Object notstarted,Object notstarted
2024-03-18 10:30:05,116.116,__main___datalogs,INFO,JoyConState.NORMAL,0.000000,0.000000,0.000000,0.091547,0.006866,0.011443,0.025176,0.000000,0.000000,0.000000,0.000000,0,0,0,0,0,0,0,0,0,0,0,0.045257568359375,-0.004302978515625,0,0,0,0,0,0,0,0,Object notstarted,Object notstarted,Object notstarted,Object notstarted,Object notstarted,Object notstarted,Object notstarted,Object notstarted,Object notstarted
2024-03-18 10:30:05,177.177,__main___datalogs,INFO,JoyConState.NORMAL,0.000000,0.000000,0.000000,0.096125,0.009155,0.011443,0.020598,0.000000,0.000000,0.000000,0.000000,0,0,0,0,0,0,0,0,0,0,0,0.045257568359375,-0.004302978515625,0,0,0,0,0,0,0,0,Object notstarted,Object notstarted,Object notstarted,Object notstarted,Object notstarted,Object notstarted,Object notstarted,Object notstarted,Object notstarted
2024-03-18 10:30:05,232.232,__main___datalogs,INFO,JoyConState.NORMAL,0.000000,0.000000,0.000000,0.096125,0.009155,0.011443,0.020598,0.000000,0.000000,0.000000,0.000000,0,0,0,0,0,0,0,0,0,0,0,0.045257568359375,-0.004302978515625,0,0,0,0,0,0,0,0,Object notstarted,Object notstarted,Object notstarted,Object notstarted,Object notstarted,Object notstarted,Object notstarted,Object notstarted,Object notstarted
2024-03-18 10:30:05,287.287,__main___datalogs,INFO,JoyConState.NORMAL,0.000000,0.000000,0.000000,0.091547,0.009155,0.011443,0.025176,0.000000,0.000000,0.000000,0.000000,0,0,0,0,0,0,0,0,0,0,0,0.045257568359375,-0.004302978515625,0,0,0,0,0,0,0,0,Object notstarted,Object notstarted,Object notstarted,Object notstarted,Object notstarted,Object notstarted,Object notstarted,Object notstarted,Object notstarted
2024-03-18 10:30:05,342.342,__main___datalogs,INFO,JoyConState.NORMAL,0.000000,0.000000,0.000000,0.091547,0.009155,0.011443,0.025176,0.000000,0.000000,0.000000,0.000000,0,0,0,0,0,0,0,0,0,0,0,0.045257568359375,-0.004302978515625,0,0,0,0,0,0,0,0,Object notstarted,Object notstarted,Object notstarted,Object notstarted,Object notstarted,Object notstarted,Object notstarted,Object notstarted,Object notstarted
2024-03-18 10:30:05,399.399,__main___datalogs,INFO,JoyConState.NORMAL,0.000000,0.000000,0.000000,0.091547,0.006866,0.004577,0.025176,0.000000,0.000000,0.000000,0.000000,0,0,0,0,0,0,0,0,0,0,0,0.045257568359375,-0.004302978515625,0,0,0,0,0,0,0,0,Object notstarted,Object notstarted,Object notstarted,Object notstarted,Object notstarted,Object notstarted,Object notstarted,Object notstarted,Object notstarted
2024-03-18 10:30:05,455.455,__main___datalogs,INFO,JoyConState.NORMAL,0.000000,0.000000,0.000000,0.096125,0.009155,0.011443,0.020598,0.000000,0.000000,0.000000,0.000000,0,0,0,0,0,0,0,0,0,0,0,0.045257568359375,-0.004302978515625,0,0,0,0,0,0,0,0,Object notstarted,Object notstarted,Object notstarted,Object notstarted,Object notstarted,Object notstarted,Object notstarted,Object notstarted,Object notstarted
2024-03-18 10:30:05,511.511,__main___datalogs,INFO,JoyConState.NORMAL,0.000000,0.000000,0.000000,0.091547,0.009155,0.011443,0.025176,0.000000,0.000000,0.000000,0.000000,0,0,0,0,0,0,0,0,0,0,0,0.045257568359375,-0.004302978515625,0,0,0,0,0,0,0,0,Object notstarted,Object notstarted,Object notstarted,Object notstarted,Object notstarted,Object notstarted,Object notstarted,Object notstarted,Object notstarted
2024-03-18 10:30:05,567.567,__main___datalogs,INFO,JoyConState.NORMAL,0.000000,0.000000,0.000000,0.096125,0.009155,0.011443,0.025176,0.000000,0.000000,0.000000,0.000000,0,0,0,0,0,0,0,0,0,0,0,0.045257568359375,-0.004302978515625,0,0,0,0,0,0,0,0,Object notstarted,Object notstarted,Object notstarted,Object notstarted,Object notstarted,Object notstarted,Object notstarted,Object notstarted,Object notstarted
2024-03-18 10:30:05,624.624,__main___datalogs,INFO,JoyConState.NORMAL,0.000000,0.000000,0.000000,0.091547,0.009155,0.011443,0.020598,0.000000,0.000000,0.000000,0.000000,0,0,0,0,0,0,0,0,0,0,0,0.045257568359375,-0.004302978515625,0,0,0,0,0,0,0,0,Object notstarted,Object notstarted,Object notstarted,Object notstarted,Object notstarted,Object notstarted,Object notstarted,Object notstarted,Object notstarted
2024-03-18 10:30:05,678.678,__main___datalogs,INFO,JoyConState.NORMAL,0.000000,0.000000,0.000000,0.096125,0.006866,0.011443,0.025176,0.000000,0.000000,0.000000,0.000000,0,0,0,0,0,0,0,0,0,0,0,0.045257568359375,-0.004302978515625,0,0,0,0,0,0,0,0,Object notstarted,Object notstarted,Object notstarted,Object notstarted,Object notstarted,Object notstarted,Object notstarted,Object notstarted,Object notstarted
2024-03-18 10:30:05,735.735,__main___datalogs,INFO,JoyConState.NORMAL,0.000000,0.000000,0.000000,0.098413,0.006866,0.011443,0.020598,0.000000,0.000000,0.000000,0.000000,0,0,0,0,0,0,0,0,0,0,0,0.045257568359375,-0.004302978515625,0,0,0,0,0,0,0,0,Object notstarted,Object notstarted,Object notstarted,Object notstarted,Object notstarted,Object notstarted,Object notstarted,Object notstarted,Object notstarted
2024-03-18 10:30:05,790.790,__main___datalogs,INFO,JoyConState.NORMAL,0.000000,0.000000,0.000000,0.098413,0.009155,0.004577,0.025176,0.000000,0.000000,0.000000,0.000000,0,0,0,0,0,0,0,0,0,0,0,0.045257568359375,-0.004302978515625,0,0,0,0,0,0,0,0,Object notstarted,Object notstarted,Object notstarted,Object notstarted,Object notstarted,Object notstarted,Object notstarted,Object notstarted,Object notstarted
2024-03-18 10:30:05,846.846,__main___datalogs,INFO,JoyConState.NORMAL,0.000000,0.000000,0.000000,0.098413,0.009155,0.004577,0.020598,0.000000,0.000000,0.000000,0.000000,0,0,0,0,0,0,0,0,0,0,0,0.045257568359375,-0.004302978515625,0,0,0,0,0,0,0,0,Object notstarted,Object notstarted,Object notstarted,Object notstarted,Object notstarted,Object notstarted,Object notstarted,Object notstarted,Object notstarted
2024-03-18 10:30:05,901.901,__main___datalogs,INFO,JoyConState.NORMAL,0.000000,0.000000,0.000000,0.096125,0.006866,0.011443,0.025176,0.000000,0.000000,0.000000,0.000000,0,0,0,0,0,0,0,0,0,0,0,0.045257568359375,-0.004302978515625,0,0,0,0,0,0,0,0,Object notstarted,Object notstarted,Object notstarted,Object notstarted,Object notstarted,Object notstarted,Object notstarted,Object notstarted,Object notstarted
2024-03-18 10:30:05,958.958,__main___datalogs,INFO,JoyConState.NORMAL,0.000000,0.000000,0.000000,0.098413,0.009155,0.011443,0.025176,0.000000,0.000000,0.000000,0.000000,0,0,0,0,0,0,0,0,0,0,0,0.045257568359375,-0.004302978515625,0,0,0,0,0,0,0,0,Object notstarted,Object notstarted,Object notstarted,Object notstarted,Object notstarted,Object notstarted,Object notstarted,Object notstarted,Object notstarted
2024-03-18 10:30:06,013.013,__main___datalogs,INFO,JoyConState.NORMAL,0.000000,0.000000,0.000000,0.091547,0.009155,0.004577,0.020598,0.000000,0.000000,0.000000,0.000000,0,0,0,0,0,0,0,0,0,0,0,0.045257568359375,-0.004302978515625,0,0,0,0,0,0,0,0,Object notstarted,Object notstarted,Object notstarted,Object notstarted,Object notstarted,Object notstarted,Object notstarted,Object notstarted,Object notstarted
2024-03-18 10:30:06,070.070,__main___datalogs,INFO,JoyConState.NORMAL,0.000000,0.000000,0.000000,0.091547,0.009155,0.004577,0.020598,0.000000,0.000000,0.000000,0.000000,0,0,0,0,0,0,0,0,0,0,0,0.045257568359375,-0.004302978515625,0,0,0,0,0,0,0,0,Object notstarted,Object notstarted,Object notstarted,Object notstarted,Object notstarted,Object notstarted,Object notstarted,Object notstarted,Object notstarted
2024-03-18 10:30:06,141.141,__main___datalogs,INFO,JoyConState.NORMAL,0.000000,0.000000,0.000000,0.096125,0.006866,0.011443,0.020598,0.000000,0.000000,0.000000,0.000000,0,0,0,0,0,0,0,0,0,0,0,0.045257568359375,-0.004302978515625,0,0,0,0,0,0,0,0,Object notstarted,Object notstarted,Object notstarted,Object notstarted,Object notstarted,Object notstarted,Object notstarted,Object notstarted,Object notstarted
2024-03-18 10:30:06,202.202,__main___datalogs,INFO,JoyConState.NORMAL,0.000000,0.000000,0.000000,0.096125,0.006866,0.011443,0.020598,0.000000,0.000000,0.000000,0.000000,0,0,0,0,0,0,0,0,0,0,0,0.045257568359375,-0.004302978515625,0,0,0,0,0,0,0,0,Object notstarted,Object notstarted,Object notstarted,Object notstarted,Object notstarted,Object notstarted,Object notstarted,Object notstarted,Object notstarted
2024-03-18 10:30:06,257.257,__main___datalogs,INFO,JoyConState.NORMAL,0.000000,0.000000,0.000000,0.091547,0.009155,0.011443,0.020598,0.000000,0.000000,0.000000,0.000000,0,0,0,0,0,0,0,0,0,0,0,0.045257568359375,-0.004302978515625,0,0,0,0,0,0,0,0,Object notstarted,Object notstarted,Object notstarted,Object notstarted,Object notstarted,Object notstarted,Object notstarted,Object notstarted,Object notstarted
2024-03-18 10:30:06,313.313,__main___datalogs,INFO,JoyConState.NORMAL,0.000000,0.000000,0.000000,0.098413,0.009155,0.011443,0.020598,0.000000,0.000000,0.000000,0.000000,0,0,0,0,0,0,0,0,0,0,0,0.045257568359375,-0.004302978515625,0,0,0,0,0,0,0,0,Object notstarted,Object notstarted,Object notstarted,Object notstarted,Object notstarted,Object notstarted,Object notstarted,Object notstarted,Object notstarted
2024-03-18 10:30:06,368.368,__main___datalogs,INFO,JoyConState.NORMAL,0.000000,0.000000,0.000000,0.096125,0.006866,0.011443,0.020598,0.000000,0.000000,0.000000,0.000000,0,0,0,0,0,0,0,0,0,0,0,0.045257568359375,-0.004302978515625,0,0,0,0,0,0,0,0,Object notstarted,Object notstarted,Object notstarted,Object notstarted,Object notstarted,Object notstarted,Object notstarted,Object notstarted,Object notstarted
2024-03-18 10:30:06,425.425,__main___datalogs,INFO,JoyConState.NORMAL,0.000000,0.000000,0.000000,0.096125,0.002289,0.011443,0.025176,0.000000,0.000000,0.000000,0.000000,0,0,0,0,0,0,0,0,0,0,0,0.045257568359375,-0.004302978515625,0,0,0,0,0,0,0,0,Object notstarted,Object notstarted,Object notstarted,Object notstarted,Object notstarted,Object notstarted,Object notstarted,Object notstarted,Object notstarted
2024-03-18 10:30:06,480.480,__main___datalogs,INFO,JoyConState.NORMAL,0.000000,0.000000,0.000000,0.096125,0.006866,0.011443,0.025176,0.000000,0.000000,0.000000,0.000000,0,0,0,0,0,0,0,0,0,0,0,0.045257568359375,-0.004302978515625,0,0,0,0,0,0,0,0,Object notstarted,Object notstarted,Object notstarted,Object notstarted,Object notstarted,Object notstarted,Object notstarted,Object notstarted,Object notstarted
2024-03-18 10:30:06,537.537,__main___datalogs,INFO,JoyConState.NORMAL,0.000000,0.000000,0.000000,0.091547,0.009155,0.011443,0.025176,0.000000,0.000000,0.000000,0.000000,0,0,0,0,0,0,0,0,0,0,0,0.045257568359375,-0.004302978515625,0,0,0,0,0,0,0,0,Object notstarted,Object notstarted,Object notstarted,Object notstarted,Object notstarted,Object notstarted,Object notstarted,Object notstarted,Object notstarted
2024-03-18 10:30:06,592.592,__main___datalogs,INFO,JoyConState.NORMAL,0.000000,0.000000,0.000000,0.096125,0.006866,0.011443,0.025176,0.000000,0.000000,0.000000,0.000000,0,0,0,0,0,0,0,0,0,0,0,0.045257568359375,-0.004302978515625,0,0,0,0,0,0,0,0,Object notstarted,Object notstarted,Object notstarted,Object notstarted,Object notstarted,Object notstarted,Object notstarted,Object notstarted,Object notstarted
2024-03-18 10:30:06,648.648,__main___datalogs,INFO,JoyConState.NORMAL,0.000000,0.000000,0.000000,0.091547,0.009155,0.011443,0.020598,0.000000,0.000000,0.000000,0.000000,0,0,0,0,0,0,0,0,0,0,0,0.045257568359375,-0.004302978515625,0,0,0,0,0,0,0,0,Object notstarted,Object notstarted,Object notstarted,Object notstarted,Object notstarted,Object notstarted,Object notstarted,Object notstarted,Object notstarted
2024-03-18 10:30:06,703.703,__main___datalogs,INFO,JoyConState.NORMAL,0.000000,0.000000,0.000000,0.091547,0.009155,0.004577,0.025176,0.000000,0.000000,0.000000,0.000000,0,0,0,0,0,0,0,0,0,0,0,0.045257568359375,-0.004302978515625,0,0,0,0,0,0,0,0,Object notstarted,Object notstarted,Object notstarted,Object notstarted,Object notstarted,Object notstarted,Object notstarted,Object notstarted,Object notstarted
2024-03-18 10:30:06,760.760,__main___datalogs,INFO,JoyConState.NORMAL,0.000000,0.000000,0.000000,0.096125,0.006866,0.004577,0.025176,0.000000,0.000000,0.000000,0.000000,0,0,0,0,0,0,0,0,0,0,0,0.045257568359375,-0.004302978515625,0,0,0,0,0,0,0,0,Object notstarted,Object notstarted,Object notstarted,Object notstarted,Object notstarted,Object notstarted,Object notstarted,Object notstarted,Object notstarted
2024-03-18 10:30:06,815.815,__main___datalogs,INFO,JoyConState.NORMAL,0.000000,0.000000,0.000000,0.098413,0.006866,0.011443,0.020598,0.000000,0.000000,0.000000,0.000000,0,0,0,0,0,0,0,0,0,0,0,0.045257568359375,-0.004302978515625,0,0,0,0,0,0,0,0,Object notstarted,Object notstarted,Object notstarted,Object notstarted,Object notstarted,Object notstarted,Object notstarted,Object notstarted,Object notstarted
2024-03-18 10:30:06,871.871,__main___datalogs,INFO,JoyConState.NORMAL,0.000000,0.000000,0.000000,0.098413,0.009155,0.011443,0.025176,0.000000,0.000000,0.000000,0.000000,0,0,0,0,0,0,0,0,0,0,0,0.045257568359375,-0.004302978515625,0,0,0,0,0,0,0,0,Object notstarted,Object notstarted,Object notstarted,Object notstarted,Object notstarted,Object notstarted,Object notstarted,Object notstarted,Object notstarted
2024-03-18 10:30:06,927.927,__main___datalogs,INFO,JoyConState.NORMAL,0.000000,0.000000,0.000000,0.098413,0.009155,0.011443,0.025176,0.000000,0.000000,0.000000,0.000000,0,0,0,0,0,0,0,0,0,0,0,0.045257568359375,-0.004302978515625,0,0,0,0,0,0,0,0,Object notstarted,Object notstarted,Object notstarted,Object notstarted,Object notstarted,Object notstarted,Object notstarted,Object notstarted,Object notstarted
2024-03-18 10:30:06,983.983,__main___datalogs,INFO,JoyConState.NORMAL,0.000000,0.000000,0.000000,0.096125,0.009155,0.011443,0.025176,0.000000,0.000000,0.000000,0.000000,0,0,0,0,0,0,0,0,0,0,0,0.045257568359375,-0.004302978515625,0,0,0,0,0,0,0,0,Object notstarted,Object notstarted,Object notstarted,Object notstarted,Object notstarted,Object notstarted,Object notstarted,Object notstarted,Object notstarted
2024-03-18 10:30:07,038.038,__main___datalogs,INFO,JoyConState.NORMAL,0.000000,0.000000,0.000000,0.096125,0.009155,0.011443,0.025176,0.000000,0.000000,0.000000,0.000000,0,0,0,0,0,0,0,0,0,0,0,0.045257568359375,-0.004302978515625,0,0,0,0,0,0,0,0,Object notstarted,Object notstarted,Object notstarted,Object notstarted,Object notstarted,Object notstarted,Object notstarted,Object notstarted,Object notstarted
2024-03-18 10:30:07,095.095,__main___datalogs,INFO,JoyConState.NORMAL,0.000000,0.000000,0.000000,0.098413,0.009155,0.011443,0.020598,0.000000,0.000000,0.000000,0.000000,0,0,0,0,0,0,0,0,0,0,0,0.045257568359375,-0.004302978515625,0,0,0,0,0,0,0,0,Object notstarted,Object notstarted,Object notstarted,Object notstarted,Object notstarted,Object notstarted,Object notstarted,Object notstarted,Object notstarted
2024-03-18 10:30:07,151.151,__main___datalogs,INFO,JoyConState.NORMAL,0.000000,0.000000,0.000000,0.091547,0.006866,0.011443,0.025176,0.000000,0.000000,0.000000,0.000000,0,0,0,0,0,0,0,0,0,0,0,0.045257568359375,-0.004302978515625,0,0,0,0,0,0,0,0,Object notstarted,Object notstarted,Object notstarted,Object notstarted,Object notstarted,Object notstarted,Object notstarted,Object notstarted,Object notstarted
2024-03-18 10:30:07,223.223,__main___datalogs,INFO,JoyConState.NORMAL,0.000000,0.000000,0.000000,0.096125,0.006866,0.011443,0.025176,0.000000,0.000000,0.000000,0.000000,0,0,0,0,0,0,0,0,0,0,0,0.045257568359375,-0.004302978515625,0,0,0,0,0,0,0,0,Object notstarted,Object notstarted,Object notstarted,Object notstarted,Object notstarted,Object notstarted,Object notstarted,Object notstarted,Object notstarted
2024-03-18 10:30:07,294.294,__main___datalogs,INFO,JoyConState.NORMAL,0.000000,0.000000,0.000000,0.096125,0.009155,0.011443,0.025176,0.000000,0.000000,0.000000,0.000000,0,0,0,0,0,0,0,0,0,0,0,0.045257568359375,-0.004302978515625,0,0,0,0,0,0,0,0,Object notstarted,Object notstarted,Object notstarted,Object notstarted,Object notstarted,Object notstarted,Object notstarted,Object notstarted,Object notstarted
2024-03-18 10:30:07,351.351,__main___datalogs,INFO,JoyConState.NORMAL,0.000000,0.000000,0.000000,0.096125,0.009155,0.011443,0.020598,0.000000,0.000000,0.000000,0.000000,0,0,0,0,0,0,0,0,0,0,0,0.045257568359375,-0.004302978515625,0,0,0,0,0,0,0,0,Object notstarted,Object notstarted,Object notstarted,Object notstarted,Object notstarted,Object notstarted,Object notstarted,Object notstarted,Object notstarted
2024-03-18 10:30:07,406.406,__main___datalogs,INFO,JoyConState.NORMAL,0.000000,0.000000,0.000000,0.096125,0.002289,0.011443,0.020598,0.000000,0.000000,0.000000,0.000000,0,0,0,0,0,0,0,0,0,0,0,0.045257568359375,-0.004302978515625,0,0,0,0,0,0,0,0,Object notstarted,Object notstarted,Object notstarted,Object notstarted,Object notstarted,Object notstarted,Object notstarted,Object notstarted,Object notstarted
2024-03-18 10:30:07,462.462,__main___datalogs,INFO,JoyConState.NORMAL,0.000000,0.000000,0.000000,0.096125,0.006866,0.011443,0.020598,0.000000,0.000000,0.000000,0.000000,0,0,0,0,0,0,0,0,0,0,0,0.045257568359375,-0.004302978515625,0,0,0,0,0,0,0,0,Object notstarted,Object notstarted,Object notstarted,Object notstarted,Object notstarted,Object notstarted,Object notstarted,Object notstarted,Object notstarted
2024-03-18 10:30:07,519.519,__main___datalogs,INFO,JoyConState.NORMAL,0.000000,0.000000,0.000000,0.096125,0.006866,0.011443,0.020598,0.000000,0.000000,0.000000,0.000000,0,0,0,0,0,0,0,0,0,0,0,0.045257568359375,-0.004302978515625,0,0,0,0,0,0,0,0,Object notstarted,Object notstarted,Object notstarted,Object notstarted,Object notstarted,Object notstarted,Object notstarted,Object notstarted,Object notstarted
2024-03-18 10:30:07,575.575,__main___datalogs,INFO,JoyConState.NORMAL,0.000000,0.000000,0.000000,0.096125,0.009155,0.004577,0.025176,0.000000,0.000000,0.000000,0.000000,0,0,0,0,0,0,0,0,0,0,0,0.045257568359375,-0.004302978515625,0,0,0,0,0,0,0,0,Object notstarted,Object notstarted,Object notstarted,Object notstarted,Object notstarted,Object notstarted,Object notstarted,Object notstarted,Object notstarted
2024-03-18 10:30:07,630.630,__main___datalogs,INFO,JoyConState.NORMAL,0.000000,0.000000,0.000000,0.098413,0.009155,0.011443,0.020598,0.000000,0.000000,0.000000,0.000000,0,0,0,0,0,0,0,0,0,0,0,0.045257568359375,-0.004302978515625,0,0,0,0,0,0,0,0,Object notstarted,Object notstarted,Object notstarted,Object notstarted,Object notstarted,Object notstarted,Object notstarted,Object notstarted,Object notstarted
2024-03-18 10:30:07,686.686,__main___datalogs,INFO,JoyConState.NORMAL,0.000000,0.000000,0.000000,0.096125,0.006866,0.011443,0.025176,0.000000,0.000000,0.000000,0.000000,0,0,0,0,0,0,0,0,0,0,0,0.045257568359375,-0.004302978515625,0,0,0,0,0,0,0,0,Object notstarted,Object notstarted,Object notstarted,Object notstarted,Object notstarted,Object notstarted,Object notstarted,Object notstarted,Object notstarted
2024-03-18 10:30:07,742.742,__main___datalogs,INFO,JoyConState.NORMAL,0.000000,0.000000,0.000000,0.098413,0.006866,0.004577,0.025176,0.000000,0.000000,0.000000,0.000000,0,0,0,0,0,0,0,0,0,0,0,0.045257568359375,-0.004302978515625,0,0,0,0,0,0,0,0,Object notstarted,Object notstarted,Object notstarted,Object notstarted,Object notstarted,Object notstarted,Object notstarted,Object notstarted,Object notstarted
2024-03-18 10:30:07,798.798,__main___datalogs,INFO,JoyConState.NORMAL,0.000000,0.000000,0.000000,0.098413,-0.002289,0.004577,0.025176,0.000000,0.000000,0.000000,0.000000,0,0,0,0,0,0,0,0,0,0,0,0.045257568359375,-0.004302978515625,0,0,0,0,0,0,0,0,Object notstarted,Object notstarted,Object notstarted,Object notstarted,Object notstarted,Object notstarted,Object notstarted,Object notstarted,Object notstarted
2024-03-18 10:30:07,854.854,__main___datalogs,INFO,JoyConState.NORMAL,0.000000,0.000000,0.000000,0.096125,0.002289,0.004577,0.025176,0.000000,0.000000,0.000000,0.000000,0,0,0,0,0,0,0,0,0,0,0,0.045257568359375,-0.004302978515625,0,0,0,0,0,0,0,0,Object notstarted,Object notstarted,Object notstarted,Object notstarted,Object notstarted,Object notstarted,Object notstarted,Object notstarted,Object notstarted
2024-03-18 10:30:07,910.910,__main___datalogs,INFO,JoyConState.NORMAL,0.000000,0.000000,0.000000,0.096125,0.006866,0.011443,0.020598,0.000000,0.000000,0.000000,0.000000,0,0,0,0,0,0,0,0,0,0,0,0.045257568359375,-0.004302978515625,0,0,0,0,0,0,0,0,Object notstarted,Object notstarted,Object notstarted,Object notstarted,Object notstarted,Object notstarted,Object notstarted,Object notstarted,Object notstarted
2024-03-18 10:30:07,966.966,__main___datalogs,INFO,JoyConState.NORMAL,0.000000,0.000000,0.000000,0.096125,0.002289,0.011443,0.025176,0.000000,0.000000,0.000000,0.000000,0,0,0,0,0,0,0,0,0,0,0,0.045257568359375,-0.004302978515625,0,0,0,0,0,0,0,0,Object notstarted,Object notstarted,Object notstarted,Object notstarted,Object notstarted,Object notstarted,Object notstarted,Object notstarted,Object notstarted
2024-03-18 10:30:08,022.022,__main___datalogs,INFO,JoyConState.NORMAL,0.000000,0.000000,0.000000,0.096125,0.002289,0.004577,0.020598,0.000000,0.000000,0.000000,0.000000,0,0,0,0,0,0,0,0,0,0,0,0.045257568359375,-0.004302978515625,0,0,0,0,0,0,0,0,Object notstarted,Object notstarted,Object notstarted,Object notstarted,Object notstarted,Object notstarted,Object notstarted,Object notstarted,Object notstarted
2024-03-18 10:30:08,077.077,__main___datalogs,INFO,JoyConState.NORMAL,0.000000,0.000000,0.000000,0.096125,0.009155,0.002289,0.020598,0.000000,0.000000,0.000000,0.000000,0,0,0,0,0,0,0,0,0,0,0,0.045257568359375,-0.004302978515625,0,0,0,0,0,0,0,0,Object notstarted,Object notstarted,Object notstarted,Object notstarted,Object notstarted,Object notstarted,Object notstarted,Object notstarted,Object notstarted
2024-03-18 10:30:08,134.134,__main___datalogs,INFO,JoyConState.NORMAL,0.000000,0.000000,0.000000,0.091547,0.006866,0.011443,0.020598,0.000000,0.000000,0.000000,0.000000,0,0,0,0,0,0,0,0,0,0,0,0.045257568359375,-0.004302978515625,0,0,0,0,0,0,0,0,Object notstarted,Object notstarted,Object notstarted,Object notstarted,Object notstarted,Object notstarted,Object notstarted,Object notstarted,Object notstarted
2024-03-18 10:30:08,189.189,__main___datalogs,INFO,JoyConState.NORMAL,0.000000,0.000000,0.000000,0.091547,0.009155,0.011443,0.025176,0.000000,0.000000,0.000000,0.000000,0,0,0,0,0,0,0,0,0,0,0,0.045257568359375,-0.004302978515625,0,0,0,0,0,0,0,0,Object notstarted,Object notstarted,Object notstarted,Object notstarted,Object notstarted,Object notstarted,Object notstarted,Object notstarted,Object notstarted
2024-03-18 10:30:08,262.262,__main___datalogs,INFO,JoyConState.NORMAL,0.000000,0.000000,0.000000,0.096125,0.009155,0.004577,0.020598,0.000000,0.000000,0.000000,0.000000,0,0,0,0,0,0,0,0,0,0,0,0.045257568359375,-0.004302978515625,0,0,0,0,0,0,0,0,Object notstarted,Object notstarted,Object notstarted,Object notstarted,Object notstarted,Object notstarted,Object notstarted,Object notstarted,Object notstarted
2024-03-18 10:30:08,337.337,__main___datalogs,INFO,JoyConState.NORMAL,0.000000,0.000000,0.000000,0.091547,0.009155,0.004577,0.025176,0.000000,0.000000,0.000000,0.000000,0,0,0,0,0,0,0,0,0,0,0,0.045257568359375,-0.004302978515625,0,0,0,0,0,0,0,0,Object notstarted,Object notstarted,Object notstarted,Object notstarted,Object notstarted,Object notstarted,Object notstarted,Object notstarted,Object notstarted
2024-03-18 10:30:08,394.394,__main___datalogs,INFO,JoyConState.NORMAL,0.000000,0.000000,0.000000,0.098413,0.009155,0.011443,0.020598,0.000000,0.000000,0.000000,0.000000,0,0,0,0,0,0,0,0,0,0,0,0.045257568359375,-0.004302978515625,0,0,0,0,0,0,0,0,Object notstarted,Object notstarted,Object notstarted,Object notstarted,Object notstarted,Object notstarted,Object notstarted,Object notstarted,Object notstarted
2024-03-18 10:30:08,465.465,__main___datalogs,INFO,JoyConState.NORMAL,0.000000,0.000000,0.000000,0.096125,0.009155,0.011443,0.020598,0.000000,0.000000,0.000000,0.000000,0,0,0,0,0,0,0,0,0,0,0,0.045257568359375,-0.004302978515625,0,0,0,0,0,0,0,0,Object notstarted,Object notstarted,Object notstarted,Object notstarted,Object notstarted,Object notstarted,Object notstarted,Object notstarted,Object notstarted
2024-03-18 10:30:08,522.522,__main___datalogs,INFO,JoyConState.NORMAL,0.000000,0.000000,0.000000,0.098413,0.009155,0.004577,0.025176,0.000000,0.000000,0.000000,0.000000,0,0,0,0,0,0,0,0,0,0,0,0.045257568359375,-0.004302978515625,0,0,0,0,0,0,0,0,Object notstarted,Object notstarted,Object notstarted,Object notstarted,Object notstarted,Object notstarted,Object notstarted,Object notstarted,Object notstarted
2024-03-18 10:30:08,577.577,__main___datalogs,INFO,JoyConState.NORMAL,0.000000,0.000000,0.000000,0.096125,0.009155,0.004577,0.025176,0.000000,0.000000,0.000000,0.000000,0,0,0,0,0,0,0,0,0,0,0,0.045257568359375,-0.004302978515625,0,0,0,0,0,0,0,0,Object notstarted,Object notstarted,Object notstarted,Object notstarted,Object notstarted,Object notstarted,Object notstarted,Object notstarted,Object notstarted
2024-03-18 10:30:08,634.634,__main___datalogs,INFO,JoyConState.NORMAL,0.000000,0.000000,0.000000,0.098413,0.009155,0.004577,0.025176,0.000000,0.000000,0.000000,0.000000,0,0,0,0,0,0,0,0,0,0,0,0.045257568359375,-0.004302978515625,0,0,0,0,0,0,0,0,Object notstarted,Object notstarted,Object notstarted,Object notstarted,Object notstarted,Object notstarted,Object notstarted,Object notstarted,Object notstarted
2024-03-18 10:30:08,689.689,__main___datalogs,INFO,JoyConState.NORMAL,0.000000,0.000000,0.000000,0.091547,0.009155,0.011443,0.025176,0.000000,0.000000,0.000000,0.000000,0,0,0,0,0,0,0,0,0,0,0,0.045257568359375,-0.004302978515625,0,0,0,0,0,0,0,0,Object notstarted,Object notstarted,Object notstarted,Object notstarted,Object notstarted,Object notstarted,Object notstarted,Object notstarted,Object notstarted
2024-03-18 10:30:08,746.746,__main___datalogs,INFO,JoyConState.NORMAL,0.000000,0.000000,0.000000,0.091547,0.006866,0.011443,0.020598,0.000000,0.000000,0.000000,0.000000,0,0,0,0,0,0,0,0,0,0,0,0.045257568359375,-0.004302978515625,0,0,0,0,0,0,0,0,Object notstarted,Object notstarted,Object notstarted,Object notstarted,Object notstarted,Object notstarted,Object notstarted,Object notstarted,Object notstarted
2024-03-18 10:30:08,801.801,__main___datalogs,INFO,JoyConState.NORMAL,0.000000,0.000000,0.000000,0.091547,0.002289,0.011443,0.025176,0.000000,0.000000,0.000000,0.000000,0,0,0,0,0,0,0,0,0,0,0,0.045257568359375,-0.004302978515625,0,0,0,0,0,0,0,0,Object notstarted,Object notstarted,Object notstarted,Object notstarted,Object notstarted,Object notstarted,Object notstarted,Object notstarted,Object notstarted
2024-03-18 10:30:08,857.857,__main___datalogs,INFO,JoyConState.NORMAL,0.000000,0.000000,0.000000,0.098413,0.006866,0.011443,0.020598,0.000000,0.000000,0.000000,0.000000,0,0,0,0,0,0,0,0,0,0,0,0.045257568359375,-0.004302978515625,0,0,0,0,0,0,0,0,Object notstarted,Object notstarted,Object notstarted,Object notstarted,Object notstarted,Object notstarted,Object notstarted,Object notstarted,Object notstarted
2024-03-18 10:30:08,913.913,__main___datalogs,INFO,JoyConState.NORMAL,0.000000,0.000000,0.000000,0.098413,0.006866,0.011443,0.025176,0.000000,0.000000,0.000000,0.000000,0,0,0,0,0,0,0,0,0,0,0,0.045257568359375,-0.004302978515625,0,0,0,0,0,0,0,0,Object notstarted,Object notstarted,Object notstarted,Object notstarted,Object notstarted,Object notstarted,Object notstarted,Object notstarted,Object notstarted
2024-03-18 10:30:08,969.969,__main___datalogs,INFO,JoyConState.NORMAL,0.000000,0.000000,0.000000,0.098413,0.009155,0.011443,0.025176,0.000000,0.000000,0.000000,0.000000,0,0,0,0,0,0,0,0,0,0,0,0.045257568359375,-0.004302978515625,0,0,0,0,0,0,0,0,Object notstarted,Object notstarted,Object notstarted,Object notstarted,Object notstarted,Object notstarted,Object notstarted,Object notstarted,Object notstarted
2024-03-18 10:30:09,025.025,__main___datalogs,INFO,JoyConState.NORMAL,0.000000,0.000000,0.000000,0.098413,0.009155,0.011443,0.020598,0.000000,0.000000,0.000000,0.000000,0,0,0,0,0,0,0,0,0,0,0,0.045257568359375,-0.004302978515625,0,0,0,0,0,0,0,0,Object notstarted,Object notstarted,Object notstarted,Object notstarted,Object notstarted,Object notstarted,Object notstarted,Object notstarted,Object notstarted
2024-03-18 10:30:09,081.081,__main___datalogs,INFO,JoyConState.NORMAL,0.000000,0.000000,0.000000,0.096125,0.009155,0.011443,0.025176,0.000000,0.000000,0.000000,0.000000,0,0,0,0,0,0,0,0,0,0,0,0.045257568359375,-0.004302978515625,0,0,0,0,0,0,0,0,Object notstarted,Object notstarted,Object notstarted,Object notstarted,Object notstarted,Object notstarted,Object notstarted,Object notstarted,Object notstarted
2024-03-18 10:30:09,136.136,__main___datalogs,INFO,JoyConState.NORMAL,0.000000,0.000000,0.000000,0.098413,0.009155,0.011443,0.025176,0.000000,0.000000,0.000000,0.000000,0,0,0,0,0,0,0,0,0,0,0,0.045257568359375,-0.004302978515625,0,0,0,0,0,0,0,0,Object notstarted,Object notstarted,Object notstarted,Object notstarted,Object notstarted,Object notstarted,Object notstarted,Object notstarted,Object notstarted
2024-03-18 10:30:09,193.193,__main___datalogs,INFO,JoyConState.NORMAL,0.000000,0.000000,0.000000,0.096125,0.009155,0.011443,0.020598,0.000000,0.000000,0.000000,0.000000,0,0,0,0,0,0,0,0,0,0,0,0.045257568359375,-0.004302978515625,0,0,0,0,0,0,0,0,Object notstarted,Object notstarted,Object notstarted,Object notstarted,Object notstarted,Object notstarted,Object notstarted,Object notstarted,Object notstarted
2024-03-18 10:30:09,248.248,__main___datalogs,INFO,JoyConState.NORMAL,0.000000,0.000000,0.000000,0.098413,0.009155,0.011443,0.025176,0.000000,0.000000,0.000000,0.000000,0,0,0,0,0,0,0,0,0,0,0,0.045257568359375,-0.004302978515625,0,0,0,0,0,0,0,0,Object notstarted,Object notstarted,Object notstarted,Object notstarted,Object notstarted,Object notstarted,Object notstarted,Object notstarted,Object notstarted
2024-03-18 10:30:09,304.304,__main___datalogs,INFO,JoyConState.NORMAL,0.000000,0.000000,0.000000,0.096125,0.009155,0.004577,0.020598,0.000000,0.000000,0.000000,0.000000,0,0,0,0,0,0,0,0,0,0,0,0.045257568359375,-0.004302978515625,0,0,0,0,0,0,0,0,Object notstarted,Object notstarted,Object notstarted,Object notstarted,Object notstarted,Object notstarted,Object notstarted,Object notstarted,Object notstarted
2024-03-18 10:30:09,384.384,__main___datalogs,INFO,JoyConState.NORMAL,0.000000,0.000000,0.000000,0.096125,0.006866,0.011443,0.025176,0.000000,0.000000,0.000000,0.000000,0,0,0,0,0,0,0,0,0,0,0,0.045257568359375,-0.004302978515625,0,0,0,0,0,0,0,0,Object notstarted,Object notstarted,Object notstarted,Object notstarted,Object notstarted,Object notstarted,Object notstarted,Object notstarted,Object notstarted
2024-03-18 10:30:09,440.440,__main___datalogs,INFO,JoyConState.NORMAL,0.000000,0.000000,0.000000,0.096125,0.006866,0.011443,0.020598,0.000000,0.000000,0.000000,0.000000,0,0,0,0,0,0,0,0,0,0,0,0.045257568359375,-0.004302978515625,0,0,0,0,0,0,0,0,Object notstarted,Object notstarted,Object notstarted,Object notstarted,Object notstarted,Object notstarted,Object notstarted,Object notstarted,Object notstarted
2024-03-18 10:30:09,496.496,__main___datalogs,INFO,JoyConState.NORMAL,0.000000,0.000000,0.000000,0.096125,0.009155,0.011443,0.020598,0.000000,0.000000,0.000000,0.000000,0,0,0,0,0,0,0,0,0,0,0,0.045257568359375,-0.004302978515625,0,0,0,0,0,0,0,0,Object notstarted,Object notstarted,Object notstarted,Object notstarted,Object notstarted,Object notstarted,Object notstarted,Object notstarted,Object notstarted
2024-03-18 10:30:09,552.552,__main___datalogs,INFO,JoyConState.NORMAL,0.000000,0.000000,0.000000,0.098413,0.006866,0.011443,0.020598,0.000000,0.000000,0.000000,0.000000,0,0,0,0,0,0,0,0,0,0,0,0.045257568359375,-0.004302978515625,0,0,0,0,0,0,0,0,Object notstarted,Object notstarted,Object notstarted,Object notstarted,Object notstarted,Object notstarted,Object notstarted,Object notstarted,Object notstarted
2024-03-18 10:30:09,608.608,__main___datalogs,INFO,JoyConState.NORMAL,0.000000,0.000000,0.000000,0.096125,0.006866,0.004577,0.025176,0.000000,0.000000,0.000000,0.000000,0,0,0,0,0,0,0,0,0,0,0,0.045257568359375,-0.004302978515625,0,0,0,0,0,0,0,0,Object notstarted,Object notstarted,Object notstarted,Object notstarted,Object notstarted,Object notstarted,Object notstarted,Object notstarted,Object notstarted
2024-03-18 10:30:09,664.664,__main___datalogs,INFO,JoyConState.NORMAL,0.000000,0.000000,0.000000,0.091547,0.009155,0.011443,0.020598,0.000000,0.000000,0.000000,0.000000,0,0,0,0,0,0,0,0,0,0,0,0.045257568359375,-0.004302978515625,0,0,0,0,0,0,0,0,Object notstarted,Object notstarted,Object notstarted,Object notstarted,Object notstarted,Object notstarted,Object notstarted,Object notstarted,Object notstarted
2024-03-18 10:30:09,720.720,__main___datalogs,INFO,JoyConState.NORMAL,0.000000,0.000000,0.000000,0.098413,0.009155,0.011443,0.025176,0.000000,0.000000,0.000000,0.000000,0,0,0,0,0,0,0,0,0,0,0,0.045257568359375,-0.004302978515625,0,0,0,0,0,0,0,0,Object notstarted,Object notstarted,Object notstarted,Object notstarted,Object notstarted,Object notstarted,Object notstarted,Object notstarted,Object notstarted
2024-03-18 10:30:09,777.777,__main___datalogs,INFO,JoyConState.NORMAL,0.000000,0.000000,0.000000,0.096125,0.009155,0.004577,0.025176,0.000000,0.000000,0.000000,0.000000,0,0,0,0,0,0,0,0,0,0,0,0.045257568359375,-0.004302978515625,0,0,0,0,0,0,0,0,Object notstarted,Object notstarted,Object notstarted,Object notstarted,Object notstarted,Object notstarted,Object notstarted,Object notstarted,Object notstarted
2024-03-18 10:30:09,831.831,__main___datalogs,INFO,JoyConState.NORMAL,0.000000,0.000000,0.000000,0.096125,0.009155,0.004577,0.025176,0.000000,0.000000,0.000000,0.000000,0,0,0,0,0,0,0,0,0,0,0,0.045257568359375,-0.004302978515625,0,0,0,0,0,0,0,0,Object notstarted,Object notstarted,Object notstarted,Object notstarted,Object notstarted,Object notstarted,Object notstarted,Object notstarted,Object notstarted
2024-03-18 10:30:09,887.887,__main___datalogs,INFO,JoyConState.NORMAL,0.000000,0.000000,0.000000,0.096125,0.009155,0.011443,0.025176,0.000000,0.000000,0.000000,0.000000,0,0,0,0,0,0,0,0,0,0,0,0.045257568359375,-0.004302978515625,0,0,0,0,0,0,0,0,Object notstarted,Object notstarted,Object notstarted,Object notstarted,Object notstarted,Object notstarted,Object notstarted,Object notstarted,Object notstarted
2024-03-18 10:30:09,942.942,__main___datalogs,INFO,JoyConState.NORMAL,0.000000,0.000000,0.000000,0.096125,0.009155,0.011443,0.016021,0.000000,0.000000,0.000000,0.000000,0,0,0,0,0,0,0,0,0,0,0,0.045257568359375,-0.004302978515625,0,0,0,0,0,0,0,0,Object notstarted,Object notstarted,Object notstarted,Object notstarted,Object notstarted,Object notstarted,Object notstarted,Object notstarted,Object notstarted
2024-03-18 10:30:09,998.998,__main___datalogs,INFO,JoyConState.NORMAL,0.000000,0.000000,0.000000,0.098413,0.009155,0.004577,0.020598,0.000000,0.000000,0.000000,0.000000,0,0,0,0,0,0,0,0,0,0,0,0.045257568359375,-0.004302978515625,0,0,0,0,0,0,0,0,Object notstarted,Object notstarted,Object notstarted,Object notstarted,Object notstarted,Object notstarted,Object notstarted,Object notstarted,Object notstarted
2024-03-18 10:30:10,054.054,__main___datalogs,INFO,JoyConState.NORMAL,0.000000,0.000000,0.000000,0.098413,0.009155,0.011443,0.025176,0.000000,0.000000,0.000000,0.000000,0,0,0,0,0,0,0,0,0,0,0,0.045257568359375,-0.004302978515625,0,0,0,0,0,0,0,0,Object notstarted,Object notstarted,Object notstarted,Object notstarted,Object notstarted,Object notstarted,Object notstarted,Object notstarted,Object notstarted
2024-03-18 10:30:10,110.110,__main___datalogs,INFO,JoyConState.NORMAL,0.000000,0.000000,0.000000,0.096125,0.009155,0.011443,0.016021,0.000000,0.000000,0.000000,0.000000,0,0,0,0,0,0,0,0,0,0,0,0.045257568359375,-0.004302978515625,0,0,0,0,0,0,0,0,Object notstarted,Object notstarted,Object notstarted,Object notstarted,Object notstarted,Object notstarted,Object notstarted,Object notstarted,Object notstarted
2024-03-18 10:30:10,166.166,__main___datalogs,INFO,JoyConState.NORMAL,0.000000,0.000000,0.000000,0.096125,0.009155,0.011443,0.020598,0.000000,0.000000,0.000000,0.000000,0,0,0,0,0,0,0,0,0,0,0,0.045257568359375,-0.004302978515625,0,0,0,0,0,0,0,0,Object notstarted,Object notstarted,Object notstarted,Object notstarted,Object notstarted,Object notstarted,Object notstarted,Object notstarted,Object notstarted
2024-03-18 10:30:10,222.222,__main___datalogs,INFO,JoyConState.NORMAL,0.000000,0.000000,0.000000,0.096125,0.006866,0.011443,0.020598,0.000000,0.000000,0.000000,0.000000,0,0,0,0,0,0,0,0,0,0,0,0.045257568359375,-0.004302978515625,0,0,0,0,0,0,0,0,Object notstarted,Object notstarted,Object notstarted,Object notstarted,Object notstarted,Object notstarted,Object notstarted,Object notstarted,Object notstarted
2024-03-18 10:30:10,278.278,__main___datalogs,INFO,JoyConState.NORMAL,0.000000,0.000000,0.000000,0.096125,0.006866,0.011443,0.020598,0.000000,0.000000,0.000000,0.000000,0,0,0,0,0,0,0,0,0,0,0,0.045257568359375,-0.004302978515625,0,0,0,0,0,0,0,0,Object notstarted,Object notstarted,Object notstarted,Object notstarted,Object notstarted,Object notstarted,Object notstarted,Object notstarted,Object notstarted
2024-03-18 10:30:10,334.334,__main___datalogs,INFO,JoyConState.NORMAL,0.000000,0.000000,0.000000,0.098413,0.006866,0.013732,0.025176,0.000000,0.000000,0.000000,0.000000,0,0,0,0,0,0,0,0,0,0,0,0.045257568359375,-0.004302978515625,0,0,0,0,0,0,0,0,Object notstarted,Object notstarted,Object notstarted,Object notstarted,Object notstarted,Object notstarted,Object notstarted,Object notstarted,Object notstarted
2024-03-18 10:30:10,404.404,__main___datalogs,INFO,JoyConState.NORMAL,0.000000,0.000000,0.000000,0.091547,0.006866,0.011443,0.020598,0.000000,0.000000,0.000000,0.000000,0,0,0,0,0,0,0,0,0,0,0,0.045257568359375,-0.004302978515625,0,0,0,0,0,0,0,0,Object notstarted,Object notstarted,Object notstarted,Object notstarted,Object notstarted,Object notstarted,Object notstarted,Object notstarted,Object notstarted
2024-03-18 10:30:10,469.469,__main___datalogs,INFO,JoyConState.NORMAL,0.000000,0.000000,0.000000,0.091547,0.009155,0.011443,0.025176,0.000000,0.000000,0.000000,0.000000,0,0,0,0,0,0,0,0,0,0,0,0.045257568359375,-0.004302978515625,0,0,0,0,0,0,0,0,Object notstarted,Object notstarted,Object notstarted,Object notstarted,Object notstarted,Object notstarted,Object notstarted,Object notstarted,Object notstarted
2024-03-18 10:30:10,525.525,__main___datalogs,INFO,JoyConState.NORMAL,0.000000,0.000000,0.000000,0.096125,0.009155,0.011443,0.025176,0.000000,0.000000,0.000000,0.000000,0,0,0,0,0,0,0,0,0,0,0,0.045257568359375,-0.004302978515625,0,0,0,0,0,0,0,0,Object notstarted,Object notstarted,Object notstarted,Object notstarted,Object notstarted,Object notstarted,Object notstarted,Object notstarted,Object notstarted
2024-03-18 10:30:10,580.580,__main___datalogs,INFO,JoyConState.NORMAL,0.000000,0.000000,0.000000,0.091547,0.006866,0.011443,0.020598,0.000000,0.000000,0.000000,0.000000,0,0,0,0,0,0,0,0,0,0,0,0.045257568359375,-0.004302978515625,0,0,0,0,0,0,0,0,Object notstarted,Object notstarted,Object notstarted,Object notstarted,Object notstarted,Object notstarted,Object notstarted,Object notstarted,Object notstarted
2024-03-18 10:30:10,636.636,__main___datalogs,INFO,JoyConState.NORMAL,0.000000,0.000000,0.000000,0.098413,0.009155,0.011443,0.025176,0.000000,0.000000,0.000000,0.000000,0,0,0,0,0,0,0,0,0,0,0,0.045257568359375,-0.004302978515625,0,0,0,0,0,0,0,0,Object notstarted,Object notstarted,Object notstarted,Object notstarted,Object notstarted,Object notstarted,Object notstarted,Object notstarted,Object notstarted
2024-03-18 10:30:10,693.693,__main___datalogs,INFO,JoyConState.NORMAL,0.000000,0.000000,0.000000,0.096125,0.006866,0.011443,0.025176,0.000000,0.000000,0.000000,0.000000,0,0,0,0,0,0,0,0,0,0,0,0.045257568359375,-0.004302978515625,0,0,0,0,0,0,0,0,Object notstarted,Object notstarted,Object notstarted,Object notstarted,Object notstarted,Object notstarted,Object notstarted,Object notstarted,Object notstarted
2024-03-18 10:30:10,748.748,__main___datalogs,INFO,JoyConState.NORMAL,0.000000,0.000000,0.000000,0.096125,0.006866,0.011443,0.020598,0.000000,0.000000,0.000000,0.000000,0,0,0,0,0,0,0,0,0,0,0,0.045257568359375,-0.004302978515625,0,0,0,0,0,0,0,0,Object notstarted,Object notstarted,Object notstarted,Object notstarted,Object notstarted,Object notstarted,Object notstarted,Object notstarted,Object notstarted
2024-03-18 10:30:10,805.805,__main___datalogs,INFO,JoyConState.NORMAL,0.000000,0.000000,0.000000,0.098413,0.009155,0.011443,0.025176,0.000000,0.000000,0.000000,0.000000,0,0,0,0,0,0,0,0,0,0,0,0.045257568359375,-0.004302978515625,0,0,0,0,0,0,0,0,Object notstarted,Object notstarted,Object notstarted,Object notstarted,Object notstarted,Object notstarted,Object notstarted,Object notstarted,Object notstarted
2024-03-18 10:30:10,860.860,__main___datalogs,INFO,JoyConState.NORMAL,0.000000,0.000000,0.000000,0.096125,0.009155,0.004577,0.020598,0.000000,0.000000,0.000000,0.000000,0,0,0,0,0,0,0,0,0,0,0,0.045257568359375,-0.004302978515625,0,0,0,0,0,0,0,0,Object notstarted,Object notstarted,Object notstarted,Object notstarted,Object notstarted,Object notstarted,Object notstarted,Object notstarted,Object notstarted
2024-03-18 10:30:10,917.917,__main___datalogs,INFO,JoyConState.NORMAL,0.000000,0.000000,0.000000,0.098413,0.006866,0.011443,0.025176,0.000000,0.000000,0.000000,0.000000,0,0,0,0,0,0,0,0,0,0,0,0.045257568359375,-0.004302978515625,0,0,0,0,0,0,0,0,Object notstarted,Object notstarted,Object notstarted,Object notstarted,Object notstarted,Object notstarted,Object notstarted,Object notstarted,Object notstarted
2024-03-18 10:30:10,972.972,__main___datalogs,INFO,JoyConState.NORMAL,0.000000,0.000000,0.000000,0.096125,0.009155,0.011443,0.020598,0.000000,0.000000,0.000000,0.000000,0,0,0,0,0,0,0,0,0,0,0,0.045257568359375,-0.004302978515625,0,0,0,0,0,0,0,0,Object notstarted,Object notstarted,Object notstarted,Object notstarted,Object notstarted,Object notstarted,Object notstarted,Object notstarted,Object notstarted
2024-03-18 10:30:11,028.028,__main___datalogs,INFO,JoyConState.NORMAL,0.000000,0.000000,0.000000,0.098413,0.009155,0.011443,0.020598,0.000000,0.000000,0.000000,0.000000,0,0,0,0,0,0,0,0,0,0,0,0.045257568359375,-0.004302978515625,0,0,0,0,0,0,0,0,Object notstarted,Object notstarted,Object notstarted,Object notstarted,Object notstarted,Object notstarted,Object notstarted,Object notstarted,Object notstarted
2024-03-18 10:30:11,084.084,__main___datalogs,INFO,JoyConState.NORMAL,0.000000,0.000000,0.000000,0.098413,0.006866,0.011443,0.025176,0.000000,0.000000,0.000000,0.000000,0,0,0,0,0,0,0,0,0,0,0,0.045257568359375,-0.004302978515625,0,0,0,0,0,0,0,0,Object notstarted,Object notstarted,Object notstarted,Object notstarted,Object notstarted,Object notstarted,Object notstarted,Object notstarted,Object notstarted
2024-03-18 10:30:11,141.141,__main___datalogs,INFO,JoyConState.NORMAL,0.000000,0.000000,0.000000,0.096125,0.006866,0.004577,0.025176,0.000000,0.000000,0.000000,0.000000,0,0,0,0,0,0,0,0,0,0,0,0.045257568359375,-0.004302978515625,0,0,0,0,0,0,0,0,Object notstarted,Object notstarted,Object notstarted,Object notstarted,Object notstarted,Object notstarted,Object notstarted,Object notstarted,Object notstarted
2024-03-18 10:30:11,196.196,__main___datalogs,INFO,JoyConState.NORMAL,0.000000,0.000000,0.000000,0.098413,0.009155,0.004577,0.025176,0.000000,0.000000,0.000000,0.000000,0,0,0,0,0,0,0,0,0,0,0,0.045257568359375,-0.004302978515625,0,0,0,0,0,0,0,0,Object notstarted,Object notstarted,Object notstarted,Object notstarted,Object notstarted,Object notstarted,Object notstarted,Object notstarted,Object notstarted
2024-03-18 10:30:11,252.252,__main___datalogs,INFO,JoyConState.NORMAL,0.000000,0.000000,0.000000,0.098413,0.009155,0.004577,0.020598,0.000000,0.000000,0.000000,0.000000,0,0,0,0,0,0,0,0,0,0,0,0.045257568359375,-0.004302978515625,0,0,0,0,0,0,0,0,Object notstarted,Object notstarted,Object notstarted,Object notstarted,Object notstarted,Object notstarted,Object notstarted,Object notstarted,Object notstarted
2024-03-18 10:30:11,306.306,__main___datalogs,INFO,JoyConState.NORMAL,0.000000,0.000000,0.000000,0.091547,0.009155,0.011443,0.025176,0.000000,0.000000,0.000000,0.000000,0,0,0,0,0,0,0,0,0,0,0,0.045257568359375,-0.004302978515625,0,0,0,0,0,0,0,0,Object notstarted,Object notstarted,Object notstarted,Object notstarted,Object notstarted,Object notstarted,Object notstarted,Object notstarted,Object notstarted
2024-03-18 10:30:11,363.363,__main___datalogs,INFO,JoyConState.NORMAL,0.000000,0.000000,0.000000,0.096125,0.009155,0.011443,0.025176,0.000000,0.000000,0.000000,0.000000,0,0,0,0,0,0,0,0,0,0,0,0.045257568359375,-0.004302978515625,0,0,0,0,0,0,0,0,Object notstarted,Object notstarted,Object notstarted,Object notstarted,Object notstarted,Object notstarted,Object notstarted,Object notstarted,Object notstarted
2024-03-18 10:30:11,419.419,__main___datalogs,INFO,JoyConState.NORMAL,0.000000,0.000000,0.000000,0.091547,0.009155,0.011443,0.020598,0.000000,0.000000,0.000000,0.000000,0,0,0,0,0,0,0,0,0,0,0,0.045257568359375,-0.004302978515625,0,0,0,0,0,0,0,0,Object notstarted,Object notstarted,Object notstarted,Object notstarted,Object notstarted,Object notstarted,Object notstarted,Object notstarted,Object notstarted
2024-03-18 10:30:11,491.491,__main___datalogs,INFO,JoyConState.NORMAL,0.000000,0.000000,0.000000,0.096125,0.006866,0.011443,0.020598,0.000000,0.000000,0.000000,0.000000,0,0,0,0,0,0,0,0,0,0,0,0.045257568359375,-0.004302978515625,0,0,0,0,0,0,0,0,Object notstarted,Object notstarted,Object notstarted,Object notstarted,Object notstarted,Object notstarted,Object notstarted,Object notstarted,Object notstarted
2024-03-18 10:30:11,567.567,__main___datalogs,INFO,JoyConState.NORMAL,0.000000,0.000000,0.000000,0.096125,0.006866,0.011443,0.025176,0.000000,0.000000,0.000000,0.000000,0,0,0,0,0,0,0,0,0,0,0,0.045257568359375,-0.004302978515625,0,0,0,0,0,0,0,0,Object notstarted,Object notstarted,Object notstarted,Object notstarted,Object notstarted,Object notstarted,Object notstarted,Object notstarted,Object notstarted
2024-03-18 10:30:11,623.623,__main___datalogs,INFO,JoyConState.NORMAL,0.000000,0.000000,0.000000,0.096125,0.006866,0.011443,0.025176,0.000000,0.000000,0.000000,0.000000,0,0,0,0,0,0,0,0,0,0,0,0.045257568359375,-0.004302978515625,0,0,0,0,0,0,0,0,Object notstarted,Object notstarted,Object notstarted,Object notstarted,Object notstarted,Object notstarted,Object notstarted,Object notstarted,Object notstarted
2024-03-18 10:30:11,679.679,__main___datalogs,INFO,JoyConState.NORMAL,0.000000,0.000000,0.000000,0.096125,0.009155,0.011443,0.025176,0.000000,0.000000,0.000000,0.000000,0,0,0,0,0,0,0,0,0,0,0,0.045257568359375,-0.004302978515625,0,0,0,0,0,0,0,0,Object notstarted,Object notstarted,Object notstarted,Object notstarted,Object notstarted,Object notstarted,Object notstarted,Object notstarted,Object notstarted
2024-03-18 10:30:11,735.735,__main___datalogs,INFO,JoyConState.NORMAL,0.000000,0.000000,0.000000,0.091547,0.009155,0.011443,0.020598,0.000000,0.000000,0.000000,0.000000,0,0,0,0,0,0,0,0,0,0,0,0.045257568359375,-0.004302978515625,0,0,0,0,0,0,0,0,Object notstarted,Object notstarted,Object notstarted,Object notstarted,Object notstarted,Object notstarted,Object notstarted,Object notstarted,Object notstarted
2024-03-18 10:30:11,791.791,__main___datalogs,INFO,JoyConState.NORMAL,0.000000,0.000000,0.000000,0.091547,0.002289,0.011443,0.025176,0.000000,0.000000,0.000000,0.000000,0,0,0,0,0,0,0,0,0,0,0,0.045257568359375,-0.004302978515625,0,0,0,0,0,0,0,0,Object notstarted,Object notstarted,Object notstarted,Object notstarted,Object notstarted,Object notstarted,Object notstarted,Object notstarted,Object notstarted
2024-03-18 10:30:11,848.848,__main___datalogs,INFO,JoyConState.NORMAL,0.000000,0.000000,0.000000,0.098413,0.006866,0.011443,0.025176,0.000000,0.000000,0.000000,0.000000,0,0,0,0,0,0,0,0,0,0,0,0.045257568359375,-0.004302978515625,0,0,0,0,0,0,0,0,Object notstarted,Object notstarted,Object notstarted,Object notstarted,Object notstarted,Object notstarted,Object notstarted,Object notstarted,Object notstarted
2024-03-18 10:30:11,903.903,__main___datalogs,INFO,JoyConState.NORMAL,0.000000,0.000000,0.000000,0.098413,0.009155,0.011443,0.025176,0.000000,0.000000,0.000000,0.000000,0,0,0,0,0,0,0,0,0,0,0,0.045257568359375,-0.004302978515625,0,0,0,0,0,0,0,0,Object notstarted,Object notstarted,Object notstarted,Object notstarted,Object notstarted,Object notstarted,Object notstarted,Object notstarted,Object notstarted
2024-03-18 10:30:11,959.959,__main___datalogs,INFO,JoyConState.NORMAL,0.000000,0.000000,0.000000,0.098413,0.013732,0.011443,0.025176,0.000000,0.000000,0.000000,0.000000,0,0,0,0,0,0,0,0,0,0,0,0.045257568359375,-0.004302978515625,0,0,0,0,0,0,0,0,Object notstarted,Object notstarted,Object notstarted,Object notstarted,Object notstarted,Object notstarted,Object notstarted,Object notstarted,Object notstarted
2024-03-18 10:30:12,015.015,__main___datalogs,INFO,JoyConState.NORMAL,0.000000,0.000000,0.000000,0.098413,0.009155,0.011443,0.025176,0.000000,0.000000,0.000000,0.000000,0,0,0,0,0,0,0,0,0,0,0,0.045257568359375,-0.004302978515625,0,0,0,0,0,0,0,0,Object notstarted,Object notstarted,Object notstarted,Object notstarted,Object notstarted,Object notstarted,Object notstarted,Object notstarted,Object notstarted
2024-03-18 10:30:12,071.071,__main___datalogs,INFO,JoyConState.NORMAL,0.000000,0.000000,0.000000,0.096125,0.009155,0.004577,0.020598,0.000000,0.000000,0.000000,0.000000,0,0,0,0,0,0,0,0,0,0,0,0.045257568359375,-0.004302978515625,0,0,0,0,0,0,0,0,Object notstarted,Object notstarted,Object notstarted,Object notstarted,Object notstarted,Object notstarted,Object notstarted,Object notstarted,Object notstarted
2024-03-18 10:30:12,127.127,__main___datalogs,INFO,JoyConState.NORMAL,0.000000,0.000000,0.000000,0.096125,0.006866,0.004577,0.025176,0.000000,0.000000,0.000000,0.000000,0,0,0,0,0,0,0,0,0,0,0,0.045257568359375,-0.004302978515625,0,0,0,0,0,0,0,0,Object notstarted,Object notstarted,Object notstarted,Object notstarted,Object notstarted,Object notstarted,Object notstarted,Object notstarted,Object notstarted
2024-03-18 10:30:12,183.183,__main___datalogs,INFO,JoyConState.NORMAL,0.000000,0.000000,0.000000,0.096125,0.002289,0.011443,0.016021,0.000000,0.000000,0.000000,0.000000,0,0,0,0,0,0,0,0,0,0,0,0.045257568359375,-0.004302978515625,0,0,0,0,0,0,0,0,Object notstarted,Object notstarted,Object notstarted,Object notstarted,Object notstarted,Object notstarted,Object notstarted,Object notstarted,Object notstarted
2024-03-18 10:30:12,239.239,__main___datalogs,INFO,JoyConState.NORMAL,0.000000,0.000000,0.000000,0.096125,0.006866,0.004577,0.020598,0.000000,0.000000,0.000000,0.000000,0,0,0,0,0,0,0,0,0,0,0,0.045257568359375,-0.004302978515625,0,0,0,0,0,0,0,0,Object notstarted,Object notstarted,Object notstarted,Object notstarted,Object notstarted,Object notstarted,Object notstarted,Object notstarted,Object notstarted
2024-03-18 10:30:12,295.295,__main___datalogs,INFO,JoyConState.NORMAL,0.000000,0.000000,0.000000,0.096125,0.009155,0.004577,0.025176,0.000000,0.000000,0.000000,0.000000,0,0,0,0,0,0,0,0,0,0,0,0.045257568359375,-0.004302978515625,0,0,0,0,0,0,0,0,Object notstarted,Object notstarted,Object notstarted,Object notstarted,Object notstarted,Object notstarted,Object notstarted,Object notstarted,Object notstarted
2024-03-18 10:30:12,351.351,__main___datalogs,INFO,JoyConState.NORMAL,0.000000,0.000000,0.000000,0.098413,0.009155,0.011443,0.025176,0.000000,0.000000,0.000000,0.000000,0,0,0,0,0,0,0,0,0,0,0,0.045257568359375,-0.004302978515625,0,0,0,0,0,0,0,0,Object notstarted,Object notstarted,Object notstarted,Object notstarted,Object notstarted,Object notstarted,Object notstarted,Object notstarted,Object notstarted
2024-03-18 10:30:12,407.407,__main___datalogs,INFO,JoyConState.NORMAL,0.000000,0.000000,0.000000,0.098413,0.009155,0.011443,0.025176,0.000000,0.000000,0.000000,0.000000,0,0,0,0,0,0,0,0,0,0,0,0.045257568359375,-0.004302978515625,0,0,0,0,0,0,0,0,Object notstarted,Object notstarted,Object notstarted,Object notstarted,Object notstarted,Object notstarted,Object notstarted,Object notstarted,Object notstarted
2024-03-18 10:30:12,463.463,__main___datalogs,INFO,JoyConState.NORMAL,0.000000,0.000000,0.000000,0.096125,0.009155,0.013732,0.025176,0.000000,0.000000,0.000000,0.000000,0,0,0,0,0,0,0,0,0,0,0,0.045257568359375,-0.004302978515625,0,0,0,0,0,0,0,0,Object notstarted,Object notstarted,Object notstarted,Object notstarted,Object notstarted,Object notstarted,Object notstarted,Object notstarted,Object notstarted
2024-03-18 10:30:12,536.536,__main___datalogs,INFO,JoyConState.NORMAL,0.000000,0.000000,0.000000,0.091547,0.009155,0.011443,0.025176,0.000000,0.000000,0.000000,0.000000,0,0,0,0,0,0,0,0,0,0,0,0.045257568359375,-0.004302978515625,0,0,0,0,0,0,0,0,Object notstarted,Object notstarted,Object notstarted,Object notstarted,Object notstarted,Object notstarted,Object notstarted,Object notstarted,Object notstarted
2024-03-18 10:30:12,615.615,__main___datalogs,INFO,JoyConState.NORMAL,0.000000,0.000000,0.000000,0.096125,0.009155,0.011443,0.020598,0.000000,0.000000,0.000000,0.000000,0,0,0,0,0,0,0,0,0,0,0,0.045257568359375,-0.004302978515625,0,0,0,0,0,0,0,0,Object notstarted,Object notstarted,Object notstarted,Object notstarted,Object notstarted,Object notstarted,Object notstarted,Object notstarted,Object notstarted
2024-03-18 10:30:12,672.672,__main___datalogs,INFO,JoyConState.NORMAL,0.000000,0.000000,0.000000,0.096125,0.009155,0.011443,0.025176,0.000000,0.000000,0.000000,0.000000,0,0,0,0,0,0,0,0,0,0,0,0.045257568359375,-0.004302978515625,0,0,0,0,0,0,0,0,Object notstarted,Object notstarted,Object notstarted,Object notstarted,Object notstarted,Object notstarted,Object notstarted,Object notstarted,Object notstarted
2024-03-18 10:30:12,728.728,__main___datalogs,INFO,JoyConState.NORMAL,0.000000,0.000000,0.000000,0.091547,0.009155,0.011443,0.020598,0.000000,0.000000,0.000000,0.000000,0,0,0,0,0,0,0,0,0,0,0,0.045257568359375,-0.004302978515625,0,0,0,0,0,0,0,0,Object notstarted,Object notstarted,Object notstarted,Object notstarted,Object notstarted,Object notstarted,Object notstarted,Object notstarted,Object notstarted
2024-03-18 10:30:12,784.784,__main___datalogs,INFO,JoyConState.NORMAL,0.000000,0.000000,0.000000,0.096125,0.006866,0.011443,0.025176,0.000000,0.000000,0.000000,0.000000,0,0,0,0,0,0,0,0,0,0,0,0.045257568359375,-0.004302978515625,0,0,0,0,0,0,0,0,Object notstarted,Object notstarted,Object notstarted,Object notstarted,Object notstarted,Object notstarted,Object notstarted,Object notstarted,Object notstarted
2024-03-18 10:30:12,839.839,__main___datalogs,INFO,JoyConState.NORMAL,0.000000,0.000000,0.000000,0.091547,0.006866,0.004577,0.025176,0.000000,0.000000,0.000000,0.000000,0,0,0,0,0,0,0,0,0,0,0,0.045257568359375,-0.004302978515625,0,0,0,0,0,0,0,0,Object notstarted,Object notstarted,Object notstarted,Object notstarted,Object notstarted,Object notstarted,Object notstarted,Object notstarted,Object notstarted
2024-03-18 10:30:12,896.896,__main___datalogs,INFO,JoyConState.NORMAL,0.000000,0.000000,0.000000,0.096125,0.009155,0.004577,0.020598,0.000000,0.000000,0.000000,0.000000,0,0,0,0,0,0,0,0,0,0,0,0.045257568359375,-0.004302978515625,0,0,0,0,0,0,0,0,Object notstarted,Object notstarted,Object notstarted,Object notstarted,Object notstarted,Object notstarted,Object notstarted,Object notstarted,Object notstarted
2024-03-18 10:30:12,951.951,__main___datalogs,INFO,JoyConState.NORMAL,0.000000,0.000000,0.000000,0.096125,0.009155,0.011443,0.025176,0.000000,0.000000,0.000000,0.000000,0,0,0,0,0,0,0,0,0,0,0,0.045257568359375,-0.004302978515625,0,0,0,0,0,0,0,0,Object notstarted,Object notstarted,Object notstarted,Object notstarted,Object notstarted,Object notstarted,Object notstarted,Object notstarted,Object notstarted
2024-03-18 10:30:13,008.008,__main___datalogs,INFO,JoyConState.NORMAL,0.000000,0.000000,0.000000,0.091547,0.006866,0.004577,0.020598,0.000000,0.000000,0.000000,0.000000,0,0,0,0,0,0,0,0,0,0,0,0.045257568359375,-0.004302978515625,0,0,0,0,0,0,0,0,Object notstarted,Object notstarted,Object notstarted,Object notstarted,Object notstarted,Object notstarted,Object notstarted,Object notstarted,Object notstarted
2024-03-18 10:30:13,063.063,__main___datalogs,INFO,JoyConState.NORMAL,0.000000,0.000000,0.000000,0.096125,0.006866,0.011443,0.020598,0.000000,0.000000,0.000000,0.000000,0,0,0,0,0,0,0,0,0,0,0,0.045257568359375,-0.004302978515625,0,0,0,0,0,0,0,0,Object notstarted,Object notstarted,Object notstarted,Object notstarted,Object notstarted,Object notstarted,Object notstarted,Object notstarted,Object notstarted
2024-03-18 10:30:13,118.118,__main___datalogs,INFO,JoyConState.NORMAL,0.000000,0.000000,0.000000,0.096125,0.009155,0.011443,0.025176,0.000000,0.000000,0.000000,0.000000,0,0,0,0,0,0,0,0,0,0,0,0.045257568359375,-0.004302978515625,0,0,0,0,0,0,0,0,Object notstarted,Object notstarted,Object notstarted,Object notstarted,Object notstarted,Object notstarted,Object notstarted,Object notstarted,Object notstarted
2024-03-18 10:30:13,174.174,__main___datalogs,INFO,JoyConState.NORMAL,0.000000,0.000000,0.000000,0.096125,0.013732,0.004577,0.025176,0.000000,0.000000,0.000000,0.000000,0,0,0,0,0,0,0,0,0,0,0,0.045257568359375,-0.004302978515625,0,0,0,0,0,0,0,0,Object notstarted,Object notstarted,Object notstarted,Object notstarted,Object notstarted,Object notstarted,Object notstarted,Object notstarted,Object notstarted
2024-03-18 10:30:13,231.231,__main___datalogs,INFO,JoyConState.NORMAL,0.000000,0.000000,0.000000,0.098413,0.006866,0.004577,0.025176,0.000000,0.000000,0.000000,0.000000,0,0,0,0,0,0,0,0,0,0,0,0.045257568359375,-0.004302978515625,0,0,0,0,0,0,0,0,Object notstarted,Object notstarted,Object notstarted,Object notstarted,Object notstarted,Object notstarted,Object notstarted,Object notstarted,Object notstarted
2024-03-18 10:30:13,302.302,__main___datalogs,INFO,JoyConState.NORMAL,0.000000,0.000000,0.000000,0.096125,0.006866,0.011443,0.025176,0.000000,0.000000,0.000000,0.000000,0,0,0,0,0,0,0,0,0,0,0,0.045257568359375,-0.004302978515625,0,0,0,0,0,0,0,0,Object notstarted,Object notstarted,Object notstarted,Object notstarted,Object notstarted,Object notstarted,Object notstarted,Object notstarted,Object notstarted
2024-03-18 10:30:13,359.359,__main___datalogs,INFO,JoyConState.NORMAL,0.000000,0.000000,0.000000,0.096125,0.002289,0.011443,0.016021,0.000000,0.000000,0.000000,0.000000,0,0,0,0,0,0,0,0,0,0,0,0.045257568359375,-0.004302978515625,0,0,0,0,0,0,0,0,Object notstarted,Object notstarted,Object notstarted,Object notstarted,Object notstarted,Object notstarted,Object notstarted,Object notstarted,Object notstarted
2024-03-18 10:30:13,413.413,__main___datalogs,INFO,JoyConState.NORMAL,0.000000,0.000000,0.000000,0.098413,0.009155,0.004577,0.020598,0.000000,0.000000,0.000000,0.000000,0,0,0,0,0,0,0,0,0,0,0,0.045257568359375,-0.004302978515625,0,0,0,0,0,0,0,0,Object notstarted,Object notstarted,Object notstarted,Object notstarted,Object notstarted,Object notstarted,Object notstarted,Object notstarted,Object notstarted
2024-03-18 10:30:13,471.471,__main___datalogs,INFO,JoyConState.NORMAL,0.000000,0.000000,0.000000,0.096125,0.006866,0.011443,0.025176,0.000000,0.000000,0.000000,0.000000,0,0,0,0,0,0,0,0,0,0,0,0.045257568359375,-0.004302978515625,0,0,0,0,0,0,0,0,Object notstarted,Object notstarted,Object notstarted,Object notstarted,Object notstarted,Object notstarted,Object notstarted,Object notstarted,Object notstarted
2024-03-18 10:30:13,526.526,__main___datalogs,INFO,JoyConState.NORMAL,0.000000,0.000000,0.000000,0.098413,0.006866,0.011443,0.025176,0.000000,0.000000,0.000000,0.000000,0,0,0,0,0,0,0,0,0,0,0,0.045257568359375,-0.004302978515625,0,0,0,0,0,0,0,0,Object notstarted,Object notstarted,Object notstarted,Object notstarted,Object notstarted,Object notstarted,Object notstarted,Object notstarted,Object notstarted
2024-03-18 10:30:13,582.582,__main___datalogs,INFO,JoyConState.NORMAL,0.000000,0.000000,0.000000,0.098413,0.006866,0.011443,0.025176,0.000000,0.000000,0.000000,0.000000,0,0,0,0,0,0,0,0,0,0,0,0.045257568359375,-0.004302978515625,0,0,0,0,0,0,0,0,Object notstarted,Object notstarted,Object notstarted,Object notstarted,Object notstarted,Object notstarted,Object notstarted,Object notstarted,Object notstarted
2024-03-18 10:30:13,651.651,__main___datalogs,INFO,JoyConState.NORMAL,0.000000,0.000000,0.000000,0.096125,0.009155,0.004577,0.020598,0.000000,0.000000,0.000000,0.000000,0,0,0,0,0,0,0,0,0,0,0,0.045257568359375,-0.004302978515625,0,0,0,0,0,0,0,0,Object notstarted,Object notstarted,Object notstarted,Object notstarted,Object notstarted,Object notstarted,Object notstarted,Object notstarted,Object notstarted
2024-03-18 10:30:13,707.707,__main___datalogs,INFO,JoyConState.NORMAL,0.000000,0.000000,0.000000,0.098413,0.009155,0.011443,0.025176,0.000000,0.000000,0.000000,0.000000,0,0,0,0,0,0,0,0,0,0,0,0.045257568359375,-0.004302978515625,0,0,0,0,0,0,0,0,Object notstarted,Object notstarted,Object notstarted,Object notstarted,Object notstarted,Object notstarted,Object notstarted,Object notstarted,Object notstarted
2024-03-18 10:30:13,762.762,__main___datalogs,INFO,JoyConState.NORMAL,0.000000,0.000000,0.000000,0.098413,0.009155,0.011443,0.025176,0.000000,0.000000,0.000000,0.000000,0,0,0,0,0,0,0,0,0,0,0,0.045257568359375,-0.004302978515625,0,0,0,0,0,0,0,0,Object notstarted,Object notstarted,Object notstarted,Object notstarted,Object notstarted,Object notstarted,Object notstarted,Object notstarted,Object notstarted
2024-03-18 10:30:13,819.819,__main___datalogs,INFO,JoyConState.NORMAL,0.000000,0.000000,0.000000,0.091547,0.009155,0.004577,0.025176,0.000000,0.000000,0.000000,0.000000,0,0,0,0,0,0,0,0,0,0,0,0.045257568359375,-0.004302978515625,0,0,0,0,0,0,0,0,Object notstarted,Object notstarted,Object notstarted,Object notstarted,Object notstarted,Object notstarted,Object notstarted,Object notstarted,Object notstarted
2024-03-18 10:30:13,874.874,__main___datalogs,INFO,JoyConState.NORMAL,0.000000,0.000000,0.000000,0.098413,0.009155,0.011443,0.025176,0.000000,0.000000,0.000000,0.000000,0,0,0,0,0,0,0,0,0,0,0,0.045257568359375,-0.004302978515625,0,0,0,0,0,0,0,0,Object notstarted,Object notstarted,Object notstarted,Object notstarted,Object notstarted,Object notstarted,Object notstarted,Object notstarted,Object notstarted
2024-03-18 10:30:13,931.931,__main___datalogs,INFO,JoyConState.NORMAL,0.000000,0.000000,0.000000,0.098413,0.009155,0.011443,0.025176,0.000000,0.000000,0.000000,0.000000,0,0,0,0,0,0,0,0,0,0,0,0.045257568359375,-0.004302978515625,0,0,0,0,0,0,0,0,Object notstarted,Object notstarted,Object notstarted,Object notstarted,Object notstarted,Object notstarted,Object notstarted,Object notstarted,Object notstarted
2024-03-18 10:30:13,987.987,__main___datalogs,INFO,JoyConState.NORMAL,0.000000,0.000000,0.000000,0.096125,0.009155,0.011443,0.025176,0.000000,0.000000,0.000000,0.000000,0,0,0,0,0,0,0,0,0,0,0,0.045257568359375,-0.004302978515625,0,0,0,0,0,0,0,0,Object notstarted,Object notstarted,Object notstarted,Object notstarted,Object notstarted,Object notstarted,Object notstarted,Object notstarted,Object notstarted
2024-03-18 10:30:14,044.044,__main___datalogs,INFO,JoyConState.NORMAL,0.000000,0.000000,0.000000,0.096125,0.006866,0.011443,0.020598,0.000000,0.000000,0.000000,0.000000,0,0,0,0,0,0,0,0,0,0,0,0.045257568359375,-0.004302978515625,0,0,0,0,0,0,0,0,Object notstarted,Object notstarted,Object notstarted,Object notstarted,Object notstarted,Object notstarted,Object notstarted,Object notstarted,Object notstarted
2024-03-18 10:30:14,099.099,__main___datalogs,INFO,JoyConState.NORMAL,0.000000,0.000000,0.000000,0.098413,0.009155,0.004577,0.020598,0.000000,0.000000,0.000000,0.000000,0,0,0,0,0,0,0,0,0,0,0,0.045257568359375,-0.004302978515625,0,0,0,0,0,0,0,0,Object notstarted,Object notstarted,Object notstarted,Object notstarted,Object notstarted,Object notstarted,Object notstarted,Object notstarted,Object notstarted
2024-03-18 10:30:14,155.155,__main___datalogs,INFO,JoyConState.NORMAL,0.000000,0.000000,0.000000,0.098413,0.009155,0.011443,0.020598,0.000000,0.000000,0.000000,0.000000,0,0,0,0,0,0,0,0,0,0,0,0.045257568359375,-0.004302978515625,0,0,0,0,0,0,0,0,Object notstarted,Object notstarted,Object notstarted,Object notstarted,Object notstarted,Object notstarted,Object notstarted,Object notstarted,Object notstarted
2024-03-18 10:30:14,211.211,__main___datalogs,INFO,JoyConState.NORMAL,0.000000,0.000000,0.000000,0.098413,0.009155,0.011443,0.020598,0.000000,0.000000,0.000000,0.000000,0,0,0,0,0,0,0,0,0,0,0,0.045257568359375,-0.004302978515625,0,0,0,0,0,0,0,0,Object notstarted,Object notstarted,Object notstarted,Object notstarted,Object notstarted,Object notstarted,Object notstarted,Object notstarted,Object notstarted
2024-03-18 10:30:14,266.266,__main___datalogs,INFO,JoyConState.NORMAL,0.000000,0.000000,0.000000,0.098413,0.009155,0.011443,0.025176,0.000000,0.000000,0.000000,0.000000,0,0,0,0,0,0,0,0,0,0,0,0.045257568359375,-0.004302978515625,0,0,0,0,0,0,0,0,Object notstarted,Object notstarted,Object notstarted,Object notstarted,Object notstarted,Object notstarted,Object notstarted,Object notstarted,Object notstarted
2024-03-18 10:30:14,322.322,__main___datalogs,INFO,JoyConState.NORMAL,0.000000,0.000000,0.000000,0.091547,0.009155,0.011443,0.020598,0.000000,0.000000,0.000000,0.000000,0,0,0,0,0,0,0,0,0,0,0,0.045257568359375,-0.004302978515625,0,0,0,0,0,0,0,0,Object notstarted,Object notstarted,Object notstarted,Object notstarted,Object notstarted,Object notstarted,Object notstarted,Object notstarted,Object notstarted
2024-03-18 10:30:14,378.378,__main___datalogs,INFO,JoyConState.NORMAL,0.000000,0.000000,0.000000,0.091547,0.009155,0.011443,0.025176,0.000000,0.000000,0.000000,0.000000,0,0,0,0,0,0,0,0,0,0,0,0.045257568359375,-0.004302978515625,0,0,0,0,0,0,0,0,Object notstarted,Object notstarted,Object notstarted,Object notstarted,Object notstarted,Object notstarted,Object notstarted,Object notstarted,Object notstarted
2024-03-18 10:30:14,434.434,__main___datalogs,INFO,JoyConState.NORMAL,0.000000,0.000000,0.000000,0.096125,0.009155,0.011443,0.025176,0.000000,0.000000,0.000000,0.000000,0,0,0,0,0,0,0,0,0,0,0,0.045257568359375,-0.004302978515625,0,0,0,0,0,0,0,0,Object notstarted,Object notstarted,Object notstarted,Object notstarted,Object notstarted,Object notstarted,Object notstarted,Object notstarted,Object notstarted
2024-03-18 10:30:14,490.490,__main___datalogs,INFO,JoyConState.NORMAL,0.000000,0.000000,0.000000,0.098413,0.009155,0.011443,0.020598,0.000000,0.000000,0.000000,0.000000,0,0,0,0,0,0,0,0,0,0,0,0.045257568359375,-0.004302978515625,0,0,0,0,0,0,0,0,Object notstarted,Object notstarted,Object notstarted,Object notstarted,Object notstarted,Object notstarted,Object notstarted,Object notstarted,Object notstarted
2024-03-18 10:30:14,544.544,__main___datalogs,INFO,JoyConState.NORMAL,0.000000,0.000000,0.000000,0.098413,0.006866,0.011443,0.020598,0.000000,0.000000,0.000000,0.000000,0,0,0,0,0,0,0,0,0,0,0,0.045257568359375,-0.004302978515625,0,0,0,0,0,0,0,0,Object notstarted,Object notstarted,Object notstarted,Object notstarted,Object notstarted,Object notstarted,Object notstarted,Object notstarted,Object notstarted
2024-03-18 10:30:14,600.600,__main___datalogs,INFO,JoyConState.NORMAL,0.000000,0.000000,0.000000,0.098413,0.009155,0.011443,0.020598,0.000000,0.000000,0.000000,0.000000,0,0,0,0,0,0,0,0,0,0,0,0.045257568359375,-0.004302978515625,0,0,0,0,0,0,0,0,Object notstarted,Object notstarted,Object notstarted,Object notstarted,Object notstarted,Object notstarted,Object notstarted,Object notstarted,Object notstarted
2024-03-18 10:30:14,672.672,__main___datalogs,INFO,JoyConState.NORMAL,0.000000,0.000000,0.000000,0.098413,0.009155,0.011443,0.020598,0.000000,0.000000,0.000000,0.000000,0,0,0,0,0,0,0,0,0,0,0,0.045257568359375,-0.004302978515625,0,0,0,0,0,0,0,0,Object notstarted,Object notstarted,Object notstarted,Object notstarted,Object notstarted,Object notstarted,Object notstarted,Object notstarted,Object notstarted
2024-03-18 10:30:14,736.736,__main___datalogs,INFO,JoyConState.NORMAL,0.000000,0.000000,0.000000,0.096125,0.006866,0.011443,0.025176,0.000000,0.000000,0.000000,0.000000,0,0,0,0,0,0,0,0,0,0,0,0.045257568359375,-0.004302978515625,0,0,0,0,0,0,0,0,Object notstarted,Object notstarted,Object notstarted,Object notstarted,Object notstarted,Object notstarted,Object notstarted,Object notstarted,Object notstarted
2024-03-18 10:30:14,791.791,__main___datalogs,INFO,JoyConState.NORMAL,0.000000,0.000000,0.000000,0.091547,0.006866,0.011443,0.020598,0.000000,0.000000,0.000000,0.000000,0,0,0,0,0,0,0,0,0,0,0,0.045257568359375,-0.004302978515625,0,0,0,0,0,0,0,0,Object notstarted,Object notstarted,Object notstarted,Object notstarted,Object notstarted,Object notstarted,Object notstarted,Object notstarted,Object notstarted
2024-03-18 10:30:14,848.848,__main___datalogs,INFO,JoyConState.NORMAL,0.000000,0.000000,0.000000,0.096125,0.009155,0.011443,0.020598,0.000000,0.000000,0.000000,0.000000,0,0,0,0,0,0,0,0,0,0,0,0.045257568359375,-0.004302978515625,0,0,0,0,0,0,0,0,Object notstarted,Object notstarted,Object notstarted,Object notstarted,Object notstarted,Object notstarted,Object notstarted,Object notstarted,Object notstarted
2024-03-18 10:30:14,903.903,__main___datalogs,INFO,JoyConState.NORMAL,0.000000,0.000000,0.000000,0.096125,0.009155,0.013732,0.020598,0.000000,0.000000,0.000000,0.000000,0,0,0,0,0,0,0,0,0,0,0,0.045257568359375,-0.004302978515625,0,0,0,0,0,0,0,0,Object notstarted,Object notstarted,Object notstarted,Object notstarted,Object notstarted,Object notstarted,Object notstarted,Object notstarted,Object notstarted
2024-03-18 10:30:14,960.960,__main___datalogs,INFO,JoyConState.NORMAL,0.000000,0.000000,0.000000,0.096125,0.009155,0.011443,0.025176,0.000000,0.000000,0.000000,0.000000,0,0,0,0,0,0,0,0,0,0,0,0.045257568359375,-0.004302978515625,0,0,0,0,0,0,0,0,Object notstarted,Object notstarted,Object notstarted,Object notstarted,Object notstarted,Object notstarted,Object notstarted,Object notstarted,Object notstarted
2024-03-18 10:30:15,015.015,__main___datalogs,INFO,JoyConState.NORMAL,0.000000,0.000000,0.000000,0.096125,0.006866,0.011443,0.020598,0.000000,0.000000,0.000000,0.000000,0,0,0,0,0,0,0,0,0,0,0,0.045257568359375,-0.004302978515625,0,0,0,0,0,0,0,0,Object notstarted,Object notstarted,Object notstarted,Object notstarted,Object notstarted,Object notstarted,Object notstarted,Object notstarted,Object notstarted
2024-03-18 10:30:15,072.072,__main___datalogs,INFO,JoyConState.NORMAL,0.000000,0.000000,0.000000,0.096125,0.006866,0.011443,0.025176,0.000000,0.000000,0.000000,0.000000,0,0,0,0,0,0,0,0,0,0,0,0.045257568359375,-0.004302978515625,0,0,0,0,0,0,0,0,Object notstarted,Object notstarted,Object notstarted,Object notstarted,Object notstarted,Object notstarted,Object notstarted,Object notstarted,Object notstarted
2024-03-18 10:30:15,126.126,__main___datalogs,INFO,JoyConState.NORMAL,0.000000,0.000000,0.000000,0.098413,0.009155,0.011443,0.025176,0.000000,0.000000,0.000000,0.000000,0,0,0,0,0,0,0,0,0,0,0,0.045257568359375,-0.004302978515625,0,0,0,0,0,0,0,0,Object notstarted,Object notstarted,Object notstarted,Object notstarted,Object notstarted,Object notstarted,Object notstarted,Object notstarted,Object notstarted
2024-03-18 10:30:15,183.183,__main___datalogs,INFO,JoyConState.NORMAL,0.000000,0.000000,0.000000,0.096125,0.009155,0.011443,0.020598,0.000000,0.000000,0.000000,0.000000,0,0,0,0,0,0,0,0,0,0,0,0.045257568359375,-0.004302978515625,0,0,0,0,0,0,0,0,Object notstarted,Object notstarted,Object notstarted,Object notstarted,Object notstarted,Object notstarted,Object notstarted,Object notstarted,Object notstarted
2024-03-18 10:30:15,238.238,__main___datalogs,INFO,JoyConState.NORMAL,0.000000,0.000000,0.000000,0.096125,0.009155,0.011443,0.020598,0.000000,0.000000,0.000000,0.000000,0,0,0,0,0,0,0,0,0,0,0,0.045257568359375,-0.004302978515625,0,0,0,0,0,0,0,0,Object notstarted,Object notstarted,Object notstarted,Object notstarted,Object notstarted,Object notstarted,Object notstarted,Object notstarted,Object notstarted
2024-03-18 10:30:15,294.294,__main___datalogs,INFO,JoyConState.NORMAL,0.000000,0.000000,0.000000,0.096125,0.009155,0.011443,0.020598,0.000000,0.000000,0.000000,0.000000,0,0,0,0,0,0,0,0,0,0,0,0.045257568359375,-0.004302978515625,0,0,0,0,0,0,0,0,Object notstarted,Object notstarted,Object notstarted,Object notstarted,Object notstarted,Object notstarted,Object notstarted,Object notstarted,Object notstarted
2024-03-18 10:30:15,349.349,__main___datalogs,INFO,JoyConState.NORMAL,0.000000,0.000000,0.000000,0.096125,0.006866,0.011443,0.025176,0.000000,0.000000,0.000000,0.000000,0,0,0,0,0,0,0,0,0,0,0,0.045257568359375,-0.004302978515625,0,0,0,0,0,0,0,0,Object notstarted,Object notstarted,Object notstarted,Object notstarted,Object notstarted,Object notstarted,Object notstarted,Object notstarted,Object notstarted
2024-03-18 10:30:15,406.406,__main___datalogs,INFO,JoyConState.NORMAL,0.000000,0.000000,0.000000,0.096125,0.006866,0.011443,0.025176,0.000000,0.000000,0.000000,0.000000,0,0,0,0,0,0,0,0,0,0,0,0.045257568359375,-0.004302978515625,0,0,0,0,0,0,0,0,Object notstarted,Object notstarted,Object notstarted,Object notstarted,Object notstarted,Object notstarted,Object notstarted,Object notstarted,Object notstarted
2024-03-18 10:30:15,461.461,__main___datalogs,INFO,JoyConState.NORMAL,0.000000,0.000000,0.000000,0.096125,0.006866,0.011443,0.025176,0.000000,0.000000,0.000000,0.000000,0,0,0,0,0,0,0,0,0,0,0,0.045257568359375,-0.004302978515625,0,0,0,0,0,0,0,0,Object notstarted,Object notstarted,Object notstarted,Object notstarted,Object notstarted,Object notstarted,Object notstarted,Object notstarted,Object notstarted
2024-03-18 10:30:15,518.518,__main___datalogs,INFO,JoyConState.NORMAL,0.000000,0.000000,0.000000,0.098413,0.009155,0.011443,0.025176,0.000000,0.000000,0.000000,0.000000,0,0,0,0,0,0,0,0,0,0,0,0.045257568359375,-0.004302978515625,0,0,0,0,0,0,0,0,Object notstarted,Object notstarted,Object notstarted,Object notstarted,Object notstarted,Object notstarted,Object notstarted,Object notstarted,Object notstarted
2024-03-18 10:30:15,573.573,__main___datalogs,INFO,JoyConState.NORMAL,0.000000,0.000000,0.000000,0.098413,0.006866,0.011443,0.020598,0.000000,0.000000,0.000000,0.000000,0,0,0,0,0,0,0,0,0,0,0,0.045257568359375,-0.004302978515625,0,0,0,0,0,0,0,0,Object notstarted,Object notstarted,Object notstarted,Object notstarted,Object notstarted,Object notstarted,Object notstarted,Object notstarted,Object notstarted
2024-03-18 10:30:15,630.630,__main___datalogs,INFO,JoyConState.NORMAL,0.000000,0.000000,0.000000,0.091547,0.006866,0.011443,0.020598,0.000000,0.000000,0.000000,0.000000,0,0,0,0,0,0,0,0,0,0,0,0.045257568359375,-0.004302978515625,0,0,0,0,0,0,0,0,Object notstarted,Object notstarted,Object notstarted,Object notstarted,Object notstarted,Object notstarted,Object notstarted,Object notstarted,Object notstarted
2024-03-18 10:30:15,684.684,__main___datalogs,INFO,JoyConState.NORMAL,0.000000,0.000000,0.000000,0.091547,0.006866,0.011443,0.020598,0.000000,0.000000,0.000000,0.000000,0,0,0,0,0,0,0,0,0,0,0,0.045257568359375,-0.004302978515625,0,0,0,0,0,0,0,0,Object notstarted,Object notstarted,Object notstarted,Object notstarted,Object notstarted,Object notstarted,Object notstarted,Object notstarted,Object notstarted
2024-03-18 10:30:15,758.758,__main___datalogs,INFO,JoyConState.NORMAL,0.000000,0.000000,0.000000,0.096125,0.009155,0.004577,0.016021,0.000000,0.000000,0.000000,0.000000,0,0,0,0,0,0,0,0,0,0,0,0.045257568359375,-0.004302978515625,0,0,0,0,0,0,0,0,Object notstarted,Object notstarted,Object notstarted,Object notstarted,Object notstarted,Object notstarted,Object notstarted,Object notstarted,Object notstarted
2024-03-18 10:30:15,818.818,__main___datalogs,INFO,JoyConState.NORMAL,0.000000,0.000000,0.000000,0.096125,0.009155,0.011443,0.020598,0.000000,0.000000,0.000000,0.000000,0,0,0,0,0,0,0,0,0,0,0,0.045257568359375,-0.004302978515625,0,0,0,0,0,0,0,0,Object notstarted,Object notstarted,Object notstarted,Object notstarted,Object notstarted,Object notstarted,Object notstarted,Object notstarted,Object notstarted
2024-03-18 10:30:15,874.874,__main___datalogs,INFO,JoyConState.NORMAL,0.000000,0.000000,0.000000,0.098413,0.009155,0.011443,0.020598,0.000000,0.000000,0.000000,0.000000,0,0,0,0,0,0,0,0,0,0,0,0.045257568359375,-0.004302978515625,0,0,0,0,0,0,0,0,Object notstarted,Object notstarted,Object notstarted,Object notstarted,Object notstarted,Object notstarted,Object notstarted,Object notstarted,Object notstarted
2024-03-18 10:30:15,930.930,__main___datalogs,INFO,JoyConState.NORMAL,0.000000,0.000000,0.000000,0.091547,0.009155,0.011443,0.025176,0.000000,0.000000,0.000000,0.000000,0,0,0,0,0,0,0,0,0,0,0,0.045257568359375,-0.004302978515625,0,0,0,0,0,0,0,0,Object notstarted,Object notstarted,Object notstarted,Object notstarted,Object notstarted,Object notstarted,Object notstarted,Object notstarted,Object notstarted
2024-03-18 10:30:15,986.986,__main___datalogs,INFO,JoyConState.NORMAL,0.000000,0.000000,0.000000,0.096125,0.009155,0.011443,0.025176,0.000000,0.000000,0.000000,0.000000,0,0,0,0,0,0,0,0,0,0,0,0.045257568359375,-0.004302978515625,0,0,0,0,0,0,0,0,Object notstarted,Object notstarted,Object notstarted,Object notstarted,Object notstarted,Object notstarted,Object notstarted,Object notstarted,Object notstarted
2024-03-18 10:30:16,042.042,__main___datalogs,INFO,JoyConState.NORMAL,0.000000,0.000000,0.000000,0.096125,0.009155,0.011443,0.020598,0.000000,0.000000,0.000000,0.000000,0,0,0,0,0,0,0,0,0,0,0,0.045257568359375,-0.004302978515625,0,0,0,0,0,0,0,0,Object notstarted,Object notstarted,Object notstarted,Object notstarted,Object notstarted,Object notstarted,Object notstarted,Object notstarted,Object notstarted
2024-03-18 10:30:16,098.098,__main___datalogs,INFO,JoyConState.NORMAL,0.000000,0.000000,0.000000,0.096125,0.009155,0.011443,0.016021,0.000000,0.000000,0.000000,0.000000,0,0,0,0,0,0,0,0,0,0,0,0.045257568359375,-0.004302978515625,0,0,0,0,0,0,0,0,Object notstarted,Object notstarted,Object notstarted,Object notstarted,Object notstarted,Object notstarted,Object notstarted,Object notstarted,Object notstarted
2024-03-18 10:30:16,153.153,__main___datalogs,INFO,JoyConState.NORMAL,0.000000,0.000000,0.000000,0.096125,0.009155,0.011443,0.025176,0.000000,0.000000,0.000000,0.000000,0,0,0,0,0,0,0,0,0,0,0,0.045257568359375,-0.004302978515625,0,0,0,0,0,0,0,0,Object notstarted,Object notstarted,Object notstarted,Object notstarted,Object notstarted,Object notstarted,Object notstarted,Object notstarted,Object notstarted
2024-03-18 10:30:16,210.210,__main___datalogs,INFO,JoyConState.NORMAL,0.000000,0.000000,0.000000,0.091547,0.009155,0.011443,0.025176,0.000000,0.000000,0.000000,0.000000,0,0,0,0,0,0,0,0,0,0,0,0.045257568359375,-0.004302978515625,0,0,0,0,0,0,0,0,Object notstarted,Object notstarted,Object notstarted,Object notstarted,Object notstarted,Object notstarted,Object notstarted,Object notstarted,Object notstarted
2024-03-18 10:30:16,266.266,__main___datalogs,INFO,JoyConState.NORMAL,0.000000,0.000000,0.000000,0.096125,0.009155,0.004577,0.025176,0.000000,0.000000,0.000000,0.000000,0,0,0,0,0,0,0,0,0,0,0,0.045257568359375,-0.004302978515625,0,0,0,0,0,0,0,0,Object notstarted,Object notstarted,Object notstarted,Object notstarted,Object notstarted,Object notstarted,Object notstarted,Object notstarted,Object notstarted
2024-03-18 10:30:16,323.323,__main___datalogs,INFO,JoyConState.NORMAL,0.000000,0.000000,0.000000,0.096125,0.006866,0.011443,0.025176,0.000000,0.000000,0.000000,0.000000,0,0,0,0,0,0,0,0,0,0,0,0.045257568359375,-0.004302978515625,0,0,0,0,0,0,0,0,Object notstarted,Object notstarted,Object notstarted,Object notstarted,Object notstarted,Object notstarted,Object notstarted,Object notstarted,Object notstarted
2024-03-18 10:30:16,378.378,__main___datalogs,INFO,JoyConState.NORMAL,0.000000,0.000000,0.000000,0.096125,0.006866,0.011443,0.020598,0.000000,0.000000,0.000000,0.000000,0,0,0,0,0,0,0,0,0,0,0,0.045257568359375,-0.004302978515625,0,0,0,0,0,0,0,0,Object notstarted,Object notstarted,Object notstarted,Object notstarted,Object notstarted,Object notstarted,Object notstarted,Object notstarted,Object notstarted
2024-03-18 10:30:16,435.435,__main___datalogs,INFO,JoyConState.NORMAL,0.000000,0.000000,0.000000,0.091547,0.006866,0.004577,0.020598,0.000000,0.000000,0.000000,0.000000,0,0,0,0,0,0,0,0,0,0,0,0.045257568359375,-0.004302978515625,0,0,0,0,0,0,0,0,Object notstarted,Object notstarted,Object notstarted,Object notstarted,Object notstarted,Object notstarted,Object notstarted,Object notstarted,Object notstarted
2024-03-18 10:30:16,490.490,__main___datalogs,INFO,JoyConState.NORMAL,0.000000,0.000000,0.000000,0.091547,0.002289,0.004577,0.020598,0.000000,0.000000,0.000000,0.000000,0,0,0,0,0,0,0,0,0,0,0,0.045257568359375,-0.004302978515625,0,0,0,0,0,0,0,0,Object notstarted,Object notstarted,Object notstarted,Object notstarted,Object notstarted,Object notstarted,Object notstarted,Object notstarted,Object notstarted
2024-03-18 10:30:16,546.546,__main___datalogs,INFO,JoyConState.NORMAL,0.000000,0.000000,0.000000,0.096125,0.009155,0.004577,0.020598,0.000000,0.000000,0.000000,0.000000,0,0,0,0,0,0,0,0,0,0,0,0.045257568359375,-0.004302978515625,0,0,0,0,0,0,0,0,Object notstarted,Object notstarted,Object notstarted,Object notstarted,Object notstarted,Object notstarted,Object notstarted,Object notstarted,Object notstarted
2024-03-18 10:30:16,602.602,__main___datalogs,INFO,JoyConState.NORMAL,0.000000,0.000000,0.000000,0.096125,0.009155,0.011443,0.025176,0.000000,0.000000,0.000000,0.000000,0,0,0,0,0,0,0,0,0,0,0,0.045257568359375,-0.004302978515625,0,0,0,0,0,0,0,0,Object notstarted,Object notstarted,Object notstarted,Object notstarted,Object notstarted,Object notstarted,Object notstarted,Object notstarted,Object notstarted
2024-03-18 10:30:16,658.658,__main___datalogs,INFO,JoyConState.NORMAL,0.000000,0.000000,0.000000,0.091547,0.006866,0.004577,0.020598,0.000000,0.000000,0.000000,0.000000,0,0,0,0,0,0,0,0,0,0,0,0.045257568359375,-0.004302978515625,0,0,0,0,0,0,0,0,Object notstarted,Object notstarted,Object notstarted,Object notstarted,Object notstarted,Object notstarted,Object notstarted,Object notstarted,Object notstarted
2024-03-18 10:30:16,714.714,__main___datalogs,INFO,JoyConState.NORMAL,0.000000,0.000000,0.000000,0.096125,0.006866,0.011443,0.025176,0.000000,0.000000,0.000000,0.000000,0,0,0,0,0,0,0,0,0,0,0,0.045257568359375,-0.004302978515625,0,0,0,0,0,0,0,0,Object notstarted,Object notstarted,Object notstarted,Object notstarted,Object notstarted,Object notstarted,Object notstarted,Object notstarted,Object notstarted
2024-03-18 10:30:16,786.786,__main___datalogs,INFO,JoyConState.NORMAL,0.000000,0.000000,0.000000,0.096125,0.006866,0.011443,0.020598,0.000000,0.000000,0.000000,0.000000,0,0,0,0,0,0,0,0,0,0,0,0.045257568359375,-0.004302978515625,0,0,0,0,0,0,0,0,Object notstarted,Object notstarted,Object notstarted,Object notstarted,Object notstarted,Object notstarted,Object notstarted,Object notstarted,Object notstarted
2024-03-18 10:30:16,862.862,__main___datalogs,INFO,JoyConState.NORMAL,0.000000,0.000000,0.000000,0.098413,-0.002289,0.004577,0.025176,0.000000,0.000000,0.000000,0.000000,0,0,0,0,0,0,0,0,0,0,0,0.045257568359375,-0.004302978515625,0,0,0,0,0,0,0,0,Object notstarted,Object notstarted,Object notstarted,Object notstarted,Object notstarted,Object notstarted,Object notstarted,Object notstarted,Object notstarted
2024-03-18 10:30:16,918.918,__main___datalogs,INFO,JoyConState.NORMAL,0.000000,0.000000,0.000000,0.096125,0.006866,0.011443,0.020598,0.000000,0.000000,0.000000,0.000000,0,0,0,0,0,0,0,0,0,0,0,0.045257568359375,-0.004302978515625,0,0,0,0,0,0,0,0,Object notstarted,Object notstarted,Object notstarted,Object notstarted,Object notstarted,Object notstarted,Object notstarted,Object notstarted,Object notstarted
2024-03-18 10:30:16,973.973,__main___datalogs,INFO,JoyConState.NORMAL,0.000000,0.000000,0.000000,0.096125,0.009155,0.004577,0.020598,0.000000,0.000000,0.000000,0.000000,0,0,0,0,0,0,0,0,0,0,0,0.045257568359375,-0.004302978515625,0,0,0,0,0,0,0,0,Object notstarted,Object notstarted,Object notstarted,Object notstarted,Object notstarted,Object notstarted,Object notstarted,Object notstarted,Object notstarted
2024-03-18 10:30:17,030.030,__main___datalogs,INFO,JoyConState.NORMAL,0.000000,0.000000,0.000000,0.096125,0.009155,0.004577,0.020598,0.000000,0.000000,0.000000,0.000000,0,0,0,0,0,0,0,0,0,0,0,0.045257568359375,-0.004302978515625,0,0,0,0,0,0,0,0,Object notstarted,Object notstarted,Object notstarted,Object notstarted,Object notstarted,Object notstarted,Object notstarted,Object notstarted,Object notstarted
2024-03-18 10:30:17,085.085,__main___datalogs,INFO,JoyConState.NORMAL,0.000000,0.000000,0.000000,0.096125,0.009155,0.011443,0.025176,0.000000,0.000000,0.000000,0.000000,0,0,0,0,0,0,0,0,0,0,0,0.045257568359375,-0.004302978515625,0,0,0,0,0,0,0,0,Object notstarted,Object notstarted,Object notstarted,Object notstarted,Object notstarted,Object notstarted,Object notstarted,Object notstarted,Object notstarted
2024-03-18 10:30:17,142.142,__main___datalogs,INFO,JoyConState.NORMAL,0.000000,0.000000,0.000000,0.096125,0.009155,0.011443,0.020598,0.000000,0.000000,0.000000,0.000000,0,0,0,0,0,0,0,0,0,0,0,0.045257568359375,-0.004302978515625,0,0,0,0,0,0,0,0,Object notstarted,Object notstarted,Object notstarted,Object notstarted,Object notstarted,Object notstarted,Object notstarted,Object notstarted,Object notstarted
2024-03-18 10:30:17,197.197,__main___datalogs,INFO,JoyConState.NORMAL,0.000000,0.000000,0.000000,0.096125,0.009155,0.011443,0.025176,0.000000,0.000000,0.000000,0.000000,0,0,0,0,0,0,0,0,0,0,0,0.045257568359375,-0.004302978515625,0,0,0,0,0,0,0,0,Object notstarted,Object notstarted,Object notstarted,Object notstarted,Object notstarted,Object notstarted,Object notstarted,Object notstarted,Object notstarted
2024-03-18 10:30:17,254.254,__main___datalogs,INFO,JoyConState.NORMAL,0.000000,0.000000,0.000000,0.096125,0.009155,0.011443,0.020598,0.000000,0.000000,0.000000,0.000000,0,0,0,0,0,0,0,0,0,0,0,0.045257568359375,-0.004302978515625,0,0,0,0,0,0,0,0,Object notstarted,Object notstarted,Object notstarted,Object notstarted,Object notstarted,Object notstarted,Object notstarted,Object notstarted,Object notstarted
2024-03-18 10:30:17,308.308,__main___datalogs,INFO,JoyConState.NORMAL,0.000000,0.000000,0.000000,0.096125,0.009155,0.011443,0.025176,0.000000,0.000000,0.000000,0.000000,0,0,0,0,0,0,0,0,0,0,0,0.045257568359375,-0.004302978515625,0,0,0,0,0,0,0,0,Object notstarted,Object notstarted,Object notstarted,Object notstarted,Object notstarted,Object notstarted,Object notstarted,Object notstarted,Object notstarted
2024-03-18 10:30:17,366.366,__main___datalogs,INFO,JoyConState.NORMAL,0.000000,0.000000,0.000000,0.096125,0.009155,0.011443,0.020598,0.000000,0.000000,0.000000,0.000000,0,0,0,0,0,0,0,0,0,0,0,0.045257568359375,-0.004302978515625,0,0,0,0,0,0,0,0,Object notstarted,Object notstarted,Object notstarted,Object notstarted,Object notstarted,Object notstarted,Object notstarted,Object notstarted,Object notstarted
2024-03-18 10:30:17,421.421,__main___datalogs,INFO,JoyConState.NORMAL,0.000000,0.000000,0.000000,0.096125,0.009155,0.011443,0.025176,0.000000,0.000000,0.000000,0.000000,0,0,0,0,0,0,0,0,0,0,0,0.045257568359375,-0.004302978515625,0,0,0,0,0,0,0,0,Object notstarted,Object notstarted,Object notstarted,Object notstarted,Object notstarted,Object notstarted,Object notstarted,Object notstarted,Object notstarted
2024-03-18 10:30:17,478.478,__main___datalogs,INFO,JoyConState.NORMAL,0.000000,0.000000,0.000000,0.096125,0.006866,0.004577,0.025176,0.000000,0.000000,0.000000,0.000000,0,0,0,0,0,0,0,0,0,0,0,0.045257568359375,-0.004302978515625,0,0,0,0,0,0,0,0,Object notstarted,Object notstarted,Object notstarted,Object notstarted,Object notstarted,Object notstarted,Object notstarted,Object notstarted,Object notstarted
2024-03-18 10:30:17,532.532,__main___datalogs,INFO,JoyConState.NORMAL,0.000000,0.000000,0.000000,0.096125,0.006866,0.004577,0.025176,0.000000,0.000000,0.000000,0.000000,0,0,0,0,0,0,0,0,0,0,0,0.045257568359375,-0.004302978515625,0,0,0,0,0,0,0,0,Object notstarted,Object notstarted,Object notstarted,Object notstarted,Object notstarted,Object notstarted,Object notstarted,Object notstarted,Object notstarted
2024-03-18 10:30:17,589.589,__main___datalogs,INFO,JoyConState.NORMAL,0.000000,0.000000,0.000000,0.096125,0.006866,0.011443,0.020598,0.000000,0.000000,0.000000,0.000000,0,0,0,0,0,0,0,0,0,0,0,0.045257568359375,-0.004302978515625,0,0,0,0,0,0,0,0,Object notstarted,Object notstarted,Object notstarted,Object notstarted,Object notstarted,Object notstarted,Object notstarted,Object notstarted,Object notstarted
2024-03-18 10:30:17,644.644,__main___datalogs,INFO,JoyConState.NORMAL,0.000000,0.000000,0.000000,0.096125,0.009155,0.011443,0.020598,0.000000,0.000000,0.000000,0.000000,0,0,0,0,0,0,0,0,0,0,0,0.045257568359375,-0.004302978515625,0,0,0,0,0,0,0,0,Object notstarted,Object notstarted,Object notstarted,Object notstarted,Object notstarted,Object notstarted,Object notstarted,Object notstarted,Object notstarted
2024-03-18 10:30:17,700.700,__main___datalogs,INFO,JoyConState.NORMAL,0.000000,0.000000,0.000000,0.098413,0.009155,0.011443,0.020598,0.000000,0.000000,0.000000,0.000000,0,0,0,0,0,0,0,0,0,0,0,0.045257568359375,-0.004302978515625,0,0,0,0,0,0,0,0,Object notstarted,Object notstarted,Object notstarted,Object notstarted,Object notstarted,Object notstarted,Object notstarted,Object notstarted,Object notstarted
2024-03-18 10:30:17,756.756,__main___datalogs,INFO,JoyConState.NORMAL,0.000000,0.000000,0.000000,0.098413,0.013732,0.011443,0.025176,0.000000,0.000000,0.000000,0.000000,0,0,0,0,0,0,0,0,0,0,0,0.045257568359375,-0.004302978515625,0,0,0,0,0,0,0,0,Object notstarted,Object notstarted,Object notstarted,Object notstarted,Object notstarted,Object notstarted,Object notstarted,Object notstarted,Object notstarted
2024-03-18 10:30:17,812.812,__main___datalogs,INFO,JoyConState.NORMAL,0.000000,0.000000,0.000000,0.098413,0.009155,0.011443,0.020598,0.000000,0.000000,0.000000,0.000000,0,0,0,0,0,0,0,0,0,0,0,0.045257568359375,-0.004302978515625,0,0,0,0,0,0,0,0,Object notstarted,Object notstarted,Object notstarted,Object notstarted,Object notstarted,Object notstarted,Object notstarted,Object notstarted,Object notstarted
2024-03-18 10:30:17,883.883,__main___datalogs,INFO,JoyConState.NORMAL,0.000000,0.000000,0.000000,0.096125,0.009155,0.011443,0.020598,0.000000,0.000000,0.000000,0.000000,0,0,0,0,0,0,0,0,0,0,0,0.045257568359375,-0.004302978515625,0,0,0,0,0,0,0,0,Object notstarted,Object notstarted,Object notstarted,Object notstarted,Object notstarted,Object notstarted,Object notstarted,Object notstarted,Object notstarted
2024-03-18 10:30:17,945.945,__main___datalogs,INFO,JoyConState.NORMAL,0.000000,0.000000,0.000000,0.098413,0.009155,0.004577,0.025176,0.000000,0.000000,0.000000,0.000000,0,0,0,0,0,0,0,0,0,0,0,0.045257568359375,-0.004302978515625,0,0,0,0,0,0,0,0,Object notstarted,Object notstarted,Object notstarted,Object notstarted,Object notstarted,Object notstarted,Object notstarted,Object notstarted,Object notstarted
2024-03-18 10:30:18,000.000,__main___datalogs,INFO,JoyConState.NORMAL,0.000000,0.000000,0.000000,0.098413,0.006866,0.002289,0.020598,0.000000,0.000000,0.000000,0.000000,0,0,0,0,0,0,0,0,0,0,0,0.045257568359375,-0.004302978515625,0,0,0,0,0,0,0,0,Object notstarted,Object notstarted,Object notstarted,Object notstarted,Object notstarted,Object notstarted,Object notstarted,Object notstarted,Object notstarted
2024-03-18 10:30:18,056.056,__main___datalogs,INFO,JoyConState.NORMAL,0.000000,0.000000,0.000000,0.096125,0.009155,0.011443,0.020598,0.000000,0.000000,0.000000,0.000000,0,0,0,0,0,0,0,0,0,0,0,0.045257568359375,-0.004302978515625,0,0,0,0,0,0,0,0,Object notstarted,Object notstarted,Object notstarted,Object notstarted,Object notstarted,Object notstarted,Object notstarted,Object notstarted,Object notstarted
2024-03-18 10:30:18,112.112,__main___datalogs,INFO,JoyConState.NORMAL,0.000000,0.000000,0.000000,0.096125,0.009155,0.011443,0.025176,0.000000,0.000000,0.000000,0.000000,0,0,0,0,0,0,0,0,0,0,0,0.045257568359375,-0.004302978515625,0,0,0,0,0,0,0,0,Object notstarted,Object notstarted,Object notstarted,Object notstarted,Object notstarted,Object notstarted,Object notstarted,Object notstarted,Object notstarted
2024-03-18 10:30:18,168.168,__main___datalogs,INFO,JoyConState.NORMAL,0.000000,0.000000,0.000000,0.098413,0.009155,0.011443,0.025176,0.000000,0.000000,0.000000,0.000000,0,0,0,0,0,0,0,0,0,0,0,0.045257568359375,-0.004302978515625,0,0,0,0,0,0,0,0,Object notstarted,Object notstarted,Object notstarted,Object notstarted,Object notstarted,Object notstarted,Object notstarted,Object notstarted,Object notstarted
2024-03-18 10:30:18,224.224,__main___datalogs,INFO,JoyConState.NORMAL,0.000000,0.000000,0.000000,0.096125,0.009155,0.011443,0.020598,0.000000,0.000000,0.000000,0.000000,0,0,0,0,0,0,0,0,0,0,0,0.045257568359375,-0.004302978515625,0,0,0,0,0,0,0,0,Object notstarted,Object notstarted,Object notstarted,Object notstarted,Object notstarted,Object notstarted,Object notstarted,Object notstarted,Object notstarted
2024-03-18 10:30:18,281.281,__main___datalogs,INFO,JoyConState.NORMAL,0.000000,0.000000,0.000000,0.096125,0.009155,0.011443,0.025176,0.000000,0.000000,0.000000,0.000000,0,0,0,0,0,0,0,0,0,0,0,0.045257568359375,-0.004302978515625,0,0,0,0,0,0,0,0,Object notstarted,Object notstarted,Object notstarted,Object notstarted,Object notstarted,Object notstarted,Object notstarted,Object notstarted,Object notstarted
2024-03-18 10:30:18,336.336,__main___datalogs,INFO,JoyConState.NORMAL,0.000000,0.000000,0.000000,0.091547,0.002289,0.011443,0.027464,0.000000,0.000000,0.000000,0.000000,0,0,0,0,0,0,0,0,0,0,0,0.045257568359375,-0.004302978515625,0,0,0,0,0,0,0,0,Object notstarted,Object notstarted,Object notstarted,Object notstarted,Object notstarted,Object notstarted,Object notstarted,Object notstarted,Object notstarted
2024-03-18 10:30:18,392.392,__main___datalogs,INFO,JoyConState.NORMAL,0.000000,0.000000,0.000000,0.098413,0.006866,0.011443,0.025176,0.000000,0.000000,0.000000,0.000000,0,0,0,0,0,0,0,0,0,0,0,0.045257568359375,-0.004302978515625,0,0,0,0,0,0,0,0,Object notstarted,Object notstarted,Object notstarted,Object notstarted,Object notstarted,Object notstarted,Object notstarted,Object notstarted,Object notstarted
2024-03-18 10:30:18,447.447,__main___datalogs,INFO,JoyConState.NORMAL,0.000000,0.000000,0.000000,0.098413,0.006866,0.011443,0.020598,0.000000,0.000000,0.000000,0.000000,0,0,0,0,0,0,0,0,0,0,0,0.045257568359375,-0.004302978515625,0,0,0,0,0,0,0,0,Object notstarted,Object notstarted,Object notstarted,Object notstarted,Object notstarted,Object notstarted,Object notstarted,Object notstarted,Object notstarted
2024-03-18 10:30:18,504.504,__main___datalogs,INFO,JoyConState.NORMAL,0.000000,0.000000,0.000000,0.098413,0.006866,0.011443,0.025176,0.000000,0.000000,0.000000,0.000000,0,0,0,0,0,0,0,0,0,0,0,0.045257568359375,-0.004302978515625,0,0,0,0,0,0,0,0,Object notstarted,Object notstarted,Object notstarted,Object notstarted,Object notstarted,Object notstarted,Object notstarted,Object notstarted,Object notstarted
2024-03-18 10:30:18,560.560,__main___datalogs,INFO,JoyConState.NORMAL,0.000000,0.000000,0.000000,0.098413,0.006866,0.011443,0.025176,0.000000,0.000000,0.000000,0.000000,0,0,0,0,0,0,0,0,0,0,0,0.045257568359375,-0.004302978515625,0,0,0,0,0,0,0,0,Object notstarted,Object notstarted,Object notstarted,Object notstarted,Object notstarted,Object notstarted,Object notstarted,Object notstarted,Object notstarted
2024-03-18 10:30:18,617.617,__main___datalogs,INFO,JoyConState.NORMAL,0.000000,0.000000,0.000000,0.091547,0.006866,0.011443,0.025176,0.000000,0.000000,0.000000,0.000000,0,0,0,0,0,0,0,0,0,0,0,0.045257568359375,-0.004302978515625,0,0,0,0,0,0,0,0,Object notstarted,Object notstarted,Object notstarted,Object notstarted,Object notstarted,Object notstarted,Object notstarted,Object notstarted,Object notstarted
2024-03-18 10:30:18,672.672,__main___datalogs,INFO,JoyConState.NORMAL,0.000000,0.000000,0.000000,0.096125,0.006866,0.004577,0.025176,0.000000,0.000000,0.000000,0.000000,0,0,0,0,0,0,0,0,0,0,0,0.045257568359375,-0.004302978515625,0,0,0,0,0,0,0,0,Object notstarted,Object notstarted,Object notstarted,Object notstarted,Object notstarted,Object notstarted,Object notstarted,Object notstarted,Object notstarted
2024-03-18 10:30:18,729.729,__main___datalogs,INFO,JoyConState.NORMAL,0.000000,0.000000,0.000000,0.098413,0.009155,0.011443,0.025176,0.000000,0.000000,0.000000,0.000000,0,0,0,0,0,0,0,0,0,0,0,0.045257568359375,-0.004302978515625,0,0,0,0,0,0,0,0,Object notstarted,Object notstarted,Object notstarted,Object notstarted,Object notstarted,Object notstarted,Object notstarted,Object notstarted,Object notstarted
2024-03-18 10:30:18,784.784,__main___datalogs,INFO,JoyConState.NORMAL,0.000000,0.000000,0.000000,0.096125,0.009155,0.011443,0.020598,0.000000,0.000000,0.000000,0.000000,0,0,0,0,0,0,0,0,0,0,0,0.045257568359375,-0.004302978515625,0,0,0,0,0,0,0,0,Object notstarted,Object notstarted,Object notstarted,Object notstarted,Object notstarted,Object notstarted,Object notstarted,Object notstarted,Object notstarted
2024-03-18 10:30:18,840.840,__main___datalogs,INFO,JoyConState.NORMAL,0.000000,0.000000,0.000000,0.096125,0.009155,0.004577,0.020598,0.000000,0.000000,0.000000,0.000000,0,0,0,0,0,0,0,0,0,0,0,0.045257568359375,-0.004302978515625,0,0,0,0,0,0,0,0,Object notstarted,Object notstarted,Object notstarted,Object notstarted,Object notstarted,Object notstarted,Object notstarted,Object notstarted,Object notstarted
2024-03-18 10:30:18,912.912,__main___datalogs,INFO,JoyConState.NORMAL,0.000000,0.000000,0.000000,0.098413,0.009155,0.011443,0.020598,0.000000,0.000000,0.000000,0.000000,0,0,0,0,0,0,0,0,0,0,0,0.045257568359375,-0.004302978515625,0,0,0,0,0,0,0,0,Object notstarted,Object notstarted,Object notstarted,Object notstarted,Object notstarted,Object notstarted,Object notstarted,Object notstarted,Object notstarted
2024-03-18 10:30:18,973.973,__main___datalogs,INFO,JoyConState.NORMAL,0.000000,0.000000,0.000000,0.098413,0.009155,0.011443,0.025176,0.000000,0.000000,0.000000,0.000000,0,0,0,0,0,0,0,0,0,0,0,0.045257568359375,-0.004302978515625,0,0,0,0,0,0,0,0,Object notstarted,Object notstarted,Object notstarted,Object notstarted,Object notstarted,Object notstarted,Object notstarted,Object notstarted,Object notstarted
2024-03-18 10:30:19,028.028,__main___datalogs,INFO,JoyConState.NORMAL,0.000000,0.000000,0.000000,0.096125,0.006866,0.004577,0.020598,0.000000,0.000000,0.000000,0.000000,0,0,0,0,0,0,0,0,0,0,0,0.045257568359375,-0.004302978515625,0,0,0,0,0,0,0,0,Object notstarted,Object notstarted,Object notstarted,Object notstarted,Object notstarted,Object notstarted,Object notstarted,Object notstarted,Object notstarted
2024-03-18 10:30:19,085.085,__main___datalogs,INFO,JoyConState.NORMAL,0.000000,0.000000,0.000000,0.096125,0.006866,0.004577,0.020598,0.000000,0.000000,0.000000,0.000000,0,0,0,0,0,0,0,0,0,0,0,0.045257568359375,-0.004302978515625,0,0,0,0,0,0,0,0,Object notstarted,Object notstarted,Object notstarted,Object notstarted,Object notstarted,Object notstarted,Object notstarted,Object notstarted,Object notstarted
2024-03-18 10:30:19,141.141,__main___datalogs,INFO,JoyConState.NORMAL,0.000000,0.000000,0.000000,0.096125,0.009155,0.011443,0.025176,0.000000,0.000000,0.000000,0.000000,0,0,0,0,0,0,0,0,0,0,0,0.045257568359375,-0.004302978515625,0,0,0,0,0,0,0,0,Object notstarted,Object notstarted,Object notstarted,Object notstarted,Object notstarted,Object notstarted,Object notstarted,Object notstarted,Object notstarted
2024-03-18 10:30:19,198.198,__main___datalogs,INFO,JoyConState.NORMAL,0.000000,0.000000,0.000000,0.091547,0.009155,0.011443,0.025176,0.000000,0.000000,0.000000,0.000000,0,0,0,0,0,0,0,0,0,0,0,0.045257568359375,-0.004302978515625,0,0,0,0,0,0,0,0,Object notstarted,Object notstarted,Object notstarted,Object notstarted,Object notstarted,Object notstarted,Object notstarted,Object notstarted,Object notstarted
2024-03-18 10:30:19,253.253,__main___datalogs,INFO,JoyConState.NORMAL,0.000000,0.000000,0.000000,0.096125,0.006866,0.011443,0.020598,0.000000,0.000000,0.000000,0.000000,0,0,0,0,0,0,0,0,0,0,0,0.045257568359375,-0.004302978515625,0,0,0,0,0,0,0,0,Object notstarted,Object notstarted,Object notstarted,Object notstarted,Object notstarted,Object notstarted,Object notstarted,Object notstarted,Object notstarted
2024-03-18 10:30:19,309.309,__main___datalogs,INFO,JoyConState.NORMAL,0.000000,0.000000,0.000000,0.096125,0.006866,0.004577,0.020598,0.000000,0.000000,0.000000,0.000000,0,0,0,0,0,0,0,0,0,0,0,0.045257568359375,-0.004302978515625,0,0,0,0,0,0,0,0,Object notstarted,Object notstarted,Object notstarted,Object notstarted,Object notstarted,Object notstarted,Object notstarted,Object notstarted,Object notstarted
2024-03-18 10:30:19,364.364,__main___datalogs,INFO,JoyConState.NORMAL,0.000000,0.000000,0.000000,0.098413,0.006866,0.002289,0.025176,0.000000,0.000000,0.000000,0.000000,0,0,0,0,0,0,0,0,0,0,0,0.045257568359375,-0.004302978515625,0,0,0,0,0,0,0,0,Object notstarted,Object notstarted,Object notstarted,Object notstarted,Object notstarted,Object notstarted,Object notstarted,Object notstarted,Object notstarted
2024-03-18 10:30:19,421.421,__main___datalogs,INFO,JoyConState.NORMAL,0.000000,0.000000,0.000000,0.096125,0.009155,0.011443,0.025176,0.000000,0.000000,0.000000,0.000000,0,0,0,0,0,0,0,0,0,0,0,0.045257568359375,-0.004302978515625,0,0,0,0,0,0,0,0,Object notstarted,Object notstarted,Object notstarted,Object notstarted,Object notstarted,Object notstarted,Object notstarted,Object notstarted,Object notstarted
2024-03-18 10:30:19,476.476,__main___datalogs,INFO,JoyConState.NORMAL,0.000000,0.000000,0.000000,0.096125,0.006866,0.011443,0.025176,0.000000,0.000000,0.000000,0.000000,0,0,0,0,0,0,0,0,0,0,0,0.045257568359375,-0.004302978515625,0,0,0,0,0,0,0,0,Object notstarted,Object notstarted,Object notstarted,Object notstarted,Object notstarted,Object notstarted,Object notstarted,Object notstarted,Object notstarted
2024-03-18 10:30:19,531.531,__main___datalogs,INFO,JoyConState.NORMAL,0.000000,0.000000,0.000000,0.096125,0.006866,0.011443,0.025176,0.000000,0.000000,0.000000,0.000000,0,0,0,0,0,0,0,0,0,0,0,0.045257568359375,-0.004302978515625,0,0,0,0,0,0,0,0,Object notstarted,Object notstarted,Object notstarted,Object notstarted,Object notstarted,Object notstarted,Object notstarted,Object notstarted,Object notstarted
2024-03-18 10:30:19,586.586,__main___datalogs,INFO,JoyConState.NORMAL,0.000000,0.000000,0.000000,0.098413,0.009155,0.004577,0.025176,0.000000,0.000000,0.000000,0.000000,0,0,0,0,0,0,0,0,0,0,0,0.045257568359375,-0.004302978515625,0,0,0,0,0,0,0,0,Object notstarted,Object notstarted,Object notstarted,Object notstarted,Object notstarted,Object notstarted,Object notstarted,Object notstarted,Object notstarted
2024-03-18 10:30:19,644.644,__main___datalogs,INFO,JoyConState.NORMAL,0.000000,0.000000,0.000000,0.098413,0.006866,0.004577,0.020598,0.000000,0.000000,0.000000,0.000000,0,0,0,0,0,0,0,0,0,0,0,0.045257568359375,-0.004302978515625,0,0,0,0,0,0,0,0,Object notstarted,Object notstarted,Object notstarted,Object notstarted,Object notstarted,Object notstarted,Object notstarted,Object notstarted,Object notstarted
2024-03-18 10:30:19,699.699,__main___datalogs,INFO,JoyConState.NORMAL,0.000000,0.000000,0.000000,0.096125,0.009155,0.011443,0.020598,0.000000,0.000000,0.000000,0.000000,0,0,0,0,0,0,0,0,0,0,0,0.045257568359375,-0.004302978515625,0,0,0,0,0,0,0,0,Object notstarted,Object notstarted,Object notstarted,Object notstarted,Object notstarted,Object notstarted,Object notstarted,Object notstarted,Object notstarted
2024-03-18 10:30:19,755.755,__main___datalogs,INFO,JoyConState.NORMAL,0.000000,0.000000,0.000000,0.096125,0.009155,0.004577,0.025176,0.000000,0.000000,0.000000,0.000000,0,0,0,0,0,0,0,0,0,0,0,0.045257568359375,-0.004302978515625,0,0,0,0,0,0,0,0,Object notstarted,Object notstarted,Object notstarted,Object notstarted,Object notstarted,Object notstarted,Object notstarted,Object notstarted,Object notstarted
2024-03-18 10:30:19,811.811,__main___datalogs,INFO,JoyConState.NORMAL,0.000000,0.000000,0.000000,0.096125,0.006866,0.011443,0.020598,0.000000,0.000000,0.000000,0.000000,0,0,0,0,0,0,0,0,0,0,0,0.045257568359375,-0.004302978515625,0,0,0,0,0,0,0,0,Object notstarted,Object notstarted,Object notstarted,Object notstarted,Object notstarted,Object notstarted,Object notstarted,Object notstarted,Object notstarted
2024-03-18 10:30:19,867.867,__main___datalogs,INFO,JoyConState.NORMAL,0.000000,0.000000,0.000000,0.096125,0.009155,0.011443,0.025176,0.000000,0.000000,0.000000,0.000000,0,0,0,0,0,0,0,0,0,0,0,0.045257568359375,-0.004302978515625,0,0,0,0,0,0,0,0,Object notstarted,Object notstarted,Object notstarted,Object notstarted,Object notstarted,Object notstarted,Object notstarted,Object notstarted,Object notstarted
2024-03-18 10:30:19,923.923,__main___datalogs,INFO,JoyConState.NORMAL,0.000000,0.000000,0.000000,0.096125,0.006866,0.011443,0.020598,0.000000,0.000000,0.000000,0.000000,0,0,0,0,0,0,0,0,0,0,0,0.045257568359375,-0.004302978515625,0,0,0,0,0,0,0,0,Object notstarted,Object notstarted,Object notstarted,Object notstarted,Object notstarted,Object notstarted,Object notstarted,Object notstarted,Object notstarted
2024-03-18 10:30:19,995.995,__main___datalogs,INFO,JoyConState.NORMAL,0.000000,0.000000,0.000000,0.091547,0.006866,0.004577,0.020598,0.000000,0.000000,0.000000,0.000000,0,0,0,0,0,0,0,0,0,0,0,0.045257568359375,-0.004302978515625,0,0,0,0,0,0,0,0,Object notstarted,Object notstarted,Object notstarted,Object notstarted,Object notstarted,Object notstarted,Object notstarted,Object notstarted,Object notstarted
2024-03-18 10:30:20,074.074,__main___datalogs,INFO,JoyConState.NORMAL,0.000000,0.000000,0.000000,0.098413,0.009155,0.004577,0.025176,0.000000,0.000000,0.000000,0.000000,0,0,0,0,0,0,0,0,0,0,0,0.045257568359375,-0.004302978515625,0,0,0,0,0,0,0,0,Object notstarted,Object notstarted,Object notstarted,Object notstarted,Object notstarted,Object notstarted,Object notstarted,Object notstarted,Object notstarted
2024-03-18 10:30:20,147.147,__main___datalogs,INFO,JoyConState.NORMAL,0.000000,0.000000,0.000000,0.096125,0.009155,0.002289,0.025176,0.000000,0.000000,0.000000,0.000000,0,0,0,0,0,0,0,0,0,0,0,0.045257568359375,-0.004302978515625,0,0,0,0,0,0,0,0,Object notstarted,Object notstarted,Object notstarted,Object notstarted,Object notstarted,Object notstarted,Object notstarted,Object notstarted,Object notstarted
2024-03-18 10:30:20,202.202,__main___datalogs,INFO,JoyConState.NORMAL,0.000000,0.000000,0.000000,0.096125,0.009155,0.011443,0.020598,0.000000,0.000000,0.000000,0.000000,0,0,0,0,0,0,0,0,0,0,0,0.045257568359375,-0.004302978515625,0,0,0,0,0,0,0,0,Object notstarted,Object notstarted,Object notstarted,Object notstarted,Object notstarted,Object notstarted,Object notstarted,Object notstarted,Object notstarted
2024-03-18 10:30:20,258.258,__main___datalogs,INFO,JoyConState.NORMAL,0.000000,0.000000,0.000000,0.096125,0.006866,0.011443,0.020598,0.000000,0.000000,0.000000,0.000000,0,0,0,0,0,0,0,0,0,0,0,0.045257568359375,-0.004302978515625,0,0,0,0,0,0,0,0,Object notstarted,Object notstarted,Object notstarted,Object notstarted,Object notstarted,Object notstarted,Object notstarted,Object notstarted,Object notstarted
2024-03-18 10:30:20,314.314,__main___datalogs,INFO,JoyConState.NORMAL,0.000000,0.000000,0.000000,0.091547,0.002289,0.011443,0.020598,0.000000,0.000000,0.000000,0.000000,0,0,0,0,0,0,0,0,0,0,0,0.045257568359375,-0.004302978515625,0,0,0,0,0,0,0,0,Object notstarted,Object notstarted,Object notstarted,Object notstarted,Object notstarted,Object notstarted,Object notstarted,Object notstarted,Object notstarted
2024-03-18 10:30:20,370.370,__main___datalogs,INFO,JoyConState.NORMAL,0.000000,0.000000,0.000000,0.098413,0.002289,0.004577,0.025176,0.000000,0.000000,0.000000,0.000000,0,0,0,0,0,0,0,0,0,0,0,0.045257568359375,-0.004302978515625,0,0,0,0,0,0,0,0,Object notstarted,Object notstarted,Object notstarted,Object notstarted,Object notstarted,Object notstarted,Object notstarted,Object notstarted,Object notstarted
2024-03-18 10:30:20,425.425,__main___datalogs,INFO,JoyConState.NORMAL,0.000000,0.000000,0.000000,0.098413,0.006866,0.004577,0.025176,0.000000,0.000000,0.000000,0.000000,0,0,0,0,0,0,0,0,0,0,0,0.045257568359375,-0.004302978515625,0,0,0,0,0,0,0,0,Object notstarted,Object notstarted,Object notstarted,Object notstarted,Object notstarted,Object notstarted,Object notstarted,Object notstarted,Object notstarted
2024-03-18 10:30:20,482.482,__main___datalogs,INFO,JoyConState.NORMAL,0.000000,0.000000,0.000000,0.098413,0.009155,0.011443,0.020598,0.000000,0.000000,0.000000,0.000000,0,0,0,0,0,0,0,0,0,0,0,0.045257568359375,-0.004302978515625,0,0,0,0,0,0,0,0,Object notstarted,Object notstarted,Object notstarted,Object notstarted,Object notstarted,Object notstarted,Object notstarted,Object notstarted,Object notstarted
2024-03-18 10:30:20,538.538,__main___datalogs,INFO,JoyConState.NORMAL,0.000000,0.000000,0.000000,0.096125,0.009155,0.004577,0.020598,0.000000,0.000000,0.000000,0.000000,0,0,0,0,0,0,0,0,0,0,0,0.045257568359375,-0.004302978515625,0,0,0,0,0,0,0,0,Object notstarted,Object notstarted,Object notstarted,Object notstarted,Object notstarted,Object notstarted,Object notstarted,Object notstarted,Object notstarted
2024-03-18 10:30:20,594.594,__main___datalogs,INFO,JoyConState.NORMAL,0.000000,0.000000,0.000000,0.096125,0.009155,0.004577,0.025176,0.000000,0.000000,0.000000,0.000000,0,0,0,0,0,0,0,0,0,0,0,0.045257568359375,-0.004302978515625,0,0,0,0,0,0,0,0,Object notstarted,Object notstarted,Object notstarted,Object notstarted,Object notstarted,Object notstarted,Object notstarted,Object notstarted,Object notstarted
2024-03-18 10:30:20,650.650,__main___datalogs,INFO,JoyConState.NORMAL,0.000000,0.000000,0.000000,0.096125,0.009155,0.004577,0.025176,0.000000,0.000000,0.000000,0.000000,0,0,0,0,0,0,0,0,0,0,0,0.045257568359375,-0.004302978515625,0,0,0,0,0,0,0,0,Object notstarted,Object notstarted,Object notstarted,Object notstarted,Object notstarted,Object notstarted,Object notstarted,Object notstarted,Object notstarted
2024-03-18 10:30:20,706.706,__main___datalogs,INFO,JoyConState.NORMAL,0.000000,0.000000,0.000000,0.096125,0.002289,0.004577,0.020598,0.000000,0.000000,0.000000,0.000000,0,0,0,0,0,0,0,0,0,0,0,0.045257568359375,-0.004302978515625,0,0,0,0,0,0,0,0,Object notstarted,Object notstarted,Object notstarted,Object notstarted,Object notstarted,Object notstarted,Object notstarted,Object notstarted,Object notstarted
2024-03-18 10:30:20,761.761,__main___datalogs,INFO,JoyConState.NORMAL,0.000000,0.000000,0.000000,0.096125,0.006866,0.011443,0.025176,0.000000,0.000000,0.000000,0.000000,0,0,0,0,0,0,0,0,0,0,0,0.045257568359375,-0.004302978515625,0,0,0,0,0,0,0,0,Object notstarted,Object notstarted,Object notstarted,Object notstarted,Object notstarted,Object notstarted,Object notstarted,Object notstarted,Object notstarted
2024-03-18 10:30:20,818.818,__main___datalogs,INFO,JoyConState.NORMAL,0.000000,0.000000,0.000000,0.098413,0.006866,0.011443,0.020598,0.000000,0.000000,0.000000,0.000000,0,0,0,0,0,0,0,0,0,0,0,0.045257568359375,-0.004302978515625,0,0,0,0,0,0,0,0,Object notstarted,Object notstarted,Object notstarted,Object notstarted,Object notstarted,Object notstarted,Object notstarted,Object notstarted,Object notstarted
2024-03-18 10:30:20,873.873,__main___datalogs,INFO,JoyConState.NORMAL,0.000000,0.000000,0.000000,0.096125,0.002289,0.011443,0.025176,0.000000,0.000000,0.000000,0.000000,0,0,0,0,0,0,0,0,0,0,0,0.045257568359375,-0.004302978515625,0,0,0,0,0,0,0,0,Object notstarted,Object notstarted,Object notstarted,Object notstarted,Object notstarted,Object notstarted,Object notstarted,Object notstarted,Object notstarted
2024-03-18 10:30:20,930.930,__main___datalogs,INFO,JoyConState.NORMAL,0.000000,0.000000,0.000000,0.096125,0.002289,0.004577,0.025176,0.000000,0.000000,0.000000,0.000000,0,0,0,0,0,0,0,0,0,0,0,0.045257568359375,-0.004302978515625,0,0,0,0,0,0,0,0,Object notstarted,Object notstarted,Object notstarted,Object notstarted,Object notstarted,Object notstarted,Object notstarted,Object notstarted,Object notstarted
2024-03-18 10:30:20,986.986,__main___datalogs,INFO,JoyConState.NORMAL,0.000000,0.000000,0.000000,0.096125,0.002289,0.011443,0.020598,0.000000,0.000000,0.000000,0.000000,0,0,0,0,0,0,0,0,0,0,0,0.045257568359375,-0.004302978515625,0,0,0,0,0,0,0,0,Object notstarted,Object notstarted,Object notstarted,Object notstarted,Object notstarted,Object notstarted,Object notstarted,Object notstarted,Object notstarted
2024-03-18 10:30:21,057.057,__main___datalogs,INFO,JoyConState.NORMAL,0.000000,0.000000,0.000000,0.096125,0.002289,0.004577,0.025176,0.000000,0.000000,0.000000,0.000000,0,0,0,0,0,0,0,0,0,0,0,0.045257568359375,-0.004302978515625,0,0,0,0,0,0,0,0,Object notstarted,Object notstarted,Object notstarted,Object notstarted,Object notstarted,Object notstarted,Object notstarted,Object notstarted,Object notstarted
2024-03-18 10:30:21,137.137,__main___datalogs,INFO,JoyConState.NORMAL,0.000000,0.000000,0.000000,0.091547,0.006866,0.011443,0.020598,0.000000,0.000000,0.000000,0.000000,0,0,0,0,0,0,0,0,0,0,0,0.045257568359375,-0.004302978515625,0,0,0,0,0,0,0,0,Object notstarted,Object notstarted,Object notstarted,Object notstarted,Object notstarted,Object notstarted,Object notstarted,Object notstarted,Object notstarted
2024-03-18 10:30:21,193.193,__main___datalogs,INFO,JoyConState.NORMAL,0.000000,0.000000,0.000000,0.096125,0.006866,0.011443,0.020598,0.000000,0.000000,0.000000,0.000000,0,0,0,0,0,0,0,0,0,0,0,0.045257568359375,-0.004302978515625,0,0,0,0,0,0,0,0,Object notstarted,Object notstarted,Object notstarted,Object notstarted,Object notstarted,Object notstarted,Object notstarted,Object notstarted,Object notstarted
2024-03-18 10:30:21,249.249,__main___datalogs,INFO,JoyConState.NORMAL,0.000000,0.000000,0.000000,0.098413,0.009155,0.011443,0.020598,0.000000,0.000000,0.000000,0.000000,0,0,0,0,0,0,0,0,0,0,0,0.045257568359375,-0.004302978515625,0,0,0,0,0,0,0,0,Object notstarted,Object notstarted,Object notstarted,Object notstarted,Object notstarted,Object notstarted,Object notstarted,Object notstarted,Object notstarted
2024-03-18 10:30:21,305.305,__main___datalogs,INFO,JoyConState.NORMAL,0.000000,0.000000,0.000000,0.098413,0.006866,0.004577,0.020598,0.000000,0.000000,0.000000,0.000000,0,0,0,0,0,0,0,0,0,0,0,0.045257568359375,-0.004302978515625,0,0,0,0,0,0,0,0,Object notstarted,Object notstarted,Object notstarted,Object notstarted,Object notstarted,Object notstarted,Object notstarted,Object notstarted,Object notstarted
2024-03-18 10:30:21,360.360,__main___datalogs,INFO,JoyConState.NORMAL,0.000000,0.000000,0.000000,0.096125,0.002289,0.004577,0.025176,0.000000,0.000000,0.000000,0.000000,0,0,0,0,0,0,0,0,0,0,0,0.045257568359375,-0.004302978515625,0,0,0,0,0,0,0,0,Object notstarted,Object notstarted,Object notstarted,Object notstarted,Object notstarted,Object notstarted,Object notstarted,Object notstarted,Object notstarted
2024-03-18 10:30:21,417.417,__main___datalogs,INFO,JoyConState.NORMAL,0.000000,0.000000,0.000000,0.096125,0.002289,0.011443,0.025176,0.000000,0.000000,0.000000,0.000000,0,0,0,0,0,0,0,0,0,0,0,0.045257568359375,-0.004302978515625,0,0,0,0,0,0,0,0,Object notstarted,Object notstarted,Object notstarted,Object notstarted,Object notstarted,Object notstarted,Object notstarted,Object notstarted,Object notstarted
2024-03-18 10:30:21,472.472,__main___datalogs,INFO,JoyConState.NORMAL,0.000000,0.000000,0.000000,0.096125,0.009155,0.004577,0.020598,0.000000,0.000000,0.000000,0.000000,0,0,0,0,0,0,0,0,0,0,0,0.045257568359375,-0.004302978515625,0,0,0,0,0,0,0,0,Object notstarted,Object notstarted,Object notstarted,Object notstarted,Object notstarted,Object notstarted,Object notstarted,Object notstarted,Object notstarted
2024-03-18 10:30:21,529.529,__main___datalogs,INFO,JoyConState.NORMAL,0.000000,0.000000,0.000000,0.096125,0.006866,0.011443,0.025176,0.000000,0.000000,0.000000,0.000000,0,0,0,0,0,0,0,0,0,0,0,0.045257568359375,-0.004302978515625,0,0,0,0,0,0,0,0,Object notstarted,Object notstarted,Object notstarted,Object notstarted,Object notstarted,Object notstarted,Object notstarted,Object notstarted,Object notstarted
2024-03-18 10:30:21,585.585,__main___datalogs,INFO,JoyConState.NORMAL,0.000000,0.000000,0.000000,0.098413,0.009155,0.004577,0.020598,0.000000,0.000000,0.000000,0.000000,0,0,0,0,0,0,0,0,0,0,0,0.045257568359375,-0.004302978515625,0,0,0,0,0,0,0,0,Object notstarted,Object notstarted,Object notstarted,Object notstarted,Object notstarted,Object notstarted,Object notstarted,Object notstarted,Object notstarted
2024-03-18 10:30:21,641.641,__main___datalogs,INFO,JoyConState.NORMAL,0.000000,0.000000,0.000000,0.098413,0.002289,0.004577,0.020598,0.000000,0.000000,0.000000,0.000000,0,0,0,0,0,0,0,0,0,0,0,0.045257568359375,-0.004302978515625,0,0,0,0,0,0,0,0,Object notstarted,Object notstarted,Object notstarted,Object notstarted,Object notstarted,Object notstarted,Object notstarted,Object notstarted,Object notstarted
2024-03-18 10:30:21,697.697,__main___datalogs,INFO,JoyConState.NORMAL,0.000000,0.000000,0.000000,0.098413,0.006866,0.004577,0.020598,0.000000,0.000000,0.000000,0.000000,0,0,0,0,0,0,0,0,0,0,0,0.045257568359375,-0.004302978515625,0,0,0,0,0,0,0,0,Object notstarted,Object notstarted,Object notstarted,Object notstarted,Object notstarted,Object notstarted,Object notstarted,Object notstarted,Object notstarted
2024-03-18 10:30:21,753.753,__main___datalogs,INFO,JoyConState.NORMAL,0.000000,0.000000,0.000000,0.096125,0.009155,0.004577,0.025176,0.000000,0.000000,0.000000,0.000000,0,0,0,0,0,0,0,0,0,0,0,0.045257568359375,-0.004302978515625,0,0,0,0,0,0,0,0,Object notstarted,Object notstarted,Object notstarted,Object notstarted,Object notstarted,Object notstarted,Object notstarted,Object notstarted,Object notstarted
2024-03-18 10:30:21,808.808,__main___datalogs,INFO,JoyConState.NORMAL,0.000000,0.000000,0.000000,0.091547,0.006866,0.004577,0.020598,0.000000,0.000000,0.000000,0.000000,0,0,0,0,0,0,0,0,0,0,0,0.045257568359375,-0.004302978515625,0,0,0,0,0,0,0,0,Object notstarted,Object notstarted,Object notstarted,Object notstarted,Object notstarted,Object notstarted,Object notstarted,Object notstarted,Object notstarted
2024-03-18 10:30:21,864.864,__main___datalogs,INFO,JoyConState.NORMAL,0.000000,0.000000,0.000000,0.096125,0.006866,0.004577,0.025176,0.000000,0.000000,0.000000,0.000000,0,0,0,0,0,0,0,0,0,0,0,0.045257568359375,-0.004302978515625,0,0,0,0,0,0,0,0,Object notstarted,Object notstarted,Object notstarted,Object notstarted,Object notstarted,Object notstarted,Object notstarted,Object notstarted,Object notstarted
2024-03-18 10:30:21,920.920,__main___datalogs,INFO,JoyConState.NORMAL,0.000000,0.000000,0.000000,0.091547,0.006866,0.013732,0.025176,0.000000,0.000000,0.000000,0.000000,0,0,0,0,0,0,0,0,0,0,0,0.045257568359375,-0.004302978515625,0,0,0,0,0,0,0,0,Object notstarted,Object notstarted,Object notstarted,Object notstarted,Object notstarted,Object notstarted,Object notstarted,Object notstarted,Object notstarted
2024-03-18 10:30:21,976.976,__main___datalogs,INFO,JoyConState.NORMAL,0.000000,0.000000,0.000000,0.096125,0.006866,0.011443,0.020598,0.000000,0.000000,0.000000,0.000000,0,0,0,0,0,0,0,0,0,0,0,0.045257568359375,-0.004302978515625,0,0,0,0,0,0,0,0,Object notstarted,Object notstarted,Object notstarted,Object notstarted,Object notstarted,Object notstarted,Object notstarted,Object notstarted,Object notstarted
2024-03-18 10:30:22,032.032,__main___datalogs,INFO,JoyConState.NORMAL,0.000000,0.000000,0.000000,0.096125,0.006866,0.011443,0.020598,0.000000,0.000000,0.000000,0.000000,0,0,0,0,0,0,0,0,0,0,0,0.045257568359375,-0.004302978515625,0,0,0,0,0,0,0,0,Object notstarted,Object notstarted,Object notstarted,Object notstarted,Object notstarted,Object notstarted,Object notstarted,Object notstarted,Object notstarted
2024-03-18 10:30:22,089.089,__main___datalogs,INFO,JoyConState.NORMAL,0.000000,0.000000,0.000000,0.091547,0.006866,0.013732,0.020598,0.000000,0.000000,0.000000,0.000000,0,0,0,0,0,0,0,0,0,0,0,0.045257568359375,-0.004302978515625,0,0,0,0,0,0,0,0,Object notstarted,Object notstarted,Object notstarted,Object notstarted,Object notstarted,Object notstarted,Object notstarted,Object notstarted,Object notstarted
2024-03-18 10:30:22,168.168,__main___datalogs,INFO,JoyConState.NORMAL,0.000000,0.000000,0.000000,0.091547,0.009155,0.011443,0.025176,0.000000,0.000000,0.000000,0.000000,0,0,0,0,0,0,0,0,0,0,0,0.045257568359375,-0.004302978515625,0,0,0,0,0,0,0,0,Object notstarted,Object notstarted,Object notstarted,Object notstarted,Object notstarted,Object notstarted,Object notstarted,Object notstarted,Object notstarted
2024-03-18 10:30:22,224.224,__main___datalogs,INFO,JoyConState.NORMAL,0.000000,0.000000,0.000000,0.096125,0.002289,0.011443,0.025176,0.000000,0.000000,0.000000,0.000000,0,0,0,0,0,0,0,0,0,0,0,0.045257568359375,-0.004302978515625,0,0,0,0,0,0,0,0,Object notstarted,Object notstarted,Object notstarted,Object notstarted,Object notstarted,Object notstarted,Object notstarted,Object notstarted,Object notstarted
2024-03-18 10:30:22,280.280,__main___datalogs,INFO,JoyConState.NORMAL,0.000000,0.000000,0.000000,0.098413,0.002289,0.011443,0.020598,0.000000,0.000000,0.000000,0.000000,0,0,0,0,0,0,0,0,0,0,0,0.045257568359375,-0.004302978515625,0,0,0,0,0,0,0,0,Object notstarted,Object notstarted,Object notstarted,Object notstarted,Object notstarted,Object notstarted,Object notstarted,Object notstarted,Object notstarted
2024-03-18 10:30:22,337.337,__main___datalogs,INFO,JoyConState.NORMAL,0.000000,0.000000,0.000000,0.098413,0.002289,0.011443,0.020598,0.000000,0.000000,0.000000,0.000000,0,0,0,0,0,0,0,0,0,0,0,0.045257568359375,-0.004302978515625,0,0,0,0,0,0,0,0,Object notstarted,Object notstarted,Object notstarted,Object notstarted,Object notstarted,Object notstarted,Object notstarted,Object notstarted,Object notstarted
2024-03-18 10:30:22,392.392,__main___datalogs,INFO,JoyConState.NORMAL,0.000000,0.000000,0.000000,0.096125,0.002289,0.011443,0.025176,0.000000,0.000000,0.000000,0.000000,0,0,0,0,0,0,0,0,0,0,0,0.045257568359375,-0.004302978515625,0,0,0,0,0,0,0,0,Object notstarted,Object notstarted,Object notstarted,Object notstarted,Object notstarted,Object notstarted,Object notstarted,Object notstarted,Object notstarted
2024-03-18 10:30:22,448.448,__main___datalogs,INFO,JoyConState.NORMAL,0.000000,0.000000,0.000000,0.091547,0.002289,0.004577,0.025176,0.000000,0.000000,0.000000,0.000000,0,0,0,0,0,0,0,0,0,0,0,0.045257568359375,-0.004302978515625,0,0,0,0,0,0,0,0,Object notstarted,Object notstarted,Object notstarted,Object notstarted,Object notstarted,Object notstarted,Object notstarted,Object notstarted,Object notstarted
2024-03-18 10:30:22,503.503,__main___datalogs,INFO,JoyConState.NORMAL,0.000000,0.000000,0.000000,0.098413,0.002289,0.004577,0.025176,0.000000,0.000000,0.000000,0.000000,0,0,0,0,0,0,0,0,0,0,0,0.045257568359375,-0.004302978515625,0,0,0,0,0,0,0,0,Object notstarted,Object notstarted,Object notstarted,Object notstarted,Object notstarted,Object notstarted,Object notstarted,Object notstarted,Object notstarted
2024-03-18 10:30:22,560.560,__main___datalogs,INFO,JoyConState.NORMAL,0.000000,0.000000,0.000000,0.096125,0.002289,0.002289,0.025176,0.000000,0.000000,0.000000,0.000000,0,0,0,0,0,0,0,0,0,0,0,0.045257568359375,-0.004302978515625,0,0,0,0,0,0,0,0,Object notstarted,Object notstarted,Object notstarted,Object notstarted,Object notstarted,Object notstarted,Object notstarted,Object notstarted,Object notstarted
2024-03-18 10:30:22,615.615,__main___datalogs,INFO,JoyConState.NORMAL,0.000000,0.000000,0.000000,0.091547,0.002289,0.004577,0.025176,0.000000,0.000000,0.000000,0.000000,0,0,0,0,0,0,0,0,0,0,0,0.045257568359375,-0.004302978515625,0,0,0,0,0,0,0,0,Object notstarted,Object notstarted,Object notstarted,Object notstarted,Object notstarted,Object notstarted,Object notstarted,Object notstarted,Object notstarted
2024-03-18 10:30:22,671.671,__main___datalogs,INFO,JoyConState.NORMAL,0.000000,0.000000,0.000000,0.091547,0.006866,0.011443,0.025176,0.000000,0.000000,0.000000,0.000000,0,0,0,0,0,0,0,0,0,0,0,0.045257568359375,-0.004302978515625,0,0,0,0,0,0,0,0,Object notstarted,Object notstarted,Object notstarted,Object notstarted,Object notstarted,Object notstarted,Object notstarted,Object notstarted,Object notstarted
2024-03-18 10:30:22,726.726,__main___datalogs,INFO,JoyConState.NORMAL,0.000000,0.000000,0.000000,0.091547,0.009155,0.011443,0.025176,0.000000,0.000000,0.000000,0.000000,0,0,0,0,0,0,0,0,0,0,0,0.045257568359375,-0.004302978515625,0,0,0,0,0,0,0,0,Object notstarted,Object notstarted,Object notstarted,Object notstarted,Object notstarted,Object notstarted,Object notstarted,Object notstarted,Object notstarted
2024-03-18 10:30:22,783.783,__main___datalogs,INFO,JoyConState.NORMAL,0.000000,0.000000,0.000000,0.096125,0.009155,0.011443,0.025176,0.000000,0.000000,0.000000,0.000000,0,0,0,0,0,0,0,0,0,0,0,0.045257568359375,-0.004302978515625,0,0,0,0,0,0,0,0,Object notstarted,Object notstarted,Object notstarted,Object notstarted,Object notstarted,Object notstarted,Object notstarted,Object notstarted,Object notstarted
2024-03-18 10:30:22,838.838,__main___datalogs,INFO,JoyConState.NORMAL,0.000000,0.000000,0.000000,0.096125,0.009155,0.011443,0.020598,0.000000,0.000000,0.000000,0.000000,0,0,0,0,0,0,0,0,0,0,0,0.045257568359375,-0.004302978515625,0,0,0,0,0,0,0,0,Object notstarted,Object notstarted,Object notstarted,Object notstarted,Object notstarted,Object notstarted,Object notstarted,Object notstarted,Object notstarted
2024-03-18 10:30:22,894.894,__main___datalogs,INFO,JoyConState.NORMAL,0.000000,0.000000,0.000000,0.091547,0.006866,0.004577,0.020598,0.000000,0.000000,0.000000,0.000000,0,0,0,0,0,0,0,0,0,0,0,0.045257568359375,-0.004302978515625,0,0,0,0,0,0,0,0,Object notstarted,Object notstarted,Object notstarted,Object notstarted,Object notstarted,Object notstarted,Object notstarted,Object notstarted,Object notstarted
2024-03-18 10:30:22,948.948,__main___datalogs,INFO,JoyConState.NORMAL,0.000000,0.000000,0.000000,0.091547,0.009155,0.004577,0.020598,0.000000,0.000000,0.000000,0.000000,0,0,0,0,0,0,0,0,0,0,0,0.045257568359375,-0.004302978515625,0,0,0,0,0,0,0,0,Object notstarted,Object notstarted,Object notstarted,Object notstarted,Object notstarted,Object notstarted,Object notstarted,Object notstarted,Object notstarted
2024-03-18 10:30:23,005.005,__main___datalogs,INFO,JoyConState.NORMAL,0.000000,0.000000,0.000000,0.096125,0.006866,0.004577,0.025176,0.000000,0.000000,0.000000,0.000000,0,0,0,0,0,0,0,0,0,0,0,0.045257568359375,-0.004302978515625,0,0,0,0,0,0,0,0,Object notstarted,Object notstarted,Object notstarted,Object notstarted,Object notstarted,Object notstarted,Object notstarted,Object notstarted,Object notstarted
2024-03-18 10:30:23,059.059,__main___datalogs,INFO,JoyConState.NORMAL,0.000000,0.000000,0.000000,0.096125,0.006866,0.011443,0.025176,0.000000,0.000000,0.000000,0.000000,0,0,0,0,0,0,0,0,0,0,0,0.045257568359375,-0.004302978515625,0,0,0,0,0,0,0,0,Object notstarted,Object notstarted,Object notstarted,Object notstarted,Object notstarted,Object notstarted,Object notstarted,Object notstarted,Object notstarted
2024-03-18 10:30:23,115.115,__main___datalogs,INFO,JoyConState.NORMAL,0.000000,0.000000,0.000000,0.096125,0.006866,0.013732,0.020598,0.000000,0.000000,0.000000,0.000000,0,0,0,0,0,0,0,0,0,0,0,0.045257568359375,-0.004302978515625,0,0,0,0,0,0,0,0,Object notstarted,Object notstarted,Object notstarted,Object notstarted,Object notstarted,Object notstarted,Object notstarted,Object notstarted,Object notstarted
2024-03-18 10:30:23,187.187,__main___datalogs,INFO,JoyConState.NORMAL,0.000000,0.000000,0.000000,0.098413,0.006866,0.011443,0.025176,0.000000,0.000000,0.000000,0.000000,0,0,0,0,0,0,0,0,0,0,0,0.045257568359375,-0.004302978515625,0,0,0,0,0,0,0,0,Object notstarted,Object notstarted,Object notstarted,Object notstarted,Object notstarted,Object notstarted,Object notstarted,Object notstarted,Object notstarted
2024-03-18 10:30:23,273.273,__main___datalogs,INFO,JoyConState.NORMAL,0.000000,0.000000,0.000000,0.091547,0.009155,0.011443,0.020598,0.000000,0.000000,0.000000,0.000000,0,0,0,0,0,0,0,0,0,0,0,0.045257568359375,-0.004302978515625,0,0,0,0,0,0,0,0,Object notstarted,Object notstarted,Object notstarted,Object notstarted,Object notstarted,Object notstarted,Object notstarted,Object notstarted,Object notstarted
2024-03-18 10:30:23,344.344,__main___datalogs,INFO,JoyConState.NORMAL,0.000000,0.000000,0.000000,0.096125,0.009155,0.004577,0.020598,0.000000,0.000000,0.000000,0.000000,0,0,0,0,0,0,0,0,0,0,0,0.045257568359375,-0.004302978515625,0,0,0,0,0,0,0,0,Object notstarted,Object notstarted,Object notstarted,Object notstarted,Object notstarted,Object notstarted,Object notstarted,Object notstarted,Object notstarted
2024-03-18 10:30:23,401.401,__main___datalogs,INFO,JoyConState.NORMAL,0.000000,0.000000,0.000000,0.091547,0.006866,0.011443,0.020598,0.000000,0.000000,0.000000,0.000000,0,0,0,0,0,0,0,0,0,0,0,0.045257568359375,-0.004302978515625,0,0,0,0,0,0,0,0,Object notstarted,Object notstarted,Object notstarted,Object notstarted,Object notstarted,Object notstarted,Object notstarted,Object notstarted,Object notstarted
2024-03-18 10:30:23,456.456,__main___datalogs,INFO,JoyConState.NORMAL,0.000000,0.000000,0.000000,0.096125,0.006866,0.011443,0.025176,0.000000,0.000000,0.000000,0.000000,0,0,0,0,0,0,0,0,0,0,0,0.045257568359375,-0.004302978515625,0,0,0,0,0,0,0,0,Object notstarted,Object notstarted,Object notstarted,Object notstarted,Object notstarted,Object notstarted,Object notstarted,Object notstarted,Object notstarted
2024-03-18 10:30:23,511.511,__main___datalogs,INFO,JoyConState.NORMAL,0.000000,0.000000,0.000000,0.096125,0.009155,0.013732,0.025176,0.000000,0.000000,0.000000,0.000000,0,0,0,0,0,0,0,0,0,0,0,0.045257568359375,-0.004302978515625,0,0,0,0,0,0,0,0,Object notstarted,Object notstarted,Object notstarted,Object notstarted,Object notstarted,Object notstarted,Object notstarted,Object notstarted,Object notstarted
2024-03-18 10:30:23,567.567,__main___datalogs,INFO,JoyConState.NORMAL,0.000000,0.000000,0.000000,0.098413,0.006866,0.011443,0.020598,0.000000,0.000000,0.000000,0.000000,0,0,0,0,0,0,0,0,0,0,0,0.045257568359375,-0.004302978515625,0,0,0,0,0,0,0,0,Object notstarted,Object notstarted,Object notstarted,Object notstarted,Object notstarted,Object notstarted,Object notstarted,Object notstarted,Object notstarted
2024-03-18 10:30:23,623.623,__main___datalogs,INFO,JoyConState.NORMAL,0.000000,0.000000,0.000000,0.096125,0.006866,0.011443,0.020598,0.000000,0.000000,0.000000,0.000000,0,0,0,0,0,0,0,0,0,0,0,0.045257568359375,-0.004302978515625,0,0,0,0,0,0,0,0,Object notstarted,Object notstarted,Object notstarted,Object notstarted,Object notstarted,Object notstarted,Object notstarted,Object notstarted,Object notstarted
2024-03-18 10:30:23,679.679,__main___datalogs,INFO,JoyConState.NORMAL,0.000000,0.000000,0.000000,0.096125,0.006866,0.011443,0.020598,0.000000,0.000000,0.000000,0.000000,0,0,0,0,0,0,0,0,0,0,0,0.045257568359375,-0.004302978515625,0,0,0,0,0,0,0,0,Object notstarted,Object notstarted,Object notstarted,Object notstarted,Object notstarted,Object notstarted,Object notstarted,Object notstarted,Object notstarted
2024-03-18 10:30:23,736.736,__main___datalogs,INFO,JoyConState.NORMAL,0.000000,0.000000,0.000000,0.091547,0.009155,0.011443,0.016021,0.000000,0.000000,0.000000,0.000000,0,0,0,0,0,0,0,0,0,0,0,0.045257568359375,-0.004302978515625,0,0,0,0,0,0,0,0,Object notstarted,Object notstarted,Object notstarted,Object notstarted,Object notstarted,Object notstarted,Object notstarted,Object notstarted,Object notstarted
2024-03-18 10:30:23,792.792,__main___datalogs,INFO,JoyConState.NORMAL,0.000000,0.000000,0.000000,0.096125,0.006866,0.011443,0.020598,0.000000,0.000000,0.000000,0.000000,0,0,0,0,0,0,0,0,0,0,0,0.045257568359375,-0.004302978515625,0,0,0,0,0,0,0,0,Object notstarted,Object notstarted,Object notstarted,Object notstarted,Object notstarted,Object notstarted,Object notstarted,Object notstarted,Object notstarted
2024-03-18 10:30:23,848.848,__main___datalogs,INFO,JoyConState.NORMAL,0.000000,0.000000,0.000000,0.091547,0.006866,0.011443,0.020598,0.000000,0.000000,0.000000,0.000000,0,0,0,0,0,0,0,0,0,0,0,0.045257568359375,-0.004302978515625,0,0,0,0,0,0,0,0,Object notstarted,Object notstarted,Object notstarted,Object notstarted,Object notstarted,Object notstarted,Object notstarted,Object notstarted,Object notstarted
2024-03-18 10:30:23,904.904,__main___datalogs,INFO,JoyConState.NORMAL,0.000000,0.000000,0.000000,0.091547,0.009155,0.011443,0.025176,0.000000,0.000000,0.000000,0.000000,0,0,0,0,0,0,0,0,0,0,0,0.045257568359375,-0.004302978515625,0,0,0,0,0,0,0,0,Object notstarted,Object notstarted,Object notstarted,Object notstarted,Object notstarted,Object notstarted,Object notstarted,Object notstarted,Object notstarted
2024-03-18 10:30:23,960.960,__main___datalogs,INFO,JoyConState.NORMAL,0.000000,0.000000,0.000000,0.096125,0.009155,0.011443,0.025176,0.000000,0.000000,0.000000,0.000000,0,0,0,0,0,0,0,0,0,0,0,0.045257568359375,-0.004302978515625,0,0,0,0,0,0,0,0,Object notstarted,Object notstarted,Object notstarted,Object notstarted,Object notstarted,Object notstarted,Object notstarted,Object notstarted,Object notstarted
2024-03-18 10:30:24,016.016,__main___datalogs,INFO,JoyConState.NORMAL,0.000000,0.000000,0.000000,0.096125,0.009155,0.011443,0.020598,0.000000,0.000000,0.000000,0.000000,0,0,0,0,0,0,0,0,0,0,0,0.045257568359375,-0.004302978515625,0,0,0,0,0,0,0,0,Object notstarted,Object notstarted,Object notstarted,Object notstarted,Object notstarted,Object notstarted,Object notstarted,Object notstarted,Object notstarted
2024-03-18 10:30:24,072.072,__main___datalogs,INFO,JoyConState.NORMAL,0.000000,0.000000,0.000000,0.098413,0.009155,0.004577,0.020598,0.000000,0.000000,0.000000,0.000000,0,0,0,0,0,0,0,0,0,0,0,0.045257568359375,-0.004302978515625,0,0,0,0,0,0,0,0,Object notstarted,Object notstarted,Object notstarted,Object notstarted,Object notstarted,Object notstarted,Object notstarted,Object notstarted,Object notstarted
2024-03-18 10:30:24,127.127,__main___datalogs,INFO,JoyConState.NORMAL,0.000000,0.000000,0.000000,0.096125,0.009155,0.011443,0.016021,0.000000,0.000000,0.000000,0.000000,0,0,0,0,0,0,0,0,0,0,0,0.045257568359375,-0.004302978515625,0,0,0,0,0,0,0,0,Object notstarted,Object notstarted,Object notstarted,Object notstarted,Object notstarted,Object notstarted,Object notstarted,Object notstarted,Object notstarted
2024-03-18 10:30:24,184.184,__main___datalogs,INFO,JoyConState.NORMAL,0.000000,0.000000,0.000000,0.096125,0.009155,0.004577,0.020598,0.000000,0.000000,0.000000,0.000000,0,0,0,0,0,0,0,0,0,0,0,0.045257568359375,-0.004302978515625,0,0,0,0,0,0,0,0,Object notstarted,Object notstarted,Object notstarted,Object notstarted,Object notstarted,Object notstarted,Object notstarted,Object notstarted,Object notstarted
2024-03-18 10:30:24,254.254,__main___datalogs,INFO,JoyConState.NORMAL,0.000000,0.000000,0.000000,0.096125,0.002289,0.004577,0.020598,0.000000,0.000000,0.000000,0.000000,0,0,0,0,0,0,0,0,0,0,0,0.045257568359375,-0.004302978515625,0,0,0,0,0,0,0,0,Object notstarted,Object notstarted,Object notstarted,Object notstarted,Object notstarted,Object notstarted,Object notstarted,Object notstarted,Object notstarted
2024-03-18 10:30:24,318.318,__main___datalogs,INFO,JoyConState.NORMAL,0.000000,0.000000,0.000000,0.096125,0.006866,0.004577,0.025176,0.000000,0.000000,0.000000,0.000000,0,0,0,0,0,0,0,0,0,0,0,0.045257568359375,-0.004302978515625,0,0,0,0,0,0,0,0,Object notstarted,Object notstarted,Object notstarted,Object notstarted,Object notstarted,Object notstarted,Object notstarted,Object notstarted,Object notstarted
2024-03-18 10:30:24,374.374,__main___datalogs,INFO,JoyConState.NORMAL,0.000000,0.000000,0.000000,0.091547,0.009155,0.011443,0.020598,0.000000,0.000000,0.000000,0.000000,0,0,0,0,0,0,0,0,0,0,0,0.045257568359375,-0.004302978515625,0,0,0,0,0,0,0,0,Object notstarted,Object notstarted,Object notstarted,Object notstarted,Object notstarted,Object notstarted,Object notstarted,Object notstarted,Object notstarted
2024-03-18 10:30:24,430.430,__main___datalogs,INFO,JoyConState.NORMAL,0.000000,0.000000,0.000000,0.098413,0.006866,0.011443,0.020598,0.000000,0.000000,0.000000,0.000000,0,0,0,0,0,0,0,0,0,0,0,0.045257568359375,-0.004302978515625,0,0,0,0,0,0,0,0,Object notstarted,Object notstarted,Object notstarted,Object notstarted,Object notstarted,Object notstarted,Object notstarted,Object notstarted,Object notstarted
2024-03-18 10:30:24,486.486,__main___datalogs,INFO,JoyConState.NORMAL,0.000000,0.000000,0.000000,0.098413,0.009155,0.011443,0.025176,0.000000,0.000000,0.000000,0.000000,0,0,0,0,0,0,0,0,0,0,0,0.045257568359375,-0.004302978515625,0,0,0,0,0,0,0,0,Object notstarted,Object notstarted,Object notstarted,Object notstarted,Object notstarted,Object notstarted,Object notstarted,Object notstarted,Object notstarted
2024-03-18 10:30:24,543.543,__main___datalogs,INFO,JoyConState.NORMAL,0.000000,0.000000,0.000000,0.096125,0.009155,0.011443,0.025176,0.000000,0.000000,0.000000,0.000000,0,0,0,0,0,0,0,0,0,0,0,0.045257568359375,-0.004302978515625,0,0,0,0,0,0,0,0,Object notstarted,Object notstarted,Object notstarted,Object notstarted,Object notstarted,Object notstarted,Object notstarted,Object notstarted,Object notstarted
2024-03-18 10:30:24,598.598,__main___datalogs,INFO,JoyConState.NORMAL,0.000000,0.000000,0.000000,0.096125,0.009155,0.011443,0.025176,0.000000,0.000000,0.000000,0.000000,0,0,0,0,0,0,0,0,0,0,0,0.045257568359375,-0.004302978515625,0,0,0,0,0,0,0,0,Object notstarted,Object notstarted,Object notstarted,Object notstarted,Object notstarted,Object notstarted,Object notstarted,Object notstarted,Object notstarted
2024-03-18 10:30:24,654.654,__main___datalogs,INFO,JoyConState.NORMAL,0.000000,0.000000,0.000000,0.096125,0.006866,0.011443,0.020598,0.000000,0.000000,0.000000,0.000000,0,0,0,0,0,0,0,0,0,0,0,0.045257568359375,-0.004302978515625,0,0,0,0,0,0,0,0,Object notstarted,Object notstarted,Object notstarted,Object notstarted,Object notstarted,Object notstarted,Object notstarted,Object notstarted,Object notstarted
2024-03-18 10:30:24,709.709,__main___datalogs,INFO,JoyConState.NORMAL,0.000000,0.000000,0.000000,0.096125,0.006866,0.004577,0.025176,0.000000,0.000000,0.000000,0.000000,0,0,0,0,0,0,0,0,0,0,0,0.045257568359375,-0.004302978515625,0,0,0,0,0,0,0,0,Object notstarted,Object notstarted,Object notstarted,Object notstarted,Object notstarted,Object notstarted,Object notstarted,Object notstarted,Object notstarted
2024-03-18 10:30:24,765.765,__main___datalogs,INFO,JoyConState.NORMAL,0.000000,0.000000,0.000000,0.096125,0.002289,0.004577,0.025176,0.000000,0.000000,0.000000,0.000000,0,0,0,0,0,0,0,0,0,0,0,0.045257568359375,-0.004302978515625,0,0,0,0,0,0,0,0,Object notstarted,Object notstarted,Object notstarted,Object notstarted,Object notstarted,Object notstarted,Object notstarted,Object notstarted,Object notstarted
2024-03-18 10:30:24,820.820,__main___datalogs,INFO,JoyConState.NORMAL,0.000000,0.000000,0.000000,0.096125,-0.002289,0.011443,0.025176,0.000000,0.000000,0.000000,0.000000,0,0,0,0,0,0,0,0,0,0,0,0.045257568359375,-0.004302978515625,0,0,0,0,0,0,0,0,Object notstarted,Object notstarted,Object notstarted,Object notstarted,Object notstarted,Object notstarted,Object notstarted,Object notstarted,Object notstarted
2024-03-18 10:30:24,877.877,__main___datalogs,INFO,JoyConState.NORMAL,0.000000,0.000000,0.000000,0.096125,0.006866,0.011443,0.020598,0.000000,0.000000,0.000000,0.000000,0,0,0,0,0,0,0,0,0,0,0,0.045257568359375,-0.004302978515625,0,0,0,0,0,0,0,0,Object notstarted,Object notstarted,Object notstarted,Object notstarted,Object notstarted,Object notstarted,Object notstarted,Object notstarted,Object notstarted
2024-03-18 10:30:24,932.932,__main___datalogs,INFO,JoyConState.NORMAL,0.000000,0.000000,0.000000,0.091547,0.009155,0.011443,0.020598,0.000000,0.000000,0.000000,0.000000,0,0,0,0,0,0,0,0,0,0,0,0.045257568359375,-0.004302978515625,0,0,0,0,0,0,0,0,Object notstarted,Object notstarted,Object notstarted,Object notstarted,Object notstarted,Object notstarted,Object notstarted,Object notstarted,Object notstarted
2024-03-18 10:30:24,988.988,__main___datalogs,INFO,JoyConState.NORMAL,0.000000,0.000000,0.000000,0.091547,0.009155,0.011443,0.020598,0.000000,0.000000,0.000000,0.000000,0,0,0,0,0,0,0,0,0,0,0,0.045257568359375,-0.004302978515625,0,0,0,0,0,0,0,0,Object notstarted,Object notstarted,Object notstarted,Object notstarted,Object notstarted,Object notstarted,Object notstarted,Object notstarted,Object notstarted
2024-03-18 10:30:25,044.044,__main___datalogs,INFO,JoyConState.NORMAL,0.000000,0.000000,0.000000,0.091547,0.009155,0.011443,0.025176,0.000000,0.000000,0.000000,0.000000,0,0,0,0,0,0,0,0,0,0,0,0.045257568359375,-0.004302978515625,0,0,0,0,0,0,0,0,Object notstarted,Object notstarted,Object notstarted,Object notstarted,Object notstarted,Object notstarted,Object notstarted,Object notstarted,Object notstarted
2024-03-18 10:30:25,101.101,__main___datalogs,INFO,JoyConState.NORMAL,0.000000,0.000000,0.000000,0.096125,0.009155,0.011443,0.020598,0.000000,0.000000,0.000000,0.000000,0,0,0,0,0,0,0,0,0,0,0,0.045257568359375,-0.004302978515625,0,0,0,0,0,0,0,0,Object notstarted,Object notstarted,Object notstarted,Object notstarted,Object notstarted,Object notstarted,Object notstarted,Object notstarted,Object notstarted
2024-03-18 10:30:25,155.155,__main___datalogs,INFO,JoyConState.NORMAL,0.000000,0.000000,0.000000,0.098413,0.006866,0.011443,0.020598,0.000000,0.000000,0.000000,0.000000,0,0,0,0,0,0,0,0,0,0,0,0.045257568359375,-0.004302978515625,0,0,0,0,0,0,0,0,Object notstarted,Object notstarted,Object notstarted,Object notstarted,Object notstarted,Object notstarted,Object notstarted,Object notstarted,Object notstarted
2024-03-18 10:30:25,211.211,__main___datalogs,INFO,JoyConState.NORMAL,0.000000,0.000000,0.000000,0.096125,0.006866,0.011443,0.020598,0.000000,0.000000,0.000000,0.000000,0,0,0,0,0,0,0,0,0,0,0,0.045257568359375,-0.004302978515625,0,0,0,0,0,0,0,0,Object notstarted,Object notstarted,Object notstarted,Object notstarted,Object notstarted,Object notstarted,Object notstarted,Object notstarted,Object notstarted
2024-03-18 10:30:25,267.267,__main___datalogs,INFO,JoyConState.NORMAL,0.000000,0.000000,0.000000,0.091547,0.006866,0.011443,0.016021,0.000000,0.000000,0.000000,0.000000,0,0,0,0,0,0,0,0,0,0,0,0.045257568359375,-0.004302978515625,0,0,0,0,0,0,0,0,Object notstarted,Object notstarted,Object notstarted,Object notstarted,Object notstarted,Object notstarted,Object notstarted,Object notstarted,Object notstarted
2024-03-18 10:30:25,339.339,__main___datalogs,INFO,JoyConState.NORMAL,0.000000,0.000000,0.000000,0.091547,0.002289,0.004577,0.020598,0.000000,0.000000,0.000000,0.000000,0,0,0,0,0,0,0,0,0,0,0,0.045257568359375,-0.004302978515625,0,0,0,0,0,0,0,0,Object notstarted,Object notstarted,Object notstarted,Object notstarted,Object notstarted,Object notstarted,Object notstarted,Object notstarted,Object notstarted
2024-03-18 10:30:25,415.415,__main___datalogs,INFO,JoyConState.NORMAL,0.000000,0.000000,0.000000,0.091547,0.002289,0.011443,0.025176,0.000000,0.000000,0.000000,0.000000,0,0,0,0,0,0,0,0,0,0,0,0.045257568359375,-0.004302978515625,0,0,0,0,0,0,0,0,Object notstarted,Object notstarted,Object notstarted,Object notstarted,Object notstarted,Object notstarted,Object notstarted,Object notstarted,Object notstarted
2024-03-18 10:30:25,472.472,__main___datalogs,INFO,JoyConState.NORMAL,0.000000,0.000000,0.000000,0.098413,0.006866,0.011443,0.025176,0.000000,0.000000,0.000000,0.000000,0,0,0,0,0,0,0,0,0,0,0,0.045257568359375,-0.004302978515625,0,0,0,0,0,0,0,0,Object notstarted,Object notstarted,Object notstarted,Object notstarted,Object notstarted,Object notstarted,Object notstarted,Object notstarted,Object notstarted
2024-03-18 10:30:25,527.527,__main___datalogs,INFO,JoyConState.NORMAL,0.000000,0.000000,0.000000,0.098413,0.006866,0.004577,0.025176,0.000000,0.000000,0.000000,0.000000,0,0,0,0,0,0,0,0,0,0,0,0.045257568359375,-0.004302978515625,0,0,0,0,0,0,0,0,Object notstarted,Object notstarted,Object notstarted,Object notstarted,Object notstarted,Object notstarted,Object notstarted,Object notstarted,Object notstarted
2024-03-18 10:30:25,584.584,__main___datalogs,INFO,JoyConState.NORMAL,0.000000,0.000000,0.000000,0.096125,0.009155,0.011443,0.025176,0.000000,0.000000,0.000000,0.000000,0,0,0,0,0,0,0,0,0,0,0,0.045257568359375,-0.004302978515625,0,0,0,0,0,0,0,0,Object notstarted,Object notstarted,Object notstarted,Object notstarted,Object notstarted,Object notstarted,Object notstarted,Object notstarted,Object notstarted
2024-03-18 10:30:25,639.639,__main___datalogs,INFO,JoyConState.NORMAL,0.000000,0.000000,0.000000,0.098413,0.009155,0.004577,0.020598,0.000000,0.000000,0.000000,0.000000,0,0,0,0,0,0,0,0,0,0,0,0.045257568359375,-0.004302978515625,0,0,0,0,0,0,0,0,Object notstarted,Object notstarted,Object notstarted,Object notstarted,Object notstarted,Object notstarted,Object notstarted,Object notstarted,Object notstarted
2024-03-18 10:30:25,695.695,__main___datalogs,INFO,JoyConState.NORMAL,0.000000,0.000000,0.000000,0.096125,0.006866,0.011443,0.020598,0.000000,0.000000,0.000000,0.000000,0,0,0,0,0,0,0,0,0,0,0,0.045257568359375,-0.004302978515625,0,0,0,0,0,0,0,0,Object notstarted,Object notstarted,Object notstarted,Object notstarted,Object notstarted,Object notstarted,Object notstarted,Object notstarted,Object notstarted
2024-03-18 10:30:25,750.750,__main___datalogs,INFO,JoyConState.NORMAL,0.000000,0.000000,0.000000,0.098413,0.002289,0.011443,0.020598,0.000000,0.000000,0.000000,0.000000,0,0,0,0,0,0,0,0,0,0,0,0.045257568359375,-0.004302978515625,0,0,0,0,0,0,0,0,Object notstarted,Object notstarted,Object notstarted,Object notstarted,Object notstarted,Object notstarted,Object notstarted,Object notstarted,Object notstarted
2024-03-18 10:30:25,806.806,__main___datalogs,INFO,JoyConState.NORMAL,0.000000,0.000000,0.000000,0.096125,0.006866,0.011443,0.025176,0.000000,0.000000,0.000000,0.000000,0,0,0,0,0,0,0,0,0,0,0,0.045257568359375,-0.004302978515625,0,0,0,0,0,0,0,0,Object notstarted,Object notstarted,Object notstarted,Object notstarted,Object notstarted,Object notstarted,Object notstarted,Object notstarted,Object notstarted
2024-03-18 10:30:25,862.862,__main___datalogs,INFO,JoyConState.NORMAL,0.000000,0.000000,0.000000,0.091547,0.006866,0.004577,0.025176,0.000000,0.000000,0.000000,0.000000,0,0,0,0,0,0,0,0,0,0,0,0.045257568359375,-0.004302978515625,0,0,0,0,0,0,0,0,Object notstarted,Object notstarted,Object notstarted,Object notstarted,Object notstarted,Object notstarted,Object notstarted,Object notstarted,Object notstarted
2024-03-18 10:30:25,918.918,__main___datalogs,INFO,JoyConState.NORMAL,0.000000,0.000000,0.000000,0.091547,0.009155,0.011443,0.020598,0.000000,0.000000,0.000000,0.000000,0,0,0,0,0,0,0,0,0,0,0,0.045257568359375,-0.004302978515625,0,0,0,0,0,0,0,0,Object notstarted,Object notstarted,Object notstarted,Object notstarted,Object notstarted,Object notstarted,Object notstarted,Object notstarted,Object notstarted
2024-03-18 10:30:25,974.974,__main___datalogs,INFO,JoyConState.NORMAL,0.000000,0.000000,0.000000,0.098413,0.009155,0.004577,0.025176,0.000000,0.000000,0.000000,0.000000,0,0,0,0,0,0,0,0,0,0,0,0.045257568359375,-0.004302978515625,0,0,0,0,0,0,0,0,Object notstarted,Object notstarted,Object notstarted,Object notstarted,Object notstarted,Object notstarted,Object notstarted,Object notstarted,Object notstarted
2024-03-18 10:30:26,030.030,__main___datalogs,INFO,JoyConState.NORMAL,0.000000,0.000000,0.000000,0.098413,0.009155,0.011443,0.025176,0.000000,0.000000,0.000000,0.000000,0,0,0,0,0,0,0,0,0,0,0,0.045257568359375,-0.004302978515625,0,0,0,0,0,0,0,0,Object notstarted,Object notstarted,Object notstarted,Object notstarted,Object notstarted,Object notstarted,Object notstarted,Object notstarted,Object notstarted
2024-03-18 10:30:26,085.085,__main___datalogs,INFO,JoyConState.NORMAL,0.000000,0.000000,0.000000,0.091547,0.006866,0.011443,0.020598,0.000000,0.000000,0.000000,0.000000,0,0,0,0,0,0,0,0,0,0,0,0.045257568359375,-0.004302978515625,0,0,0,0,0,0,0,0,Object notstarted,Object notstarted,Object notstarted,Object notstarted,Object notstarted,Object notstarted,Object notstarted,Object notstarted,Object notstarted
2024-03-18 10:30:26,142.142,__main___datalogs,INFO,JoyConState.NORMAL,0.000000,0.000000,0.000000,0.096125,0.006866,0.011443,0.025176,0.000000,0.000000,0.000000,0.000000,0,0,0,0,0,0,0,0,0,0,0,0.045257568359375,-0.004302978515625,0,0,0,0,0,0,0,0,Object notstarted,Object notstarted,Object notstarted,Object notstarted,Object notstarted,Object notstarted,Object notstarted,Object notstarted,Object notstarted
2024-03-18 10:30:26,197.197,__main___datalogs,INFO,JoyConState.NORMAL,0.000000,0.000000,0.000000,0.091547,0.009155,0.011443,0.020598,0.000000,0.000000,0.000000,0.000000,0,0,0,0,0,0,0,0,0,0,0,0.045257568359375,-0.004302978515625,0,0,0,0,0,0,0,0,Object notstarted,Object notstarted,Object notstarted,Object notstarted,Object notstarted,Object notstarted,Object notstarted,Object notstarted,Object notstarted
2024-03-18 10:30:26,254.254,__main___datalogs,INFO,JoyConState.NORMAL,0.000000,0.000000,0.000000,0.096125,0.009155,0.011443,0.020598,0.000000,0.000000,0.000000,0.000000,0,0,0,0,0,0,0,0,0,0,0,0.045257568359375,-0.004302978515625,0,0,0,0,0,0,0,0,Object notstarted,Object notstarted,Object notstarted,Object notstarted,Object notstarted,Object notstarted,Object notstarted,Object notstarted,Object notstarted
2024-03-18 10:30:26,309.309,__main___datalogs,INFO,JoyConState.NORMAL,0.000000,0.000000,0.000000,0.091547,0.006866,0.011443,0.020598,0.000000,0.000000,0.000000,0.000000,0,0,0,0,0,0,0,0,0,0,0,0.045257568359375,-0.004302978515625,0,0,0,0,0,0,0,0,Object notstarted,Object notstarted,Object notstarted,Object notstarted,Object notstarted,Object notstarted,Object notstarted,Object notstarted,Object notstarted
2024-03-18 10:30:26,382.382,__main___datalogs,INFO,JoyConState.NORMAL,0.000000,0.000000,0.000000,0.096125,0.002289,0.011443,0.025176,0.000000,0.000000,0.000000,0.000000,0,0,0,0,0,0,0,0,0,0,0,0.045257568359375,-0.004302978515625,0,0,0,0,0,0,0,0,Object notstarted,Object notstarted,Object notstarted,Object notstarted,Object notstarted,Object notstarted,Object notstarted,Object notstarted,Object notstarted
2024-03-18 10:30:26,454.454,__main___datalogs,INFO,JoyConState.NORMAL,0.000000,0.000000,0.000000,0.096125,0.002289,0.011443,0.025176,0.000000,0.000000,0.000000,0.000000,0,0,0,0,0,0,0,0,0,0,0,0.045257568359375,-0.004302978515625,0,0,0,0,0,0,0,0,Object notstarted,Object notstarted,Object notstarted,Object notstarted,Object notstarted,Object notstarted,Object notstarted,Object notstarted,Object notstarted
2024-03-18 10:30:26,510.510,__main___datalogs,INFO,JoyConState.NORMAL,0.000000,0.000000,0.000000,0.091547,0.002289,0.011443,0.020598,0.000000,0.000000,0.000000,0.000000,0,0,0,0,0,0,0,0,0,0,0,0.045257568359375,-0.004302978515625,0,0,0,0,0,0,0,0,Object notstarted,Object notstarted,Object notstarted,Object notstarted,Object notstarted,Object notstarted,Object notstarted,Object notstarted,Object notstarted
2024-03-18 10:30:26,566.566,__main___datalogs,INFO,JoyConState.NORMAL,0.000000,0.000000,0.000000,0.096125,0.002289,0.011443,0.025176,0.000000,0.000000,0.000000,0.000000,0,0,0,0,0,0,0,0,0,0,0,0.045257568359375,-0.004302978515625,0,0,0,0,0,0,0,0,Object notstarted,Object notstarted,Object notstarted,Object notstarted,Object notstarted,Object notstarted,Object notstarted,Object notstarted,Object notstarted
2024-03-18 10:30:26,623.623,__main___datalogs,INFO,JoyConState.NORMAL,0.000000,0.000000,0.000000,0.096125,0.006866,0.011443,0.020598,0.000000,0.000000,0.000000,0.000000,0,0,0,0,0,0,0,0,0,0,0,0.045257568359375,-0.004302978515625,0,0,0,0,0,0,0,0,Object notstarted,Object notstarted,Object notstarted,Object notstarted,Object notstarted,Object notstarted,Object notstarted,Object notstarted,Object notstarted
2024-03-18 10:30:26,678.678,__main___datalogs,INFO,JoyConState.NORMAL,0.000000,0.000000,0.000000,0.096125,0.006866,0.011443,0.020598,0.000000,0.000000,0.000000,0.000000,0,0,0,0,0,0,0,0,0,0,0,0.045257568359375,-0.004302978515625,0,0,0,0,0,0,0,0,Object notstarted,Object notstarted,Object notstarted,Object notstarted,Object notstarted,Object notstarted,Object notstarted,Object notstarted,Object notstarted
2024-03-18 10:30:26,734.734,__main___datalogs,INFO,JoyConState.NORMAL,0.000000,0.000000,0.000000,0.098413,0.006866,0.004577,0.020598,0.000000,0.000000,0.000000,0.000000,0,0,0,0,0,0,0,0,0,0,0,0.045257568359375,-0.004302978515625,0,0,0,0,0,0,0,0,Object notstarted,Object notstarted,Object notstarted,Object notstarted,Object notstarted,Object notstarted,Object notstarted,Object notstarted,Object notstarted
2024-03-18 10:30:26,789.789,__main___datalogs,INFO,JoyConState.NORMAL,0.000000,0.000000,0.000000,0.096125,0.006866,0.011443,0.020598,0.000000,0.000000,0.000000,0.000000,0,0,0,0,0,0,0,0,0,0,0,0.045257568359375,-0.004302978515625,0,0,0,0,0,0,0,0,Object notstarted,Object notstarted,Object notstarted,Object notstarted,Object notstarted,Object notstarted,Object notstarted,Object notstarted,Object notstarted
2024-03-18 10:30:26,846.846,__main___datalogs,INFO,JoyConState.NORMAL,0.000000,0.000000,0.000000,0.098413,0.002289,0.011443,0.020598,0.000000,0.000000,0.000000,0.000000,0,0,0,0,0,0,0,0,0,0,0,0.045257568359375,-0.004302978515625,0,0,0,0,0,0,0,0,Object notstarted,Object notstarted,Object notstarted,Object notstarted,Object notstarted,Object notstarted,Object notstarted,Object notstarted,Object notstarted
2024-03-18 10:30:26,901.901,__main___datalogs,INFO,JoyConState.NORMAL,0.000000,0.000000,0.000000,0.096125,0.002289,0.011443,0.025176,0.000000,0.000000,0.000000,0.000000,0,0,0,0,0,0,0,0,0,0,0,0.045257568359375,-0.004302978515625,0,0,0,0,0,0,0,0,Object notstarted,Object notstarted,Object notstarted,Object notstarted,Object notstarted,Object notstarted,Object notstarted,Object notstarted,Object notstarted
2024-03-18 10:30:26,958.958,__main___datalogs,INFO,JoyConState.NORMAL,0.000000,0.000000,0.000000,0.091547,0.002289,0.011443,0.025176,0.000000,0.000000,0.000000,0.000000,0,0,0,0,0,0,0,0,0,0,0,0.045257568359375,-0.004302978515625,0,0,0,0,0,0,0,0,Object notstarted,Object notstarted,Object notstarted,Object notstarted,Object notstarted,Object notstarted,Object notstarted,Object notstarted,Object notstarted
2024-03-18 10:30:27,013.013,__main___datalogs,INFO,JoyConState.NORMAL,0.000000,0.000000,0.000000,0.098413,0.006866,0.004577,0.020598,0.000000,0.000000,0.000000,0.000000,0,0,0,0,0,0,0,0,0,0,0,0.045257568359375,-0.004302978515625,0,0,0,0,0,0,0,0,Object notstarted,Object notstarted,Object notstarted,Object notstarted,Object notstarted,Object notstarted,Object notstarted,Object notstarted,Object notstarted
2024-03-18 10:30:27,070.070,__main___datalogs,INFO,JoyConState.NORMAL,0.000000,0.000000,0.000000,0.096125,0.009155,0.004577,0.025176,0.000000,0.000000,0.000000,0.000000,0,0,0,0,0,0,0,0,0,0,0,0.045257568359375,-0.004302978515625,0,0,0,0,0,0,0,0,Object notstarted,Object notstarted,Object notstarted,Object notstarted,Object notstarted,Object notstarted,Object notstarted,Object notstarted,Object notstarted
2024-03-18 10:30:27,125.125,__main___datalogs,INFO,JoyConState.NORMAL,0.000000,0.000000,0.000000,0.096125,0.002289,0.011443,0.025176,0.000000,0.000000,0.000000,0.000000,0,0,0,0,0,0,0,0,0,0,0,0.045257568359375,-0.004302978515625,0,0,0,0,0,0,0,0,Object notstarted,Object notstarted,Object notstarted,Object notstarted,Object notstarted,Object notstarted,Object notstarted,Object notstarted,Object notstarted
2024-03-18 10:30:27,181.181,__main___datalogs,INFO,JoyConState.NORMAL,0.000000,0.000000,0.000000,0.096125,0.009155,0.011443,0.025176,0.000000,0.000000,0.000000,0.000000,0,0,0,0,0,0,0,0,0,0,0,0.045257568359375,-0.004302978515625,0,0,0,0,0,0,0,0,Object notstarted,Object notstarted,Object notstarted,Object notstarted,Object notstarted,Object notstarted,Object notstarted,Object notstarted,Object notstarted
2024-03-18 10:30:27,236.236,__main___datalogs,INFO,JoyConState.NORMAL,0.000000,0.000000,0.000000,0.098413,0.009155,0.011443,0.020598,0.000000,0.000000,0.000000,0.000000,0,0,0,0,0,0,0,0,0,0,0,0.045257568359375,-0.004302978515625,0,0,0,0,0,0,0,0,Object notstarted,Object notstarted,Object notstarted,Object notstarted,Object notstarted,Object notstarted,Object notstarted,Object notstarted,Object notstarted
2024-03-18 10:30:27,292.292,__main___datalogs,INFO,JoyConState.NORMAL,0.000000,0.000000,0.000000,0.096125,0.006866,0.011443,0.025176,0.000000,0.000000,0.000000,0.000000,0,0,0,0,0,0,0,0,0,0,0,0.045257568359375,-0.004302978515625,0,0,0,0,0,0,0,0,Object notstarted,Object notstarted,Object notstarted,Object notstarted,Object notstarted,Object notstarted,Object notstarted,Object notstarted,Object notstarted
2024-03-18 10:30:27,348.348,__main___datalogs,INFO,JoyConState.NORMAL,0.000000,0.000000,0.000000,0.098413,0.006866,0.011443,0.025176,0.000000,0.000000,0.000000,0.000000,0,0,0,0,0,0,0,0,0,0,0,0.045257568359375,-0.004302978515625,0,0,0,0,0,0,0,0,Object notstarted,Object notstarted,Object notstarted,Object notstarted,Object notstarted,Object notstarted,Object notstarted,Object notstarted,Object notstarted
2024-03-18 10:30:27,420.420,__main___datalogs,INFO,JoyConState.NORMAL,0.000000,0.000000,0.000000,0.091547,0.009155,0.004577,0.020598,0.000000,0.000000,0.000000,0.000000,0,0,0,0,0,0,0,0,0,0,0,0.045257568359375,-0.004302978515625,0,0,0,0,0,0,0,0,Object notstarted,Object notstarted,Object notstarted,Object notstarted,Object notstarted,Object notstarted,Object notstarted,Object notstarted,Object notstarted
2024-03-18 10:30:27,481.481,__main___datalogs,INFO,JoyConState.NORMAL,0.000000,0.000000,0.000000,0.096125,0.006866,0.004577,0.025176,0.000000,0.000000,0.000000,0.000000,0,0,0,0,0,0,0,0,0,0,0,0.045257568359375,-0.004302978515625,0,0,0,0,0,0,0,0,Object notstarted,Object notstarted,Object notstarted,Object notstarted,Object notstarted,Object notstarted,Object notstarted,Object notstarted,Object notstarted
2024-03-18 10:30:27,537.537,__main___datalogs,INFO,JoyConState.NORMAL,0.000000,0.000000,0.000000,0.098413,0.009155,0.004577,0.020598,0.000000,0.000000,0.000000,0.000000,0,0,0,0,0,0,0,0,0,0,0,0.045257568359375,-0.004302978515625,0,0,0,0,0,0,0,0,Object notstarted,Object notstarted,Object notstarted,Object notstarted,Object notstarted,Object notstarted,Object notstarted,Object notstarted,Object notstarted
2024-03-18 10:30:27,593.593,__main___datalogs,INFO,JoyConState.NORMAL,0.000000,0.000000,0.000000,0.098413,0.002289,0.011443,0.020598,0.000000,0.000000,0.000000,0.000000,0,0,0,0,0,0,0,0,0,0,0,0.045257568359375,-0.004302978515625,0,0,0,0,0,0,0,0,Object notstarted,Object notstarted,Object notstarted,Object notstarted,Object notstarted,Object notstarted,Object notstarted,Object notstarted,Object notstarted
2024-03-18 10:30:27,649.649,__main___datalogs,INFO,JoyConState.NORMAL,0.000000,0.000000,0.000000,0.098413,0.006866,0.011443,0.025176,0.000000,0.000000,0.000000,0.000000,0,0,0,0,0,0,0,0,0,0,0,0.045257568359375,-0.004302978515625,0,0,0,0,0,0,0,0,Object notstarted,Object notstarted,Object notstarted,Object notstarted,Object notstarted,Object notstarted,Object notstarted,Object notstarted,Object notstarted
2024-03-18 10:30:27,705.705,__main___datalogs,INFO,JoyConState.NORMAL,0.000000,0.000000,0.000000,0.096125,0.002289,0.011443,0.020598,0.000000,0.000000,0.000000,0.000000,0,0,0,0,0,0,0,0,0,0,0,0.045257568359375,-0.004302978515625,0,0,0,0,0,0,0,0,Object notstarted,Object notstarted,Object notstarted,Object notstarted,Object notstarted,Object notstarted,Object notstarted,Object notstarted,Object notstarted
2024-03-18 10:30:27,761.761,__main___datalogs,INFO,JoyConState.NORMAL,0.000000,0.000000,0.000000,0.096125,0.006866,0.004577,0.025176,0.000000,0.000000,0.000000,0.000000,0,0,0,0,0,0,0,0,0,0,0,0.045257568359375,-0.004302978515625,0,0,0,0,0,0,0,0,Object notstarted,Object notstarted,Object notstarted,Object notstarted,Object notstarted,Object notstarted,Object notstarted,Object notstarted,Object notstarted
2024-03-18 10:30:27,816.816,__main___datalogs,INFO,JoyConState.NORMAL,0.000000,0.000000,0.000000,0.096125,0.006866,0.011443,0.025176,0.000000,0.000000,0.000000,0.000000,0,0,0,0,0,0,0,0,0,0,0,0.045257568359375,-0.004302978515625,0,0,0,0,0,0,0,0,Object notstarted,Object notstarted,Object notstarted,Object notstarted,Object notstarted,Object notstarted,Object notstarted,Object notstarted,Object notstarted
2024-03-18 10:30:27,873.873,__main___datalogs,INFO,JoyConState.NORMAL,0.000000,0.000000,0.000000,0.098413,0.009155,0.004577,0.025176,0.000000,0.000000,0.000000,0.000000,0,0,0,0,0,0,0,0,0,0,0,0.045257568359375,-0.004302978515625,0,0,0,0,0,0,0,0,Object notstarted,Object notstarted,Object notstarted,Object notstarted,Object notstarted,Object notstarted,Object notstarted,Object notstarted,Object notstarted
2024-03-18 10:30:27,927.927,__main___datalogs,INFO,JoyConState.NORMAL,0.000000,0.000000,0.000000,0.091547,0.006866,0.004577,0.020598,0.000000,0.000000,0.000000,0.000000,0,0,0,0,0,0,0,0,0,0,0,0.045257568359375,-0.004302978515625,0,0,0,0,0,0,0,0,Object notstarted,Object notstarted,Object notstarted,Object notstarted,Object notstarted,Object notstarted,Object notstarted,Object notstarted,Object notstarted
2024-03-18 10:30:27,984.984,__main___datalogs,INFO,JoyConState.NORMAL,0.000000,0.000000,0.000000,0.096125,0.002289,0.004577,0.025176,0.000000,0.000000,0.000000,0.000000,0,0,0,0,0,0,0,0,0,0,0,0.045257568359375,-0.004302978515625,0,0,0,0,0,0,0,0,Object notstarted,Object notstarted,Object notstarted,Object notstarted,Object notstarted,Object notstarted,Object notstarted,Object notstarted,Object notstarted
2024-03-18 10:30:28,038.038,__main___datalogs,INFO,JoyConState.NORMAL,0.000000,0.000000,0.000000,0.096125,0.006866,0.004577,0.016021,0.000000,0.000000,0.000000,0.000000,0,0,0,0,0,0,0,0,0,0,0,0.045257568359375,-0.004302978515625,0,0,0,0,0,0,0,0,Object notstarted,Object notstarted,Object notstarted,Object notstarted,Object notstarted,Object notstarted,Object notstarted,Object notstarted,Object notstarted
2024-03-18 10:30:28,095.095,__main___datalogs,INFO,JoyConState.NORMAL,0.000000,0.000000,0.000000,0.098413,0.006866,0.011443,0.016021,0.000000,0.000000,0.000000,0.000000,0,0,0,0,0,0,0,0,0,0,0,0.045257568359375,-0.004302978515625,0,0,0,0,0,0,0,0,Object notstarted,Object notstarted,Object notstarted,Object notstarted,Object notstarted,Object notstarted,Object notstarted,Object notstarted,Object notstarted
2024-03-18 10:30:28,150.150,__main___datalogs,INFO,JoyConState.NORMAL,0.000000,0.000000,0.000000,0.096125,0.002289,0.011443,0.025176,0.000000,0.000000,0.000000,0.000000,0,0,0,0,0,0,0,0,0,0,0,0.045257568359375,-0.004302978515625,0,0,0,0,0,0,0,0,Object notstarted,Object notstarted,Object notstarted,Object notstarted,Object notstarted,Object notstarted,Object notstarted,Object notstarted,Object notstarted
2024-03-18 10:30:28,206.206,__main___datalogs,INFO,JoyConState.NORMAL,0.000000,0.000000,0.000000,0.098413,0.006866,0.004577,0.020598,0.000000,0.000000,0.000000,0.000000,0,0,0,0,0,0,0,0,0,0,0,0.045257568359375,-0.004302978515625,0,0,0,0,0,0,0,0,Object notstarted,Object notstarted,Object notstarted,Object notstarted,Object notstarted,Object notstarted,Object notstarted,Object notstarted,Object notstarted
2024-03-18 10:30:28,262.262,__main___datalogs,INFO,JoyConState.NORMAL,0.000000,0.000000,0.000000,0.096125,0.009155,0.011443,0.025176,0.000000,0.000000,0.000000,0.000000,0,0,0,0,0,0,0,0,0,0,0,0.045257568359375,-0.004302978515625,0,0,0,0,0,0,0,0,Object notstarted,Object notstarted,Object notstarted,Object notstarted,Object notstarted,Object notstarted,Object notstarted,Object notstarted,Object notstarted
2024-03-18 10:30:28,318.318,__main___datalogs,INFO,JoyConState.NORMAL,0.000000,0.000000,0.000000,0.098413,0.006866,0.011443,0.020598,0.000000,0.000000,0.000000,0.000000,0,0,0,0,0,0,0,0,0,0,0,0.045257568359375,-0.004302978515625,0,0,0,0,0,0,0,0,Object notstarted,Object notstarted,Object notstarted,Object notstarted,Object notstarted,Object notstarted,Object notstarted,Object notstarted,Object notstarted
2024-03-18 10:30:28,374.374,__main___datalogs,INFO,JoyConState.NORMAL,0.000000,0.000000,0.000000,0.098413,0.009155,0.004577,0.025176,0.000000,0.000000,0.000000,0.000000,0,0,0,0,0,0,0,0,0,0,0,0.045257568359375,-0.004302978515625,0,0,0,0,0,0,0,0,Object notstarted,Object notstarted,Object notstarted,Object notstarted,Object notstarted,Object notstarted,Object notstarted,Object notstarted,Object notstarted
2024-03-18 10:30:28,430.430,__main___datalogs,INFO,JoyConState.NORMAL,0.000000,0.000000,0.000000,0.096125,0.009155,0.011443,0.025176,0.000000,0.000000,0.000000,0.000000,0,0,0,0,0,0,0,0,0,0,0,0.045257568359375,-0.004302978515625,0,0,0,0,0,0,0,0,Object notstarted,Object notstarted,Object notstarted,Object notstarted,Object notstarted,Object notstarted,Object notstarted,Object notstarted,Object notstarted
2024-03-18 10:30:28,502.502,__main___datalogs,INFO,JoyConState.NORMAL,0.000000,0.000000,0.000000,0.091547,0.006866,0.004577,0.025176,0.000000,0.000000,0.000000,0.000000,0,0,0,0,0,0,0,0,0,0,0,0.045257568359375,-0.004302978515625,0,0,0,0,0,0,0,0,Object notstarted,Object notstarted,Object notstarted,Object notstarted,Object notstarted,Object notstarted,Object notstarted,Object notstarted,Object notstarted
2024-03-18 10:30:28,582.582,__main___datalogs,INFO,JoyConState.NORMAL,0.000000,0.000000,0.000000,0.096125,0.006866,0.011443,0.025176,0.000000,0.000000,0.000000,0.000000,0,0,0,0,0,0,0,0,0,0,0,0.045257568359375,-0.004302978515625,0,0,0,0,0,0,0,0,Object notstarted,Object notstarted,Object notstarted,Object notstarted,Object notstarted,Object notstarted,Object notstarted,Object notstarted,Object notstarted
2024-03-18 10:30:28,653.653,__main___datalogs,INFO,JoyConState.NORMAL,0.000000,0.000000,0.000000,0.096125,-0.002289,0.011443,0.020598,0.000000,0.000000,0.000000,0.000000,0,0,0,0,0,0,0,0,0,0,0,0.045257568359375,-0.004302978515625,0,0,0,0,0,0,0,0,Object notstarted,Object notstarted,Object notstarted,Object notstarted,Object notstarted,Object notstarted,Object notstarted,Object notstarted,Object notstarted
2024-03-18 10:30:28,710.710,__main___datalogs,INFO,JoyConState.NORMAL,0.000000,0.000000,0.000000,0.096125,-0.002289,0.011443,0.020598,0.000000,0.000000,0.000000,0.000000,0,0,0,0,0,0,0,0,0,0,0,0.045257568359375,-0.004302978515625,0,0,0,0,0,0,0,0,Object notstarted,Object notstarted,Object notstarted,Object notstarted,Object notstarted,Object notstarted,Object notstarted,Object notstarted,Object notstarted
2024-03-18 10:30:28,765.765,__main___datalogs,INFO,JoyConState.NORMAL,0.000000,0.000000,0.000000,0.096125,0.006866,0.004577,0.025176,0.000000,0.000000,0.000000,0.000000,0,0,0,0,0,0,0,0,0,0,0,0.045257568359375,-0.004302978515625,0,0,0,0,0,0,0,0,Object notstarted,Object notstarted,Object notstarted,Object notstarted,Object notstarted,Object notstarted,Object notstarted,Object notstarted,Object notstarted
2024-03-18 10:30:28,822.822,__main___datalogs,INFO,JoyConState.NORMAL,0.000000,0.000000,0.000000,0.096125,0.006866,0.011443,0.020598,0.000000,0.000000,0.000000,0.000000,0,0,0,0,0,0,0,0,0,0,0,0.045257568359375,-0.004302978515625,0,0,0,0,0,0,0,0,Object notstarted,Object notstarted,Object notstarted,Object notstarted,Object notstarted,Object notstarted,Object notstarted,Object notstarted,Object notstarted
2024-03-18 10:30:28,877.877,__main___datalogs,INFO,JoyConState.NORMAL,0.000000,0.000000,0.000000,0.096125,0.002289,0.011443,0.025176,0.000000,0.000000,0.000000,0.000000,0,0,0,0,0,0,0,0,0,0,0,0.045257568359375,-0.004302978515625,0,0,0,0,0,0,0,0,Object notstarted,Object notstarted,Object notstarted,Object notstarted,Object notstarted,Object notstarted,Object notstarted,Object notstarted,Object notstarted
2024-03-18 10:30:28,933.933,__main___datalogs,INFO,JoyConState.NORMAL,0.000000,0.000000,0.000000,0.091547,0.006866,0.011443,0.025176,0.000000,0.000000,0.000000,0.000000,0,0,0,0,0,0,0,0,0,0,0,0.045257568359375,-0.004302978515625,0,0,0,0,0,0,0,0,Object notstarted,Object notstarted,Object notstarted,Object notstarted,Object notstarted,Object notstarted,Object notstarted,Object notstarted,Object notstarted
2024-03-18 10:30:28,989.989,__main___datalogs,INFO,JoyConState.NORMAL,0.000000,0.000000,0.000000,0.096125,0.006866,0.004577,0.020598,0.000000,0.000000,0.000000,0.000000,0,0,0,0,0,0,0,0,0,0,0,0.045257568359375,-0.004302978515625,0,0,0,0,0,0,0,0,Object notstarted,Object notstarted,Object notstarted,Object notstarted,Object notstarted,Object notstarted,Object notstarted,Object notstarted,Object notstarted
2024-03-18 10:30:29,045.045,__main___datalogs,INFO,JoyConState.NORMAL,0.000000,0.000000,0.000000,0.091547,0.002289,0.011443,0.025176,0.000000,0.000000,0.000000,0.000000,0,0,0,0,0,0,0,0,0,0,0,0.045257568359375,-0.004302978515625,0,0,0,0,0,0,0,0,Object notstarted,Object notstarted,Object notstarted,Object notstarted,Object notstarted,Object notstarted,Object notstarted,Object notstarted,Object notstarted
2024-03-18 10:30:29,100.100,__main___datalogs,INFO,JoyConState.NORMAL,0.000000,0.000000,0.000000,0.091547,0.009155,0.011443,0.025176,0.000000,0.000000,0.000000,0.000000,0,0,0,0,0,0,0,0,0,0,0,0.045257568359375,-0.004302978515625,0,0,0,0,0,0,0,0,Object notstarted,Object notstarted,Object notstarted,Object notstarted,Object notstarted,Object notstarted,Object notstarted,Object notstarted,Object notstarted
2024-03-18 10:30:29,156.156,__main___datalogs,INFO,JoyConState.NORMAL,0.000000,0.000000,0.000000,0.098413,0.009155,0.011443,0.020598,0.000000,0.000000,0.000000,0.000000,0,0,0,0,0,0,0,0,0,0,0,0.045257568359375,-0.004302978515625,0,0,0,0,0,0,0,0,Object notstarted,Object notstarted,Object notstarted,Object notstarted,Object notstarted,Object notstarted,Object notstarted,Object notstarted,Object notstarted
2024-03-18 10:30:29,212.212,__main___datalogs,INFO,JoyConState.NORMAL,0.000000,0.000000,0.000000,0.098413,0.009155,0.004577,0.025176,0.000000,0.000000,0.000000,0.000000,0,0,0,0,0,0,0,0,0,0,0,0.045257568359375,-0.004302978515625,0,0,0,0,0,0,0,0,Object notstarted,Object notstarted,Object notstarted,Object notstarted,Object notstarted,Object notstarted,Object notstarted,Object notstarted,Object notstarted
2024-03-18 10:30:29,268.268,__main___datalogs,INFO,JoyConState.NORMAL,0.000000,0.000000,0.000000,0.096125,0.009155,0.004577,0.020598,0.000000,0.000000,0.000000,0.000000,0,0,0,0,0,0,0,0,0,0,0,0.045257568359375,-0.004302978515625,0,0,0,0,0,0,0,0,Object notstarted,Object notstarted,Object notstarted,Object notstarted,Object notstarted,Object notstarted,Object notstarted,Object notstarted,Object notstarted
2024-03-18 10:30:29,324.324,__main___datalogs,INFO,JoyConState.NORMAL,0.000000,0.000000,0.000000,0.098413,0.006866,0.011443,0.020598,0.000000,0.000000,0.000000,0.000000,0,0,0,0,0,0,0,0,0,0,0,0.045257568359375,-0.004302978515625,0,0,0,0,0,0,0,0,Object notstarted,Object notstarted,Object notstarted,Object notstarted,Object notstarted,Object notstarted,Object notstarted,Object notstarted,Object notstarted
2024-03-18 10:30:29,379.379,__main___datalogs,INFO,JoyConState.NORMAL,0.000000,0.000000,0.000000,0.096125,0.006866,0.011443,0.020598,0.000000,0.000000,0.000000,0.000000,0,0,0,0,0,0,0,0,0,0,0,0.045257568359375,-0.004302978515625,0,0,0,0,0,0,0,0,Object notstarted,Object notstarted,Object notstarted,Object notstarted,Object notstarted,Object notstarted,Object notstarted,Object notstarted,Object notstarted
2024-03-18 10:30:29,435.435,__main___datalogs,INFO,JoyConState.NORMAL,0.000000,0.000000,0.000000,0.096125,0.002289,0.004577,0.020598,0.000000,0.000000,0.000000,0.000000,0,0,0,0,0,0,0,0,0,0,0,0.045257568359375,-0.004302978515625,0,0,0,0,0,0,0,0,Object notstarted,Object notstarted,Object notstarted,Object notstarted,Object notstarted,Object notstarted,Object notstarted,Object notstarted,Object notstarted
2024-03-18 10:30:29,491.491,__main___datalogs,INFO,JoyConState.NORMAL,0.000000,0.000000,0.000000,0.091547,0.006866,0.011443,0.025176,0.000000,0.000000,0.000000,0.000000,0,0,0,0,0,0,0,0,0,0,0,0.045257568359375,-0.004302978515625,0,0,0,0,0,0,0,0,Object notstarted,Object notstarted,Object notstarted,Object notstarted,Object notstarted,Object notstarted,Object notstarted,Object notstarted,Object notstarted
2024-03-18 10:30:29,563.563,__main___datalogs,INFO,JoyConState.NORMAL,0.000000,0.000000,0.000000,0.091547,0.002289,0.011443,0.020598,0.000000,0.000000,0.000000,0.000000,0,0,0,0,0,0,0,0,0,0,0,0.045257568359375,-0.004302978515625,0,0,0,0,0,0,0,0,Object notstarted,Object notstarted,Object notstarted,Object notstarted,Object notstarted,Object notstarted,Object notstarted,Object notstarted,Object notstarted
2024-03-18 10:30:29,627.627,__main___datalogs,INFO,JoyConState.NORMAL,0.000000,0.000000,0.000000,0.096125,0.002289,0.011443,0.020598,0.000000,0.000000,0.000000,0.000000,0,0,0,0,0,0,0,0,0,0,0,0.045257568359375,-0.004302978515625,0,0,0,0,0,0,0,0,Object notstarted,Object notstarted,Object notstarted,Object notstarted,Object notstarted,Object notstarted,Object notstarted,Object notstarted,Object notstarted
2024-03-18 10:30:29,682.682,__main___datalogs,INFO,JoyConState.NORMAL,0.000000,0.000000,0.000000,0.098413,0.006866,0.011443,0.020598,0.000000,0.000000,0.000000,0.000000,0,0,0,0,0,0,0,0,0,0,0,0.045257568359375,-0.004302978515625,0,0,0,0,0,0,0,0,Object notstarted,Object notstarted,Object notstarted,Object notstarted,Object notstarted,Object notstarted,Object notstarted,Object notstarted,Object notstarted
2024-03-18 10:30:29,739.739,__main___datalogs,INFO,JoyConState.NORMAL,0.000000,0.000000,0.000000,0.096125,0.002289,0.011443,0.020598,0.000000,0.000000,0.000000,0.000000,0,0,0,0,0,0,0,0,0,0,0,0.045257568359375,-0.004302978515625,0,0,0,0,0,0,0,0,Object notstarted,Object notstarted,Object notstarted,Object notstarted,Object notstarted,Object notstarted,Object notstarted,Object notstarted,Object notstarted
2024-03-18 10:30:29,794.794,__main___datalogs,INFO,JoyConState.NORMAL,0.000000,0.000000,0.000000,0.096125,0.002289,0.011443,0.025176,0.000000,0.000000,0.000000,0.000000,0,0,0,0,0,0,0,0,0,0,0,0.045257568359375,-0.004302978515625,0,0,0,0,0,0,0,0,Object notstarted,Object notstarted,Object notstarted,Object notstarted,Object notstarted,Object notstarted,Object notstarted,Object notstarted,Object notstarted
2024-03-18 10:30:29,850.850,__main___datalogs,INFO,JoyConState.NORMAL,0.000000,0.000000,0.000000,0.091547,0.002289,0.011443,0.025176,0.000000,0.000000,0.000000,0.000000,0,0,0,0,0,0,0,0,0,0,0,0.045257568359375,-0.004302978515625,0,0,0,0,0,0,0,0,Object notstarted,Object notstarted,Object notstarted,Object notstarted,Object notstarted,Object notstarted,Object notstarted,Object notstarted,Object notstarted
2024-03-18 10:30:29,905.905,__main___datalogs,INFO,JoyConState.NORMAL,0.000000,0.000000,0.000000,0.096125,0.002289,0.011443,0.025176,0.000000,0.000000,0.000000,0.000000,0,0,0,0,0,0,0,0,0,0,0,0.045257568359375,-0.004302978515625,0,0,0,0,0,0,0,0,Object notstarted,Object notstarted,Object notstarted,Object notstarted,Object notstarted,Object notstarted,Object notstarted,Object notstarted,Object notstarted
2024-03-18 10:30:29,962.962,__main___datalogs,INFO,JoyConState.NORMAL,0.000000,0.000000,0.000000,0.096125,0.006866,0.011443,0.020598,0.000000,0.000000,0.000000,0.000000,0,0,0,0,0,0,0,0,0,0,0,0.045257568359375,-0.004302978515625,0,0,0,0,0,0,0,0,Object notstarted,Object notstarted,Object notstarted,Object notstarted,Object notstarted,Object notstarted,Object notstarted,Object notstarted,Object notstarted
2024-03-18 10:30:30,018.018,__main___datalogs,INFO,JoyConState.NORMAL,0.000000,0.000000,0.000000,0.091547,0.006866,0.011443,0.025176,0.000000,0.000000,0.000000,0.000000,0,0,0,0,0,0,0,0,0,0,0,0.045257568359375,-0.004302978515625,0,0,0,0,0,0,0,0,Object notstarted,Object notstarted,Object notstarted,Object notstarted,Object notstarted,Object notstarted,Object notstarted,Object notstarted,Object notstarted
2024-03-18 10:30:30,074.074,__main___datalogs,INFO,JoyConState.NORMAL,0.000000,0.000000,0.000000,0.096125,-0.002289,0.004577,0.025176,0.000000,0.000000,0.000000,0.000000,0,0,0,0,0,0,0,0,0,0,0,0.045257568359375,-0.004302978515625,0,0,0,0,0,0,0,0,Object notstarted,Object notstarted,Object notstarted,Object notstarted,Object notstarted,Object notstarted,Object notstarted,Object notstarted,Object notstarted
2024-03-18 10:30:30,130.130,__main___datalogs,INFO,JoyConState.NORMAL,0.000000,0.000000,0.000000,0.091547,0.002289,0.011443,0.025176,0.000000,0.000000,0.000000,0.000000,0,0,0,0,0,0,0,0,0,0,0,0.045257568359375,-0.004302978515625,0,0,0,0,0,0,0,0,Object notstarted,Object notstarted,Object notstarted,Object notstarted,Object notstarted,Object notstarted,Object notstarted,Object notstarted,Object notstarted
2024-03-18 10:30:30,186.186,__main___datalogs,INFO,JoyConState.NORMAL,0.000000,0.000000,0.000000,0.098413,0.006866,0.011443,0.020598,0.000000,0.000000,0.000000,0.000000,0,0,0,0,0,0,0,0,0,0,0,0.045257568359375,-0.004302978515625,0,0,0,0,0,0,0,0,Object notstarted,Object notstarted,Object notstarted,Object notstarted,Object notstarted,Object notstarted,Object notstarted,Object notstarted,Object notstarted
2024-03-18 10:30:30,241.241,__main___datalogs,INFO,JoyConState.NORMAL,0.000000,0.000000,0.000000,0.098413,0.006866,0.011443,0.020598,0.000000,0.000000,0.000000,0.000000,0,0,0,0,0,0,0,0,0,0,0,0.045257568359375,-0.004302978515625,0,0,0,0,0,0,0,0,Object notstarted,Object notstarted,Object notstarted,Object notstarted,Object notstarted,Object notstarted,Object notstarted,Object notstarted,Object notstarted
2024-03-18 10:30:30,298.298,__main___datalogs,INFO,JoyConState.NORMAL,0.000000,0.000000,0.000000,0.096125,0.002289,0.011443,0.025176,0.000000,0.000000,0.000000,0.000000,0,0,0,0,0,0,0,0,0,0,0,0.045257568359375,-0.004302978515625,0,0,0,0,0,0,0,0,Object notstarted,Object notstarted,Object notstarted,Object notstarted,Object notstarted,Object notstarted,Object notstarted,Object notstarted,Object notstarted
2024-03-18 10:30:30,353.353,__main___datalogs,INFO,JoyConState.NORMAL,0.000000,0.000000,0.000000,0.098413,0.002289,0.011443,0.020598,0.000000,0.000000,0.000000,0.000000,0,0,0,0,0,0,0,0,0,0,0,0.045257568359375,-0.004302978515625,0,0,0,0,0,0,0,0,Object notstarted,Object notstarted,Object notstarted,Object notstarted,Object notstarted,Object notstarted,Object notstarted,Object notstarted,Object notstarted
2024-03-18 10:30:30,409.409,__main___datalogs,INFO,JoyConState.NORMAL,0.000000,0.000000,0.000000,0.096125,0.002289,0.004577,0.020598,0.000000,0.000000,0.000000,0.000000,0,0,0,0,0,0,0,0,0,0,0,0.045257568359375,-0.004302978515625,0,0,0,0,0,0,0,0,Object notstarted,Object notstarted,Object notstarted,Object notstarted,Object notstarted,Object notstarted,Object notstarted,Object notstarted,Object notstarted
2024-03-18 10:30:30,464.464,__main___datalogs,INFO,JoyConState.NORMAL,0.000000,0.000000,0.000000,0.096125,0.006866,0.011443,0.025176,0.000000,0.000000,0.000000,0.000000,0,0,0,0,0,0,0,0,0,0,0,0.045257568359375,-0.004302978515625,0,0,0,0,0,0,0,0,Object notstarted,Object notstarted,Object notstarted,Object notstarted,Object notstarted,Object notstarted,Object notstarted,Object notstarted,Object notstarted
2024-03-18 10:30:30,520.520,__main___datalogs,INFO,JoyConState.NORMAL,0.000000,0.000000,0.000000,0.098413,0.009155,0.011443,0.020598,0.000000,0.000000,0.000000,0.000000,0,0,0,0,0,0,0,0,0,0,0,0.045257568359375,-0.004302978515625,0,0,0,0,0,0,0,0,Object notstarted,Object notstarted,Object notstarted,Object notstarted,Object notstarted,Object notstarted,Object notstarted,Object notstarted,Object notstarted
2024-03-18 10:30:30,576.576,__main___datalogs,INFO,JoyConState.NORMAL,0.000000,0.000000,0.000000,0.091547,0.009155,0.011443,0.020598,0.000000,0.000000,0.000000,0.000000,0,0,0,0,0,0,0,0,0,0,0,0.045257568359375,-0.004302978515625,0,0,0,0,0,0,0,0,Object notstarted,Object notstarted,Object notstarted,Object notstarted,Object notstarted,Object notstarted,Object notstarted,Object notstarted,Object notstarted
2024-03-18 10:30:30,648.648,__main___datalogs,INFO,JoyConState.NORMAL,0.000000,0.000000,0.000000,0.091547,0.006866,0.011443,0.025176,0.000000,0.000000,0.000000,0.000000,0,0,0,0,0,0,0,0,0,0,0,0.045257568359375,-0.004302978515625,0,0,0,0,0,0,0,0,Object notstarted,Object notstarted,Object notstarted,Object notstarted,Object notstarted,Object notstarted,Object notstarted,Object notstarted,Object notstarted
2024-03-18 10:30:30,725.725,__main___datalogs,INFO,JoyConState.NORMAL,0.000000,0.000000,0.000000,0.096125,0.002289,0.004577,0.025176,0.000000,0.000000,0.000000,0.000000,0,0,0,0,0,0,0,0,0,0,0,0.045257568359375,-0.004302978515625,0,0,0,0,0,0,0,0,Object notstarted,Object notstarted,Object notstarted,Object notstarted,Object notstarted,Object notstarted,Object notstarted,Object notstarted,Object notstarted
2024-03-18 10:30:30,782.782,__main___datalogs,INFO,JoyConState.NORMAL,0.000000,0.000000,0.000000,0.096125,0.002289,0.004577,0.025176,0.000000,0.000000,0.000000,0.000000,0,0,0,0,0,0,0,0,0,0,0,0.045257568359375,-0.004302978515625,0,0,0,0,0,0,0,0,Object notstarted,Object notstarted,Object notstarted,Object notstarted,Object notstarted,Object notstarted,Object notstarted,Object notstarted,Object notstarted
2024-03-18 10:30:30,837.837,__main___datalogs,INFO,JoyConState.NORMAL,0.000000,0.000000,0.000000,0.098413,0.006866,0.004577,0.020598,0.000000,0.000000,0.000000,0.000000,0,0,0,0,0,0,0,0,0,0,0,0.045257568359375,-0.004302978515625,0,0,0,0,0,0,0,0,Object notstarted,Object notstarted,Object notstarted,Object notstarted,Object notstarted,Object notstarted,Object notstarted,Object notstarted,Object notstarted
2024-03-18 10:30:30,894.894,__main___datalogs,INFO,JoyConState.NORMAL,0.000000,0.000000,0.000000,0.096125,0.009155,0.011443,0.020598,0.000000,0.000000,0.000000,0.000000,0,0,0,0,0,0,0,0,0,0,0,0.045257568359375,-0.004302978515625,0,0,0,0,0,0,0,0,Object notstarted,Object notstarted,Object notstarted,Object notstarted,Object notstarted,Object notstarted,Object notstarted,Object notstarted,Object notstarted
2024-03-18 10:30:30,949.949,__main___datalogs,INFO,JoyConState.NORMAL,0.000000,0.000000,0.000000,0.096125,0.006866,0.011443,0.020598,0.000000,0.000000,0.000000,0.000000,0,0,0,0,0,0,0,0,0,0,0,0.045257568359375,-0.004302978515625,0,0,0,0,0,0,0,0,Object notstarted,Object notstarted,Object notstarted,Object notstarted,Object notstarted,Object notstarted,Object notstarted,Object notstarted,Object notstarted
2024-03-18 10:30:31,005.005,__main___datalogs,INFO,JoyConState.NORMAL,0.000000,0.000000,0.000000,0.096125,0.006866,0.011443,0.020598,0.000000,0.000000,0.000000,0.000000,0,0,0,0,0,0,0,0,0,0,0,0.045257568359375,-0.004302978515625,0,0,0,0,0,0,0,0,Object notstarted,Object notstarted,Object notstarted,Object notstarted,Object notstarted,Object notstarted,Object notstarted,Object notstarted,Object notstarted
2024-03-18 10:30:31,061.061,__main___datalogs,INFO,JoyConState.NORMAL,0.000000,0.000000,0.000000,0.096125,0.006866,0.004577,0.020598,0.000000,0.000000,0.000000,0.000000,0,0,0,0,0,0,0,0,0,0,0,0.045257568359375,-0.004302978515625,0,0,0,0,0,0,0,0,Object notstarted,Object notstarted,Object notstarted,Object notstarted,Object notstarted,Object notstarted,Object notstarted,Object notstarted,Object notstarted
2024-03-18 10:30:31,118.118,__main___datalogs,INFO,JoyConState.NORMAL,0.000000,0.000000,0.000000,0.098413,0.006866,0.011443,0.025176,0.000000,0.000000,0.000000,0.000000,0,0,0,0,0,0,0,0,0,0,0,0.045257568359375,-0.004302978515625,0,0,0,0,0,0,0,0,Object notstarted,Object notstarted,Object notstarted,Object notstarted,Object notstarted,Object notstarted,Object notstarted,Object notstarted,Object notstarted
2024-03-18 10:30:31,174.174,__main___datalogs,INFO,JoyConState.NORMAL,0.000000,0.000000,0.000000,0.098413,0.006866,0.004577,0.020598,0.000000,0.000000,0.000000,0.000000,0,0,0,0,0,0,0,0,0,0,0,0.045257568359375,-0.004302978515625,0,0,0,0,0,0,0,0,Object notstarted,Object notstarted,Object notstarted,Object notstarted,Object notstarted,Object notstarted,Object notstarted,Object notstarted,Object notstarted
2024-03-18 10:30:31,229.229,__main___datalogs,INFO,JoyConState.NORMAL,0.000000,0.000000,0.000000,0.096125,0.009155,0.011443,0.020598,0.000000,0.000000,0.000000,0.000000,0,0,0,0,0,0,0,0,0,0,0,0.045257568359375,-0.004302978515625,0,0,0,0,0,0,0,0,Object notstarted,Object notstarted,Object notstarted,Object notstarted,Object notstarted,Object notstarted,Object notstarted,Object notstarted,Object notstarted
2024-03-18 10:30:31,284.284,__main___datalogs,INFO,JoyConState.NORMAL,0.000000,0.000000,0.000000,0.098413,0.009155,0.011443,0.025176,0.000000,0.000000,0.000000,0.000000,0,0,0,0,0,0,0,0,0,0,0,0.045257568359375,-0.004302978515625,0,0,0,0,0,0,0,0,Object notstarted,Object notstarted,Object notstarted,Object notstarted,Object notstarted,Object notstarted,Object notstarted,Object notstarted,Object notstarted
2024-03-18 10:30:31,340.340,__main___datalogs,INFO,JoyConState.NORMAL,0.000000,0.000000,0.000000,0.096125,0.006866,0.011443,0.025176,0.000000,0.000000,0.000000,0.000000,0,0,0,0,0,0,0,0,0,0,0,0.045257568359375,-0.004302978515625,0,0,0,0,0,0,0,0,Object notstarted,Object notstarted,Object notstarted,Object notstarted,Object notstarted,Object notstarted,Object notstarted,Object notstarted,Object notstarted
2024-03-18 10:30:31,396.396,__main___datalogs,INFO,JoyConState.NORMAL,0.000000,0.000000,0.000000,0.096125,0.009155,0.004577,0.020598,0.000000,0.000000,0.000000,0.000000,0,0,0,0,0,0,0,0,0,0,0,0.045257568359375,-0.004302978515625,0,0,0,0,0,0,0,0,Object notstarted,Object notstarted,Object notstarted,Object notstarted,Object notstarted,Object notstarted,Object notstarted,Object notstarted,Object notstarted
2024-03-18 10:30:31,453.453,__main___datalogs,INFO,JoyConState.NORMAL,0.000000,0.000000,0.000000,0.098413,0.006866,0.011443,0.025176,0.000000,0.000000,0.000000,0.000000,0,0,0,0,0,0,0,0,0,0,0,0.045257568359375,-0.004302978515625,0,0,0,0,0,0,0,0,Object notstarted,Object notstarted,Object notstarted,Object notstarted,Object notstarted,Object notstarted,Object notstarted,Object notstarted,Object notstarted
2024-03-18 10:30:31,508.508,__main___datalogs,INFO,JoyConState.NORMAL,0.000000,0.000000,0.000000,0.096125,0.006866,0.011443,0.020598,0.000000,0.000000,0.000000,0.000000,0,0,0,0,0,0,0,0,0,0,0,0.045257568359375,-0.004302978515625,0,0,0,0,0,0,0,0,Object notstarted,Object notstarted,Object notstarted,Object notstarted,Object notstarted,Object notstarted,Object notstarted,Object notstarted,Object notstarted
2024-03-18 10:30:31,564.564,__main___datalogs,INFO,JoyConState.NORMAL,0.000000,0.000000,0.000000,0.091547,0.009155,0.013732,0.025176,0.000000,0.000000,0.000000,0.000000,0,0,0,0,0,0,0,0,0,0,0,0.045257568359375,-0.004302978515625,0,0,0,0,0,0,0,0,Object notstarted,Object notstarted,Object notstarted,Object notstarted,Object notstarted,Object notstarted,Object notstarted,Object notstarted,Object notstarted
2024-03-18 10:30:31,620.620,__main___datalogs,INFO,JoyConState.NORMAL,0.000000,0.000000,0.000000,0.098413,0.006866,0.011443,0.020598,0.000000,0.000000,0.000000,0.000000,0,0,0,0,0,0,0,0,0,0,0,0.045257568359375,-0.004302978515625,0,0,0,0,0,0,0,0,Object notstarted,Object notstarted,Object notstarted,Object notstarted,Object notstarted,Object notstarted,Object notstarted,Object notstarted,Object notstarted
2024-03-18 10:30:31,692.692,__main___datalogs,INFO,JoyConState.NORMAL,0.000000,0.000000,0.000000,0.098413,0.002289,0.011443,0.020598,0.000000,0.000000,0.000000,0.000000,0,0,0,0,0,0,0,0,0,0,0,0.045257568359375,-0.004302978515625,0,0,0,0,0,0,0,0,Object notstarted,Object notstarted,Object notstarted,Object notstarted,Object notstarted,Object notstarted,Object notstarted,Object notstarted,Object notstarted
2024-03-18 10:30:31,764.764,__main___datalogs,INFO,JoyConState.NORMAL,0.000000,0.000000,0.000000,0.098413,0.009155,0.011443,0.025176,0.000000,0.000000,0.000000,0.000000,0,0,0,0,0,0,0,0,0,0,0,0.045257568359375,-0.004302978515625,0,0,0,0,0,0,0,0,Object notstarted,Object notstarted,Object notstarted,Object notstarted,Object notstarted,Object notstarted,Object notstarted,Object notstarted,Object notstarted
2024-03-18 10:30:31,821.821,__main___datalogs,INFO,JoyConState.NORMAL,0.000000,0.000000,0.000000,0.091547,0.002289,0.011443,0.020598,0.000000,0.000000,0.000000,0.000000,0,0,0,0,0,0,0,0,0,0,0,0.045257568359375,-0.004302978515625,0,0,0,0,0,0,0,0,Object notstarted,Object notstarted,Object notstarted,Object notstarted,Object notstarted,Object notstarted,Object notstarted,Object notstarted,Object notstarted
2024-03-18 10:30:31,877.877,__main___datalogs,INFO,JoyConState.NORMAL,0.000000,0.000000,0.000000,0.096125,0.006866,0.011443,0.020598,0.000000,0.000000,0.000000,0.000000,0,0,0,0,0,0,0,0,0,0,0,0.045257568359375,-0.004302978515625,0,0,0,0,0,0,0,0,Object notstarted,Object notstarted,Object notstarted,Object notstarted,Object notstarted,Object notstarted,Object notstarted,Object notstarted,Object notstarted
2024-03-18 10:30:31,932.932,__main___datalogs,INFO,JoyConState.NORMAL,0.000000,0.000000,0.000000,0.096125,0.006866,0.011443,0.025176,0.000000,0.000000,0.000000,0.000000,0,0,0,0,0,0,0,0,0,0,0,0.045257568359375,-0.004302978515625,0,0,0,0,0,0,0,0,Object notstarted,Object notstarted,Object notstarted,Object notstarted,Object notstarted,Object notstarted,Object notstarted,Object notstarted,Object notstarted
2024-03-18 10:30:31,988.988,__main___datalogs,INFO,JoyConState.NORMAL,0.000000,0.000000,0.000000,0.091547,0.006866,0.011443,0.020598,0.000000,0.000000,0.000000,0.000000,0,0,0,0,0,0,0,0,0,0,0,0.045257568359375,-0.004302978515625,0,0,0,0,0,0,0,0,Object notstarted,Object notstarted,Object notstarted,Object notstarted,Object notstarted,Object notstarted,Object notstarted,Object notstarted,Object notstarted
2024-03-18 10:30:32,045.045,__main___datalogs,INFO,JoyConState.NORMAL,0.000000,0.000000,0.000000,0.096125,0.002289,0.004577,0.020598,0.000000,0.000000,0.000000,0.000000,0,0,0,0,0,0,0,0,0,0,0,0.045257568359375,-0.004302978515625,0,0,0,0,0,0,0,0,Object notstarted,Object notstarted,Object notstarted,Object notstarted,Object notstarted,Object notstarted,Object notstarted,Object notstarted,Object notstarted
2024-03-18 10:30:32,100.100,__main___datalogs,INFO,JoyConState.NORMAL,0.000000,0.000000,0.000000,0.096125,0.006866,0.011443,0.025176,0.000000,0.000000,0.000000,0.000000,0,0,0,0,0,0,0,0,0,0,0,0.045257568359375,-0.004302978515625,0,0,0,0,0,0,0,0,Object notstarted,Object notstarted,Object notstarted,Object notstarted,Object notstarted,Object notstarted,Object notstarted,Object notstarted,Object notstarted
2024-03-18 10:30:32,157.157,__main___datalogs,INFO,JoyConState.NORMAL,0.000000,0.000000,0.000000,0.098413,0.006866,0.011443,0.025176,0.000000,0.000000,0.000000,0.000000,0,0,0,0,0,0,0,0,0,0,0,0.045257568359375,-0.004302978515625,0,0,0,0,0,0,0,0,Object notstarted,Object notstarted,Object notstarted,Object notstarted,Object notstarted,Object notstarted,Object notstarted,Object notstarted,Object notstarted
2024-03-18 10:30:32,212.212,__main___datalogs,INFO,JoyConState.NORMAL,0.000000,0.000000,0.000000,0.098413,0.006866,0.011443,0.025176,0.000000,0.000000,0.000000,0.000000,0,0,0,0,0,0,0,0,0,0,0,0.045257568359375,-0.004302978515625,0,0,0,0,0,0,0,0,Object notstarted,Object notstarted,Object notstarted,Object notstarted,Object notstarted,Object notstarted,Object notstarted,Object notstarted,Object notstarted
2024-03-18 10:30:32,268.268,__main___datalogs,INFO,JoyConState.NORMAL,0.000000,0.000000,0.000000,0.096125,0.002289,0.011443,0.020598,0.000000,0.000000,0.000000,0.000000,0,0,0,0,0,0,0,0,0,0,0,0.045257568359375,-0.004302978515625,0,0,0,0,0,0,0,0,Object notstarted,Object notstarted,Object notstarted,Object notstarted,Object notstarted,Object notstarted,Object notstarted,Object notstarted,Object notstarted
2024-03-18 10:30:32,324.324,__main___datalogs,INFO,JoyConState.NORMAL,0.000000,0.000000,0.000000,0.098413,0.002289,0.004577,0.020598,0.000000,0.000000,0.000000,0.000000,0,0,0,0,0,0,0,0,0,0,0,0.045257568359375,-0.004302978515625,0,0,0,0,0,0,0,0,Object notstarted,Object notstarted,Object notstarted,Object notstarted,Object notstarted,Object notstarted,Object notstarted,Object notstarted,Object notstarted
2024-03-18 10:30:32,380.380,__main___datalogs,INFO,JoyConState.NORMAL,0.000000,0.000000,0.000000,0.096125,0.006866,0.011443,0.025176,0.000000,0.000000,0.000000,0.000000,0,0,0,0,0,0,0,0,0,0,0,0.045257568359375,-0.004302978515625,0,0,0,0,0,0,0,0,Object notstarted,Object notstarted,Object notstarted,Object notstarted,Object notstarted,Object notstarted,Object notstarted,Object notstarted,Object notstarted
2024-03-18 10:30:32,436.436,__main___datalogs,INFO,JoyConState.NORMAL,0.000000,0.000000,0.000000,0.096125,0.006866,0.011443,0.020598,0.000000,0.000000,0.000000,0.000000,0,0,0,0,0,0,0,0,0,0,0,0.045257568359375,-0.004302978515625,0,0,0,0,0,0,0,0,Object notstarted,Object notstarted,Object notstarted,Object notstarted,Object notstarted,Object notstarted,Object notstarted,Object notstarted,Object notstarted
2024-03-18 10:30:32,492.492,__main___datalogs,INFO,JoyConState.NORMAL,0.000000,0.000000,0.000000,0.098413,0.006866,0.011443,0.025176,0.000000,0.000000,0.000000,0.000000,0,0,0,0,0,0,0,0,0,0,0,0.045257568359375,-0.004302978515625,0,0,0,0,0,0,0,0,Object notstarted,Object notstarted,Object notstarted,Object notstarted,Object notstarted,Object notstarted,Object notstarted,Object notstarted,Object notstarted
2024-03-18 10:30:32,548.548,__main___datalogs,INFO,JoyConState.NORMAL,0.000000,0.000000,0.000000,0.098413,0.009155,0.011443,0.020598,0.000000,0.000000,0.000000,0.000000,0,0,0,0,0,0,0,0,0,0,0,0.045257568359375,-0.004302978515625,0,0,0,0,0,0,0,0,Object notstarted,Object notstarted,Object notstarted,Object notstarted,Object notstarted,Object notstarted,Object notstarted,Object notstarted,Object notstarted
2024-03-18 10:30:32,604.604,__main___datalogs,INFO,JoyConState.NORMAL,0.000000,0.000000,0.000000,0.098413,0.009155,0.011443,0.025176,0.000000,0.000000,0.000000,0.000000,0,0,0,0,0,0,0,0,0,0,0,0.045257568359375,-0.004302978515625,0,0,0,0,0,0,0,0,Object notstarted,Object notstarted,Object notstarted,Object notstarted,Object notstarted,Object notstarted,Object notstarted,Object notstarted,Object notstarted
2024-03-18 10:30:32,659.659,__main___datalogs,INFO,JoyConState.NORMAL,0.000000,0.000000,0.000000,0.096125,0.006866,0.011443,0.025176,0.000000,0.000000,0.000000,0.000000,0,0,0,0,0,0,0,0,0,0,0,0.045257568359375,-0.004302978515625,0,0,0,0,0,0,0,0,Object notstarted,Object notstarted,Object notstarted,Object notstarted,Object notstarted,Object notstarted,Object notstarted,Object notstarted,Object notstarted
2024-03-18 10:30:32,732.732,__main___datalogs,INFO,JoyConState.NORMAL,0.000000,0.000000,0.000000,0.096125,0.002289,0.011443,0.025176,0.000000,0.000000,0.000000,0.000000,0,0,0,0,0,0,0,0,0,0,0,0.045257568359375,-0.004302978515625,0,0,0,0,0,0,0,0,Object notstarted,Object notstarted,Object notstarted,Object notstarted,Object notstarted,Object notstarted,Object notstarted,Object notstarted,Object notstarted
2024-03-18 10:30:32,808.808,__main___datalogs,INFO,JoyConState.NORMAL,0.000000,0.000000,0.000000,0.098413,0.006866,0.011443,0.025176,0.000000,0.000000,0.000000,0.000000,0,0,0,0,0,0,0,0,0,0,0,0.045257568359375,-0.004302978515625,0,0,0,0,0,0,0,0,Object notstarted,Object notstarted,Object notstarted,Object notstarted,Object notstarted,Object notstarted,Object notstarted,Object notstarted,Object notstarted
2024-03-18 10:30:32,864.864,__main___datalogs,INFO,JoyConState.NORMAL,0.000000,0.000000,0.000000,0.096125,0.006866,0.011443,0.020598,0.000000,0.000000,0.000000,0.000000,0,0,0,0,0,0,0,0,0,0,0,0.045257568359375,-0.004302978515625,0,0,0,0,0,0,0,0,Object notstarted,Object notstarted,Object notstarted,Object notstarted,Object notstarted,Object notstarted,Object notstarted,Object notstarted,Object notstarted
2024-03-18 10:30:32,920.920,__main___datalogs,INFO,JoyConState.NORMAL,0.000000,0.000000,0.000000,0.096125,0.002289,0.011443,0.016021,0.000000,0.000000,0.000000,0.000000,0,0,0,0,0,0,0,0,0,0,0,0.045257568359375,-0.004302978515625,0,0,0,0,0,0,0,0,Object notstarted,Object notstarted,Object notstarted,Object notstarted,Object notstarted,Object notstarted,Object notstarted,Object notstarted,Object notstarted
2024-03-18 10:30:32,976.976,__main___datalogs,INFO,JoyConState.NORMAL,0.000000,0.000000,0.000000,0.098413,0.002289,0.004577,0.025176,0.000000,0.000000,0.000000,0.000000,0,0,0,0,0,0,0,0,0,0,0,0.045257568359375,-0.004302978515625,0,0,0,0,0,0,0,0,Object notstarted,Object notstarted,Object notstarted,Object notstarted,Object notstarted,Object notstarted,Object notstarted,Object notstarted,Object notstarted
2024-03-18 10:30:33,031.031,__main___datalogs,INFO,JoyConState.NORMAL,0.000000,0.000000,0.000000,0.098413,0.002289,0.011443,0.025176,0.000000,0.000000,0.000000,0.000000,0,0,0,0,0,0,0,0,0,0,0,0.045257568359375,-0.004302978515625,0,0,0,0,0,0,0,0,Object notstarted,Object notstarted,Object notstarted,Object notstarted,Object notstarted,Object notstarted,Object notstarted,Object notstarted,Object notstarted
2024-03-18 10:30:33,089.089,__main___datalogs,INFO,JoyConState.NORMAL,0.000000,0.000000,0.000000,0.091547,0.006866,0.011443,0.025176,0.000000,0.000000,0.000000,0.000000,0,0,0,0,0,0,0,0,0,0,0,0.045257568359375,-0.004302978515625,0,0,0,0,0,0,0,0,Object notstarted,Object notstarted,Object notstarted,Object notstarted,Object notstarted,Object notstarted,Object notstarted,Object notstarted,Object notstarted
2024-03-18 10:30:33,144.144,__main___datalogs,INFO,JoyConState.NORMAL,0.000000,0.000000,0.000000,0.091547,0.002289,0.011443,0.020598,0.000000,0.000000,0.000000,0.000000,0,0,0,0,0,0,0,0,0,0,0,0.045257568359375,-0.004302978515625,0,0,0,0,0,0,0,0,Object notstarted,Object notstarted,Object notstarted,Object notstarted,Object notstarted,Object notstarted,Object notstarted,Object notstarted,Object notstarted
2024-03-18 10:30:33,200.200,__main___datalogs,INFO,JoyConState.NORMAL,0.000000,0.000000,0.000000,0.091547,0.006866,0.004577,0.020598,0.000000,0.000000,0.000000,0.000000,0,0,0,0,0,0,0,0,0,0,0,0.045257568359375,-0.004302978515625,0,0,0,0,0,0,0,0,Object notstarted,Object notstarted,Object notstarted,Object notstarted,Object notstarted,Object notstarted,Object notstarted,Object notstarted,Object notstarted
2024-03-18 10:30:33,255.255,__main___datalogs,INFO,JoyConState.NORMAL,0.000000,0.000000,0.000000,0.098413,0.006866,0.004577,0.025176,0.000000,0.000000,0.000000,0.000000,0,0,0,0,0,0,0,0,0,0,0,0.045257568359375,-0.004302978515625,0,0,0,0,0,0,0,0,Object notstarted,Object notstarted,Object notstarted,Object notstarted,Object notstarted,Object notstarted,Object notstarted,Object notstarted,Object notstarted
2024-03-18 10:30:33,312.312,__main___datalogs,INFO,JoyConState.NORMAL,0.000000,0.000000,0.000000,0.096125,0.002289,0.011443,0.025176,0.000000,0.000000,0.000000,0.000000,0,0,0,0,0,0,0,0,0,0,0,0.045257568359375,-0.004302978515625,0,0,0,0,0,0,0,0,Object notstarted,Object notstarted,Object notstarted,Object notstarted,Object notstarted,Object notstarted,Object notstarted,Object notstarted,Object notstarted
2024-03-18 10:30:33,367.367,__main___datalogs,INFO,JoyConState.NORMAL,0.000000,0.000000,0.000000,0.096125,0.002289,0.004577,0.020598,0.000000,0.000000,0.000000,0.000000,0,0,0,0,0,0,0,0,0,0,0,0.045257568359375,-0.004302978515625,0,0,0,0,0,0,0,0,Object notstarted,Object notstarted,Object notstarted,Object notstarted,Object notstarted,Object notstarted,Object notstarted,Object notstarted,Object notstarted
2024-03-18 10:30:33,423.423,__main___datalogs,INFO,JoyConState.NORMAL,0.000000,0.000000,0.000000,0.096125,0.002289,0.004577,0.025176,0.000000,0.000000,0.000000,0.000000,0,0,0,0,0,0,0,0,0,0,0,0.045257568359375,-0.004302978515625,0,0,0,0,0,0,0,0,Object notstarted,Object notstarted,Object notstarted,Object notstarted,Object notstarted,Object notstarted,Object notstarted,Object notstarted,Object notstarted
2024-03-18 10:30:33,478.478,__main___datalogs,INFO,JoyConState.NORMAL,0.000000,0.000000,0.000000,0.091547,0.006866,0.011443,0.025176,0.000000,0.000000,0.000000,0.000000,0,0,0,0,0,0,0,0,0,0,0,0.045257568359375,-0.004302978515625,0,0,0,0,0,0,0,0,Object notstarted,Object notstarted,Object notstarted,Object notstarted,Object notstarted,Object notstarted,Object notstarted,Object notstarted,Object notstarted
2024-03-18 10:30:33,535.535,__main___datalogs,INFO,JoyConState.NORMAL,0.000000,0.000000,0.000000,0.091547,0.006866,0.004577,0.025176,0.000000,0.000000,0.000000,0.000000,0,0,0,0,0,0,0,0,0,0,0,0.045257568359375,-0.004302978515625,0,0,0,0,0,0,0,0,Object notstarted,Object notstarted,Object notstarted,Object notstarted,Object notstarted,Object notstarted,Object notstarted,Object notstarted,Object notstarted
2024-03-18 10:30:33,589.589,__main___datalogs,INFO,JoyConState.NORMAL,0.000000,0.000000,0.000000,0.098413,0.002289,0.004577,0.025176,0.000000,0.000000,0.000000,0.000000,0,0,0,0,0,0,0,0,0,0,0,0.045257568359375,-0.004302978515625,0,0,0,0,0,0,0,0,Object notstarted,Object notstarted,Object notstarted,Object notstarted,Object notstarted,Object notstarted,Object notstarted,Object notstarted,Object notstarted
2024-03-18 10:30:33,646.646,__main___datalogs,INFO,JoyConState.NORMAL,0.000000,0.000000,0.000000,0.096125,0.002289,0.004577,0.020598,0.000000,0.000000,0.000000,0.000000,0,0,0,0,0,0,0,0,0,0,0,0.045257568359375,-0.004302978515625,0,0,0,0,0,0,0,0,Object notstarted,Object notstarted,Object notstarted,Object notstarted,Object notstarted,Object notstarted,Object notstarted,Object notstarted,Object notstarted
2024-03-18 10:30:33,701.701,__main___datalogs,INFO,JoyConState.NORMAL,0.000000,0.000000,0.000000,0.096125,-0.002289,0.002289,0.020598,0.000000,0.000000,0.000000,0.000000,0,0,0,0,0,0,0,0,0,0,0,0.045257568359375,-0.004302978515625,0,0,0,0,0,0,0,0,Object notstarted,Object notstarted,Object notstarted,Object notstarted,Object notstarted,Object notstarted,Object notstarted,Object notstarted,Object notstarted
2024-03-18 10:30:33,757.757,__main___datalogs,INFO,JoyConState.NORMAL,0.000000,0.000000,0.000000,0.096125,0.002289,0.011443,0.020598,0.000000,0.000000,0.000000,0.000000,0,0,0,0,0,0,0,0,0,0,0,0.045257568359375,-0.004302978515625,0,0,0,0,0,0,0,0,Object notstarted,Object notstarted,Object notstarted,Object notstarted,Object notstarted,Object notstarted,Object notstarted,Object notstarted,Object notstarted
2024-03-18 10:30:33,829.829,__main___datalogs,INFO,JoyConState.NORMAL,0.000000,0.000000,0.000000,0.096125,0.006866,0.011443,0.020598,0.000000,0.000000,0.000000,0.000000,0,0,0,0,0,0,0,0,0,0,0,0.045257568359375,-0.004302978515625,0,0,0,0,0,0,0,0,Object notstarted,Object notstarted,Object notstarted,Object notstarted,Object notstarted,Object notstarted,Object notstarted,Object notstarted,Object notstarted
2024-03-18 10:30:33,891.891,__main___datalogs,INFO,JoyConState.NORMAL,0.000000,0.000000,0.000000,0.096125,0.006866,0.011443,0.025176,0.000000,0.000000,0.000000,0.000000,0,0,0,0,0,0,0,0,0,0,0,0.045257568359375,-0.004302978515625,0,0,0,0,0,0,0,0,Object notstarted,Object notstarted,Object notstarted,Object notstarted,Object notstarted,Object notstarted,Object notstarted,Object notstarted,Object notstarted
2024-03-18 10:30:33,946.946,__main___datalogs,INFO,JoyConState.NORMAL,0.000000,0.000000,0.000000,0.096125,0.009155,0.011443,0.020598,0.000000,0.000000,0.000000,0.000000,0,0,0,0,0,0,0,0,0,0,0,0.045257568359375,-0.004302978515625,0,0,0,0,0,0,0,0,Object notstarted,Object notstarted,Object notstarted,Object notstarted,Object notstarted,Object notstarted,Object notstarted,Object notstarted,Object notstarted
2024-03-18 10:30:34,002.002,__main___datalogs,INFO,JoyConState.NORMAL,0.000000,0.000000,0.000000,0.091547,0.006866,0.011443,0.020598,0.000000,0.000000,0.000000,0.000000,0,0,0,0,0,0,0,0,0,0,0,0.045257568359375,-0.004302978515625,0,0,0,0,0,0,0,0,Object notstarted,Object notstarted,Object notstarted,Object notstarted,Object notstarted,Object notstarted,Object notstarted,Object notstarted,Object notstarted
2024-03-18 10:30:34,057.057,__main___datalogs,INFO,JoyConState.NORMAL,0.000000,0.000000,0.000000,0.096125,0.006866,0.011443,0.020598,0.000000,0.000000,0.000000,0.000000,0,0,0,0,0,0,0,0,0,0,0,0.045257568359375,-0.004302978515625,0,0,0,0,0,0,0,0,Object notstarted,Object notstarted,Object notstarted,Object notstarted,Object notstarted,Object notstarted,Object notstarted,Object notstarted,Object notstarted
2024-03-18 10:30:34,114.114,__main___datalogs,INFO,JoyConState.NORMAL,0.000000,0.000000,0.000000,0.091547,0.002289,0.011443,0.020598,0.000000,0.000000,0.000000,0.000000,0,0,0,0,0,0,0,0,0,0,0,0.045257568359375,-0.004302978515625,0,0,0,0,0,0,0,0,Object notstarted,Object notstarted,Object notstarted,Object notstarted,Object notstarted,Object notstarted,Object notstarted,Object notstarted,Object notstarted
2024-03-18 10:30:34,170.170,__main___datalogs,INFO,JoyConState.NORMAL,0.000000,0.000000,0.000000,0.096125,0.002289,0.013732,0.016021,0.000000,0.000000,0.000000,0.000000,0,0,0,0,0,0,0,0,0,0,0,0.045257568359375,-0.004302978515625,0,0,0,0,0,0,0,0,Object notstarted,Object notstarted,Object notstarted,Object notstarted,Object notstarted,Object notstarted,Object notstarted,Object notstarted,Object notstarted
2024-03-18 10:30:34,227.227,__main___datalogs,INFO,JoyConState.NORMAL,0.000000,0.000000,0.000000,0.091547,0.006866,0.011443,0.020598,0.000000,0.000000,0.000000,0.000000,0,0,0,0,0,0,0,0,0,0,0,0.045257568359375,-0.004302978515625,0,0,0,0,0,0,0,0,Object notstarted,Object notstarted,Object notstarted,Object notstarted,Object notstarted,Object notstarted,Object notstarted,Object notstarted,Object notstarted
2024-03-18 10:30:34,281.281,__main___datalogs,INFO,JoyConState.NORMAL,0.000000,0.000000,0.000000,0.091547,0.006866,0.018310,0.025176,0.000000,0.000000,0.000000,0.000000,0,0,0,0,0,0,0,0,0,0,0,0.045257568359375,-0.004302978515625,0,0,0,0,0,0,0,0,Object notstarted,Object notstarted,Object notstarted,Object notstarted,Object notstarted,Object notstarted,Object notstarted,Object notstarted,Object notstarted
2024-03-18 10:30:34,338.338,__main___datalogs,INFO,JoyConState.NORMAL,0.000000,0.000000,0.000000,0.096125,0.006866,0.004577,0.016021,0.000000,0.000000,0.000000,0.000000,0,0,0,0,0,0,0,0,0,0,0,0.045257568359375,-0.004302978515625,0,0,0,0,0,0,0,0,Object notstarted,Object notstarted,Object notstarted,Object notstarted,Object notstarted,Object notstarted,Object notstarted,Object notstarted,Object notstarted
2024-03-18 10:30:34,393.393,__main___datalogs,INFO,JoyConState.NORMAL,0.000000,0.000000,0.000000,0.096125,0.006866,0.011443,0.016021,0.000000,0.000000,0.000000,0.000000,0,0,0,0,0,0,0,0,0,0,0,0.045257568359375,-0.004302978515625,0,0,0,0,0,0,0,0,Object notstarted,Object notstarted,Object notstarted,Object notstarted,Object notstarted,Object notstarted,Object notstarted,Object notstarted,Object notstarted
2024-03-18 10:30:34,449.449,__main___datalogs,INFO,JoyConState.NORMAL,0.000000,0.000000,0.000000,0.096125,0.006866,0.011443,0.020598,0.000000,0.000000,0.000000,0.000000,0,0,0,0,0,0,0,0,0,0,0,0.045257568359375,-0.004302978515625,0,0,0,0,0,0,0,0,Object notstarted,Object notstarted,Object notstarted,Object notstarted,Object notstarted,Object notstarted,Object notstarted,Object notstarted,Object notstarted
2024-03-18 10:30:34,505.505,__main___datalogs,INFO,JoyConState.NORMAL,0.000000,0.000000,0.000000,0.096125,0.006866,0.004577,0.020598,0.000000,0.000000,0.000000,0.000000,0,0,0,0,0,0,0,0,0,0,0,0.045257568359375,-0.004302978515625,0,0,0,0,0,0,0,0,Object notstarted,Object notstarted,Object notstarted,Object notstarted,Object notstarted,Object notstarted,Object notstarted,Object notstarted,Object notstarted
2024-03-18 10:30:34,560.560,__main___datalogs,INFO,JoyConState.NORMAL,0.000000,0.000000,0.000000,0.096125,0.006866,0.011443,0.025176,0.000000,0.000000,0.000000,0.000000,0,0,0,0,0,0,0,0,0,0,0,0.045257568359375,-0.004302978515625,0,0,0,0,0,0,0,0,Object notstarted,Object notstarted,Object notstarted,Object notstarted,Object notstarted,Object notstarted,Object notstarted,Object notstarted,Object notstarted
2024-03-18 10:30:34,616.616,__main___datalogs,INFO,JoyConState.NORMAL,0.000000,0.000000,0.000000,0.091547,0.006866,0.011443,0.025176,0.000000,0.000000,0.000000,0.000000,0,0,0,0,0,0,0,0,0,0,0,0.045257568359375,-0.004302978515625,0,0,0,0,0,0,0,0,Object notstarted,Object notstarted,Object notstarted,Object notstarted,Object notstarted,Object notstarted,Object notstarted,Object notstarted,Object notstarted
2024-03-18 10:30:34,673.673,__main___datalogs,INFO,JoyConState.NORMAL,0.000000,0.000000,0.000000,0.091547,0.006866,0.004577,0.025176,0.000000,0.000000,0.000000,0.000000,0,0,0,0,0,0,0,0,0,0,0,0.045257568359375,-0.004302978515625,0,0,0,0,0,0,0,0,Object notstarted,Object notstarted,Object notstarted,Object notstarted,Object notstarted,Object notstarted,Object notstarted,Object notstarted,Object notstarted
2024-03-18 10:30:34,728.728,__main___datalogs,INFO,JoyConState.NORMAL,0.000000,0.000000,0.000000,0.096125,0.006866,0.011443,0.025176,0.000000,0.000000,0.000000,0.000000,0,0,0,0,0,0,0,0,0,0,0,0.045257568359375,-0.004302978515625,0,0,0,0,0,0,0,0,Object notstarted,Object notstarted,Object notstarted,Object notstarted,Object notstarted,Object notstarted,Object notstarted,Object notstarted,Object notstarted
2024-03-18 10:30:34,784.784,__main___datalogs,INFO,JoyConState.NORMAL,0.000000,0.000000,0.000000,0.096125,0.002289,0.011443,0.025176,0.000000,0.000000,0.000000,0.000000,0,0,0,0,0,0,0,0,0,0,0,0.045257568359375,-0.004302978515625,0,0,0,0,0,0,0,0,Object notstarted,Object notstarted,Object notstarted,Object notstarted,Object notstarted,Object notstarted,Object notstarted,Object notstarted,Object notstarted
2024-03-18 10:30:34,855.855,__main___datalogs,INFO,JoyConState.NORMAL,0.000000,0.000000,0.000000,0.096125,0.002289,0.011443,0.025176,0.000000,0.000000,0.000000,0.000000,0,0,0,0,0,0,0,0,0,0,0,0.045257568359375,-0.004302978515625,0,0,0,0,0,0,0,0,Object notstarted,Object notstarted,Object notstarted,Object notstarted,Object notstarted,Object notstarted,Object notstarted,Object notstarted,Object notstarted
2024-03-18 10:30:34,915.915,__main___datalogs,INFO,JoyConState.NORMAL,0.000000,0.000000,0.000000,0.096125,0.002289,0.011443,0.020598,0.000000,0.000000,0.000000,0.000000,0,0,0,0,0,0,0,0,0,0,0,0.045257568359375,-0.004302978515625,0,0,0,0,0,0,0,0,Object notstarted,Object notstarted,Object notstarted,Object notstarted,Object notstarted,Object notstarted,Object notstarted,Object notstarted,Object notstarted
2024-03-18 10:30:34,969.969,__main___datalogs,INFO,JoyConState.NORMAL,0.000000,0.000000,0.000000,0.091547,0.002289,0.011443,0.020598,0.000000,0.000000,0.000000,0.000000,0,0,0,0,0,0,0,0,0,0,0,0.045257568359375,-0.004302978515625,0,0,0,0,0,0,0,0,Object notstarted,Object notstarted,Object notstarted,Object notstarted,Object notstarted,Object notstarted,Object notstarted,Object notstarted,Object notstarted
2024-03-18 10:30:35,026.026,__main___datalogs,INFO,JoyConState.NORMAL,0.000000,0.000000,0.000000,0.091547,0.006866,0.011443,0.016021,0.000000,0.000000,0.000000,0.000000,0,0,0,0,0,0,0,0,0,0,0,0.045257568359375,-0.004302978515625,0,0,0,0,0,0,0,0,Object notstarted,Object notstarted,Object notstarted,Object notstarted,Object notstarted,Object notstarted,Object notstarted,Object notstarted,Object notstarted
2024-03-18 10:30:35,081.081,__main___datalogs,INFO,JoyConState.NORMAL,0.000000,0.000000,0.000000,0.096125,0.002289,0.011443,0.020598,0.000000,0.000000,0.000000,0.000000,0,0,0,0,0,0,0,0,0,0,0,0.045257568359375,-0.004302978515625,0,0,0,0,0,0,0,0,Object notstarted,Object notstarted,Object notstarted,Object notstarted,Object notstarted,Object notstarted,Object notstarted,Object notstarted,Object notstarted
2024-03-18 10:30:35,138.138,__main___datalogs,INFO,JoyConState.NORMAL,0.000000,0.000000,0.000000,0.091547,0.006866,0.011443,0.016021,0.000000,0.000000,0.000000,0.000000,0,0,0,0,0,0,0,0,0,0,0,0.045257568359375,-0.004302978515625,0,0,0,0,0,0,0,0,Object notstarted,Object notstarted,Object notstarted,Object notstarted,Object notstarted,Object notstarted,Object notstarted,Object notstarted,Object notstarted
2024-03-18 10:30:35,193.193,__main___datalogs,INFO,JoyConState.NORMAL,0.000000,0.000000,0.000000,0.096125,0.002289,0.011443,0.020598,0.000000,0.000000,0.000000,0.000000,0,0,0,0,0,0,0,0,0,0,0,0.045257568359375,-0.004302978515625,0,0,0,0,0,0,0,0,Object notstarted,Object notstarted,Object notstarted,Object notstarted,Object notstarted,Object notstarted,Object notstarted,Object notstarted,Object notstarted
2024-03-18 10:30:35,249.249,__main___datalogs,INFO,JoyConState.NORMAL,0.000000,0.000000,0.000000,0.091547,0.006866,0.011443,0.027464,0.000000,0.000000,0.000000,0.000000,0,0,0,0,0,0,0,0,0,0,0,0.045257568359375,-0.004302978515625,0,0,0,0,0,0,0,0,Object notstarted,Object notstarted,Object notstarted,Object notstarted,Object notstarted,Object notstarted,Object notstarted,Object notstarted,Object notstarted
2024-03-18 10:30:35,305.305,__main___datalogs,INFO,JoyConState.NORMAL,0.000000,0.000000,0.000000,0.091547,0.009155,0.011443,0.025176,0.000000,0.000000,0.000000,0.000000,0,0,0,0,0,0,0,0,0,0,0,0.045257568359375,-0.004302978515625,0,0,0,0,0,0,0,0,Object notstarted,Object notstarted,Object notstarted,Object notstarted,Object notstarted,Object notstarted,Object notstarted,Object notstarted,Object notstarted
2024-03-18 10:30:35,362.362,__main___datalogs,INFO,JoyConState.NORMAL,0.000000,0.000000,0.000000,0.091547,0.006866,0.011443,0.025176,0.000000,0.000000,0.000000,0.000000,0,0,0,0,0,0,0,0,0,0,0,0.045257568359375,-0.004302978515625,0,0,0,0,0,0,0,0,Object notstarted,Object notstarted,Object notstarted,Object notstarted,Object notstarted,Object notstarted,Object notstarted,Object notstarted,Object notstarted
2024-03-18 10:30:35,417.417,__main___datalogs,INFO,JoyConState.NORMAL,0.000000,0.000000,0.000000,0.096125,0.009155,0.011443,0.025176,0.000000,0.000000,0.000000,0.000000,0,0,0,0,0,0,0,0,0,0,0,0.045257568359375,-0.004302978515625,0,0,0,0,0,0,0,0,Object notstarted,Object notstarted,Object notstarted,Object notstarted,Object notstarted,Object notstarted,Object notstarted,Object notstarted,Object notstarted
2024-03-18 10:30:35,473.473,__main___datalogs,INFO,JoyConState.NORMAL,0.000000,0.000000,0.000000,0.091547,0.006866,0.011443,0.025176,0.000000,0.000000,0.000000,0.000000,0,0,0,0,0,0,0,0,0,0,0,0.045257568359375,-0.004302978515625,0,0,0,0,0,0,0,0,Object notstarted,Object notstarted,Object notstarted,Object notstarted,Object notstarted,Object notstarted,Object notstarted,Object notstarted,Object notstarted
2024-03-18 10:30:35,529.529,__main___datalogs,INFO,JoyConState.NORMAL,0.000000,0.000000,0.000000,0.098413,-0.002289,0.004577,0.020598,0.000000,0.000000,0.000000,0.000000,0,0,0,0,0,0,0,0,0,0,0,0.045257568359375,-0.004302978515625,0,0,0,0,0,0,0,0,Object notstarted,Object notstarted,Object notstarted,Object notstarted,Object notstarted,Object notstarted,Object notstarted,Object notstarted,Object notstarted
2024-03-18 10:30:35,585.585,__main___datalogs,INFO,JoyConState.NORMAL,0.000000,0.000000,0.000000,0.098413,0.002289,0.011443,0.025176,0.000000,0.000000,0.000000,0.000000,0,0,0,0,0,0,0,0,0,0,0,0.045257568359375,-0.004302978515625,0,0,0,0,0,0,0,0,Object notstarted,Object notstarted,Object notstarted,Object notstarted,Object notstarted,Object notstarted,Object notstarted,Object notstarted,Object notstarted
2024-03-18 10:30:35,641.641,__main___datalogs,INFO,JoyConState.NORMAL,0.000000,0.000000,0.000000,0.096125,0.002289,0.004577,0.020598,0.000000,0.000000,0.000000,0.000000,0,0,0,0,0,0,0,0,0,0,0,0.045257568359375,-0.004302978515625,0,0,0,0,0,0,0,0,Object notstarted,Object notstarted,Object notstarted,Object notstarted,Object notstarted,Object notstarted,Object notstarted,Object notstarted,Object notstarted
2024-03-18 10:30:35,698.698,__main___datalogs,INFO,JoyConState.NORMAL,0.000000,0.000000,0.000000,0.096125,0.002289,0.004577,0.025176,0.000000,0.000000,0.000000,0.000000,0,0,0,0,0,0,0,0,0,0,0,0.045257568359375,-0.004302978515625,0,0,0,0,0,0,0,0,Object notstarted,Object notstarted,Object notstarted,Object notstarted,Object notstarted,Object notstarted,Object notstarted,Object notstarted,Object notstarted
2024-03-18 10:30:35,752.752,__main___datalogs,INFO,JoyConState.NORMAL,0.000000,0.000000,0.000000,0.091547,0.002289,0.004577,0.025176,0.000000,0.000000,0.000000,0.000000,0,0,0,0,0,0,0,0,0,0,0,0.045257568359375,-0.004302978515625,0,0,0,0,0,0,0,0,Object notstarted,Object notstarted,Object notstarted,Object notstarted,Object notstarted,Object notstarted,Object notstarted,Object notstarted,Object notstarted
2024-03-18 10:30:35,809.809,__main___datalogs,INFO,JoyConState.NORMAL,0.000000,0.000000,0.000000,0.091547,0.002289,0.011443,0.025176,0.000000,0.000000,0.000000,0.000000,0,0,0,0,0,0,0,0,0,0,0,0.045257568359375,-0.004302978515625,0,0,0,0,0,0,0,0,Object notstarted,Object notstarted,Object notstarted,Object notstarted,Object notstarted,Object notstarted,Object notstarted,Object notstarted,Object notstarted
2024-03-18 10:30:35,864.864,__main___datalogs,INFO,JoyConState.NORMAL,0.000000,0.000000,0.000000,0.096125,0.002289,0.004577,0.020598,0.000000,0.000000,0.000000,0.000000,0,0,0,0,0,0,0,0,0,0,0,0.045257568359375,-0.004302978515625,0,0,0,0,0,0,0,0,Object notstarted,Object notstarted,Object notstarted,Object notstarted,Object notstarted,Object notstarted,Object notstarted,Object notstarted,Object notstarted
2024-03-18 10:30:35,937.937,__main___datalogs,INFO,JoyConState.NORMAL,0.000000,0.000000,0.000000,0.098413,0.002289,0.011443,0.020598,0.000000,0.000000,0.000000,0.000000,0,0,0,0,0,0,0,0,0,0,0,0.045257568359375,-0.004302978515625,0,0,0,0,0,0,0,0,Object notstarted,Object notstarted,Object notstarted,Object notstarted,Object notstarted,Object notstarted,Object notstarted,Object notstarted,Object notstarted
2024-03-18 10:30:36,016.016,__main___datalogs,INFO,JoyConState.NORMAL,0.000000,0.000000,0.000000,0.096125,0.006866,0.011443,0.025176,0.000000,0.000000,0.000000,0.000000,0,0,0,0,0,0,0,0,0,0,0,0.045257568359375,-0.004302978515625,0,0,0,0,0,0,0,0,Object notstarted,Object notstarted,Object notstarted,Object notstarted,Object notstarted,Object notstarted,Object notstarted,Object notstarted,Object notstarted
2024-03-18 10:30:36,072.072,__main___datalogs,INFO,JoyConState.NORMAL,0.000000,0.000000,0.000000,0.096125,0.006866,0.011443,0.025176,0.000000,0.000000,0.000000,0.000000,0,0,0,0,0,0,0,0,0,0,0,0.045257568359375,-0.004302978515625,0,0,0,0,0,0,0,0,Object notstarted,Object notstarted,Object notstarted,Object notstarted,Object notstarted,Object notstarted,Object notstarted,Object notstarted,Object notstarted
2024-03-18 10:30:36,128.128,__main___datalogs,INFO,JoyConState.NORMAL,0.000000,0.000000,0.000000,0.098413,0.006866,0.004577,0.020598,0.000000,0.000000,0.000000,0.000000,0,0,0,0,0,0,0,0,0,0,0,0.045257568359375,-0.004302978515625,0,0,0,0,0,0,0,0,Object notstarted,Object notstarted,Object notstarted,Object notstarted,Object notstarted,Object notstarted,Object notstarted,Object notstarted,Object notstarted
2024-03-18 10:30:36,184.184,__main___datalogs,INFO,JoyConState.NORMAL,0.000000,0.000000,0.000000,0.098413,0.006866,0.011443,0.020598,0.000000,0.000000,0.000000,0.000000,0,0,0,0,0,0,0,0,0,0,0,0.045257568359375,-0.004302978515625,0,0,0,0,0,0,0,0,Object notstarted,Object notstarted,Object notstarted,Object notstarted,Object notstarted,Object notstarted,Object notstarted,Object notstarted,Object notstarted
2024-03-18 10:30:36,239.239,__main___datalogs,INFO,JoyConState.NORMAL,0.000000,0.000000,0.000000,0.098413,0.006866,0.011443,0.020598,0.000000,0.000000,0.000000,0.000000,0,0,0,0,0,0,0,0,0,0,0,0.045257568359375,-0.004302978515625,0,0,0,0,0,0,0,0,Object notstarted,Object notstarted,Object notstarted,Object notstarted,Object notstarted,Object notstarted,Object notstarted,Object notstarted,Object notstarted
2024-03-18 10:30:36,297.297,__main___datalogs,INFO,JoyConState.NORMAL,0.000000,0.000000,0.000000,0.096125,0.006866,0.011443,0.025176,0.000000,0.000000,0.000000,0.000000,0,0,0,0,0,0,0,0,0,0,0,0.045257568359375,-0.004302978515625,0,0,0,0,0,0,0,0,Object notstarted,Object notstarted,Object notstarted,Object notstarted,Object notstarted,Object notstarted,Object notstarted,Object notstarted,Object notstarted
2024-03-18 10:30:36,351.351,__main___datalogs,INFO,JoyConState.NORMAL,0.000000,0.000000,0.000000,0.091547,0.006866,0.004577,0.020598,0.000000,0.000000,0.000000,0.000000,0,0,0,0,0,0,0,0,0,0,0,0.045257568359375,-0.004302978515625,0,0,0,0,0,0,0,0,Object notstarted,Object notstarted,Object notstarted,Object notstarted,Object notstarted,Object notstarted,Object notstarted,Object notstarted,Object notstarted
2024-03-18 10:30:36,408.408,__main___datalogs,INFO,JoyConState.NORMAL,0.000000,0.000000,0.000000,0.091547,0.002289,0.004577,0.020598,0.000000,0.000000,0.000000,0.000000,0,0,0,0,0,0,0,0,0,0,0,0.045257568359375,-0.004302978515625,0,0,0,0,0,0,0,0,Object notstarted,Object notstarted,Object notstarted,Object notstarted,Object notstarted,Object notstarted,Object notstarted,Object notstarted,Object notstarted
2024-03-18 10:30:36,464.464,__main___datalogs,INFO,JoyConState.NORMAL,0.000000,0.000000,0.000000,0.096125,0.002289,0.011443,0.020598,0.000000,0.000000,0.000000,0.000000,0,0,0,0,0,0,0,0,0,0,0,0.045257568359375,-0.004302978515625,0,0,0,0,0,0,0,0,Object notstarted,Object notstarted,Object notstarted,Object notstarted,Object notstarted,Object notstarted,Object notstarted,Object notstarted,Object notstarted
2024-03-18 10:30:36,520.520,__main___datalogs,INFO,JoyConState.NORMAL,0.000000,0.000000,0.000000,0.091547,0.002289,0.011443,0.025176,0.000000,0.000000,0.000000,0.000000,0,0,0,0,0,0,0,0,0,0,0,0.045257568359375,-0.004302978515625,0,0,0,0,0,0,0,0,Object notstarted,Object notstarted,Object notstarted,Object notstarted,Object notstarted,Object notstarted,Object notstarted,Object notstarted,Object notstarted
2024-03-18 10:30:36,576.576,__main___datalogs,INFO,JoyConState.NORMAL,0.000000,0.000000,0.000000,0.091547,0.006866,0.011443,0.025176,0.000000,0.000000,0.000000,0.000000,0,0,0,0,0,0,0,0,0,0,0,0.045257568359375,-0.004302978515625,0,0,0,0,0,0,0,0,Object notstarted,Object notstarted,Object notstarted,Object notstarted,Object notstarted,Object notstarted,Object notstarted,Object notstarted,Object notstarted
2024-03-18 10:30:36,632.632,__main___datalogs,INFO,JoyConState.NORMAL,0.000000,0.000000,0.000000,0.096125,0.002289,0.011443,0.025176,0.000000,0.000000,0.000000,0.000000,0,0,0,0,0,0,0,0,0,0,0,0.045257568359375,-0.004302978515625,0,0,0,0,0,0,0,0,Object notstarted,Object notstarted,Object notstarted,Object notstarted,Object notstarted,Object notstarted,Object notstarted,Object notstarted,Object notstarted
2024-03-18 10:30:36,687.687,__main___datalogs,INFO,JoyConState.NORMAL,0.000000,0.000000,0.000000,0.091547,-0.002289,0.011443,0.025176,0.000000,0.000000,0.000000,0.000000,0,0,0,0,0,0,0,0,0,0,0,0.045257568359375,-0.004302978515625,0,0,0,0,0,0,0,0,Object notstarted,Object notstarted,Object notstarted,Object notstarted,Object notstarted,Object notstarted,Object notstarted,Object notstarted,Object notstarted
2024-03-18 10:30:36,743.743,__main___datalogs,INFO,JoyConState.NORMAL,0.000000,0.000000,0.000000,0.098413,0.006866,0.004577,0.020598,0.000000,0.000000,0.000000,0.000000,0,0,0,0,0,0,0,0,0,0,0,0.045257568359375,-0.004302978515625,0,0,0,0,0,0,0,0,Object notstarted,Object notstarted,Object notstarted,Object notstarted,Object notstarted,Object notstarted,Object notstarted,Object notstarted,Object notstarted
2024-03-18 10:30:36,799.799,__main___datalogs,INFO,JoyConState.NORMAL,0.000000,0.000000,0.000000,0.098413,0.006866,0.011443,0.020598,0.000000,0.000000,0.000000,0.000000,0,0,0,0,0,0,0,0,0,0,0,0.045257568359375,-0.004302978515625,0,0,0,0,0,0,0,0,Object notstarted,Object notstarted,Object notstarted,Object notstarted,Object notstarted,Object notstarted,Object notstarted,Object notstarted,Object notstarted
2024-03-18 10:30:36,854.854,__main___datalogs,INFO,JoyConState.NORMAL,0.000000,0.000000,0.000000,0.098413,0.006866,0.004577,0.020598,0.000000,0.000000,0.000000,0.000000,0,0,0,0,0,0,0,0,0,0,0,0.045257568359375,-0.004302978515625,0,0,0,0,0,0,0,0,Object notstarted,Object notstarted,Object notstarted,Object notstarted,Object notstarted,Object notstarted,Object notstarted,Object notstarted,Object notstarted
2024-03-18 10:30:36,910.910,__main___datalogs,INFO,JoyConState.NORMAL,0.000000,0.000000,0.000000,0.098413,0.006866,0.011443,0.020598,0.000000,0.000000,0.000000,0.000000,0,0,0,0,0,0,0,0,0,0,0,0.045257568359375,-0.004302978515625,0,0,0,0,0,0,0,0,Object notstarted,Object notstarted,Object notstarted,Object notstarted,Object notstarted,Object notstarted,Object notstarted,Object notstarted,Object notstarted
2024-03-18 10:30:36,967.967,__main___datalogs,INFO,JoyConState.NORMAL,0.000000,0.000000,0.000000,0.096125,0.006866,0.011443,0.020598,0.000000,0.000000,0.000000,0.000000,0,0,0,0,0,0,0,0,0,0,0,0.045257568359375,-0.004302978515625,0,0,0,0,0,0,0,0,Object notstarted,Object notstarted,Object notstarted,Object notstarted,Object notstarted,Object notstarted,Object notstarted,Object notstarted,Object notstarted
2024-03-18 10:30:37,046.046,__main___datalogs,INFO,JoyConState.NORMAL,0.000000,0.000000,0.000000,0.098413,0.009155,0.011443,0.020598,0.000000,0.000000,0.000000,0.000000,0,0,0,0,0,0,0,0,0,0,0,0.045257568359375,-0.004302978515625,0,0,0,0,0,0,0,0,Object notstarted,Object notstarted,Object notstarted,Object notstarted,Object notstarted,Object notstarted,Object notstarted,Object notstarted,Object notstarted
2024-03-18 10:30:37,102.102,__main___datalogs,INFO,JoyConState.NORMAL,0.000000,0.000000,0.000000,0.096125,0.006866,0.011443,0.025176,0.000000,0.000000,0.000000,0.000000,0,0,0,0,0,0,0,0,0,0,0,0.045257568359375,-0.004302978515625,0,0,0,0,0,0,0,0,Object notstarted,Object notstarted,Object notstarted,Object notstarted,Object notstarted,Object notstarted,Object notstarted,Object notstarted,Object notstarted
2024-03-18 10:30:37,158.158,__main___datalogs,INFO,JoyConState.NORMAL,0.000000,0.000000,0.000000,0.096125,0.002289,0.011443,0.020598,0.000000,0.000000,0.000000,0.000000,0,0,0,0,0,0,0,0,0,0,0,0.045257568359375,-0.004302978515625,0,0,0,0,0,0,0,0,Object notstarted,Object notstarted,Object notstarted,Object notstarted,Object notstarted,Object notstarted,Object notstarted,Object notstarted,Object notstarted
2024-03-18 10:30:37,215.215,__main___datalogs,INFO,JoyConState.NORMAL,0.000000,0.000000,0.000000,0.096125,0.006866,0.004577,0.025176,0.000000,0.000000,0.000000,0.000000,0,0,0,0,0,0,0,0,0,0,0,0.045257568359375,-0.004302978515625,0,0,0,0,0,0,0,0,Object notstarted,Object notstarted,Object notstarted,Object notstarted,Object notstarted,Object notstarted,Object notstarted,Object notstarted,Object notstarted
2024-03-18 10:30:37,269.269,__main___datalogs,INFO,JoyConState.NORMAL,0.000000,0.000000,0.000000,0.091547,0.006866,0.011443,0.025176,0.000000,0.000000,0.000000,0.000000,0,0,0,0,0,0,0,0,0,0,0,0.045257568359375,-0.004302978515625,0,0,0,0,0,0,0,0,Object notstarted,Object notstarted,Object notstarted,Object notstarted,Object notstarted,Object notstarted,Object notstarted,Object notstarted,Object notstarted
2024-03-18 10:30:37,325.325,__main___datalogs,INFO,JoyConState.NORMAL,0.000000,0.000000,0.000000,0.091547,0.002289,0.011443,0.025176,0.000000,0.000000,0.000000,0.000000,0,0,0,0,0,0,0,0,0,0,0,0.045257568359375,-0.004302978515625,0,0,0,0,0,0,0,0,Object notstarted,Object notstarted,Object notstarted,Object notstarted,Object notstarted,Object notstarted,Object notstarted,Object notstarted,Object notstarted
2024-03-18 10:30:37,381.381,__main___datalogs,INFO,JoyConState.NORMAL,0.000000,0.000000,0.000000,0.091547,0.006866,0.004577,0.025176,0.000000,0.000000,0.000000,0.000000,0,0,0,0,0,0,0,0,0,0,0,0.045257568359375,-0.004302978515625,0,0,0,0,0,0,0,0,Object notstarted,Object notstarted,Object notstarted,Object notstarted,Object notstarted,Object notstarted,Object notstarted,Object notstarted,Object notstarted
2024-03-18 10:30:37,437.437,__main___datalogs,INFO,JoyConState.NORMAL,0.000000,0.000000,0.000000,0.091547,0.009155,0.011443,0.020598,0.000000,0.000000,0.000000,0.000000,0,0,0,0,0,0,0,0,0,0,0,0.045257568359375,-0.004302978515625,0,0,0,0,0,0,0,0,Object notstarted,Object notstarted,Object notstarted,Object notstarted,Object notstarted,Object notstarted,Object notstarted,Object notstarted,Object notstarted
2024-03-18 10:30:37,492.492,__main___datalogs,INFO,JoyConState.NORMAL,0.000000,0.000000,0.000000,0.096125,0.006866,0.004577,0.025176,0.000000,0.000000,0.000000,0.000000,0,0,0,0,0,0,0,0,0,0,0,0.045257568359375,-0.004302978515625,0,0,0,0,0,0,0,0,Object notstarted,Object notstarted,Object notstarted,Object notstarted,Object notstarted,Object notstarted,Object notstarted,Object notstarted,Object notstarted
2024-03-18 10:30:37,549.549,__main___datalogs,INFO,JoyConState.NORMAL,0.000000,0.000000,0.000000,0.098413,-0.002289,0.004577,0.016021,0.000000,0.000000,0.000000,0.000000,0,0,0,0,0,0,0,0,0,0,0,0.045257568359375,-0.004302978515625,0,0,0,0,0,0,0,0,Object notstarted,Object notstarted,Object notstarted,Object notstarted,Object notstarted,Object notstarted,Object notstarted,Object notstarted,Object notstarted
2024-03-18 10:30:37,604.604,__main___datalogs,INFO,JoyConState.NORMAL,0.000000,0.000000,0.000000,0.098413,0.002289,0.011443,0.020598,0.000000,0.000000,0.000000,0.000000,0,0,0,0,0,0,0,0,0,0,0,0.045257568359375,-0.004302978515625,0,0,0,0,0,0,0,0,Object notstarted,Object notstarted,Object notstarted,Object notstarted,Object notstarted,Object notstarted,Object notstarted,Object notstarted,Object notstarted
2024-03-18 10:30:37,661.661,__main___datalogs,INFO,JoyConState.NORMAL,0.000000,0.000000,0.000000,0.096125,0.006866,0.011443,0.025176,0.000000,0.000000,0.000000,0.000000,0,0,0,0,0,0,0,0,0,0,0,0.045257568359375,-0.004302978515625,0,0,0,0,0,0,0,0,Object notstarted,Object notstarted,Object notstarted,Object notstarted,Object notstarted,Object notstarted,Object notstarted,Object notstarted,Object notstarted
2024-03-18 10:30:37,716.716,__main___datalogs,INFO,JoyConState.NORMAL,0.000000,0.000000,0.000000,0.091547,0.006866,0.004577,0.025176,0.000000,0.000000,0.000000,0.000000,0,0,0,0,0,0,0,0,0,0,0,0.045257568359375,-0.004302978515625,0,0,0,0,0,0,0,0,Object notstarted,Object notstarted,Object notstarted,Object notstarted,Object notstarted,Object notstarted,Object notstarted,Object notstarted,Object notstarted
2024-03-18 10:30:37,773.773,__main___datalogs,INFO,JoyConState.NORMAL,0.000000,0.000000,0.000000,0.096125,0.006866,0.011443,0.025176,0.000000,0.000000,0.000000,0.000000,0,0,0,0,0,0,0,0,0,0,0,0.045257568359375,-0.004302978515625,0,0,0,0,0,0,0,0,Object notstarted,Object notstarted,Object notstarted,Object notstarted,Object notstarted,Object notstarted,Object notstarted,Object notstarted,Object notstarted
2024-03-18 10:30:37,828.828,__main___datalogs,INFO,JoyConState.NORMAL,0.000000,0.000000,0.000000,0.096125,0.002289,0.011443,0.020598,0.000000,0.000000,0.000000,0.000000,0,0,0,0,0,0,0,0,0,0,0,0.045257568359375,-0.004302978515625,0,0,0,0,0,0,0,0,Object notstarted,Object notstarted,Object notstarted,Object notstarted,Object notstarted,Object notstarted,Object notstarted,Object notstarted,Object notstarted
2024-03-18 10:30:37,884.884,__main___datalogs,INFO,JoyConState.NORMAL,0.000000,0.000000,0.000000,0.096125,0.002289,0.011443,0.020598,0.000000,0.000000,0.000000,0.000000,0,0,0,0,0,0,0,0,0,0,0,0.045257568359375,-0.004302978515625,0,0,0,0,0,0,0,0,Object notstarted,Object notstarted,Object notstarted,Object notstarted,Object notstarted,Object notstarted,Object notstarted,Object notstarted,Object notstarted
2024-03-18 10:30:37,940.940,__main___datalogs,INFO,JoyConState.NORMAL,0.000000,0.000000,0.000000,0.091547,0.002289,0.004577,0.025176,0.000000,0.000000,0.000000,0.000000,0,0,0,0,0,0,0,0,0,0,0,0.045257568359375,-0.004302978515625,0,0,0,0,0,0,0,0,Object notstarted,Object notstarted,Object notstarted,Object notstarted,Object notstarted,Object notstarted,Object notstarted,Object notstarted,Object notstarted
2024-03-18 10:30:37,996.996,__main___datalogs,INFO,JoyConState.NORMAL,0.000000,0.000000,0.000000,0.098413,0.002289,0.011443,0.025176,0.000000,0.000000,0.000000,0.000000,0,0,0,0,0,0,0,0,0,0,0,0.045257568359375,-0.004302978515625,0,0,0,0,0,0,0,0,Object notstarted,Object notstarted,Object notstarted,Object notstarted,Object notstarted,Object notstarted,Object notstarted,Object notstarted,Object notstarted
2024-03-18 10:30:38,068.068,__main___datalogs,INFO,JoyConState.NORMAL,0.000000,0.000000,0.000000,0.096125,0.002289,0.011443,0.027464,0.000000,0.000000,0.000000,0.000000,0,0,0,0,0,0,0,0,0,0,0,0.045257568359375,-0.004302978515625,0,0,0,0,0,0,0,0,Object notstarted,Object notstarted,Object notstarted,Object notstarted,Object notstarted,Object notstarted,Object notstarted,Object notstarted,Object notstarted
2024-03-18 10:30:38,132.132,__main___datalogs,INFO,JoyConState.NORMAL,0.000000,0.000000,0.000000,0.096125,0.009155,0.011443,0.027464,0.000000,0.000000,0.000000,0.000000,0,0,0,0,0,0,0,0,0,0,0,0.045257568359375,-0.004302978515625,0,0,0,0,0,0,0,0,Object notstarted,Object notstarted,Object notstarted,Object notstarted,Object notstarted,Object notstarted,Object notstarted,Object notstarted,Object notstarted
2024-03-18 10:30:38,187.187,__main___datalogs,INFO,JoyConState.NORMAL,0.000000,0.000000,0.000000,0.096125,0.006866,0.011443,0.025176,0.000000,0.000000,0.000000,0.000000,0,0,0,0,0,0,0,0,0,0,0,0.045257568359375,-0.004302978515625,0,0,0,0,0,0,0,0,Object notstarted,Object notstarted,Object notstarted,Object notstarted,Object notstarted,Object notstarted,Object notstarted,Object notstarted,Object notstarted
2024-03-18 10:30:38,244.244,__main___datalogs,INFO,JoyConState.NORMAL,0.000000,0.000000,0.000000,0.098413,0.006866,0.011443,0.020598,0.000000,0.000000,0.000000,0.000000,0,0,0,0,0,0,0,0,0,0,0,0.045257568359375,-0.004302978515625,0,0,0,0,0,0,0,0,Object notstarted,Object notstarted,Object notstarted,Object notstarted,Object notstarted,Object notstarted,Object notstarted,Object notstarted,Object notstarted
2024-03-18 10:30:38,298.298,__main___datalogs,INFO,JoyConState.NORMAL,0.000000,0.000000,0.000000,0.096125,0.006866,0.011443,0.020598,0.000000,0.000000,0.000000,0.000000,0,0,0,0,0,0,0,0,0,0,0,0.045257568359375,-0.004302978515625,0,0,0,0,0,0,0,0,Object notstarted,Object notstarted,Object notstarted,Object notstarted,Object notstarted,Object notstarted,Object notstarted,Object notstarted,Object notstarted
2024-03-18 10:30:38,355.355,__main___datalogs,INFO,JoyConState.NORMAL,0.000000,0.000000,0.000000,0.098413,0.009155,0.011443,0.020598,0.000000,0.000000,0.000000,0.000000,0,0,0,0,0,0,0,0,0,0,0,0.045257568359375,-0.004302978515625,0,0,0,0,0,0,0,0,Object notstarted,Object notstarted,Object notstarted,Object notstarted,Object notstarted,Object notstarted,Object notstarted,Object notstarted,Object notstarted
2024-03-18 10:30:38,410.410,__main___datalogs,INFO,JoyConState.NORMAL,0.000000,0.000000,0.000000,0.098413,0.006866,0.011443,0.020598,0.000000,0.000000,0.000000,0.000000,0,0,0,0,0,0,0,0,0,0,0,0.045257568359375,-0.004302978515625,0,0,0,0,0,0,0,0,Object notstarted,Object notstarted,Object notstarted,Object notstarted,Object notstarted,Object notstarted,Object notstarted,Object notstarted,Object notstarted
2024-03-18 10:30:38,466.466,__main___datalogs,INFO,JoyConState.NORMAL,0.000000,0.000000,0.000000,0.091547,0.002289,0.004577,0.020598,0.000000,0.000000,0.000000,0.000000,0,0,0,0,0,0,0,0,0,0,0,0.045257568359375,-0.004302978515625,0,0,0,0,0,0,0,0,Object notstarted,Object notstarted,Object notstarted,Object notstarted,Object notstarted,Object notstarted,Object notstarted,Object notstarted,Object notstarted
2024-03-18 10:30:38,522.522,__main___datalogs,INFO,JoyConState.NORMAL,0.000000,0.000000,0.000000,0.096125,0.006866,0.011443,0.025176,0.000000,0.000000,0.000000,0.000000,0,0,0,0,0,0,0,0,0,0,0,0.045257568359375,-0.004302978515625,0,0,0,0,0,0,0,0,Object notstarted,Object notstarted,Object notstarted,Object notstarted,Object notstarted,Object notstarted,Object notstarted,Object notstarted,Object notstarted
2024-03-18 10:30:38,578.578,__main___datalogs,INFO,JoyConState.NORMAL,0.000000,0.000000,0.000000,0.096125,0.006866,0.011443,0.025176,0.000000,0.000000,0.000000,0.000000,0,0,0,0,0,0,0,0,0,0,0,0.045257568359375,-0.004302978515625,0,0,0,0,0,0,0,0,Object notstarted,Object notstarted,Object notstarted,Object notstarted,Object notstarted,Object notstarted,Object notstarted,Object notstarted,Object notstarted
2024-03-18 10:30:38,633.633,__main___datalogs,INFO,JoyConState.NORMAL,0.000000,0.000000,0.000000,0.096125,0.002289,0.004577,0.025176,0.000000,0.000000,0.000000,0.000000,0,0,0,0,0,0,0,0,0,0,0,0.045257568359375,-0.004302978515625,0,0,0,0,0,0,0,0,Object notstarted,Object notstarted,Object notstarted,Object notstarted,Object notstarted,Object notstarted,Object notstarted,Object notstarted,Object notstarted
2024-03-18 10:30:38,690.690,__main___datalogs,INFO,JoyConState.NORMAL,0.000000,0.000000,0.000000,0.098413,0.006866,0.011443,0.025176,0.000000,0.000000,0.000000,0.000000,0,0,0,0,0,0,0,0,0,0,0,0.045257568359375,-0.004302978515625,0,0,0,0,0,0,0,0,Object notstarted,Object notstarted,Object notstarted,Object notstarted,Object notstarted,Object notstarted,Object notstarted,Object notstarted,Object notstarted
2024-03-18 10:30:38,745.745,__main___datalogs,INFO,JoyConState.NORMAL,0.000000,0.000000,0.000000,0.096125,0.002289,0.011443,0.025176,0.000000,0.000000,0.000000,0.000000,0,0,0,0,0,0,0,0,0,0,0,0.045257568359375,-0.004302978515625,0,0,0,0,0,0,0,0,Object notstarted,Object notstarted,Object notstarted,Object notstarted,Object notstarted,Object notstarted,Object notstarted,Object notstarted,Object notstarted
2024-03-18 10:30:38,802.802,__main___datalogs,INFO,JoyConState.NORMAL,0.000000,0.000000,0.000000,0.098413,-0.002289,0.011443,0.016021,0.000000,0.000000,0.000000,0.000000,0,0,0,0,0,0,0,0,0,0,0,0.045257568359375,-0.004302978515625,0,0,0,0,0,0,0,0,Object notstarted,Object notstarted,Object notstarted,Object notstarted,Object notstarted,Object notstarted,Object notstarted,Object notstarted,Object notstarted
2024-03-18 10:30:38,857.857,__main___datalogs,INFO,JoyConState.NORMAL,0.000000,0.000000,0.000000,0.098413,0.006866,0.011443,0.020598,0.000000,0.000000,0.000000,0.000000,0,0,0,0,0,0,0,0,0,0,0,0.045257568359375,-0.004302978515625,0,0,0,0,0,0,0,0,Object notstarted,Object notstarted,Object notstarted,Object notstarted,Object notstarted,Object notstarted,Object notstarted,Object notstarted,Object notstarted
2024-03-18 10:30:38,913.913,__main___datalogs,INFO,JoyConState.NORMAL,0.000000,0.000000,0.000000,0.096125,0.006866,0.004577,0.020598,0.000000,0.000000,0.000000,0.000000,0,0,0,0,0,0,0,0,0,0,0,0.045257568359375,-0.004302978515625,0,0,0,0,0,0,0,0,Object notstarted,Object notstarted,Object notstarted,Object notstarted,Object notstarted,Object notstarted,Object notstarted,Object notstarted,Object notstarted
2024-03-18 10:30:38,968.968,__main___datalogs,INFO,JoyConState.NORMAL,0.000000,0.000000,0.000000,0.091547,0.009155,0.011443,0.025176,0.000000,0.000000,0.000000,0.000000,0,0,0,0,0,0,0,0,0,0,0,0.045257568359375,-0.004302978515625,0,0,0,0,0,0,0,0,Object notstarted,Object notstarted,Object notstarted,Object notstarted,Object notstarted,Object notstarted,Object notstarted,Object notstarted,Object notstarted
2024-03-18 10:30:39,025.025,__main___datalogs,INFO,JoyConState.NORMAL,0.000000,0.000000,0.000000,0.091547,0.009155,0.004577,0.025176,0.000000,0.000000,0.000000,0.000000,0,0,0,0,0,0,0,0,0,0,0,0.045257568359375,-0.004302978515625,0,0,0,0,0,0,0,0,Object notstarted,Object notstarted,Object notstarted,Object notstarted,Object notstarted,Object notstarted,Object notstarted,Object notstarted,Object notstarted
2024-03-18 10:30:39,081.081,__main___datalogs,INFO,JoyConState.NORMAL,0.000000,0.000000,0.000000,0.096125,0.006866,0.004577,0.025176,0.000000,0.000000,0.000000,0.000000,0,0,0,0,0,0,0,0,0,0,0,0.045257568359375,-0.004302978515625,0,0,0,0,0,0,0,0,Object notstarted,Object notstarted,Object notstarted,Object notstarted,Object notstarted,Object notstarted,Object notstarted,Object notstarted,Object notstarted
2024-03-18 10:30:39,153.153,__main___datalogs,INFO,JoyConState.NORMAL,0.000000,0.000000,0.000000,0.091547,0.002289,0.011443,0.025176,0.000000,0.000000,0.000000,0.000000,0,0,0,0,0,0,0,0,0,0,0,0.045257568359375,-0.004302978515625,0,0,0,0,0,0,0,0,Object notstarted,Object notstarted,Object notstarted,Object notstarted,Object notstarted,Object notstarted,Object notstarted,Object notstarted,Object notstarted
2024-03-18 10:30:39,229.229,__main___datalogs,INFO,JoyConState.NORMAL,0.000000,0.000000,0.000000,0.091547,0.002289,0.011443,0.025176,0.000000,0.000000,0.000000,0.000000,0,0,0,0,0,0,0,0,0,0,0,0.045257568359375,-0.004302978515625,0,0,0,0,0,0,0,0,Object notstarted,Object notstarted,Object notstarted,Object notstarted,Object notstarted,Object notstarted,Object notstarted,Object notstarted,Object notstarted
2024-03-18 10:30:39,285.285,__main___datalogs,INFO,JoyConState.NORMAL,0.000000,0.000000,0.000000,0.096125,0.006866,0.004577,0.025176,0.000000,0.000000,0.000000,0.000000,0,0,0,0,0,0,0,0,0,0,0,0.045257568359375,-0.004302978515625,0,0,0,0,0,0,0,0,Object notstarted,Object notstarted,Object notstarted,Object notstarted,Object notstarted,Object notstarted,Object notstarted,Object notstarted,Object notstarted
2024-03-18 10:30:39,341.341,__main___datalogs,INFO,JoyConState.NORMAL,0.000000,0.000000,0.000000,0.096125,0.006866,0.011443,0.025176,0.000000,0.000000,0.000000,0.000000,0,0,0,0,0,0,0,0,0,0,0,0.045257568359375,-0.004302978515625,0,0,0,0,0,0,0,0,Object notstarted,Object notstarted,Object notstarted,Object notstarted,Object notstarted,Object notstarted,Object notstarted,Object notstarted,Object notstarted
2024-03-18 10:30:39,397.397,__main___datalogs,INFO,JoyConState.NORMAL,0.000000,0.000000,0.000000,0.096125,0.006866,0.004577,0.025176,0.000000,0.000000,0.000000,0.000000,0,0,0,0,0,0,0,0,0,0,0,0.045257568359375,-0.004302978515625,0,0,0,0,0,0,0,0,Object notstarted,Object notstarted,Object notstarted,Object notstarted,Object notstarted,Object notstarted,Object notstarted,Object notstarted,Object notstarted
2024-03-18 10:30:39,453.453,__main___datalogs,INFO,JoyConState.NORMAL,0.000000,0.000000,0.000000,0.091547,0.006866,0.011443,0.025176,0.000000,0.000000,0.000000,0.000000,0,0,0,0,0,0,0,0,0,0,0,0.045257568359375,-0.004302978515625,0,0,0,0,0,0,0,0,Object notstarted,Object notstarted,Object notstarted,Object notstarted,Object notstarted,Object notstarted,Object notstarted,Object notstarted,Object notstarted
2024-03-18 10:30:39,508.508,__main___datalogs,INFO,JoyConState.NORMAL,0.000000,0.000000,0.000000,0.091547,0.006866,0.011443,0.025176,0.000000,0.000000,0.000000,0.000000,0,0,0,0,0,0,0,0,0,0,0,0.045257568359375,-0.004302978515625,0,0,0,0,0,0,0,0,Object notstarted,Object notstarted,Object notstarted,Object notstarted,Object notstarted,Object notstarted,Object notstarted,Object notstarted,Object notstarted
2024-03-18 10:30:39,564.564,__main___datalogs,INFO,JoyConState.NORMAL,0.000000,0.000000,0.000000,0.096125,0.006866,0.004577,0.020598,0.000000,0.000000,0.000000,0.000000,0,0,0,0,0,0,0,0,0,0,0,0.045257568359375,-0.004302978515625,0,0,0,0,0,0,0,0,Object notstarted,Object notstarted,Object notstarted,Object notstarted,Object notstarted,Object notstarted,Object notstarted,Object notstarted,Object notstarted
2024-03-18 10:30:39,620.620,__main___datalogs,INFO,JoyConState.NORMAL,0.000000,0.000000,0.000000,0.096125,0.006866,0.011443,0.020598,0.000000,0.000000,0.000000,0.000000,0,0,0,0,0,0,0,0,0,0,0,0.045257568359375,-0.004302978515625,0,0,0,0,0,0,0,0,Object notstarted,Object notstarted,Object notstarted,Object notstarted,Object notstarted,Object notstarted,Object notstarted,Object notstarted,Object notstarted
2024-03-18 10:30:39,676.676,__main___datalogs,INFO,JoyConState.NORMAL,0.000000,0.000000,0.000000,0.091547,0.006866,0.004577,0.025176,0.000000,0.000000,0.000000,0.000000,0,0,0,0,0,0,0,0,0,0,0,0.045257568359375,-0.004302978515625,0,0,0,0,0,0,0,0,Object notstarted,Object notstarted,Object notstarted,Object notstarted,Object notstarted,Object notstarted,Object notstarted,Object notstarted,Object notstarted
2024-03-18 10:30:39,732.732,__main___datalogs,INFO,JoyConState.NORMAL,0.000000,0.000000,0.000000,0.091547,0.006866,0.011443,0.020598,0.000000,0.000000,0.000000,0.000000,0,0,0,0,0,0,0,0,0,0,0,0.045257568359375,-0.004302978515625,0,0,0,0,0,0,0,0,Object notstarted,Object notstarted,Object notstarted,Object notstarted,Object notstarted,Object notstarted,Object notstarted,Object notstarted,Object notstarted
2024-03-18 10:30:39,788.788,__main___datalogs,INFO,JoyConState.NORMAL,0.000000,0.000000,0.000000,0.096125,0.006866,0.011443,0.020598,0.000000,0.000000,0.000000,0.000000,0,0,0,0,0,0,0,0,0,0,0,0.045257568359375,-0.004302978515625,0,0,0,0,0,0,0,0,Object notstarted,Object notstarted,Object notstarted,Object notstarted,Object notstarted,Object notstarted,Object notstarted,Object notstarted,Object notstarted
2024-03-18 10:30:39,844.844,__main___datalogs,INFO,JoyConState.NORMAL,0.000000,0.000000,0.000000,0.091547,0.006866,0.011443,0.020598,0.000000,0.000000,0.000000,0.000000,0,0,0,0,0,0,0,0,0,0,0,0.045257568359375,-0.004302978515625,0,0,0,0,0,0,0,0,Object notstarted,Object notstarted,Object notstarted,Object notstarted,Object notstarted,Object notstarted,Object notstarted,Object notstarted,Object notstarted
2024-03-18 10:30:39,899.899,__main___datalogs,INFO,JoyConState.NORMAL,0.000000,0.000000,0.000000,0.096125,0.006866,0.011443,0.020598,0.000000,0.000000,0.000000,0.000000,0,0,0,0,0,0,0,0,0,0,0,0.045257568359375,-0.004302978515625,0,0,0,0,0,0,0,0,Object notstarted,Object notstarted,Object notstarted,Object notstarted,Object notstarted,Object notstarted,Object notstarted,Object notstarted,Object notstarted
2024-03-18 10:30:39,956.956,__main___datalogs,INFO,JoyConState.NORMAL,0.000000,0.000000,0.000000,0.096125,0.009155,0.011443,0.025176,0.000000,0.000000,0.000000,0.000000,0,0,0,0,0,0,0,0,0,0,0,0.045257568359375,-0.004302978515625,0,0,0,0,0,0,0,0,Object notstarted,Object notstarted,Object notstarted,Object notstarted,Object notstarted,Object notstarted,Object notstarted,Object notstarted,Object notstarted
2024-03-18 10:30:40,011.011,__main___datalogs,INFO,JoyConState.NORMAL,0.000000,0.000000,0.000000,0.096125,0.006866,0.011443,0.020598,0.000000,0.000000,0.000000,0.000000,0,0,0,0,0,0,0,0,0,0,0,0.045257568359375,-0.004302978515625,0,0,0,0,0,0,0,0,Object notstarted,Object notstarted,Object notstarted,Object notstarted,Object notstarted,Object notstarted,Object notstarted,Object notstarted,Object notstarted
2024-03-18 10:30:40,067.067,__main___datalogs,INFO,JoyConState.NORMAL,0.000000,0.000000,0.000000,0.096125,0.002289,0.004577,0.020598,0.000000,0.000000,0.000000,0.000000,0,0,0,0,0,0,0,0,0,0,0,0.045257568359375,-0.004302978515625,0,0,0,0,0,0,0,0,Object notstarted,Object notstarted,Object notstarted,Object notstarted,Object notstarted,Object notstarted,Object notstarted,Object notstarted,Object notstarted
2024-03-18 10:30:40,122.122,__main___datalogs,INFO,JoyConState.NORMAL,0.000000,0.000000,0.000000,0.091547,0.002289,0.004577,0.025176,0.000000,0.000000,0.000000,0.000000,0,0,0,0,0,0,0,0,0,0,0,0.045257568359375,-0.004302978515625,0,0,0,0,0,0,0,0,Object notstarted,Object notstarted,Object notstarted,Object notstarted,Object notstarted,Object notstarted,Object notstarted,Object notstarted,Object notstarted
2024-03-18 10:30:40,194.194,__main___datalogs,INFO,JoyConState.NORMAL,0.000000,0.000000,0.000000,0.091547,0.006866,0.004577,0.020598,0.000000,0.000000,0.000000,0.000000,0,0,0,0,0,0,0,0,0,0,0,0.045257568359375,-0.004302978515625,0,0,0,0,0,0,0,0,Object notstarted,Object notstarted,Object notstarted,Object notstarted,Object notstarted,Object notstarted,Object notstarted,Object notstarted,Object notstarted
2024-03-18 10:30:40,268.268,__main___datalogs,INFO,JoyConState.NORMAL,0.000000,0.000000,0.000000,0.098413,0.002289,0.011443,0.020598,0.000000,0.000000,0.000000,0.000000,0,0,0,0,0,0,0,0,0,0,0,0.045257568359375,-0.004302978515625,0,0,0,0,0,0,0,0,Object notstarted,Object notstarted,Object notstarted,Object notstarted,Object notstarted,Object notstarted,Object notstarted,Object notstarted,Object notstarted
2024-03-18 10:30:40,324.324,__main___datalogs,INFO,JoyConState.NORMAL,0.000000,0.000000,0.000000,0.091547,0.002289,0.004577,0.025176,0.000000,0.000000,0.000000,0.000000,0,0,0,0,0,0,0,0,0,0,0,0.045257568359375,-0.004302978515625,0,0,0,0,0,0,0,0,Object notstarted,Object notstarted,Object notstarted,Object notstarted,Object notstarted,Object notstarted,Object notstarted,Object notstarted,Object notstarted
2024-03-18 10:30:40,380.380,__main___datalogs,INFO,JoyConState.NORMAL,0.000000,0.000000,0.000000,0.096125,0.002289,0.004577,0.025176,0.000000,0.000000,0.000000,0.000000,0,0,0,0,0,0,0,0,0,0,0,0.045257568359375,-0.004302978515625,0,0,0,0,0,0,0,0,Object notstarted,Object notstarted,Object notstarted,Object notstarted,Object notstarted,Object notstarted,Object notstarted,Object notstarted,Object notstarted
2024-03-18 10:30:40,436.436,__main___datalogs,INFO,JoyConState.NORMAL,0.000000,0.000000,0.000000,0.096125,0.002289,0.011443,0.020598,0.000000,0.000000,0.000000,0.000000,0,0,0,0,0,0,0,0,0,0,0,0.045257568359375,-0.004302978515625,0,0,0,0,0,0,0,0,Object notstarted,Object notstarted,Object notstarted,Object notstarted,Object notstarted,Object notstarted,Object notstarted,Object notstarted,Object notstarted
2024-03-18 10:30:40,491.491,__main___datalogs,INFO,JoyConState.NORMAL,0.000000,0.000000,0.000000,0.091547,0.002289,0.011443,0.020598,0.000000,0.000000,0.000000,0.000000,0,0,0,0,0,0,0,0,0,0,0,0.045257568359375,-0.004302978515625,0,0,0,0,0,0,0,0,Object notstarted,Object notstarted,Object notstarted,Object notstarted,Object notstarted,Object notstarted,Object notstarted,Object notstarted,Object notstarted
2024-03-18 10:30:40,548.548,__main___datalogs,INFO,JoyConState.NORMAL,0.000000,0.000000,0.000000,0.098413,0.002289,0.011443,0.020598,0.000000,0.000000,0.000000,0.000000,0,0,0,0,0,0,0,0,0,0,0,0.045257568359375,-0.004302978515625,0,0,0,0,0,0,0,0,Object notstarted,Object notstarted,Object notstarted,Object notstarted,Object notstarted,Object notstarted,Object notstarted,Object notstarted,Object notstarted
2024-03-18 10:30:40,602.602,__main___datalogs,INFO,JoyConState.NORMAL,0.000000,0.000000,0.000000,0.096125,0.002289,0.011443,0.025176,0.000000,0.000000,0.000000,0.000000,0,0,0,0,0,0,0,0,0,0,0,0.045257568359375,-0.004302978515625,0,0,0,0,0,0,0,0,Object notstarted,Object notstarted,Object notstarted,Object notstarted,Object notstarted,Object notstarted,Object notstarted,Object notstarted,Object notstarted
2024-03-18 10:30:40,659.659,__main___datalogs,INFO,JoyConState.NORMAL,0.000000,0.000000,0.000000,0.091547,0.002289,0.004577,0.020598,0.000000,0.000000,0.000000,0.000000,0,0,0,0,0,0,0,0,0,0,0,0.045257568359375,-0.004302978515625,0,0,0,0,0,0,0,0,Object notstarted,Object notstarted,Object notstarted,Object notstarted,Object notstarted,Object notstarted,Object notstarted,Object notstarted,Object notstarted
2024-03-18 10:30:40,715.715,__main___datalogs,INFO,JoyConState.NORMAL,0.000000,0.000000,0.000000,0.091547,0.006866,0.011443,0.025176,0.000000,0.000000,0.000000,0.000000,0,0,0,0,0,0,0,0,0,0,0,0.045257568359375,-0.004302978515625,0,0,0,0,0,0,0,0,Object notstarted,Object notstarted,Object notstarted,Object notstarted,Object notstarted,Object notstarted,Object notstarted,Object notstarted,Object notstarted
2024-03-18 10:30:40,771.771,__main___datalogs,INFO,JoyConState.NORMAL,0.000000,0.000000,0.000000,0.091547,0.002289,0.011443,0.025176,0.000000,0.000000,0.000000,0.000000,0,0,0,0,0,0,0,0,0,0,0,0.045257568359375,-0.004302978515625,0,0,0,0,0,0,0,0,Object notstarted,Object notstarted,Object notstarted,Object notstarted,Object notstarted,Object notstarted,Object notstarted,Object notstarted,Object notstarted
2024-03-18 10:30:40,826.826,__main___datalogs,INFO,JoyConState.NORMAL,0.000000,0.000000,0.000000,0.098413,0.009155,0.011443,0.025176,0.000000,0.000000,0.000000,0.000000,0,0,0,0,0,0,0,0,0,0,0,0.045257568359375,-0.004302978515625,0,0,0,0,0,0,0,0,Object notstarted,Object notstarted,Object notstarted,Object notstarted,Object notstarted,Object notstarted,Object notstarted,Object notstarted,Object notstarted
2024-03-18 10:30:40,883.883,__main___datalogs,INFO,JoyConState.NORMAL,0.000000,0.000000,0.000000,0.096125,0.002289,0.011443,0.027464,0.000000,0.000000,0.000000,0.000000,0,0,0,0,0,0,0,0,0,0,0,0.045257568359375,-0.004302978515625,0,0,0,0,0,0,0,0,Object notstarted,Object notstarted,Object notstarted,Object notstarted,Object notstarted,Object notstarted,Object notstarted,Object notstarted,Object notstarted
2024-03-18 10:30:40,938.938,__main___datalogs,INFO,JoyConState.NORMAL,0.000000,0.000000,0.000000,0.096125,0.006866,0.011443,0.025176,0.000000,0.000000,0.000000,0.000000,0,0,0,0,0,0,0,0,0,0,0,0.045257568359375,-0.004302978515625,0,0,0,0,0,0,0,0,Object notstarted,Object notstarted,Object notstarted,Object notstarted,Object notstarted,Object notstarted,Object notstarted,Object notstarted,Object notstarted
2024-03-18 10:30:40,995.995,__main___datalogs,INFO,JoyConState.NORMAL,0.000000,0.000000,0.000000,0.096125,0.006866,0.011443,0.025176,0.000000,0.000000,0.000000,0.000000,0,0,0,0,0,0,0,0,0,0,0,0.045257568359375,-0.004302978515625,0,0,0,0,0,0,0,0,Object notstarted,Object notstarted,Object notstarted,Object notstarted,Object notstarted,Object notstarted,Object notstarted,Object notstarted,Object notstarted
2024-03-18 10:30:41,050.050,__main___datalogs,INFO,JoyConState.NORMAL,0.000000,0.000000,0.000000,0.096125,0.002289,0.011443,0.025176,0.000000,0.000000,0.000000,0.000000,0,0,0,0,0,0,0,0,0,0,0,0.045257568359375,-0.004302978515625,0,0,0,0,0,0,0,0,Object notstarted,Object notstarted,Object notstarted,Object notstarted,Object notstarted,Object notstarted,Object notstarted,Object notstarted,Object notstarted
2024-03-18 10:30:41,106.106,__main___datalogs,INFO,JoyConState.NORMAL,0.000000,0.000000,0.000000,0.096125,0.006866,0.011443,0.025176,0.000000,0.000000,0.000000,0.000000,0,0,0,0,0,0,0,0,0,0,0,0.045257568359375,-0.004302978515625,0,0,0,0,0,0,0,0,Object notstarted,Object notstarted,Object notstarted,Object notstarted,Object notstarted,Object notstarted,Object notstarted,Object notstarted,Object notstarted
2024-03-18 10:30:41,162.162,__main___datalogs,INFO,JoyConState.NORMAL,0.000000,0.000000,0.000000,0.096125,0.009155,0.011443,0.025176,0.000000,0.000000,0.000000,0.000000,0,0,0,0,0,0,0,0,0,0,0,0.045257568359375,-0.004302978515625,0,0,0,0,0,0,0,0,Object notstarted,Object notstarted,Object notstarted,Object notstarted,Object notstarted,Object notstarted,Object notstarted,Object notstarted,Object notstarted
2024-03-18 10:30:41,218.218,__main___datalogs,INFO,JoyConState.NORMAL,0.000000,0.000000,0.000000,0.096125,0.006866,0.011443,0.025176,0.000000,0.000000,0.000000,0.000000,0,0,0,0,0,0,0,0,0,0,0,0.045257568359375,-0.004302978515625,0,0,0,0,0,0,0,0,Object notstarted,Object notstarted,Object notstarted,Object notstarted,Object notstarted,Object notstarted,Object notstarted,Object notstarted,Object notstarted
2024-03-18 10:30:41,297.297,__main___datalogs,INFO,JoyConState.NORMAL,0.000000,0.000000,0.000000,0.091547,0.006866,0.011443,0.025176,0.000000,0.000000,0.000000,0.000000,0,0,0,0,0,0,0,0,0,0,0,0.045257568359375,-0.004302978515625,0,0,0,0,0,0,0,0,Object notstarted,Object notstarted,Object notstarted,Object notstarted,Object notstarted,Object notstarted,Object notstarted,Object notstarted,Object notstarted
2024-03-18 10:30:41,353.353,__main___datalogs,INFO,JoyConState.NORMAL,0.000000,0.000000,0.000000,0.091547,0.006866,0.011443,0.025176,0.000000,0.000000,0.000000,0.000000,0,0,0,0,0,0,0,0,0,0,0,0.045257568359375,-0.004302978515625,0,0,0,0,0,0,0,0,Object notstarted,Object notstarted,Object notstarted,Object notstarted,Object notstarted,Object notstarted,Object notstarted,Object notstarted,Object notstarted
2024-03-18 10:30:41,409.409,__main___datalogs,INFO,JoyConState.NORMAL,0.000000,0.000000,0.000000,0.091547,0.006866,0.004577,0.025176,0.000000,0.000000,0.000000,0.000000,0,0,0,0,0,0,0,0,0,0,0,0.045257568359375,-0.004302978515625,0,0,0,0,0,0,0,0,Object notstarted,Object notstarted,Object notstarted,Object notstarted,Object notstarted,Object notstarted,Object notstarted,Object notstarted,Object notstarted
2024-03-18 10:30:41,465.465,__main___datalogs,INFO,JoyConState.NORMAL,0.000000,0.000000,0.000000,0.096125,-0.002289,0.011443,0.016021,0.000000,0.000000,0.000000,0.000000,0,0,0,0,0,0,0,0,0,0,0,0.045257568359375,-0.004302978515625,0,0,0,0,0,0,0,0,Object notstarted,Object notstarted,Object notstarted,Object notstarted,Object notstarted,Object notstarted,Object notstarted,Object notstarted,Object notstarted
2024-03-18 10:30:41,521.521,__main___datalogs,INFO,JoyConState.NORMAL,0.000000,0.000000,0.000000,0.096125,0.002289,0.011443,0.016021,0.000000,0.000000,0.000000,0.000000,0,0,0,0,0,0,0,0,0,0,0,0.045257568359375,-0.004302978515625,0,0,0,0,0,0,0,0,Object notstarted,Object notstarted,Object notstarted,Object notstarted,Object notstarted,Object notstarted,Object notstarted,Object notstarted,Object notstarted
2024-03-18 10:30:41,577.577,__main___datalogs,INFO,JoyConState.NORMAL,0.000000,0.000000,0.000000,0.096125,0.002289,0.011443,0.025176,0.000000,0.000000,0.000000,0.000000,0,0,0,0,0,0,0,0,0,0,0,0.045257568359375,-0.004302978515625,0,0,0,0,0,0,0,0,Object notstarted,Object notstarted,Object notstarted,Object notstarted,Object notstarted,Object notstarted,Object notstarted,Object notstarted,Object notstarted
2024-03-18 10:30:41,633.633,__main___datalogs,INFO,JoyConState.NORMAL,0.000000,0.000000,0.000000,0.096125,0.006866,0.011443,0.020598,0.000000,0.000000,0.000000,0.000000,0,0,0,0,0,0,0,0,0,0,0,0.045257568359375,-0.004302978515625,0,0,0,0,0,0,0,0,Object notstarted,Object notstarted,Object notstarted,Object notstarted,Object notstarted,Object notstarted,Object notstarted,Object notstarted,Object notstarted
2024-03-18 10:30:41,690.690,__main___datalogs,INFO,JoyConState.NORMAL,0.000000,0.000000,0.000000,0.098413,0.006866,0.011443,0.025176,0.000000,0.000000,0.000000,0.000000,0,0,0,0,0,0,0,0,0,0,0,0.045257568359375,-0.004302978515625,0,0,0,0,0,0,0,0,Object notstarted,Object notstarted,Object notstarted,Object notstarted,Object notstarted,Object notstarted,Object notstarted,Object notstarted,Object notstarted
2024-03-18 10:30:41,744.744,__main___datalogs,INFO,JoyConState.NORMAL,0.000000,0.000000,0.000000,0.091547,0.002289,0.011443,0.025176,0.000000,0.000000,0.000000,0.000000,0,0,0,0,0,0,0,0,0,0,0,0.045257568359375,-0.004302978515625,0,0,0,0,0,0,0,0,Object notstarted,Object notstarted,Object notstarted,Object notstarted,Object notstarted,Object notstarted,Object notstarted,Object notstarted,Object notstarted
2024-03-18 10:30:41,802.802,__main___datalogs,INFO,JoyConState.NORMAL,0.000000,0.000000,0.000000,0.091547,0.002289,0.004577,0.025176,0.000000,0.000000,0.000000,0.000000,0,0,0,0,0,0,0,0,0,0,0,0.045257568359375,-0.004302978515625,0,0,0,0,0,0,0,0,Object notstarted,Object notstarted,Object notstarted,Object notstarted,Object notstarted,Object notstarted,Object notstarted,Object notstarted,Object notstarted
2024-03-18 10:30:41,856.856,__main___datalogs,INFO,JoyConState.NORMAL,0.000000,0.000000,0.000000,0.091547,0.002289,0.004577,0.020598,0.000000,0.000000,0.000000,0.000000,0,0,0,0,0,0,0,0,0,0,0,0.045257568359375,-0.004302978515625,0,0,0,0,0,0,0,0,Object notstarted,Object notstarted,Object notstarted,Object notstarted,Object notstarted,Object notstarted,Object notstarted,Object notstarted,Object notstarted
2024-03-18 10:30:41,914.914,__main___datalogs,INFO,JoyConState.NORMAL,0.000000,0.000000,0.000000,0.096125,0.002289,0.011443,0.020598,0.000000,0.000000,0.000000,0.000000,0,0,0,0,0,0,0,0,0,0,0,0.045257568359375,-0.004302978515625,0,0,0,0,0,0,0,0,Object notstarted,Object notstarted,Object notstarted,Object notstarted,Object notstarted,Object notstarted,Object notstarted,Object notstarted,Object notstarted
2024-03-18 10:30:41,969.969,__main___datalogs,INFO,JoyConState.NORMAL,0.000000,0.000000,0.000000,0.096125,0.006866,0.011443,0.025176,0.000000,0.000000,0.000000,0.000000,0,0,0,0,0,0,0,0,0,0,0,0.045257568359375,-0.004302978515625,0,0,0,0,0,0,0,0,Object notstarted,Object notstarted,Object notstarted,Object notstarted,Object notstarted,Object notstarted,Object notstarted,Object notstarted,Object notstarted
2024-03-18 10:30:42,025.025,__main___datalogs,INFO,JoyConState.NORMAL,0.000000,0.000000,0.000000,0.096125,0.006866,0.004577,0.025176,0.000000,0.000000,0.000000,0.000000,0,0,0,0,0,0,0,0,0,0,0,0.045257568359375,-0.004302978515625,0,0,0,0,0,0,0,0,Object notstarted,Object notstarted,Object notstarted,Object notstarted,Object notstarted,Object notstarted,Object notstarted,Object notstarted,Object notstarted
2024-03-18 10:30:42,080.080,__main___datalogs,INFO,JoyConState.NORMAL,0.000000,0.000000,0.000000,0.096125,0.006866,0.004577,0.020598,0.000000,0.000000,0.000000,0.000000,0,0,0,0,0,0,0,0,0,0,0,0.045257568359375,-0.004302978515625,0,0,0,0,0,0,0,0,Object notstarted,Object notstarted,Object notstarted,Object notstarted,Object notstarted,Object notstarted,Object notstarted,Object notstarted,Object notstarted
2024-03-18 10:30:42,136.136,__main___datalogs,INFO,JoyConState.NORMAL,0.000000,0.000000,0.000000,0.091547,0.006866,0.004577,0.020598,0.000000,0.000000,0.000000,0.000000,0,0,0,0,0,0,0,0,0,0,0,0.045257568359375,-0.004302978515625,0,0,0,0,0,0,0,0,Object notstarted,Object notstarted,Object notstarted,Object notstarted,Object notstarted,Object notstarted,Object notstarted,Object notstarted,Object notstarted
2024-03-18 10:30:42,192.192,__main___datalogs,INFO,JoyConState.NORMAL,0.000000,0.000000,0.000000,0.096125,0.006866,0.011443,0.020598,0.000000,0.000000,0.000000,0.000000,0,0,0,0,0,0,0,0,0,0,0,0.045257568359375,-0.004302978515625,0,0,0,0,0,0,0,0,Object notstarted,Object notstarted,Object notstarted,Object notstarted,Object notstarted,Object notstarted,Object notstarted,Object notstarted,Object notstarted
2024-03-18 10:30:42,249.249,__main___datalogs,INFO,JoyConState.NORMAL,0.000000,0.000000,0.000000,0.091547,0.002289,0.011443,0.020598,0.000000,0.000000,0.000000,0.000000,0,0,0,0,0,0,0,0,0,0,0,0.045257568359375,-0.004302978515625,0,0,0,0,0,0,0,0,Object notstarted,Object notstarted,Object notstarted,Object notstarted,Object notstarted,Object notstarted,Object notstarted,Object notstarted,Object notstarted
2024-03-18 10:30:42,320.320,__main___datalogs,INFO,JoyConState.NORMAL,0.000000,0.000000,0.000000,0.096125,0.002289,0.011443,0.016021,0.000000,0.000000,0.000000,0.000000,0,0,0,0,0,0,0,0,0,0,0,0.045257568359375,-0.004302978515625,0,0,0,0,0,0,0,0,Object notstarted,Object notstarted,Object notstarted,Object notstarted,Object notstarted,Object notstarted,Object notstarted,Object notstarted,Object notstarted
2024-03-18 10:30:42,385.385,__main___datalogs,INFO,JoyConState.NORMAL,0.000000,0.000000,0.000000,0.096125,0.002289,0.004577,0.025176,0.000000,0.000000,0.000000,0.000000,0,0,0,0,0,0,0,0,0,0,0,0.045257568359375,-0.004302978515625,0,0,0,0,0,0,0,0,Object notstarted,Object notstarted,Object notstarted,Object notstarted,Object notstarted,Object notstarted,Object notstarted,Object notstarted,Object notstarted
2024-03-18 10:30:42,440.440,__main___datalogs,INFO,JoyConState.NORMAL,0.000000,0.000000,0.000000,0.091547,0.002289,0.004577,0.025176,0.000000,0.000000,0.000000,0.000000,0,0,0,0,0,0,0,0,0,0,0,0.045257568359375,-0.004302978515625,0,0,0,0,0,0,0,0,Object notstarted,Object notstarted,Object notstarted,Object notstarted,Object notstarted,Object notstarted,Object notstarted,Object notstarted,Object notstarted
2024-03-18 10:30:42,496.496,__main___datalogs,INFO,JoyConState.NORMAL,0.000000,0.000000,0.000000,0.091547,0.006866,0.011443,0.025176,0.000000,0.000000,0.000000,0.000000,0,0,0,0,0,0,0,0,0,0,0,0.045257568359375,-0.004302978515625,0,0,0,0,0,0,0,0,Object notstarted,Object notstarted,Object notstarted,Object notstarted,Object notstarted,Object notstarted,Object notstarted,Object notstarted,Object notstarted
2024-03-18 10:30:42,552.552,__main___datalogs,INFO,JoyConState.NORMAL,0.000000,0.000000,0.000000,0.096125,0.006866,0.004577,0.027464,0.000000,0.000000,0.000000,0.000000,0,0,0,0,0,0,0,0,0,0,0,0.045257568359375,-0.004302978515625,0,0,0,0,0,0,0,0,Object notstarted,Object notstarted,Object notstarted,Object notstarted,Object notstarted,Object notstarted,Object notstarted,Object notstarted,Object notstarted
2024-03-18 10:30:42,609.609,__main___datalogs,INFO,JoyConState.NORMAL,0.000000,0.000000,0.000000,0.098413,0.006866,0.004577,0.025176,0.000000,0.000000,0.000000,0.000000,0,0,0,0,0,0,0,0,0,0,0,0.045257568359375,-0.004302978515625,0,0,0,0,0,0,0,0,Object notstarted,Object notstarted,Object notstarted,Object notstarted,Object notstarted,Object notstarted,Object notstarted,Object notstarted,Object notstarted
2024-03-18 10:30:42,664.664,__main___datalogs,INFO,JoyConState.NORMAL,0.000000,0.000000,0.000000,0.098413,0.006866,0.004577,0.020598,0.000000,0.000000,0.000000,0.000000,0,0,0,0,0,0,0,0,0,0,0,0.045257568359375,-0.004302978515625,0,0,0,0,0,0,0,0,Object notstarted,Object notstarted,Object notstarted,Object notstarted,Object notstarted,Object notstarted,Object notstarted,Object notstarted,Object notstarted
2024-03-18 10:30:42,720.720,__main___datalogs,INFO,JoyConState.NORMAL,0.000000,0.000000,0.000000,0.096125,0.006866,0.004577,0.020598,0.000000,0.000000,0.000000,0.000000,0,0,0,0,0,0,0,0,0,0,0,0.045257568359375,-0.004302978515625,0,0,0,0,0,0,0,0,Object notstarted,Object notstarted,Object notstarted,Object notstarted,Object notstarted,Object notstarted,Object notstarted,Object notstarted,Object notstarted
2024-03-18 10:30:42,776.776,__main___datalogs,INFO,JoyConState.NORMAL,0.000000,0.000000,0.000000,0.096125,0.002289,0.004577,0.025176,0.000000,0.000000,0.000000,0.000000,0,0,0,0,0,0,0,0,0,0,0,0.045257568359375,-0.004302978515625,0,0,0,0,0,0,0,0,Object notstarted,Object notstarted,Object notstarted,Object notstarted,Object notstarted,Object notstarted,Object notstarted,Object notstarted,Object notstarted
2024-03-18 10:30:42,832.832,__main___datalogs,INFO,JoyConState.NORMAL,0.000000,0.000000,0.000000,0.096125,0.002289,0.004577,0.025176,0.000000,0.000000,0.000000,0.000000,0,0,0,0,0,0,0,0,0,0,0,0.045257568359375,-0.004302978515625,0,0,0,0,0,0,0,0,Object notstarted,Object notstarted,Object notstarted,Object notstarted,Object notstarted,Object notstarted,Object notstarted,Object notstarted,Object notstarted
2024-03-18 10:30:42,888.888,__main___datalogs,INFO,JoyConState.NORMAL,0.000000,0.000000,0.000000,0.096125,0.006866,0.011443,0.020598,0.000000,0.000000,0.000000,0.000000,0,0,0,0,0,0,0,0,0,0,0,0.045257568359375,-0.004302978515625,0,0,0,0,0,0,0,0,Object notstarted,Object notstarted,Object notstarted,Object notstarted,Object notstarted,Object notstarted,Object notstarted,Object notstarted,Object notstarted
2024-03-18 10:30:42,944.944,__main___datalogs,INFO,JoyConState.NORMAL,0.000000,0.000000,0.000000,0.096125,0.006866,0.013732,0.025176,0.000000,0.000000,0.000000,0.000000,0,0,0,0,0,0,0,0,0,0,0,0.045257568359375,-0.004302978515625,0,0,0,0,0,0,0,0,Object notstarted,Object notstarted,Object notstarted,Object notstarted,Object notstarted,Object notstarted,Object notstarted,Object notstarted,Object notstarted
2024-03-18 10:30:42,998.998,__main___datalogs,INFO,JoyConState.NORMAL,0.000000,0.000000,0.000000,0.096125,0.006866,0.011443,0.027464,0.000000,0.000000,0.000000,0.000000,0,0,0,0,0,0,0,0,0,0,0,0.045257568359375,-0.004302978515625,0,0,0,0,0,0,0,0,Object notstarted,Object notstarted,Object notstarted,Object notstarted,Object notstarted,Object notstarted,Object notstarted,Object notstarted,Object notstarted
2024-03-18 10:30:43,055.055,__main___datalogs,INFO,JoyConState.NORMAL,0.000000,0.000000,0.000000,0.098413,0.002289,0.011443,0.027464,0.000000,0.000000,0.000000,0.000000,0,0,0,0,0,0,0,0,0,0,0,0.045257568359375,-0.004302978515625,0,0,0,0,0,0,0,0,Object notstarted,Object notstarted,Object notstarted,Object notstarted,Object notstarted,Object notstarted,Object notstarted,Object notstarted,Object notstarted
2024-03-18 10:30:43,110.110,__main___datalogs,INFO,JoyConState.NORMAL,0.000000,0.000000,0.000000,0.091547,0.002289,0.004577,0.025176,0.000000,0.000000,0.000000,0.000000,0,0,0,0,0,0,0,0,0,0,0,0.045257568359375,-0.004302978515625,0,0,0,0,0,0,0,0,Object notstarted,Object notstarted,Object notstarted,Object notstarted,Object notstarted,Object notstarted,Object notstarted,Object notstarted,Object notstarted
2024-03-18 10:30:43,167.167,__main___datalogs,INFO,JoyConState.NORMAL,0.000000,0.000000,0.000000,0.091547,0.002289,0.011443,0.020598,0.000000,0.000000,0.000000,0.000000,0,0,0,0,0,0,0,0,0,0,0,0.045257568359375,-0.004302978515625,0,0,0,0,0,0,0,0,Object notstarted,Object notstarted,Object notstarted,Object notstarted,Object notstarted,Object notstarted,Object notstarted,Object notstarted,Object notstarted
2024-03-18 10:30:43,222.222,__main___datalogs,INFO,JoyConState.NORMAL,0.000000,0.000000,0.000000,0.096125,0.002289,0.011443,0.020598,0.000000,0.000000,0.000000,0.000000,0,0,0,0,0,0,0,0,0,0,0,0.045257568359375,-0.004302978515625,0,0,0,0,0,0,0,0,Object notstarted,Object notstarted,Object notstarted,Object notstarted,Object notstarted,Object notstarted,Object notstarted,Object notstarted,Object notstarted
2024-03-18 10:30:43,278.278,__main___datalogs,INFO,JoyConState.NORMAL,0.000000,0.000000,0.000000,0.096125,0.002289,0.011443,0.020598,0.000000,0.000000,0.000000,0.000000,0,0,0,0,0,0,0,0,0,0,0,0.045257568359375,-0.004302978515625,0,0,0,0,0,0,0,0,Object notstarted,Object notstarted,Object notstarted,Object notstarted,Object notstarted,Object notstarted,Object notstarted,Object notstarted,Object notstarted
2024-03-18 10:30:43,334.334,__main___datalogs,INFO,JoyConState.NORMAL,0.000000,0.000000,0.000000,0.098413,0.002289,0.011443,0.025176,0.000000,0.000000,0.000000,0.000000,0,0,0,0,0,0,0,0,0,0,0,0.045257568359375,-0.004302978515625,0,0,0,0,0,0,0,0,Object notstarted,Object notstarted,Object notstarted,Object notstarted,Object notstarted,Object notstarted,Object notstarted,Object notstarted,Object notstarted
2024-03-18 10:30:43,406.406,__main___datalogs,INFO,JoyConState.NORMAL,0.000000,0.000000,0.000000,0.096125,0.002289,0.011443,0.020598,0.000000,0.000000,0.000000,0.000000,0,0,0,0,0,0,0,0,0,0,0,0.045257568359375,-0.004302978515625,0,0,0,0,0,0,0,0,Object notstarted,Object notstarted,Object notstarted,Object notstarted,Object notstarted,Object notstarted,Object notstarted,Object notstarted,Object notstarted
2024-03-18 10:30:43,482.482,__main___datalogs,INFO,JoyConState.NORMAL,0.000000,0.000000,0.000000,0.096125,0.002289,0.011443,0.020598,0.000000,0.000000,0.000000,0.000000,0,0,0,0,0,0,0,0,0,0,0,0.045257568359375,-0.004302978515625,0,0,0,0,0,0,0,0,Object notstarted,Object notstarted,Object notstarted,Object notstarted,Object notstarted,Object notstarted,Object notstarted,Object notstarted,Object notstarted
2024-03-18 10:30:43,539.539,__main___datalogs,INFO,JoyConState.NORMAL,0.000000,0.000000,0.000000,0.098413,0.002289,0.011443,0.025176,0.000000,0.000000,0.000000,0.000000,0,0,0,0,0,0,0,0,0,0,0,0.045257568359375,-0.004302978515625,0,0,0,0,0,0,0,0,Object notstarted,Object notstarted,Object notstarted,Object notstarted,Object notstarted,Object notstarted,Object notstarted,Object notstarted,Object notstarted
2024-03-18 10:30:43,595.595,__main___datalogs,INFO,JoyConState.NORMAL,0.000000,0.000000,0.000000,0.091547,0.009155,0.011443,0.020598,0.000000,0.000000,0.000000,0.000000,0,0,0,0,0,0,0,0,0,0,0,0.045257568359375,-0.004302978515625,0,0,0,0,0,0,0,0,Object notstarted,Object notstarted,Object notstarted,Object notstarted,Object notstarted,Object notstarted,Object notstarted,Object notstarted,Object notstarted
2024-03-18 10:30:43,651.651,__main___datalogs,INFO,JoyConState.NORMAL,0.000000,0.000000,0.000000,0.091547,0.002289,0.011443,0.020598,0.000000,0.000000,0.000000,0.000000,0,0,0,0,0,0,0,0,0,0,0,0.045257568359375,-0.004302978515625,0,0,0,0,0,0,0,0,Object notstarted,Object notstarted,Object notstarted,Object notstarted,Object notstarted,Object notstarted,Object notstarted,Object notstarted,Object notstarted
2024-03-18 10:30:43,706.706,__main___datalogs,INFO,JoyConState.NORMAL,0.000000,0.000000,0.000000,0.096125,0.006866,0.011443,0.025176,0.000000,0.000000,0.000000,0.000000,0,0,0,0,0,0,0,0,0,0,0,0.045257568359375,-0.004302978515625,0,0,0,0,0,0,0,0,Object notstarted,Object notstarted,Object notstarted,Object notstarted,Object notstarted,Object notstarted,Object notstarted,Object notstarted,Object notstarted
2024-03-18 10:30:43,763.763,__main___datalogs,INFO,JoyConState.NORMAL,0.000000,0.000000,0.000000,0.096125,0.006866,0.011443,0.020598,0.000000,0.000000,0.000000,0.000000,0,0,0,0,0,0,0,0,0,0,0,0.045257568359375,-0.004302978515625,0,0,0,0,0,0,0,0,Object notstarted,Object notstarted,Object notstarted,Object notstarted,Object notstarted,Object notstarted,Object notstarted,Object notstarted,Object notstarted
2024-03-18 10:30:43,818.818,__main___datalogs,INFO,JoyConState.NORMAL,0.000000,0.000000,0.000000,0.091547,0.006866,0.011443,0.025176,0.000000,0.000000,0.000000,0.000000,0,0,0,0,0,0,0,0,0,0,0,0.045257568359375,-0.004302978515625,0,0,0,0,0,0,0,0,Object notstarted,Object notstarted,Object notstarted,Object notstarted,Object notstarted,Object notstarted,Object notstarted,Object notstarted,Object notstarted
2024-03-18 10:30:43,874.874,__main___datalogs,INFO,JoyConState.NORMAL,0.000000,0.000000,0.000000,0.096125,0.006866,0.011443,0.025176,0.000000,0.000000,0.000000,0.000000,0,0,0,0,0,0,0,0,0,0,0,0.045257568359375,-0.004302978515625,0,0,0,0,0,0,0,0,Object notstarted,Object notstarted,Object notstarted,Object notstarted,Object notstarted,Object notstarted,Object notstarted,Object notstarted,Object notstarted
2024-03-18 10:30:43,930.930,__main___datalogs,INFO,JoyConState.NORMAL,0.000000,0.000000,0.000000,0.098413,0.006866,0.011443,0.025176,0.000000,0.000000,0.000000,0.000000,0,0,0,0,0,0,0,0,0,0,0,0.045257568359375,-0.004302978515625,0,0,0,0,0,0,0,0,Object notstarted,Object notstarted,Object notstarted,Object notstarted,Object notstarted,Object notstarted,Object notstarted,Object notstarted,Object notstarted
2024-03-18 10:30:43,986.986,__main___datalogs,INFO,JoyConState.NORMAL,0.000000,0.000000,0.000000,0.096125,0.006866,0.011443,0.020598,0.000000,0.000000,0.000000,0.000000,0,0,0,0,0,0,0,0,0,0,0,0.045257568359375,-0.004302978515625,0,0,0,0,0,0,0,0,Object notstarted,Object notstarted,Object notstarted,Object notstarted,Object notstarted,Object notstarted,Object notstarted,Object notstarted,Object notstarted
2024-03-18 10:30:44,042.042,__main___datalogs,INFO,JoyConState.NORMAL,0.000000,0.000000,0.000000,0.096125,0.002289,0.011443,0.025176,0.000000,0.000000,0.000000,0.000000,0,0,0,0,0,0,0,0,0,0,0,0.045257568359375,-0.004302978515625,0,0,0,0,0,0,0,0,Object notstarted,Object notstarted,Object notstarted,Object notstarted,Object notstarted,Object notstarted,Object notstarted,Object notstarted,Object notstarted
2024-03-18 10:30:44,098.098,__main___datalogs,INFO,JoyConState.NORMAL,0.000000,0.000000,0.000000,0.096125,-0.002289,0.011443,0.025176,0.000000,0.000000,0.000000,0.000000,0,0,0,0,0,0,0,0,0,0,0,0.045257568359375,-0.004302978515625,0,0,0,0,0,0,0,0,Object notstarted,Object notstarted,Object notstarted,Object notstarted,Object notstarted,Object notstarted,Object notstarted,Object notstarted,Object notstarted
2024-03-18 10:30:44,153.153,__main___datalogs,INFO,JoyConState.NORMAL,0.000000,0.000000,0.000000,0.096125,-0.002289,0.011443,0.025176,0.000000,0.000000,0.000000,0.000000,0,0,0,0,0,0,0,0,0,0,0,0.045257568359375,-0.004302978515625,0,0,0,0,0,0,0,0,Object notstarted,Object notstarted,Object notstarted,Object notstarted,Object notstarted,Object notstarted,Object notstarted,Object notstarted,Object notstarted
2024-03-18 10:30:44,210.210,__main___datalogs,INFO,JoyConState.NORMAL,0.000000,0.000000,0.000000,0.096125,0.006866,0.004577,0.025176,0.000000,0.000000,0.000000,0.000000,0,0,0,0,0,0,0,0,0,0,0,0.045257568359375,-0.004302978515625,0,0,0,0,0,0,0,0,Object notstarted,Object notstarted,Object notstarted,Object notstarted,Object notstarted,Object notstarted,Object notstarted,Object notstarted,Object notstarted
2024-03-18 10:30:44,265.265,__main___datalogs,INFO,JoyConState.NORMAL,0.000000,0.000000,0.000000,0.096125,0.006866,0.011443,0.025176,0.000000,0.000000,0.000000,0.000000,0,0,0,0,0,0,0,0,0,0,0,0.045257568359375,-0.004302978515625,0,0,0,0,0,0,0,0,Object notstarted,Object notstarted,Object notstarted,Object notstarted,Object notstarted,Object notstarted,Object notstarted,Object notstarted,Object notstarted
2024-03-18 10:30:44,323.323,__main___datalogs,INFO,JoyConState.NORMAL,0.000000,0.000000,0.000000,0.098413,0.006866,0.011443,0.025176,0.000000,0.000000,0.000000,0.000000,0,0,0,0,0,0,0,0,0,0,0,0.045257568359375,-0.004302978515625,0,0,0,0,0,0,0,0,Object notstarted,Object notstarted,Object notstarted,Object notstarted,Object notstarted,Object notstarted,Object notstarted,Object notstarted,Object notstarted
2024-03-18 10:30:44,378.378,__main___datalogs,INFO,JoyConState.NORMAL,0.000000,0.000000,0.000000,0.096125,0.002289,0.004577,0.027464,0.000000,0.000000,0.000000,0.000000,0,0,0,0,0,0,0,0,0,0,0,0.045257568359375,-0.004302978515625,0,0,0,0,0,0,0,0,Object notstarted,Object notstarted,Object notstarted,Object notstarted,Object notstarted,Object notstarted,Object notstarted,Object notstarted,Object notstarted
2024-03-18 10:30:44,450.450,__main___datalogs,INFO,JoyConState.NORMAL,0.000000,0.000000,0.000000,0.098413,0.002289,0.011443,0.025176,0.000000,0.000000,0.000000,0.000000,0,0,0,0,0,0,0,0,0,0,0,0.045257568359375,-0.004302978515625,0,0,0,0,0,0,0,0,Object notstarted,Object notstarted,Object notstarted,Object notstarted,Object notstarted,Object notstarted,Object notstarted,Object notstarted,Object notstarted
2024-03-18 10:30:44,529.529,__main___datalogs,INFO,JoyConState.NORMAL,0.000000,0.000000,0.000000,0.098413,0.006866,0.011443,0.020598,0.000000,0.000000,0.000000,0.000000,0,0,0,0,0,0,0,0,0,0,0,0.045257568359375,-0.004302978515625,0,0,0,0,0,0,0,0,Object notstarted,Object notstarted,Object notstarted,Object notstarted,Object notstarted,Object notstarted,Object notstarted,Object notstarted,Object notstarted
2024-03-18 10:30:44,585.585,__main___datalogs,INFO,JoyConState.NORMAL,0.000000,0.000000,0.000000,0.098413,0.002289,0.011443,0.020598,0.000000,0.000000,0.000000,0.000000,0,0,0,0,0,0,0,0,0,0,0,0.045257568359375,-0.004302978515625,0,0,0,0,0,0,0,0,Object notstarted,Object notstarted,Object notstarted,Object notstarted,Object notstarted,Object notstarted,Object notstarted,Object notstarted,Object notstarted
2024-03-18 10:30:44,641.641,__main___datalogs,INFO,JoyConState.NORMAL,0.000000,0.000000,0.000000,0.096125,0.002289,0.011443,0.025176,0.000000,0.000000,0.000000,0.000000,0,0,0,0,0,0,0,0,0,0,0,0.045257568359375,-0.004302978515625,0,0,0,0,0,0,0,0,Object notstarted,Object notstarted,Object notstarted,Object notstarted,Object notstarted,Object notstarted,Object notstarted,Object notstarted,Object notstarted
2024-03-18 10:30:44,698.698,__main___datalogs,INFO,JoyConState.NORMAL,0.000000,0.000000,0.000000,0.091547,0.002289,0.004577,0.025176,0.000000,0.000000,0.000000,0.000000,0,0,0,0,0,0,0,0,0,0,0,0.045257568359375,-0.004302978515625,0,0,0,0,0,0,0,0,Object notstarted,Object notstarted,Object notstarted,Object notstarted,Object notstarted,Object notstarted,Object notstarted,Object notstarted,Object notstarted
2024-03-18 10:30:44,769.769,__main___datalogs,INFO,JoyConState.NORMAL,0.000000,0.000000,0.000000,0.096125,0.002289,0.011443,0.020598,0.000000,0.000000,0.000000,0.000000,0,0,0,0,0,0,0,0,0,0,0,0.045257568359375,-0.004302978515625,0,0,0,0,0,0,0,0,Object notstarted,Object notstarted,Object notstarted,Object notstarted,Object notstarted,Object notstarted,Object notstarted,Object notstarted,Object notstarted
2024-03-18 10:30:44,825.825,__main___datalogs,INFO,JoyConState.NORMAL,0.000000,0.000000,0.000000,0.098413,0.006866,0.004577,0.027464,0.000000,0.000000,0.000000,0.000000,0,0,0,0,0,0,0,0,0,0,0,0.045257568359375,-0.004302978515625,0,0,0,0,0,0,0,0,Object notstarted,Object notstarted,Object notstarted,Object notstarted,Object notstarted,Object notstarted,Object notstarted,Object notstarted,Object notstarted
2024-03-18 10:30:44,880.880,__main___datalogs,INFO,JoyConState.NORMAL,0.000000,0.000000,0.000000,0.096125,0.002289,0.011443,0.020598,0.000000,0.000000,0.000000,0.000000,0,0,0,0,0,0,0,0,0,0,0,0.045257568359375,-0.004302978515625,0,0,0,0,0,0,0,0,Object notstarted,Object notstarted,Object notstarted,Object notstarted,Object notstarted,Object notstarted,Object notstarted,Object notstarted,Object notstarted
2024-03-18 10:30:44,936.936,__main___datalogs,INFO,JoyConState.NORMAL,0.000000,0.000000,0.000000,0.091547,0.002289,0.011443,0.025176,0.000000,0.000000,0.000000,0.000000,0,0,0,0,0,0,0,0,0,0,0,0.045257568359375,-0.004302978515625,0,0,0,0,0,0,0,0,Object notstarted,Object notstarted,Object notstarted,Object notstarted,Object notstarted,Object notstarted,Object notstarted,Object notstarted,Object notstarted
2024-03-18 10:30:44,991.991,__main___datalogs,INFO,JoyConState.NORMAL,0.000000,0.000000,0.000000,0.096125,0.006866,0.011443,0.025176,0.000000,0.000000,0.000000,0.000000,0,0,0,0,0,0,0,0,0,0,0,0.045257568359375,-0.004302978515625,0,0,0,0,0,0,0,0,Object notstarted,Object notstarted,Object notstarted,Object notstarted,Object notstarted,Object notstarted,Object notstarted,Object notstarted,Object notstarted
2024-03-18 10:30:45,048.048,__main___datalogs,INFO,JoyConState.NORMAL,0.000000,0.000000,0.000000,0.096125,0.006866,0.004577,0.020598,0.000000,0.000000,0.000000,0.000000,0,0,0,0,0,0,0,0,0,0,0,0.045257568359375,-0.004302978515625,0,0,0,0,0,0,0,0,Object notstarted,Object notstarted,Object notstarted,Object notstarted,Object notstarted,Object notstarted,Object notstarted,Object notstarted,Object notstarted
2024-03-18 10:30:45,103.103,__main___datalogs,INFO,JoyConState.NORMAL,0.000000,0.000000,0.000000,0.096125,0.002289,0.004577,0.025176,0.000000,0.000000,0.000000,0.000000,0,0,0,0,0,0,0,0,0,0,0,0.045257568359375,-0.004302978515625,0,0,0,0,0,0,0,0,Object notstarted,Object notstarted,Object notstarted,Object notstarted,Object notstarted,Object notstarted,Object notstarted,Object notstarted,Object notstarted
2024-03-18 10:30:45,160.160,__main___datalogs,INFO,JoyConState.NORMAL,0.000000,0.000000,0.000000,0.096125,-0.002289,0.002289,0.025176,0.000000,0.000000,0.000000,0.000000,0,0,0,0,0,0,0,0,0,0,0,0.045257568359375,-0.004302978515625,0,0,0,0,0,0,0,0,Object notstarted,Object notstarted,Object notstarted,Object notstarted,Object notstarted,Object notstarted,Object notstarted,Object notstarted,Object notstarted
2024-03-18 10:30:45,215.215,__main___datalogs,INFO,JoyConState.NORMAL,0.000000,0.000000,0.000000,0.098413,0.006866,0.004577,0.025176,0.000000,0.000000,0.000000,0.000000,0,0,0,0,0,0,0,0,0,0,0,0.045257568359375,-0.004302978515625,0,0,0,0,0,0,0,0,Object notstarted,Object notstarted,Object notstarted,Object notstarted,Object notstarted,Object notstarted,Object notstarted,Object notstarted,Object notstarted
2024-03-18 10:30:45,271.271,__main___datalogs,INFO,JoyConState.NORMAL,0.000000,0.000000,0.000000,0.096125,0.002289,0.011443,0.020598,0.000000,0.000000,0.000000,0.000000,0,0,0,0,0,0,0,0,0,0,0,0.045257568359375,-0.004302978515625,0,0,0,0,0,0,0,0,Object notstarted,Object notstarted,Object notstarted,Object notstarted,Object notstarted,Object notstarted,Object notstarted,Object notstarted,Object notstarted
2024-03-18 10:30:45,327.327,__main___datalogs,INFO,JoyConState.NORMAL,0.000000,0.000000,0.000000,0.098413,0.002289,0.011443,0.025176,0.000000,0.000000,0.000000,0.000000,0,0,0,0,0,0,0,0,0,0,0,0.045257568359375,-0.004302978515625,0,0,0,0,0,0,0,0,Object notstarted,Object notstarted,Object notstarted,Object notstarted,Object notstarted,Object notstarted,Object notstarted,Object notstarted,Object notstarted
2024-03-18 10:30:45,382.382,__main___datalogs,INFO,JoyConState.NORMAL,0.000000,0.000000,0.000000,0.096125,0.006866,0.011443,0.025176,0.000000,0.000000,0.000000,0.000000,0,0,0,0,0,0,0,0,0,0,0,0.045257568359375,-0.004302978515625,0,0,0,0,0,0,0,0,Object notstarted,Object notstarted,Object notstarted,Object notstarted,Object notstarted,Object notstarted,Object notstarted,Object notstarted,Object notstarted
2024-03-18 10:30:45,437.437,__main___datalogs,INFO,JoyConState.NORMAL,0.000000,0.000000,0.000000,0.091547,0.002289,0.011443,0.020598,0.000000,0.000000,0.000000,0.000000,0,0,0,0,0,0,0,0,0,0,0,0.045257568359375,-0.004302978515625,0,0,0,0,0,0,0,0,Object notstarted,Object notstarted,Object notstarted,Object notstarted,Object notstarted,Object notstarted,Object notstarted,Object notstarted,Object notstarted
2024-03-18 10:30:45,510.510,__main___datalogs,INFO,JoyConState.NORMAL,0.000000,0.000000,0.000000,0.096125,0.006866,0.011443,0.020598,0.000000,0.000000,0.000000,0.000000,0,0,0,0,0,0,0,0,0,0,0,0.045257568359375,-0.004302978515625,0,0,0,0,0,0,0,0,Object notstarted,Object notstarted,Object notstarted,Object notstarted,Object notstarted,Object notstarted,Object notstarted,Object notstarted,Object notstarted
2024-03-18 10:30:45,594.594,__main___datalogs,INFO,JoyConState.NORMAL,0.000000,0.000000,0.000000,0.098413,0.006866,0.011443,0.020598,0.000000,0.000000,0.000000,0.000000,0,0,0,0,0,0,0,0,0,0,0,0.045257568359375,-0.004302978515625,0,0,0,0,0,0,0,0,Object notstarted,Object notstarted,Object notstarted,Object notstarted,Object notstarted,Object notstarted,Object notstarted,Object notstarted,Object notstarted
2024-03-18 10:30:45,650.650,__main___datalogs,INFO,JoyConState.NORMAL,0.000000,0.000000,0.000000,0.091547,0.002289,0.004577,0.020598,0.000000,0.000000,0.000000,0.000000,0,0,0,0,0,0,0,0,0,0,0,0.045257568359375,-0.004302978515625,0,0,0,0,0,0,0,0,Object notstarted,Object notstarted,Object notstarted,Object notstarted,Object notstarted,Object notstarted,Object notstarted,Object notstarted,Object notstarted
2024-03-18 10:30:45,706.706,__main___datalogs,INFO,JoyConState.NORMAL,0.000000,0.000000,0.000000,0.091547,0.002289,0.011443,0.025176,0.000000,0.000000,0.000000,0.000000,0,0,0,0,0,0,0,0,0,0,0,0.045257568359375,-0.004302978515625,0,0,0,0,0,0,0,0,Object notstarted,Object notstarted,Object notstarted,Object notstarted,Object notstarted,Object notstarted,Object notstarted,Object notstarted,Object notstarted
2024-03-18 10:30:45,762.762,__main___datalogs,INFO,JoyConState.NORMAL,0.000000,0.000000,0.000000,0.098413,0.002289,0.004577,0.020598,0.000000,0.000000,0.000000,0.000000,0,0,0,0,0,0,0,0,0,0,0,0.045257568359375,-0.004302978515625,0,0,0,0,0,0,0,0,Object notstarted,Object notstarted,Object notstarted,Object notstarted,Object notstarted,Object notstarted,Object notstarted,Object notstarted,Object notstarted
2024-03-18 10:30:45,817.817,__main___datalogs,INFO,JoyConState.NORMAL,0.000000,0.000000,0.000000,0.098413,0.006866,0.011443,0.025176,0.000000,0.000000,0.000000,0.000000,0,0,0,0,0,0,0,0,0,0,0,0.045257568359375,-0.004302978515625,0,0,0,0,0,0,0,0,Object notstarted,Object notstarted,Object notstarted,Object notstarted,Object notstarted,Object notstarted,Object notstarted,Object notstarted,Object notstarted
2024-03-18 10:30:45,874.874,__main___datalogs,INFO,JoyConState.NORMAL,0.000000,0.000000,0.000000,0.096125,0.006866,0.011443,0.020598,0.000000,0.000000,0.000000,0.000000,0,0,0,0,0,0,0,0,0,0,0,0.045257568359375,-0.004302978515625,0,0,0,0,0,0,0,0,Object notstarted,Object notstarted,Object notstarted,Object notstarted,Object notstarted,Object notstarted,Object notstarted,Object notstarted,Object notstarted
2024-03-18 10:30:45,930.930,__main___datalogs,INFO,JoyConState.NORMAL,0.000000,0.000000,0.000000,0.096125,0.006866,0.011443,0.025176,0.000000,0.000000,0.000000,0.000000,0,0,0,0,0,0,0,0,0,0,0,0.045257568359375,-0.004302978515625,0,0,0,0,0,0,0,0,Object notstarted,Object notstarted,Object notstarted,Object notstarted,Object notstarted,Object notstarted,Object notstarted,Object notstarted,Object notstarted
2024-03-18 10:30:45,986.986,__main___datalogs,INFO,JoyConState.NORMAL,0.000000,0.000000,0.000000,0.096125,0.006866,0.004577,0.020598,0.000000,0.000000,0.000000,0.000000,0,0,0,0,0,0,0,0,0,0,0,0.045257568359375,-0.004302978515625,0,0,0,0,0,0,0,0,Object notstarted,Object notstarted,Object notstarted,Object notstarted,Object notstarted,Object notstarted,Object notstarted,Object notstarted,Object notstarted
2024-03-18 10:30:46,041.041,__main___datalogs,INFO,JoyConState.NORMAL,0.000000,0.000000,0.000000,0.091547,0.006866,0.011443,0.025176,0.000000,0.000000,0.000000,0.000000,0,0,0,0,0,0,0,0,0,0,0,0.045257568359375,-0.004302978515625,0,0,0,0,0,0,0,0,Object notstarted,Object notstarted,Object notstarted,Object notstarted,Object notstarted,Object notstarted,Object notstarted,Object notstarted,Object notstarted
2024-03-18 10:30:46,098.098,__main___datalogs,INFO,JoyConState.NORMAL,0.000000,0.000000,0.000000,0.096125,0.002289,0.004577,0.025176,0.000000,0.000000,0.000000,0.000000,0,0,0,0,0,0,0,0,0,0,0,0.045257568359375,-0.004302978515625,0,0,0,0,0,0,0,0,Object notstarted,Object notstarted,Object notstarted,Object notstarted,Object notstarted,Object notstarted,Object notstarted,Object notstarted,Object notstarted
2024-03-18 10:30:46,152.152,__main___datalogs,INFO,JoyConState.NORMAL,0.000000,0.000000,0.000000,0.098413,0.006866,0.004577,0.020598,0.000000,0.000000,0.000000,0.000000,0,0,0,0,0,0,0,0,0,0,0,0.045257568359375,-0.004302978515625,0,0,0,0,0,0,0,0,Object notstarted,Object notstarted,Object notstarted,Object notstarted,Object notstarted,Object notstarted,Object notstarted,Object notstarted,Object notstarted
2024-03-18 10:30:46,209.209,__main___datalogs,INFO,JoyConState.NORMAL,0.000000,0.000000,0.000000,0.096125,0.002289,0.011443,0.025176,0.000000,0.000000,0.000000,0.000000,0,0,0,0,0,0,0,0,0,0,0,0.045257568359375,-0.004302978515625,0,0,0,0,0,0,0,0,Object notstarted,Object notstarted,Object notstarted,Object notstarted,Object notstarted,Object notstarted,Object notstarted,Object notstarted,Object notstarted
2024-03-18 10:30:46,264.264,__main___datalogs,INFO,JoyConState.NORMAL,0.000000,0.000000,0.000000,0.096125,0.002289,0.004577,0.025176,0.000000,0.000000,0.000000,0.000000,0,0,0,0,0,0,0,0,0,0,0,0.045257568359375,-0.004302978515625,0,0,0,0,0,0,0,0,Object notstarted,Object notstarted,Object notstarted,Object notstarted,Object notstarted,Object notstarted,Object notstarted,Object notstarted,Object notstarted
2024-03-18 10:30:46,319.319,__main___datalogs,INFO,JoyConState.NORMAL,0.000000,0.000000,0.000000,0.096125,0.002289,0.004577,0.025176,0.000000,0.000000,0.000000,0.000000,0,0,0,0,0,0,0,0,0,0,0,0.045257568359375,-0.004302978515625,0,0,0,0,0,0,0,0,Object notstarted,Object notstarted,Object notstarted,Object notstarted,Object notstarted,Object notstarted,Object notstarted,Object notstarted,Object notstarted
2024-03-18 10:30:46,375.375,__main___datalogs,INFO,JoyConState.NORMAL,0.000000,0.000000,0.000000,0.091547,0.002289,0.011443,0.025176,0.000000,0.000000,0.000000,0.000000,0,0,0,0,0,0,0,0,0,0,0,0.045257568359375,-0.004302978515625,0,0,0,0,0,0,0,0,Object notstarted,Object notstarted,Object notstarted,Object notstarted,Object notstarted,Object notstarted,Object notstarted,Object notstarted,Object notstarted
2024-03-18 10:30:46,432.432,__main___datalogs,INFO,JoyConState.NORMAL,0.000000,0.000000,0.000000,0.096125,0.006866,0.004577,0.025176,0.000000,0.000000,0.000000,0.000000,0,0,0,0,0,0,0,0,0,0,0,0.045257568359375,-0.004302978515625,0,0,0,0,0,0,0,0,Object notstarted,Object notstarted,Object notstarted,Object notstarted,Object notstarted,Object notstarted,Object notstarted,Object notstarted,Object notstarted
2024-03-18 10:30:46,487.487,__main___datalogs,INFO,JoyConState.NORMAL,0.000000,0.000000,0.000000,0.091547,0.006866,0.011443,0.020598,0.000000,0.000000,0.000000,0.000000,0,0,0,0,0,0,0,0,0,0,0,0.045257568359375,-0.004302978515625,0,0,0,0,0,0,0,0,Object notstarted,Object notstarted,Object notstarted,Object notstarted,Object notstarted,Object notstarted,Object notstarted,Object notstarted,Object notstarted
2024-03-18 10:30:46,559.559,__main___datalogs,INFO,JoyConState.NORMAL,0.000000,0.000000,0.000000,0.091547,0.006866,0.011443,0.020598,0.000000,0.000000,0.000000,0.000000,0,0,0,0,0,0,0,0,0,0,0,0.045257568359375,-0.004302978515625,0,0,0,0,0,0,0,0,Object notstarted,Object notstarted,Object notstarted,Object notstarted,Object notstarted,Object notstarted,Object notstarted,Object notstarted,Object notstarted
2024-03-18 10:30:46,637.637,__main___datalogs,INFO,JoyConState.NORMAL,0.000000,0.000000,0.000000,0.091547,0.006866,0.013732,0.025176,0.000000,0.000000,0.000000,0.000000,0,0,0,0,0,0,0,0,0,0,0,0.045257568359375,-0.004302978515625,0,0,0,0,0,0,0,0,Object notstarted,Object notstarted,Object notstarted,Object notstarted,Object notstarted,Object notstarted,Object notstarted,Object notstarted,Object notstarted
2024-03-18 10:30:46,693.693,__main___datalogs,INFO,JoyConState.NORMAL,0.000000,0.000000,0.000000,0.091547,0.006866,0.011443,0.020598,0.000000,0.000000,0.000000,0.000000,0,0,0,0,0,0,0,0,0,0,0,0.045257568359375,-0.004302978515625,0,0,0,0,0,0,0,0,Object notstarted,Object notstarted,Object notstarted,Object notstarted,Object notstarted,Object notstarted,Object notstarted,Object notstarted,Object notstarted
2024-03-18 10:30:46,748.748,__main___datalogs,INFO,JoyConState.NORMAL,0.000000,0.000000,0.000000,0.091547,0.009155,0.011443,0.020598,0.000000,0.000000,0.000000,0.000000,0,0,0,0,0,0,0,0,0,0,0,0.045257568359375,-0.004302978515625,0,0,0,0,0,0,0,0,Object notstarted,Object notstarted,Object notstarted,Object notstarted,Object notstarted,Object notstarted,Object notstarted,Object notstarted,Object notstarted
2024-03-18 10:30:46,805.805,__main___datalogs,INFO,JoyConState.NORMAL,0.000000,0.000000,0.000000,0.091547,0.002289,0.011443,0.025176,0.000000,0.000000,0.000000,0.000000,0,0,0,0,0,0,0,0,0,0,0,0.045257568359375,-0.004302978515625,0,0,0,0,0,0,0,0,Object notstarted,Object notstarted,Object notstarted,Object notstarted,Object notstarted,Object notstarted,Object notstarted,Object notstarted,Object notstarted
2024-03-18 10:30:46,860.860,__main___datalogs,INFO,JoyConState.NORMAL,0.000000,0.000000,0.000000,0.091547,0.002289,0.004577,0.025176,0.000000,0.000000,0.000000,0.000000,0,0,0,0,0,0,0,0,0,0,0,0.045257568359375,-0.004302978515625,0,0,0,0,0,0,0,0,Object notstarted,Object notstarted,Object notstarted,Object notstarted,Object notstarted,Object notstarted,Object notstarted,Object notstarted,Object notstarted
2024-03-18 10:30:46,916.916,__main___datalogs,INFO,JoyConState.NORMAL,0.000000,0.000000,0.000000,0.091547,0.002289,0.011443,0.025176,0.000000,0.000000,0.000000,0.000000,0,0,0,0,0,0,0,0,0,0,0,0.045257568359375,-0.004302978515625,0,0,0,0,0,0,0,0,Object notstarted,Object notstarted,Object notstarted,Object notstarted,Object notstarted,Object notstarted,Object notstarted,Object notstarted,Object notstarted
2024-03-18 10:30:46,971.971,__main___datalogs,INFO,JoyConState.NORMAL,0.000000,0.000000,0.000000,0.096125,0.002289,0.011443,0.025176,0.000000,0.000000,0.000000,0.000000,0,0,0,0,0,0,0,0,0,0,0,0.045257568359375,-0.004302978515625,0,0,0,0,0,0,0,0,Object notstarted,Object notstarted,Object notstarted,Object notstarted,Object notstarted,Object notstarted,Object notstarted,Object notstarted,Object notstarted
2024-03-18 10:30:47,028.028,__main___datalogs,INFO,JoyConState.NORMAL,0.000000,0.000000,0.000000,0.096125,0.006866,0.011443,0.025176,0.000000,0.000000,0.000000,0.000000,0,0,0,0,0,0,0,0,0,0,0,0.045257568359375,-0.004302978515625,0,0,0,0,0,0,0,0,Object notstarted,Object notstarted,Object notstarted,Object notstarted,Object notstarted,Object notstarted,Object notstarted,Object notstarted,Object notstarted
2024-03-18 10:30:47,083.083,__main___datalogs,INFO,JoyConState.NORMAL,0.000000,0.000000,0.000000,0.091547,0.006866,0.011443,0.020598,0.000000,0.000000,0.000000,0.000000,0,0,0,0,0,0,0,0,0,0,0,0.045257568359375,-0.004302978515625,0,0,0,0,0,0,0,0,Object notstarted,Object notstarted,Object notstarted,Object notstarted,Object notstarted,Object notstarted,Object notstarted,Object notstarted,Object notstarted
2024-03-18 10:30:47,139.139,__main___datalogs,INFO,JoyConState.NORMAL,0.000000,0.000000,0.000000,0.096125,0.006866,0.011443,0.016021,0.000000,0.000000,0.000000,0.000000,0,0,0,0,0,0,0,0,0,0,0,0.045257568359375,-0.004302978515625,0,0,0,0,0,0,0,0,Object notstarted,Object notstarted,Object notstarted,Object notstarted,Object notstarted,Object notstarted,Object notstarted,Object notstarted,Object notstarted
2024-03-18 10:30:47,195.195,__main___datalogs,INFO,JoyConState.NORMAL,0.000000,0.000000,0.000000,0.091547,0.009155,0.011443,0.020598,0.000000,0.000000,0.000000,0.000000,0,0,0,0,0,0,0,0,0,0,0,0.045257568359375,-0.004302978515625,0,0,0,0,0,0,0,0,Object notstarted,Object notstarted,Object notstarted,Object notstarted,Object notstarted,Object notstarted,Object notstarted,Object notstarted,Object notstarted
2024-03-18 10:30:47,252.252,__main___datalogs,INFO,JoyConState.NORMAL,0.000000,0.000000,0.000000,0.096125,0.006866,0.011443,0.025176,0.000000,0.000000,0.000000,0.000000,0,0,0,0,0,0,0,0,0,0,0,0.045257568359375,-0.004302978515625,0,0,0,0,0,0,0,0,Object notstarted,Object notstarted,Object notstarted,Object notstarted,Object notstarted,Object notstarted,Object notstarted,Object notstarted,Object notstarted
2024-03-18 10:30:47,307.307,__main___datalogs,INFO,JoyConState.NORMAL,0.000000,0.000000,0.000000,0.091547,0.006866,0.004577,0.025176,0.000000,0.000000,0.000000,0.000000,0,0,0,0,0,0,0,0,0,0,0,0.045257568359375,-0.004302978515625,0,0,0,0,0,0,0,0,Object notstarted,Object notstarted,Object notstarted,Object notstarted,Object notstarted,Object notstarted,Object notstarted,Object notstarted,Object notstarted
2024-03-18 10:30:47,363.363,__main___datalogs,INFO,JoyConState.NORMAL,0.000000,0.000000,0.000000,0.096125,0.006866,0.011443,0.027464,0.000000,0.000000,0.000000,0.000000,0,0,0,0,0,0,0,0,0,0,0,0.045257568359375,-0.004302978515625,0,0,0,0,0,0,0,0,Object notstarted,Object notstarted,Object notstarted,Object notstarted,Object notstarted,Object notstarted,Object notstarted,Object notstarted,Object notstarted
2024-03-18 10:30:47,418.418,__main___datalogs,INFO,JoyConState.NORMAL,0.000000,0.000000,0.000000,0.091547,0.006866,0.004577,0.025176,0.000000,0.000000,0.000000,0.000000,0,0,0,0,0,0,0,0,0,0,0,0.045257568359375,-0.004302978515625,0,0,0,0,0,0,0,0,Object notstarted,Object notstarted,Object notstarted,Object notstarted,Object notstarted,Object notstarted,Object notstarted,Object notstarted,Object notstarted
2024-03-18 10:30:47,476.476,__main___datalogs,INFO,JoyConState.NORMAL,0.000000,0.000000,0.000000,0.096125,0.006866,0.002289,0.020598,0.000000,0.000000,0.000000,0.000000,0,0,0,0,0,0,0,0,0,0,0,0.045257568359375,-0.004302978515625,0,0,0,0,0,0,0,0,Object notstarted,Object notstarted,Object notstarted,Object notstarted,Object notstarted,Object notstarted,Object notstarted,Object notstarted,Object notstarted
2024-03-18 10:30:47,530.530,__main___datalogs,INFO,JoyConState.NORMAL,0.000000,0.000000,0.000000,0.098413,0.002289,0.011443,0.025176,0.000000,0.000000,0.000000,0.000000,0,0,0,0,0,0,0,0,0,0,0,0.045257568359375,-0.004302978515625,0,0,0,0,0,0,0,0,Object notstarted,Object notstarted,Object notstarted,Object notstarted,Object notstarted,Object notstarted,Object notstarted,Object notstarted,Object notstarted
2024-03-18 10:30:47,587.587,__main___datalogs,INFO,JoyConState.NORMAL,0.000000,0.000000,0.000000,0.096125,0.002289,0.011443,0.020598,0.000000,0.000000,0.000000,0.000000,0,0,0,0,0,0,0,0,0,0,0,0.045257568359375,-0.004302978515625,0,0,0,0,0,0,0,0,Object notstarted,Object notstarted,Object notstarted,Object notstarted,Object notstarted,Object notstarted,Object notstarted,Object notstarted,Object notstarted
2024-03-18 10:30:47,658.658,__main___datalogs,INFO,JoyConState.NORMAL,0.000000,0.000000,0.000000,0.096125,0.002289,0.011443,0.025176,0.000000,0.000000,0.000000,0.000000,0,0,0,0,0,0,0,0,0,0,0,0.045257568359375,-0.004302978515625,0,0,0,0,0,0,0,0,Object notstarted,Object notstarted,Object notstarted,Object notstarted,Object notstarted,Object notstarted,Object notstarted,Object notstarted,Object notstarted
2024-03-18 10:30:47,736.736,__main___datalogs,INFO,JoyConState.NORMAL,0.000000,0.000000,0.000000,0.096125,0.002289,0.011443,0.020598,0.000000,0.000000,0.000000,0.000000,0,0,0,0,0,0,0,0,0,0,0,0.045257568359375,-0.004302978515625,0,0,0,0,0,0,0,0,Object notstarted,Object notstarted,Object notstarted,Object notstarted,Object notstarted,Object notstarted,Object notstarted,Object notstarted,Object notstarted
2024-03-18 10:30:47,807.807,__main___datalogs,INFO,JoyConState.NORMAL,0.000000,0.000000,0.000000,0.096125,0.002289,0.011443,0.025176,0.000000,0.000000,0.000000,0.000000,0,0,0,0,0,0,0,0,0,0,0,0.045257568359375,-0.004302978515625,0,0,0,0,0,0,0,0,Object notstarted,Object notstarted,Object notstarted,Object notstarted,Object notstarted,Object notstarted,Object notstarted,Object notstarted,Object notstarted
2024-03-18 10:30:47,863.863,__main___datalogs,INFO,JoyConState.NORMAL,0.000000,0.000000,0.000000,0.098413,0.002289,0.011443,0.025176,0.000000,0.000000,0.000000,0.000000,0,0,0,0,0,0,0,0,0,0,0,0.045257568359375,-0.004302978515625,0,0,0,0,0,0,0,0,Object notstarted,Object notstarted,Object notstarted,Object notstarted,Object notstarted,Object notstarted,Object notstarted,Object notstarted,Object notstarted
2024-03-18 10:30:47,919.919,__main___datalogs,INFO,JoyConState.NORMAL,0.000000,0.000000,0.000000,0.096125,0.002289,0.011443,0.025176,0.000000,0.000000,0.000000,0.000000,0,0,0,0,0,0,0,0,0,0,0,0.045257568359375,-0.004302978515625,0,0,0,0,0,0,0,0,Object notstarted,Object notstarted,Object notstarted,Object notstarted,Object notstarted,Object notstarted,Object notstarted,Object notstarted,Object notstarted
2024-03-18 10:30:47,975.975,__main___datalogs,INFO,JoyConState.NORMAL,0.000000,0.000000,0.000000,0.096125,0.002289,0.004577,0.025176,0.000000,0.000000,0.000000,0.000000,0,0,0,0,0,0,0,0,0,0,0,0.045257568359375,-0.004302978515625,0,0,0,0,0,0,0,0,Object notstarted,Object notstarted,Object notstarted,Object notstarted,Object notstarted,Object notstarted,Object notstarted,Object notstarted,Object notstarted
2024-03-18 10:30:48,031.031,__main___datalogs,INFO,JoyConState.NORMAL,0.000000,0.000000,0.000000,0.096125,0.002289,0.011443,0.025176,0.000000,0.000000,0.000000,0.000000,0,0,0,0,0,0,0,0,0,0,0,0.045257568359375,-0.004302978515625,0,0,0,0,0,0,0,0,Object notstarted,Object notstarted,Object notstarted,Object notstarted,Object notstarted,Object notstarted,Object notstarted,Object notstarted,Object notstarted
2024-03-18 10:30:48,087.087,__main___datalogs,INFO,JoyConState.NORMAL,0.000000,0.000000,0.000000,0.096125,0.002289,0.011443,0.025176,0.000000,0.000000,0.000000,0.000000,0,0,0,0,0,0,0,0,0,0,0,0.045257568359375,-0.004302978515625,0,0,0,0,0,0,0,0,Object notstarted,Object notstarted,Object notstarted,Object notstarted,Object notstarted,Object notstarted,Object notstarted,Object notstarted,Object notstarted
2024-03-18 10:30:48,142.142,__main___datalogs,INFO,JoyConState.NORMAL,0.000000,0.000000,0.000000,0.091547,0.006866,0.011443,0.025176,0.000000,0.000000,0.000000,0.000000,0,0,0,0,0,0,0,0,0,0,0,0.045257568359375,-0.004302978515625,0,0,0,0,0,0,0,0,Object notstarted,Object notstarted,Object notstarted,Object notstarted,Object notstarted,Object notstarted,Object notstarted,Object notstarted,Object notstarted
2024-03-18 10:30:48,199.199,__main___datalogs,INFO,JoyConState.NORMAL,0.000000,0.000000,0.000000,0.091547,0.006866,0.011443,0.020598,0.000000,0.000000,0.000000,0.000000,0,0,0,0,0,0,0,0,0,0,0,0.045257568359375,-0.004302978515625,0,0,0,0,0,0,0,0,Object notstarted,Object notstarted,Object notstarted,Object notstarted,Object notstarted,Object notstarted,Object notstarted,Object notstarted,Object notstarted
2024-03-18 10:30:48,255.255,__main___datalogs,INFO,JoyConState.NORMAL,0.000000,0.000000,0.000000,0.091547,0.002289,0.011443,0.025176,0.000000,0.000000,0.000000,0.000000,0,0,0,0,0,0,0,0,0,0,0,0.045257568359375,-0.004302978515625,0,0,0,0,0,0,0,0,Object notstarted,Object notstarted,Object notstarted,Object notstarted,Object notstarted,Object notstarted,Object notstarted,Object notstarted,Object notstarted
2024-03-18 10:30:48,311.311,__main___datalogs,INFO,JoyConState.NORMAL,0.000000,0.000000,0.000000,0.098413,0.002289,0.004577,0.016021,0.000000,0.000000,0.000000,0.000000,0,0,0,0,0,0,0,0,0,0,0,0.045257568359375,-0.004302978515625,0,0,0,0,0,0,0,0,Object notstarted,Object notstarted,Object notstarted,Object notstarted,Object notstarted,Object notstarted,Object notstarted,Object notstarted,Object notstarted
2024-03-18 10:30:48,366.366,__main___datalogs,INFO,JoyConState.NORMAL,0.000000,0.000000,0.000000,0.096125,0.002289,0.004577,0.016021,0.000000,0.000000,0.000000,0.000000,0,0,0,0,0,0,0,0,0,0,0,0.045257568359375,-0.004302978515625,0,0,0,0,0,0,0,0,Object notstarted,Object notstarted,Object notstarted,Object notstarted,Object notstarted,Object notstarted,Object notstarted,Object notstarted,Object notstarted
2024-03-18 10:30:48,423.423,__main___datalogs,INFO,JoyConState.NORMAL,0.000000,0.000000,0.000000,0.096125,-0.002289,0.004577,0.025176,0.000000,0.000000,0.000000,0.000000,0,0,0,0,0,0,0,0,0,0,0,0.045257568359375,-0.004302978515625,0,0,0,0,0,0,0,0,Object notstarted,Object notstarted,Object notstarted,Object notstarted,Object notstarted,Object notstarted,Object notstarted,Object notstarted,Object notstarted
2024-03-18 10:30:48,478.478,__main___datalogs,INFO,JoyConState.NORMAL,0.000000,0.000000,0.000000,0.091547,0.002289,0.011443,0.025176,0.000000,0.000000,0.000000,0.000000,0,0,0,0,0,0,0,0,0,0,0,0.045257568359375,-0.004302978515625,0,0,0,0,0,0,0,0,Object notstarted,Object notstarted,Object notstarted,Object notstarted,Object notstarted,Object notstarted,Object notstarted,Object notstarted,Object notstarted
2024-03-18 10:30:48,535.535,__main___datalogs,INFO,JoyConState.NORMAL,0.000000,0.000000,0.000000,0.091547,0.002289,0.011443,0.020598,0.000000,0.000000,0.000000,0.000000,0,0,0,0,0,0,0,0,0,0,0,0.045257568359375,-0.004302978515625,0,0,0,0,0,0,0,0,Object notstarted,Object notstarted,Object notstarted,Object notstarted,Object notstarted,Object notstarted,Object notstarted,Object notstarted,Object notstarted
2024-03-18 10:30:48,590.590,__main___datalogs,INFO,JoyConState.NORMAL,0.000000,0.000000,0.000000,0.091547,0.002289,0.002289,0.025176,0.000000,0.000000,0.000000,0.000000,0,0,0,0,0,0,0,0,0,0,0,0.045257568359375,-0.004302978515625,0,0,0,0,0,0,0,0,Object notstarted,Object notstarted,Object notstarted,Object notstarted,Object notstarted,Object notstarted,Object notstarted,Object notstarted,Object notstarted
2024-03-18 10:30:48,647.647,__main___datalogs,INFO,JoyConState.NORMAL,0.000000,0.000000,0.000000,0.096125,0.002289,0.004577,0.020598,0.000000,0.000000,0.000000,0.000000,0,0,0,0,0,0,0,0,0,0,0,0.045257568359375,-0.004302978515625,0,0,0,0,0,0,0,0,Object notstarted,Object notstarted,Object notstarted,Object notstarted,Object notstarted,Object notstarted,Object notstarted,Object notstarted,Object notstarted
2024-03-18 10:30:48,718.718,__main___datalogs,INFO,JoyConState.NORMAL,0.000000,0.000000,0.000000,0.096125,0.002289,0.004577,0.020598,0.000000,0.000000,0.000000,0.000000,0,0,0,0,0,0,0,0,0,0,0,0.045257568359375,-0.004302978515625,0,0,0,0,0,0,0,0,Object notstarted,Object notstarted,Object notstarted,Object notstarted,Object notstarted,Object notstarted,Object notstarted,Object notstarted,Object notstarted
2024-03-18 10:30:48,780.780,__main___datalogs,INFO,JoyConState.NORMAL,0.000000,0.000000,0.000000,0.096125,0.002289,0.011443,0.025176,0.000000,0.000000,0.000000,0.000000,0,0,0,0,0,0,0,0,0,0,0,0.045257568359375,-0.004302978515625,0,0,0,0,0,0,0,0,Object notstarted,Object notstarted,Object notstarted,Object notstarted,Object notstarted,Object notstarted,Object notstarted,Object notstarted,Object notstarted
2024-03-18 10:30:48,835.835,__main___datalogs,INFO,JoyConState.NORMAL,0.000000,0.000000,0.000000,0.091547,0.006866,0.011443,0.020598,0.000000,0.000000,0.000000,0.000000,0,0,0,0,0,0,0,0,0,0,0,0.045257568359375,-0.004302978515625,0,0,0,0,0,0,0,0,Object notstarted,Object notstarted,Object notstarted,Object notstarted,Object notstarted,Object notstarted,Object notstarted,Object notstarted,Object notstarted
2024-03-18 10:30:48,891.891,__main___datalogs,INFO,JoyConState.NORMAL,0.000000,0.000000,0.000000,0.096125,0.006866,0.011443,0.025176,0.000000,0.000000,0.000000,0.000000,0,0,0,0,0,0,0,0,0,0,0,0.045257568359375,-0.004302978515625,0,0,0,0,0,0,0,0,Object notstarted,Object notstarted,Object notstarted,Object notstarted,Object notstarted,Object notstarted,Object notstarted,Object notstarted,Object notstarted
2024-03-18 10:30:48,946.946,__main___datalogs,INFO,JoyConState.NORMAL,0.000000,0.000000,0.000000,0.091547,0.002289,0.004577,0.020598,0.000000,0.000000,0.000000,0.000000,0,0,0,0,0,0,0,0,0,0,0,0.045257568359375,-0.004302978515625,0,0,0,0,0,0,0,0,Object notstarted,Object notstarted,Object notstarted,Object notstarted,Object notstarted,Object notstarted,Object notstarted,Object notstarted,Object notstarted
2024-03-18 10:30:49,003.003,__main___datalogs,INFO,JoyConState.NORMAL,0.000000,0.000000,0.000000,0.091547,0.002289,0.004577,0.025176,0.000000,0.000000,0.000000,0.000000,0,0,0,0,0,0,0,0,0,0,0,0.045257568359375,-0.004302978515625,0,0,0,0,0,0,0,0,Object notstarted,Object notstarted,Object notstarted,Object notstarted,Object notstarted,Object notstarted,Object notstarted,Object notstarted,Object notstarted
2024-03-18 10:30:49,058.058,__main___datalogs,INFO,JoyConState.NORMAL,0.000000,0.000000,0.000000,0.096125,0.002289,0.011443,0.025176,0.000000,0.000000,0.000000,0.000000,0,0,0,0,0,0,0,0,0,0,0,0.045257568359375,-0.004302978515625,0,0,0,0,0,0,0,0,Object notstarted,Object notstarted,Object notstarted,Object notstarted,Object notstarted,Object notstarted,Object notstarted,Object notstarted,Object notstarted
2024-03-18 10:30:49,115.115,__main___datalogs,INFO,JoyConState.NORMAL,0.000000,0.000000,0.000000,0.096125,0.002289,0.011443,0.020598,0.000000,0.000000,0.000000,0.000000,0,0,0,0,0,0,0,0,0,0,0,0.045257568359375,-0.004302978515625,0,0,0,0,0,0,0,0,Object notstarted,Object notstarted,Object notstarted,Object notstarted,Object notstarted,Object notstarted,Object notstarted,Object notstarted,Object notstarted
2024-03-18 10:30:49,170.170,__main___datalogs,INFO,JoyConState.NORMAL,0.000000,0.000000,0.000000,0.096125,0.002289,0.011443,0.020598,0.000000,0.000000,0.000000,0.000000,0,0,0,0,0,0,0,0,0,0,0,0.045257568359375,-0.004302978515625,0,0,0,0,0,0,0,0,Object notstarted,Object notstarted,Object notstarted,Object notstarted,Object notstarted,Object notstarted,Object notstarted,Object notstarted,Object notstarted
2024-03-18 10:30:49,227.227,__main___datalogs,INFO,JoyConState.NORMAL,0.000000,0.000000,0.000000,0.091547,0.006866,0.011443,0.020598,0.000000,0.000000,0.000000,0.000000,0,0,0,0,0,0,0,0,0,0,0,0.045257568359375,-0.004302978515625,0,0,0,0,0,0,0,0,Object notstarted,Object notstarted,Object notstarted,Object notstarted,Object notstarted,Object notstarted,Object notstarted,Object notstarted,Object notstarted
2024-03-18 10:30:49,282.282,__main___datalogs,INFO,JoyConState.NORMAL,0.000000,0.000000,0.000000,0.096125,0.006866,0.011443,0.025176,0.000000,0.000000,0.000000,0.000000,0,0,0,0,0,0,0,0,0,0,0,0.045257568359375,-0.004302978515625,0,0,0,0,0,0,0,0,Object notstarted,Object notstarted,Object notstarted,Object notstarted,Object notstarted,Object notstarted,Object notstarted,Object notstarted,Object notstarted
2024-03-18 10:30:49,338.338,__main___datalogs,INFO,JoyConState.NORMAL,0.000000,0.000000,0.000000,0.096125,0.006866,0.004577,0.025176,0.000000,0.000000,0.000000,0.000000,0,0,0,0,0,0,0,0,0,0,0,0.045257568359375,-0.004302978515625,0,0,0,0,0,0,0,0,Object notstarted,Object notstarted,Object notstarted,Object notstarted,Object notstarted,Object notstarted,Object notstarted,Object notstarted,Object notstarted
2024-03-18 10:30:49,394.394,__main___datalogs,INFO,JoyConState.NORMAL,0.000000,0.000000,0.000000,0.091547,0.009155,0.011443,0.025176,0.000000,0.000000,0.000000,0.000000,0,0,0,0,0,0,0,0,0,0,0,0.045257568359375,-0.004302978515625,0,0,0,0,0,0,0,0,Object notstarted,Object notstarted,Object notstarted,Object notstarted,Object notstarted,Object notstarted,Object notstarted,Object notstarted,Object notstarted
2024-03-18 10:30:49,451.451,__main___datalogs,INFO,JoyConState.NORMAL,0.000000,0.000000,0.000000,0.091547,0.006866,0.011443,0.025176,0.000000,0.000000,0.000000,0.000000,0,0,0,0,0,0,0,0,0,0,0,0.045257568359375,-0.004302978515625,0,0,0,0,0,0,0,0,Object notstarted,Object notstarted,Object notstarted,Object notstarted,Object notstarted,Object notstarted,Object notstarted,Object notstarted,Object notstarted
2024-03-18 10:30:49,506.506,__main___datalogs,INFO,JoyConState.NORMAL,0.000000,0.000000,0.000000,0.096125,0.006866,0.011443,0.020598,0.000000,0.000000,0.000000,0.000000,0,0,0,0,0,0,0,0,0,0,0,0.045257568359375,-0.004302978515625,0,0,0,0,0,0,0,0,Object notstarted,Object notstarted,Object notstarted,Object notstarted,Object notstarted,Object notstarted,Object notstarted,Object notstarted,Object notstarted
2024-03-18 10:30:49,562.562,__main___datalogs,INFO,JoyConState.NORMAL,0.000000,0.000000,0.000000,0.091547,0.006866,0.011443,0.025176,0.000000,0.000000,0.000000,0.000000,0,0,0,0,0,0,0,0,0,0,0,0.045257568359375,-0.004302978515625,0,0,0,0,0,0,0,0,Object notstarted,Object notstarted,Object notstarted,Object notstarted,Object notstarted,Object notstarted,Object notstarted,Object notstarted,Object notstarted
2024-03-18 10:30:49,617.617,__main___datalogs,INFO,JoyConState.NORMAL,0.000000,0.000000,0.000000,0.091547,0.006866,0.011443,0.025176,0.000000,0.000000,0.000000,0.000000,0,0,0,0,0,0,0,0,0,0,0,0.045257568359375,-0.004302978515625,0,0,0,0,0,0,0,0,Object notstarted,Object notstarted,Object notstarted,Object notstarted,Object notstarted,Object notstarted,Object notstarted,Object notstarted,Object notstarted
2024-03-18 10:30:49,673.673,__main___datalogs,INFO,JoyConState.NORMAL,0.000000,0.000000,0.000000,0.091547,0.006866,0.011443,0.020598,0.000000,0.000000,0.000000,0.000000,0,0,0,0,0,0,0,0,0,0,0,0.045257568359375,-0.004302978515625,0,0,0,0,0,0,0,0,Object notstarted,Object notstarted,Object notstarted,Object notstarted,Object notstarted,Object notstarted,Object notstarted,Object notstarted,Object notstarted
2024-03-18 10:30:49,745.745,__main___datalogs,INFO,JoyConState.NORMAL,0.000000,0.000000,0.000000,0.096125,0.002289,0.004577,0.025176,0.000000,0.000000,0.000000,0.000000,0,0,0,0,0,0,0,0,0,0,0,0.045257568359375,-0.004302978515625,0,0,0,0,0,0,0,0,Object notstarted,Object notstarted,Object notstarted,Object notstarted,Object notstarted,Object notstarted,Object notstarted,Object notstarted,Object notstarted
2024-03-18 10:30:49,805.805,__main___datalogs,INFO,JoyConState.NORMAL,0.000000,0.000000,0.000000,0.096125,0.002289,0.011443,0.025176,0.000000,0.000000,0.000000,0.000000,0,0,0,0,0,0,0,0,0,0,0,0.045257568359375,-0.004302978515625,0,0,0,0,0,0,0,0,Object notstarted,Object notstarted,Object notstarted,Object notstarted,Object notstarted,Object notstarted,Object notstarted,Object notstarted,Object notstarted
2024-03-18 10:30:49,860.860,__main___datalogs,INFO,JoyConState.NORMAL,0.000000,0.000000,0.000000,0.096125,0.002289,0.011443,0.020598,0.000000,0.000000,0.000000,0.000000,0,0,0,0,0,0,0,0,0,0,0,0.045257568359375,-0.004302978515625,0,0,0,0,0,0,0,0,Object notstarted,Object notstarted,Object notstarted,Object notstarted,Object notstarted,Object notstarted,Object notstarted,Object notstarted,Object notstarted
2024-03-18 10:30:49,917.917,__main___datalogs,INFO,JoyConState.NORMAL,0.000000,0.000000,0.000000,0.096125,0.006866,0.004577,0.025176,0.000000,0.000000,0.000000,0.000000,0,0,0,0,0,0,0,0,0,0,0,0.045257568359375,-0.004302978515625,0,0,0,0,0,0,0,0,Object notstarted,Object notstarted,Object notstarted,Object notstarted,Object notstarted,Object notstarted,Object notstarted,Object notstarted,Object notstarted
2024-03-18 10:30:49,972.972,__main___datalogs,INFO,JoyConState.NORMAL,0.000000,0.000000,0.000000,0.098413,0.006866,0.011443,0.016021,0.000000,0.000000,0.000000,0.000000,0,0,0,0,0,0,0,0,0,0,0,0.045257568359375,-0.004302978515625,0,0,0,0,0,0,0,0,Object notstarted,Object notstarted,Object notstarted,Object notstarted,Object notstarted,Object notstarted,Object notstarted,Object notstarted,Object notstarted
2024-03-18 10:30:50,029.029,__main___datalogs,INFO,JoyConState.NORMAL,0.000000,0.000000,0.000000,0.098413,0.002289,0.011443,0.020598,0.000000,0.000000,0.000000,0.000000,0,0,0,0,0,0,0,0,0,0,0,0.045257568359375,-0.004302978515625,0,0,0,0,0,0,0,0,Object notstarted,Object notstarted,Object notstarted,Object notstarted,Object notstarted,Object notstarted,Object notstarted,Object notstarted,Object notstarted
2024-03-18 10:30:50,084.084,__main___datalogs,INFO,JoyConState.NORMAL,0.000000,0.000000,0.000000,0.096125,0.002289,0.004577,0.025176,0.000000,0.000000,0.000000,0.000000,0,0,0,0,0,0,0,0,0,0,0,0.045257568359375,-0.004302978515625,0,0,0,0,0,0,0,0,Object notstarted,Object notstarted,Object notstarted,Object notstarted,Object notstarted,Object notstarted,Object notstarted,Object notstarted,Object notstarted
2024-03-18 10:30:50,157.157,__main___datalogs,INFO,JoyConState.NORMAL,0.000000,0.000000,0.000000,0.098413,0.006866,0.011443,0.025176,0.000000,0.000000,0.000000,0.000000,0,0,0,0,0,0,0,0,0,0,0,0.045257568359375,-0.004302978515625,0,0,0,0,0,0,0,0,Object notstarted,Object notstarted,Object notstarted,Object notstarted,Object notstarted,Object notstarted,Object notstarted,Object notstarted,Object notstarted
2024-03-18 10:30:50,228.228,__main___datalogs,INFO,JoyConState.NORMAL,0.000000,0.000000,0.000000,0.096125,0.006866,0.011443,0.025176,0.000000,0.000000,0.000000,0.000000,0,0,0,0,0,0,0,0,0,0,0,0.045257568359375,-0.004302978515625,0,0,0,0,0,0,0,0,Object notstarted,Object notstarted,Object notstarted,Object notstarted,Object notstarted,Object notstarted,Object notstarted,Object notstarted,Object notstarted
2024-03-18 10:30:50,300.300,__main___datalogs,INFO,JoyConState.NORMAL,0.000000,0.000000,0.000000,0.091547,0.006866,0.011443,0.025176,0.000000,0.000000,0.000000,0.000000,0,0,0,0,0,0,0,0,0,0,0,0.045257568359375,-0.004302978515625,0,0,0,0,0,0,0,0,Object notstarted,Object notstarted,Object notstarted,Object notstarted,Object notstarted,Object notstarted,Object notstarted,Object notstarted,Object notstarted
2024-03-18 10:30:50,372.372,__main___datalogs,INFO,JoyConState.NORMAL,0.000000,0.000000,0.000000,0.091547,0.006866,0.011443,0.025176,0.000000,0.000000,0.000000,0.000000,0,0,0,0,0,0,0,0,0,0,0,0.045257568359375,-0.004302978515625,0,0,0,0,0,0,0,0,Object notstarted,Object notstarted,Object notstarted,Object notstarted,Object notstarted,Object notstarted,Object notstarted,Object notstarted,Object notstarted
2024-03-18 10:30:50,428.428,__main___datalogs,INFO,JoyConState.NORMAL,0.000000,0.000000,0.000000,0.091547,0.002289,0.011443,0.025176,0.000000,0.000000,0.000000,0.000000,0,0,0,0,0,0,0,0,0,0,0,0.045257568359375,-0.004302978515625,0,0,0,0,0,0,0,0,Object notstarted,Object notstarted,Object notstarted,Object notstarted,Object notstarted,Object notstarted,Object notstarted,Object notstarted,Object notstarted
2024-03-18 10:30:50,484.484,__main___datalogs,INFO,JoyConState.NORMAL,0.000000,0.000000,0.000000,0.091547,0.002289,0.011443,0.025176,0.000000,0.000000,0.000000,0.000000,0,0,0,0,0,0,0,0,0,0,0,0.045257568359375,-0.004302978515625,0,0,0,0,0,0,0,0,Object notstarted,Object notstarted,Object notstarted,Object notstarted,Object notstarted,Object notstarted,Object notstarted,Object notstarted,Object notstarted
2024-03-18 10:30:50,540.540,__main___datalogs,INFO,JoyConState.NORMAL,0.000000,0.000000,0.000000,0.091547,0.002289,0.011443,0.020598,0.000000,0.000000,0.000000,0.000000,0,0,0,0,0,0,0,0,0,0,0,0.045257568359375,-0.004302978515625,0,0,0,0,0,0,0,0,Object notstarted,Object notstarted,Object notstarted,Object notstarted,Object notstarted,Object notstarted,Object notstarted,Object notstarted,Object notstarted
2024-03-18 10:30:50,612.612,__main___datalogs,INFO,JoyConState.NORMAL,0.000000,0.000000,0.000000,0.098413,0.002289,0.011443,0.025176,0.000000,0.000000,0.000000,0.000000,0,0,0,0,0,0,0,0,0,0,0,0.045257568359375,-0.004302978515625,0,0,0,0,0,0,0,0,Object notstarted,Object notstarted,Object notstarted,Object notstarted,Object notstarted,Object notstarted,Object notstarted,Object notstarted,Object notstarted
2024-03-18 10:30:50,684.684,__main___datalogs,INFO,JoyConState.NORMAL,0.000000,0.000000,0.000000,0.096125,0.009155,0.011443,0.020598,0.000000,0.000000,0.000000,0.000000,0,0,0,0,0,0,0,0,0,0,0,0.045257568359375,-0.004302978515625,0,0,0,0,0,0,0,0,Object notstarted,Object notstarted,Object notstarted,Object notstarted,Object notstarted,Object notstarted,Object notstarted,Object notstarted,Object notstarted
2024-03-18 10:30:50,755.755,__main___datalogs,INFO,JoyConState.NORMAL,0.000000,0.000000,0.000000,0.091547,0.006866,0.004577,0.020598,0.000000,0.000000,0.000000,0.000000,0,0,0,0,0,0,0,0,0,0,0,0.045257568359375,-0.004302978515625,0,0,0,0,0,0,0,0,Object notstarted,Object notstarted,Object notstarted,Object notstarted,Object notstarted,Object notstarted,Object notstarted,Object notstarted,Object notstarted
2024-03-18 10:30:50,827.827,__main___datalogs,INFO,JoyConState.NORMAL,0.000000,0.000000,0.000000,0.096125,0.006866,0.011443,0.025176,0.000000,0.000000,0.000000,0.000000,0,0,0,0,0,0,0,0,0,0,0,0.045257568359375,-0.004302978515625,0,0,0,0,0,0,0,0,Object notstarted,Object notstarted,Object notstarted,Object notstarted,Object notstarted,Object notstarted,Object notstarted,Object notstarted,Object notstarted
2024-03-18 10:30:50,906.906,__main___datalogs,INFO,JoyConState.NORMAL,0.000000,0.000000,0.000000,0.091547,0.006866,0.013732,0.020598,0.000000,0.000000,0.000000,0.000000,0,0,0,0,0,0,0,0,0,0,0,0.045257568359375,-0.004302978515625,0,0,0,0,0,0,0,0,Object notstarted,Object notstarted,Object notstarted,Object notstarted,Object notstarted,Object notstarted,Object notstarted,Object notstarted,Object notstarted
2024-03-18 10:30:50,963.963,__main___datalogs,INFO,JoyConState.NORMAL,0.000000,0.000000,0.000000,0.091547,0.006866,0.011443,0.016021,0.000000,0.000000,0.000000,0.000000,0,0,0,0,0,0,0,0,0,0,0,0.045257568359375,-0.004302978515625,0,0,0,0,0,0,0,0,Object notstarted,Object notstarted,Object notstarted,Object notstarted,Object notstarted,Object notstarted,Object notstarted,Object notstarted,Object notstarted
2024-03-18 10:30:51,018.018,__main___datalogs,INFO,JoyConState.NORMAL,0.000000,0.000000,0.000000,0.098413,0.002289,0.004577,0.016021,0.000000,0.000000,0.000000,0.000000,0,0,0,0,0,0,0,0,0,0,0,0.045257568359375,-0.004302978515625,0,0,0,0,0,0,0,0,Object notstarted,Object notstarted,Object notstarted,Object notstarted,Object notstarted,Object notstarted,Object notstarted,Object notstarted,Object notstarted
2024-03-18 10:30:51,074.074,__main___datalogs,INFO,JoyConState.NORMAL,0.000000,0.000000,0.000000,0.091547,0.009155,0.004577,0.025176,0.000000,0.000000,0.000000,0.000000,0,0,0,0,0,0,0,0,0,0,0,0.045257568359375,-0.004302978515625,0,0,0,0,0,0,0,0,Object notstarted,Object notstarted,Object notstarted,Object notstarted,Object notstarted,Object notstarted,Object notstarted,Object notstarted,Object notstarted
2024-03-18 10:30:51,129.129,__main___datalogs,INFO,JoyConState.NORMAL,0.000000,0.000000,0.000000,0.091547,0.002289,0.011443,0.020598,0.000000,0.000000,0.000000,0.000000,0,0,0,0,0,0,0,0,0,0,0,0.045257568359375,-0.004302978515625,0,0,0,0,0,0,0,0,Object notstarted,Object notstarted,Object notstarted,Object notstarted,Object notstarted,Object notstarted,Object notstarted,Object notstarted,Object notstarted
2024-03-18 10:30:51,186.186,__main___datalogs,INFO,JoyConState.NORMAL,0.000000,0.000000,0.000000,0.096125,0.002289,0.011443,0.025176,0.000000,0.000000,0.000000,0.000000,0,0,0,0,0,0,0,0,0,0,0,0.045257568359375,-0.004302978515625,0,0,0,0,0,0,0,0,Object notstarted,Object notstarted,Object notstarted,Object notstarted,Object notstarted,Object notstarted,Object notstarted,Object notstarted,Object notstarted
2024-03-18 10:30:51,258.258,__main___datalogs,INFO,JoyConState.NORMAL,0.000000,0.000000,0.000000,0.096125,0.006866,0.011443,0.025176,0.000000,0.000000,0.000000,0.000000,0,0,0,0,0,0,0,0,0,0,0,0.045257568359375,-0.004302978515625,0,0,0,0,0,0,0,0,Object notstarted,Object notstarted,Object notstarted,Object notstarted,Object notstarted,Object notstarted,Object notstarted,Object notstarted,Object notstarted
2024-03-18 10:30:51,314.314,__main___datalogs,INFO,JoyConState.NORMAL,0.000000,0.000000,0.000000,0.091547,0.006866,0.011443,0.025176,0.000000,0.000000,0.000000,0.000000,0,0,0,0,0,0,0,0,0,0,0,0.045257568359375,-0.004302978515625,0,0,0,0,0,0,0,0,Object notstarted,Object notstarted,Object notstarted,Object notstarted,Object notstarted,Object notstarted,Object notstarted,Object notstarted,Object notstarted
2024-03-18 10:30:51,370.370,__main___datalogs,INFO,JoyConState.NORMAL,0.000000,0.000000,0.000000,0.091547,0.006866,0.011443,0.020598,0.000000,0.000000,0.000000,0.000000,0,0,0,0,0,0,0,0,0,0,0,0.045257568359375,-0.004302978515625,0,0,0,0,0,0,0,0,Object notstarted,Object notstarted,Object notstarted,Object notstarted,Object notstarted,Object notstarted,Object notstarted,Object notstarted,Object notstarted
2024-03-18 10:30:51,426.426,__main___datalogs,INFO,JoyConState.NORMAL,0.000000,0.000000,0.000000,0.091547,0.006866,0.011443,0.020598,0.000000,0.000000,0.000000,0.000000,0,0,0,0,0,0,0,0,0,0,0,0.045257568359375,-0.004302978515625,0,0,0,0,0,0,0,0,Object notstarted,Object notstarted,Object notstarted,Object notstarted,Object notstarted,Object notstarted,Object notstarted,Object notstarted,Object notstarted
2024-03-18 10:30:51,481.481,__main___datalogs,INFO,JoyConState.NORMAL,0.000000,0.000000,0.000000,0.091547,0.002289,0.011443,0.020598,0.000000,0.000000,0.000000,0.000000,0,0,0,0,0,0,0,0,0,0,0,0.045257568359375,-0.004302978515625,0,0,0,0,0,0,0,0,Object notstarted,Object notstarted,Object notstarted,Object notstarted,Object notstarted,Object notstarted,Object notstarted,Object notstarted,Object notstarted
2024-03-18 10:30:51,538.538,__main___datalogs,INFO,JoyConState.NORMAL,0.000000,0.000000,0.000000,0.091547,0.002289,0.011443,0.025176,0.000000,0.000000,0.000000,0.000000,0,0,0,0,0,0,0,0,0,0,0,0.045257568359375,-0.004302978515625,0,0,0,0,0,0,0,0,Object notstarted,Object notstarted,Object notstarted,Object notstarted,Object notstarted,Object notstarted,Object notstarted,Object notstarted,Object notstarted
2024-03-18 10:30:51,593.593,__main___datalogs,INFO,JoyConState.NORMAL,0.000000,0.000000,0.000000,0.098413,0.002289,0.004577,0.025176,0.000000,0.000000,0.000000,0.000000,0,0,0,0,0,0,0,0,0,0,0,0.045257568359375,-0.004302978515625,0,0,0,0,0,0,0,0,Object notstarted,Object notstarted,Object notstarted,Object notstarted,Object notstarted,Object notstarted,Object notstarted,Object notstarted,Object notstarted
2024-03-18 10:30:51,650.650,__main___datalogs,INFO,JoyConState.NORMAL,0.000000,0.000000,0.000000,0.096125,0.006866,0.011443,0.020598,0.000000,0.000000,0.000000,0.000000,0,0,0,0,0,0,0,0,0,0,0,0.045257568359375,-0.004302978515625,0,0,0,0,0,0,0,0,Object notstarted,Object notstarted,Object notstarted,Object notstarted,Object notstarted,Object notstarted,Object notstarted,Object notstarted,Object notstarted
2024-03-18 10:30:51,705.705,__main___datalogs,INFO,JoyConState.NORMAL,0.000000,0.000000,0.000000,0.096125,0.006866,0.011443,0.020598,0.000000,0.000000,0.000000,0.000000,0,0,0,0,0,0,0,0,0,0,0,0.045257568359375,-0.004302978515625,0,0,0,0,0,0,0,0,Object notstarted,Object notstarted,Object notstarted,Object notstarted,Object notstarted,Object notstarted,Object notstarted,Object notstarted,Object notstarted
2024-03-18 10:30:51,761.761,__main___datalogs,INFO,JoyConState.NORMAL,0.000000,0.000000,0.000000,0.091547,0.002289,0.011443,0.025176,0.000000,0.000000,0.000000,0.000000,0,0,0,0,0,0,0,0,0,0,0,0.045257568359375,-0.004302978515625,0,0,0,0,0,0,0,0,Object notstarted,Object notstarted,Object notstarted,Object notstarted,Object notstarted,Object notstarted,Object notstarted,Object notstarted,Object notstarted
2024-03-18 10:30:51,817.817,__main___datalogs,INFO,JoyConState.NORMAL,0.000000,0.000000,0.000000,0.091547,0.002289,0.011443,0.025176,0.000000,0.000000,0.000000,0.000000,0,0,0,0,0,0,0,0,0,0,0,0.045257568359375,-0.004302978515625,0,0,0,0,0,0,0,0,Object notstarted,Object notstarted,Object notstarted,Object notstarted,Object notstarted,Object notstarted,Object notstarted,Object notstarted,Object notstarted
2024-03-18 10:30:51,890.890,__main___datalogs,INFO,JoyConState.NORMAL,0.000000,0.000000,0.000000,0.096125,0.002289,0.011443,0.020598,0.000000,0.000000,0.000000,0.000000,0,0,0,0,0,0,0,0,0,0,0,0.045257568359375,-0.004302978515625,0,0,0,0,0,0,0,0,Object notstarted,Object notstarted,Object notstarted,Object notstarted,Object notstarted,Object notstarted,Object notstarted,Object notstarted,Object notstarted
2024-03-18 10:30:51,969.969,__main___datalogs,INFO,JoyConState.NORMAL,0.000000,0.000000,0.000000,0.096125,0.002289,0.004577,0.025176,0.000000,0.000000,0.000000,0.000000,0,0,0,0,0,0,0,0,0,0,0,0.045257568359375,-0.004302978515625,0,0,0,0,0,0,0,0,Object notstarted,Object notstarted,Object notstarted,Object notstarted,Object notstarted,Object notstarted,Object notstarted,Object notstarted,Object notstarted
2024-03-18 10:30:52,025.025,__main___datalogs,INFO,JoyConState.NORMAL,0.000000,0.000000,0.000000,0.098413,0.002289,0.011443,0.020598,0.000000,0.000000,0.000000,0.000000,0,0,0,0,0,0,0,0,0,0,0,0.045257568359375,-0.004302978515625,0,0,0,0,0,0,0,0,Object notstarted,Object notstarted,Object notstarted,Object notstarted,Object notstarted,Object notstarted,Object notstarted,Object notstarted,Object notstarted
2024-03-18 10:30:52,080.080,__main___datalogs,INFO,JoyConState.NORMAL,0.000000,0.000000,0.000000,0.096125,0.006866,0.011443,0.020598,0.000000,0.000000,0.000000,0.000000,0,0,0,0,0,0,0,0,0,0,0,0.045257568359375,-0.004302978515625,0,0,0,0,0,0,0,0,Object notstarted,Object notstarted,Object notstarted,Object notstarted,Object notstarted,Object notstarted,Object notstarted,Object notstarted,Object notstarted
2024-03-18 10:30:52,136.136,__main___datalogs,INFO,JoyConState.NORMAL,0.000000,0.000000,0.000000,0.091547,0.006866,0.011443,0.025176,0.000000,0.000000,0.000000,0.000000,0,0,0,0,0,0,0,0,0,0,0,0.045257568359375,-0.004302978515625,0,0,0,0,0,0,0,0,Object notstarted,Object notstarted,Object notstarted,Object notstarted,Object notstarted,Object notstarted,Object notstarted,Object notstarted,Object notstarted
2024-03-18 10:30:52,191.191,__main___datalogs,INFO,JoyConState.NORMAL,0.000000,0.000000,0.000000,0.096125,0.006866,0.011443,0.025176,0.000000,0.000000,0.000000,0.000000,0,0,0,0,0,0,0,0,0,0,0,0.045257568359375,-0.004302978515625,0,0,0,0,0,0,0,0,Object notstarted,Object notstarted,Object notstarted,Object notstarted,Object notstarted,Object notstarted,Object notstarted,Object notstarted,Object notstarted
2024-03-18 10:30:52,248.248,__main___datalogs,INFO,JoyConState.NORMAL,0.000000,0.000000,0.000000,0.091547,0.002289,0.013732,0.025176,0.000000,0.000000,0.000000,0.000000,0,0,0,0,0,0,0,0,0,0,0,0.045257568359375,-0.004302978515625,0,0,0,0,0,0,0,0,Object notstarted,Object notstarted,Object notstarted,Object notstarted,Object notstarted,Object notstarted,Object notstarted,Object notstarted,Object notstarted
2024-03-18 10:30:52,303.303,__main___datalogs,INFO,JoyConState.NORMAL,0.000000,0.000000,0.000000,0.091547,0.002289,0.011443,0.025176,0.000000,0.000000,0.000000,0.000000,0,0,0,0,0,0,0,0,0,0,0,0.045257568359375,-0.004302978515625,0,0,0,0,0,0,0,0,Object notstarted,Object notstarted,Object notstarted,Object notstarted,Object notstarted,Object notstarted,Object notstarted,Object notstarted,Object notstarted
2024-03-18 10:30:52,359.359,__main___datalogs,INFO,JoyConState.NORMAL,0.000000,0.000000,0.000000,0.096125,0.002289,0.011443,0.025176,0.000000,0.000000,0.000000,0.000000,0,0,0,0,0,0,0,0,0,0,0,0.045257568359375,-0.004302978515625,0,0,0,0,0,0,0,0,Object notstarted,Object notstarted,Object notstarted,Object notstarted,Object notstarted,Object notstarted,Object notstarted,Object notstarted,Object notstarted
2024-03-18 10:30:52,415.415,__main___datalogs,INFO,JoyConState.NORMAL,0.000000,0.000000,0.000000,0.096125,-0.002289,0.011443,0.020598,0.000000,0.000000,0.000000,0.000000,0,0,0,0,0,0,0,0,0,0,0,0.045257568359375,-0.004302978515625,0,0,0,0,0,0,0,0,Object notstarted,Object notstarted,Object notstarted,Object notstarted,Object notstarted,Object notstarted,Object notstarted,Object notstarted,Object notstarted
2024-03-18 10:30:52,470.470,__main___datalogs,INFO,JoyConState.NORMAL,0.000000,0.000000,0.000000,0.098413,0.002289,0.011443,0.020598,0.000000,0.000000,0.000000,0.000000,0,0,0,0,0,0,0,0,0,0,0,0.045257568359375,-0.004302978515625,0,0,0,0,0,0,0,0,Object notstarted,Object notstarted,Object notstarted,Object notstarted,Object notstarted,Object notstarted,Object notstarted,Object notstarted,Object notstarted
2024-03-18 10:30:52,526.526,__main___datalogs,INFO,JoyConState.NORMAL,0.000000,0.000000,0.000000,0.096125,0.002289,0.004577,0.025176,0.000000,0.000000,0.000000,0.000000,0,0,0,0,0,0,0,0,0,0,0,0.045257568359375,-0.004302978515625,0,0,0,0,0,0,0,0,Object notstarted,Object notstarted,Object notstarted,Object notstarted,Object notstarted,Object notstarted,Object notstarted,Object notstarted,Object notstarted
2024-03-18 10:30:52,583.583,__main___datalogs,INFO,JoyConState.NORMAL,0.000000,0.000000,0.000000,0.091547,0.006866,0.004577,0.020598,0.000000,0.000000,0.000000,0.000000,0,0,0,0,0,0,0,0,0,0,0,0.045257568359375,-0.004302978515625,0,0,0,0,0,0,0,0,Object notstarted,Object notstarted,Object notstarted,Object notstarted,Object notstarted,Object notstarted,Object notstarted,Object notstarted,Object notstarted
2024-03-18 10:30:52,638.638,__main___datalogs,INFO,JoyConState.NORMAL,0.000000,0.000000,0.000000,0.091547,0.006866,0.004577,0.020598,0.000000,0.000000,0.000000,0.000000,0,0,0,0,0,0,0,0,0,0,0,0.045257568359375,-0.004302978515625,0,0,0,0,0,0,0,0,Object notstarted,Object notstarted,Object notstarted,Object notstarted,Object notstarted,Object notstarted,Object notstarted,Object notstarted,Object notstarted
2024-03-18 10:30:52,694.694,__main___datalogs,INFO,JoyConState.NORMAL,0.000000,0.000000,0.000000,0.091547,0.006866,0.013732,0.025176,0.000000,0.000000,0.000000,0.000000,0,0,0,0,0,0,0,0,0,0,0,0.045257568359375,-0.004302978515625,0,0,0,0,0,0,0,0,Object notstarted,Object notstarted,Object notstarted,Object notstarted,Object notstarted,Object notstarted,Object notstarted,Object notstarted,Object notstarted
2024-03-18 10:30:52,765.765,__main___datalogs,INFO,JoyConState.NORMAL,0.000000,0.000000,0.000000,0.096125,0.006866,0.011443,0.020598,0.000000,0.000000,0.000000,0.000000,0,0,0,0,0,0,0,0,0,0,0,0.045257568359375,-0.004302978515625,0,0,0,0,0,0,0,0,Object notstarted,Object notstarted,Object notstarted,Object notstarted,Object notstarted,Object notstarted,Object notstarted,Object notstarted,Object notstarted
2024-03-18 10:30:52,838.838,__main___datalogs,INFO,JoyConState.NORMAL,0.000000,0.000000,0.000000,0.096125,0.006866,0.004577,0.020598,0.000000,0.000000,0.000000,0.000000,0,0,0,0,0,0,0,0,0,0,0,0.045257568359375,-0.004302978515625,0,0,0,0,0,0,0,0,Object notstarted,Object notstarted,Object notstarted,Object notstarted,Object notstarted,Object notstarted,Object notstarted,Object notstarted,Object notstarted
2024-03-18 10:30:52,909.909,__main___datalogs,INFO,JoyConState.NORMAL,0.000000,0.000000,0.000000,0.096125,0.006866,0.004577,0.020598,0.000000,0.000000,0.000000,0.000000,0,0,0,0,0,0,0,0,0,0,0,0.045257568359375,-0.004302978515625,0,0,0,0,0,0,0,0,Object notstarted,Object notstarted,Object notstarted,Object notstarted,Object notstarted,Object notstarted,Object notstarted,Object notstarted,Object notstarted
2024-03-18 10:30:52,982.982,__main___datalogs,INFO,JoyConState.NORMAL,0.000000,0.000000,0.000000,0.096125,0.006866,0.004577,0.020598,0.000000,0.000000,0.000000,0.000000,0,0,0,0,0,0,0,0,0,0,0,0.045257568359375,-0.004302978515625,0,0,0,0,0,0,0,0,Object notstarted,Object notstarted,Object notstarted,Object notstarted,Object notstarted,Object notstarted,Object notstarted,Object notstarted,Object notstarted
2024-03-18 10:30:53,042.042,__main___datalogs,INFO,JoyConState.NORMAL,0.000000,0.000000,0.000000,0.098413,0.006866,0.004577,0.016021,0.000000,0.000000,0.000000,0.000000,0,0,0,0,0,0,0,0,0,0,0,0.045257568359375,-0.004302978515625,0,0,0,0,0,0,0,0,Object notstarted,Object notstarted,Object notstarted,Object notstarted,Object notstarted,Object notstarted,Object notstarted,Object notstarted,Object notstarted
2024-03-18 10:30:53,098.098,__main___datalogs,INFO,JoyConState.NORMAL,0.000000,0.000000,0.000000,0.098413,0.006866,0.004577,0.016021,0.000000,0.000000,0.000000,0.000000,0,0,0,0,0,0,0,0,0,0,0,0.045257568359375,-0.004302978515625,0,0,0,0,0,0,0,0,Object notstarted,Object notstarted,Object notstarted,Object notstarted,Object notstarted,Object notstarted,Object notstarted,Object notstarted,Object notstarted
2024-03-18 10:30:53,153.153,__main___datalogs,INFO,JoyConState.NORMAL,0.000000,0.000000,0.000000,0.091547,0.002289,0.011443,0.020598,0.000000,0.000000,0.000000,0.000000,0,0,0,0,0,0,0,0,0,0,0,0.045257568359375,-0.004302978515625,0,0,0,0,0,0,0,0,Object notstarted,Object notstarted,Object notstarted,Object notstarted,Object notstarted,Object notstarted,Object notstarted,Object notstarted,Object notstarted
2024-03-18 10:30:53,209.209,__main___datalogs,INFO,JoyConState.NORMAL,0.000000,0.000000,0.000000,0.091547,0.006866,0.011443,0.025176,0.000000,0.000000,0.000000,0.000000,0,0,0,0,0,0,0,0,0,0,0,0.045257568359375,-0.004302978515625,0,0,0,0,0,0,0,0,Object notstarted,Object notstarted,Object notstarted,Object notstarted,Object notstarted,Object notstarted,Object notstarted,Object notstarted,Object notstarted
2024-03-18 10:30:53,265.265,__main___datalogs,INFO,JoyConState.NORMAL,0.000000,0.000000,0.000000,0.096125,0.006866,0.011443,0.025176,0.000000,0.000000,0.000000,0.000000,0,0,0,0,0,0,0,0,0,0,0,0.045257568359375,-0.004302978515625,0,0,0,0,0,0,0,0,Object notstarted,Object notstarted,Object notstarted,Object notstarted,Object notstarted,Object notstarted,Object notstarted,Object notstarted,Object notstarted
2024-03-18 10:30:53,321.321,__main___datalogs,INFO,JoyConState.NORMAL,0.000000,0.000000,0.000000,0.091547,0.006866,0.011443,0.020598,0.000000,0.000000,0.000000,0.000000,0,0,0,0,0,0,0,0,0,0,0,0.045257568359375,-0.004302978515625,0,0,0,0,0,0,0,0,Object notstarted,Object notstarted,Object notstarted,Object notstarted,Object notstarted,Object notstarted,Object notstarted,Object notstarted,Object notstarted
2024-03-18 10:30:53,376.376,__main___datalogs,INFO,JoyConState.NORMAL,0.000000,0.000000,0.000000,0.096125,0.002289,0.004577,0.020598,0.000000,0.000000,0.000000,0.000000,0,0,0,0,0,0,0,0,0,0,0,0.045257568359375,-0.004302978515625,0,0,0,0,0,0,0,0,Object notstarted,Object notstarted,Object notstarted,Object notstarted,Object notstarted,Object notstarted,Object notstarted,Object notstarted,Object notstarted
2024-03-18 10:30:53,432.432,__main___datalogs,INFO,JoyConState.NORMAL,0.000000,0.000000,0.000000,0.096125,0.002289,0.011443,0.020598,0.000000,0.000000,0.000000,0.000000,0,0,0,0,0,0,0,0,0,0,0,0.045257568359375,-0.004302978515625,0,0,0,0,0,0,0,0,Object notstarted,Object notstarted,Object notstarted,Object notstarted,Object notstarted,Object notstarted,Object notstarted,Object notstarted,Object notstarted
2024-03-18 10:30:53,488.488,__main___datalogs,INFO,JoyConState.NORMAL,0.000000,0.000000,0.000000,0.096125,0.002289,0.004577,0.020598,0.000000,0.000000,0.000000,0.000000,0,0,0,0,0,0,0,0,0,0,0,0.045257568359375,-0.004302978515625,0,0,0,0,0,0,0,0,Object notstarted,Object notstarted,Object notstarted,Object notstarted,Object notstarted,Object notstarted,Object notstarted,Object notstarted,Object notstarted
2024-03-18 10:30:53,545.545,__main___datalogs,INFO,JoyConState.PREP_SNS,0.000000,0.000000,0.000000,0.096125,0.002289,0.011443,0.020598,0.000000,0.000000,0.000000,0.000000,0,0,0,0,0,0,0,0,0,0,0,0.045257568359375,-0.004302978515625,0,0,0,0,0,0,0,0,Object notstarted,Object notstarted,Object notstarted,Object notstarted,Object notstarted,Object notstarted,Object notstarted,Object notstarted,Object notstarted
2024-03-18 10:30:53,591.591,__main___datalogs,INFO,JoyConState.PREP_SNS,0.000000,0.000000,0.000000,0.091547,0.006866,0.011443,0.020598,0.000000,0.000000,0.000000,0.000000,0,0,0,0,0,0,0,0,0,0,0,0.045257568359375,-0.004302978515625,0,0,0,0,0,0,0,0,Object notstarted,Object notstarted,Object notstarted,Object notstarted,Object notstarted,Object notstarted,Object notstarted,Object notstarted,Object notstarted
2024-03-18 10:30:53,635.635,__main___datalogs,INFO,JoyConState.PREP_SNS,0.000000,0.000000,0.000000,0.091547,0.006866,0.004577,0.020598,0.000000,0.000000,0.000000,0.000000,0,0,0,0,0,0,0,0,0,0,0,0.045257568359375,-0.004302978515625,0,0,0,0,0,0,0,0,Object notstarted,Object notstarted,Object notstarted,Object notstarted,Object notstarted,Object notstarted,Object notstarted,Object notstarted,Object notstarted
2024-03-18 10:30:53,680.680,__main___datalogs,INFO,JoyConState.PREP_SNS,0.000000,0.000000,0.000000,0.096125,0.006866,0.011443,0.025176,0.000000,0.000000,0.000000,0.000000,0,0,0,0,0,0,0,0,0,0,0,0.045257568359375,-0.004302978515625,0,0,0,0,0,0,0,0,Object notstarted,Object notstarted,Object notstarted,Object notstarted,Object notstarted,Object notstarted,Object notstarted,Object notstarted,Object notstarted
2024-03-18 10:30:53,722.722,__main___datalogs,INFO,JoyConState.PREP_SNS,0.000000,0.000000,0.000000,0.096125,0.006866,0.011443,0.020598,0.000000,0.000000,0.000000,0.000000,0,0,0,0,0,0,0,0,0,0,0,0.045257568359375,-0.004302978515625,0,0,0,0,0,0,0,0,Object notstarted,Object notstarted,Object notstarted,Object notstarted,Object notstarted,Object notstarted,Object notstarted,Object notstarted,Object notstarted
2024-03-18 10:30:53,771.771,__main___datalogs,INFO,JoyConState.PREP_SNS,0.000000,0.000000,0.000000,0.096125,0.006866,0.011443,0.025176,0.000000,0.000000,0.000000,0.000000,0,0,0,0,0,0,0,0,0,0,0,0.045257568359375,-0.004302978515625,0,0,0,0,0,0,0,0,Object notstarted,Object notstarted,Object notstarted,Object notstarted,Object notstarted,Object notstarted,Object notstarted,Object notstarted,Object notstarted
2024-03-18 10:30:53,825.825,__main___datalogs,INFO,JoyConState.PREP_SNS,0.000000,0.000000,0.000000,0.096125,0.002289,0.013732,0.025176,0.000000,0.000000,0.000000,0.000000,0,0,0,0,0,0,0,0,0,0,0,0.045257568359375,-0.004302978515625,0,0,0,0,0,0,0,0,Object notstarted,Object notstarted,Object notstarted,Object notstarted,Object notstarted,Object notstarted,Object notstarted,Object notstarted,Object notstarted
2024-03-18 10:30:53,879.879,__main___datalogs,INFO,JoyConState.PREP_SNS,0.000000,0.000000,0.000000,0.091547,0.006866,0.013732,0.025176,0.000000,0.000000,0.000000,0.000000,0,0,0,0,0,0,0,0,0,0,0,0.045257568359375,-0.004302978515625,0,0,0,0,0,0,0,0,Object notstarted,Object notstarted,Object notstarted,Object notstarted,Object notstarted,Object notstarted,Object notstarted,Object notstarted,Object notstarted
2024-03-18 10:30:53,928.928,__main___datalogs,INFO,JoyConState.PREP_SNS,0.000000,0.000000,0.000000,0.096125,0.006866,0.011443,0.020598,0.000000,0.000000,0.000000,0.000000,0,0,0,0,0,0,0,0,0,0,0,0.045257568359375,-0.004302978515625,0,0,0,0,0,0,0,0,Object notstarted,Object notstarted,Object notstarted,Object notstarted,Object notstarted,Object notstarted,Object notstarted,Object notstarted,Object notstarted
2024-03-18 10:30:53,973.973,__main___datalogs,INFO,JoyConState.PREP_SNS,0.000000,0.000000,0.000000,0.096125,0.006866,0.011443,0.020598,0.000000,0.000000,0.000000,0.000000,0,0,0,0,0,0,0,0,0,0,0,0.045257568359375,-0.004302978515625,0,0,0,0,0,0,0,0,Object notstarted,Object notstarted,Object notstarted,Object notstarted,Object notstarted,Object notstarted,Object notstarted,Object notstarted,Object notstarted
2024-03-18 10:30:54,034.034,__main___datalogs,INFO,JoyConState.PREP_SNS,0.000000,0.000000,0.000000,0.096125,0.006866,0.011443,0.020598,0.000000,0.000000,0.000000,0.000000,0,0,0,0,0,0,0,0,0,0,0,0.045257568359375,-0.004302978515625,0,0,0,0,0,0,0,0,Object notstarted,Object notstarted,Object notstarted,Object notstarted,Object notstarted,Object notstarted,Object notstarted,Object notstarted,Object notstarted
2024-03-18 10:30:54,096.096,__main___datalogs,INFO,JoyConState.PREP_SNS,0.000000,0.000000,0.000000,0.091547,0.002289,0.011443,0.020598,0.000000,0.000000,0.000000,0.000000,0,0,0,0,0,0,0,0,0,0,0,0.045257568359375,-0.004302978515625,0,0,0,0,0,0,0,0,Object notstarted,Object notstarted,Object notstarted,Object notstarted,Object notstarted,Object notstarted,Object notstarted,Object notstarted,Object notstarted
2024-03-18 10:30:54,138.138,__main___datalogs,INFO,JoyConState.PREP_SNS,0.000000,0.000000,0.000000,0.091547,0.002289,0.011443,0.025176,0.000000,0.000000,0.000000,0.000000,0,0,0,0,0,0,0,0,0,0,0,0.045257568359375,-0.004302978515625,0,0,0,0,0,0,0,0,Object notstarted,Object notstarted,Object notstarted,Object notstarted,Object notstarted,Object notstarted,Object notstarted,Object notstarted,Object notstarted
2024-03-18 10:30:54,183.183,__main___datalogs,INFO,JoyConState.PREP_SNS,0.000000,0.000000,0.000000,0.096125,0.002289,0.011443,0.020598,0.000000,0.000000,0.000000,0.000000,0,0,0,0,0,0,0,0,0,0,0,0.045257568359375,-0.004302978515625,0,0,0,0,0,0,0,0,Object notstarted,Object notstarted,Object notstarted,Object notstarted,Object notstarted,Object notstarted,Object notstarted,Object notstarted,Object notstarted
2024-03-18 10:30:54,226.226,__main___datalogs,INFO,JoyConState.PREP_SNS,0.000000,0.000000,0.000000,0.096125,0.002289,0.011443,0.020598,0.000000,0.000000,0.000000,0.000000,0,0,0,0,0,0,0,0,0,0,0,0.045257568359375,-0.004302978515625,0,0,0,0,0,0,0,0,Object notstarted,Object notstarted,Object notstarted,Object notstarted,Object notstarted,Object notstarted,Object notstarted,Object notstarted,Object notstarted
2024-03-18 10:30:54,270.270,__main___datalogs,INFO,JoyConState.PREP_SNS,0.000000,0.000000,0.000000,0.096125,0.006866,0.011443,0.020598,0.000000,0.000000,0.000000,0.000000,0,0,0,0,0,0,0,0,0,0,0,0.045257568359375,-0.004302978515625,0,0,0,0,0,0,0,0,Object notstarted,Object notstarted,Object notstarted,Object notstarted,Object notstarted,Object notstarted,Object notstarted,Object notstarted,Object notstarted
2024-03-18 10:30:54,313.313,__main___datalogs,INFO,JoyConState.PREP_SNS,0.000000,0.000000,0.000000,0.098413,0.002289,0.011443,0.020598,0.000000,0.000000,0.000000,0.000000,0,0,0,0,0,0,0,0,0,0,0,0.045257568359375,-0.004302978515625,0,0,0,0,0,0,0,0,Object notstarted,Object notstarted,Object notstarted,Object notstarted,Object notstarted,Object notstarted,Object notstarted,Object notstarted,Object notstarted
2024-03-18 10:30:54,358.358,__main___datalogs,INFO,JoyConState.PREP_SNS,0.000000,0.000000,0.000000,0.091547,0.006866,0.011443,0.025176,0.000000,0.000000,0.000000,0.000000,0,0,0,0,0,0,0,0,0,0,0,0.045257568359375,-0.004302978515625,0,0,0,0,0,0,0,0,Object notstarted,Object notstarted,Object notstarted,Object notstarted,Object notstarted,Object notstarted,Object notstarted,Object notstarted,Object notstarted
2024-03-18 10:30:54,400.400,__main___datalogs,INFO,JoyConState.PREP_SNS,0.000000,0.000000,0.000000,0.091547,0.002289,0.011443,0.025176,0.000000,0.000000,0.000000,0.000000,0,0,0,0,0,0,0,0,0,0,0,0.045257568359375,-0.004302978515625,0,0,0,0,0,0,0,0,Object notstarted,Object notstarted,Object notstarted,Object notstarted,Object notstarted,Object notstarted,Object notstarted,Object notstarted,Object notstarted
2024-03-18 10:30:54,445.445,__main___datalogs,INFO,JoyConState.PREP_SNS,0.000000,0.000000,0.000000,0.091547,0.006866,0.002289,0.025176,0.000000,0.000000,0.000000,0.000000,0,0,0,0,0,0,0,0,0,0,0,0.045257568359375,-0.004302978515625,0,0,0,0,0,0,0,0,Object notstarted,Object notstarted,Object notstarted,Object notstarted,Object notstarted,Object notstarted,Object notstarted,Object notstarted,Object notstarted
2024-03-18 10:30:54,488.488,__main___datalogs,INFO,JoyConState.PREP_SNS,0.000000,0.000000,0.000000,0.091547,-0.002289,0.004577,0.020598,0.000000,0.000000,0.000000,0.000000,0,0,0,0,0,0,0,0,0,0,0,0.045257568359375,-0.004302978515625,0,0,0,0,0,0,0,0,Object notstarted,Object notstarted,Object notstarted,Object notstarted,Object notstarted,Object notstarted,Object notstarted,Object notstarted,Object notstarted
2024-03-18 10:30:54,531.531,__main___datalogs,INFO,JoyConState.PREP_SNS,0.000000,0.000000,0.000000,0.091547,0.002289,0.004577,0.016021,0.000000,0.000000,0.000000,0.000000,0,0,0,0,0,0,0,0,0,0,0,0.045257568359375,-0.004302978515625,0,0,0,0,0,0,0,0,Object notstarted,Object notstarted,Object notstarted,Object notstarted,Object notstarted,Object notstarted,Object notstarted,Object notstarted,Object notstarted
2024-03-18 10:30:54,575.575,__main___datalogs,INFO,JoyConState.PREP_SNS,0.000000,0.000000,0.000000,0.091547,0.002289,0.004577,0.016021,0.000000,0.000000,0.000000,0.000000,0,0,0,0,0,0,0,0,0,0,0,0.045257568359375,-0.004302978515625,0,0,0,0,0,0,0,0,Object notstarted,Object notstarted,Object notstarted,Object notstarted,Object notstarted,Object notstarted,Object notstarted,Object notstarted,Object notstarted
2024-03-18 10:30:54,616.616,__main___datalogs,INFO,JoyConState.PREP_SNS,0.000000,0.000000,0.000000,0.096125,0.006866,0.004577,0.016021,0.000000,0.000000,0.000000,0.000000,0,0,0,0,0,0,0,0,0,0,0,0.045257568359375,-0.004302978515625,0,0,0,0,0,0,0,0,Object notstarted,Object notstarted,Object notstarted,Object notstarted,Object notstarted,Object notstarted,Object notstarted,Object notstarted,Object notstarted
2024-03-18 10:30:54,660.660,__main___datalogs,INFO,JoyConState.PREP_SNS,0.000000,0.000000,0.000000,0.096125,0.006866,0.011443,0.025176,0.000000,0.000000,0.000000,0.000000,0,0,0,0,0,0,0,0,0,0,0,0.045257568359375,-0.004302978515625,0,0,0,0,0,0,0,0,Object notstarted,Object notstarted,Object notstarted,Object notstarted,Object notstarted,Object notstarted,Object notstarted,Object notstarted,Object notstarted
2024-03-18 10:30:54,705.705,__main___datalogs,INFO,JoyConState.PREP_SNS,0.000000,0.000000,0.000000,0.096125,0.002289,0.011443,0.025176,0.000000,0.000000,0.000000,0.000000,0,0,0,0,0,0,0,0,0,0,0,0.045257568359375,-0.004302978515625,0,0,0,0,0,0,0,0,Object notstarted,Object notstarted,Object notstarted,Object notstarted,Object notstarted,Object notstarted,Object notstarted,Object notstarted,Object notstarted
2024-03-18 10:30:54,747.747,__main___datalogs,INFO,JoyConState.PREP_SNS,0.000000,0.000000,0.000000,0.096125,0.002289,0.011443,0.025176,0.000000,0.000000,0.000000,0.000000,0,0,0,0,0,0,0,0,0,0,0,0.045257568359375,-0.004302978515625,0,0,0,0,0,0,0,0,Object notstarted,Object notstarted,Object notstarted,Object notstarted,Object notstarted,Object notstarted,Object notstarted,Object notstarted,Object notstarted
2024-03-18 10:30:54,791.791,__main___datalogs,INFO,JoyConState.PREP_SNS,0.000000,0.000000,0.000000,0.091547,0.006866,0.011443,0.025176,0.000000,0.000000,0.000000,0.000000,0,0,0,0,0,0,0,0,0,0,0,0.045257568359375,-0.004302978515625,0,0,0,0,0,0,0,0,Object notstarted,Object notstarted,Object notstarted,Object notstarted,Object notstarted,Object notstarted,Object notstarted,Object notstarted,Object notstarted
2024-03-18 10:30:54,833.833,__main___datalogs,INFO,JoyConState.PREP_SNS,0.000000,0.000000,0.000000,0.096125,0.006866,0.011443,0.020598,0.000000,0.000000,0.000000,0.000000,0,0,0,0,0,0,0,0,0,0,0,0.045257568359375,-0.004302978515625,0,0,0,0,0,0,0,0,Object notstarted,Object notstarted,Object notstarted,Object notstarted,Object notstarted,Object notstarted,Object notstarted,Object notstarted,Object notstarted
2024-03-18 10:30:54,878.878,__main___datalogs,INFO,JoyConState.PREP_SNS,0.000000,0.000000,0.000000,0.091547,0.006866,0.011443,0.025176,0.000000,0.000000,0.000000,0.000000,0,0,0,0,0,0,0,0,0,0,0,0.045257568359375,-0.004302978515625,0,0,0,0,0,0,0,0,Object notstarted,Object notstarted,Object notstarted,Object notstarted,Object notstarted,Object notstarted,Object notstarted,Object notstarted,Object notstarted
2024-03-18 10:30:54,921.921,__main___datalogs,INFO,JoyConState.PREP_SNS,0.000000,0.000000,0.000000,0.091547,0.006866,0.011443,0.020598,0.000000,0.000000,0.000000,0.000000,0,0,0,0,0,0,0,0,0,0,0,0.045257568359375,-0.004302978515625,0,0,0,0,0,0,0,0,Object notstarted,Object notstarted,Object notstarted,Object notstarted,Object notstarted,Object notstarted,Object notstarted,Object notstarted,Object notstarted
2024-03-18 10:30:54,964.964,__main___datalogs,INFO,JoyConState.PREP_SNS,0.000000,0.000000,0.000000,0.091547,0.006866,0.011443,0.025176,0.000000,0.000000,0.000000,0.000000,0,0,0,0,0,0,0,0,0,0,0,0.045257568359375,-0.004302978515625,0,0,0,0,0,0,0,0,Object notstarted,Object notstarted,Object notstarted,Object notstarted,Object notstarted,Object notstarted,Object notstarted,Object notstarted,Object notstarted
2024-03-18 10:30:55,007.007,__main___datalogs,INFO,JoyConState.PREP_SNS,0.000000,0.000000,0.000000,0.096125,0.006866,0.013732,0.025176,0.000000,0.000000,0.000000,0.000000,0,0,0,0,0,0,0,0,0,0,0,0.045257568359375,-0.004302978515625,0,0,0,0,0,0,0,0,Object notstarted,Object notstarted,Object notstarted,Object notstarted,Object notstarted,Object notstarted,Object notstarted,Object notstarted,Object notstarted
2024-03-18 10:30:55,055.055,__main___datalogs,INFO,JoyConState.PREP_SNS,0.000000,0.000000,0.000000,0.096125,0.006866,0.013732,0.025176,0.000000,0.000000,0.000000,0.000000,0,0,0,0,0,0,0,0,0,0,0,0.045257568359375,-0.004302978515625,0,0,0,0,0,0,0,0,Object notstarted,Object notstarted,Object notstarted,Object notstarted,Object notstarted,Object notstarted,Object notstarted,Object notstarted,Object notstarted
2024-03-18 10:30:55,123.123,__main___datalogs,INFO,JoyConState.PREP_SNS,0.000000,0.000000,0.000000,0.091547,0.006866,0.011443,0.020598,0.000000,0.000000,0.000000,0.000000,0,0,0,0,0,0,0,0,0,0,0,0.045257568359375,-0.004302978515625,0,0,0,0,0,0,0,0,Object notstarted,Object notstarted,Object notstarted,Object notstarted,Object notstarted,Object notstarted,Object notstarted,Object notstarted,Object notstarted
2024-03-18 10:30:55,170.170,__main___datalogs,INFO,JoyConState.PREP_SNS,0.000000,0.000000,0.000000,0.091547,0.006866,0.011443,0.020598,0.000000,0.000000,0.000000,0.000000,0,0,0,0,0,0,0,0,0,0,0,0.045257568359375,-0.004302978515625,0,0,0,0,0,0,0,0,Object notstarted,Object notstarted,Object notstarted,Object notstarted,Object notstarted,Object notstarted,Object notstarted,Object notstarted,Object notstarted
2024-03-18 10:30:55,214.214,__main___datalogs,INFO,JoyConState.PREP_SNS,0.000000,0.000000,0.000000,0.096125,0.006866,0.011443,0.025176,0.000000,0.000000,0.000000,0.000000,0,0,0,0,0,0,0,0,0,0,0,0.045257568359375,-0.004302978515625,0,0,0,0,0,0,0,0,Object notstarted,Object notstarted,Object notstarted,Object notstarted,Object notstarted,Object notstarted,Object notstarted,Object notstarted,Object notstarted
2024-03-18 10:30:55,259.259,__main___datalogs,INFO,JoyConState.PREP_SNS,0.000000,0.000000,0.000000,0.096125,0.006866,0.011443,0.020598,0.000000,0.000000,0.000000,0.000000,0,0,0,0,0,0,0,0,0,0,0,0.045257568359375,-0.004302978515625,0,0,0,0,0,0,0,0,Object notstarted,Object notstarted,Object notstarted,Object notstarted,Object notstarted,Object notstarted,Object notstarted,Object notstarted,Object notstarted
2024-03-18 10:30:55,303.303,__main___datalogs,INFO,JoyConState.PREP_SNS,0.000000,0.000000,0.000000,0.091547,0.006866,0.011443,0.025176,0.000000,0.000000,0.000000,0.000000,0,0,0,0,0,0,0,0,0,0,0,0.045257568359375,-0.004302978515625,0,0,0,0,0,0,0,0,Object notstarted,Object notstarted,Object notstarted,Object notstarted,Object notstarted,Object notstarted,Object notstarted,Object notstarted,Object notstarted
2024-03-18 10:30:55,348.348,__main___datalogs,INFO,JoyConState.PREP_SNS,0.000000,0.000000,0.000000,0.091547,0.006866,0.011443,0.025176,0.000000,0.000000,0.000000,0.000000,0,0,0,0,0,0,0,0,0,0,0,0.045257568359375,-0.004302978515625,0,0,0,0,0,0,0,0,Object notstarted,Object notstarted,Object notstarted,Object notstarted,Object notstarted,Object notstarted,Object notstarted,Object notstarted,Object notstarted
2024-03-18 10:30:55,391.391,__main___datalogs,INFO,JoyConState.PREP_SNS,0.000000,0.000000,0.000000,0.091547,0.002289,0.011443,0.020598,0.000000,0.000000,0.000000,0.000000,0,0,0,0,0,0,0,0,0,0,0,0.045257568359375,-0.004302978515625,0,0,0,0,0,0,0,0,Object notstarted,Object notstarted,Object notstarted,Object notstarted,Object notstarted,Object notstarted,Object notstarted,Object notstarted,Object notstarted
2024-03-18 10:30:55,437.437,__main___datalogs,INFO,JoyConState.PREP_SNS,0.000000,0.000000,0.000000,0.091547,0.002289,0.004577,0.025176,0.000000,0.000000,0.000000,0.000000,0,0,0,0,0,0,0,0,0,0,0,0.045257568359375,-0.004302978515625,0,0,0,0,0,0,0,0,Object notstarted,Object notstarted,Object notstarted,Object notstarted,Object notstarted,Object notstarted,Object notstarted,Object notstarted,Object notstarted
2024-03-18 10:30:55,477.477,__main___datalogs,INFO,JoyConState.PREP_SNS,0.000000,0.000000,0.000000,0.096125,0.002289,0.004577,0.020598,0.000000,0.000000,0.000000,0.000000,0,0,0,0,0,0,0,0,0,0,0,0.045257568359375,-0.004302978515625,0,0,0,0,0,0,0,0,Object notstarted,Object notstarted,Object notstarted,Object notstarted,Object notstarted,Object notstarted,Object notstarted,Object notstarted,Object notstarted
2024-03-18 10:30:55,519.519,__main___datalogs,INFO,JoyConState.PREP_SNS,0.000000,0.000000,0.000000,0.091547,0.002289,0.004577,0.025176,0.000000,0.000000,0.000000,0.000000,0,0,0,0,0,0,0,0,0,0,0,0.045257568359375,-0.004302978515625,0,0,0,0,0,0,0,0,Object notstarted,Object notstarted,Object notstarted,Object notstarted,Object notstarted,Object notstarted,Object notstarted,Object notstarted,Object notstarted
2024-03-18 10:30:55,560.560,__main___datalogs,INFO,JoyConState.PREP_SNS,0.000000,0.000000,0.000000,0.091547,0.002289,0.011443,0.025176,0.000000,0.000000,0.000000,0.000000,0,0,0,0,0,0,0,0,0,0,0,0.045257568359375,-0.004302978515625,0,0,0,0,0,0,0,0,Object notstarted,Object notstarted,Object notstarted,Object notstarted,Object notstarted,Object notstarted,Object notstarted,Object notstarted,Object notstarted
2024-03-18 10:30:55,604.604,__main___datalogs,INFO,JoyConState.PREP_SNS,0.000000,0.000000,0.000000,0.091547,0.006866,0.011443,0.025176,0.000000,0.000000,0.000000,0.000000,0,0,0,0,0,0,0,0,0,0,0,0.045257568359375,-0.004302978515625,0,0,0,0,0,0,0,0,Object notstarted,Object notstarted,Object notstarted,Object notstarted,Object notstarted,Object notstarted,Object notstarted,Object notstarted,Object notstarted
2024-03-18 10:30:55,648.648,__main___datalogs,INFO,JoyConState.PREP_SNS,0.000000,0.000000,0.000000,0.091547,0.006866,0.011443,0.020598,0.000000,0.000000,0.000000,0.000000,0,0,0,0,0,0,0,0,0,0,0,0.045257568359375,-0.004302978515625,0,0,0,0,0,0,0,0,Object notstarted,Object notstarted,Object notstarted,Object notstarted,Object notstarted,Object notstarted,Object notstarted,Object notstarted,Object notstarted
2024-03-18 10:30:55,690.690,__main___datalogs,INFO,JoyConState.PREP_SNS,0.000000,0.000000,0.000000,0.091547,0.006866,0.011443,0.025176,0.000000,0.000000,0.000000,0.000000,0,0,0,0,0,0,0,0,0,0,0,0.045257568359375,-0.004302978515625,0,0,0,0,0,0,0,0,Object notstarted,Object notstarted,Object notstarted,Object notstarted,Object notstarted,Object notstarted,Object notstarted,Object notstarted,Object notstarted
2024-03-18 10:30:55,733.733,__main___datalogs,INFO,JoyConState.PREP_SNS,0.000000,0.000000,0.000000,0.096125,0.006866,0.004577,0.020598,0.000000,0.000000,0.000000,0.000000,0,0,0,0,0,0,0,0,0,0,0,0.045257568359375,-0.004302978515625,0,0,0,0,0,0,0,0,Object notstarted,Object notstarted,Object notstarted,Object notstarted,Object notstarted,Object notstarted,Object notstarted,Object notstarted,Object notstarted
2024-03-18 10:30:55,777.777,__main___datalogs,INFO,JoyConState.PREP_SNS,0.000000,0.000000,0.000000,0.091547,0.002289,0.011443,0.025176,0.000000,0.000000,0.000000,0.000000,0,0,0,0,0,0,0,0,0,0,0,0.045257568359375,-0.004302978515625,0,0,0,0,0,0,0,0,Object notstarted,Object notstarted,Object notstarted,Object notstarted,Object notstarted,Object notstarted,Object notstarted,Object notstarted,Object notstarted
2024-03-18 10:30:55,819.819,__main___datalogs,INFO,JoyConState.PREP_SNS,0.000000,0.000000,0.000000,0.091547,0.002289,0.011443,0.025176,0.000000,0.000000,0.000000,0.000000,0,0,0,0,0,0,0,0,0,0,0,0.045257568359375,-0.004302978515625,0,0,0,0,0,0,0,0,Object notstarted,Object notstarted,Object notstarted,Object notstarted,Object notstarted,Object notstarted,Object notstarted,Object notstarted,Object notstarted
2024-03-18 10:30:55,863.863,__main___datalogs,INFO,JoyConState.PREP_SNS,0.000000,0.000000,0.000000,0.091547,0.002289,0.011443,0.025176,0.000000,0.000000,0.000000,0.000000,0,0,0,0,0,0,0,0,0,0,0,0.045257568359375,-0.004302978515625,0,0,0,0,0,0,0,0,Object notstarted,Object notstarted,Object notstarted,Object notstarted,Object notstarted,Object notstarted,Object notstarted,Object notstarted,Object notstarted
2024-03-18 10:30:55,907.907,__main___datalogs,INFO,JoyConState.PREP_SNS,0.000000,0.000000,0.000000,0.091547,0.002289,0.011443,0.025176,0.000000,0.000000,0.000000,0.000000,0,0,0,0,0,0,0,0,0,0,0,0.045257568359375,-0.004302978515625,0,0,0,0,0,0,0,0,Object notstarted,Object notstarted,Object notstarted,Object notstarted,Object notstarted,Object notstarted,Object notstarted,Object notstarted,Object notstarted
2024-03-18 10:30:55,952.952,__main___datalogs,INFO,JoyConState.PREP_SNS,0.000000,0.000000,0.000000,0.096125,0.002289,0.013732,0.020598,0.000000,0.000000,0.000000,0.000000,0,0,0,0,0,0,0,0,0,0,0,0.045257568359375,-0.004302978515625,0,0,0,0,0,0,0,0,Object notstarted,Object notstarted,Object notstarted,Object notstarted,Object notstarted,Object notstarted,Object notstarted,Object notstarted,Object notstarted
2024-03-18 10:30:55,994.994,__main___datalogs,INFO,JoyConState.PREP_SNS,0.000000,0.000000,0.000000,0.096125,0.006866,0.011443,0.025176,0.000000,0.000000,0.000000,0.000000,0,0,0,0,0,0,0,0,0,0,0,0.045257568359375,-0.004302978515625,0,0,0,0,0,0,0,0,Object notstarted,Object notstarted,Object notstarted,Object notstarted,Object notstarted,Object notstarted,Object notstarted,Object notstarted,Object notstarted
2024-03-18 10:30:56,038.038,__main___datalogs,INFO,JoyConState.PREP_SNS,0.000000,0.000000,0.000000,0.091547,0.006866,0.011443,0.020598,0.000000,0.000000,0.000000,0.000000,0,0,0,0,0,0,0,0,0,0,0,0.045257568359375,-0.004302978515625,0,0,0,0,0,0,0,0,Object notstarted,Object notstarted,Object notstarted,Object notstarted,Object notstarted,Object notstarted,Object notstarted,Object notstarted,Object notstarted
2024-03-18 10:30:56,079.079,__main___datalogs,INFO,JoyConState.PREP_SNS,0.000000,0.000000,0.000000,0.091547,0.009155,0.011443,0.025176,0.000000,0.000000,0.000000,0.000000,0,0,0,0,0,0,0,0,0,0,0,0.045257568359375,-0.004302978515625,0,0,0,0,0,0,0,0,Object notstarted,Object notstarted,Object notstarted,Object notstarted,Object notstarted,Object notstarted,Object notstarted,Object notstarted,Object notstarted
2024-03-18 10:30:56,122.122,__main___datalogs,INFO,JoyConState.PREP_SNS,0.000000,0.000000,0.000000,0.096125,0.006866,0.011443,0.025176,0.000000,0.000000,0.000000,0.000000,0,0,0,0,0,0,0,0,0,0,0,0.045257568359375,-0.004302978515625,0,0,0,0,0,0,0,0,Object notstarted,Object notstarted,Object notstarted,Object notstarted,Object notstarted,Object notstarted,Object notstarted,Object notstarted,Object notstarted
2024-03-18 10:30:56,180.180,__main___datalogs,INFO,JoyConState.PREP_SNS,0.000000,0.000000,0.000000,0.091547,0.006866,0.011443,0.020598,0.000000,0.000000,0.000000,0.000000,0,0,0,0,0,0,0,0,0,0,0,0.045257568359375,-0.004302978515625,0,0,0,0,0,0,0,0,Object notstarted,Object notstarted,Object notstarted,Object notstarted,Object notstarted,Object notstarted,Object notstarted,Object notstarted,Object notstarted
2024-03-18 10:30:56,225.225,__main___datalogs,INFO,JoyConState.PREP_SNS,0.000000,0.000000,0.000000,0.098413,0.006866,0.011443,0.020598,0.000000,0.000000,0.000000,0.000000,0,0,0,0,0,0,0,0,0,0,0,0.045257568359375,-0.004302978515625,0,0,0,0,0,0,0,0,Object notstarted,Object notstarted,Object notstarted,Object notstarted,Object notstarted,Object notstarted,Object notstarted,Object notstarted,Object notstarted
2024-03-18 10:30:56,268.268,__main___datalogs,INFO,JoyConState.PREP_SNS,0.000000,0.000000,0.000000,0.098413,0.006866,0.011443,0.025176,0.000000,0.000000,0.000000,0.000000,0,0,0,0,0,0,0,0,0,0,0,0.045257568359375,-0.004302978515625,0,0,0,0,0,0,0,0,Object notstarted,Object notstarted,Object notstarted,Object notstarted,Object notstarted,Object notstarted,Object notstarted,Object notstarted,Object notstarted
2024-03-18 10:30:56,313.313,__main___datalogs,INFO,JoyConState.PREP_SNS,0.000000,0.000000,0.000000,0.096125,0.002289,0.011443,0.020598,0.000000,0.000000,0.000000,0.000000,0,0,0,0,0,0,0,0,0,0,0,0.045257568359375,-0.004302978515625,0,0,0,0,0,0,0,0,Object notstarted,Object notstarted,Object notstarted,Object notstarted,Object notstarted,Object notstarted,Object notstarted,Object notstarted,Object notstarted
2024-03-18 10:30:56,356.356,__main___datalogs,INFO,JoyConState.PREP_SNS,0.000000,0.000000,0.000000,0.096125,0.002289,0.011443,0.020598,0.000000,0.000000,0.000000,0.000000,0,0,0,0,0,0,0,0,0,0,0,0.045257568359375,-0.004302978515625,0,0,0,0,0,0,0,0,Object notstarted,Object notstarted,Object notstarted,Object notstarted,Object notstarted,Object notstarted,Object notstarted,Object notstarted,Object notstarted
2024-03-18 10:30:56,401.401,__main___datalogs,INFO,JoyConState.PREP_SNS,0.000000,0.000000,0.000000,0.098413,0.006866,0.011443,0.020598,0.000000,0.000000,0.000000,0.000000,0,0,0,0,0,0,0,0,0,0,0,0.045257568359375,-0.004302978515625,0,0,0,0,0,0,0,0,Object notstarted,Object notstarted,Object notstarted,Object notstarted,Object notstarted,Object notstarted,Object notstarted,Object notstarted,Object notstarted
2024-03-18 10:30:56,443.443,__main___datalogs,INFO,JoyConState.PREP_SNS,0.000000,0.000000,0.000000,0.091547,0.006866,0.013732,0.025176,0.000000,0.000000,0.000000,0.000000,0,0,0,0,0,0,0,0,0,0,0,0.045257568359375,-0.004302978515625,0,0,0,0,0,0,0,0,Object notstarted,Object notstarted,Object notstarted,Object notstarted,Object notstarted,Object notstarted,Object notstarted,Object notstarted,Object notstarted
2024-03-18 10:30:56,488.488,__main___datalogs,INFO,JoyConState.PREP_SNS,0.000000,0.000000,0.000000,0.096125,0.002289,0.004577,0.025176,0.000000,0.000000,0.000000,0.000000,0,0,0,0,0,0,0,0,0,0,0,0.045257568359375,-0.004302978515625,0,0,0,0,0,0,0,0,Object notstarted,Object notstarted,Object notstarted,Object notstarted,Object notstarted,Object notstarted,Object notstarted,Object notstarted,Object notstarted
2024-03-18 10:30:56,530.530,__main___datalogs,INFO,JoyConState.PREP_SNS,0.000000,0.000000,0.000000,0.096125,0.002289,0.004577,0.025176,0.000000,0.000000,0.000000,0.000000,0,0,0,0,0,0,0,0,0,0,0,0.045257568359375,-0.004302978515625,0,0,0,0,0,0,0,0,Object notstarted,Object notstarted,Object notstarted,Object notstarted,Object notstarted,Object notstarted,Object notstarted,Object notstarted,Object notstarted
2024-03-18 10:30:56,573.573,__main___datalogs,INFO,JoyConState.PREP_SNS,0.000000,0.000000,0.000000,0.096125,0.002289,0.004577,0.025176,0.000000,0.000000,0.000000,0.000000,0,0,0,0,0,0,0,0,0,0,0,0.045257568359375,-0.004302978515625,0,0,0,0,0,0,0,0,Object notstarted,Object notstarted,Object notstarted,Object notstarted,Object notstarted,Object notstarted,Object notstarted,Object notstarted,Object notstarted
2024-03-18 10:30:56,615.615,__main___datalogs,INFO,JoyConState.PREP_SNS,0.000000,0.000000,0.000000,0.091547,0.006866,0.013732,0.020598,0.000000,0.000000,0.000000,0.000000,0,0,0,0,0,0,0,0,0,0,0,0.045257568359375,-0.004302978515625,0,0,0,0,0,0,0,0,Object notstarted,Object notstarted,Object notstarted,Object notstarted,Object notstarted,Object notstarted,Object notstarted,Object notstarted,Object notstarted
2024-03-18 10:30:56,657.657,__main___datalogs,INFO,JoyConState.PREP_SNS,0.000000,0.000000,0.000000,0.091547,0.006866,0.011443,0.025176,0.000000,0.000000,0.000000,0.000000,0,0,0,0,0,0,0,0,0,0,0,0.045257568359375,-0.004302978515625,0,0,0,0,0,0,0,0,Object notstarted,Object notstarted,Object notstarted,Object notstarted,Object notstarted,Object notstarted,Object notstarted,Object notstarted,Object notstarted
2024-03-18 10:30:56,700.700,__main___datalogs,INFO,JoyConState.PREP_SNS,0.000000,0.000000,0.000000,0.096125,0.002289,0.004577,0.025176,0.000000,0.000000,0.000000,0.000000,0,0,0,0,0,0,0,0,0,0,0,0.045257568359375,-0.004302978515625,0,0,0,0,0,0,0,0,Object notstarted,Object notstarted,Object notstarted,Object notstarted,Object notstarted,Object notstarted,Object notstarted,Object notstarted,Object notstarted
2024-03-18 10:30:56,748.748,__main___datalogs,INFO,JoyConState.PREP_SNS,0.000000,0.000000,0.000000,0.091547,0.002289,0.004577,0.025176,0.000000,0.000000,0.000000,0.000000,0,0,0,0,0,0,0,0,0,0,0,0.045257568359375,-0.004302978515625,0,0,0,0,0,0,0,0,Object notstarted,Object notstarted,Object notstarted,Object notstarted,Object notstarted,Object notstarted,Object notstarted,Object notstarted,Object notstarted
2024-03-18 10:30:56,789.789,__main___datalogs,INFO,JoyConState.PREP_SNS,0.000000,0.000000,0.000000,0.096125,0.009155,0.004577,0.020598,0.000000,0.000000,0.000000,0.000000,0,0,0,0,0,0,0,0,0,0,0,0.045257568359375,-0.004302978515625,0,0,0,0,0,0,0,0,Object notstarted,Object notstarted,Object notstarted,Object notstarted,Object notstarted,Object notstarted,Object notstarted,Object notstarted,Object notstarted
2024-03-18 10:30:56,834.834,__main___datalogs,INFO,JoyConState.PREP_SNS,0.000000,0.000000,0.000000,0.091547,0.006866,0.004577,0.025176,0.000000,0.000000,0.000000,0.000000,0,0,0,0,0,0,0,0,0,0,0,0.045257568359375,-0.004302978515625,0,0,0,0,0,0,0,0,Object notstarted,Object notstarted,Object notstarted,Object notstarted,Object notstarted,Object notstarted,Object notstarted,Object notstarted,Object notstarted
2024-03-18 10:30:56,878.878,__main___datalogs,INFO,JoyConState.PREP_SNS,0.000000,0.000000,0.000000,0.091547,0.006866,0.011443,0.020598,0.000000,0.000000,0.000000,0.000000,0,0,0,0,0,0,0,0,0,0,0,0.045257568359375,-0.004302978515625,0,0,0,0,0,0,0,0,Object notstarted,Object notstarted,Object notstarted,Object notstarted,Object notstarted,Object notstarted,Object notstarted,Object notstarted,Object notstarted
2024-03-18 10:30:56,922.922,__main___datalogs,INFO,JoyConState.PREP_SNS,0.000000,0.000000,0.000000,0.091547,0.006866,0.011443,0.025176,0.000000,0.000000,0.000000,0.000000,0,0,0,0,0,0,0,0,0,0,0,0.045257568359375,-0.004302978515625,0,0,0,0,0,0,0,0,Object notstarted,Object notstarted,Object notstarted,Object notstarted,Object notstarted,Object notstarted,Object notstarted,Object notstarted,Object notstarted
2024-03-18 10:30:56,966.966,__main___datalogs,INFO,JoyConState.PREP_SNS,0.000000,0.000000,0.000000,0.091547,0.006866,0.013732,0.025176,0.000000,0.000000,0.000000,0.000000,0,0,0,0,0,0,0,0,0,0,0,0.045257568359375,-0.004302978515625,0,0,0,0,0,0,0,0,Object notstarted,Object notstarted,Object notstarted,Object notstarted,Object notstarted,Object notstarted,Object notstarted,Object notstarted,Object notstarted
2024-03-18 10:30:57,009.009,__main___datalogs,INFO,JoyConState.PREP_SNS,0.000000,0.000000,0.000000,0.091547,0.006866,0.011443,0.020598,0.000000,0.000000,0.000000,0.000000,0,0,0,0,0,0,0,0,0,0,0,0.045257568359375,-0.004302978515625,0,0,0,0,0,0,0,0,Object notstarted,Object notstarted,Object notstarted,Object notstarted,Object notstarted,Object notstarted,Object notstarted,Object notstarted,Object notstarted
2024-03-18 10:30:57,051.051,__main___datalogs,INFO,JoyConState.PREP_SNS,0.000000,0.000000,0.000000,0.091547,0.006866,0.011443,0.020598,0.000000,0.000000,0.000000,0.000000,0,0,0,0,0,0,0,0,0,0,0,0.045257568359375,-0.004302978515625,0,0,0,0,0,0,0,0,Object notstarted,Object notstarted,Object notstarted,Object notstarted,Object notstarted,Object notstarted,Object notstarted,Object notstarted,Object notstarted
2024-03-18 10:30:57,095.095,__main___datalogs,INFO,JoyConState.PREP_SNS,0.000000,0.000000,0.000000,0.096125,0.006866,0.011443,0.020598,0.000000,0.000000,0.000000,0.000000,0,0,0,0,0,0,0,0,0,0,0,0.045257568359375,-0.004302978515625,0,0,0,0,0,0,0,0,Object notstarted,Object notstarted,Object notstarted,Object notstarted,Object notstarted,Object notstarted,Object notstarted,Object notstarted,Object notstarted
2024-03-18 10:30:57,137.137,__main___datalogs,INFO,JoyConState.PREP_SNS,0.000000,0.000000,0.000000,0.091547,0.006866,0.011443,0.020598,0.000000,0.000000,0.000000,0.000000,0,0,0,0,0,0,0,0,0,0,0,0.045257568359375,-0.004302978515625,0,0,0,0,0,0,0,0,Object notstarted,Object notstarted,Object notstarted,Object notstarted,Object notstarted,Object notstarted,Object notstarted,Object notstarted,Object notstarted
2024-03-18 10:30:57,177.177,__main___datalogs,INFO,JoyConState.PREP_SNS,0.000000,0.000000,0.000000,0.091547,0.006866,0.004577,0.020598,0.000000,0.000000,0.000000,0.000000,0,0,0,0,0,0,0,0,0,0,0,0.045257568359375,-0.004302978515625,0,0,0,0,0,0,0,0,Object notstarted,Object notstarted,Object notstarted,Object notstarted,Object notstarted,Object notstarted,Object notstarted,Object notstarted,Object notstarted
2024-03-18 10:30:57,222.222,__main___datalogs,INFO,JoyConState.PREP_SNS,0.000000,0.000000,0.000000,0.091547,0.002289,0.011443,0.025176,0.000000,0.000000,0.000000,0.000000,0,0,0,0,0,0,0,0,0,0,0,0.045257568359375,-0.004302978515625,0,0,0,0,0,0,0,0,Object notstarted,Object notstarted,Object notstarted,Object notstarted,Object notstarted,Object notstarted,Object notstarted,Object notstarted,Object notstarted
2024-03-18 10:30:57,266.266,__main___datalogs,INFO,JoyConState.PREP_SNS,0.000000,0.000000,0.000000,0.091547,0.006866,0.004577,0.025176,0.000000,0.000000,0.000000,0.000000,0,0,0,0,0,0,0,0,0,0,0,0.045257568359375,-0.004302978515625,0,0,0,0,0,0,0,0,Object notstarted,Object notstarted,Object notstarted,Object notstarted,Object notstarted,Object notstarted,Object notstarted,Object notstarted,Object notstarted
2024-03-18 10:30:57,309.309,__main___datalogs,INFO,JoyConState.PREP_SNS,0.000000,0.000000,0.000000,0.091547,0.002289,0.011443,0.025176,0.000000,0.000000,0.000000,0.000000,0,0,0,0,0,0,0,0,0,0,0,0.045257568359375,-0.004302978515625,0,0,0,0,0,0,0,0,Object notstarted,Object notstarted,Object notstarted,Object notstarted,Object notstarted,Object notstarted,Object notstarted,Object notstarted,Object notstarted
2024-03-18 10:30:57,356.356,__main___datalogs,INFO,JoyConState.PREP_SNS,0.000000,0.000000,0.000000,0.091547,0.002289,0.011443,0.020598,0.000000,0.000000,0.000000,0.000000,0,0,0,0,0,0,0,0,0,0,0,0.045257568359375,-0.004302978515625,0,0,0,0,0,0,0,0,Object notstarted,Object notstarted,Object notstarted,Object notstarted,Object notstarted,Object notstarted,Object notstarted,Object notstarted,Object notstarted
2024-03-18 10:30:57,400.400,__main___datalogs,INFO,JoyConState.PREP_SNS,0.000000,0.000000,0.000000,0.091547,0.006866,0.011443,0.025176,0.000000,0.000000,0.000000,0.000000,0,0,0,0,0,0,0,0,0,0,0,0.045257568359375,-0.004302978515625,0,0,0,0,0,0,0,0,Object notstarted,Object notstarted,Object notstarted,Object notstarted,Object notstarted,Object notstarted,Object notstarted,Object notstarted,Object notstarted
2024-03-18 10:30:57,447.447,__main___datalogs,INFO,JoyConState.PREP_SNS,0.000000,0.000000,0.000000,0.096125,0.006866,0.011443,0.020598,0.000000,0.000000,0.000000,0.000000,0,0,0,0,0,0,0,0,0,0,0,0.045257568359375,-0.004302978515625,0,0,0,0,0,0,0,0,Object notstarted,Object notstarted,Object notstarted,Object notstarted,Object notstarted,Object notstarted,Object notstarted,Object notstarted,Object notstarted
2024-03-18 10:30:57,490.490,__main___datalogs,INFO,JoyConState.PREP_SNS,0.000000,0.000000,0.000000,0.096125,0.006866,0.011443,0.020598,0.000000,0.000000,0.000000,0.000000,0,0,0,0,0,0,0,0,0,0,0,0.045257568359375,-0.004302978515625,0,0,0,0,0,0,0,0,Object notstarted,Object notstarted,Object notstarted,Object notstarted,Object notstarted,Object notstarted,Object notstarted,Object notstarted,Object notstarted
2024-03-18 10:30:57,535.535,__main___datalogs,INFO,JoyConState.PREP_SNS,0.000000,0.000000,0.000000,0.096125,0.006866,0.011443,0.025176,0.000000,0.000000,0.000000,0.000000,0,0,0,0,0,0,0,0,0,0,0,0.045257568359375,-0.004302978515625,0,0,0,0,0,0,0,0,Object notstarted,Object notstarted,Object notstarted,Object notstarted,Object notstarted,Object notstarted,Object notstarted,Object notstarted,Object notstarted
2024-03-18 10:30:57,578.578,__main___datalogs,INFO,JoyConState.PREP_SNS,0.000000,0.000000,0.000000,0.098413,0.006866,0.011443,0.025176,0.000000,0.000000,0.000000,0.000000,0,0,0,0,0,0,0,0,0,0,0,0.045257568359375,-0.004302978515625,0,0,0,0,0,0,0,0,Object notstarted,Object notstarted,Object notstarted,Object notstarted,Object notstarted,Object notstarted,Object notstarted,Object notstarted,Object notstarted
2024-03-18 10:30:57,623.623,__main___datalogs,INFO,JoyConState.PREP_SNS,0.000000,0.000000,0.000000,0.098413,0.006866,0.011443,0.020598,0.000000,0.000000,0.000000,0.000000,0,0,0,0,0,0,0,0,0,0,0,0.045257568359375,-0.004302978515625,0,0,0,0,0,0,0,0,Object notstarted,Object notstarted,Object notstarted,Object notstarted,Object notstarted,Object notstarted,Object notstarted,Object notstarted,Object notstarted
2024-03-18 10:30:57,666.666,__main___datalogs,INFO,JoyConState.PREP_SNS,0.000000,0.000000,0.000000,0.091547,0.006866,0.011443,0.025176,0.000000,0.000000,0.000000,0.000000,0,0,0,0,0,0,0,0,0,0,0,0.045257568359375,-0.004302978515625,0,0,0,0,0,0,0,0,Object notstarted,Object notstarted,Object notstarted,Object notstarted,Object notstarted,Object notstarted,Object notstarted,Object notstarted,Object notstarted
2024-03-18 10:30:57,711.711,__main___datalogs,INFO,JoyConState.PREP_SNS,0.000000,0.000000,0.000000,0.091547,0.002289,0.011443,0.020598,0.000000,0.000000,0.000000,0.000000,0,0,0,0,0,0,0,0,0,0,0,0.045257568359375,-0.004302978515625,0,0,0,0,0,0,0,0,Object notstarted,Object notstarted,Object notstarted,Object notstarted,Object notstarted,Object notstarted,Object notstarted,Object notstarted,Object notstarted
2024-03-18 10:30:57,753.753,__main___datalogs,INFO,JoyConState.PREP_SNS,0.000000,0.000000,0.000000,0.091547,0.002289,0.011443,0.020598,0.000000,0.000000,0.000000,0.000000,0,0,0,0,0,0,0,0,0,0,0,0.045257568359375,-0.004302978515625,0,0,0,0,0,0,0,0,Object notstarted,Object notstarted,Object notstarted,Object notstarted,Object notstarted,Object notstarted,Object notstarted,Object notstarted,Object notstarted
2024-03-18 10:30:57,796.796,__main___datalogs,INFO,JoyConState.PREP_SNS,0.000000,0.000000,0.000000,0.091547,0.002289,0.013732,0.020598,0.000000,0.000000,0.000000,0.000000,0,0,0,0,0,0,0,0,0,0,0,0.045257568359375,-0.004302978515625,0,0,0,0,0,0,0,0,Object notstarted,Object notstarted,Object notstarted,Object notstarted,Object notstarted,Object notstarted,Object notstarted,Object notstarted,Object notstarted
2024-03-18 10:30:57,844.844,__main___datalogs,INFO,JoyConState.PREP_SNS,0.000000,0.000000,0.000000,0.091547,0.002289,0.013732,0.025176,0.000000,0.000000,0.000000,0.000000,0,0,0,0,0,0,0,0,0,0,0,0.045257568359375,-0.004302978515625,0,0,0,0,0,0,0,0,Object notstarted,Object notstarted,Object notstarted,Object notstarted,Object notstarted,Object notstarted,Object notstarted,Object notstarted,Object notstarted
2024-03-18 10:30:57,889.889,__main___datalogs,INFO,JoyConState.PREP_SNS,0.000000,0.000000,0.000000,0.091547,0.002289,0.011443,0.025176,0.000000,0.000000,0.000000,0.000000,0,0,0,0,0,0,0,0,0,0,0,0.045257568359375,-0.004302978515625,0,0,0,0,0,0,0,0,Object notstarted,Object notstarted,Object notstarted,Object notstarted,Object notstarted,Object notstarted,Object notstarted,Object notstarted,Object notstarted
2024-03-18 10:30:57,932.932,__main___datalogs,INFO,JoyConState.PREP_SNS,0.000000,0.000000,0.000000,0.091547,0.006866,0.004577,0.020598,0.000000,0.000000,0.000000,0.000000,0,0,0,0,0,0,0,0,0,0,0,0.045257568359375,-0.004302978515625,0,0,0,0,0,0,0,0,Object notstarted,Object notstarted,Object notstarted,Object notstarted,Object notstarted,Object notstarted,Object notstarted,Object notstarted,Object notstarted
2024-03-18 10:30:57,974.974,__main___datalogs,INFO,JoyConState.PREP_SNS,0.000000,0.000000,0.000000,0.096125,0.006866,0.004577,0.025176,0.000000,0.000000,0.000000,0.000000,0,0,0,0,0,0,0,0,0,0,0,0.045257568359375,-0.004302978515625,0,0,0,0,0,0,0,0,Object notstarted,Object notstarted,Object notstarted,Object notstarted,Object notstarted,Object notstarted,Object notstarted,Object notstarted,Object notstarted
2024-03-18 10:30:58,016.016,__main___datalogs,INFO,JoyConState.PREP_SNS,0.000000,0.000000,0.000000,0.098413,0.002289,0.011443,0.025176,0.000000,0.000000,0.000000,0.000000,0,0,0,0,0,0,0,0,0,0,0,0.045257568359375,-0.004302978515625,0,0,0,0,0,0,0,0,Object notstarted,Object notstarted,Object notstarted,Object notstarted,Object notstarted,Object notstarted,Object notstarted,Object notstarted,Object notstarted
2024-03-18 10:30:58,060.060,__main___datalogs,INFO,JoyConState.PREP_SNS,0.000000,0.000000,0.000000,0.096125,0.002289,0.011443,0.020598,0.000000,0.000000,0.000000,0.000000,0,0,0,0,0,0,0,0,0,0,0,0.045257568359375,-0.004302978515625,0,0,0,0,0,0,0,0,Object notstarted,Object notstarted,Object notstarted,Object notstarted,Object notstarted,Object notstarted,Object notstarted,Object notstarted,Object notstarted
2024-03-18 10:30:58,102.102,__main___datalogs,INFO,JoyConState.PREP_SNS,0.000000,0.000000,0.000000,0.096125,0.006866,0.011443,0.020598,0.000000,0.000000,0.000000,0.000000,0,0,0,0,0,0,0,0,0,0,0,0.045257568359375,-0.004302978515625,0,0,0,0,0,0,0,0,Object notstarted,Object notstarted,Object notstarted,Object notstarted,Object notstarted,Object notstarted,Object notstarted,Object notstarted,Object notstarted
2024-03-18 10:30:58,148.148,__main___datalogs,INFO,JoyConState.PREP_SNS,0.000000,0.000000,0.000000,0.096125,0.006866,0.011443,0.025176,0.000000,0.000000,0.000000,0.000000,0,0,0,0,0,0,0,0,0,0,0,0.045257568359375,-0.004302978515625,0,0,0,0,0,0,0,0,Object notstarted,Object notstarted,Object notstarted,Object notstarted,Object notstarted,Object notstarted,Object notstarted,Object notstarted,Object notstarted
2024-03-18 10:30:58,190.190,__main___datalogs,INFO,JoyConState.PREP_SNS,0.000000,0.000000,0.000000,0.096125,0.009155,0.011443,0.020598,0.000000,0.000000,0.000000,0.000000,0,0,0,0,0,0,0,0,0,0,0,0.045257568359375,-0.004302978515625,0,0,0,0,0,0,0,0,Object notstarted,Object notstarted,Object notstarted,Object notstarted,Object notstarted,Object notstarted,Object notstarted,Object notstarted,Object notstarted
2024-03-18 10:30:58,234.234,__main___datalogs,INFO,JoyConState.PREP_SNS,0.000000,0.000000,0.000000,0.096125,0.006866,0.011443,0.025176,0.000000,0.000000,0.000000,0.000000,0,0,0,0,0,0,0,0,0,0,0,0.045257568359375,-0.004302978515625,0,0,0,0,0,0,0,0,Object notstarted,Object notstarted,Object notstarted,Object notstarted,Object notstarted,Object notstarted,Object notstarted,Object notstarted,Object notstarted
2024-03-18 10:30:58,292.292,__main___datalogs,INFO,JoyConState.PREP_SNS,0.000000,0.000000,0.000000,0.091547,0.006866,0.011443,0.025176,0.000000,0.000000,0.000000,0.000000,0,0,0,0,0,0,0,0,0,0,0,0.045257568359375,-0.004302978515625,0,0,0,0,0,0,0,0,Object notstarted,Object notstarted,Object notstarted,Object notstarted,Object notstarted,Object notstarted,Object notstarted,Object notstarted,Object notstarted
2024-03-18 10:30:58,355.355,__main___datalogs,INFO,JoyConState.PREP_SNS,0.000000,0.000000,0.000000,0.091547,0.002289,0.011443,0.025176,0.000000,0.000000,0.000000,0.000000,0,0,0,0,0,0,0,0,0,0,0,0.045257568359375,-0.004302978515625,0,0,0,0,0,0,0,0,Object notstarted,Object notstarted,Object notstarted,Object notstarted,Object notstarted,Object notstarted,Object notstarted,Object notstarted,Object notstarted
2024-03-18 10:30:58,396.396,__main___datalogs,INFO,JoyConState.PREP_SNS,0.000000,0.000000,0.000000,0.091547,0.002289,0.002289,0.025176,0.000000,0.000000,0.000000,0.000000,0,0,0,0,0,0,0,0,0,0,0,0.045257568359375,-0.004302978515625,0,0,0,0,0,0,0,0,Object notstarted,Object notstarted,Object notstarted,Object notstarted,Object notstarted,Object notstarted,Object notstarted,Object notstarted,Object notstarted
2024-03-18 10:30:58,440.440,__main___datalogs,INFO,JoyConState.PREP_SNS,0.000000,0.000000,0.000000,0.091547,0.002289,0.004577,0.025176,0.000000,0.000000,0.000000,0.000000,0,0,0,0,0,0,0,0,0,0,0,0.045257568359375,-0.004302978515625,0,0,0,0,0,0,0,0,Object notstarted,Object notstarted,Object notstarted,Object notstarted,Object notstarted,Object notstarted,Object notstarted,Object notstarted,Object notstarted
2024-03-18 10:30:58,480.480,__main___datalogs,INFO,JoyConState.PREP_SNS,0.000000,0.000000,0.000000,0.096125,0.002289,0.004577,0.020598,0.000000,0.000000,0.000000,0.000000,0,0,0,0,0,0,0,0,0,0,0,0.045257568359375,-0.004302978515625,0,0,0,0,0,0,0,0,Object notstarted,Object notstarted,Object notstarted,Object notstarted,Object notstarted,Object notstarted,Object notstarted,Object notstarted,Object notstarted
2024-03-18 10:30:58,524.524,__main___datalogs,INFO,JoyConState.PREP_SNS,0.000000,0.000000,0.000000,0.096125,0.002289,0.011443,0.020598,0.000000,0.000000,0.000000,0.000000,0,0,0,0,0,0,0,0,0,0,0,0.045257568359375,-0.004302978515625,0,0,0,0,0,0,0,0,Object notstarted,Object notstarted,Object notstarted,Object notstarted,Object notstarted,Object notstarted,Object notstarted,Object notstarted,Object notstarted
2024-03-18 10:30:58,567.567,__main___datalogs,INFO,JoyConState.PREP_SNS,0.000000,0.000000,0.000000,0.096125,0.002289,0.011443,0.025176,0.000000,0.000000,0.000000,0.000000,0,0,0,0,0,0,0,0,0,0,0,0.045257568359375,-0.004302978515625,0,0,0,0,0,0,0,0,Object notstarted,Object notstarted,Object notstarted,Object notstarted,Object notstarted,Object notstarted,Object notstarted,Object notstarted,Object notstarted
2024-03-18 10:30:58,612.612,__main___datalogs,INFO,JoyConState.PREP_SNS,0.000000,0.000000,0.000000,0.096125,0.006866,0.011443,0.025176,0.000000,0.000000,0.000000,0.000000,0,0,0,0,0,0,0,0,0,0,0,0.045257568359375,-0.004302978515625,0,0,0,0,0,0,0,0,Object notstarted,Object notstarted,Object notstarted,Object notstarted,Object notstarted,Object notstarted,Object notstarted,Object notstarted,Object notstarted
2024-03-18 10:30:58,655.655,__main___datalogs,INFO,JoyConState.PREP_SNS,0.000000,0.000000,0.000000,0.091547,0.006866,0.011443,0.025176,0.000000,0.000000,0.000000,0.000000,0,0,0,0,0,0,0,0,0,0,0,0.045257568359375,-0.004302978515625,0,0,0,0,0,0,0,0,Object notstarted,Object notstarted,Object notstarted,Object notstarted,Object notstarted,Object notstarted,Object notstarted,Object notstarted,Object notstarted
2024-03-18 10:30:58,701.701,__main___datalogs,INFO,JoyConState.PREP_SNS,0.000000,0.000000,0.000000,0.091547,0.006866,0.011443,0.020598,0.000000,0.000000,0.000000,0.000000,0,0,0,0,0,0,0,0,0,0,0,0.045257568359375,-0.004302978515625,0,0,0,0,0,0,0,0,Object notstarted,Object notstarted,Object notstarted,Object notstarted,Object notstarted,Object notstarted,Object notstarted,Object notstarted,Object notstarted
2024-03-18 10:30:58,744.744,__main___datalogs,INFO,JoyConState.PREP_SNS,0.000000,0.000000,0.000000,0.091547,0.002289,0.011443,0.020598,0.000000,0.000000,0.000000,0.000000,0,0,0,0,0,0,0,0,0,0,0,0.045257568359375,-0.004302978515625,0,0,0,0,0,0,0,0,Object notstarted,Object notstarted,Object notstarted,Object notstarted,Object notstarted,Object notstarted,Object notstarted,Object notstarted,Object notstarted
2024-03-18 10:30:58,791.791,__main___datalogs,INFO,JoyConState.PREP_SNS,0.000000,0.000000,0.000000,0.096125,-0.002289,0.011443,0.025176,0.000000,0.000000,0.000000,0.000000,0,0,0,0,0,0,0,0,0,0,0,0.045257568359375,-0.004302978515625,0,0,0,0,0,0,0,0,Object notstarted,Object notstarted,Object notstarted,Object notstarted,Object notstarted,Object notstarted,Object notstarted,Object notstarted,Object notstarted
2024-03-18 10:30:58,834.834,__main___datalogs,INFO,JoyConState.PREP_SNS,0.000000,0.000000,0.000000,0.096125,0.006866,0.011443,0.025176,0.000000,0.000000,0.000000,0.000000,0,0,0,0,0,0,0,0,0,0,0,0.045257568359375,-0.004302978515625,0,0,0,0,0,0,0,0,Object notstarted,Object notstarted,Object notstarted,Object notstarted,Object notstarted,Object notstarted,Object notstarted,Object notstarted,Object notstarted
2024-03-18 10:30:58,879.879,__main___datalogs,INFO,JoyConState.PREP_SNS,0.000000,0.000000,0.000000,0.096125,0.006866,0.011443,0.025176,0.000000,0.000000,0.000000,0.000000,0,0,0,0,0,0,0,0,0,0,0,0.045257568359375,-0.004302978515625,0,0,0,0,0,0,0,0,Object notstarted,Object notstarted,Object notstarted,Object notstarted,Object notstarted,Object notstarted,Object notstarted,Object notstarted,Object notstarted
2024-03-18 10:30:58,921.921,__main___datalogs,INFO,JoyConState.PREP_SNS,0.000000,0.000000,0.000000,0.096125,0.006866,0.004577,0.025176,0.000000,0.000000,0.000000,0.000000,0,0,0,0,0,0,0,0,0,0,0,0.045257568359375,-0.004302978515625,0,0,0,0,0,0,0,0,Object notstarted,Object notstarted,Object notstarted,Object notstarted,Object notstarted,Object notstarted,Object notstarted,Object notstarted,Object notstarted
2024-03-18 10:30:58,966.966,__main___datalogs,INFO,JoyConState.PREP_SNS,0.000000,0.000000,0.000000,0.096125,0.006866,0.004577,0.020598,0.000000,0.000000,0.000000,0.000000,0,0,0,0,0,0,0,0,0,0,0,0.045257568359375,-0.004302978515625,0,0,0,0,0,0,0,0,Object notstarted,Object notstarted,Object notstarted,Object notstarted,Object notstarted,Object notstarted,Object notstarted,Object notstarted,Object notstarted
2024-03-18 10:30:59,008.008,__main___datalogs,INFO,JoyConState.PREP_SNS,0.000000,0.000000,0.000000,0.098413,0.006866,0.004577,0.025176,0.000000,0.000000,0.000000,0.000000,0,0,0,0,0,0,0,0,0,0,0,0.045257568359375,-0.004302978515625,0,0,0,0,0,0,0,0,Object notstarted,Object notstarted,Object notstarted,Object notstarted,Object notstarted,Object notstarted,Object notstarted,Object notstarted,Object notstarted
2024-03-18 10:30:59,054.054,__main___datalogs,INFO,JoyConState.PREP_SNS,0.000000,0.000000,0.000000,0.096125,0.006866,0.004577,0.020598,0.000000,0.000000,0.000000,0.000000,0,0,0,0,0,0,0,0,0,0,0,0.045257568359375,-0.004302978515625,0,0,0,0,0,0,0,0,Object notstarted,Object notstarted,Object notstarted,Object notstarted,Object notstarted,Object notstarted,Object notstarted,Object notstarted,Object notstarted
2024-03-18 10:30:59,096.096,__main___datalogs,INFO,JoyConState.PREP_SNS,0.000000,0.000000,0.000000,0.096125,0.002289,0.011443,0.025176,0.000000,0.000000,0.000000,0.000000,0,0,0,0,0,0,0,0,0,0,0,0.045257568359375,-0.004302978515625,0,0,0,0,0,0,0,0,Object notstarted,Object notstarted,Object notstarted,Object notstarted,Object notstarted,Object notstarted,Object notstarted,Object notstarted,Object notstarted
2024-03-18 10:30:59,141.141,__main___datalogs,INFO,JoyConState.PREP_SNS,0.000000,0.000000,0.000000,0.096125,0.002289,0.011443,0.025176,0.000000,0.000000,0.000000,0.000000,0,0,0,0,0,0,0,0,0,0,0,0.045257568359375,-0.004302978515625,0,0,0,0,0,0,0,0,Object notstarted,Object notstarted,Object notstarted,Object notstarted,Object notstarted,Object notstarted,Object notstarted,Object notstarted,Object notstarted
2024-03-18 10:30:59,183.183,__main___datalogs,INFO,JoyConState.PREP_SNS,0.000000,0.000000,0.000000,0.091547,0.002289,0.011443,0.025176,0.000000,0.000000,0.000000,0.000000,0,0,0,0,0,0,0,0,0,0,0,0.045257568359375,-0.004302978515625,0,0,0,0,0,0,0,0,Object notstarted,Object notstarted,Object notstarted,Object notstarted,Object notstarted,Object notstarted,Object notstarted,Object notstarted,Object notstarted
2024-03-18 10:30:59,225.225,__main___datalogs,INFO,JoyConState.PREP_SNS,0.000000,0.000000,0.000000,0.091547,0.002289,0.011443,0.025176,0.000000,0.000000,0.000000,0.000000,0,0,0,0,0,0,0,0,0,0,0,0.045257568359375,-0.004302978515625,0,0,0,0,0,0,0,0,Object notstarted,Object notstarted,Object notstarted,Object notstarted,Object notstarted,Object notstarted,Object notstarted,Object notstarted,Object notstarted
2024-03-18 10:30:59,269.269,__main___datalogs,INFO,JoyConState.PREP_SNS,0.000000,0.000000,0.000000,0.096125,0.006866,0.011443,0.025176,0.000000,0.000000,0.000000,0.000000,0,0,0,0,0,0,0,0,0,0,0,0.045257568359375,-0.004302978515625,0,0,0,0,0,0,0,0,Object notstarted,Object notstarted,Object notstarted,Object notstarted,Object notstarted,Object notstarted,Object notstarted,Object notstarted,Object notstarted
2024-03-18 10:30:59,312.312,__main___datalogs,INFO,JoyConState.PREP_SNS,0.000000,0.000000,0.000000,0.096125,0.006866,0.011443,0.025176,0.000000,0.000000,0.000000,0.000000,0,0,0,0,0,0,0,0,0,0,0,0.045257568359375,-0.004302978515625,0,0,0,0,0,0,0,0,Object notstarted,Object notstarted,Object notstarted,Object notstarted,Object notstarted,Object notstarted,Object notstarted,Object notstarted,Object notstarted
2024-03-18 10:30:59,373.373,__main___datalogs,INFO,JoyConState.PREP_SNS,0.000000,0.000000,0.000000,0.096125,0.009155,0.004577,0.025176,0.000000,0.000000,0.000000,0.000000,0,0,0,0,0,0,0,0,0,0,0,0.045257568359375,-0.004302978515625,0,0,0,0,0,0,0,0,Object notstarted,Object notstarted,Object notstarted,Object notstarted,Object notstarted,Object notstarted,Object notstarted,Object notstarted,Object notstarted
2024-03-18 10:30:59,420.420,__main___datalogs,INFO,JoyConState.PREP_SNS,0.000000,0.000000,0.000000,0.096125,0.006866,0.011443,0.025176,0.000000,0.000000,0.000000,0.000000,0,0,0,0,0,0,0,0,0,0,0,0.045257568359375,-0.004302978515625,0,0,0,0,0,0,0,0,Object notstarted,Object notstarted,Object notstarted,Object notstarted,Object notstarted,Object notstarted,Object notstarted,Object notstarted,Object notstarted
2024-03-18 10:30:59,462.462,__main___datalogs,INFO,JoyConState.PREP_SNS,0.000000,0.000000,0.000000,0.096125,0.006866,0.011443,0.020598,0.000000,0.000000,0.000000,0.000000,0,0,0,0,0,0,0,0,0,0,0,0.045257568359375,-0.004302978515625,0,0,0,0,0,0,0,0,Object notstarted,Object notstarted,Object notstarted,Object notstarted,Object notstarted,Object notstarted,Object notstarted,Object notstarted,Object notstarted
2024-03-18 10:30:59,505.505,__main___datalogs,INFO,JoyConState.PREP_SNS,0.000000,0.000000,0.000000,0.096125,0.006866,0.004577,0.020598,0.000000,0.000000,0.000000,0.000000,0,0,0,0,0,0,0,0,0,0,0,0.045257568359375,-0.004302978515625,0,0,0,0,0,0,0,0,Object notstarted,Object notstarted,Object notstarted,Object notstarted,Object notstarted,Object notstarted,Object notstarted,Object notstarted,Object notstarted
2024-03-18 10:30:59,547.547,__main___datalogs,INFO,JoyConState.PREP_SNS,0.000000,0.000000,0.000000,0.096125,0.006866,0.011443,0.025176,0.000000,0.000000,0.000000,0.000000,0,0,0,0,0,0,0,0,0,0,0,0.045257568359375,-0.004302978515625,0,0,0,0,0,0,0,0,Object notstarted,Object notstarted,Object notstarted,Object notstarted,Object notstarted,Object notstarted,Object notstarted,Object notstarted,Object notstarted
2024-03-18 10:30:59,592.592,__main___datalogs,INFO,JoyConState.PREP_SNS,0.000000,0.000000,0.000000,0.096125,0.009155,0.011443,0.020598,0.000000,0.000000,0.000000,0.000000,0,0,0,0,0,0,0,0,0,0,0,0.045257568359375,-0.004302978515625,0,0,0,0,0,0,0,0,Object notstarted,Object notstarted,Object notstarted,Object notstarted,Object notstarted,Object notstarted,Object notstarted,Object notstarted,Object notstarted
2024-03-18 10:30:59,635.635,__main___datalogs,INFO,JoyConState.PREP_SNS,0.000000,0.000000,0.000000,0.096125,0.002289,0.004577,0.020598,0.000000,0.000000,0.000000,0.000000,0,0,0,0,0,0,0,0,0,0,0,0.045257568359375,-0.004302978515625,0,0,0,0,0,0,0,0,Object notstarted,Object notstarted,Object notstarted,Object notstarted,Object notstarted,Object notstarted,Object notstarted,Object notstarted,Object notstarted
2024-03-18 10:30:59,680.680,__main___datalogs,INFO,JoyConState.PREP_SNS,0.000000,0.000000,0.000000,0.096125,0.002289,0.004577,0.025176,0.000000,0.000000,0.000000,0.000000,0,0,0,0,0,0,0,0,0,0,0,0.045257568359375,-0.004302978515625,0,0,0,0,0,0,0,0,Object notstarted,Object notstarted,Object notstarted,Object notstarted,Object notstarted,Object notstarted,Object notstarted,Object notstarted,Object notstarted
2024-03-18 10:30:59,723.723,__main___datalogs,INFO,JoyConState.PREP_SNS,0.000000,0.000000,0.000000,0.096125,0.006866,0.004577,0.020598,0.000000,0.000000,0.000000,0.000000,0,0,0,0,0,0,0,0,0,0,0,0.045257568359375,-0.004302978515625,0,0,0,0,0,0,0,0,Object notstarted,Object notstarted,Object notstarted,Object notstarted,Object notstarted,Object notstarted,Object notstarted,Object notstarted,Object notstarted
2024-03-18 10:30:59,767.767,__main___datalogs,INFO,JoyConState.PREP_SNS,0.000000,0.000000,0.000000,0.096125,0.006866,0.011443,0.025176,0.000000,0.000000,0.000000,0.000000,0,0,0,0,0,0,0,0,0,0,0,0.045257568359375,-0.004302978515625,0,0,0,0,0,0,0,0,Object notstarted,Object notstarted,Object notstarted,Object notstarted,Object notstarted,Object notstarted,Object notstarted,Object notstarted,Object notstarted
2024-03-18 10:30:59,805.805,__main___datalogs,INFO,JoyConState.PREP_SNS,0.000000,0.000000,0.000000,0.091547,0.006866,0.011443,0.020598,0.000000,0.000000,0.000000,0.000000,0,0,0,0,0,0,0,0,0,0,0,0.045257568359375,-0.004302978515625,0,0,0,0,0,0,0,0,Object notstarted,Object notstarted,Object notstarted,Object notstarted,Object notstarted,Object notstarted,Object notstarted,Object notstarted,Object notstarted
2024-03-18 10:30:59,848.848,__main___datalogs,INFO,JoyConState.PREP_SNS,0.000000,0.000000,0.000000,0.091547,0.002289,0.011443,0.025176,0.000000,0.000000,0.000000,0.000000,0,0,0,0,0,0,0,0,0,0,0,0.045257568359375,-0.004302978515625,0,0,0,0,0,0,0,0,Object notstarted,Object notstarted,Object notstarted,Object notstarted,Object notstarted,Object notstarted,Object notstarted,Object notstarted,Object notstarted
2024-03-18 10:30:59,889.889,__main___datalogs,INFO,JoyConState.PREP_SNS,0.000000,0.000000,0.000000,0.098413,0.002289,0.011443,0.025176,0.000000,0.000000,0.000000,0.000000,0,0,0,0,0,0,0,0,0,0,0,0.045257568359375,-0.004302978515625,0,0,0,0,0,0,0,0,Object notstarted,Object notstarted,Object notstarted,Object notstarted,Object notstarted,Object notstarted,Object notstarted,Object notstarted,Object notstarted
2024-03-18 10:30:59,934.934,__main___datalogs,INFO,JoyConState.PREP_SNS,0.000000,0.000000,0.000000,0.096125,0.002289,0.011443,0.020598,0.000000,0.000000,0.000000,0.000000,0,0,0,0,0,0,0,0,0,0,0,0.045257568359375,-0.004302978515625,0,0,0,0,0,0,0,0,Object notstarted,Object notstarted,Object notstarted,Object notstarted,Object notstarted,Object notstarted,Object notstarted,Object notstarted,Object notstarted
2024-03-18 10:30:59,975.975,__main___datalogs,INFO,JoyConState.PREP_SNS,0.000000,0.000000,0.000000,0.096125,0.002289,0.011443,0.020598,0.000000,0.000000,0.000000,0.000000,0,0,0,0,0,0,0,0,0,0,0,0.045257568359375,-0.004302978515625,0,0,0,0,0,0,0,0,Object notstarted,Object notstarted,Object notstarted,Object notstarted,Object notstarted,Object notstarted,Object notstarted,Object notstarted,Object notstarted
2024-03-18 10:31:00,021.021,__main___datalogs,INFO,JoyConState.PREP_SNS,0.000000,0.000000,0.000000,0.096125,0.006866,0.011443,0.016021,0.000000,0.000000,0.000000,0.000000,0,0,0,0,0,0,0,0,0,0,0,0.045257568359375,-0.004302978515625,0,0,0,0,0,0,0,0,Object notstarted,Object notstarted,Object notstarted,Object notstarted,Object notstarted,Object notstarted,Object notstarted,Object notstarted,Object notstarted
2024-03-18 10:31:00,067.067,__main___datalogs,INFO,JoyConState.PREP_SNS,0.000000,0.000000,0.000000,0.096125,0.006866,0.011443,0.020598,0.000000,0.000000,0.000000,0.000000,0,0,0,0,0,0,0,0,0,0,0,0.045257568359375,-0.004302978515625,0,0,0,0,0,0,0,0,Object notstarted,Object notstarted,Object notstarted,Object notstarted,Object notstarted,Object notstarted,Object notstarted,Object notstarted,Object notstarted
2024-03-18 10:31:00,114.114,__main___datalogs,INFO,JoyConState.PREP_SNS,0.000000,0.000000,0.000000,0.091547,0.006866,0.013732,0.020598,0.000000,0.000000,0.000000,0.000000,0,0,0,0,0,0,0,0,0,0,0,0.045257568359375,-0.004302978515625,0,0,0,0,0,0,0,0,Object notstarted,Object notstarted,Object notstarted,Object notstarted,Object notstarted,Object notstarted,Object notstarted,Object notstarted,Object notstarted
2024-03-18 10:31:00,157.157,__main___datalogs,INFO,JoyConState.PREP_SNS,0.000000,0.000000,0.000000,0.096125,0.002289,0.013732,0.025176,0.000000,0.000000,0.000000,0.000000,0,0,0,0,0,0,0,0,0,0,0,0.045257568359375,-0.004302978515625,0,0,0,0,0,0,0,0,Object notstarted,Object notstarted,Object notstarted,Object notstarted,Object notstarted,Object notstarted,Object notstarted,Object notstarted,Object notstarted
2024-03-18 10:31:00,202.202,__main___datalogs,INFO,JoyConState.PREP_SNS,0.000000,0.000000,0.000000,0.091547,0.006866,0.011443,0.020598,0.000000,0.000000,0.000000,0.000000,0,0,0,0,0,0,0,0,0,0,0,0.045257568359375,-0.004302978515625,0,0,0,0,0,0,0,0,Object notstarted,Object notstarted,Object notstarted,Object notstarted,Object notstarted,Object notstarted,Object notstarted,Object notstarted,Object notstarted
2024-03-18 10:31:00,244.244,__main___datalogs,INFO,JoyConState.PREP_SNS,0.000000,0.000000,0.000000,0.091547,0.002289,0.004577,0.025176,0.000000,0.000000,0.000000,0.000000,0,0,0,0,0,0,0,0,0,0,0,0.045257568359375,-0.004302978515625,0,0,0,0,0,0,0,0,Object notstarted,Object notstarted,Object notstarted,Object notstarted,Object notstarted,Object notstarted,Object notstarted,Object notstarted,Object notstarted
2024-03-18 10:31:00,289.289,__main___datalogs,INFO,JoyConState.PREP_SNS,0.000000,0.000000,0.000000,0.091547,0.002289,0.004577,0.025176,0.000000,0.000000,0.000000,0.000000,0,0,0,0,0,0,0,0,0,0,0,0.045257568359375,-0.004302978515625,0,0,0,0,0,0,0,0,Object notstarted,Object notstarted,Object notstarted,Object notstarted,Object notstarted,Object notstarted,Object notstarted,Object notstarted,Object notstarted
2024-03-18 10:31:00,331.331,__main___datalogs,INFO,JoyConState.PREP_SNS,0.000000,0.000000,0.000000,0.091547,0.006866,0.004577,0.025176,0.000000,0.000000,0.000000,0.000000,0,0,0,0,0,0,0,0,0,0,0,0.045257568359375,-0.004302978515625,0,0,0,0,0,0,0,0,Object notstarted,Object notstarted,Object notstarted,Object notstarted,Object notstarted,Object notstarted,Object notstarted,Object notstarted,Object notstarted
2024-03-18 10:31:00,374.374,__main___datalogs,INFO,JoyConState.PREP_SNS,0.000000,0.000000,0.000000,0.091547,0.006866,0.013732,0.025176,0.000000,0.000000,0.000000,0.000000,0,0,0,0,0,0,0,0,0,0,0,0.045257568359375,-0.004302978515625,0,0,0,0,0,0,0,0,Object notstarted,Object notstarted,Object notstarted,Object notstarted,Object notstarted,Object notstarted,Object notstarted,Object notstarted,Object notstarted
2024-03-18 10:31:00,438.438,__main___datalogs,INFO,JoyConState.PREP_SNS,0.000000,0.000000,0.000000,0.091547,0.006866,0.013732,0.020598,0.000000,0.000000,0.000000,0.000000,0,0,0,0,0,0,0,0,0,0,0,0.045257568359375,-0.004302978515625,0,0,0,0,0,0,0,0,Object notstarted,Object notstarted,Object notstarted,Object notstarted,Object notstarted,Object notstarted,Object notstarted,Object notstarted,Object notstarted
2024-03-18 10:31:00,484.484,__main___datalogs,INFO,JoyConState.PREP_SNS,0.000000,0.000000,0.000000,0.091547,0.006866,0.011443,0.025176,0.000000,0.000000,0.000000,0.000000,0,0,0,0,0,0,0,0,0,0,0,0.045257568359375,-0.004302978515625,0,0,0,0,0,0,0,0,Object notstarted,Object notstarted,Object notstarted,Object notstarted,Object notstarted,Object notstarted,Object notstarted,Object notstarted,Object notstarted
2024-03-18 10:31:00,525.525,__main___datalogs,INFO,JoyConState.PREP_SNS,0.000000,0.000000,0.000000,0.096125,0.006866,0.011443,0.020598,0.000000,0.000000,0.000000,0.000000,0,0,0,0,0,0,0,0,0,0,0,0.045257568359375,-0.004302978515625,0,0,0,0,0,0,0,0,Object notstarted,Object notstarted,Object notstarted,Object notstarted,Object notstarted,Object notstarted,Object notstarted,Object notstarted,Object notstarted
2024-03-18 10:31:00,569.569,__main___datalogs,INFO,JoyConState.PREP_SNS,0.000000,0.000000,0.000000,0.096125,0.009155,0.011443,0.020598,0.000000,0.000000,0.000000,0.000000,0,0,0,0,0,0,0,0,0,0,0,0.045257568359375,-0.004302978515625,0,0,0,0,0,0,0,0,Object notstarted,Object notstarted,Object notstarted,Object notstarted,Object notstarted,Object notstarted,Object notstarted,Object notstarted,Object notstarted
2024-03-18 10:31:00,611.611,__main___datalogs,INFO,JoyConState.PREP_SNS,0.000000,0.000000,0.000000,0.096125,0.009155,0.004577,0.025176,0.000000,0.000000,0.000000,0.000000,0,0,0,0,0,0,0,0,0,0,0,0.045257568359375,-0.004302978515625,0,0,0,0,0,0,0,0,Object notstarted,Object notstarted,Object notstarted,Object notstarted,Object notstarted,Object notstarted,Object notstarted,Object notstarted,Object notstarted
2024-03-18 10:31:00,655.655,__main___datalogs,INFO,JoyConState.PREP_SNS,0.000000,0.000000,0.000000,0.096125,0.009155,0.011443,0.020598,0.000000,0.000000,0.000000,0.000000,0,0,0,0,0,0,0,0,0,0,0,0.045257568359375,-0.004302978515625,0,0,0,0,0,0,0,0,Object notstarted,Object notstarted,Object notstarted,Object notstarted,Object notstarted,Object notstarted,Object notstarted,Object notstarted,Object notstarted
2024-03-18 10:31:00,695.695,__main___datalogs,INFO,JoyConState.PREP_SNS,0.000000,0.000000,0.000000,0.096125,0.006866,0.004577,0.020598,0.000000,0.000000,0.000000,0.000000,0,0,0,0,0,0,0,0,0,0,0,0.045257568359375,-0.004302978515625,0,0,0,0,0,0,0,0,Object notstarted,Object notstarted,Object notstarted,Object notstarted,Object notstarted,Object notstarted,Object notstarted,Object notstarted,Object notstarted
2024-03-18 10:31:00,739.739,__main___datalogs,INFO,JoyConState.PREP_SNS,0.000000,0.000000,0.000000,0.096125,0.006866,0.004577,0.025176,0.000000,0.000000,0.000000,0.000000,0,0,0,0,0,0,0,0,0,0,0,0.045257568359375,-0.004302978515625,0,0,0,0,0,0,0,0,Object notstarted,Object notstarted,Object notstarted,Object notstarted,Object notstarted,Object notstarted,Object notstarted,Object notstarted,Object notstarted
2024-03-18 10:31:00,779.779,__main___datalogs,INFO,JoyConState.PREP_SNS,0.000000,0.000000,0.000000,0.096125,0.006866,0.011443,0.025176,0.000000,0.000000,0.000000,0.000000,0,0,0,0,0,0,0,0,0,0,0,0.045257568359375,-0.004302978515625,0,0,0,0,0,0,0,0,Object notstarted,Object notstarted,Object notstarted,Object notstarted,Object notstarted,Object notstarted,Object notstarted,Object notstarted,Object notstarted
2024-03-18 10:31:00,823.823,__main___datalogs,INFO,JoyConState.PREP_SNS,0.000000,0.000000,0.000000,0.091547,0.006866,0.004577,0.027464,0.000000,0.000000,0.000000,0.000000,0,0,0,0,0,0,0,0,0,0,0,0.045257568359375,-0.004302978515625,0,0,0,0,0,0,0,0,Object notstarted,Object notstarted,Object notstarted,Object notstarted,Object notstarted,Object notstarted,Object notstarted,Object notstarted,Object notstarted
2024-03-18 10:31:00,865.865,__main___datalogs,INFO,JoyConState.PREP_SNS,0.000000,0.000000,0.000000,0.091547,0.006866,0.011443,0.027464,0.000000,0.000000,0.000000,0.000000,0,0,0,0,0,0,0,0,0,0,0,0.045257568359375,-0.004302978515625,0,0,0,0,0,0,0,0,Object notstarted,Object notstarted,Object notstarted,Object notstarted,Object notstarted,Object notstarted,Object notstarted,Object notstarted,Object notstarted
2024-03-18 10:31:00,908.908,__main___datalogs,INFO,JoyConState.PREP_SNS,0.000000,0.000000,0.000000,0.091547,0.006866,0.011443,0.020598,0.000000,0.000000,0.000000,0.000000,0,0,0,0,0,0,0,0,0,0,0,0.045257568359375,-0.004302978515625,0,0,0,0,0,0,0,0,Object notstarted,Object notstarted,Object notstarted,Object notstarted,Object notstarted,Object notstarted,Object notstarted,Object notstarted,Object notstarted
2024-03-18 10:31:00,951.951,__main___datalogs,INFO,JoyConState.PREP_SNS,0.000000,0.000000,0.000000,0.098413,0.002289,0.011443,0.020598,0.000000,0.000000,0.000000,0.000000,0,0,0,0,0,0,0,0,0,0,0,0.045257568359375,-0.004302978515625,0,0,0,0,0,0,0,0,Object notstarted,Object notstarted,Object notstarted,Object notstarted,Object notstarted,Object notstarted,Object notstarted,Object notstarted,Object notstarted
2024-03-18 10:31:00,995.995,__main___datalogs,INFO,JoyConState.PREP_SNS,0.000000,0.000000,0.000000,0.096125,0.002289,0.011443,0.025176,0.000000,0.000000,0.000000,0.000000,0,0,0,0,0,0,0,0,0,0,0,0.045257568359375,-0.004302978515625,0,0,0,0,0,0,0,0,Object notstarted,Object notstarted,Object notstarted,Object notstarted,Object notstarted,Object notstarted,Object notstarted,Object notstarted,Object notstarted
2024-03-18 10:31:01,038.038,__main___datalogs,INFO,JoyConState.PREP_SNS,0.000000,0.000000,0.000000,0.091547,0.006866,0.011443,0.025176,0.000000,0.000000,0.000000,0.000000,0,0,0,0,0,0,0,0,0,0,0,0.045257568359375,-0.004302978515625,0,0,0,0,0,0,0,0,Object notstarted,Object notstarted,Object notstarted,Object notstarted,Object notstarted,Object notstarted,Object notstarted,Object notstarted,Object notstarted
2024-03-18 10:31:01,082.082,__main___datalogs,INFO,JoyConState.PREP_SNS,0.000000,0.000000,0.000000,0.091547,0.006866,0.011443,0.025176,0.000000,0.000000,0.000000,0.000000,0,0,0,0,0,0,0,0,0,0,0,0.045257568359375,-0.004302978515625,0,0,0,0,0,0,0,0,Object notstarted,Object notstarted,Object notstarted,Object notstarted,Object notstarted,Object notstarted,Object notstarted,Object notstarted,Object notstarted
2024-03-18 10:31:01,124.124,__main___datalogs,INFO,JoyConState.PREP_SNS,0.000000,0.000000,0.000000,0.091547,0.002289,0.004577,0.025176,0.000000,0.000000,0.000000,0.000000,0,0,0,0,0,0,0,0,0,0,0,0.045257568359375,-0.004302978515625,0,0,0,0,0,0,0,0,Object notstarted,Object notstarted,Object notstarted,Object notstarted,Object notstarted,Object notstarted,Object notstarted,Object notstarted,Object notstarted
2024-03-18 10:31:01,169.169,__main___datalogs,INFO,JoyConState.PREP_SNS,0.000000,0.000000,0.000000,0.091547,0.006866,0.011443,0.025176,0.000000,0.000000,0.000000,0.000000,0,0,0,0,0,0,0,0,0,0,0,0.045257568359375,-0.004302978515625,0,0,0,0,0,0,0,0,Object notstarted,Object notstarted,Object notstarted,Object notstarted,Object notstarted,Object notstarted,Object notstarted,Object notstarted,Object notstarted
2024-03-18 10:31:01,212.212,__main___datalogs,INFO,JoyConState.PREP_SNS,0.000000,0.000000,0.000000,0.091547,0.006866,0.011443,0.025176,0.000000,0.000000,0.000000,0.000000,0,0,0,0,0,0,0,0,0,0,0,0.045257568359375,-0.004302978515625,0,0,0,0,0,0,0,0,Object notstarted,Object notstarted,Object notstarted,Object notstarted,Object notstarted,Object notstarted,Object notstarted,Object notstarted,Object notstarted
2024-03-18 10:31:01,257.257,__main___datalogs,INFO,JoyConState.PREP_SNS,0.000000,0.000000,0.000000,0.091547,0.006866,0.011443,0.020598,0.000000,0.000000,0.000000,0.000000,0,0,0,0,0,0,0,0,0,0,0,0.045257568359375,-0.004302978515625,0,0,0,0,0,0,0,0,Object notstarted,Object notstarted,Object notstarted,Object notstarted,Object notstarted,Object notstarted,Object notstarted,Object notstarted,Object notstarted
2024-03-18 10:31:01,299.299,__main___datalogs,INFO,JoyConState.PREP_SNS,0.000000,0.000000,0.000000,0.091547,0.006866,0.013732,0.020598,0.000000,0.000000,0.000000,0.000000,0,0,0,0,0,0,0,0,0,0,0,0.045257568359375,-0.004302978515625,0,0,0,0,0,0,0,0,Object notstarted,Object notstarted,Object notstarted,Object notstarted,Object notstarted,Object notstarted,Object notstarted,Object notstarted,Object notstarted
2024-03-18 10:31:01,345.345,__main___datalogs,INFO,JoyConState.PREP_SNS,0.000000,0.000000,0.000000,0.096125,0.006866,0.013732,0.016021,0.000000,0.000000,0.000000,0.000000,0,0,0,0,0,0,0,0,0,0,0,0.045257568359375,-0.004302978515625,0,0,0,0,0,0,0,0,Object notstarted,Object notstarted,Object notstarted,Object notstarted,Object notstarted,Object notstarted,Object notstarted,Object notstarted,Object notstarted
2024-03-18 10:31:01,386.386,__main___datalogs,INFO,JoyConState.PREP_SNS,0.000000,0.000000,0.000000,0.096125,0.006866,0.013732,0.025176,0.000000,0.000000,0.000000,0.000000,0,0,0,0,0,0,0,0,0,0,0,0.045257568359375,-0.004302978515625,0,0,0,0,0,0,0,0,Object notstarted,Object notstarted,Object notstarted,Object notstarted,Object notstarted,Object notstarted,Object notstarted,Object notstarted,Object notstarted
2024-03-18 10:31:01,429.429,__main___datalogs,INFO,JoyConState.PREP_SNS,0.000000,0.000000,0.000000,0.091547,0.002289,0.013732,0.027464,0.000000,0.000000,0.000000,0.000000,0,0,0,0,0,0,0,0,0,0,0,0.045257568359375,-0.004302978515625,0,0,0,0,0,0,0,0,Object notstarted,Object notstarted,Object notstarted,Object notstarted,Object notstarted,Object notstarted,Object notstarted,Object notstarted,Object notstarted
2024-03-18 10:31:01,477.477,__main___datalogs,INFO,JoyConState.PREP_SNS,0.000000,0.000000,0.000000,0.091547,0.002289,0.013732,0.025176,0.000000,0.000000,0.000000,0.000000,0,0,0,0,0,0,0,0,0,0,0,0.045257568359375,-0.004302978515625,0,0,0,0,0,0,0,0,Object notstarted,Object notstarted,Object notstarted,Object notstarted,Object notstarted,Object notstarted,Object notstarted,Object notstarted,Object notstarted
2024-03-18 10:31:01,523.523,__main___datalogs,INFO,JoyConState.PREP_SNS,0.000000,0.000000,0.000000,0.091547,0.002289,0.011443,0.020598,0.000000,0.000000,0.000000,0.000000,0,0,0,0,0,0,0,0,0,0,0,0.045257568359375,-0.004302978515625,0,0,0,0,0,0,0,0,Object notstarted,Object notstarted,Object notstarted,Object notstarted,Object notstarted,Object notstarted,Object notstarted,Object notstarted,Object notstarted
2024-03-18 10:31:01,566.566,__main___datalogs,INFO,JoyConState.PREP_SNS,0.000000,0.000000,0.000000,0.096125,0.002289,0.011443,0.025176,0.000000,0.000000,0.000000,0.000000,0,0,0,0,0,0,0,0,0,0,0,0.045257568359375,-0.004302978515625,0,0,0,0,0,0,0,0,Object notstarted,Object notstarted,Object notstarted,Object notstarted,Object notstarted,Object notstarted,Object notstarted,Object notstarted,Object notstarted
2024-03-18 10:31:01,610.610,__main___datalogs,INFO,JoyConState.PREP_SNS,0.000000,0.000000,0.000000,0.096125,0.002289,0.011443,0.020598,0.000000,0.000000,0.000000,0.000000,0,0,0,0,0,0,0,0,0,0,0,0.045257568359375,-0.004302978515625,0,0,0,0,0,0,0,0,Object notstarted,Object notstarted,Object notstarted,Object notstarted,Object notstarted,Object notstarted,Object notstarted,Object notstarted,Object notstarted
2024-03-18 10:31:01,652.652,__main___datalogs,INFO,JoyConState.PREP_SNS,0.000000,0.000000,0.000000,0.096125,0.006866,0.011443,0.020598,0.000000,0.000000,0.000000,0.000000,0,0,0,0,0,0,0,0,0,0,0,0.045257568359375,-0.004302978515625,0,0,0,0,0,0,0,0,Object notstarted,Object notstarted,Object notstarted,Object notstarted,Object notstarted,Object notstarted,Object notstarted,Object notstarted,Object notstarted
2024-03-18 10:31:01,697.697,__main___datalogs,INFO,JoyConState.PREP_SNS,0.000000,0.000000,0.000000,0.096125,0.006866,0.004577,0.025176,0.000000,0.000000,0.000000,0.000000,0,0,0,0,0,0,0,0,0,0,0,0.045257568359375,-0.004302978515625,0,0,0,0,0,0,0,0,Object notstarted,Object notstarted,Object notstarted,Object notstarted,Object notstarted,Object notstarted,Object notstarted,Object notstarted,Object notstarted
2024-03-18 10:31:01,742.742,__main___datalogs,INFO,JoyConState.PREP_SNS,0.000000,0.000000,0.000000,0.096125,0.006866,0.011443,0.025176,0.000000,0.000000,0.000000,0.000000,0,0,0,0,0,0,0,0,0,0,0,0.045257568359375,-0.004302978515625,0,0,0,0,0,0,0,0,Object notstarted,Object notstarted,Object notstarted,Object notstarted,Object notstarted,Object notstarted,Object notstarted,Object notstarted,Object notstarted
2024-03-18 10:31:01,787.787,__main___datalogs,INFO,JoyConState.PREP_SNS,0.000000,0.000000,0.000000,0.096125,0.006866,0.004577,0.025176,0.000000,0.000000,0.000000,0.000000,0,0,0,0,0,0,0,0,0,0,0,0.045257568359375,-0.004302978515625,0,0,0,0,0,0,0,0,Object notstarted,Object notstarted,Object notstarted,Object notstarted,Object notstarted,Object notstarted,Object notstarted,Object notstarted,Object notstarted
2024-03-18 10:31:01,830.830,__main___datalogs,INFO,JoyConState.PREP_SNS,0.000000,0.000000,0.000000,0.096125,0.006866,0.011443,0.020598,0.000000,0.000000,0.000000,0.000000,0,0,0,0,0,0,0,0,0,0,0,0.045257568359375,-0.004302978515625,0,0,0,0,0,0,0,0,Object notstarted,Object notstarted,Object notstarted,Object notstarted,Object notstarted,Object notstarted,Object notstarted,Object notstarted,Object notstarted
2024-03-18 10:31:01,874.874,__main___datalogs,INFO,JoyConState.PREP_SNS,0.000000,0.000000,0.000000,0.096125,0.006866,0.011443,0.020598,0.000000,0.000000,0.000000,0.000000,0,0,0,0,0,0,0,0,0,0,0,0.045257568359375,-0.004302978515625,0,0,0,0,0,0,0,0,Object notstarted,Object notstarted,Object notstarted,Object notstarted,Object notstarted,Object notstarted,Object notstarted,Object notstarted,Object notstarted
2024-03-18 10:31:01,915.915,__main___datalogs,INFO,JoyConState.PREP_SNS,0.000000,0.000000,0.000000,0.096125,0.006866,0.013732,0.020598,0.000000,0.000000,0.000000,0.000000,0,0,0,0,0,0,0,0,0,0,0,0.045257568359375,-0.004302978515625,0,0,0,0,0,0,0,0,Object notstarted,Object notstarted,Object notstarted,Object notstarted,Object notstarted,Object notstarted,Object notstarted,Object notstarted,Object notstarted
2024-03-18 10:31:01,958.958,__main___datalogs,INFO,JoyConState.PREP_SNS,0.000000,0.000000,0.000000,0.096125,0.006866,0.013732,0.025176,0.000000,0.000000,0.000000,0.000000,0,0,0,0,0,0,0,0,0,0,0,0.045257568359375,-0.004302978515625,0,0,0,0,0,0,0,0,Object notstarted,Object notstarted,Object notstarted,Object notstarted,Object notstarted,Object notstarted,Object notstarted,Object notstarted,Object notstarted
2024-03-18 10:31:02,000.000,__main___datalogs,INFO,JoyConState.PREP_SNS,0.000000,0.000000,0.000000,0.096125,0.006866,0.011443,0.020598,0.000000,0.000000,0.000000,0.000000,0,0,0,0,0,0,0,0,0,0,0,0.045257568359375,-0.004302978515625,0,0,0,0,0,0,0,0,Object notstarted,Object notstarted,Object notstarted,Object notstarted,Object notstarted,Object notstarted,Object notstarted,Object notstarted,Object notstarted
2024-03-18 10:31:02,044.044,__main___datalogs,INFO,JoyConState.PREP_SNS,0.000000,0.000000,0.000000,0.091547,0.002289,0.011443,0.020598,0.000000,0.000000,0.000000,0.000000,0,0,0,0,0,0,0,0,0,0,0,0.045257568359375,-0.004302978515625,0,0,0,0,0,0,0,0,Object notstarted,Object notstarted,Object notstarted,Object notstarted,Object notstarted,Object notstarted,Object notstarted,Object notstarted,Object notstarted
2024-03-18 10:31:02,085.085,__main___datalogs,INFO,JoyConState.PREP_SNS,0.000000,0.000000,0.000000,0.091547,0.002289,0.011443,0.020598,0.000000,0.000000,0.000000,0.000000,0,0,0,0,0,0,0,0,0,0,0,0.045257568359375,-0.004302978515625,0,0,0,0,0,0,0,0,Object notstarted,Object notstarted,Object notstarted,Object notstarted,Object notstarted,Object notstarted,Object notstarted,Object notstarted,Object notstarted
2024-03-18 10:31:02,129.129,__main___datalogs,INFO,JoyConState.PREP_SNS,0.000000,0.000000,0.000000,0.091547,0.002289,0.011443,0.020598,0.000000,0.000000,0.000000,0.000000,0,0,0,0,0,0,0,0,0,0,0,0.045257568359375,-0.004302978515625,0,0,0,0,0,0,0,0,Object notstarted,Object notstarted,Object notstarted,Object notstarted,Object notstarted,Object notstarted,Object notstarted,Object notstarted,Object notstarted
2024-03-18 10:31:02,172.172,__main___datalogs,INFO,JoyConState.PREP_SNS,0.000000,0.000000,0.000000,0.096125,0.006866,0.011443,0.025176,0.000000,0.000000,0.000000,0.000000,0,0,0,0,0,0,0,0,0,0,0,0.045257568359375,-0.004302978515625,0,0,0,0,0,0,0,0,Object notstarted,Object notstarted,Object notstarted,Object notstarted,Object notstarted,Object notstarted,Object notstarted,Object notstarted,Object notstarted
2024-03-18 10:31:02,216.216,__main___datalogs,INFO,JoyConState.PREP_SNS,0.000000,0.000000,0.000000,0.096125,0.006866,0.011443,0.020598,0.000000,0.000000,0.000000,0.000000,0,0,0,0,0,0,0,0,0,0,0,0.045257568359375,-0.004302978515625,0,0,0,0,0,0,0,0,Object notstarted,Object notstarted,Object notstarted,Object notstarted,Object notstarted,Object notstarted,Object notstarted,Object notstarted,Object notstarted
2024-03-18 10:31:02,258.258,__main___datalogs,INFO,JoyConState.PREP_SNS,0.000000,0.000000,0.000000,0.096125,0.006866,0.004577,0.020598,0.000000,0.000000,0.000000,0.000000,0,0,0,0,0,0,0,0,0,0,0,0.045257568359375,-0.004302978515625,0,0,0,0,0,0,0,0,Object notstarted,Object notstarted,Object notstarted,Object notstarted,Object notstarted,Object notstarted,Object notstarted,Object notstarted,Object notstarted
2024-03-18 10:31:02,303.303,__main___datalogs,INFO,JoyConState.PREP_SNS,0.000000,0.000000,0.000000,0.096125,0.009155,0.004577,0.020598,0.000000,0.000000,0.000000,0.000000,0,0,0,0,0,0,0,0,0,0,0,0.045257568359375,-0.004302978515625,0,0,0,0,0,0,0,0,Object notstarted,Object notstarted,Object notstarted,Object notstarted,Object notstarted,Object notstarted,Object notstarted,Object notstarted,Object notstarted
2024-03-18 10:31:02,349.349,__main___datalogs,INFO,JoyConState.PREP_SNS,0.000000,0.000000,0.000000,0.096125,0.006866,0.011443,0.025176,0.000000,0.000000,0.000000,0.000000,0,0,0,0,0,0,0,0,0,0,0,0.045257568359375,-0.004302978515625,0,0,0,0,0,0,0,0,Object notstarted,Object notstarted,Object notstarted,Object notstarted,Object notstarted,Object notstarted,Object notstarted,Object notstarted,Object notstarted
2024-03-18 10:31:02,396.396,__main___datalogs,INFO,JoyConState.PREP_SNS,0.000000,0.000000,0.000000,0.098413,0.006866,0.013732,0.020598,0.000000,0.000000,0.000000,0.000000,0,0,0,0,0,0,0,0,0,0,0,0.045257568359375,-0.004302978515625,0,0,0,0,0,0,0,0,Object notstarted,Object notstarted,Object notstarted,Object notstarted,Object notstarted,Object notstarted,Object notstarted,Object notstarted,Object notstarted
2024-03-18 10:31:02,438.438,__main___datalogs,INFO,JoyConState.PREP_SNS,0.000000,0.000000,0.000000,0.096125,0.009155,0.013732,0.020598,0.000000,0.000000,0.000000,0.000000,0,0,0,0,0,0,0,0,0,0,0,0.045257568359375,-0.004302978515625,0,0,0,0,0,0,0,0,Object notstarted,Object notstarted,Object notstarted,Object notstarted,Object notstarted,Object notstarted,Object notstarted,Object notstarted,Object notstarted
2024-03-18 10:31:02,483.483,__main___datalogs,INFO,JoyConState.PREP_SNS,0.000000,0.000000,0.000000,0.096125,0.006866,0.013732,0.025176,0.000000,0.000000,0.000000,0.000000,0,0,0,0,0,0,0,0,0,0,0,0.045257568359375,-0.004302978515625,0,0,0,0,0,0,0,0,Object notstarted,Object notstarted,Object notstarted,Object notstarted,Object notstarted,Object notstarted,Object notstarted,Object notstarted,Object notstarted
2024-03-18 10:31:02,525.525,__main___datalogs,INFO,JoyConState.PREP_SNS,0.000000,0.000000,0.000000,0.096125,0.006866,0.013732,0.020598,0.000000,0.000000,0.000000,0.000000,0,0,0,0,0,0,0,0,0,0,0,0.045257568359375,-0.004302978515625,0,0,0,0,0,0,0,0,Object notstarted,Object notstarted,Object notstarted,Object notstarted,Object notstarted,Object notstarted,Object notstarted,Object notstarted,Object notstarted
2024-03-18 10:31:02,571.571,__main___datalogs,INFO,JoyConState.PREP_SNS,0.000000,0.000000,0.000000,0.091547,0.006866,0.013732,0.020598,0.000000,0.000000,0.000000,0.000000,0,0,0,0,0,0,0,0,0,0,0,0.045257568359375,-0.004302978515625,0,0,0,0,0,0,0,0,Object notstarted,Object notstarted,Object notstarted,Object notstarted,Object notstarted,Object notstarted,Object notstarted,Object notstarted,Object notstarted
2024-03-18 10:31:02,613.613,__main___datalogs,INFO,JoyConState.PREP_SNS,0.000000,0.000000,0.000000,0.091547,0.002289,0.013732,0.020598,0.000000,0.000000,0.000000,0.000000,0,0,0,0,0,0,0,0,0,0,0,0.045257568359375,-0.004302978515625,0,0,0,0,0,0,0,0,Object notstarted,Object notstarted,Object notstarted,Object notstarted,Object notstarted,Object notstarted,Object notstarted,Object notstarted,Object notstarted
2024-03-18 10:31:02,657.657,__main___datalogs,INFO,JoyConState.PREP_SNS,0.000000,0.000000,0.000000,0.096125,0.006866,0.013732,0.016021,0.000000,0.000000,0.000000,0.000000,0,0,0,0,0,0,0,0,0,0,0,0.045257568359375,-0.004302978515625,0,0,0,0,0,0,0,0,Object notstarted,Object notstarted,Object notstarted,Object notstarted,Object notstarted,Object notstarted,Object notstarted,Object notstarted,Object notstarted
2024-03-18 10:31:02,699.699,__main___datalogs,INFO,JoyConState.PREP_SNS,0.000000,0.000000,0.000000,0.096125,0.006866,0.004577,0.016021,0.000000,0.000000,0.000000,0.000000,0,0,0,0,0,0,0,0,0,0,0,0.045257568359375,-0.004302978515625,0,0,0,0,0,0,0,0,Object notstarted,Object notstarted,Object notstarted,Object notstarted,Object notstarted,Object notstarted,Object notstarted,Object notstarted,Object notstarted
2024-03-18 10:31:02,743.743,__main___datalogs,INFO,JoyConState.PREP_SNS,0.000000,0.000000,0.000000,0.096125,0.002289,0.011443,0.025176,0.000000,0.000000,0.000000,0.000000,0,0,0,0,0,0,0,0,0,0,0,0.045257568359375,-0.004302978515625,0,0,0,0,0,0,0,0,Object notstarted,Object notstarted,Object notstarted,Object notstarted,Object notstarted,Object notstarted,Object notstarted,Object notstarted,Object notstarted
2024-03-18 10:31:02,786.786,__main___datalogs,INFO,JoyConState.PREP_SNS,0.000000,0.000000,0.000000,0.096125,0.002289,0.011443,0.020598,0.000000,0.000000,0.000000,0.000000,0,0,0,0,0,0,0,0,0,0,0,0.045257568359375,-0.004302978515625,0,0,0,0,0,0,0,0,Object notstarted,Object notstarted,Object notstarted,Object notstarted,Object notstarted,Object notstarted,Object notstarted,Object notstarted,Object notstarted
2024-03-18 10:31:02,831.831,__main___datalogs,INFO,JoyConState.PREP_SNS,0.000000,0.000000,0.000000,0.096125,0.002289,0.004577,0.020598,0.000000,0.000000,0.000000,0.000000,0,0,0,0,0,0,0,0,0,0,0,0.045257568359375,-0.004302978515625,0,0,0,0,0,0,0,0,Object notstarted,Object notstarted,Object notstarted,Object notstarted,Object notstarted,Object notstarted,Object notstarted,Object notstarted,Object notstarted
2024-03-18 10:31:02,873.873,__main___datalogs,INFO,JoyConState.PREP_SNS,0.000000,0.000000,0.000000,0.091547,0.006866,0.004577,0.020598,0.000000,0.000000,0.000000,0.000000,0,0,0,0,0,0,0,0,0,0,0,0.045257568359375,-0.004302978515625,0,0,0,0,0,0,0,0,Object notstarted,Object notstarted,Object notstarted,Object notstarted,Object notstarted,Object notstarted,Object notstarted,Object notstarted,Object notstarted
2024-03-18 10:31:02,913.913,__main___datalogs,INFO,JoyConState.PREP_SNS,0.000000,0.000000,0.000000,0.091547,0.006866,0.011443,0.025176,0.000000,0.000000,0.000000,0.000000,0,0,0,0,0,0,0,0,0,0,0,0.045257568359375,-0.004302978515625,0,0,0,0,0,0,0,0,Object notstarted,Object notstarted,Object notstarted,Object notstarted,Object notstarted,Object notstarted,Object notstarted,Object notstarted,Object notstarted
2024-03-18 10:31:02,957.957,__main___datalogs,INFO,JoyConState.PREP_SNS,0.000000,0.000000,0.000000,0.091547,0.006866,0.011443,0.027464,0.000000,0.000000,0.000000,0.000000,0,0,0,0,0,0,0,0,0,0,0,0.045257568359375,-0.004302978515625,0,0,0,0,0,0,0,0,Object notstarted,Object notstarted,Object notstarted,Object notstarted,Object notstarted,Object notstarted,Object notstarted,Object notstarted,Object notstarted
2024-03-18 10:31:03,003.003,__main___datalogs,INFO,JoyConState.PREP_SNS,0.000000,0.000000,0.000000,0.096125,0.006866,0.011443,0.025176,0.000000,0.000000,0.000000,0.000000,0,0,0,0,0,0,0,0,0,0,0,0.045257568359375,-0.004302978515625,0,0,0,0,0,0,0,0,Object notstarted,Object notstarted,Object notstarted,Object notstarted,Object notstarted,Object notstarted,Object notstarted,Object notstarted,Object notstarted
2024-03-18 10:31:03,045.045,__main___datalogs,INFO,JoyConState.PREP_SNS,0.000000,0.000000,0.000000,0.096125,0.006866,0.011443,0.025176,0.000000,0.000000,0.000000,0.000000,0,0,0,0,0,0,0,0,0,0,0,0.045257568359375,-0.004302978515625,0,0,0,0,0,0,0,0,Object notstarted,Object notstarted,Object notstarted,Object notstarted,Object notstarted,Object notstarted,Object notstarted,Object notstarted,Object notstarted
2024-03-18 10:31:03,090.090,__main___datalogs,INFO,JoyConState.PREP_SNS,0.000000,0.000000,0.000000,0.091547,0.006866,0.011443,0.027464,0.000000,0.000000,0.000000,0.000000,0,0,0,0,0,0,0,0,0,0,0,0.045257568359375,-0.004302978515625,0,0,0,0,0,0,0,0,Object notstarted,Object notstarted,Object notstarted,Object notstarted,Object notstarted,Object notstarted,Object notstarted,Object notstarted,Object notstarted
2024-03-18 10:31:03,132.132,__main___datalogs,INFO,JoyConState.PREP_SNS,0.000000,0.000000,0.000000,0.091547,0.006866,0.011443,0.027464,0.000000,0.000000,0.000000,0.000000,0,0,0,0,0,0,0,0,0,0,0,0.045257568359375,-0.004302978515625,0,0,0,0,0,0,0,0,Object notstarted,Object notstarted,Object notstarted,Object notstarted,Object notstarted,Object notstarted,Object notstarted,Object notstarted,Object notstarted
2024-03-18 10:31:03,176.176,__main___datalogs,INFO,JoyConState.PREP_SNS,0.000000,0.000000,0.000000,0.096125,0.002289,0.011443,0.025176,0.000000,0.000000,0.000000,0.000000,0,0,0,0,0,0,0,0,0,0,0,0.045257568359375,-0.004302978515625,0,0,0,0,0,0,0,0,Object notstarted,Object notstarted,Object notstarted,Object notstarted,Object notstarted,Object notstarted,Object notstarted,Object notstarted,Object notstarted
2024-03-18 10:31:03,220.220,__main___datalogs,INFO,JoyConState.PREP_SNS,0.000000,0.000000,0.000000,0.096125,0.006866,0.004577,0.025176,0.000000,0.000000,0.000000,0.000000,0,0,0,0,0,0,0,0,0,0,0,0.045257568359375,-0.004302978515625,0,0,0,0,0,0,0,0,Object notstarted,Object notstarted,Object notstarted,Object notstarted,Object notstarted,Object notstarted,Object notstarted,Object notstarted,Object notstarted
2024-03-18 10:31:03,265.265,__main___datalogs,INFO,JoyConState.PREP_SNS,0.000000,0.000000,0.000000,0.096125,0.006866,0.011443,0.020598,0.000000,0.000000,0.000000,0.000000,0,0,0,0,0,0,0,0,0,0,0,0.045257568359375,-0.004302978515625,0,0,0,0,0,0,0,0,Object notstarted,Object notstarted,Object notstarted,Object notstarted,Object notstarted,Object notstarted,Object notstarted,Object notstarted,Object notstarted
2024-03-18 10:31:03,309.309,__main___datalogs,INFO,JoyConState.PREP_SNS,0.000000,0.000000,0.000000,0.096125,0.006866,0.011443,0.020598,0.000000,0.000000,0.000000,0.000000,0,0,0,0,0,0,0,0,0,0,0,0.045257568359375,-0.004302978515625,0,0,0,0,0,0,0,0,Object notstarted,Object notstarted,Object notstarted,Object notstarted,Object notstarted,Object notstarted,Object notstarted,Object notstarted,Object notstarted
2024-03-18 10:31:03,355.355,__main___datalogs,INFO,JoyConState.PREP_SNS,0.000000,0.000000,0.000000,0.096125,0.006866,0.013732,0.020598,0.000000,0.000000,0.000000,0.000000,0,0,0,0,0,0,0,0,0,0,0,0.045257568359375,-0.004302978515625,0,0,0,0,0,0,0,0,Object notstarted,Object notstarted,Object notstarted,Object notstarted,Object notstarted,Object notstarted,Object notstarted,Object notstarted,Object notstarted
2024-03-18 10:31:03,397.397,__main___datalogs,INFO,JoyConState.PREP_SNS,0.000000,0.000000,0.000000,0.091547,0.006866,0.013732,0.020598,0.000000,0.000000,0.000000,0.000000,0,0,0,0,0,0,0,0,0,0,0,0.045257568359375,-0.004302978515625,0,0,0,0,0,0,0,0,Object notstarted,Object notstarted,Object notstarted,Object notstarted,Object notstarted,Object notstarted,Object notstarted,Object notstarted,Object notstarted
2024-03-18 10:31:03,440.440,__main___datalogs,INFO,JoyConState.PREP_SNS,0.000000,0.000000,0.000000,0.091547,0.006866,0.013732,0.025176,0.000000,0.000000,0.000000,0.000000,0,0,0,0,0,0,0,0,0,0,0,0.045257568359375,-0.004302978515625,0,0,0,0,0,0,0,0,Object notstarted,Object notstarted,Object notstarted,Object notstarted,Object notstarted,Object notstarted,Object notstarted,Object notstarted,Object notstarted
2024-03-18 10:31:03,483.483,__main___datalogs,INFO,JoyConState.PREP_SNS,0.000000,0.000000,0.000000,0.096125,0.006866,0.011443,0.020598,0.000000,0.000000,0.000000,0.000000,0,0,0,0,0,0,0,0,0,0,0,0.045257568359375,-0.004302978515625,0,0,0,0,0,0,0,0,Object notstarted,Object notstarted,Object notstarted,Object notstarted,Object notstarted,Object notstarted,Object notstarted,Object notstarted,Object notstarted
2024-03-18 10:31:03,527.527,__main___datalogs,INFO,JoyConState.PREP_SNS,0.000000,0.000000,0.000000,0.096125,0.006866,0.011443,0.020598,0.000000,0.000000,0.000000,0.000000,0,0,0,0,0,0,0,0,0,0,0,0.045257568359375,-0.004302978515625,0,0,0,0,0,0,0,0,Object notstarted,Object notstarted,Object notstarted,Object notstarted,Object notstarted,Object notstarted,Object notstarted,Object notstarted,Object notstarted
2024-03-18 10:31:03,570.570,__main___datalogs,INFO,JoyConState.PREP_SNS,0.000000,0.000000,0.000000,0.096125,0.006866,0.011443,0.025176,0.000000,0.000000,0.000000,0.000000,0,0,0,0,0,0,0,0,0,0,0,0.045257568359375,-0.004302978515625,0,0,0,0,0,0,0,0,Object notstarted,Object notstarted,Object notstarted,Object notstarted,Object notstarted,Object notstarted,Object notstarted,Object notstarted,Object notstarted
2024-03-18 10:31:03,637.637,__main___datalogs,INFO,JoyConState.PREP_SNS,0.000000,0.000000,0.000000,0.096125,0.006866,0.011443,0.025176,0.000000,0.000000,0.000000,0.000000,0,0,0,0,0,0,0,0,0,0,0,0.045257568359375,-0.004302978515625,0,0,0,0,0,0,0,0,Object notstarted,Object notstarted,Object notstarted,Object notstarted,Object notstarted,Object notstarted,Object notstarted,Object notstarted,Object notstarted
2024-03-18 10:31:03,679.679,__main___datalogs,INFO,JoyConState.PREP_SNS,0.000000,0.000000,0.000000,0.091547,0.002289,0.011443,0.016021,0.000000,0.000000,0.000000,0.000000,0,0,0,0,0,0,0,0,0,0,0,0.045257568359375,-0.004302978515625,0,0,0,0,0,0,0,0,Object notstarted,Object notstarted,Object notstarted,Object notstarted,Object notstarted,Object notstarted,Object notstarted,Object notstarted,Object notstarted
2024-03-18 10:31:03,722.722,__main___datalogs,INFO,JoyConState.PREP_SNS,0.000000,0.000000,0.000000,0.096125,0.002289,0.004577,0.020598,0.000000,0.000000,0.000000,0.000000,0,0,0,0,0,0,0,0,0,0,0,0.045257568359375,-0.004302978515625,0,0,0,0,0,0,0,0,Object notstarted,Object notstarted,Object notstarted,Object notstarted,Object notstarted,Object notstarted,Object notstarted,Object notstarted,Object notstarted
2024-03-18 10:31:03,763.763,__main___datalogs,INFO,JoyConState.PREP_SNS,0.000000,0.000000,0.000000,0.096125,0.002289,0.004577,0.025176,0.000000,0.000000,0.000000,0.000000,0,0,0,0,0,0,0,0,0,0,0,0.045257568359375,-0.004302978515625,0,0,0,0,0,0,0,0,Object notstarted,Object notstarted,Object notstarted,Object notstarted,Object notstarted,Object notstarted,Object notstarted,Object notstarted,Object notstarted
2024-03-18 10:31:03,806.806,__main___datalogs,INFO,JoyConState.PREP_SNS,0.000000,0.000000,0.000000,0.091547,0.002289,0.011443,0.025176,0.000000,0.000000,0.000000,0.000000,0,0,0,0,0,0,0,0,0,0,0,0.045257568359375,-0.004302978515625,0,0,0,0,0,0,0,0,Object notstarted,Object notstarted,Object notstarted,Object notstarted,Object notstarted,Object notstarted,Object notstarted,Object notstarted,Object notstarted
2024-03-18 10:31:03,849.849,__main___datalogs,INFO,JoyConState.PREP_SNS,0.000000,0.000000,0.000000,0.091547,0.006866,0.013732,0.025176,0.000000,0.000000,0.000000,0.000000,0,0,0,0,0,0,0,0,0,0,0,0.045257568359375,-0.004302978515625,0,0,0,0,0,0,0,0,Object notstarted,Object notstarted,Object notstarted,Object notstarted,Object notstarted,Object notstarted,Object notstarted,Object notstarted,Object notstarted
2024-03-18 10:31:03,894.894,__main___datalogs,INFO,JoyConState.PREP_SNS,0.000000,0.000000,0.000000,0.091547,0.006866,0.013732,0.025176,0.000000,0.000000,0.000000,0.000000,0,0,0,0,0,0,0,0,0,0,0,0.045257568359375,-0.004302978515625,0,0,0,0,0,0,0,0,Object notstarted,Object notstarted,Object notstarted,Object notstarted,Object notstarted,Object notstarted,Object notstarted,Object notstarted,Object notstarted
2024-03-18 10:31:03,936.936,__main___datalogs,INFO,JoyConState.PREP_SNS,0.000000,0.000000,0.000000,0.091547,0.009155,0.011443,0.025176,0.000000,0.000000,0.000000,0.000000,0,0,0,0,0,0,0,0,0,0,0,0.045257568359375,-0.004302978515625,0,0,0,0,0,0,0,0,Object notstarted,Object notstarted,Object notstarted,Object notstarted,Object notstarted,Object notstarted,Object notstarted,Object notstarted,Object notstarted
2024-03-18 10:31:03,978.978,__main___datalogs,INFO,JoyConState.PREP_SNS,0.000000,0.000000,0.000000,0.091547,0.006866,0.011443,0.020598,0.000000,0.000000,0.000000,0.000000,0,0,0,0,0,0,0,0,0,0,0,0.045257568359375,-0.004302978515625,0,0,0,0,0,0,0,0,Object notstarted,Object notstarted,Object notstarted,Object notstarted,Object notstarted,Object notstarted,Object notstarted,Object notstarted,Object notstarted
2024-03-18 10:31:04,017.017,__main___datalogs,INFO,JoyConState.PREP_SNS,0.000000,0.000000,0.000000,0.096125,0.006866,0.011443,0.025176,0.000000,0.000000,0.000000,0.000000,0,0,0,0,0,0,0,0,0,0,0,0.045257568359375,-0.004302978515625,0,0,0,0,0,0,0,0,Object notstarted,Object notstarted,Object notstarted,Object notstarted,Object notstarted,Object notstarted,Object notstarted,Object notstarted,Object notstarted
2024-03-18 10:31:04,059.059,__main___datalogs,INFO,JoyConState.PREP_SNS,0.000000,0.000000,0.000000,0.096125,0.006866,0.011443,0.020598,0.000000,0.000000,0.000000,0.000000,0,0,0,0,0,0,0,0,0,0,0,0.045257568359375,-0.004302978515625,0,0,0,0,0,0,0,0,Object notstarted,Object notstarted,Object notstarted,Object notstarted,Object notstarted,Object notstarted,Object notstarted,Object notstarted,Object notstarted
2024-03-18 10:31:04,102.102,__main___datalogs,INFO,JoyConState.PREP_SNS,0.000000,0.000000,0.000000,0.096125,0.006866,0.011443,0.020598,0.000000,0.000000,0.000000,0.000000,0,0,0,0,0,0,0,0,0,0,0,0.045257568359375,-0.004302978515625,0,0,0,0,0,0,0,0,Object notstarted,Object notstarted,Object notstarted,Object notstarted,Object notstarted,Object notstarted,Object notstarted,Object notstarted,Object notstarted
2024-03-18 10:31:04,147.147,__main___datalogs,INFO,JoyConState.PREP_SNS,0.000000,0.000000,0.000000,0.096125,0.006866,0.011443,0.020598,0.000000,0.000000,0.000000,0.000000,0,0,0,0,0,0,0,0,0,0,0,0.045257568359375,-0.004302978515625,0,0,0,0,0,0,0,0,Object notstarted,Object notstarted,Object notstarted,Object notstarted,Object notstarted,Object notstarted,Object notstarted,Object notstarted,Object notstarted
2024-03-18 10:31:04,188.188,__main___datalogs,INFO,JoyConState.PREP_SNS,0.000000,0.000000,0.000000,0.091547,0.006866,0.011443,0.020598,0.000000,0.000000,0.000000,0.000000,0,0,0,0,0,0,0,0,0,0,0,0.045257568359375,-0.004302978515625,0,0,0,0,0,0,0,0,Object notstarted,Object notstarted,Object notstarted,Object notstarted,Object notstarted,Object notstarted,Object notstarted,Object notstarted,Object notstarted
2024-03-18 10:31:04,230.230,__main___datalogs,INFO,JoyConState.PREP_SNS,0.000000,0.000000,0.000000,0.091547,0.009155,0.011443,0.020598,0.000000,0.000000,0.000000,0.000000,0,0,0,0,0,0,0,0,0,0,0,0.045257568359375,-0.004302978515625,0,0,0,0,0,0,0,0,Object notstarted,Object notstarted,Object notstarted,Object notstarted,Object notstarted,Object notstarted,Object notstarted,Object notstarted,Object notstarted
2024-03-18 10:31:04,273.273,__main___datalogs,INFO,JoyConState.PREP_SNS,0.000000,0.000000,0.000000,0.091547,0.006866,0.011443,0.020598,0.000000,0.000000,0.000000,0.000000,0,0,0,0,0,0,0,0,0,0,0,0.045257568359375,-0.004302978515625,0,0,0,0,0,0,0,0,Object notstarted,Object notstarted,Object notstarted,Object notstarted,Object notstarted,Object notstarted,Object notstarted,Object notstarted,Object notstarted
2024-03-18 10:31:04,318.318,__main___datalogs,INFO,JoyConState.PREP_SNS,0.000000,0.000000,0.000000,0.089258,0.006866,0.013732,0.020598,0.000000,0.000000,0.000000,0.000000,0,0,0,0,0,0,0,0,0,0,0,0.045257568359375,-0.004302978515625,0,0,0,0,0,0,0,0,Object notstarted,Object notstarted,Object notstarted,Object notstarted,Object notstarted,Object notstarted,Object notstarted,Object notstarted,Object notstarted
2024-03-18 10:31:04,362.362,__main___datalogs,INFO,JoyConState.PREP_SNS,0.000000,0.000000,0.000000,0.091547,0.002289,0.013732,0.020598,0.000000,0.000000,0.000000,0.000000,0,0,0,0,0,0,0,0,0,0,0,0.045257568359375,-0.004302978515625,0,0,0,0,0,0,0,0,Object notstarted,Object notstarted,Object notstarted,Object notstarted,Object notstarted,Object notstarted,Object notstarted,Object notstarted,Object notstarted
2024-03-18 10:31:04,407.407,__main___datalogs,INFO,JoyConState.PREP_SNS,0.000000,0.000000,0.000000,0.096125,0.002289,0.011443,0.020598,0.000000,0.000000,0.000000,0.000000,0,0,0,0,0,0,0,0,0,0,0,0.045257568359375,-0.004302978515625,0,0,0,0,0,0,0,0,Object notstarted,Object notstarted,Object notstarted,Object notstarted,Object notstarted,Object notstarted,Object notstarted,Object notstarted,Object notstarted
2024-03-18 10:31:04,452.452,__main___datalogs,INFO,JoyConState.PREP_SNS,0.000000,0.000000,0.000000,0.096125,0.006866,0.011443,0.020598,0.000000,0.000000,0.000000,0.000000,0,0,0,0,0,0,0,0,0,0,0,0.045257568359375,-0.004302978515625,0,0,0,0,0,0,0,0,Object notstarted,Object notstarted,Object notstarted,Object notstarted,Object notstarted,Object notstarted,Object notstarted,Object notstarted,Object notstarted
2024-03-18 10:31:04,498.498,__main___datalogs,INFO,JoyConState.PREP_SNS,0.000000,0.000000,0.000000,0.096125,0.002289,0.011443,0.020598,0.000000,0.000000,0.000000,0.000000,0,0,0,0,0,0,0,0,0,0,0,0.045257568359375,-0.004302978515625,0,0,0,0,0,0,0,0,Object notstarted,Object notstarted,Object notstarted,Object notstarted,Object notstarted,Object notstarted,Object notstarted,Object notstarted,Object notstarted
2024-03-18 10:31:04,541.541,__main___datalogs,INFO,JoyConState.PREP_SNS,0.000000,0.000000,0.000000,0.091547,0.002289,0.013732,0.025176,0.000000,0.000000,0.000000,0.000000,0,0,0,0,0,0,0,0,0,0,0,0.045257568359375,-0.004302978515625,0,0,0,0,0,0,0,0,Object notstarted,Object notstarted,Object notstarted,Object notstarted,Object notstarted,Object notstarted,Object notstarted,Object notstarted,Object notstarted
2024-03-18 10:31:04,586.586,__main___datalogs,INFO,JoyConState.PREP_SNS,0.000000,0.000000,0.000000,0.091547,0.006866,0.013732,0.020598,0.000000,0.000000,0.000000,0.000000,0,0,0,0,0,0,0,0,0,0,0,0.045257568359375,-0.004302978515625,0,0,0,0,0,0,0,0,Object notstarted,Object notstarted,Object notstarted,Object notstarted,Object notstarted,Object notstarted,Object notstarted,Object notstarted,Object notstarted
2024-03-18 10:31:04,629.629,__main___datalogs,INFO,JoyConState.PREP_SNS,0.000000,0.000000,0.000000,0.091547,0.002289,0.011443,0.020598,0.000000,0.000000,0.000000,0.000000,0,0,0,0,0,0,0,0,0,0,0,0.045257568359375,-0.004302978515625,0,0,0,0,0,0,0,0,Object notstarted,Object notstarted,Object notstarted,Object notstarted,Object notstarted,Object notstarted,Object notstarted,Object notstarted,Object notstarted
2024-03-18 10:31:04,677.677,__main___datalogs,INFO,JoyConState.PREP_SNS,0.000000,0.000000,0.000000,0.091547,0.006866,0.011443,0.020598,0.000000,0.000000,0.000000,0.000000,0,0,0,0,0,0,0,0,0,0,0,0.045257568359375,-0.004302978515625,0,0,0,0,0,0,0,0,Object notstarted,Object notstarted,Object notstarted,Object notstarted,Object notstarted,Object notstarted,Object notstarted,Object notstarted,Object notstarted
2024-03-18 10:31:04,735.735,__main___datalogs,INFO,JoyConState.PREP_SNS,0.000000,0.000000,0.000000,0.096125,0.002289,0.011443,0.016021,0.000000,0.000000,0.000000,0.000000,0,0,0,0,0,0,0,0,0,0,0,0.045257568359375,-0.004302978515625,0,0,0,0,0,0,0,0,Object notstarted,Object notstarted,Object notstarted,Object notstarted,Object notstarted,Object notstarted,Object notstarted,Object notstarted,Object notstarted
2024-03-18 10:31:04,780.780,__main___datalogs,INFO,JoyConState.PREP_SNS,0.000000,0.000000,0.000000,0.096125,0.006866,0.011443,0.020598,0.000000,0.000000,0.000000,0.000000,0,0,0,0,0,0,0,0,0,0,0,0.045257568359375,-0.004302978515625,0,0,0,0,0,0,0,0,Object notstarted,Object notstarted,Object notstarted,Object notstarted,Object notstarted,Object notstarted,Object notstarted,Object notstarted,Object notstarted
2024-03-18 10:31:04,822.822,__main___datalogs,INFO,JoyConState.PREP_SNS,0.000000,0.000000,0.000000,0.096125,0.006866,0.004577,0.025176,0.000000,0.000000,0.000000,0.000000,0,0,0,0,0,0,0,0,0,0,0,0.045257568359375,-0.004302978515625,0,0,0,0,0,0,0,0,Object notstarted,Object notstarted,Object notstarted,Object notstarted,Object notstarted,Object notstarted,Object notstarted,Object notstarted,Object notstarted
2024-03-18 10:31:04,866.866,__main___datalogs,INFO,JoyConState.PREP_SNS,0.000000,0.000000,0.000000,0.096125,0.006866,0.011443,0.025176,0.000000,0.000000,0.000000,0.000000,0,0,0,0,0,0,0,0,0,0,0,0.045257568359375,-0.004302978515625,0,0,0,0,0,0,0,0,Object notstarted,Object notstarted,Object notstarted,Object notstarted,Object notstarted,Object notstarted,Object notstarted,Object notstarted,Object notstarted
2024-03-18 10:31:04,907.907,__main___datalogs,INFO,JoyConState.PREP_SNS,0.000000,0.000000,0.000000,0.096125,0.006866,0.013732,0.025176,0.000000,0.000000,0.000000,0.000000,0,0,0,0,0,0,0,0,0,0,0,0.045257568359375,-0.004302978515625,0,0,0,0,0,0,0,0,Object notstarted,Object notstarted,Object notstarted,Object notstarted,Object notstarted,Object notstarted,Object notstarted,Object notstarted,Object notstarted
2024-03-18 10:31:04,952.952,__main___datalogs,INFO,JoyConState.PREP_SNS,0.000000,0.000000,0.000000,0.096125,0.006866,0.013732,0.025176,0.000000,0.000000,0.000000,0.000000,0,0,0,0,0,0,0,0,0,0,0,0.045257568359375,-0.004302978515625,0,0,0,0,0,0,0,0,Object notstarted,Object notstarted,Object notstarted,Object notstarted,Object notstarted,Object notstarted,Object notstarted,Object notstarted,Object notstarted
2024-03-18 10:31:04,993.993,__main___datalogs,INFO,JoyConState.PREP_SNS,0.000000,0.000000,0.000000,0.096125,0.006866,0.011443,0.020598,0.000000,0.000000,0.000000,0.000000,0,0,0,0,0,0,0,0,0,0,0,0.045257568359375,-0.004302978515625,0,0,0,0,0,0,0,0,Object notstarted,Object notstarted,Object notstarted,Object notstarted,Object notstarted,Object notstarted,Object notstarted,Object notstarted,Object notstarted
2024-03-18 10:31:05,037.037,__main___datalogs,INFO,JoyConState.PREP_SNS,0.000000,0.000000,0.000000,0.098413,0.006866,0.011443,0.025176,0.000000,0.000000,0.000000,0.000000,0,0,0,0,0,0,0,0,0,0,0,0.045257568359375,-0.004302978515625,0,0,0,0,0,0,0,0,Object notstarted,Object notstarted,Object notstarted,Object notstarted,Object notstarted,Object notstarted,Object notstarted,Object notstarted,Object notstarted
2024-03-18 10:31:05,078.078,__main___datalogs,INFO,JoyConState.PREP_SNS,0.000000,0.000000,0.000000,0.096125,0.006866,0.013732,0.020598,0.000000,0.000000,0.000000,0.000000,0,0,0,0,0,0,0,0,0,0,0,0.045257568359375,-0.004302978515625,0,0,0,0,0,0,0,0,Object notstarted,Object notstarted,Object notstarted,Object notstarted,Object notstarted,Object notstarted,Object notstarted,Object notstarted,Object notstarted
2024-03-18 10:31:05,123.123,__main___datalogs,INFO,JoyConState.PREP_SNS,0.000000,0.000000,0.000000,0.096125,0.006866,0.013732,0.020598,0.000000,0.000000,0.000000,0.000000,0,0,0,0,0,0,0,0,0,0,0,0.045257568359375,-0.004302978515625,0,0,0,0,0,0,0,0,Object notstarted,Object notstarted,Object notstarted,Object notstarted,Object notstarted,Object notstarted,Object notstarted,Object notstarted,Object notstarted
2024-03-18 10:31:05,166.166,__main___datalogs,INFO,JoyConState.PREP_SNS,0.000000,0.000000,0.000000,0.096125,0.006866,0.011443,0.020598,0.000000,0.000000,0.000000,0.000000,0,0,0,0,0,0,0,0,0,0,0,0.045257568359375,-0.004302978515625,0,0,0,0,0,0,0,0,Object notstarted,Object notstarted,Object notstarted,Object notstarted,Object notstarted,Object notstarted,Object notstarted,Object notstarted,Object notstarted
2024-03-18 10:31:05,210.210,__main___datalogs,INFO,JoyConState.PREP_SNS,0.000000,0.000000,0.000000,0.096125,0.006866,0.011443,0.020598,0.000000,0.000000,0.000000,0.000000,0,0,0,0,0,0,0,0,0,0,0,0.045257568359375,-0.004302978515625,0,0,0,0,0,0,0,0,Object notstarted,Object notstarted,Object notstarted,Object notstarted,Object notstarted,Object notstarted,Object notstarted,Object notstarted,Object notstarted
2024-03-18 10:31:05,251.251,__main___datalogs,INFO,JoyConState.PREP_SNS,0.000000,0.000000,0.000000,0.091547,0.006866,0.011443,0.025176,0.000000,0.000000,0.000000,0.000000,0,0,0,0,0,0,0,0,0,0,0,0.045257568359375,-0.004302978515625,0,0,0,0,0,0,0,0,Object notstarted,Object notstarted,Object notstarted,Object notstarted,Object notstarted,Object notstarted,Object notstarted,Object notstarted,Object notstarted
2024-03-18 10:31:05,294.294,__main___datalogs,INFO,JoyConState.PREP_SNS,0.000000,0.000000,0.000000,0.091547,0.006866,0.013732,0.025176,0.000000,0.000000,0.000000,0.000000,0,0,0,0,0,0,0,0,0,0,0,0.045257568359375,-0.004302978515625,0,0,0,0,0,0,0,0,Object notstarted,Object notstarted,Object notstarted,Object notstarted,Object notstarted,Object notstarted,Object notstarted,Object notstarted,Object notstarted
2024-03-18 10:31:05,335.335,__main___datalogs,INFO,JoyConState.PREP_SNS,0.000000,0.000000,0.000000,0.091547,0.006866,0.013732,0.020598,0.000000,0.000000,0.000000,0.000000,0,0,0,0,0,0,0,0,0,0,0,0.045257568359375,-0.004302978515625,0,0,0,0,0,0,0,0,Object notstarted,Object notstarted,Object notstarted,Object notstarted,Object notstarted,Object notstarted,Object notstarted,Object notstarted,Object notstarted
2024-03-18 10:31:05,379.379,__main___datalogs,INFO,JoyConState.PREP_SNS,0.000000,0.000000,0.000000,0.091547,0.006866,0.011443,0.020598,0.000000,0.000000,0.000000,0.000000,0,0,0,0,0,0,0,0,0,0,0,0.045257568359375,-0.004302978515625,0,0,0,0,0,0,0,0,Object notstarted,Object notstarted,Object notstarted,Object notstarted,Object notstarted,Object notstarted,Object notstarted,Object notstarted,Object notstarted
2024-03-18 10:31:05,421.421,__main___datalogs,INFO,JoyConState.PREP_SNS,0.000000,0.000000,0.000000,0.091547,0.006866,0.004577,0.020598,0.000000,0.000000,0.000000,0.000000,0,0,0,0,0,0,0,0,0,0,0,0.045257568359375,-0.004302978515625,0,0,0,0,0,0,0,0,Object notstarted,Object notstarted,Object notstarted,Object notstarted,Object notstarted,Object notstarted,Object notstarted,Object notstarted,Object notstarted
2024-03-18 10:31:05,466.466,__main___datalogs,INFO,JoyConState.PREP_SNS,0.000000,0.000000,0.000000,0.089258,0.006866,0.011443,0.020598,0.000000,0.000000,0.000000,0.000000,0,0,0,0,0,0,0,0,0,0,0,0.045257568359375,-0.004302978515625,0,0,0,0,0,0,0,0,Object notstarted,Object notstarted,Object notstarted,Object notstarted,Object notstarted,Object notstarted,Object notstarted,Object notstarted,Object notstarted
2024-03-18 10:31:05,508.508,__main___datalogs,INFO,JoyConState.PREP_SNS,0.000000,0.000000,0.000000,0.091547,0.006866,0.011443,0.025176,0.000000,0.000000,0.000000,0.000000,0,0,0,0,0,0,0,0,0,0,0,0.045257568359375,-0.004302978515625,0,0,0,0,0,0,0,0,Object notstarted,Object notstarted,Object notstarted,Object notstarted,Object notstarted,Object notstarted,Object notstarted,Object notstarted,Object notstarted
2024-03-18 10:31:05,554.554,__main___datalogs,INFO,JoyConState.PREP_SNS,0.000000,0.000000,0.000000,0.091547,0.006866,0.004577,0.025176,0.000000,0.000000,0.000000,0.000000,0,0,0,0,0,0,0,0,0,0,0,0.045257568359375,-0.004302978515625,0,0,0,0,0,0,0,0,Object notstarted,Object notstarted,Object notstarted,Object notstarted,Object notstarted,Object notstarted,Object notstarted,Object notstarted,Object notstarted
2024-03-18 10:31:05,595.595,__main___datalogs,INFO,JoyConState.PREP_SNS,0.000000,0.000000,0.000000,0.091547,0.009155,0.011443,0.025176,0.000000,0.000000,0.000000,0.000000,0,0,0,0,0,0,0,0,0,0,0,0.045257568359375,-0.004302978515625,0,0,0,0,0,0,0,0,Object notstarted,Object notstarted,Object notstarted,Object notstarted,Object notstarted,Object notstarted,Object notstarted,Object notstarted,Object notstarted
2024-03-18 10:31:05,638.638,__main___datalogs,INFO,JoyConState.PREP_SNS,0.000000,0.000000,0.000000,0.096125,0.006866,0.011443,0.025176,0.000000,0.000000,0.000000,0.000000,0,0,0,0,0,0,0,0,0,0,0,0.045257568359375,-0.004302978515625,0,0,0,0,0,0,0,0,Object notstarted,Object notstarted,Object notstarted,Object notstarted,Object notstarted,Object notstarted,Object notstarted,Object notstarted,Object notstarted
2024-03-18 10:31:05,680.680,__main___datalogs,INFO,JoyConState.PREP_SNS,0.000000,0.000000,0.000000,0.096125,0.006866,0.013732,0.020598,0.000000,0.000000,0.000000,0.000000,0,0,0,0,0,0,0,0,0,0,0,0.045257568359375,-0.004302978515625,0,0,0,0,0,0,0,0,Object notstarted,Object notstarted,Object notstarted,Object notstarted,Object notstarted,Object notstarted,Object notstarted,Object notstarted,Object notstarted
2024-03-18 10:31:05,738.738,__main___datalogs,INFO,JoyConState.PREP_SNS,0.000000,0.000000,0.000000,0.096125,0.006866,0.013732,0.020598,0.000000,0.000000,0.000000,0.000000,0,0,0,0,0,0,0,0,0,0,0,0.045257568359375,-0.004302978515625,0,0,0,0,0,0,0,0,Object notstarted,Object notstarted,Object notstarted,Object notstarted,Object notstarted,Object notstarted,Object notstarted,Object notstarted,Object notstarted
2024-03-18 10:31:05,797.797,__main___datalogs,INFO,JoyConState.PREP_SNS,0.000000,0.000000,0.000000,0.096125,0.002289,0.011443,0.020598,0.000000,0.000000,0.000000,0.000000,0,0,0,0,0,0,0,0,0,0,0,0.045257568359375,-0.004302978515625,0,0,0,0,0,0,0,0,Object notstarted,Object notstarted,Object notstarted,Object notstarted,Object notstarted,Object notstarted,Object notstarted,Object notstarted,Object notstarted
2024-03-18 10:31:05,843.843,__main___datalogs,INFO,JoyConState.PREP_SNS,0.000000,0.000000,0.000000,0.091547,0.002289,0.011443,0.020598,0.000000,0.000000,0.000000,0.000000,0,0,0,0,0,0,0,0,0,0,0,0.045257568359375,-0.004302978515625,0,0,0,0,0,0,0,0,Object notstarted,Object notstarted,Object notstarted,Object notstarted,Object notstarted,Object notstarted,Object notstarted,Object notstarted,Object notstarted
2024-03-18 10:31:05,883.883,__main___datalogs,INFO,JoyConState.PREP_SNS,0.000000,0.000000,0.000000,0.091547,0.006866,0.011443,0.020598,0.000000,0.000000,0.000000,0.000000,0,0,0,0,0,0,0,0,0,0,0,0.045257568359375,-0.004302978515625,0,0,0,0,0,0,0,0,Object notstarted,Object notstarted,Object notstarted,Object notstarted,Object notstarted,Object notstarted,Object notstarted,Object notstarted,Object notstarted
2024-03-18 10:31:05,927.927,__main___datalogs,INFO,JoyConState.PREP_SNS,0.000000,0.000000,0.000000,0.091547,0.006866,0.011443,0.020598,0.000000,0.000000,0.000000,0.000000,0,0,0,0,0,0,0,0,0,0,0,0.045257568359375,-0.004302978515625,0,0,0,0,0,0,0,0,Object notstarted,Object notstarted,Object notstarted,Object notstarted,Object notstarted,Object notstarted,Object notstarted,Object notstarted,Object notstarted
2024-03-18 10:31:05,970.970,__main___datalogs,INFO,JoyConState.PREP_SNS,0.000000,0.000000,0.000000,0.091547,0.006866,0.011443,0.020598,0.000000,0.000000,0.000000,0.000000,0,0,0,0,0,0,0,0,0,0,0,0.045257568359375,-0.004302978515625,0,0,0,0,0,0,0,0,Object notstarted,Object notstarted,Object notstarted,Object notstarted,Object notstarted,Object notstarted,Object notstarted,Object notstarted,Object notstarted
2024-03-18 10:31:06,014.014,__main___datalogs,INFO,JoyConState.PREP_SNS,0.000000,0.000000,0.000000,0.096125,0.006866,0.011443,0.020598,0.000000,0.000000,0.000000,0.000000,0,0,0,0,0,0,0,0,0,0,0,0.045257568359375,-0.004302978515625,0,0,0,0,0,0,0,0,Object notstarted,Object notstarted,Object notstarted,Object notstarted,Object notstarted,Object notstarted,Object notstarted,Object notstarted,Object notstarted
2024-03-18 10:31:06,056.056,__main___datalogs,INFO,JoyConState.PREP_SNS,0.000000,0.000000,0.000000,0.091547,0.006866,0.011443,0.020598,0.000000,0.000000,0.000000,0.000000,0,0,0,0,0,0,0,0,0,0,0,0.045257568359375,-0.004302978515625,0,0,0,0,0,0,0,0,Object notstarted,Object notstarted,Object notstarted,Object notstarted,Object notstarted,Object notstarted,Object notstarted,Object notstarted,Object notstarted
2024-03-18 10:31:06,101.101,__main___datalogs,INFO,JoyConState.PREP_SNS,0.000000,0.000000,0.000000,0.091547,-0.002289,0.011443,0.020598,0.000000,0.000000,0.000000,0.000000,0,0,0,0,0,0,0,0,0,0,0,0.045257568359375,-0.004302978515625,0,0,0,0,0,0,0,0,Object notstarted,Object notstarted,Object notstarted,Object notstarted,Object notstarted,Object notstarted,Object notstarted,Object notstarted,Object notstarted
2024-03-18 10:31:06,145.145,__main___datalogs,INFO,JoyConState.PREP_SNS,0.000000,0.000000,0.000000,0.091547,-0.002289,0.011443,0.020598,0.000000,0.000000,0.000000,0.000000,0,0,0,0,0,0,0,0,0,0,0,0.045257568359375,-0.004302978515625,0,0,0,0,0,0,0,0,Object notstarted,Object notstarted,Object notstarted,Object notstarted,Object notstarted,Object notstarted,Object notstarted,Object notstarted,Object notstarted
2024-03-18 10:31:06,190.190,__main___datalogs,INFO,JoyConState.PREP_SNS,0.000000,0.000000,0.000000,0.091547,0.002289,0.011443,0.020598,0.000000,0.000000,0.000000,0.000000,0,0,0,0,0,0,0,0,0,0,0,0.045257568359375,-0.004302978515625,0,0,0,0,0,0,0,0,Object notstarted,Object notstarted,Object notstarted,Object notstarted,Object notstarted,Object notstarted,Object notstarted,Object notstarted,Object notstarted
2024-03-18 10:31:06,233.233,__main___datalogs,INFO,JoyConState.PREP_SNS,0.000000,0.000000,0.000000,0.091547,0.002289,0.011443,0.020598,0.000000,0.000000,0.000000,0.000000,0,0,0,0,0,0,0,0,0,0,0,0.045257568359375,-0.004302978515625,0,0,0,0,0,0,0,0,Object notstarted,Object notstarted,Object notstarted,Object notstarted,Object notstarted,Object notstarted,Object notstarted,Object notstarted,Object notstarted
2024-03-18 10:31:06,277.277,__main___datalogs,INFO,JoyConState.PREP_SNS,0.000000,0.000000,0.000000,0.089258,0.006866,0.011443,0.020598,0.000000,0.000000,0.000000,0.000000,0,0,0,0,0,0,0,0,0,0,0,0.045257568359375,-0.004302978515625,0,0,0,0,0,0,0,0,Object notstarted,Object notstarted,Object notstarted,Object notstarted,Object notstarted,Object notstarted,Object notstarted,Object notstarted,Object notstarted
2024-03-18 10:31:06,319.319,__main___datalogs,INFO,JoyConState.PREP_SNS,0.000000,0.000000,0.000000,0.091547,0.006866,0.011443,0.020598,0.000000,0.000000,0.000000,0.000000,0,0,0,0,0,0,0,0,0,0,0,0.045257568359375,-0.004302978515625,0,0,0,0,0,0,0,0,Object notstarted,Object notstarted,Object notstarted,Object notstarted,Object notstarted,Object notstarted,Object notstarted,Object notstarted,Object notstarted
2024-03-18 10:31:06,363.363,__main___datalogs,INFO,JoyConState.PREP_SNS,0.000000,0.000000,0.000000,0.096125,0.006866,0.011443,0.020598,0.000000,0.000000,0.000000,0.000000,0,0,0,0,0,0,0,0,0,0,0,0.045257568359375,-0.004302978515625,0,0,0,0,0,0,0,0,Object notstarted,Object notstarted,Object notstarted,Object notstarted,Object notstarted,Object notstarted,Object notstarted,Object notstarted,Object notstarted
2024-03-18 10:31:06,409.409,__main___datalogs,INFO,JoyConState.PREP_SNS,0.000000,0.000000,0.000000,0.098413,0.002289,0.004577,0.020598,0.000000,0.000000,0.000000,0.000000,0,0,0,0,0,0,0,0,0,0,0,0.045257568359375,-0.004302978515625,0,0,0,0,0,0,0,0,Object notstarted,Object notstarted,Object notstarted,Object notstarted,Object notstarted,Object notstarted,Object notstarted,Object notstarted,Object notstarted
2024-03-18 10:31:06,450.450,__main___datalogs,INFO,JoyConState.PREP_SNS,0.000000,0.000000,0.000000,0.091547,0.002289,0.011443,0.025176,0.000000,0.000000,0.000000,0.000000,0,0,0,0,0,0,0,0,0,0,0,0.045257568359375,-0.004302978515625,0,0,0,0,0,0,0,0,Object notstarted,Object notstarted,Object notstarted,Object notstarted,Object notstarted,Object notstarted,Object notstarted,Object notstarted,Object notstarted
2024-03-18 10:31:06,492.492,__main___datalogs,INFO,JoyConState.PREP_SNS,0.000000,0.000000,0.000000,0.091547,0.006866,0.011443,0.025176,0.000000,0.000000,0.000000,0.000000,0,0,0,0,0,0,0,0,0,0,0,0.045257568359375,-0.004302978515625,0,0,0,0,0,0,0,0,Object notstarted,Object notstarted,Object notstarted,Object notstarted,Object notstarted,Object notstarted,Object notstarted,Object notstarted,Object notstarted
2024-03-18 10:31:06,536.536,__main___datalogs,INFO,JoyConState.PREP_SNS,0.000000,0.000000,0.000000,0.091547,0.006866,0.011443,0.025176,0.000000,0.000000,0.000000,0.000000,0,0,0,0,0,0,0,0,0,0,0,0.045257568359375,-0.004302978515625,0,0,0,0,0,0,0,0,Object notstarted,Object notstarted,Object notstarted,Object notstarted,Object notstarted,Object notstarted,Object notstarted,Object notstarted,Object notstarted
2024-03-18 10:31:06,578.578,__main___datalogs,INFO,JoyConState.PREP_SNS,0.000000,0.000000,0.000000,0.096125,0.006866,0.011443,0.020598,0.000000,0.000000,0.000000,0.000000,0,0,0,0,0,0,0,0,0,0,0,0.045257568359375,-0.004302978515625,0,0,0,0,0,0,0,0,Object notstarted,Object notstarted,Object notstarted,Object notstarted,Object notstarted,Object notstarted,Object notstarted,Object notstarted,Object notstarted
2024-03-18 10:31:06,623.623,__main___datalogs,INFO,JoyConState.PREP_SNS,0.000000,0.000000,0.000000,0.096125,0.006866,0.013732,0.020598,0.000000,0.000000,0.000000,0.000000,0,0,0,0,0,0,0,0,0,0,0,0.045257568359375,-0.004302978515625,0,0,0,0,0,0,0,0,Object notstarted,Object notstarted,Object notstarted,Object notstarted,Object notstarted,Object notstarted,Object notstarted,Object notstarted,Object notstarted
2024-03-18 10:31:06,668.668,__main___datalogs,INFO,JoyConState.PREP_SNS,0.000000,0.000000,0.000000,0.091547,0.006866,0.013732,0.025176,0.000000,0.000000,0.000000,0.000000,0,0,0,0,0,0,0,0,0,0,0,0.045257568359375,-0.004302978515625,0,0,0,0,0,0,0,0,Object notstarted,Object notstarted,Object notstarted,Object notstarted,Object notstarted,Object notstarted,Object notstarted,Object notstarted,Object notstarted
2024-03-18 10:31:06,714.714,__main___datalogs,INFO,JoyConState.PREP_SNS,0.000000,0.000000,0.000000,0.091547,0.006866,0.013732,0.025176,0.000000,0.000000,0.000000,0.000000,0,0,0,0,0,0,0,0,0,0,0,0.045257568359375,-0.004302978515625,0,0,0,0,0,0,0,0,Object notstarted,Object notstarted,Object notstarted,Object notstarted,Object notstarted,Object notstarted,Object notstarted,Object notstarted,Object notstarted
2024-03-18 10:31:06,758.758,__main___datalogs,INFO,JoyConState.PREP_SNS,0.000000,0.000000,0.000000,0.096125,0.006866,0.004577,0.025176,0.000000,0.000000,0.000000,0.000000,0,0,0,0,0,0,0,0,0,0,0,0.045257568359375,-0.004302978515625,0,0,0,0,0,0,0,0,Object notstarted,Object notstarted,Object notstarted,Object notstarted,Object notstarted,Object notstarted,Object notstarted,Object notstarted,Object notstarted
2024-03-18 10:31:06,803.803,__main___datalogs,INFO,JoyConState.PREP_SNS,0.000000,0.000000,0.000000,0.096125,0.002289,0.004577,0.027464,0.000000,0.000000,0.000000,0.000000,0,0,0,0,0,0,0,0,0,0,0,0.045257568359375,-0.004302978515625,0,0,0,0,0,0,0,0,Object notstarted,Object notstarted,Object notstarted,Object notstarted,Object notstarted,Object notstarted,Object notstarted,Object notstarted,Object notstarted
2024-03-18 10:31:06,845.845,__main___datalogs,INFO,JoyConState.PREP_SNS,0.000000,0.000000,0.000000,0.096125,0.002289,0.011443,0.025176,0.000000,0.000000,0.000000,0.000000,0,0,0,0,0,0,0,0,0,0,0,0.045257568359375,-0.004302978515625,0,0,0,0,0,0,0,0,Object notstarted,Object notstarted,Object notstarted,Object notstarted,Object notstarted,Object notstarted,Object notstarted,Object notstarted,Object notstarted
2024-03-18 10:31:06,889.889,__main___datalogs,INFO,JoyConState.PREP_SNS,0.000000,0.000000,0.000000,0.096125,0.006866,0.013732,0.020598,0.000000,0.000000,0.000000,0.000000,0,0,0,0,0,0,0,0,0,0,0,0.045257568359375,-0.004302978515625,0,0,0,0,0,0,0,0,Object notstarted,Object notstarted,Object notstarted,Object notstarted,Object notstarted,Object notstarted,Object notstarted,Object notstarted,Object notstarted
2024-03-18 10:31:06,932.932,__main___datalogs,INFO,JoyConState.PREP_SNS,0.000000,0.000000,0.000000,0.096125,0.002289,0.013732,0.020598,0.000000,0.000000,0.000000,0.000000,0,0,0,0,0,0,0,0,0,0,0,0.045257568359375,-0.004302978515625,0,0,0,0,0,0,0,0,Object notstarted,Object notstarted,Object notstarted,Object notstarted,Object notstarted,Object notstarted,Object notstarted,Object notstarted,Object notstarted
2024-03-18 10:31:06,975.975,__main___datalogs,INFO,JoyConState.PREP_SNS,0.000000,0.000000,0.000000,0.091547,0.002289,0.013732,0.020598,0.000000,0.000000,0.000000,0.000000,0,0,0,0,0,0,0,0,0,0,0,0.045257568359375,-0.004302978515625,0,0,0,0,0,0,0,0,Object notstarted,Object notstarted,Object notstarted,Object notstarted,Object notstarted,Object notstarted,Object notstarted,Object notstarted,Object notstarted
2024-03-18 10:31:07,018.018,__main___datalogs,INFO,JoyConState.PREP_SNS,0.000000,0.000000,0.000000,0.091547,0.002289,0.011443,0.025176,0.000000,0.000000,0.000000,0.000000,0,0,0,0,0,0,0,0,0,0,0,0.045257568359375,-0.004302978515625,0,0,0,0,0,0,0,0,Object notstarted,Object notstarted,Object notstarted,Object notstarted,Object notstarted,Object notstarted,Object notstarted,Object notstarted,Object notstarted
2024-03-18 10:31:07,063.063,__main___datalogs,INFO,JoyConState.PREP_SNS,0.000000,0.000000,0.000000,0.091547,0.002289,0.011443,0.020598,0.000000,0.000000,0.000000,0.000000,0,0,0,0,0,0,0,0,0,0,0,0.045257568359375,-0.004302978515625,0,0,0,0,0,0,0,0,Object notstarted,Object notstarted,Object notstarted,Object notstarted,Object notstarted,Object notstarted,Object notstarted,Object notstarted,Object notstarted
2024-03-18 10:31:07,107.107,__main___datalogs,INFO,JoyConState.PREP_SNS,0.000000,0.000000,0.000000,0.091547,0.002289,0.011443,0.025176,0.000000,0.000000,0.000000,0.000000,0,0,0,0,0,0,0,0,0,0,0,0.045257568359375,-0.004302978515625,0,0,0,0,0,0,0,0,Object notstarted,Object notstarted,Object notstarted,Object notstarted,Object notstarted,Object notstarted,Object notstarted,Object notstarted,Object notstarted
2024-03-18 10:31:07,153.153,__main___datalogs,INFO,JoyConState.PREP_SNS,0.000000,0.000000,0.000000,0.091547,0.002289,0.011443,0.025176,0.000000,0.000000,0.000000,0.000000,0,0,0,0,0,0,0,0,0,0,0,0.045257568359375,-0.004302978515625,0,0,0,0,0,0,0,0,Object notstarted,Object notstarted,Object notstarted,Object notstarted,Object notstarted,Object notstarted,Object notstarted,Object notstarted,Object notstarted
2024-03-18 10:31:07,195.195,__main___datalogs,INFO,JoyConState.PREP_SNS,0.000000,0.000000,0.000000,0.091547,0.006866,0.011443,0.025176,0.000000,0.000000,0.000000,0.000000,0,0,0,0,0,0,0,0,0,0,0,0.045257568359375,-0.004302978515625,0,0,0,0,0,0,0,0,Object notstarted,Object notstarted,Object notstarted,Object notstarted,Object notstarted,Object notstarted,Object notstarted,Object notstarted,Object notstarted
2024-03-18 10:31:07,239.239,__main___datalogs,INFO,JoyConState.PREP_SNS,0.000000,0.000000,0.000000,0.091547,0.006866,0.011443,0.025176,0.000000,0.000000,0.000000,0.000000,0,0,0,0,0,0,0,0,0,0,0,0.045257568359375,-0.004302978515625,0,0,0,0,0,0,0,0,Object notstarted,Object notstarted,Object notstarted,Object notstarted,Object notstarted,Object notstarted,Object notstarted,Object notstarted,Object notstarted
2024-03-18 10:31:07,280.280,__main___datalogs,INFO,JoyConState.PREP_SNS,0.000000,0.000000,0.000000,0.091547,0.006866,0.004577,0.025176,0.000000,0.000000,0.000000,0.000000,0,0,0,0,0,0,0,0,0,0,0,0.045257568359375,-0.004302978515625,0,0,0,0,0,0,0,0,Object notstarted,Object notstarted,Object notstarted,Object notstarted,Object notstarted,Object notstarted,Object notstarted,Object notstarted,Object notstarted
2024-03-18 10:31:07,323.323,__main___datalogs,INFO,JoyConState.PREP_SNS,0.000000,0.000000,0.000000,0.091547,0.006866,0.004577,0.020598,0.000000,0.000000,0.000000,0.000000,0,0,0,0,0,0,0,0,0,0,0,0.045257568359375,-0.004302978515625,0,0,0,0,0,0,0,0,Object notstarted,Object notstarted,Object notstarted,Object notstarted,Object notstarted,Object notstarted,Object notstarted,Object notstarted,Object notstarted
2024-03-18 10:31:07,369.369,__main___datalogs,INFO,JoyConState.PREP_SNS,0.000000,0.000000,0.000000,0.096125,0.006866,0.011443,0.020598,0.000000,0.000000,0.000000,0.000000,0,0,0,0,0,0,0,0,0,0,0,0.045257568359375,-0.004302978515625,0,0,0,0,0,0,0,0,Object notstarted,Object notstarted,Object notstarted,Object notstarted,Object notstarted,Object notstarted,Object notstarted,Object notstarted,Object notstarted
2024-03-18 10:31:07,410.410,__main___datalogs,INFO,JoyConState.PREP_SNS,0.000000,0.000000,0.000000,0.091547,0.002289,0.004577,0.025176,0.000000,0.000000,0.000000,0.000000,0,0,0,0,0,0,0,0,0,0,0,0.045257568359375,-0.004302978515625,0,0,0,0,0,0,0,0,Object notstarted,Object notstarted,Object notstarted,Object notstarted,Object notstarted,Object notstarted,Object notstarted,Object notstarted,Object notstarted
2024-03-18 10:31:07,453.453,__main___datalogs,INFO,JoyConState.PREP_SNS,0.000000,0.000000,0.000000,0.091547,0.002289,0.004577,0.025176,0.000000,0.000000,0.000000,0.000000,0,0,0,0,0,0,0,0,0,0,0,0.045257568359375,-0.004302978515625,0,0,0,0,0,0,0,0,Object notstarted,Object notstarted,Object notstarted,Object notstarted,Object notstarted,Object notstarted,Object notstarted,Object notstarted,Object notstarted
2024-03-18 10:31:07,496.496,__main___datalogs,INFO,JoyConState.PREP_SNS,0.000000,0.000000,0.000000,0.091547,0.006866,0.011443,0.025176,0.000000,0.000000,0.000000,0.000000,0,0,0,0,0,0,0,0,0,0,0,0.045257568359375,-0.004302978515625,0,0,0,0,0,0,0,0,Object notstarted,Object notstarted,Object notstarted,Object notstarted,Object notstarted,Object notstarted,Object notstarted,Object notstarted,Object notstarted
2024-03-18 10:31:07,540.540,__main___datalogs,INFO,JoyConState.PREP_SNS,0.000000,0.000000,0.000000,0.091547,0.006866,0.011443,0.020598,0.000000,0.000000,0.000000,0.000000,0,0,0,0,0,0,0,0,0,0,0,0.045257568359375,-0.004302978515625,0,0,0,0,0,0,0,0,Object notstarted,Object notstarted,Object notstarted,Object notstarted,Object notstarted,Object notstarted,Object notstarted,Object notstarted,Object notstarted
2024-03-18 10:31:07,584.584,__main___datalogs,INFO,JoyConState.PREP_SNS,0.000000,0.000000,0.000000,0.096125,0.002289,0.011443,0.025176,0.000000,0.000000,0.000000,0.000000,0,0,0,0,0,0,0,0,0,0,0,0.045257568359375,-0.004302978515625,0,0,0,0,0,0,0,0,Object notstarted,Object notstarted,Object notstarted,Object notstarted,Object notstarted,Object notstarted,Object notstarted,Object notstarted,Object notstarted
2024-03-18 10:31:07,626.626,__main___datalogs,INFO,JoyConState.PREP_SNS,0.000000,0.000000,0.000000,0.096125,0.002289,0.011443,0.025176,0.000000,0.000000,0.000000,0.000000,0,0,0,0,0,0,0,0,0,0,0,0.045257568359375,-0.004302978515625,0,0,0,0,0,0,0,0,Object notstarted,Object notstarted,Object notstarted,Object notstarted,Object notstarted,Object notstarted,Object notstarted,Object notstarted,Object notstarted
2024-03-18 10:31:07,672.672,__main___datalogs,INFO,JoyConState.PREP_SNS,0.000000,0.000000,0.000000,0.096125,0.006866,0.011443,0.020598,0.000000,0.000000,0.000000,0.000000,0,0,0,0,0,0,0,0,0,0,0,0.045257568359375,-0.004302978515625,0,0,0,0,0,0,0,0,Object notstarted,Object notstarted,Object notstarted,Object notstarted,Object notstarted,Object notstarted,Object notstarted,Object notstarted,Object notstarted
2024-03-18 10:31:07,715.715,__main___datalogs,INFO,JoyConState.PREP_SNS,0.000000,0.000000,0.000000,0.091547,0.006866,0.011443,0.020598,0.000000,0.000000,0.000000,0.000000,0,0,0,0,0,0,0,0,0,0,0,0.045257568359375,-0.004302978515625,0,0,0,0,0,0,0,0,Object notstarted,Object notstarted,Object notstarted,Object notstarted,Object notstarted,Object notstarted,Object notstarted,Object notstarted,Object notstarted
2024-03-18 10:31:07,758.758,__main___datalogs,INFO,JoyConState.PREP_SNS,0.000000,0.000000,0.000000,0.091547,0.006866,0.011443,0.020598,0.000000,0.000000,0.000000,0.000000,0,0,0,0,0,0,0,0,0,0,0,0.045257568359375,-0.004302978515625,0,0,0,0,0,0,0,0,Object notstarted,Object notstarted,Object notstarted,Object notstarted,Object notstarted,Object notstarted,Object notstarted,Object notstarted,Object notstarted
2024-03-18 10:31:07,801.801,__main___datalogs,INFO,JoyConState.PREP_SNS,0.000000,0.000000,0.000000,0.091547,0.006866,0.004577,0.020598,0.000000,0.000000,0.000000,0.000000,0,0,0,0,0,0,0,0,0,0,0,0.045257568359375,-0.004302978515625,0,0,0,0,0,0,0,0,Object notstarted,Object notstarted,Object notstarted,Object notstarted,Object notstarted,Object notstarted,Object notstarted,Object notstarted,Object notstarted
2024-03-18 10:31:07,846.846,__main___datalogs,INFO,JoyConState.PREP_SNS,0.000000,0.000000,0.000000,0.091547,0.006866,0.011443,0.020598,0.000000,0.000000,0.000000,0.000000,0,0,0,0,0,0,0,0,0,0,0,0.045257568359375,-0.004302978515625,0,0,0,0,0,0,0,0,Object notstarted,Object notstarted,Object notstarted,Object notstarted,Object notstarted,Object notstarted,Object notstarted,Object notstarted,Object notstarted
2024-03-18 10:31:07,904.904,__main___datalogs,INFO,JoyConState.PREP_SNS,0.000000,0.000000,0.000000,0.096125,0.006866,0.011443,0.025176,0.000000,0.000000,0.000000,0.000000,0,0,0,0,0,0,0,0,0,0,0,0.045257568359375,-0.004302978515625,0,0,0,0,0,0,0,0,Object notstarted,Object notstarted,Object notstarted,Object notstarted,Object notstarted,Object notstarted,Object notstarted,Object notstarted,Object notstarted
2024-03-18 10:31:07,950.950,__main___datalogs,INFO,JoyConState.PREP_SNS,0.000000,0.000000,0.000000,0.089258,0.006866,0.011443,0.025176,0.000000,0.000000,0.000000,0.000000,0,0,0,0,0,0,0,0,0,0,0,0.045257568359375,-0.004302978515625,0,0,0,0,0,0,0,0,Object notstarted,Object notstarted,Object notstarted,Object notstarted,Object notstarted,Object notstarted,Object notstarted,Object notstarted,Object notstarted
2024-03-18 10:31:07,993.993,__main___datalogs,INFO,JoyConState.PREP_SNS,0.000000,0.000000,0.000000,0.096125,0.002289,0.011443,0.020598,0.000000,0.000000,0.000000,0.000000,0,0,0,0,0,0,0,0,0,0,0,0.045257568359375,-0.004302978515625,0,0,0,0,0,0,0,0,Object notstarted,Object notstarted,Object notstarted,Object notstarted,Object notstarted,Object notstarted,Object notstarted,Object notstarted,Object notstarted
2024-03-18 10:31:08,038.038,__main___datalogs,INFO,JoyConState.PREP_SNS,0.000000,0.000000,0.000000,0.096125,0.002289,0.013732,0.025176,0.000000,0.000000,0.000000,0.000000,0,0,0,0,0,0,0,0,0,0,0,0.045257568359375,-0.004302978515625,0,0,0,0,0,0,0,0,Object notstarted,Object notstarted,Object notstarted,Object notstarted,Object notstarted,Object notstarted,Object notstarted,Object notstarted,Object notstarted
2024-03-18 10:31:08,082.082,__main___datalogs,INFO,JoyConState.PREP_SNS,0.000000,0.000000,0.000000,0.096125,0.002289,0.011443,0.025176,0.000000,0.000000,0.000000,0.000000,0,0,0,0,0,0,0,0,0,0,0,0.045257568359375,-0.004302978515625,0,0,0,0,0,0,0,0,Object notstarted,Object notstarted,Object notstarted,Object notstarted,Object notstarted,Object notstarted,Object notstarted,Object notstarted,Object notstarted
2024-03-18 10:31:08,127.127,__main___datalogs,INFO,JoyConState.PREP_SNS,0.000000,0.000000,0.000000,0.091547,0.006866,0.011443,0.025176,0.000000,0.000000,0.000000,0.000000,0,0,0,0,0,0,0,0,0,0,0,0.045257568359375,-0.004302978515625,0,0,0,0,0,0,0,0,Object notstarted,Object notstarted,Object notstarted,Object notstarted,Object notstarted,Object notstarted,Object notstarted,Object notstarted,Object notstarted
2024-03-18 10:31:08,169.169,__main___datalogs,INFO,JoyConState.PREP_SNS,0.000000,0.000000,0.000000,0.096125,0.006866,0.011443,0.025176,0.000000,0.000000,0.000000,0.000000,0,0,0,0,0,0,0,0,0,0,0,0.045257568359375,-0.004302978515625,0,0,0,0,0,0,0,0,Object notstarted,Object notstarted,Object notstarted,Object notstarted,Object notstarted,Object notstarted,Object notstarted,Object notstarted,Object notstarted
2024-03-18 10:31:08,212.212,__main___datalogs,INFO,JoyConState.PREP_SNS,0.000000,0.000000,0.000000,0.091547,0.006866,0.011443,0.025176,0.000000,0.000000,0.000000,0.000000,0,0,0,0,0,0,0,0,0,0,0,0.045257568359375,-0.004302978515625,0,0,0,0,0,0,0,0,Object notstarted,Object notstarted,Object notstarted,Object notstarted,Object notstarted,Object notstarted,Object notstarted,Object notstarted,Object notstarted
2024-03-18 10:31:08,256.256,__main___datalogs,INFO,JoyConState.PREP_SNS,0.000000,0.000000,0.000000,0.091547,0.006866,0.011443,0.027464,0.000000,0.000000,0.000000,0.000000,0,0,0,0,0,0,0,0,0,0,0,0.045257568359375,-0.004302978515625,0,0,0,0,0,0,0,0,Object notstarted,Object notstarted,Object notstarted,Object notstarted,Object notstarted,Object notstarted,Object notstarted,Object notstarted,Object notstarted
2024-03-18 10:31:08,301.301,__main___datalogs,INFO,JoyConState.PREP_SNS,0.000000,0.000000,0.000000,0.096125,0.002289,0.011443,0.025176,0.000000,0.000000,0.000000,0.000000,0,0,0,0,0,0,0,0,0,0,0,0.045257568359375,-0.004302978515625,0,0,0,0,0,0,0,0,Object notstarted,Object notstarted,Object notstarted,Object notstarted,Object notstarted,Object notstarted,Object notstarted,Object notstarted,Object notstarted
2024-03-18 10:31:08,343.343,__main___datalogs,INFO,JoyConState.PREP_SNS,0.000000,0.000000,0.000000,0.091547,0.006866,0.011443,0.020598,0.000000,0.000000,0.000000,0.000000,0,0,0,0,0,0,0,0,0,0,0,0.045257568359375,-0.004302978515625,0,0,0,0,0,0,0,0,Object notstarted,Object notstarted,Object notstarted,Object notstarted,Object notstarted,Object notstarted,Object notstarted,Object notstarted,Object notstarted
2024-03-18 10:31:08,387.387,__main___datalogs,INFO,JoyConState.PREP_SNS,0.000000,0.000000,0.000000,0.091547,0.006866,0.011443,0.020598,0.000000,0.000000,0.000000,0.000000,0,0,0,0,0,0,0,0,0,0,0,0.045257568359375,-0.004302978515625,0,0,0,0,0,0,0,0,Object notstarted,Object notstarted,Object notstarted,Object notstarted,Object notstarted,Object notstarted,Object notstarted,Object notstarted,Object notstarted
2024-03-18 10:31:08,429.429,__main___datalogs,INFO,JoyConState.PREP_SNS,0.000000,0.000000,0.000000,0.091547,0.006866,0.004577,0.025176,0.000000,0.000000,0.000000,0.000000,0,0,0,0,0,0,0,0,0,0,0,0.045257568359375,-0.004302978515625,0,0,0,0,0,0,0,0,Object notstarted,Object notstarted,Object notstarted,Object notstarted,Object notstarted,Object notstarted,Object notstarted,Object notstarted,Object notstarted
2024-03-18 10:31:08,474.474,__main___datalogs,INFO,JoyConState.PREP_SNS,0.000000,0.000000,0.000000,0.091547,0.006866,0.011443,0.025176,0.000000,0.000000,0.000000,0.000000,0,0,0,0,0,0,0,0,0,0,0,0.045257568359375,-0.004302978515625,0,0,0,0,0,0,0,0,Object notstarted,Object notstarted,Object notstarted,Object notstarted,Object notstarted,Object notstarted,Object notstarted,Object notstarted,Object notstarted
2024-03-18 10:31:08,516.516,__main___datalogs,INFO,JoyConState.PREP_SNS,0.000000,0.000000,0.000000,0.091547,0.002289,0.004577,0.020598,0.000000,0.000000,0.000000,0.000000,0,0,0,0,0,0,0,0,0,0,0,0.045257568359375,-0.004302978515625,0,0,0,0,0,0,0,0,Object notstarted,Object notstarted,Object notstarted,Object notstarted,Object notstarted,Object notstarted,Object notstarted,Object notstarted,Object notstarted
2024-03-18 10:31:08,561.561,__main___datalogs,INFO,JoyConState.PREP_SNS,0.000000,0.000000,0.000000,0.091547,0.002289,0.004577,0.025176,0.000000,0.000000,0.000000,0.000000,0,0,0,0,0,0,0,0,0,0,0,0.045257568359375,-0.004302978515625,0,0,0,0,0,0,0,0,Object notstarted,Object notstarted,Object notstarted,Object notstarted,Object notstarted,Object notstarted,Object notstarted,Object notstarted,Object notstarted
2024-03-18 10:31:08,605.605,__main___datalogs,INFO,JoyConState.PREP_SNS,0.000000,0.000000,0.000000,0.091547,0.002289,0.011443,0.025176,0.000000,0.000000,0.000000,0.000000,0,0,0,0,0,0,0,0,0,0,0,0.045257568359375,-0.004302978515625,0,0,0,0,0,0,0,0,Object notstarted,Object notstarted,Object notstarted,Object notstarted,Object notstarted,Object notstarted,Object notstarted,Object notstarted,Object notstarted
2024-03-18 10:31:08,649.649,__main___datalogs,INFO,JoyConState.PREP_SNS,0.000000,0.000000,0.000000,0.091547,0.002289,0.013732,0.020598,0.000000,0.000000,0.000000,0.000000,0,0,0,0,0,0,0,0,0,0,0,0.045257568359375,-0.004302978515625,0,0,0,0,0,0,0,0,Object notstarted,Object notstarted,Object notstarted,Object notstarted,Object notstarted,Object notstarted,Object notstarted,Object notstarted,Object notstarted
2024-03-18 10:31:08,692.692,__main___datalogs,INFO,JoyConState.PREP_SNS,0.000000,0.000000,0.000000,0.096125,0.006866,0.013732,0.020598,0.000000,0.000000,0.000000,0.000000,0,0,0,0,0,0,0,0,0,0,0,0.045257568359375,-0.004302978515625,0,0,0,0,0,0,0,0,Object notstarted,Object notstarted,Object notstarted,Object notstarted,Object notstarted,Object notstarted,Object notstarted,Object notstarted,Object notstarted
2024-03-18 10:31:08,736.736,__main___datalogs,INFO,JoyConState.PREP_SNS,0.000000,0.000000,0.000000,0.091547,0.006866,0.013732,0.020598,0.000000,0.000000,0.000000,0.000000,0,0,0,0,0,0,0,0,0,0,0,0.045257568359375,-0.004302978515625,0,0,0,0,0,0,0,0,Object notstarted,Object notstarted,Object notstarted,Object notstarted,Object notstarted,Object notstarted,Object notstarted,Object notstarted,Object notstarted
2024-03-18 10:31:08,778.778,__main___datalogs,INFO,JoyConState.PREP_SNS,0.000000,0.000000,0.000000,0.091547,0.006866,0.013732,0.020598,0.000000,0.000000,0.000000,0.000000,0,0,0,0,0,0,0,0,0,0,0,0.045257568359375,-0.004302978515625,0,0,0,0,0,0,0,0,Object notstarted,Object notstarted,Object notstarted,Object notstarted,Object notstarted,Object notstarted,Object notstarted,Object notstarted,Object notstarted
2024-03-18 10:31:08,822.822,__main___datalogs,INFO,JoyConState.PREP_SNS,0.000000,0.000000,0.000000,0.096125,0.002289,0.013732,0.020598,0.000000,0.000000,0.000000,0.000000,0,0,0,0,0,0,0,0,0,0,0,0.045257568359375,-0.004302978515625,0,0,0,0,0,0,0,0,Object notstarted,Object notstarted,Object notstarted,Object notstarted,Object notstarted,Object notstarted,Object notstarted,Object notstarted,Object notstarted
2024-03-18 10:31:08,864.864,__main___datalogs,INFO,JoyConState.PREP_SNS,0.000000,0.000000,0.000000,0.096125,0.006866,0.011443,0.025176,0.000000,0.000000,0.000000,0.000000,0,0,0,0,0,0,0,0,0,0,0,0.045257568359375,-0.004302978515625,0,0,0,0,0,0,0,0,Object notstarted,Object notstarted,Object notstarted,Object notstarted,Object notstarted,Object notstarted,Object notstarted,Object notstarted,Object notstarted
2024-03-18 10:31:08,908.908,__main___datalogs,INFO,JoyConState.PREP_SNS,0.000000,0.000000,0.000000,0.096125,0.006866,0.011443,0.025176,0.000000,0.000000,0.000000,0.000000,0,0,0,0,0,0,0,0,0,0,0,0.045257568359375,-0.004302978515625,0,0,0,0,0,0,0,0,Object notstarted,Object notstarted,Object notstarted,Object notstarted,Object notstarted,Object notstarted,Object notstarted,Object notstarted,Object notstarted
2024-03-18 10:31:08,968.968,__main___datalogs,INFO,JoyConState.PREP_SNS,0.000000,0.000000,0.000000,0.096125,0.006866,0.011443,0.025176,0.000000,0.000000,0.000000,0.000000,0,0,0,0,0,0,0,0,0,0,0,0.045257568359375,-0.004302978515625,0,0,0,0,0,0,0,0,Object notstarted,Object notstarted,Object notstarted,Object notstarted,Object notstarted,Object notstarted,Object notstarted,Object notstarted,Object notstarted
2024-03-18 10:31:09,015.015,__main___datalogs,INFO,JoyConState.PREP_SNS,0.000000,0.000000,0.000000,0.096125,0.002289,0.013732,0.025176,0.000000,0.000000,0.000000,0.000000,0,0,0,0,0,0,0,0,0,0,0,0.045257568359375,-0.004302978515625,0,0,0,0,0,0,0,0,Object notstarted,Object notstarted,Object notstarted,Object notstarted,Object notstarted,Object notstarted,Object notstarted,Object notstarted,Object notstarted
2024-03-18 10:31:09,059.059,__main___datalogs,INFO,JoyConState.PREP_SNS,0.000000,0.000000,0.000000,0.091547,0.002289,0.011443,0.020598,0.000000,0.000000,0.000000,0.000000,0,0,0,0,0,0,0,0,0,0,0,0.045257568359375,-0.004302978515625,0,0,0,0,0,0,0,0,Object notstarted,Object notstarted,Object notstarted,Object notstarted,Object notstarted,Object notstarted,Object notstarted,Object notstarted,Object notstarted
2024-03-18 10:31:09,102.102,__main___datalogs,INFO,JoyConState.PREP_SNS,0.000000,0.000000,0.000000,0.091547,0.006866,0.011443,0.025176,0.000000,0.000000,0.000000,0.000000,0,0,0,0,0,0,0,0,0,0,0,0.045257568359375,-0.004302978515625,0,0,0,0,0,0,0,0,Object notstarted,Object notstarted,Object notstarted,Object notstarted,Object notstarted,Object notstarted,Object notstarted,Object notstarted,Object notstarted
2024-03-18 10:31:09,143.143,__main___datalogs,INFO,JoyConState.PREP_SNS,0.000000,0.000000,0.000000,0.096125,0.006866,0.013732,0.025176,0.000000,0.000000,0.000000,0.000000,0,0,0,0,0,0,0,0,0,0,0,0.045257568359375,-0.004302978515625,0,0,0,0,0,0,0,0,Object notstarted,Object notstarted,Object notstarted,Object notstarted,Object notstarted,Object notstarted,Object notstarted,Object notstarted,Object notstarted
2024-03-18 10:31:09,186.186,__main___datalogs,INFO,JoyConState.PREP_SNS,0.000000,0.000000,0.000000,0.091547,0.006866,0.013732,0.025176,0.000000,0.000000,0.000000,0.000000,0,0,0,0,0,0,0,0,0,0,0,0.045257568359375,-0.004302978515625,0,0,0,0,0,0,0,0,Object notstarted,Object notstarted,Object notstarted,Object notstarted,Object notstarted,Object notstarted,Object notstarted,Object notstarted,Object notstarted
2024-03-18 10:31:09,229.229,__main___datalogs,INFO,JoyConState.PREP_SNS,0.000000,0.000000,0.000000,0.091547,0.002289,0.013732,0.027464,0.000000,0.000000,0.000000,0.000000,0,0,0,0,0,0,0,0,0,0,0,0.045257568359375,-0.004302978515625,0,0,0,0,0,0,0,0,Object notstarted,Object notstarted,Object notstarted,Object notstarted,Object notstarted,Object notstarted,Object notstarted,Object notstarted,Object notstarted
2024-03-18 10:31:09,274.274,__main___datalogs,INFO,JoyConState.PREP_SNS,0.000000,0.000000,0.000000,0.096125,0.006866,0.013732,0.027464,0.000000,0.000000,0.000000,0.000000,0,0,0,0,0,0,0,0,0,0,0,0.045257568359375,-0.004302978515625,0,0,0,0,0,0,0,0,Object notstarted,Object notstarted,Object notstarted,Object notstarted,Object notstarted,Object notstarted,Object notstarted,Object notstarted,Object notstarted
2024-03-18 10:31:09,318.318,__main___datalogs,INFO,JoyConState.PREP_SNS,0.000000,0.000000,0.000000,0.091547,0.006866,0.013732,0.025176,0.000000,0.000000,0.000000,0.000000,0,0,0,0,0,0,0,0,0,0,0,0.045257568359375,-0.004302978515625,0,0,0,0,0,0,0,0,Object notstarted,Object notstarted,Object notstarted,Object notstarted,Object notstarted,Object notstarted,Object notstarted,Object notstarted,Object notstarted
2024-03-18 10:31:09,362.362,__main___datalogs,INFO,JoyConState.PREP_SNS,0.000000,0.000000,0.000000,0.091547,0.002289,0.013732,0.025176,0.000000,0.000000,0.000000,0.000000,0,0,0,0,0,0,0,0,0,0,0,0.045257568359375,-0.004302978515625,0,0,0,0,0,0,0,0,Object notstarted,Object notstarted,Object notstarted,Object notstarted,Object notstarted,Object notstarted,Object notstarted,Object notstarted,Object notstarted
2024-03-18 10:31:09,407.407,__main___datalogs,INFO,JoyConState.PREP_SNS,0.000000,0.000000,0.000000,0.091547,0.006866,0.013732,0.025176,0.000000,0.000000,0.000000,0.000000,0,0,0,0,0,0,0,0,0,0,0,0.045257568359375,-0.004302978515625,0,0,0,0,0,0,0,0,Object notstarted,Object notstarted,Object notstarted,Object notstarted,Object notstarted,Object notstarted,Object notstarted,Object notstarted,Object notstarted
2024-03-18 10:31:09,453.453,__main___datalogs,INFO,JoyConState.PREP_SNS,0.000000,0.000000,0.000000,0.091547,0.006866,0.011443,0.025176,0.000000,0.000000,0.000000,0.000000,0,0,0,0,0,0,0,0,0,0,0,0.045257568359375,-0.004302978515625,0,0,0,0,0,0,0,0,Object notstarted,Object notstarted,Object notstarted,Object notstarted,Object notstarted,Object notstarted,Object notstarted,Object notstarted,Object notstarted
2024-03-18 10:31:09,494.494,__main___datalogs,INFO,JoyConState.PREP_SNS,0.000000,0.000000,0.000000,0.091547,0.002289,0.011443,0.027464,0.000000,0.000000,0.000000,0.000000,0,0,0,0,0,0,0,0,0,0,0,0.045257568359375,-0.004302978515625,0,0,0,0,0,0,0,0,Object notstarted,Object notstarted,Object notstarted,Object notstarted,Object notstarted,Object notstarted,Object notstarted,Object notstarted,Object notstarted
2024-03-18 10:31:09,538.538,__main___datalogs,INFO,JoyConState.PREP_SNS,0.000000,0.000000,0.000000,0.091547,0.002289,0.011443,0.025176,0.000000,0.000000,0.000000,0.000000,0,0,0,0,0,0,0,0,0,0,0,0.045257568359375,-0.004302978515625,0,0,0,0,0,0,0,0,Object notstarted,Object notstarted,Object notstarted,Object notstarted,Object notstarted,Object notstarted,Object notstarted,Object notstarted,Object notstarted
2024-03-18 10:31:09,581.581,__main___datalogs,INFO,JoyConState.PREP_SNS,0.000000,0.000000,0.000000,0.091547,0.006866,0.004577,0.025176,0.000000,0.000000,0.000000,0.000000,0,0,0,0,0,0,0,0,0,0,0,0.045257568359375,-0.004302978515625,0,0,0,0,0,0,0,0,Object notstarted,Object notstarted,Object notstarted,Object notstarted,Object notstarted,Object notstarted,Object notstarted,Object notstarted,Object notstarted
2024-03-18 10:31:09,624.624,__main___datalogs,INFO,JoyConState.PREP_SNS,0.000000,0.000000,0.000000,0.091547,0.006866,0.011443,0.025176,0.000000,0.000000,0.000000,0.000000,0,0,0,0,0,0,0,0,0,0,0,0.045257568359375,-0.004302978515625,0,0,0,0,0,0,0,0,Object notstarted,Object notstarted,Object notstarted,Object notstarted,Object notstarted,Object notstarted,Object notstarted,Object notstarted,Object notstarted
2024-03-18 10:31:09,668.668,__main___datalogs,INFO,JoyConState.PREP_SNS,0.000000,0.000000,0.000000,0.096125,0.006866,0.013732,0.025176,0.000000,0.000000,0.000000,0.000000,0,0,0,0,0,0,0,0,0,0,0,0.045257568359375,-0.004302978515625,0,0,0,0,0,0,0,0,Object notstarted,Object notstarted,Object notstarted,Object notstarted,Object notstarted,Object notstarted,Object notstarted,Object notstarted,Object notstarted
2024-03-18 10:31:09,709.709,__main___datalogs,INFO,JoyConState.PREP_SNS,0.000000,0.000000,0.000000,0.091547,0.002289,0.011443,0.025176,0.000000,0.000000,0.000000,0.000000,0,0,0,0,0,0,0,0,0,0,0,0.045257568359375,-0.004302978515625,0,0,0,0,0,0,0,0,Object notstarted,Object notstarted,Object notstarted,Object notstarted,Object notstarted,Object notstarted,Object notstarted,Object notstarted,Object notstarted
2024-03-18 10:31:09,750.750,__main___datalogs,INFO,JoyConState.PREP_SNS,0.000000,0.000000,0.000000,0.098413,0.006866,0.013732,0.025176,0.000000,0.000000,0.000000,0.000000,0,0,0,0,0,0,0,0,0,0,0,0.045257568359375,-0.004302978515625,0,0,0,0,0,0,0,0,Object notstarted,Object notstarted,Object notstarted,Object notstarted,Object notstarted,Object notstarted,Object notstarted,Object notstarted,Object notstarted
2024-03-18 10:31:09,792.792,__main___datalogs,INFO,JoyConState.PREP_SNS,0.000000,0.000000,0.000000,0.096125,0.002289,0.013732,0.016021,0.000000,0.000000,0.000000,0.000000,0,0,0,0,0,0,0,0,0,0,0,0.045257568359375,-0.004302978515625,0,0,0,0,0,0,0,0,Object notstarted,Object notstarted,Object notstarted,Object notstarted,Object notstarted,Object notstarted,Object notstarted,Object notstarted,Object notstarted
2024-03-18 10:31:09,834.834,__main___datalogs,INFO,JoyConState.PREP_SNS,0.000000,0.000000,0.000000,0.091547,0.002289,0.013732,0.020598,0.000000,0.000000,0.000000,0.000000,0,0,0,0,0,0,0,0,0,0,0,0.045257568359375,-0.004302978515625,0,0,0,0,0,0,0,0,Object notstarted,Object notstarted,Object notstarted,Object notstarted,Object notstarted,Object notstarted,Object notstarted,Object notstarted,Object notstarted
2024-03-18 10:31:09,876.876,__main___datalogs,INFO,JoyConState.PREP_SNS,0.000000,0.000000,0.000000,0.091547,0.006866,0.013732,0.027464,0.000000,0.000000,0.000000,0.000000,0,0,0,0,0,0,0,0,0,0,0,0.045257568359375,-0.004302978515625,0,0,0,0,0,0,0,0,Object notstarted,Object notstarted,Object notstarted,Object notstarted,Object notstarted,Object notstarted,Object notstarted,Object notstarted,Object notstarted
2024-03-18 10:31:09,918.918,__main___datalogs,INFO,JoyConState.PREP_SNS,0.000000,0.000000,0.000000,0.091547,0.006866,0.013732,0.020598,0.000000,0.000000,0.000000,0.000000,0,0,0,0,0,0,0,0,0,0,0,0.045257568359375,-0.004302978515625,0,0,0,0,0,0,0,0,Object notstarted,Object notstarted,Object notstarted,Object notstarted,Object notstarted,Object notstarted,Object notstarted,Object notstarted,Object notstarted
2024-03-18 10:31:09,964.964,__main___datalogs,INFO,JoyConState.PREP_SNS,0.000000,0.000000,0.000000,0.091547,0.006866,0.011443,0.020598,0.000000,0.000000,0.000000,0.000000,0,0,0,0,0,0,0,0,0,0,0,0.045257568359375,-0.004302978515625,0,0,0,0,0,0,0,0,Object notstarted,Object notstarted,Object notstarted,Object notstarted,Object notstarted,Object notstarted,Object notstarted,Object notstarted,Object notstarted
2024-03-18 10:31:10,020.020,__main___datalogs,INFO,JoyConState.PREP_SNS,0.000000,0.000000,0.000000,0.091547,0.002289,0.013732,0.025176,0.000000,0.000000,0.000000,0.000000,0,0,0,0,0,0,0,0,0,0,0,0.045257568359375,-0.004302978515625,0,0,0,0,0,0,0,0,Object notstarted,Object notstarted,Object notstarted,Object notstarted,Object notstarted,Object notstarted,Object notstarted,Object notstarted,Object notstarted
2024-03-18 10:31:10,082.082,__main___datalogs,INFO,JoyConState.PREP_SNS,0.000000,0.000000,0.000000,0.096125,0.006866,0.011443,0.025176,0.000000,0.000000,0.000000,0.000000,0,0,0,0,0,0,0,0,0,0,0,0.045257568359375,-0.004302978515625,0,0,0,0,0,0,0,0,Object notstarted,Object notstarted,Object notstarted,Object notstarted,Object notstarted,Object notstarted,Object notstarted,Object notstarted,Object notstarted
2024-03-18 10:31:10,123.123,__main___datalogs,INFO,JoyConState.PREP_SNS,0.000000,0.000000,0.000000,0.096125,0.006866,0.011443,0.027464,0.000000,0.000000,0.000000,0.000000,0,0,0,0,0,0,0,0,0,0,0,0.045257568359375,-0.004302978515625,0,0,0,0,0,0,0,0,Object notstarted,Object notstarted,Object notstarted,Object notstarted,Object notstarted,Object notstarted,Object notstarted,Object notstarted,Object notstarted
2024-03-18 10:31:10,169.169,__main___datalogs,INFO,JoyConState.PREP_SNS,0.000000,0.000000,0.000000,0.091547,0.006866,0.013732,0.027464,0.000000,0.000000,0.000000,0.000000,0,0,0,0,0,0,0,0,0,0,0,0.045257568359375,-0.004302978515625,0,0,0,0,0,0,0,0,Object notstarted,Object notstarted,Object notstarted,Object notstarted,Object notstarted,Object notstarted,Object notstarted,Object notstarted,Object notstarted
2024-03-18 10:31:10,211.211,__main___datalogs,INFO,JoyConState.PREP_SNS,0.000000,0.000000,0.000000,0.091547,0.006866,0.013732,0.027464,0.000000,0.000000,0.000000,0.000000,0,0,0,0,0,0,0,0,0,0,0,0.045257568359375,-0.004302978515625,0,0,0,0,0,0,0,0,Object notstarted,Object notstarted,Object notstarted,Object notstarted,Object notstarted,Object notstarted,Object notstarted,Object notstarted,Object notstarted
2024-03-18 10:31:10,254.254,__main___datalogs,INFO,JoyConState.PREP_SNS,0.000000,0.000000,0.000000,0.091547,0.006866,0.013732,0.025176,0.000000,0.000000,0.000000,0.000000,0,0,0,0,0,0,0,0,0,0,0,0.045257568359375,-0.004302978515625,0,0,0,0,0,0,0,0,Object notstarted,Object notstarted,Object notstarted,Object notstarted,Object notstarted,Object notstarted,Object notstarted,Object notstarted,Object notstarted
2024-03-18 10:31:10,297.297,__main___datalogs,INFO,JoyConState.PREP_SNS,0.000000,0.000000,0.000000,0.091547,0.002289,0.013732,0.025176,0.000000,0.000000,0.000000,0.000000,0,0,0,0,0,0,0,0,0,0,0,0.045257568359375,-0.004302978515625,0,0,0,0,0,0,0,0,Object notstarted,Object notstarted,Object notstarted,Object notstarted,Object notstarted,Object notstarted,Object notstarted,Object notstarted,Object notstarted
2024-03-18 10:31:10,342.342,__main___datalogs,INFO,JoyConState.PREP_SNS,0.000000,0.000000,0.000000,0.091547,0.006866,0.018310,0.025176,0.000000,0.000000,0.000000,0.000000,0,0,0,0,0,0,0,0,0,0,0,0.045257568359375,-0.004302978515625,0,0,0,0,0,0,0,0,Object notstarted,Object notstarted,Object notstarted,Object notstarted,Object notstarted,Object notstarted,Object notstarted,Object notstarted,Object notstarted
2024-03-18 10:31:10,385.385,__main___datalogs,INFO,JoyConState.PREP_SNS,0.000000,0.000000,0.000000,0.091547,0.006866,0.011443,0.020598,0.000000,0.000000,0.000000,0.000000,0,0,0,0,0,0,0,0,0,0,0,0.045257568359375,-0.004302978515625,0,0,0,0,0,0,0,0,Object notstarted,Object notstarted,Object notstarted,Object notstarted,Object notstarted,Object notstarted,Object notstarted,Object notstarted,Object notstarted
2024-03-18 10:31:10,428.428,__main___datalogs,INFO,JoyConState.PREP_SNS,0.000000,0.000000,0.000000,0.091547,0.006866,0.013732,0.020598,0.000000,0.000000,0.000000,0.000000,0,0,0,0,0,0,0,0,0,0,0,0.045257568359375,-0.004302978515625,0,0,0,0,0,0,0,0,Object notstarted,Object notstarted,Object notstarted,Object notstarted,Object notstarted,Object notstarted,Object notstarted,Object notstarted,Object notstarted
2024-03-18 10:31:10,471.471,__main___datalogs,INFO,JoyConState.PREP_SNS,0.000000,0.000000,0.000000,0.091547,0.006866,0.013732,0.025176,0.000000,0.000000,0.000000,0.000000,0,0,0,0,0,0,0,0,0,0,0,0.045257568359375,-0.004302978515625,0,0,0,0,0,0,0,0,Object notstarted,Object notstarted,Object notstarted,Object notstarted,Object notstarted,Object notstarted,Object notstarted,Object notstarted,Object notstarted
2024-03-18 10:31:10,515.515,__main___datalogs,INFO,JoyConState.PREP_SNS,0.000000,0.000000,0.000000,0.091547,0.006866,0.013732,0.025176,0.000000,0.000000,0.000000,0.000000,0,0,0,0,0,0,0,0,0,0,0,0.045257568359375,-0.004302978515625,0,0,0,0,0,0,0,0,Object notstarted,Object notstarted,Object notstarted,Object notstarted,Object notstarted,Object notstarted,Object notstarted,Object notstarted,Object notstarted
2024-03-18 10:31:10,558.558,__main___datalogs,INFO,JoyConState.PREP_SNS,0.000000,0.000000,0.000000,0.096125,0.002289,0.013732,0.025176,0.000000,0.000000,0.000000,0.000000,0,0,0,0,0,0,0,0,0,0,0,0.045257568359375,-0.004302978515625,0,0,0,0,0,0,0,0,Object notstarted,Object notstarted,Object notstarted,Object notstarted,Object notstarted,Object notstarted,Object notstarted,Object notstarted,Object notstarted
2024-03-18 10:31:10,604.604,__main___datalogs,INFO,JoyConState.PREP_SNS,0.000000,0.000000,0.000000,0.091547,0.006866,0.013732,0.025176,0.000000,0.000000,0.000000,0.000000,0,0,0,0,0,0,0,0,0,0,0,0.045257568359375,-0.004302978515625,0,0,0,0,0,0,0,0,Object notstarted,Object notstarted,Object notstarted,Object notstarted,Object notstarted,Object notstarted,Object notstarted,Object notstarted,Object notstarted
2024-03-18 10:31:10,647.647,__main___datalogs,INFO,JoyConState.PREP_SNS,0.000000,0.000000,0.000000,0.096125,0.006866,0.013732,0.020598,0.000000,0.000000,0.000000,0.000000,0,0,0,0,0,0,0,0,0,0,0,0.045257568359375,-0.004302978515625,0,0,0,0,0,0,0,0,Object notstarted,Object notstarted,Object notstarted,Object notstarted,Object notstarted,Object notstarted,Object notstarted,Object notstarted,Object notstarted
2024-03-18 10:31:10,691.691,__main___datalogs,INFO,JoyConState.PREP_SNS,0.000000,0.000000,0.000000,0.096125,0.006866,0.011443,0.020598,0.000000,0.000000,0.000000,0.000000,0,0,0,0,0,0,0,0,0,0,0,0.045257568359375,-0.004302978515625,0,0,0,0,0,0,0,0,Object notstarted,Object notstarted,Object notstarted,Object notstarted,Object notstarted,Object notstarted,Object notstarted,Object notstarted,Object notstarted
2024-03-18 10:31:10,732.732,__main___datalogs,INFO,JoyConState.PREP_SNS,0.000000,0.000000,0.000000,0.096125,0.002289,0.011443,0.025176,0.000000,0.000000,0.000000,0.000000,0,0,0,0,0,0,0,0,0,0,0,0.045257568359375,-0.004302978515625,0,0,0,0,0,0,0,0,Object notstarted,Object notstarted,Object notstarted,Object notstarted,Object notstarted,Object notstarted,Object notstarted,Object notstarted,Object notstarted
2024-03-18 10:31:10,773.773,__main___datalogs,INFO,JoyConState.PREP_SNS,0.000000,0.000000,0.000000,0.096125,0.002289,0.011443,0.020598,0.000000,0.000000,0.000000,0.000000,0,0,0,0,0,0,0,0,0,0,0,0.045257568359375,-0.004302978515625,0,0,0,0,0,0,0,0,Object notstarted,Object notstarted,Object notstarted,Object notstarted,Object notstarted,Object notstarted,Object notstarted,Object notstarted,Object notstarted
2024-03-18 10:31:10,817.817,__main___datalogs,INFO,JoyConState.PREP_SNS,0.000000,0.000000,0.000000,0.096125,0.006866,0.013732,0.025176,0.000000,0.000000,0.000000,0.000000,0,0,0,0,0,0,0,0,0,0,0,0.045257568359375,-0.004302978515625,0,0,0,0,0,0,0,0,Object notstarted,Object notstarted,Object notstarted,Object notstarted,Object notstarted,Object notstarted,Object notstarted,Object notstarted,Object notstarted
2024-03-18 10:31:10,861.861,__main___datalogs,INFO,JoyConState.PREP_SNS,0.000000,0.000000,0.000000,0.096125,0.006866,0.013732,0.027464,0.000000,0.000000,0.000000,0.000000,0,0,0,0,0,0,0,0,0,0,0,0.045257568359375,-0.004302978515625,0,0,0,0,0,0,0,0,Object notstarted,Object notstarted,Object notstarted,Object notstarted,Object notstarted,Object notstarted,Object notstarted,Object notstarted,Object notstarted
2024-03-18 10:31:10,905.905,__main___datalogs,INFO,JoyConState.PREP_SNS,0.000000,0.000000,0.000000,0.096125,0.006866,0.013732,0.020598,0.000000,0.000000,0.000000,0.000000,0,0,0,0,0,0,0,0,0,0,0,0.045257568359375,-0.004302978515625,0,0,0,0,0,0,0,0,Object notstarted,Object notstarted,Object notstarted,Object notstarted,Object notstarted,Object notstarted,Object notstarted,Object notstarted,Object notstarted
2024-03-18 10:31:10,949.949,__main___datalogs,INFO,JoyConState.PREP_SNS,0.000000,0.000000,0.000000,0.096125,0.006866,0.013732,0.025176,0.000000,0.000000,0.000000,0.000000,0,0,0,0,0,0,0,0,0,0,0,0.045257568359375,-0.004302978515625,0,0,0,0,0,0,0,0,Object notstarted,Object notstarted,Object notstarted,Object notstarted,Object notstarted,Object notstarted,Object notstarted,Object notstarted,Object notstarted
2024-03-18 10:31:10,991.991,__main___datalogs,INFO,JoyConState.PREP_SNS,0.000000,0.000000,0.000000,0.091547,0.006866,0.013732,0.027464,0.000000,0.000000,0.000000,0.000000,0,0,0,0,0,0,0,0,0,0,0,0.045257568359375,-0.004302978515625,0,0,0,0,0,0,0,0,Object notstarted,Object notstarted,Object notstarted,Object notstarted,Object notstarted,Object notstarted,Object notstarted,Object notstarted,Object notstarted
2024-03-18 10:31:11,034.034,__main___datalogs,INFO,JoyConState.PREP_SNS,0.000000,0.000000,0.000000,0.091547,0.006866,0.013732,0.027464,0.000000,0.000000,0.000000,0.000000,0,0,0,0,0,0,0,0,0,0,0,0.045257568359375,-0.004302978515625,0,0,0,0,0,0,0,0,Object notstarted,Object notstarted,Object notstarted,Object notstarted,Object notstarted,Object notstarted,Object notstarted,Object notstarted,Object notstarted
2024-03-18 10:31:11,081.081,__main___datalogs,INFO,JoyConState.PREP_SNS,0.000000,0.000000,0.000000,0.091547,0.006866,0.011443,0.027464,0.000000,0.000000,0.000000,0.000000,0,0,0,0,0,0,0,0,0,0,0,0.045257568359375,-0.004302978515625,0,0,0,0,0,0,0,0,Object notstarted,Object notstarted,Object notstarted,Object notstarted,Object notstarted,Object notstarted,Object notstarted,Object notstarted,Object notstarted
2024-03-18 10:31:11,130.130,__main___datalogs,INFO,JoyConState.PREP_SNS,0.000000,0.000000,0.000000,0.091547,0.006866,0.004577,0.027464,0.000000,0.000000,0.000000,0.000000,0,0,0,0,0,0,0,0,0,0,0,0.045257568359375,-0.004302978515625,0,0,0,0,0,0,0,0,Object notstarted,Object notstarted,Object notstarted,Object notstarted,Object notstarted,Object notstarted,Object notstarted,Object notstarted,Object notstarted
2024-03-18 10:31:11,173.173,__main___datalogs,INFO,JoyConState.PREP_SNS,0.000000,0.000000,0.000000,0.091547,0.006866,0.011443,0.025176,0.000000,0.000000,0.000000,0.000000,0,0,0,0,0,0,0,0,0,0,0,0.045257568359375,-0.004302978515625,0,0,0,0,0,0,0,0,Object notstarted,Object notstarted,Object notstarted,Object notstarted,Object notstarted,Object notstarted,Object notstarted,Object notstarted,Object notstarted
2024-03-18 10:31:11,219.219,__main___datalogs,INFO,JoyConState.PREP_SNS,0.000000,0.000000,0.000000,0.091547,0.002289,0.013732,0.025176,0.000000,0.000000,0.000000,0.000000,0,0,0,0,0,0,0,0,0,0,0,0.045257568359375,-0.004302978515625,0,0,0,0,0,0,0,0,Object notstarted,Object notstarted,Object notstarted,Object notstarted,Object notstarted,Object notstarted,Object notstarted,Object notstarted,Object notstarted
2024-03-18 10:31:11,258.258,__main___datalogs,INFO,JoyConState.PREP_SNS,0.000000,0.000000,0.000000,0.091547,0.002289,0.013732,0.025176,0.000000,0.000000,0.000000,0.000000,0,0,0,0,0,0,0,0,0,0,0,0.045257568359375,-0.004302978515625,0,0,0,0,0,0,0,0,Object notstarted,Object notstarted,Object notstarted,Object notstarted,Object notstarted,Object notstarted,Object notstarted,Object notstarted,Object notstarted
2024-03-18 10:31:11,301.301,__main___datalogs,INFO,JoyConState.PREP_SNS,0.000000,0.000000,0.000000,0.091547,0.002289,0.013732,0.027464,0.000000,0.000000,0.000000,0.000000,0,0,0,0,0,0,0,0,0,0,0,0.045257568359375,-0.004302978515625,0,0,0,0,0,0,0,0,Object notstarted,Object notstarted,Object notstarted,Object notstarted,Object notstarted,Object notstarted,Object notstarted,Object notstarted,Object notstarted
2024-03-18 10:31:11,343.343,__main___datalogs,INFO,JoyConState.PREP_SNS,0.000000,0.000000,0.000000,0.091547,-0.002289,0.013732,0.025176,0.000000,0.000000,0.000000,0.000000,0,0,0,0,0,0,0,0,0,0,0,0.045257568359375,-0.004302978515625,0,0,0,0,0,0,0,0,Object notstarted,Object notstarted,Object notstarted,Object notstarted,Object notstarted,Object notstarted,Object notstarted,Object notstarted,Object notstarted
2024-03-18 10:31:11,387.387,__main___datalogs,INFO,JoyConState.PREP_SNS,0.000000,0.000000,0.000000,0.096125,0.002289,0.013732,0.027464,0.000000,0.000000,0.000000,0.000000,0,0,0,0,0,0,0,0,0,0,0,0.045257568359375,-0.004302978515625,0,0,0,0,0,0,0,0,Object notstarted,Object notstarted,Object notstarted,Object notstarted,Object notstarted,Object notstarted,Object notstarted,Object notstarted,Object notstarted
2024-03-18 10:31:11,429.429,__main___datalogs,INFO,JoyConState.PREP_SNS,0.000000,0.000000,0.000000,0.096125,0.006866,0.011443,0.020598,0.000000,0.000000,0.000000,0.000000,0,0,0,0,0,0,0,0,0,0,0,0.045257568359375,-0.004302978515625,0,0,0,0,0,0,0,0,Object notstarted,Object notstarted,Object notstarted,Object notstarted,Object notstarted,Object notstarted,Object notstarted,Object notstarted,Object notstarted
2024-03-18 10:31:11,472.472,__main___datalogs,INFO,JoyConState.PREP_SNS,0.000000,0.000000,0.000000,0.096125,0.006866,0.013732,0.025176,0.000000,0.000000,0.000000,0.000000,0,0,0,0,0,0,0,0,0,0,0,0.045257568359375,-0.004302978515625,0,0,0,0,0,0,0,0,Object notstarted,Object notstarted,Object notstarted,Object notstarted,Object notstarted,Object notstarted,Object notstarted,Object notstarted,Object notstarted
2024-03-18 10:31:11,515.515,__main___datalogs,INFO,JoyConState.PREP_SNS,0.000000,0.000000,0.000000,0.096125,0.006866,0.013732,0.020598,0.000000,0.000000,0.000000,0.000000,0,0,0,0,0,0,0,0,0,0,0,0.045257568359375,-0.004302978515625,0,0,0,0,0,0,0,0,Object notstarted,Object notstarted,Object notstarted,Object notstarted,Object notstarted,Object notstarted,Object notstarted,Object notstarted,Object notstarted
2024-03-18 10:31:11,559.559,__main___datalogs,INFO,JoyConState.PREP_SNS,0.000000,0.000000,0.000000,0.096125,0.006866,0.013732,0.020598,0.000000,0.000000,0.000000,0.000000,0,0,0,0,0,0,0,0,0,0,0,0.045257568359375,-0.004302978515625,0,0,0,0,0,0,0,0,Object notstarted,Object notstarted,Object notstarted,Object notstarted,Object notstarted,Object notstarted,Object notstarted,Object notstarted,Object notstarted
2024-03-18 10:31:11,603.603,__main___datalogs,INFO,JoyConState.PREP_SNS,0.000000,0.000000,0.000000,0.096125,0.006866,0.011443,0.020598,0.000000,0.000000,0.000000,0.000000,0,0,0,0,0,0,0,0,0,0,0,0.045257568359375,-0.004302978515625,0,0,0,0,0,0,0,0,Object notstarted,Object notstarted,Object notstarted,Object notstarted,Object notstarted,Object notstarted,Object notstarted,Object notstarted,Object notstarted
2024-03-18 10:31:11,650.650,__main___datalogs,INFO,JoyConState.PREP_SNS,0.000000,0.000000,0.000000,0.098413,0.002289,0.011443,0.025176,0.000000,0.000000,0.000000,0.000000,0,0,0,0,0,0,0,0,0,0,0,0.045257568359375,-0.004302978515625,0,0,0,0,0,0,0,0,Object notstarted,Object notstarted,Object notstarted,Object notstarted,Object notstarted,Object notstarted,Object notstarted,Object notstarted,Object notstarted
2024-03-18 10:31:11,692.692,__main___datalogs,INFO,JoyConState.PREP_SNS,0.000000,0.000000,0.000000,0.096125,0.006866,0.013732,0.020598,0.000000,0.000000,0.000000,0.000000,0,0,0,0,0,0,0,0,0,0,0,0.045257568359375,-0.004302978515625,0,0,0,0,0,0,0,0,Object notstarted,Object notstarted,Object notstarted,Object notstarted,Object notstarted,Object notstarted,Object notstarted,Object notstarted,Object notstarted
2024-03-18 10:31:11,735.735,__main___datalogs,INFO,JoyConState.PREP_SNS,0.000000,0.000000,0.000000,0.096125,0.002289,0.013732,0.025176,0.000000,0.000000,0.000000,0.000000,0,0,0,0,0,0,0,0,0,0,0,0.045257568359375,-0.004302978515625,0,0,0,0,0,0,0,0,Object notstarted,Object notstarted,Object notstarted,Object notstarted,Object notstarted,Object notstarted,Object notstarted,Object notstarted,Object notstarted
2024-03-18 10:31:11,778.778,__main___datalogs,INFO,JoyConState.PREP_SNS,0.000000,0.000000,0.000000,0.096125,0.002289,0.013732,0.020598,0.000000,0.000000,0.000000,0.000000,0,0,0,0,0,0,0,0,0,0,0,0.045257568359375,-0.004302978515625,0,0,0,0,0,0,0,0,Object notstarted,Object notstarted,Object notstarted,Object notstarted,Object notstarted,Object notstarted,Object notstarted,Object notstarted,Object notstarted
2024-03-18 10:31:11,823.823,__main___datalogs,INFO,JoyConState.PREP_SNS,0.000000,0.000000,0.000000,0.096125,0.006866,0.013732,0.025176,0.000000,0.000000,0.000000,0.000000,0,0,0,0,0,0,0,0,0,0,0,0.045257568359375,-0.004302978515625,0,0,0,0,0,0,0,0,Object notstarted,Object notstarted,Object notstarted,Object notstarted,Object notstarted,Object notstarted,Object notstarted,Object notstarted,Object notstarted
2024-03-18 10:31:11,866.866,__main___datalogs,INFO,JoyConState.PREP_SNS,0.000000,0.000000,0.000000,0.096125,0.006866,0.013732,0.020598,0.000000,0.000000,0.000000,0.000000,0,0,0,0,0,0,0,0,0,0,0,0.045257568359375,-0.004302978515625,0,0,0,0,0,0,0,0,Object notstarted,Object notstarted,Object notstarted,Object notstarted,Object notstarted,Object notstarted,Object notstarted,Object notstarted,Object notstarted
2024-03-18 10:31:11,909.909,__main___datalogs,INFO,JoyConState.PREP_SNS,0.000000,0.000000,0.000000,0.096125,0.006866,0.013732,0.025176,0.000000,0.000000,0.000000,0.000000,0,0,0,0,0,0,0,0,0,0,0,0.045257568359375,-0.004302978515625,0,0,0,0,0,0,0,0,Object notstarted,Object notstarted,Object notstarted,Object notstarted,Object notstarted,Object notstarted,Object notstarted,Object notstarted,Object notstarted
2024-03-18 10:31:11,951.951,__main___datalogs,INFO,JoyConState.PREP_SNS,0.000000,0.000000,0.000000,0.096125,0.006866,0.013732,0.020598,0.000000,0.000000,0.000000,0.000000,0,0,0,0,0,0,0,0,0,0,0,0.045257568359375,-0.004302978515625,0,0,0,0,0,0,0,0,Object notstarted,Object notstarted,Object notstarted,Object notstarted,Object notstarted,Object notstarted,Object notstarted,Object notstarted,Object notstarted
2024-03-18 10:31:11,996.996,__main___datalogs,INFO,JoyConState.PREP_SNS,0.000000,0.000000,0.000000,0.096125,0.006866,0.013732,0.020598,0.000000,0.000000,0.000000,0.000000,0,0,0,0,0,0,0,0,0,0,0,0.045257568359375,-0.004302978515625,0,0,0,0,0,0,0,0,Object notstarted,Object notstarted,Object notstarted,Object notstarted,Object notstarted,Object notstarted,Object notstarted,Object notstarted,Object notstarted
2024-03-18 10:31:12,038.038,__main___datalogs,INFO,JoyConState.PREP_SNS,0.000000,0.000000,0.000000,0.096125,0.006866,0.013732,0.025176,0.000000,0.000000,0.000000,0.000000,0,0,0,0,0,0,0,0,0,0,0,0.045257568359375,-0.004302978515625,0,0,0,0,0,0,0,0,Object notstarted,Object notstarted,Object notstarted,Object notstarted,Object notstarted,Object notstarted,Object notstarted,Object notstarted,Object notstarted
2024-03-18 10:31:12,084.084,__main___datalogs,INFO,JoyConState.PREP_SNS,0.000000,0.000000,0.000000,0.089258,0.006866,0.011443,0.020598,0.000000,0.000000,0.000000,0.000000,0,0,0,0,0,0,0,0,0,0,0,0.045257568359375,-0.004302978515625,0,0,0,0,0,0,0,0,Object notstarted,Object notstarted,Object notstarted,Object notstarted,Object notstarted,Object notstarted,Object notstarted,Object notstarted,Object notstarted
2024-03-18 10:31:12,127.127,__main___datalogs,INFO,JoyConState.PREP_SNS,0.000000,0.000000,0.000000,0.091547,0.006866,0.011443,0.020598,0.000000,0.000000,0.000000,0.000000,0,0,0,0,0,0,0,0,0,0,0,0.045257568359375,-0.004302978515625,0,0,0,0,0,0,0,0,Object notstarted,Object notstarted,Object notstarted,Object notstarted,Object notstarted,Object notstarted,Object notstarted,Object notstarted,Object notstarted
2024-03-18 10:31:12,184.184,__main___datalogs,INFO,JoyConState.PREP_SNS,0.000000,0.000000,0.000000,0.091547,0.006866,0.011443,0.020598,0.000000,0.000000,0.000000,0.000000,0,0,0,0,0,0,0,0,0,0,0,0.045257568359375,-0.004302978515625,0,0,0,0,0,0,0,0,Object notstarted,Object notstarted,Object notstarted,Object notstarted,Object notstarted,Object notstarted,Object notstarted,Object notstarted,Object notstarted
2024-03-18 10:31:12,226.226,__main___datalogs,INFO,JoyConState.PREP_SNS,0.000000,0.000000,0.000000,0.096125,0.006866,0.011443,0.025176,0.000000,0.000000,0.000000,0.000000,0,0,0,0,0,0,0,0,0,0,0,0.045257568359375,-0.004302978515625,0,0,0,0,0,0,0,0,Object notstarted,Object notstarted,Object notstarted,Object notstarted,Object notstarted,Object notstarted,Object notstarted,Object notstarted,Object notstarted
2024-03-18 10:31:12,270.270,__main___datalogs,INFO,JoyConState.PREP_SNS,0.000000,0.000000,0.000000,0.096125,0.006866,0.013732,0.020598,0.000000,0.000000,0.000000,0.000000,0,0,0,0,0,0,0,0,0,0,0,0.045257568359375,-0.004302978515625,0,0,0,0,0,0,0,0,Object notstarted,Object notstarted,Object notstarted,Object notstarted,Object notstarted,Object notstarted,Object notstarted,Object notstarted,Object notstarted
2024-03-18 10:31:12,312.312,__main___datalogs,INFO,JoyConState.PREP_SNS,0.000000,0.000000,0.000000,0.091547,0.006866,0.013732,0.025176,0.000000,0.000000,0.000000,0.000000,0,0,0,0,0,0,0,0,0,0,0,0.045257568359375,-0.004302978515625,0,0,0,0,0,0,0,0,Object notstarted,Object notstarted,Object notstarted,Object notstarted,Object notstarted,Object notstarted,Object notstarted,Object notstarted,Object notstarted
2024-03-18 10:31:12,355.355,__main___datalogs,INFO,JoyConState.PREP_SNS,0.000000,0.000000,0.000000,0.096125,0.002289,0.013732,0.025176,0.000000,0.000000,0.000000,0.000000,0,0,0,0,0,0,0,0,0,0,0,0.045257568359375,-0.004302978515625,0,0,0,0,0,0,0,0,Object notstarted,Object notstarted,Object notstarted,Object notstarted,Object notstarted,Object notstarted,Object notstarted,Object notstarted,Object notstarted
2024-03-18 10:31:12,396.396,__main___datalogs,INFO,JoyConState.PREP_SNS,0.000000,0.000000,0.000000,0.096125,0.002289,0.013732,0.020598,0.000000,0.000000,0.000000,0.000000,0,0,0,0,0,0,0,0,0,0,0,0.045257568359375,-0.004302978515625,0,0,0,0,0,0,0,0,Object notstarted,Object notstarted,Object notstarted,Object notstarted,Object notstarted,Object notstarted,Object notstarted,Object notstarted,Object notstarted
2024-03-18 10:31:12,441.441,__main___datalogs,INFO,JoyConState.PREP_SNS,0.000000,0.000000,0.000000,0.091547,0.002289,0.013732,0.020598,0.000000,0.000000,0.000000,0.000000,0,0,0,0,0,0,0,0,0,0,0,0.045257568359375,-0.004302978515625,0,0,0,0,0,0,0,0,Object notstarted,Object notstarted,Object notstarted,Object notstarted,Object notstarted,Object notstarted,Object notstarted,Object notstarted,Object notstarted
2024-03-18 10:31:12,484.484,__main___datalogs,INFO,JoyConState.PREP_SNS,0.000000,0.000000,0.000000,0.091547,0.002289,0.011443,0.025176,0.000000,0.000000,0.000000,0.000000,0,0,0,0,0,0,0,0,0,0,0,0.045257568359375,-0.004302978515625,0,0,0,0,0,0,0,0,Object notstarted,Object notstarted,Object notstarted,Object notstarted,Object notstarted,Object notstarted,Object notstarted,Object notstarted,Object notstarted
2024-03-18 10:31:12,527.527,__main___datalogs,INFO,JoyConState.PREP_SNS,0.000000,0.000000,0.000000,0.091547,0.006866,0.004577,0.020598,0.000000,0.000000,0.000000,0.000000,0,0,0,0,0,0,0,0,0,0,0,0.045257568359375,-0.004302978515625,0,0,0,0,0,0,0,0,Object notstarted,Object notstarted,Object notstarted,Object notstarted,Object notstarted,Object notstarted,Object notstarted,Object notstarted,Object notstarted
2024-03-18 10:31:12,569.569,__main___datalogs,INFO,JoyConState.PREP_SNS,0.000000,0.000000,0.000000,0.091547,0.006866,0.013732,0.020598,0.000000,0.000000,0.000000,0.000000,0,0,0,0,0,0,0,0,0,0,0,0.045257568359375,-0.004302978515625,0,0,0,0,0,0,0,0,Object notstarted,Object notstarted,Object notstarted,Object notstarted,Object notstarted,Object notstarted,Object notstarted,Object notstarted,Object notstarted
2024-03-18 10:31:12,615.615,__main___datalogs,INFO,JoyConState.PREP_SNS,0.000000,0.000000,0.000000,0.091547,0.006866,0.013732,0.020598,0.000000,0.000000,0.000000,0.000000,0,0,0,0,0,0,0,0,0,0,0,0.045257568359375,-0.004302978515625,0,0,0,0,0,0,0,0,Object notstarted,Object notstarted,Object notstarted,Object notstarted,Object notstarted,Object notstarted,Object notstarted,Object notstarted,Object notstarted
2024-03-18 10:31:12,658.658,__main___datalogs,INFO,JoyConState.PREP_SNS,0.000000,0.000000,0.000000,0.091547,0.002289,0.013732,0.025176,0.000000,0.000000,0.000000,0.000000,0,0,0,0,0,0,0,0,0,0,0,0.045257568359375,-0.004302978515625,0,0,0,0,0,0,0,0,Object notstarted,Object notstarted,Object notstarted,Object notstarted,Object notstarted,Object notstarted,Object notstarted,Object notstarted,Object notstarted
2024-03-18 10:31:12,703.703,__main___datalogs,INFO,JoyConState.PREP_SNS,0.000000,0.000000,0.000000,0.091547,0.002289,0.013732,0.025176,0.000000,0.000000,0.000000,0.000000,0,0,0,0,0,0,0,0,0,0,0,0.045257568359375,-0.004302978515625,0,0,0,0,0,0,0,0,Object notstarted,Object notstarted,Object notstarted,Object notstarted,Object notstarted,Object notstarted,Object notstarted,Object notstarted,Object notstarted
2024-03-18 10:31:12,746.746,__main___datalogs,INFO,JoyConState.PREP_SNS,0.000000,0.000000,0.000000,0.091547,0.006866,0.013732,0.025176,0.000000,0.000000,0.000000,0.000000,0,0,0,0,0,0,0,0,0,0,0,0.045257568359375,-0.004302978515625,0,0,0,0,0,0,0,0,Object notstarted,Object notstarted,Object notstarted,Object notstarted,Object notstarted,Object notstarted,Object notstarted,Object notstarted,Object notstarted
2024-03-18 10:31:12,789.789,__main___datalogs,INFO,JoyConState.PREP_SNS,0.000000,0.000000,0.000000,0.091547,0.006866,0.011443,0.025176,0.000000,0.000000,0.000000,0.000000,0,0,0,0,0,0,0,0,0,0,0,0.045257568359375,-0.004302978515625,0,0,0,0,0,0,0,0,Object notstarted,Object notstarted,Object notstarted,Object notstarted,Object notstarted,Object notstarted,Object notstarted,Object notstarted,Object notstarted
2024-03-18 10:31:12,833.833,__main___datalogs,INFO,JoyConState.PREP_SNS,0.000000,0.000000,0.000000,0.091547,0.006866,0.004577,0.020598,0.000000,0.000000,0.000000,0.000000,0,0,0,0,0,0,0,0,0,0,0,0.045257568359375,-0.004302978515625,0,0,0,0,0,0,0,0,Object notstarted,Object notstarted,Object notstarted,Object notstarted,Object notstarted,Object notstarted,Object notstarted,Object notstarted,Object notstarted
2024-03-18 10:31:12,874.874,__main___datalogs,INFO,JoyConState.PREP_SNS,0.000000,0.000000,0.000000,0.091547,0.006866,0.004577,0.020598,0.000000,0.000000,0.000000,0.000000,0,0,0,0,0,0,0,0,0,0,0,0.045257568359375,-0.004302978515625,0,0,0,0,0,0,0,0,Object notstarted,Object notstarted,Object notstarted,Object notstarted,Object notstarted,Object notstarted,Object notstarted,Object notstarted,Object notstarted
2024-03-18 10:31:12,916.916,__main___datalogs,INFO,JoyConState.PREP_SNS,0.000000,0.000000,0.000000,0.091547,0.006866,0.011443,0.025176,0.000000,0.000000,0.000000,0.000000,0,0,0,0,0,0,0,0,0,0,0,0.045257568359375,-0.004302978515625,0,0,0,0,0,0,0,0,Object notstarted,Object notstarted,Object notstarted,Object notstarted,Object notstarted,Object notstarted,Object notstarted,Object notstarted,Object notstarted
2024-03-18 10:31:12,958.958,__main___datalogs,INFO,JoyConState.PREP_SNS,0.000000,0.000000,0.000000,0.091547,0.006866,0.013732,0.020598,0.000000,0.000000,0.000000,0.000000,0,0,0,0,0,0,0,0,0,0,0,0.045257568359375,-0.004302978515625,0,0,0,0,0,0,0,0,Object notstarted,Object notstarted,Object notstarted,Object notstarted,Object notstarted,Object notstarted,Object notstarted,Object notstarted,Object notstarted
2024-03-18 10:31:12,999.999,__main___datalogs,INFO,JoyConState.PREP_SNS,0.000000,0.000000,0.000000,0.091547,0.006866,0.011443,0.025176,0.000000,0.000000,0.000000,0.000000,0,0,0,0,0,0,0,0,0,0,0,0.045257568359375,-0.004302978515625,0,0,0,0,0,0,0,0,Object notstarted,Object notstarted,Object notstarted,Object notstarted,Object notstarted,Object notstarted,Object notstarted,Object notstarted,Object notstarted
2024-03-18 10:31:13,042.042,__main___datalogs,INFO,JoyConState.PREP_SNS,0.000000,0.000000,0.000000,0.091547,0.002289,0.013732,0.027464,0.000000,0.000000,0.000000,0.000000,0,0,0,0,0,0,0,0,0,0,0,0.045257568359375,-0.004302978515625,0,0,0,0,0,0,0,0,Object notstarted,Object notstarted,Object notstarted,Object notstarted,Object notstarted,Object notstarted,Object notstarted,Object notstarted,Object notstarted
2024-03-18 10:31:13,085.085,__main___datalogs,INFO,JoyConState.PREP_SNS,0.000000,0.000000,0.000000,0.091547,0.002289,0.011443,0.020598,0.000000,0.000000,0.000000,0.000000,0,0,0,0,0,0,0,0,0,0,0,0.045257568359375,-0.004302978515625,0,0,0,0,0,0,0,0,Object notstarted,Object notstarted,Object notstarted,Object notstarted,Object notstarted,Object notstarted,Object notstarted,Object notstarted,Object notstarted
2024-03-18 10:31:13,130.130,__main___datalogs,INFO,JoyConState.PREP_SNS,0.000000,0.000000,0.000000,0.091547,0.002289,0.011443,0.025176,0.000000,0.000000,0.000000,0.000000,0,0,0,0,0,0,0,0,0,0,0,0.045257568359375,-0.004302978515625,0,0,0,0,0,0,0,0,Object notstarted,Object notstarted,Object notstarted,Object notstarted,Object notstarted,Object notstarted,Object notstarted,Object notstarted,Object notstarted
2024-03-18 10:31:13,172.172,__main___datalogs,INFO,JoyConState.PREP_SNS,0.000000,0.000000,0.000000,0.091547,0.002289,0.013732,0.027464,0.000000,0.000000,0.000000,0.000000,0,0,0,0,0,0,0,0,0,0,0,0.045257568359375,-0.004302978515625,0,0,0,0,0,0,0,0,Object notstarted,Object notstarted,Object notstarted,Object notstarted,Object notstarted,Object notstarted,Object notstarted,Object notstarted,Object notstarted
2024-03-18 10:31:13,224.224,__main___datalogs,INFO,JoyConState.PREP_SNS,0.000000,0.000000,0.000000,0.096125,0.002289,0.011443,0.025176,0.000000,0.000000,0.000000,0.000000,0,0,0,0,0,0,0,0,0,0,0,0.045257568359375,-0.004302978515625,0,0,0,0,0,0,0,0,Object notstarted,Object notstarted,Object notstarted,Object notstarted,Object notstarted,Object notstarted,Object notstarted,Object notstarted,Object notstarted
2024-03-18 10:31:13,268.268,__main___datalogs,INFO,JoyConState.PREP_SNS,0.000000,0.000000,0.000000,0.096125,0.006866,0.013732,0.025176,0.000000,0.000000,0.000000,0.000000,0,0,0,0,0,0,0,0,0,0,0,0.045257568359375,-0.004302978515625,0,0,0,0,0,0,0,0,Object notstarted,Object notstarted,Object notstarted,Object notstarted,Object notstarted,Object notstarted,Object notstarted,Object notstarted,Object notstarted
2024-03-18 10:31:13,313.313,__main___datalogs,INFO,JoyConState.PREP_SNS,0.000000,0.000000,0.000000,0.096125,0.006866,0.013732,0.020598,0.000000,0.000000,0.000000,0.000000,0,0,0,0,0,0,0,0,0,0,0,0.045257568359375,-0.004302978515625,0,0,0,0,0,0,0,0,Object notstarted,Object notstarted,Object notstarted,Object notstarted,Object notstarted,Object notstarted,Object notstarted,Object notstarted,Object notstarted
2024-03-18 10:31:13,356.356,__main___datalogs,INFO,JoyConState.PREP_SNS,0.000000,0.000000,0.000000,0.096125,0.006866,0.013732,0.027464,0.000000,0.000000,0.000000,0.000000,0,0,0,0,0,0,0,0,0,0,0,0.045257568359375,-0.004302978515625,0,0,0,0,0,0,0,0,Object notstarted,Object notstarted,Object notstarted,Object notstarted,Object notstarted,Object notstarted,Object notstarted,Object notstarted,Object notstarted
2024-03-18 10:31:13,403.403,__main___datalogs,INFO,JoyConState.PREP_SNS,0.000000,0.000000,0.000000,0.091547,0.006866,0.013732,0.020598,0.000000,0.000000,0.000000,0.000000,0,0,0,0,0,0,0,0,0,0,0,0.045257568359375,-0.004302978515625,0,0,0,0,0,0,0,0,Object notstarted,Object notstarted,Object notstarted,Object notstarted,Object notstarted,Object notstarted,Object notstarted,Object notstarted,Object notstarted
2024-03-18 10:31:13,445.445,__main___datalogs,INFO,JoyConState.PREP_SNS,0.000000,0.000000,0.000000,0.091547,0.006866,0.013732,0.025176,0.000000,0.000000,0.000000,0.000000,0,0,0,0,0,0,0,0,0,0,0,0.045257568359375,-0.004302978515625,0,0,0,0,0,0,0,0,Object notstarted,Object notstarted,Object notstarted,Object notstarted,Object notstarted,Object notstarted,Object notstarted,Object notstarted,Object notstarted
2024-03-18 10:31:13,488.488,__main___datalogs,INFO,JoyConState.PREP_SNS,0.000000,0.000000,0.000000,0.091547,0.009155,0.013732,0.025176,0.000000,0.000000,0.000000,0.000000,0,0,0,0,0,0,0,0,0,0,0,0.045257568359375,-0.004302978515625,0,0,0,0,0,0,0,0,Object notstarted,Object notstarted,Object notstarted,Object notstarted,Object notstarted,Object notstarted,Object notstarted,Object notstarted,Object notstarted
2024-03-18 10:31:13,533.533,__main___datalogs,INFO,JoyConState.PREP_SNS,0.000000,0.000000,0.000000,0.091547,0.002289,0.013732,0.020598,0.000000,0.000000,0.000000,0.000000,0,0,0,0,0,0,0,0,0,0,0,0.045257568359375,-0.004302978515625,0,0,0,0,0,0,0,0,Object notstarted,Object notstarted,Object notstarted,Object notstarted,Object notstarted,Object notstarted,Object notstarted,Object notstarted,Object notstarted
2024-03-18 10:31:13,577.577,__main___datalogs,INFO,JoyConState.PREP_SNS,0.000000,0.000000,0.000000,0.091547,0.002289,0.013732,0.025176,0.000000,0.000000,0.000000,0.000000,0,0,0,0,0,0,0,0,0,0,0,0.045257568359375,-0.004302978515625,0,0,0,0,0,0,0,0,Object notstarted,Object notstarted,Object notstarted,Object notstarted,Object notstarted,Object notstarted,Object notstarted,Object notstarted,Object notstarted
2024-03-18 10:31:13,620.620,__main___datalogs,INFO,JoyConState.PREP_SNS,0.000000,0.000000,0.000000,0.096125,0.002289,0.013732,0.027464,0.000000,0.000000,0.000000,0.000000,0,0,0,0,0,0,0,0,0,0,0,0.045257568359375,-0.004302978515625,0,0,0,0,0,0,0,0,Object notstarted,Object notstarted,Object notstarted,Object notstarted,Object notstarted,Object notstarted,Object notstarted,Object notstarted,Object notstarted
2024-03-18 10:31:13,667.667,__main___datalogs,INFO,JoyConState.PREP_SNS,0.000000,0.000000,0.000000,0.096125,0.006866,0.013732,0.027464,0.000000,0.000000,0.000000,0.000000,0,0,0,0,0,0,0,0,0,0,0,0.045257568359375,-0.004302978515625,0,0,0,0,0,0,0,0,Object notstarted,Object notstarted,Object notstarted,Object notstarted,Object notstarted,Object notstarted,Object notstarted,Object notstarted,Object notstarted
2024-03-18 10:31:13,710.710,__main___datalogs,INFO,JoyConState.PREP_SNS,0.000000,0.000000,0.000000,0.096125,0.006866,0.013732,0.027464,0.000000,0.000000,0.000000,0.000000,0,0,0,0,0,0,0,0,0,0,0,0.045257568359375,-0.004302978515625,0,0,0,0,0,0,0,0,Object notstarted,Object notstarted,Object notstarted,Object notstarted,Object notstarted,Object notstarted,Object notstarted,Object notstarted,Object notstarted
2024-03-18 10:31:13,753.753,__main___datalogs,INFO,JoyConState.PREP_SNS,0.000000,0.000000,0.000000,0.091547,0.006866,0.013732,0.027464,0.000000,0.000000,0.000000,0.000000,0,0,0,0,0,0,0,0,0,0,0,0.045257568359375,-0.004302978515625,0,0,0,0,0,0,0,0,Object notstarted,Object notstarted,Object notstarted,Object notstarted,Object notstarted,Object notstarted,Object notstarted,Object notstarted,Object notstarted
2024-03-18 10:31:13,795.795,__main___datalogs,INFO,JoyConState.PREP_SNS,0.000000,0.000000,0.000000,0.091547,0.006866,0.013732,0.025176,0.000000,0.000000,0.000000,0.000000,0,0,0,0,0,0,0,0,0,0,0,0.045257568359375,-0.004302978515625,0,0,0,0,0,0,0,0,Object notstarted,Object notstarted,Object notstarted,Object notstarted,Object notstarted,Object notstarted,Object notstarted,Object notstarted,Object notstarted
2024-03-18 10:31:13,839.839,__main___datalogs,INFO,JoyConState.PREP_SNS,0.000000,0.000000,0.000000,0.096125,0.006866,0.013732,0.020598,0.000000,0.000000,0.000000,0.000000,0,0,0,0,0,0,0,0,0,0,0,0.045257568359375,-0.004302978515625,0,0,0,0,0,0,0,0,Object notstarted,Object notstarted,Object notstarted,Object notstarted,Object notstarted,Object notstarted,Object notstarted,Object notstarted,Object notstarted
2024-03-18 10:31:13,882.882,__main___datalogs,INFO,JoyConState.PREP_SNS,0.000000,0.000000,0.000000,0.096125,0.006866,0.013732,0.020598,0.000000,0.000000,0.000000,0.000000,0,0,0,0,0,0,0,0,0,0,0,0.045257568359375,-0.004302978515625,0,0,0,0,0,0,0,0,Object notstarted,Object notstarted,Object notstarted,Object notstarted,Object notstarted,Object notstarted,Object notstarted,Object notstarted,Object notstarted
2024-03-18 10:31:13,927.927,__main___datalogs,INFO,JoyConState.PREP_SNS,0.000000,0.000000,0.000000,0.096125,0.006866,0.011443,0.025176,0.000000,0.000000,0.000000,0.000000,0,0,0,0,0,0,0,0,0,0,0,0.045257568359375,-0.004302978515625,0,0,0,0,0,0,0,0,Object notstarted,Object notstarted,Object notstarted,Object notstarted,Object notstarted,Object notstarted,Object notstarted,Object notstarted,Object notstarted
2024-03-18 10:31:13,969.969,__main___datalogs,INFO,JoyConState.PREP_SNS,0.000000,0.000000,0.000000,0.096125,0.002289,0.013732,0.025176,0.000000,0.000000,0.000000,0.000000,0,0,0,0,0,0,0,0,0,0,0,0.045257568359375,-0.004302978515625,0,0,0,0,0,0,0,0,Object notstarted,Object notstarted,Object notstarted,Object notstarted,Object notstarted,Object notstarted,Object notstarted,Object notstarted,Object notstarted
2024-03-18 10:31:14,014.014,__main___datalogs,INFO,JoyConState.PREP_SNS,0.000000,0.000000,0.000000,0.096125,0.002289,0.013732,0.027464,0.000000,0.000000,0.000000,0.000000,0,0,0,0,0,0,0,0,0,0,0,0.045257568359375,-0.004302978515625,0,0,0,0,0,0,0,0,Object notstarted,Object notstarted,Object notstarted,Object notstarted,Object notstarted,Object notstarted,Object notstarted,Object notstarted,Object notstarted
2024-03-18 10:31:14,056.056,__main___datalogs,INFO,JoyConState.PREP_SNS,0.000000,0.000000,0.000000,0.096125,0.002289,0.013732,0.027464,0.000000,0.000000,0.000000,0.000000,0,0,0,0,0,0,0,0,0,0,0,0.045257568359375,-0.004302978515625,0,0,0,0,0,0,0,0,Object notstarted,Object notstarted,Object notstarted,Object notstarted,Object notstarted,Object notstarted,Object notstarted,Object notstarted,Object notstarted
2024-03-18 10:31:14,102.102,__main___datalogs,INFO,JoyConState.PREP_SNS,0.000000,0.000000,0.000000,0.096125,0.006866,0.013732,0.020598,0.000000,0.000000,0.000000,0.000000,0,0,0,0,0,0,0,0,0,0,0,0.045257568359375,-0.004302978515625,0,0,0,0,0,0,0,0,Object notstarted,Object notstarted,Object notstarted,Object notstarted,Object notstarted,Object notstarted,Object notstarted,Object notstarted,Object notstarted
2024-03-18 10:31:14,145.145,__main___datalogs,INFO,JoyConState.PREP_SNS,0.000000,0.000000,0.000000,0.096125,0.006866,0.011443,0.020598,0.000000,0.000000,0.000000,0.000000,0,0,0,0,0,0,0,0,0,0,0,0.045257568359375,-0.004302978515625,0,0,0,0,0,0,0,0,Object notstarted,Object notstarted,Object notstarted,Object notstarted,Object notstarted,Object notstarted,Object notstarted,Object notstarted,Object notstarted
2024-03-18 10:31:14,189.189,__main___datalogs,INFO,JoyConState.PREP_SNS,0.000000,0.000000,0.000000,0.096125,0.002289,0.011443,0.016021,0.000000,0.000000,0.000000,0.000000,0,0,0,0,0,0,0,0,0,0,0,0.045257568359375,-0.004302978515625,0,0,0,0,0,0,0,0,Object notstarted,Object notstarted,Object notstarted,Object notstarted,Object notstarted,Object notstarted,Object notstarted,Object notstarted,Object notstarted
2024-03-18 10:31:14,232.232,__main___datalogs,INFO,JoyConState.PREP_SNS,0.000000,0.000000,0.000000,0.096125,0.006866,0.011443,0.020598,0.000000,0.000000,0.000000,0.000000,0,0,0,0,0,0,0,0,0,0,0,0.045257568359375,-0.004302978515625,0,0,0,0,0,0,0,0,Object notstarted,Object notstarted,Object notstarted,Object notstarted,Object notstarted,Object notstarted,Object notstarted,Object notstarted,Object notstarted
2024-03-18 10:31:14,275.275,__main___datalogs,INFO,JoyConState.PREP_SNS,0.000000,0.000000,0.000000,0.096125,0.006866,0.013732,0.020598,0.000000,0.000000,0.000000,0.000000,0,0,0,0,0,0,0,0,0,0,0,0.045257568359375,-0.004302978515625,0,0,0,0,0,0,0,0,Object notstarted,Object notstarted,Object notstarted,Object notstarted,Object notstarted,Object notstarted,Object notstarted,Object notstarted,Object notstarted
2024-03-18 10:31:14,342.342,__main___datalogs,INFO,JoyConState.PREP_SNS,0.000000,0.000000,0.000000,0.096125,0.006866,0.013732,0.025176,0.000000,0.000000,0.000000,0.000000,0,0,0,0,0,0,0,0,0,0,0,0.045257568359375,-0.004302978515625,0,0,0,0,0,0,0,0,Object notstarted,Object notstarted,Object notstarted,Object notstarted,Object notstarted,Object notstarted,Object notstarted,Object notstarted,Object notstarted
2024-03-18 10:31:14,385.385,__main___datalogs,INFO,JoyConState.PREP_SNS,0.000000,0.000000,0.000000,0.096125,0.006866,0.011443,0.025176,0.000000,0.000000,0.000000,0.000000,0,0,0,0,0,0,0,0,0,0,0,0.045257568359375,-0.004302978515625,0,0,0,0,0,0,0,0,Object notstarted,Object notstarted,Object notstarted,Object notstarted,Object notstarted,Object notstarted,Object notstarted,Object notstarted,Object notstarted
2024-03-18 10:31:14,427.427,__main___datalogs,INFO,JoyConState.PREP_SNS,0.000000,0.000000,0.000000,0.096125,0.006866,0.013732,0.020598,0.000000,0.000000,0.000000,0.000000,0,0,0,0,0,0,0,0,0,0,0,0.045257568359375,-0.004302978515625,0,0,0,0,0,0,0,0,Object notstarted,Object notstarted,Object notstarted,Object notstarted,Object notstarted,Object notstarted,Object notstarted,Object notstarted,Object notstarted
2024-03-18 10:31:14,471.471,__main___datalogs,INFO,JoyConState.PREP_SNS,0.000000,0.000000,0.000000,0.091547,0.002289,0.013732,0.025176,0.000000,0.000000,0.000000,0.000000,0,0,0,0,0,0,0,0,0,0,0,0.045257568359375,-0.004302978515625,0,0,0,0,0,0,0,0,Object notstarted,Object notstarted,Object notstarted,Object notstarted,Object notstarted,Object notstarted,Object notstarted,Object notstarted,Object notstarted
2024-03-18 10:31:14,514.514,__main___datalogs,INFO,JoyConState.PREP_SNS,0.000000,0.000000,0.000000,0.091547,0.006866,0.018310,0.020598,0.000000,0.000000,0.000000,0.000000,0,0,0,0,0,0,0,0,0,0,0,0.045257568359375,-0.004302978515625,0,0,0,0,0,0,0,0,Object notstarted,Object notstarted,Object notstarted,Object notstarted,Object notstarted,Object notstarted,Object notstarted,Object notstarted,Object notstarted
2024-03-18 10:31:14,557.557,__main___datalogs,INFO,JoyConState.PREP_SNS,0.000000,0.000000,0.000000,0.096125,0.006866,0.013732,0.025176,0.000000,0.000000,0.000000,0.000000,0,0,0,0,0,0,0,0,0,0,0,0.045257568359375,-0.004302978515625,0,0,0,0,0,0,0,0,Object notstarted,Object notstarted,Object notstarted,Object notstarted,Object notstarted,Object notstarted,Object notstarted,Object notstarted,Object notstarted
2024-03-18 10:31:14,598.598,__main___datalogs,INFO,JoyConState.PREP_SNS,0.000000,0.000000,0.000000,0.096125,0.002289,0.013732,0.025176,0.000000,0.000000,0.000000,0.000000,0,0,0,0,0,0,0,0,0,0,0,0.045257568359375,-0.004302978515625,0,0,0,0,0,0,0,0,Object notstarted,Object notstarted,Object notstarted,Object notstarted,Object notstarted,Object notstarted,Object notstarted,Object notstarted,Object notstarted
2024-03-18 10:31:14,643.643,__main___datalogs,INFO,JoyConState.PREP_SNS,0.000000,0.000000,0.000000,0.096125,-0.002289,0.013732,0.020598,0.000000,0.000000,0.000000,0.000000,0,0,0,0,0,0,0,0,0,0,0,0.045257568359375,-0.004302978515625,0,0,0,0,0,0,0,0,Object notstarted,Object notstarted,Object notstarted,Object notstarted,Object notstarted,Object notstarted,Object notstarted,Object notstarted,Object notstarted
2024-03-18 10:31:14,686.686,__main___datalogs,INFO,JoyConState.PREP_SNS,0.000000,0.000000,0.000000,0.091547,0.006866,0.013732,0.027464,0.000000,0.000000,0.000000,0.000000,0,0,0,0,0,0,0,0,0,0,0,0.045257568359375,-0.004302978515625,0,0,0,0,0,0,0,0,Object notstarted,Object notstarted,Object notstarted,Object notstarted,Object notstarted,Object notstarted,Object notstarted,Object notstarted,Object notstarted
2024-03-18 10:31:14,731.731,__main___datalogs,INFO,JoyConState.PREP_SNS,0.000000,0.000000,0.000000,0.091547,0.006866,0.011443,0.025176,0.000000,0.000000,0.000000,0.000000,0,0,0,0,0,0,0,0,0,0,0,0.045257568359375,-0.004302978515625,0,0,0,0,0,0,0,0,Object notstarted,Object notstarted,Object notstarted,Object notstarted,Object notstarted,Object notstarted,Object notstarted,Object notstarted,Object notstarted
2024-03-18 10:31:14,772.772,__main___datalogs,INFO,JoyConState.PREP_SNS,0.000000,0.000000,0.000000,0.091547,0.006866,0.013732,0.027464,0.000000,0.000000,0.000000,0.000000,0,0,0,0,0,0,0,0,0,0,0,0.045257568359375,-0.004302978515625,0,0,0,0,0,0,0,0,Object notstarted,Object notstarted,Object notstarted,Object notstarted,Object notstarted,Object notstarted,Object notstarted,Object notstarted,Object notstarted
2024-03-18 10:31:14,819.819,__main___datalogs,INFO,JoyConState.PREP_SNS,0.000000,0.000000,0.000000,0.091547,0.006866,0.013732,0.025176,0.000000,0.000000,0.000000,0.000000,0,0,0,0,0,0,0,0,0,0,0,0.045257568359375,-0.004302978515625,0,0,0,0,0,0,0,0,Object notstarted,Object notstarted,Object notstarted,Object notstarted,Object notstarted,Object notstarted,Object notstarted,Object notstarted,Object notstarted
2024-03-18 10:31:14,864.864,__main___datalogs,INFO,JoyConState.PREP_SNS,0.000000,0.000000,0.000000,0.091547,0.006866,0.011443,0.020598,0.000000,0.000000,0.000000,0.000000,0,0,0,0,0,0,0,0,0,0,0,0.045257568359375,-0.004302978515625,0,0,0,0,0,0,0,0,Object notstarted,Object notstarted,Object notstarted,Object notstarted,Object notstarted,Object notstarted,Object notstarted,Object notstarted,Object notstarted
2024-03-18 10:31:14,909.909,__main___datalogs,INFO,JoyConState.PREP_SNS,0.000000,0.000000,0.000000,0.096125,0.006866,0.013732,0.025176,0.000000,0.000000,0.000000,0.000000,0,0,0,0,0,0,0,0,0,0,0,0.045257568359375,-0.004302978515625,0,0,0,0,0,0,0,0,Object notstarted,Object notstarted,Object notstarted,Object notstarted,Object notstarted,Object notstarted,Object notstarted,Object notstarted,Object notstarted
2024-03-18 10:31:14,950.950,__main___datalogs,INFO,JoyConState.PREP_SNS,0.000000,0.000000,0.000000,0.096125,0.006866,0.013732,0.020598,0.000000,0.000000,0.000000,0.000000,0,0,0,0,0,0,0,0,0,0,0,0.045257568359375,-0.004302978515625,0,0,0,0,0,0,0,0,Object notstarted,Object notstarted,Object notstarted,Object notstarted,Object notstarted,Object notstarted,Object notstarted,Object notstarted,Object notstarted
2024-03-18 10:31:14,995.995,__main___datalogs,INFO,JoyConState.PREP_SNS,0.000000,0.000000,0.000000,0.096125,0.006866,0.013732,0.025176,0.000000,0.000000,0.000000,0.000000,0,0,0,0,0,0,0,0,0,0,0,0.045257568359375,-0.004302978515625,0,0,0,0,0,0,0,0,Object notstarted,Object notstarted,Object notstarted,Object notstarted,Object notstarted,Object notstarted,Object notstarted,Object notstarted,Object notstarted
2024-03-18 10:31:15,037.037,__main___datalogs,INFO,JoyConState.PREP_SNS,0.000000,0.000000,0.000000,0.096125,0.006866,0.013732,0.025176,0.000000,0.000000,0.000000,0.000000,0,0,0,0,0,0,0,0,0,0,0,0.045257568359375,-0.004302978515625,0,0,0,0,0,0,0,0,Object notstarted,Object notstarted,Object notstarted,Object notstarted,Object notstarted,Object notstarted,Object notstarted,Object notstarted,Object notstarted
2024-03-18 10:31:15,083.083,__main___datalogs,INFO,JoyConState.PREP_SNS,0.000000,0.000000,0.000000,0.096125,0.006866,0.013732,0.025176,0.000000,0.000000,0.000000,0.000000,0,0,0,0,0,0,0,0,0,0,0,0.045257568359375,-0.004302978515625,0,0,0,0,0,0,0,0,Object notstarted,Object notstarted,Object notstarted,Object notstarted,Object notstarted,Object notstarted,Object notstarted,Object notstarted,Object notstarted
2024-03-18 10:31:15,126.126,__main___datalogs,INFO,JoyConState.PREP_SNS,0.000000,0.000000,0.000000,0.091547,0.006866,0.013732,0.025176,0.000000,0.000000,0.000000,0.000000,0,0,0,0,0,0,0,0,0,0,0,0.045257568359375,-0.004302978515625,0,0,0,0,0,0,0,0,Object notstarted,Object notstarted,Object notstarted,Object notstarted,Object notstarted,Object notstarted,Object notstarted,Object notstarted,Object notstarted
2024-03-18 10:31:15,170.170,__main___datalogs,INFO,JoyConState.PREP_SNS,0.000000,0.000000,0.000000,0.096125,0.006866,0.013732,0.020598,0.000000,0.000000,0.000000,0.000000,0,0,0,0,0,0,0,0,0,0,0,0.045257568359375,-0.004302978515625,0,0,0,0,0,0,0,0,Object notstarted,Object notstarted,Object notstarted,Object notstarted,Object notstarted,Object notstarted,Object notstarted,Object notstarted,Object notstarted
2024-03-18 10:31:15,212.212,__main___datalogs,INFO,JoyConState.PREP_SNS,0.000000,0.000000,0.000000,0.096125,0.006866,0.013732,0.025176,0.000000,0.000000,0.000000,0.000000,0,0,0,0,0,0,0,0,0,0,0,0.045257568359375,-0.004302978515625,0,0,0,0,0,0,0,0,Object notstarted,Object notstarted,Object notstarted,Object notstarted,Object notstarted,Object notstarted,Object notstarted,Object notstarted,Object notstarted
2024-03-18 10:31:15,256.256,__main___datalogs,INFO,JoyConState.PREP_SNS,0.000000,0.000000,0.000000,0.096125,0.006866,0.013732,0.027464,0.000000,0.000000,0.000000,0.000000,0,0,0,0,0,0,0,0,0,0,0,0.045257568359375,-0.004302978515625,0,0,0,0,0,0,0,0,Object notstarted,Object notstarted,Object notstarted,Object notstarted,Object notstarted,Object notstarted,Object notstarted,Object notstarted,Object notstarted
2024-03-18 10:31:15,297.297,__main___datalogs,INFO,JoyConState.PREP_SNS,0.000000,0.000000,0.000000,0.091547,0.009155,0.013732,0.027464,0.000000,0.000000,0.000000,0.000000,0,0,0,0,0,0,0,0,0,0,0,0.045257568359375,-0.004302978515625,0,0,0,0,0,0,0,0,Object notstarted,Object notstarted,Object notstarted,Object notstarted,Object notstarted,Object notstarted,Object notstarted,Object notstarted,Object notstarted
2024-03-18 10:31:15,341.341,__main___datalogs,INFO,JoyConState.PREP_SNS,0.000000,0.000000,0.000000,0.091547,0.006866,0.018310,0.027464,0.000000,0.000000,0.000000,0.000000,0,0,0,0,0,0,0,0,0,0,0,0.045257568359375,-0.004302978515625,0,0,0,0,0,0,0,0,Object notstarted,Object notstarted,Object notstarted,Object notstarted,Object notstarted,Object notstarted,Object notstarted,Object notstarted,Object notstarted
2024-03-18 10:31:15,404.404,__main___datalogs,INFO,JoyConState.PREP_SNS,0.000000,0.000000,0.000000,0.096125,0.006866,0.013732,0.025176,0.000000,0.000000,0.000000,0.000000,0,0,0,0,0,0,0,0,0,0,0,0.045257568359375,-0.004302978515625,0,0,0,0,0,0,0,0,Object notstarted,Object notstarted,Object notstarted,Object notstarted,Object notstarted,Object notstarted,Object notstarted,Object notstarted,Object notstarted
2024-03-18 10:31:15,449.449,__main___datalogs,INFO,JoyConState.PREP_SNS,0.000000,0.000000,0.000000,0.096125,0.002289,0.013732,0.020598,0.000000,0.000000,0.000000,0.000000,0,0,0,0,0,0,0,0,0,0,0,0.045257568359375,-0.004302978515625,0,0,0,0,0,0,0,0,Object notstarted,Object notstarted,Object notstarted,Object notstarted,Object notstarted,Object notstarted,Object notstarted,Object notstarted,Object notstarted
2024-03-18 10:31:15,492.492,__main___datalogs,INFO,JoyConState.PREP_SNS,0.000000,0.000000,0.000000,0.096125,0.006866,0.013732,0.025176,0.000000,0.000000,0.000000,0.000000,0,0,0,0,0,0,0,0,0,0,0,0.045257568359375,-0.004302978515625,0,0,0,0,0,0,0,0,Object notstarted,Object notstarted,Object notstarted,Object notstarted,Object notstarted,Object notstarted,Object notstarted,Object notstarted,Object notstarted
2024-03-18 10:31:15,537.537,__main___datalogs,INFO,JoyConState.PREP_SNS,0.000000,0.000000,0.000000,0.096125,0.009155,0.013732,0.025176,0.000000,0.000000,0.000000,0.000000,0,0,0,0,0,0,0,0,0,0,0,0.045257568359375,-0.004302978515625,0,0,0,0,0,0,0,0,Object notstarted,Object notstarted,Object notstarted,Object notstarted,Object notstarted,Object notstarted,Object notstarted,Object notstarted,Object notstarted
2024-03-18 10:31:15,579.579,__main___datalogs,INFO,JoyConState.PREP_SNS,0.000000,0.000000,0.000000,0.096125,0.002289,0.013732,0.025176,0.000000,0.000000,0.000000,0.000000,0,0,0,0,0,0,0,0,0,0,0,0.045257568359375,-0.004302978515625,0,0,0,0,0,0,0,0,Object notstarted,Object notstarted,Object notstarted,Object notstarted,Object notstarted,Object notstarted,Object notstarted,Object notstarted,Object notstarted
2024-03-18 10:31:15,623.623,__main___datalogs,INFO,JoyConState.PREP_SNS,0.000000,0.000000,0.000000,0.096125,0.002289,0.013732,0.020598,0.000000,0.000000,0.000000,0.000000,0,0,0,0,0,0,0,0,0,0,0,0.045257568359375,-0.004302978515625,0,0,0,0,0,0,0,0,Object notstarted,Object notstarted,Object notstarted,Object notstarted,Object notstarted,Object notstarted,Object notstarted,Object notstarted,Object notstarted
2024-03-18 10:31:15,664.664,__main___datalogs,INFO,JoyConState.PREP_SNS,0.000000,0.000000,0.000000,0.096125,0.006866,0.013732,0.020598,0.000000,0.000000,0.000000,0.000000,0,0,0,0,0,0,0,0,0,0,0,0.045257568359375,-0.004302978515625,0,0,0,0,0,0,0,0,Object notstarted,Object notstarted,Object notstarted,Object notstarted,Object notstarted,Object notstarted,Object notstarted,Object notstarted,Object notstarted
2024-03-18 10:31:15,707.707,__main___datalogs,INFO,JoyConState.PREP_SNS,0.000000,0.000000,0.000000,0.096125,0.006866,0.011443,0.020598,0.000000,0.000000,0.000000,0.000000,0,0,0,0,0,0,0,0,0,0,0,0.045257568359375,-0.004302978515625,0,0,0,0,0,0,0,0,Object notstarted,Object notstarted,Object notstarted,Object notstarted,Object notstarted,Object notstarted,Object notstarted,Object notstarted,Object notstarted
2024-03-18 10:31:15,751.751,__main___datalogs,INFO,JoyConState.PREP_SNS,0.000000,0.000000,0.000000,0.096125,0.006866,0.011443,0.025176,0.000000,0.000000,0.000000,0.000000,0,0,0,0,0,0,0,0,0,0,0,0.045257568359375,-0.004302978515625,0,0,0,0,0,0,0,0,Object notstarted,Object notstarted,Object notstarted,Object notstarted,Object notstarted,Object notstarted,Object notstarted,Object notstarted,Object notstarted
2024-03-18 10:31:15,796.796,__main___datalogs,INFO,JoyConState.PREP_SNS,0.000000,0.000000,0.000000,0.096125,0.002289,0.011443,0.025176,0.000000,0.000000,0.000000,0.000000,0,0,0,0,0,0,0,0,0,0,0,0.045257568359375,-0.004302978515625,0,0,0,0,0,0,0,0,Object notstarted,Object notstarted,Object notstarted,Object notstarted,Object notstarted,Object notstarted,Object notstarted,Object notstarted,Object notstarted
2024-03-18 10:31:15,838.838,__main___datalogs,INFO,JoyConState.PREP_SNS,0.000000,0.000000,0.000000,0.096125,0.006866,0.011443,0.025176,0.000000,0.000000,0.000000,0.000000,0,0,0,0,0,0,0,0,0,0,0,0.045257568359375,-0.004302978515625,0,0,0,0,0,0,0,0,Object notstarted,Object notstarted,Object notstarted,Object notstarted,Object notstarted,Object notstarted,Object notstarted,Object notstarted,Object notstarted
2024-03-18 10:31:15,884.884,__main___datalogs,INFO,JoyConState.PREP_SNS,0.000000,0.000000,0.000000,0.091547,0.009155,0.011443,0.025176,0.000000,0.000000,0.000000,0.000000,0,0,0,0,0,0,0,0,0,0,0,0.045257568359375,-0.004302978515625,0,0,0,0,0,0,0,0,Object notstarted,Object notstarted,Object notstarted,Object notstarted,Object notstarted,Object notstarted,Object notstarted,Object notstarted,Object notstarted
2024-03-18 10:31:15,926.926,__main___datalogs,INFO,JoyConState.PREP_SNS,0.000000,0.000000,0.000000,0.091547,0.006866,0.013732,0.027464,0.000000,0.000000,0.000000,0.000000,0,0,0,0,0,0,0,0,0,0,0,0.045257568359375,-0.004302978515625,0,0,0,0,0,0,0,0,Object notstarted,Object notstarted,Object notstarted,Object notstarted,Object notstarted,Object notstarted,Object notstarted,Object notstarted,Object notstarted
2024-03-18 10:31:15,969.969,__main___datalogs,INFO,JoyConState.PREP_SNS,0.000000,0.000000,0.000000,0.091547,0.002289,0.013732,0.025176,0.000000,0.000000,0.000000,0.000000,0,0,0,0,0,0,0,0,0,0,0,0.045257568359375,-0.004302978515625,0,0,0,0,0,0,0,0,Object notstarted,Object notstarted,Object notstarted,Object notstarted,Object notstarted,Object notstarted,Object notstarted,Object notstarted,Object notstarted
2024-03-18 10:31:16,011.011,__main___datalogs,INFO,JoyConState.PREP_SNS,0.000000,0.000000,0.000000,0.091547,0.002289,0.011443,0.020598,0.000000,0.000000,0.000000,0.000000,0,0,0,0,0,0,0,0,0,0,0,0.045257568359375,-0.004302978515625,0,0,0,0,0,0,0,0,Object notstarted,Object notstarted,Object notstarted,Object notstarted,Object notstarted,Object notstarted,Object notstarted,Object notstarted,Object notstarted
2024-03-18 10:31:16,055.055,__main___datalogs,INFO,JoyConState.PREP_SNS,0.000000,0.000000,0.000000,0.096125,0.002289,0.013732,0.020598,0.000000,0.000000,0.000000,0.000000,0,0,0,0,0,0,0,0,0,0,0,0.045257568359375,-0.004302978515625,0,0,0,0,0,0,0,0,Object notstarted,Object notstarted,Object notstarted,Object notstarted,Object notstarted,Object notstarted,Object notstarted,Object notstarted,Object notstarted
2024-03-18 10:31:16,098.098,__main___datalogs,INFO,JoyConState.PREP_SNS,0.000000,0.000000,0.000000,0.091547,0.002289,0.004577,0.025176,0.000000,0.000000,0.000000,0.000000,0,0,0,0,0,0,0,0,0,0,0,0.045257568359375,-0.004302978515625,0,0,0,0,0,0,0,0,Object notstarted,Object notstarted,Object notstarted,Object notstarted,Object notstarted,Object notstarted,Object notstarted,Object notstarted,Object notstarted
2024-03-18 10:31:16,142.142,__main___datalogs,INFO,JoyConState.PREP_SNS,0.000000,0.000000,0.000000,0.091547,0.006866,0.013732,0.027464,0.000000,0.000000,0.000000,0.000000,0,0,0,0,0,0,0,0,0,0,0,0.045257568359375,-0.004302978515625,0,0,0,0,0,0,0,0,Object notstarted,Object notstarted,Object notstarted,Object notstarted,Object notstarted,Object notstarted,Object notstarted,Object notstarted,Object notstarted
2024-03-18 10:31:16,185.185,__main___datalogs,INFO,JoyConState.PREP_SNS,0.000000,0.000000,0.000000,0.096125,0.002289,0.011443,0.025176,0.000000,0.000000,0.000000,0.000000,0,0,0,0,0,0,0,0,0,0,0,0.045257568359375,-0.004302978515625,0,0,0,0,0,0,0,0,Object notstarted,Object notstarted,Object notstarted,Object notstarted,Object notstarted,Object notstarted,Object notstarted,Object notstarted,Object notstarted
2024-03-18 10:31:16,230.230,__main___datalogs,INFO,JoyConState.PREP_SNS,0.000000,0.000000,0.000000,0.098413,0.002289,0.004577,0.025176,0.000000,0.000000,0.000000,0.000000,0,0,0,0,0,0,0,0,0,0,0,0.045257568359375,-0.004302978515625,0,0,0,0,0,0,0,0,Object notstarted,Object notstarted,Object notstarted,Object notstarted,Object notstarted,Object notstarted,Object notstarted,Object notstarted,Object notstarted
2024-03-18 10:31:16,272.272,__main___datalogs,INFO,JoyConState.PREP_SNS,0.000000,0.000000,0.000000,0.096125,0.006866,0.011443,0.020598,0.000000,0.000000,0.000000,0.000000,0,0,0,0,0,0,0,0,0,0,0,0.045257568359375,-0.004302978515625,0,0,0,0,0,0,0,0,Object notstarted,Object notstarted,Object notstarted,Object notstarted,Object notstarted,Object notstarted,Object notstarted,Object notstarted,Object notstarted
2024-03-18 10:31:16,327.327,__main___datalogs,INFO,JoyConState.PREP_SNS,0.000000,0.000000,0.000000,0.091547,0.006866,0.013732,0.020598,0.000000,0.000000,0.000000,0.000000,0,0,0,0,0,0,0,0,0,0,0,0.045257568359375,-0.004302978515625,0,0,0,0,0,0,0,0,Object notstarted,Object notstarted,Object notstarted,Object notstarted,Object notstarted,Object notstarted,Object notstarted,Object notstarted,Object notstarted
2024-03-18 10:31:16,380.380,__main___datalogs,INFO,JoyConState.PREP_SNS,0.000000,0.000000,0.000000,0.091547,0.002289,0.013732,0.025176,0.000000,0.000000,0.000000,0.000000,0,0,0,0,0,0,0,0,0,0,0,0.045257568359375,-0.004302978515625,0,0,0,0,0,0,0,0,Object notstarted,Object notstarted,Object notstarted,Object notstarted,Object notstarted,Object notstarted,Object notstarted,Object notstarted,Object notstarted
2024-03-18 10:31:16,449.449,__main___datalogs,INFO,JoyConState.PREP_SNS,0.000000,0.000000,0.000000,0.091547,0.002289,0.011443,0.020598,0.000000,0.000000,0.000000,0.000000,0,0,0,0,0,0,0,0,0,0,0,0.045257568359375,-0.004302978515625,0,0,0,0,0,0,0,0,Object notstarted,Object notstarted,Object notstarted,Object notstarted,Object notstarted,Object notstarted,Object notstarted,Object notstarted,Object notstarted
2024-03-18 10:31:16,490.490,__main___datalogs,INFO,JoyConState.PREP_SNS,0.000000,0.000000,0.000000,0.091547,0.006866,0.011443,0.020598,0.000000,0.000000,0.000000,0.000000,0,0,0,0,0,0,0,0,0,0,0,0.045257568359375,-0.004302978515625,0,0,0,0,0,0,0,0,Object notstarted,Object notstarted,Object notstarted,Object notstarted,Object notstarted,Object notstarted,Object notstarted,Object notstarted,Object notstarted
2024-03-18 10:31:16,534.534,__main___datalogs,INFO,JoyConState.PREP_SNS,0.000000,0.000000,0.000000,0.091547,0.006866,0.013732,0.020598,0.000000,0.000000,0.000000,0.000000,0,0,0,0,0,0,0,0,0,0,0,0.045257568359375,-0.004302978515625,0,0,0,0,0,0,0,0,Object notstarted,Object notstarted,Object notstarted,Object notstarted,Object notstarted,Object notstarted,Object notstarted,Object notstarted,Object notstarted
2024-03-18 10:31:16,577.577,__main___datalogs,INFO,JoyConState.PREP_SNS,0.000000,0.000000,0.000000,0.091547,0.009155,0.011443,0.020598,0.000000,0.000000,0.000000,0.000000,0,0,0,0,0,0,0,0,0,0,0,0.045257568359375,-0.004302978515625,0,0,0,0,0,0,0,0,Object notstarted,Object notstarted,Object notstarted,Object notstarted,Object notstarted,Object notstarted,Object notstarted,Object notstarted,Object notstarted
2024-03-18 10:31:16,621.621,__main___datalogs,INFO,JoyConState.PREP_SNS,0.000000,0.000000,0.000000,0.091547,0.006866,0.013732,0.020598,0.000000,0.000000,0.000000,0.000000,0,0,0,0,0,0,0,0,0,0,0,0.045257568359375,-0.004302978515625,0,0,0,0,0,0,0,0,Object notstarted,Object notstarted,Object notstarted,Object notstarted,Object notstarted,Object notstarted,Object notstarted,Object notstarted,Object notstarted
2024-03-18 10:31:16,664.664,__main___datalogs,INFO,JoyConState.PREP_SNS,0.000000,0.000000,0.000000,0.089258,0.006866,0.013732,0.025176,0.000000,0.000000,0.000000,0.000000,0,0,0,0,0,0,0,0,0,0,0,0.045257568359375,-0.004302978515625,0,0,0,0,0,0,0,0,Object notstarted,Object notstarted,Object notstarted,Object notstarted,Object notstarted,Object notstarted,Object notstarted,Object notstarted,Object notstarted
2024-03-18 10:31:16,707.707,__main___datalogs,INFO,JoyConState.PREP_SNS,0.000000,0.000000,0.000000,0.096125,0.002289,0.013732,0.025176,0.000000,0.000000,0.000000,0.000000,0,0,0,0,0,0,0,0,0,0,0,0.045257568359375,-0.004302978515625,0,0,0,0,0,0,0,0,Object notstarted,Object notstarted,Object notstarted,Object notstarted,Object notstarted,Object notstarted,Object notstarted,Object notstarted,Object notstarted
2024-03-18 10:31:16,750.750,__main___datalogs,INFO,JoyConState.PREP_SNS,0.000000,0.000000,0.000000,0.096125,0.002289,0.013732,0.020598,0.000000,0.000000,0.000000,0.000000,0,0,0,0,0,0,0,0,0,0,0,0.045257568359375,-0.004302978515625,0,0,0,0,0,0,0,0,Object notstarted,Object notstarted,Object notstarted,Object notstarted,Object notstarted,Object notstarted,Object notstarted,Object notstarted,Object notstarted
2024-03-18 10:31:16,796.796,__main___datalogs,INFO,JoyConState.PREP_SNS,0.000000,0.000000,0.000000,0.096125,0.006866,0.013732,0.025176,0.000000,0.000000,0.000000,0.000000,0,0,0,0,0,0,0,0,0,0,0,0.045257568359375,-0.004302978515625,0,0,0,0,0,0,0,0,Object notstarted,Object notstarted,Object notstarted,Object notstarted,Object notstarted,Object notstarted,Object notstarted,Object notstarted,Object notstarted
2024-03-18 10:31:16,836.836,__main___datalogs,INFO,JoyConState.PREP_SNS,0.000000,0.000000,0.000000,0.091547,0.006866,0.011443,0.027464,0.000000,0.000000,0.000000,0.000000,0,0,0,0,0,0,0,0,0,0,0,0.045257568359375,-0.004302978515625,0,0,0,0,0,0,0,0,Object notstarted,Object notstarted,Object notstarted,Object notstarted,Object notstarted,Object notstarted,Object notstarted,Object notstarted,Object notstarted
2024-03-18 10:31:16,880.880,__main___datalogs,INFO,JoyConState.PREP_SNS,0.000000,0.000000,0.000000,0.091547,0.006866,0.011443,0.025176,0.000000,0.000000,0.000000,0.000000,0,0,0,0,0,0,0,0,0,0,0,0.045257568359375,-0.004302978515625,0,0,0,0,0,0,0,0,Object notstarted,Object notstarted,Object notstarted,Object notstarted,Object notstarted,Object notstarted,Object notstarted,Object notstarted,Object notstarted
2024-03-18 10:31:16,921.921,__main___datalogs,INFO,JoyConState.PREP_SNS,0.000000,0.000000,0.000000,0.091547,0.009155,0.013732,0.027464,0.000000,0.000000,0.000000,0.000000,0,0,0,0,0,0,0,0,0,0,0,0.045257568359375,-0.004302978515625,0,0,0,0,0,0,0,0,Object notstarted,Object notstarted,Object notstarted,Object notstarted,Object notstarted,Object notstarted,Object notstarted,Object notstarted,Object notstarted
2024-03-18 10:31:16,964.964,__main___datalogs,INFO,JoyConState.PREP_SNS,0.000000,0.000000,0.000000,0.091547,0.002289,0.013732,0.025176,0.000000,0.000000,0.000000,0.000000,0,0,0,0,0,0,0,0,0,0,0,0.045257568359375,-0.004302978515625,0,0,0,0,0,0,0,0,Object notstarted,Object notstarted,Object notstarted,Object notstarted,Object notstarted,Object notstarted,Object notstarted,Object notstarted,Object notstarted
2024-03-18 10:31:17,007.007,__main___datalogs,INFO,JoyConState.PREP_SNS,0.000000,0.000000,0.000000,0.091547,0.006866,0.011443,0.020598,0.000000,0.000000,0.000000,0.000000,0,0,0,0,0,0,0,0,0,0,0,0.045257568359375,-0.004302978515625,0,0,0,0,0,0,0,0,Object notstarted,Object notstarted,Object notstarted,Object notstarted,Object notstarted,Object notstarted,Object notstarted,Object notstarted,Object notstarted
2024-03-18 10:31:17,051.051,__main___datalogs,INFO,JoyConState.PREP_SNS,0.000000,0.000000,0.000000,0.091547,0.006866,0.011443,0.016021,0.000000,0.000000,0.000000,0.000000,0,0,0,0,0,0,0,0,0,0,0,0.045257568359375,-0.004302978515625,0,0,0,0,0,0,0,0,Object notstarted,Object notstarted,Object notstarted,Object notstarted,Object notstarted,Object notstarted,Object notstarted,Object notstarted,Object notstarted
2024-03-18 10:31:17,092.092,__main___datalogs,INFO,JoyConState.PREP_SNS,0.000000,0.000000,0.000000,0.091547,0.006866,0.013732,0.025176,0.000000,0.000000,0.000000,0.000000,0,0,0,0,0,0,0,0,0,0,0,0.045257568359375,-0.004302978515625,0,0,0,0,0,0,0,0,Object notstarted,Object notstarted,Object notstarted,Object notstarted,Object notstarted,Object notstarted,Object notstarted,Object notstarted,Object notstarted
2024-03-18 10:31:17,136.136,__main___datalogs,INFO,JoyConState.PREP_SNS,0.000000,0.000000,0.000000,0.091547,0.006866,0.011443,0.025176,0.000000,0.000000,0.000000,0.000000,0,0,0,0,0,0,0,0,0,0,0,0.045257568359375,-0.004302978515625,0,0,0,0,0,0,0,0,Object notstarted,Object notstarted,Object notstarted,Object notstarted,Object notstarted,Object notstarted,Object notstarted,Object notstarted,Object notstarted
2024-03-18 10:31:17,181.181,__main___datalogs,INFO,JoyConState.PREP_SNS,0.000000,0.000000,0.000000,0.091547,0.006866,0.013732,0.025176,0.000000,0.000000,0.000000,0.000000,0,0,0,0,0,0,0,0,0,0,0,0.045257568359375,-0.004302978515625,0,0,0,0,0,0,0,0,Object notstarted,Object notstarted,Object notstarted,Object notstarted,Object notstarted,Object notstarted,Object notstarted,Object notstarted,Object notstarted
2024-03-18 10:31:17,226.226,__main___datalogs,INFO,JoyConState.PREP_SNS,0.000000,0.000000,0.000000,0.096125,0.006866,0.013732,0.027464,0.000000,0.000000,0.000000,0.000000,0,0,0,0,0,0,0,0,0,0,0,0.045257568359375,-0.004302978515625,0,0,0,0,0,0,0,0,Object notstarted,Object notstarted,Object notstarted,Object notstarted,Object notstarted,Object notstarted,Object notstarted,Object notstarted,Object notstarted
2024-03-18 10:31:17,268.268,__main___datalogs,INFO,JoyConState.PREP_SNS,0.000000,0.000000,0.000000,0.096125,0.002289,0.013732,0.025176,0.000000,0.000000,0.000000,0.000000,0,0,0,0,0,0,0,0,0,0,0,0.045257568359375,-0.004302978515625,0,0,0,0,0,0,0,0,Object notstarted,Object notstarted,Object notstarted,Object notstarted,Object notstarted,Object notstarted,Object notstarted,Object notstarted,Object notstarted
2024-03-18 10:31:17,312.312,__main___datalogs,INFO,JoyConState.PREP_SNS,0.000000,0.000000,0.000000,0.096125,0.002289,0.004577,0.020598,0.000000,0.000000,0.000000,0.000000,0,0,0,0,0,0,0,0,0,0,0,0.045257568359375,-0.004302978515625,0,0,0,0,0,0,0,0,Object notstarted,Object notstarted,Object notstarted,Object notstarted,Object notstarted,Object notstarted,Object notstarted,Object notstarted,Object notstarted
2024-03-18 10:31:17,355.355,__main___datalogs,INFO,JoyConState.PREP_SNS,0.000000,0.000000,0.000000,0.096125,0.006866,0.011443,0.025176,0.000000,0.000000,0.000000,0.000000,0,0,0,0,0,0,0,0,0,0,0,0.045257568359375,-0.004302978515625,0,0,0,0,0,0,0,0,Object notstarted,Object notstarted,Object notstarted,Object notstarted,Object notstarted,Object notstarted,Object notstarted,Object notstarted,Object notstarted
2024-03-18 10:31:17,398.398,__main___datalogs,INFO,JoyConState.PREP_SNS,0.000000,0.000000,0.000000,0.096125,0.006866,0.004577,0.020598,0.000000,0.000000,0.000000,0.000000,0,0,0,0,0,0,0,0,0,0,0,0.045257568359375,-0.004302978515625,0,0,0,0,0,0,0,0,Object notstarted,Object notstarted,Object notstarted,Object notstarted,Object notstarted,Object notstarted,Object notstarted,Object notstarted,Object notstarted
2024-03-18 10:31:17,441.441,__main___datalogs,INFO,JoyConState.PREP_SNS,0.000000,0.000000,0.000000,0.096125,0.009155,0.013732,0.020598,0.000000,0.000000,0.000000,0.000000,0,0,0,0,0,0,0,0,0,0,0,0.045257568359375,-0.004302978515625,0,0,0,0,0,0,0,0,Object notstarted,Object notstarted,Object notstarted,Object notstarted,Object notstarted,Object notstarted,Object notstarted,Object notstarted,Object notstarted
2024-03-18 10:31:17,489.489,__main___datalogs,INFO,JoyConState.PREP_SNS,0.000000,0.000000,0.000000,0.096125,0.002289,0.013732,0.025176,0.000000,0.000000,0.000000,0.000000,0,0,0,0,0,0,0,0,0,0,0,0.045257568359375,-0.004302978515625,0,0,0,0,0,0,0,0,Object notstarted,Object notstarted,Object notstarted,Object notstarted,Object notstarted,Object notstarted,Object notstarted,Object notstarted,Object notstarted
2024-03-18 10:31:17,535.535,__main___datalogs,INFO,JoyConState.PREP_SNS,0.000000,0.000000,0.000000,0.096125,0.006866,0.013732,0.025176,0.000000,0.000000,0.000000,0.000000,0,0,0,0,0,0,0,0,0,0,0,0.045257568359375,-0.004302978515625,0,0,0,0,0,0,0,0,Object notstarted,Object notstarted,Object notstarted,Object notstarted,Object notstarted,Object notstarted,Object notstarted,Object notstarted,Object notstarted
2024-03-18 10:31:17,580.580,__main___datalogs,INFO,JoyConState.PREP_SNS,0.000000,0.000000,0.000000,0.096125,0.006866,0.013732,0.020598,0.000000,0.000000,0.000000,0.000000,0,0,0,0,0,0,0,0,0,0,0,0.045257568359375,-0.004302978515625,0,0,0,0,0,0,0,0,Object notstarted,Object notstarted,Object notstarted,Object notstarted,Object notstarted,Object notstarted,Object notstarted,Object notstarted,Object notstarted
2024-03-18 10:31:17,622.622,__main___datalogs,INFO,JoyConState.PREP_SNS,0.000000,0.000000,0.000000,0.091547,0.006866,0.013732,0.025176,0.000000,0.000000,0.000000,0.000000,0,0,0,0,0,0,0,0,0,0,0,0.045257568359375,-0.004302978515625,0,0,0,0,0,0,0,0,Object notstarted,Object notstarted,Object notstarted,Object notstarted,Object notstarted,Object notstarted,Object notstarted,Object notstarted,Object notstarted
2024-03-18 10:31:17,666.666,__main___datalogs,INFO,JoyConState.PREP_SNS,0.000000,0.000000,0.000000,0.091547,0.009155,0.011443,0.020598,0.000000,0.000000,0.000000,0.000000,0,0,0,0,0,0,0,0,0,0,0,0.045257568359375,-0.004302978515625,0,0,0,0,0,0,0,0,Object notstarted,Object notstarted,Object notstarted,Object notstarted,Object notstarted,Object notstarted,Object notstarted,Object notstarted,Object notstarted
2024-03-18 10:31:17,709.709,__main___datalogs,INFO,JoyConState.PREP_SNS,0.000000,0.000000,0.000000,0.091547,0.006866,0.013732,0.025176,0.000000,0.000000,0.000000,0.000000,0,0,0,0,0,0,0,0,0,0,0,0.045257568359375,-0.004302978515625,0,0,0,0,0,0,0,0,Object notstarted,Object notstarted,Object notstarted,Object notstarted,Object notstarted,Object notstarted,Object notstarted,Object notstarted,Object notstarted
2024-03-18 10:31:17,754.754,__main___datalogs,INFO,JoyConState.PREP_SNS,0.000000,0.000000,0.000000,0.096125,0.006866,0.013732,0.025176,0.000000,0.000000,0.000000,0.000000,0,0,0,0,0,0,0,0,0,0,0,0.045257568359375,-0.004302978515625,0,0,0,0,0,0,0,0,Object notstarted,Object notstarted,Object notstarted,Object notstarted,Object notstarted,Object notstarted,Object notstarted,Object notstarted,Object notstarted
2024-03-18 10:31:17,796.796,__main___datalogs,INFO,JoyConState.PREP_SNS,0.000000,0.000000,0.000000,0.096125,0.002289,0.013732,0.025176,0.000000,0.000000,0.000000,0.000000,0,0,0,0,0,0,0,0,0,0,0,0.045257568359375,-0.004302978515625,0,0,0,0,0,0,0,0,Object notstarted,Object notstarted,Object notstarted,Object notstarted,Object notstarted,Object notstarted,Object notstarted,Object notstarted,Object notstarted
2024-03-18 10:31:17,840.840,__main___datalogs,INFO,JoyConState.PREP_SNS,0.000000,0.000000,0.000000,0.091547,0.006866,0.013732,0.020598,0.000000,0.000000,0.000000,0.000000,0,0,0,0,0,0,0,0,0,0,0,0.045257568359375,-0.004302978515625,0,0,0,0,0,0,0,0,Object notstarted,Object notstarted,Object notstarted,Object notstarted,Object notstarted,Object notstarted,Object notstarted,Object notstarted,Object notstarted
2024-03-18 10:31:17,884.884,__main___datalogs,INFO,JoyConState.PREP_SNS,0.000000,0.000000,0.000000,0.091547,0.006866,0.013732,0.025176,0.000000,0.000000,0.000000,0.000000,0,0,0,0,0,0,0,0,0,0,0,0.045257568359375,-0.004302978515625,0,0,0,0,0,0,0,0,Object notstarted,Object notstarted,Object notstarted,Object notstarted,Object notstarted,Object notstarted,Object notstarted,Object notstarted,Object notstarted
2024-03-18 10:31:17,930.930,__main___datalogs,INFO,JoyConState.PREP_SNS,0.000000,0.000000,0.000000,0.091547,0.006866,0.013732,0.025176,0.000000,0.000000,0.000000,0.000000,0,0,0,0,0,0,0,0,0,0,0,0.045257568359375,-0.004302978515625,0,0,0,0,0,0,0,0,Object notstarted,Object notstarted,Object notstarted,Object notstarted,Object notstarted,Object notstarted,Object notstarted,Object notstarted,Object notstarted
2024-03-18 10:31:17,972.972,__main___datalogs,INFO,JoyConState.PREP_SNS,0.000000,0.000000,0.000000,0.091547,0.006866,0.013732,0.020598,0.000000,0.000000,0.000000,0.000000,0,0,0,0,0,0,0,0,0,0,0,0.045257568359375,-0.004302978515625,0,0,0,0,0,0,0,0,Object notstarted,Object notstarted,Object notstarted,Object notstarted,Object notstarted,Object notstarted,Object notstarted,Object notstarted,Object notstarted
2024-03-18 10:31:18,015.015,__main___datalogs,INFO,JoyConState.PREP_SNS,0.000000,0.000000,0.000000,0.091547,0.006866,0.013732,0.020598,0.000000,0.000000,0.000000,0.000000,0,0,0,0,0,0,0,0,0,0,0,0.045257568359375,-0.004302978515625,0,0,0,0,0,0,0,0,Object notstarted,Object notstarted,Object notstarted,Object notstarted,Object notstarted,Object notstarted,Object notstarted,Object notstarted,Object notstarted
2024-03-18 10:31:18,057.057,__main___datalogs,INFO,JoyConState.PREP_SNS,0.000000,0.000000,0.000000,0.096125,0.006866,0.011443,0.025176,0.000000,0.000000,0.000000,0.000000,0,0,0,0,0,0,0,0,0,0,0,0.045257568359375,-0.004302978515625,0,0,0,0,0,0,0,0,Object notstarted,Object notstarted,Object notstarted,Object notstarted,Object notstarted,Object notstarted,Object notstarted,Object notstarted,Object notstarted
2024-03-18 10:31:18,101.101,__main___datalogs,INFO,JoyConState.PREP_SNS,0.000000,0.000000,0.000000,0.096125,0.002289,0.011443,0.025176,0.000000,0.000000,0.000000,0.000000,0,0,0,0,0,0,0,0,0,0,0,0.045257568359375,-0.004302978515625,0,0,0,0,0,0,0,0,Object notstarted,Object notstarted,Object notstarted,Object notstarted,Object notstarted,Object notstarted,Object notstarted,Object notstarted,Object notstarted
2024-03-18 10:31:18,142.142,__main___datalogs,INFO,JoyConState.PREP_SNS,0.000000,0.000000,0.000000,0.096125,0.002289,0.013732,0.027464,0.000000,0.000000,0.000000,0.000000,0,0,0,0,0,0,0,0,0,0,0,0.045257568359375,-0.004302978515625,0,0,0,0,0,0,0,0,Object notstarted,Object notstarted,Object notstarted,Object notstarted,Object notstarted,Object notstarted,Object notstarted,Object notstarted,Object notstarted
2024-03-18 10:31:18,186.186,__main___datalogs,INFO,JoyConState.PREP_SNS,0.000000,0.000000,0.000000,0.096125,0.002289,0.013732,0.027464,0.000000,0.000000,0.000000,0.000000,0,0,0,0,0,0,0,0,0,0,0,0.045257568359375,-0.004302978515625,0,0,0,0,0,0,0,0,Object notstarted,Object notstarted,Object notstarted,Object notstarted,Object notstarted,Object notstarted,Object notstarted,Object notstarted,Object notstarted
2024-03-18 10:31:18,227.227,__main___datalogs,INFO,JoyConState.PREP_SNS,0.000000,0.000000,0.000000,0.091547,0.002289,0.013732,0.025176,0.000000,0.000000,0.000000,0.000000,0,0,0,0,0,0,0,0,0,0,0,0.045257568359375,-0.004302978515625,0,0,0,0,0,0,0,0,Object notstarted,Object notstarted,Object notstarted,Object notstarted,Object notstarted,Object notstarted,Object notstarted,Object notstarted,Object notstarted
2024-03-18 10:31:18,272.272,__main___datalogs,INFO,JoyConState.PREP_SNS,0.000000,0.000000,0.000000,0.091547,0.002289,0.013732,0.020598,0.000000,0.000000,0.000000,0.000000,0,0,0,0,0,0,0,0,0,0,0,0.045257568359375,-0.004302978515625,0,0,0,0,0,0,0,0,Object notstarted,Object notstarted,Object notstarted,Object notstarted,Object notstarted,Object notstarted,Object notstarted,Object notstarted,Object notstarted
2024-03-18 10:31:18,314.314,__main___datalogs,INFO,JoyConState.PREP_SNS,0.000000,0.000000,0.000000,0.096125,0.006866,0.013732,0.025176,0.000000,0.000000,0.000000,0.000000,0,0,0,0,0,0,0,0,0,0,0,0.045257568359375,-0.004302978515625,0,0,0,0,0,0,0,0,Object notstarted,Object notstarted,Object notstarted,Object notstarted,Object notstarted,Object notstarted,Object notstarted,Object notstarted,Object notstarted
2024-03-18 10:31:18,359.359,__main___datalogs,INFO,JoyConState.PREP_SNS,0.000000,0.000000,0.000000,0.091547,0.002289,0.013732,0.020598,0.000000,0.000000,0.000000,0.000000,0,0,0,0,0,0,0,0,0,0,0,0.045257568359375,-0.004302978515625,0,0,0,0,0,0,0,0,Object notstarted,Object notstarted,Object notstarted,Object notstarted,Object notstarted,Object notstarted,Object notstarted,Object notstarted,Object notstarted
2024-03-18 10:31:18,403.403,__main___datalogs,INFO,JoyConState.PREP_SNS,0.000000,0.000000,0.000000,0.091547,0.006866,0.013732,0.020598,0.000000,0.000000,0.000000,0.000000,0,0,0,0,0,0,0,0,0,0,0,0.045257568359375,-0.004302978515625,0,0,0,0,0,0,0,0,Object notstarted,Object notstarted,Object notstarted,Object notstarted,Object notstarted,Object notstarted,Object notstarted,Object notstarted,Object notstarted
2024-03-18 10:31:18,448.448,__main___datalogs,INFO,JoyConState.PREP_SNS,0.000000,0.000000,0.000000,0.091547,0.006866,0.013732,0.020598,0.000000,0.000000,0.000000,0.000000,0,0,0,0,0,0,0,0,0,0,0,0.045257568359375,-0.004302978515625,0,0,0,0,0,0,0,0,Object notstarted,Object notstarted,Object notstarted,Object notstarted,Object notstarted,Object notstarted,Object notstarted,Object notstarted,Object notstarted
2024-03-18 10:31:18,490.490,__main___datalogs,INFO,JoyConState.PREP_SNS,0.000000,0.000000,0.000000,0.096125,0.006866,0.013732,0.025176,0.000000,0.000000,0.000000,0.000000,0,0,0,0,0,0,0,0,0,0,0,0.045257568359375,-0.004302978515625,0,0,0,0,0,0,0,0,Object notstarted,Object notstarted,Object notstarted,Object notstarted,Object notstarted,Object notstarted,Object notstarted,Object notstarted,Object notstarted
2024-03-18 10:31:18,535.535,__main___datalogs,INFO,JoyConState.PREP_SNS,0.000000,0.000000,0.000000,0.096125,0.002289,0.013732,0.025176,0.000000,0.000000,0.000000,0.000000,0,0,0,0,0,0,0,0,0,0,0,0.045257568359375,-0.004302978515625,0,0,0,0,0,0,0,0,Object notstarted,Object notstarted,Object notstarted,Object notstarted,Object notstarted,Object notstarted,Object notstarted,Object notstarted,Object notstarted
2024-03-18 10:31:18,585.585,__main___datalogs,INFO,JoyConState.PREP_SNS,0.000000,0.000000,0.000000,0.096125,0.006866,0.013732,0.025176,0.000000,0.000000,0.000000,0.000000,0,0,0,0,0,0,0,0,0,0,0,0.045257568359375,-0.004302978515625,0,0,0,0,0,0,0,0,Object notstarted,Object notstarted,Object notstarted,Object notstarted,Object notstarted,Object notstarted,Object notstarted,Object notstarted,Object notstarted
2024-03-18 10:31:18,631.631,__main___datalogs,INFO,JoyConState.PREP_SNS,0.000000,0.000000,0.000000,0.096125,0.006866,0.013732,0.025176,0.000000,0.000000,0.000000,0.000000,0,0,0,0,0,0,0,0,0,0,0,0.045257568359375,-0.004302978515625,0,0,0,0,0,0,0,0,Object notstarted,Object notstarted,Object notstarted,Object notstarted,Object notstarted,Object notstarted,Object notstarted,Object notstarted,Object notstarted
2024-03-18 10:31:18,673.673,__main___datalogs,INFO,JoyConState.PREP_SNS,0.000000,0.000000,0.000000,0.091547,0.006866,0.013732,0.020598,0.000000,0.000000,0.000000,0.000000,0,0,0,0,0,0,0,0,0,0,0,0.045257568359375,-0.004302978515625,0,0,0,0,0,0,0,0,Object notstarted,Object notstarted,Object notstarted,Object notstarted,Object notstarted,Object notstarted,Object notstarted,Object notstarted,Object notstarted
2024-03-18 10:31:18,716.716,__main___datalogs,INFO,JoyConState.PREP_SNS,0.000000,0.000000,0.000000,0.091547,0.002289,0.013732,0.027464,0.000000,0.000000,0.000000,0.000000,0,0,0,0,0,0,0,0,0,0,0,0.045257568359375,-0.004302978515625,0,0,0,0,0,0,0,0,Object notstarted,Object notstarted,Object notstarted,Object notstarted,Object notstarted,Object notstarted,Object notstarted,Object notstarted,Object notstarted
2024-03-18 10:31:18,759.759,__main___datalogs,INFO,JoyConState.PREP_SNS,0.000000,0.000000,0.000000,0.091547,0.002289,0.013732,0.025176,0.000000,0.000000,0.000000,0.000000,0,0,0,0,0,0,0,0,0,0,0,0.045257568359375,-0.004302978515625,0,0,0,0,0,0,0,0,Object notstarted,Object notstarted,Object notstarted,Object notstarted,Object notstarted,Object notstarted,Object notstarted,Object notstarted,Object notstarted
2024-03-18 10:31:18,802.802,__main___datalogs,INFO,JoyConState.PREP_SNS,0.000000,0.000000,0.000000,0.091547,0.002289,0.013732,0.027464,0.000000,0.000000,0.000000,0.000000,0,0,0,0,0,0,0,0,0,0,0,0.045257568359375,-0.004302978515625,0,0,0,0,0,0,0,0,Object notstarted,Object notstarted,Object notstarted,Object notstarted,Object notstarted,Object notstarted,Object notstarted,Object notstarted,Object notstarted
2024-03-18 10:31:18,842.842,__main___datalogs,INFO,JoyConState.PREP_SNS,0.000000,0.000000,0.000000,0.091547,0.002289,0.013732,0.025176,0.000000,0.000000,0.000000,0.000000,0,0,0,0,0,0,0,0,0,0,0,0.045257568359375,-0.004302978515625,0,0,0,0,0,0,0,0,Object notstarted,Object notstarted,Object notstarted,Object notstarted,Object notstarted,Object notstarted,Object notstarted,Object notstarted,Object notstarted
2024-03-18 10:31:18,887.887,__main___datalogs,INFO,JoyConState.PREP_SNS,0.000000,0.000000,0.000000,0.091547,0.002289,0.013732,0.027464,0.000000,0.000000,0.000000,0.000000,0,0,0,0,0,0,0,0,0,0,0,0.045257568359375,-0.004302978515625,0,0,0,0,0,0,0,0,Object notstarted,Object notstarted,Object notstarted,Object notstarted,Object notstarted,Object notstarted,Object notstarted,Object notstarted,Object notstarted
2024-03-18 10:31:18,930.930,__main___datalogs,INFO,JoyConState.PREP_SNS,0.000000,0.000000,0.000000,0.091547,0.002289,0.011443,0.025176,0.000000,0.000000,0.000000,0.000000,0,0,0,0,0,0,0,0,0,0,0,0.045257568359375,-0.004302978515625,0,0,0,0,0,0,0,0,Object notstarted,Object notstarted,Object notstarted,Object notstarted,Object notstarted,Object notstarted,Object notstarted,Object notstarted,Object notstarted
2024-03-18 10:31:18,973.973,__main___datalogs,INFO,JoyConState.PREP_SNS,0.000000,0.000000,0.000000,0.096125,0.002289,0.011443,0.027464,0.000000,0.000000,0.000000,0.000000,0,0,0,0,0,0,0,0,0,0,0,0.045257568359375,-0.004302978515625,0,0,0,0,0,0,0,0,Object notstarted,Object notstarted,Object notstarted,Object notstarted,Object notstarted,Object notstarted,Object notstarted,Object notstarted,Object notstarted
2024-03-18 10:31:19,017.017,__main___datalogs,INFO,JoyConState.PREP_SNS,0.000000,0.000000,0.000000,0.096125,0.002289,0.013732,0.025176,0.000000,0.000000,0.000000,0.000000,0,0,0,0,0,0,0,0,0,0,0,0.045257568359375,-0.004302978515625,0,0,0,0,0,0,0,0,Object notstarted,Object notstarted,Object notstarted,Object notstarted,Object notstarted,Object notstarted,Object notstarted,Object notstarted,Object notstarted
2024-03-18 10:31:19,065.065,__main___datalogs,INFO,JoyConState.PREP_SNS,0.000000,0.000000,0.000000,0.091547,0.002289,0.013732,0.025176,0.000000,0.000000,0.000000,0.000000,0,0,0,0,0,0,0,0,0,0,0,0.045257568359375,-0.004302978515625,0,0,0,0,0,0,0,0,Object notstarted,Object notstarted,Object notstarted,Object notstarted,Object notstarted,Object notstarted,Object notstarted,Object notstarted,Object notstarted
2024-03-18 10:31:19,107.107,__main___datalogs,INFO,JoyConState.PREP_SNS,0.000000,0.000000,0.000000,0.091547,0.006866,0.013732,0.025176,0.000000,0.000000,0.000000,0.000000,0,0,0,0,0,0,0,0,0,0,0,0.045257568359375,-0.004302978515625,0,0,0,0,0,0,0,0,Object notstarted,Object notstarted,Object notstarted,Object notstarted,Object notstarted,Object notstarted,Object notstarted,Object notstarted,Object notstarted
2024-03-18 10:31:19,153.153,__main___datalogs,INFO,JoyConState.PREP_SNS,0.000000,0.000000,0.000000,0.091547,0.002289,0.011443,0.025176,0.000000,0.000000,0.000000,0.000000,0,0,0,0,0,0,0,0,0,0,0,0.045257568359375,-0.004302978515625,0,0,0,0,0,0,0,0,Object notstarted,Object notstarted,Object notstarted,Object notstarted,Object notstarted,Object notstarted,Object notstarted,Object notstarted,Object notstarted
2024-03-18 10:31:19,195.195,__main___datalogs,INFO,JoyConState.PREP_SNS,0.000000,0.000000,0.000000,0.091547,0.006866,0.013732,0.027464,0.000000,0.000000,0.000000,0.000000,0,0,0,0,0,0,0,0,0,0,0,0.045257568359375,-0.004302978515625,0,0,0,0,0,0,0,0,Object notstarted,Object notstarted,Object notstarted,Object notstarted,Object notstarted,Object notstarted,Object notstarted,Object notstarted,Object notstarted
2024-03-18 10:31:19,238.238,__main___datalogs,INFO,JoyConState.PREP_SNS,0.000000,0.000000,0.000000,0.091547,0.006866,0.013732,0.020598,0.000000,0.000000,0.000000,0.000000,0,0,0,0,0,0,0,0,0,0,0,0.045257568359375,-0.004302978515625,0,0,0,0,0,0,0,0,Object notstarted,Object notstarted,Object notstarted,Object notstarted,Object notstarted,Object notstarted,Object notstarted,Object notstarted,Object notstarted
2024-03-18 10:31:19,280.280,__main___datalogs,INFO,JoyConState.PREP_SNS,0.000000,0.000000,0.000000,0.091547,0.006866,0.011443,0.025176,0.000000,0.000000,0.000000,0.000000,0,0,0,0,0,0,0,0,0,0,0,0.045257568359375,-0.004302978515625,0,0,0,0,0,0,0,0,Object notstarted,Object notstarted,Object notstarted,Object notstarted,Object notstarted,Object notstarted,Object notstarted,Object notstarted,Object notstarted
2024-03-18 10:31:19,325.325,__main___datalogs,INFO,JoyConState.PREP_SNS,0.000000,0.000000,0.000000,0.091547,0.006866,0.011443,0.020598,0.000000,0.000000,0.000000,0.000000,0,0,0,0,0,0,0,0,0,0,0,0.045257568359375,-0.004302978515625,0,0,0,0,0,0,0,0,Object notstarted,Object notstarted,Object notstarted,Object notstarted,Object notstarted,Object notstarted,Object notstarted,Object notstarted,Object notstarted
2024-03-18 10:31:19,367.367,__main___datalogs,INFO,JoyConState.PREP_SNS,0.000000,0.000000,0.000000,0.091547,0.006866,0.011443,0.020598,0.000000,0.000000,0.000000,0.000000,0,0,0,0,0,0,0,0,0,0,0,0.045257568359375,-0.004302978515625,0,0,0,0,0,0,0,0,Object notstarted,Object notstarted,Object notstarted,Object notstarted,Object notstarted,Object notstarted,Object notstarted,Object notstarted,Object notstarted
2024-03-18 10:31:19,408.408,__main___datalogs,INFO,JoyConState.PREP_SNS,0.000000,0.000000,0.000000,0.091547,0.002289,0.013732,0.020598,0.000000,0.000000,0.000000,0.000000,0,0,0,0,0,0,0,0,0,0,0,0.045257568359375,-0.004302978515625,0,0,0,0,0,0,0,0,Object notstarted,Object notstarted,Object notstarted,Object notstarted,Object notstarted,Object notstarted,Object notstarted,Object notstarted,Object notstarted
2024-03-18 10:31:19,450.450,__main___datalogs,INFO,JoyConState.PREP_SNS,0.000000,0.000000,0.000000,0.091547,0.002289,0.013732,0.020598,0.000000,0.000000,0.000000,0.000000,0,0,0,0,0,0,0,0,0,0,0,0.045257568359375,-0.004302978515625,0,0,0,0,0,0,0,0,Object notstarted,Object notstarted,Object notstarted,Object notstarted,Object notstarted,Object notstarted,Object notstarted,Object notstarted,Object notstarted
2024-03-18 10:31:19,496.496,__main___datalogs,INFO,JoyConState.PREP_SNS,0.000000,0.000000,0.000000,0.096125,0.002289,0.013732,0.020598,0.000000,0.000000,0.000000,0.000000,0,0,0,0,0,0,0,0,0,0,0,0.045257568359375,-0.004302978515625,0,0,0,0,0,0,0,0,Object notstarted,Object notstarted,Object notstarted,Object notstarted,Object notstarted,Object notstarted,Object notstarted,Object notstarted,Object notstarted
2024-03-18 10:31:19,538.538,__main___datalogs,INFO,JoyConState.PREP_SNS,0.000000,0.000000,0.000000,0.096125,0.002289,0.013732,0.020598,0.000000,0.000000,0.000000,0.000000,0,0,0,0,0,0,0,0,0,0,0,0.045257568359375,-0.004302978515625,0,0,0,0,0,0,0,0,Object notstarted,Object notstarted,Object notstarted,Object notstarted,Object notstarted,Object notstarted,Object notstarted,Object notstarted,Object notstarted
2024-03-18 10:31:19,582.582,__main___datalogs,INFO,JoyConState.PREP_SNS,0.000000,0.000000,0.000000,0.091547,0.002289,0.013732,0.020598,0.000000,0.000000,0.000000,0.000000,0,0,0,0,0,0,0,0,0,0,0,0.045257568359375,-0.004302978515625,0,0,0,0,0,0,0,0,Object notstarted,Object notstarted,Object notstarted,Object notstarted,Object notstarted,Object notstarted,Object notstarted,Object notstarted,Object notstarted
2024-03-18 10:31:19,629.629,__main___datalogs,INFO,JoyConState.PREP_SNS,0.000000,0.000000,0.000000,0.096125,0.002289,0.013732,0.020598,0.000000,0.000000,0.000000,0.000000,0,0,0,0,0,0,0,0,0,0,0,0.045257568359375,-0.004302978515625,0,0,0,0,0,0,0,0,Object notstarted,Object notstarted,Object notstarted,Object notstarted,Object notstarted,Object notstarted,Object notstarted,Object notstarted,Object notstarted
2024-03-18 10:31:19,678.678,__main___datalogs,INFO,JoyConState.PREP_SNS,0.000000,0.000000,0.000000,0.096125,0.002289,0.013732,0.020598,0.000000,0.000000,0.000000,0.000000,0,0,0,0,0,0,0,0,0,0,0,0.045257568359375,-0.004302978515625,0,0,0,0,0,0,0,0,Object notstarted,Object notstarted,Object notstarted,Object notstarted,Object notstarted,Object notstarted,Object notstarted,Object notstarted,Object notstarted
2024-03-18 10:31:19,722.722,__main___datalogs,INFO,JoyConState.PREP_SNS,0.000000,0.000000,0.000000,0.096125,0.006866,0.013732,0.016021,0.000000,0.000000,0.000000,0.000000,0,0,0,0,0,0,0,0,0,0,0,0.045257568359375,-0.004302978515625,0,0,0,0,0,0,0,0,Object notstarted,Object notstarted,Object notstarted,Object notstarted,Object notstarted,Object notstarted,Object notstarted,Object notstarted,Object notstarted
2024-03-18 10:31:19,766.766,__main___datalogs,INFO,JoyConState.PREP_SNS,0.000000,0.000000,0.000000,0.096125,0.006866,0.013732,0.020598,0.000000,0.000000,0.000000,0.000000,0,0,0,0,0,0,0,0,0,0,0,0.045257568359375,-0.004302978515625,0,0,0,0,0,0,0,0,Object notstarted,Object notstarted,Object notstarted,Object notstarted,Object notstarted,Object notstarted,Object notstarted,Object notstarted,Object notstarted
2024-03-18 10:31:19,807.807,__main___datalogs,INFO,JoyConState.PREP_SNS,0.000000,0.000000,0.000000,0.091547,0.006866,0.011443,0.025176,0.000000,0.000000,0.000000,0.000000,0,0,0,0,0,0,0,0,0,0,0,0.045257568359375,-0.004302978515625,0,0,0,0,0,0,0,0,Object notstarted,Object notstarted,Object notstarted,Object notstarted,Object notstarted,Object notstarted,Object notstarted,Object notstarted,Object notstarted
2024-03-18 10:31:19,852.852,__main___datalogs,INFO,JoyConState.PREP_SNS,0.000000,0.000000,0.000000,0.091547,0.006866,0.011443,0.025176,0.000000,0.000000,0.000000,0.000000,0,0,0,0,0,0,0,0,0,0,0,0.045257568359375,-0.004302978515625,0,0,0,0,0,0,0,0,Object notstarted,Object notstarted,Object notstarted,Object notstarted,Object notstarted,Object notstarted,Object notstarted,Object notstarted,Object notstarted
2024-03-18 10:31:19,893.893,__main___datalogs,INFO,JoyConState.PREP_SNS,0.000000,0.000000,0.000000,0.096125,0.006866,0.004577,0.020598,0.000000,0.000000,0.000000,0.000000,0,0,0,0,0,0,0,0,0,0,0,0.045257568359375,-0.004302978515625,0,0,0,0,0,0,0,0,Object notstarted,Object notstarted,Object notstarted,Object notstarted,Object notstarted,Object notstarted,Object notstarted,Object notstarted,Object notstarted
2024-03-18 10:31:19,937.937,__main___datalogs,INFO,JoyConState.PREP_SNS,0.000000,0.000000,0.000000,0.096125,0.002289,0.011443,0.020598,0.000000,0.000000,0.000000,0.000000,0,0,0,0,0,0,0,0,0,0,0,0.045257568359375,-0.004302978515625,0,0,0,0,0,0,0,0,Object notstarted,Object notstarted,Object notstarted,Object notstarted,Object notstarted,Object notstarted,Object notstarted,Object notstarted,Object notstarted
2024-03-18 10:31:19,979.979,__main___datalogs,INFO,JoyConState.PREP_SNS,0.000000,0.000000,0.000000,0.091547,0.006866,0.013732,0.020598,0.000000,0.000000,0.000000,0.000000,0,0,0,0,0,0,0,0,0,0,0,0.045257568359375,-0.004302978515625,0,0,0,0,0,0,0,0,Object notstarted,Object notstarted,Object notstarted,Object notstarted,Object notstarted,Object notstarted,Object notstarted,Object notstarted,Object notstarted
2024-03-18 10:31:20,023.023,__main___datalogs,INFO,JoyConState.PREP_SNS,0.000000,0.000000,0.000000,0.091547,0.006866,0.013732,0.025176,0.000000,0.000000,0.000000,0.000000,0,0,0,0,0,0,0,0,0,0,0,0.045257568359375,-0.004302978515625,0,0,0,0,0,0,0,0,Object notstarted,Object notstarted,Object notstarted,Object notstarted,Object notstarted,Object notstarted,Object notstarted,Object notstarted,Object notstarted
2024-03-18 10:31:20,065.065,__main___datalogs,INFO,JoyConState.PREP_SNS,0.000000,0.000000,0.000000,0.091547,0.006866,0.013732,0.025176,0.000000,0.000000,0.000000,0.000000,0,0,0,0,0,0,0,0,0,0,0,0.045257568359375,-0.004302978515625,0,0,0,0,0,0,0,0,Object notstarted,Object notstarted,Object notstarted,Object notstarted,Object notstarted,Object notstarted,Object notstarted,Object notstarted,Object notstarted
2024-03-18 10:31:20,109.109,__main___datalogs,INFO,JoyConState.PREP_SNS,0.000000,0.000000,0.000000,0.096125,0.002289,0.013732,0.020598,0.000000,0.000000,0.000000,0.000000,0,0,0,0,0,0,0,0,0,0,0,0.045257568359375,-0.004302978515625,0,0,0,0,0,0,0,0,Object notstarted,Object notstarted,Object notstarted,Object notstarted,Object notstarted,Object notstarted,Object notstarted,Object notstarted,Object notstarted
2024-03-18 10:31:20,150.150,__main___datalogs,INFO,JoyConState.PREP_SNS,0.000000,0.000000,0.000000,0.096125,0.002289,0.013732,0.025176,0.000000,0.000000,0.000000,0.000000,0,0,0,0,0,0,0,0,0,0,0,0.045257568359375,-0.004302978515625,0,0,0,0,0,0,0,0,Object notstarted,Object notstarted,Object notstarted,Object notstarted,Object notstarted,Object notstarted,Object notstarted,Object notstarted,Object notstarted
2024-03-18 10:31:20,195.195,__main___datalogs,INFO,JoyConState.PREP_SNS,0.000000,0.000000,0.000000,0.091547,0.002289,0.013732,0.025176,0.000000,0.000000,0.000000,0.000000,0,0,0,0,0,0,0,0,0,0,0,0.045257568359375,-0.004302978515625,0,0,0,0,0,0,0,0,Object notstarted,Object notstarted,Object notstarted,Object notstarted,Object notstarted,Object notstarted,Object notstarted,Object notstarted,Object notstarted
2024-03-18 10:31:20,238.238,__main___datalogs,INFO,JoyConState.PREP_SNS,0.000000,0.000000,0.000000,0.096125,0.006866,0.013732,0.020598,0.000000,0.000000,0.000000,0.000000,0,0,0,0,0,0,0,0,0,0,0,0.045257568359375,-0.004302978515625,0,0,0,0,0,0,0,0,Object notstarted,Object notstarted,Object notstarted,Object notstarted,Object notstarted,Object notstarted,Object notstarted,Object notstarted,Object notstarted
2024-03-18 10:31:20,283.283,__main___datalogs,INFO,JoyConState.PREP_SNS,0.000000,0.000000,0.000000,0.091547,0.002289,0.013732,0.025176,0.000000,0.000000,0.000000,0.000000,0,0,0,0,0,0,0,0,0,0,0,0.045257568359375,-0.004302978515625,0,0,0,0,0,0,0,0,Object notstarted,Object notstarted,Object notstarted,Object notstarted,Object notstarted,Object notstarted,Object notstarted,Object notstarted,Object notstarted
2024-03-18 10:31:20,326.326,__main___datalogs,INFO,JoyConState.PREP_SNS,0.000000,0.000000,0.000000,0.091547,0.002289,0.013732,0.025176,0.000000,0.000000,0.000000,0.000000,0,0,0,0,0,0,0,0,0,0,0,0.045257568359375,-0.004302978515625,0,0,0,0,0,0,0,0,Object notstarted,Object notstarted,Object notstarted,Object notstarted,Object notstarted,Object notstarted,Object notstarted,Object notstarted,Object notstarted
2024-03-18 10:31:20,370.370,__main___datalogs,INFO,JoyConState.PREP_SNS,0.000000,0.000000,0.000000,0.091547,0.002289,0.011443,0.025176,0.000000,0.000000,0.000000,0.000000,0,0,0,0,0,0,0,0,0,0,0,0.045257568359375,-0.004302978515625,0,0,0,0,0,0,0,0,Object notstarted,Object notstarted,Object notstarted,Object notstarted,Object notstarted,Object notstarted,Object notstarted,Object notstarted,Object notstarted
2024-03-18 10:31:20,411.411,__main___datalogs,INFO,JoyConState.PREP_SNS,0.000000,0.000000,0.000000,0.091547,0.006866,0.011443,0.025176,0.000000,0.000000,0.000000,0.000000,0,0,0,0,0,0,0,0,0,0,0,0.045257568359375,-0.004302978515625,0,0,0,0,0,0,0,0,Object notstarted,Object notstarted,Object notstarted,Object notstarted,Object notstarted,Object notstarted,Object notstarted,Object notstarted,Object notstarted
2024-03-18 10:31:20,453.453,__main___datalogs,INFO,JoyConState.PREP_SNS,0.000000,0.000000,0.000000,0.091547,0.002289,0.013732,0.025176,0.000000,0.000000,0.000000,0.000000,0,0,0,0,0,0,0,0,0,0,0,0.045257568359375,-0.004302978515625,0,0,0,0,0,0,0,0,Object notstarted,Object notstarted,Object notstarted,Object notstarted,Object notstarted,Object notstarted,Object notstarted,Object notstarted,Object notstarted
2024-03-18 10:31:20,495.495,__main___datalogs,INFO,JoyConState.PREP_SNS,0.000000,0.000000,0.000000,0.096125,0.002289,0.013732,0.027464,0.000000,0.000000,0.000000,0.000000,0,0,0,0,0,0,0,0,0,0,0,0.045257568359375,-0.004302978515625,0,0,0,0,0,0,0,0,Object notstarted,Object notstarted,Object notstarted,Object notstarted,Object notstarted,Object notstarted,Object notstarted,Object notstarted,Object notstarted
2024-03-18 10:31:20,538.538,__main___datalogs,INFO,JoyConState.PREP_SNS,0.000000,0.000000,0.000000,0.096125,0.006866,0.011443,0.027464,0.000000,0.000000,0.000000,0.000000,0,0,0,0,0,0,0,0,0,0,0,0.045257568359375,-0.004302978515625,0,0,0,0,0,0,0,0,Object notstarted,Object notstarted,Object notstarted,Object notstarted,Object notstarted,Object notstarted,Object notstarted,Object notstarted,Object notstarted
2024-03-18 10:31:20,580.580,__main___datalogs,INFO,JoyConState.PREP_SNS,0.000000,0.000000,0.000000,0.096125,0.006866,0.013732,0.027464,0.000000,0.000000,0.000000,0.000000,0,0,0,0,0,0,0,0,0,0,0,0.045257568359375,-0.004302978515625,0,0,0,0,0,0,0,0,Object notstarted,Object notstarted,Object notstarted,Object notstarted,Object notstarted,Object notstarted,Object notstarted,Object notstarted,Object notstarted
2024-03-18 10:31:20,624.624,__main___datalogs,INFO,JoyConState.PREP_SNS,0.000000,0.000000,0.000000,0.091547,0.006866,0.013732,0.020598,0.000000,0.000000,0.000000,0.000000,0,0,0,0,0,0,0,0,0,0,0,0.045257568359375,-0.004302978515625,0,0,0,0,0,0,0,0,Object notstarted,Object notstarted,Object notstarted,Object notstarted,Object notstarted,Object notstarted,Object notstarted,Object notstarted,Object notstarted
2024-03-18 10:31:20,666.666,__main___datalogs,INFO,JoyConState.PREP_SNS,0.000000,0.000000,0.000000,0.091547,0.006866,0.013732,0.025176,0.000000,0.000000,0.000000,0.000000,0,0,0,0,0,0,0,0,0,0,0,0.045257568359375,-0.004302978515625,0,0,0,0,0,0,0,0,Object notstarted,Object notstarted,Object notstarted,Object notstarted,Object notstarted,Object notstarted,Object notstarted,Object notstarted,Object notstarted
2024-03-18 10:31:20,729.729,__main___datalogs,INFO,JoyConState.PREP_SNS,0.000000,0.000000,0.000000,0.089258,0.002289,0.013732,0.027464,0.000000,0.000000,0.000000,0.000000,0,0,0,0,0,0,0,0,0,0,0,0.045257568359375,-0.004302978515625,0,0,0,0,0,0,0,0,Object notstarted,Object notstarted,Object notstarted,Object notstarted,Object notstarted,Object notstarted,Object notstarted,Object notstarted,Object notstarted
2024-03-18 10:31:20,770.770,__main___datalogs,INFO,JoyConState.PREP_SNS,0.000000,0.000000,0.000000,0.091547,0.002289,0.013732,0.027464,0.000000,0.000000,0.000000,0.000000,0,0,0,0,0,0,0,0,0,0,0,0.045257568359375,-0.004302978515625,0,0,0,0,0,0,0,0,Object notstarted,Object notstarted,Object notstarted,Object notstarted,Object notstarted,Object notstarted,Object notstarted,Object notstarted,Object notstarted
2024-03-18 10:31:20,815.815,__main___datalogs,INFO,JoyConState.PREP_SNS,0.000000,0.000000,0.000000,0.091547,0.006866,0.013732,0.025176,0.000000,0.000000,0.000000,0.000000,0,0,0,0,0,0,0,0,0,0,0,0.045257568359375,-0.004302978515625,0,0,0,0,0,0,0,0,Object notstarted,Object notstarted,Object notstarted,Object notstarted,Object notstarted,Object notstarted,Object notstarted,Object notstarted,Object notstarted
2024-03-18 10:31:20,858.858,__main___datalogs,INFO,JoyConState.PREP_SNS,0.000000,0.000000,0.000000,0.091547,0.006866,0.013732,0.027464,0.000000,0.000000,0.000000,0.000000,0,0,0,0,0,0,0,0,0,0,0,0.045257568359375,-0.004302978515625,0,0,0,0,0,0,0,0,Object notstarted,Object notstarted,Object notstarted,Object notstarted,Object notstarted,Object notstarted,Object notstarted,Object notstarted,Object notstarted
2024-03-18 10:31:20,902.902,__main___datalogs,INFO,JoyConState.PREP_SNS,0.000000,0.000000,0.000000,0.096125,0.006866,0.013732,0.020598,0.000000,0.000000,0.000000,0.000000,0,0,0,0,0,0,0,0,0,0,0,0.045257568359375,-0.004302978515625,0,0,0,0,0,0,0,0,Object notstarted,Object notstarted,Object notstarted,Object notstarted,Object notstarted,Object notstarted,Object notstarted,Object notstarted,Object notstarted
2024-03-18 10:31:20,943.943,__main___datalogs,INFO,JoyConState.PREP_SNS,0.000000,0.000000,0.000000,0.096125,0.009155,0.013732,0.020598,0.000000,0.000000,0.000000,0.000000,0,0,0,0,0,0,0,0,0,0,0,0.045257568359375,-0.004302978515625,0,0,0,0,0,0,0,0,Object notstarted,Object notstarted,Object notstarted,Object notstarted,Object notstarted,Object notstarted,Object notstarted,Object notstarted,Object notstarted
2024-03-18 10:31:20,986.986,__main___datalogs,INFO,JoyConState.PREP_SNS,0.000000,0.000000,0.000000,0.096125,0.006866,0.013732,0.020598,0.000000,0.000000,0.000000,0.000000,0,0,0,0,0,0,0,0,0,0,0,0.045257568359375,-0.004302978515625,0,0,0,0,0,0,0,0,Object notstarted,Object notstarted,Object notstarted,Object notstarted,Object notstarted,Object notstarted,Object notstarted,Object notstarted,Object notstarted
2024-03-18 10:31:21,029.029,__main___datalogs,INFO,JoyConState.PREP_SNS,0.000000,0.000000,0.000000,0.091547,0.002289,0.013732,0.020598,0.000000,0.000000,0.000000,0.000000,0,0,0,0,0,0,0,0,0,0,0,0.045257568359375,-0.004302978515625,0,0,0,0,0,0,0,0,Object notstarted,Object notstarted,Object notstarted,Object notstarted,Object notstarted,Object notstarted,Object notstarted,Object notstarted,Object notstarted
2024-03-18 10:31:21,072.072,__main___datalogs,INFO,JoyConState.PREP_SNS,0.000000,0.000000,0.000000,0.091547,0.006866,0.013732,0.025176,0.000000,0.000000,0.000000,0.000000,0,0,0,0,0,0,0,0,0,0,0,0.045257568359375,-0.004302978515625,0,0,0,0,0,0,0,0,Object notstarted,Object notstarted,Object notstarted,Object notstarted,Object notstarted,Object notstarted,Object notstarted,Object notstarted,Object notstarted
2024-03-18 10:31:21,115.115,__main___datalogs,INFO,JoyConState.PREP_SNS,0.000000,0.000000,0.000000,0.089258,0.006866,0.013732,0.025176,0.000000,0.000000,0.000000,0.000000,0,0,0,0,0,0,0,0,0,0,0,0.045257568359375,-0.004302978515625,0,0,0,0,0,0,0,0,Object notstarted,Object notstarted,Object notstarted,Object notstarted,Object notstarted,Object notstarted,Object notstarted,Object notstarted,Object notstarted
2024-03-18 10:31:21,160.160,__main___datalogs,INFO,JoyConState.PREP_SNS,0.000000,0.000000,0.000000,0.091547,0.006866,0.013732,0.020598,0.000000,0.000000,0.000000,0.000000,0,0,0,0,0,0,0,0,0,0,0,0.045257568359375,-0.004302978515625,0,0,0,0,0,0,0,0,Object notstarted,Object notstarted,Object notstarted,Object notstarted,Object notstarted,Object notstarted,Object notstarted,Object notstarted,Object notstarted
2024-03-18 10:31:21,203.203,__main___datalogs,INFO,JoyConState.PREP_SNS,0.000000,0.000000,0.000000,0.096125,0.006866,0.013732,0.020598,0.000000,0.000000,0.000000,0.000000,0,0,0,0,0,0,0,0,0,0,0,0.045257568359375,-0.004302978515625,0,0,0,0,0,0,0,0,Object notstarted,Object notstarted,Object notstarted,Object notstarted,Object notstarted,Object notstarted,Object notstarted,Object notstarted,Object notstarted
2024-03-18 10:31:21,249.249,__main___datalogs,INFO,JoyConState.PREP_SNS,0.000000,0.000000,0.000000,0.096125,0.009155,0.011443,0.025176,0.000000,0.000000,0.000000,0.000000,0,0,0,0,0,0,0,0,0,0,0,0.045257568359375,-0.004302978515625,0,0,0,0,0,0,0,0,Object notstarted,Object notstarted,Object notstarted,Object notstarted,Object notstarted,Object notstarted,Object notstarted,Object notstarted,Object notstarted
2024-03-18 10:31:21,289.289,__main___datalogs,INFO,JoyConState.PREP_SNS,0.000000,0.000000,0.000000,0.096125,0.006866,0.013732,0.025176,0.000000,0.000000,0.000000,0.000000,0,0,0,0,0,0,0,0,0,0,0,0.045257568359375,-0.004302978515625,0,0,0,0,0,0,0,0,Object notstarted,Object notstarted,Object notstarted,Object notstarted,Object notstarted,Object notstarted,Object notstarted,Object notstarted,Object notstarted
2024-03-18 10:31:21,334.334,__main___datalogs,INFO,JoyConState.PREP_SNS,0.000000,0.000000,0.000000,0.096125,0.006866,0.011443,0.025176,0.000000,0.000000,0.000000,0.000000,0,0,0,0,0,0,0,0,0,0,0,0.045257568359375,-0.004302978515625,0,0,0,0,0,0,0,0,Object notstarted,Object notstarted,Object notstarted,Object notstarted,Object notstarted,Object notstarted,Object notstarted,Object notstarted,Object notstarted
2024-03-18 10:31:21,375.375,__main___datalogs,INFO,JoyConState.PREP_SNS,0.000000,0.000000,0.000000,0.096125,0.006866,0.013732,0.020598,0.000000,0.000000,0.000000,0.000000,0,0,0,0,0,0,0,0,0,0,0,0.045257568359375,-0.004302978515625,0,0,0,0,0,0,0,0,Object notstarted,Object notstarted,Object notstarted,Object notstarted,Object notstarted,Object notstarted,Object notstarted,Object notstarted,Object notstarted
2024-03-18 10:31:21,419.419,__main___datalogs,INFO,JoyConState.PREP_SNS,0.000000,0.000000,0.000000,0.096125,0.002289,0.013732,0.025176,0.000000,0.000000,0.000000,0.000000,0,0,0,0,0,0,0,0,0,0,0,0.045257568359375,-0.004302978515625,0,0,0,0,0,0,0,0,Object notstarted,Object notstarted,Object notstarted,Object notstarted,Object notstarted,Object notstarted,Object notstarted,Object notstarted,Object notstarted
2024-03-18 10:31:21,462.462,__main___datalogs,INFO,JoyConState.PREP_SNS,0.000000,0.000000,0.000000,0.096125,0.002289,0.013732,0.020598,0.000000,0.000000,0.000000,0.000000,0,0,0,0,0,0,0,0,0,0,0,0.045257568359375,-0.004302978515625,0,0,0,0,0,0,0,0,Object notstarted,Object notstarted,Object notstarted,Object notstarted,Object notstarted,Object notstarted,Object notstarted,Object notstarted,Object notstarted
2024-03-18 10:31:21,505.505,__main___datalogs,INFO,JoyConState.PREP_SNS,0.000000,0.000000,0.000000,0.096125,-0.002289,0.013732,0.025176,0.000000,0.000000,0.000000,0.000000,0,0,0,0,0,0,0,0,0,0,0,0.045257568359375,-0.004302978515625,0,0,0,0,0,0,0,0,Object notstarted,Object notstarted,Object notstarted,Object notstarted,Object notstarted,Object notstarted,Object notstarted,Object notstarted,Object notstarted
2024-03-18 10:31:21,549.549,__main___datalogs,INFO,JoyConState.PREP_SNS,0.000000,0.000000,0.000000,0.091547,0.006866,0.013732,0.016021,0.000000,0.000000,0.000000,0.000000,0,0,0,0,0,0,0,0,0,0,0,0.045257568359375,-0.004302978515625,0,0,0,0,0,0,0,0,Object notstarted,Object notstarted,Object notstarted,Object notstarted,Object notstarted,Object notstarted,Object notstarted,Object notstarted,Object notstarted
2024-03-18 10:31:21,594.594,__main___datalogs,INFO,JoyConState.PREP_SNS,0.000000,0.000000,0.000000,0.089258,0.006866,0.013732,0.016021,0.000000,0.000000,0.000000,0.000000,0,0,0,0,0,0,0,0,0,0,0,0.045257568359375,-0.004302978515625,0,0,0,0,0,0,0,0,Object notstarted,Object notstarted,Object notstarted,Object notstarted,Object notstarted,Object notstarted,Object notstarted,Object notstarted,Object notstarted
2024-03-18 10:31:21,637.637,__main___datalogs,INFO,JoyConState.PREP_SNS,0.000000,0.000000,0.000000,0.096125,0.006866,0.013732,0.020598,0.000000,0.000000,0.000000,0.000000,0,0,0,0,0,0,0,0,0,0,0,0.045257568359375,-0.004302978515625,0,0,0,0,0,0,0,0,Object notstarted,Object notstarted,Object notstarted,Object notstarted,Object notstarted,Object notstarted,Object notstarted,Object notstarted,Object notstarted
2024-03-18 10:31:21,680.680,__main___datalogs,INFO,JoyConState.PREP_SNS,0.000000,0.000000,0.000000,0.098413,0.006866,0.013732,0.025176,0.000000,0.000000,0.000000,0.000000,0,0,0,0,0,0,0,0,0,0,0,0.045257568359375,-0.004302978515625,0,0,0,0,0,0,0,0,Object notstarted,Object notstarted,Object notstarted,Object notstarted,Object notstarted,Object notstarted,Object notstarted,Object notstarted,Object notstarted
2024-03-18 10:31:21,721.721,__main___datalogs,INFO,JoyConState.PREP_SNS,0.000000,0.000000,0.000000,0.096125,0.006866,0.013732,0.027464,0.000000,0.000000,0.000000,0.000000,0,0,0,0,0,0,0,0,0,0,0,0.045257568359375,-0.004302978515625,0,0,0,0,0,0,0,0,Object notstarted,Object notstarted,Object notstarted,Object notstarted,Object notstarted,Object notstarted,Object notstarted,Object notstarted,Object notstarted
2024-03-18 10:31:21,772.772,__main___datalogs,INFO,JoyConState.PREP_SNS,0.000000,0.000000,0.000000,0.096125,0.006866,0.013732,0.025176,0.000000,0.000000,0.000000,0.000000,0,0,0,0,0,0,0,0,0,0,0,0.045257568359375,-0.004302978515625,0,0,0,0,0,0,0,0,Object notstarted,Object notstarted,Object notstarted,Object notstarted,Object notstarted,Object notstarted,Object notstarted,Object notstarted,Object notstarted
2024-03-18 10:31:21,832.832,__main___datalogs,INFO,JoyConState.PREP_SNS,0.000000,0.000000,0.000000,0.091547,0.002289,0.013732,0.027464,0.000000,0.000000,0.000000,0.000000,0,0,0,0,0,0,0,0,0,0,0,0.045257568359375,-0.004302978515625,0,0,0,0,0,0,0,0,Object notstarted,Object notstarted,Object notstarted,Object notstarted,Object notstarted,Object notstarted,Object notstarted,Object notstarted,Object notstarted
2024-03-18 10:31:21,877.877,__main___datalogs,INFO,JoyConState.PREP_SNS,0.000000,0.000000,0.000000,0.096125,0.002289,0.013732,0.025176,0.000000,0.000000,0.000000,0.000000,0,0,0,0,0,0,0,0,0,0,0,0.045257568359375,-0.004302978515625,0,0,0,0,0,0,0,0,Object notstarted,Object notstarted,Object notstarted,Object notstarted,Object notstarted,Object notstarted,Object notstarted,Object notstarted,Object notstarted
2024-03-18 10:31:21,924.924,__main___datalogs,INFO,JoyConState.PREP_SNS,0.000000,0.000000,0.000000,0.096125,0.006866,0.013732,0.025176,0.000000,0.000000,0.000000,0.000000,0,0,0,0,0,0,0,0,0,0,0,0.045257568359375,-0.004302978515625,0,0,0,0,0,0,0,0,Object notstarted,Object notstarted,Object notstarted,Object notstarted,Object notstarted,Object notstarted,Object notstarted,Object notstarted,Object notstarted
2024-03-18 10:31:21,969.969,__main___datalogs,INFO,JoyConState.PREP_SNS,0.000000,0.000000,0.000000,0.096125,0.006866,0.013732,0.025176,0.000000,0.000000,0.000000,0.000000,0,0,0,0,0,0,0,0,0,0,0,0.045257568359375,-0.004302978515625,0,0,0,0,0,0,0,0,Object notstarted,Object notstarted,Object notstarted,Object notstarted,Object notstarted,Object notstarted,Object notstarted,Object notstarted,Object notstarted
2024-03-18 10:31:22,008.008,__main___datalogs,INFO,JoyConState.PREP_SNS,0.000000,0.000000,0.000000,0.096125,0.002289,0.004577,0.027464,0.000000,0.000000,0.000000,0.000000,0,0,0,0,0,0,0,0,0,0,0,0.045257568359375,-0.004302978515625,0,0,0,0,0,0,0,0,Object notstarted,Object notstarted,Object notstarted,Object notstarted,Object notstarted,Object notstarted,Object notstarted,Object notstarted,Object notstarted
2024-03-18 10:31:22,051.051,__main___datalogs,INFO,JoyConState.PREP_SNS,0.000000,0.000000,0.000000,0.091547,0.006866,0.011443,0.027464,0.000000,0.000000,0.000000,0.000000,0,0,0,0,0,0,0,0,0,0,0,0.045257568359375,-0.004302978515625,0,0,0,0,0,0,0,0,Object notstarted,Object notstarted,Object notstarted,Object notstarted,Object notstarted,Object notstarted,Object notstarted,Object notstarted,Object notstarted
2024-03-18 10:31:22,093.093,__main___datalogs,INFO,JoyConState.PREP_SNS,0.000000,0.000000,0.000000,0.091547,0.006866,0.011443,0.020598,0.000000,0.000000,0.000000,0.000000,0,0,0,0,0,0,0,0,0,0,0,0.045257568359375,-0.004302978515625,0,0,0,0,0,0,0,0,Object notstarted,Object notstarted,Object notstarted,Object notstarted,Object notstarted,Object notstarted,Object notstarted,Object notstarted,Object notstarted
2024-03-18 10:31:22,138.138,__main___datalogs,INFO,JoyConState.PREP_SNS,0.000000,0.000000,0.000000,0.096125,0.002289,0.011443,0.020598,0.000000,0.000000,0.000000,0.000000,0,0,0,0,0,0,0,0,0,0,0,0.045257568359375,-0.004302978515625,0,0,0,0,0,0,0,0,Object notstarted,Object notstarted,Object notstarted,Object notstarted,Object notstarted,Object notstarted,Object notstarted,Object notstarted,Object notstarted
2024-03-18 10:31:22,180.180,__main___datalogs,INFO,JoyConState.PREP_SNS,0.000000,0.000000,0.000000,0.096125,0.002289,0.013732,0.020598,0.000000,0.000000,0.000000,0.000000,0,0,0,0,0,0,0,0,0,0,0,0.045257568359375,-0.004302978515625,0,0,0,0,0,0,0,0,Object notstarted,Object notstarted,Object notstarted,Object notstarted,Object notstarted,Object notstarted,Object notstarted,Object notstarted,Object notstarted
2024-03-18 10:31:22,223.223,__main___datalogs,INFO,JoyConState.PREP_SNS,0.000000,0.000000,0.000000,0.096125,0.006866,0.013732,0.020598,0.000000,0.000000,0.000000,0.000000,0,0,0,0,0,0,0,0,0,0,0,0.045257568359375,-0.004302978515625,0,0,0,0,0,0,0,0,Object notstarted,Object notstarted,Object notstarted,Object notstarted,Object notstarted,Object notstarted,Object notstarted,Object notstarted,Object notstarted
2024-03-18 10:31:22,267.267,__main___datalogs,INFO,JoyConState.PREP_SNS,0.000000,0.000000,0.000000,0.091547,0.006866,0.013732,0.020598,0.000000,0.000000,0.000000,0.000000,0,0,0,0,0,0,0,0,0,0,0,0.045257568359375,-0.004302978515625,0,0,0,0,0,0,0,0,Object notstarted,Object notstarted,Object notstarted,Object notstarted,Object notstarted,Object notstarted,Object notstarted,Object notstarted,Object notstarted
2024-03-18 10:31:22,312.312,__main___datalogs,INFO,JoyConState.PREP_SNS,0.000000,0.000000,0.000000,0.091547,0.006866,0.013732,0.025176,0.000000,0.000000,0.000000,0.000000,0,0,0,0,0,0,0,0,0,0,0,0.045257568359375,-0.004302978515625,0,0,0,0,0,0,0,0,Object notstarted,Object notstarted,Object notstarted,Object notstarted,Object notstarted,Object notstarted,Object notstarted,Object notstarted,Object notstarted
2024-03-18 10:31:22,355.355,__main___datalogs,INFO,JoyConState.PREP_SNS,0.000000,0.000000,0.000000,0.091547,0.006866,0.013732,0.020598,0.000000,0.000000,0.000000,0.000000,0,0,0,0,0,0,0,0,0,0,0,0.045257568359375,-0.004302978515625,0,0,0,0,0,0,0,0,Object notstarted,Object notstarted,Object notstarted,Object notstarted,Object notstarted,Object notstarted,Object notstarted,Object notstarted,Object notstarted
2024-03-18 10:31:22,396.396,__main___datalogs,INFO,JoyConState.PREP_SNS,0.000000,0.000000,0.000000,0.091547,0.006866,0.013732,0.020598,0.000000,0.000000,0.000000,0.000000,0,0,0,0,0,0,0,0,0,0,0,0.045257568359375,-0.004302978515625,0,0,0,0,0,0,0,0,Object notstarted,Object notstarted,Object notstarted,Object notstarted,Object notstarted,Object notstarted,Object notstarted,Object notstarted,Object notstarted
2024-03-18 10:31:22,438.438,__main___datalogs,INFO,JoyConState.PREP_SNS,0.000000,0.000000,0.000000,0.096125,0.006866,0.013732,0.025176,0.000000,0.000000,0.000000,0.000000,0,0,0,0,0,0,0,0,0,0,0,0.045257568359375,-0.004302978515625,0,0,0,0,0,0,0,0,Object notstarted,Object notstarted,Object notstarted,Object notstarted,Object notstarted,Object notstarted,Object notstarted,Object notstarted,Object notstarted
2024-03-18 10:31:22,483.483,__main___datalogs,INFO,JoyConState.PREP_SNS,0.000000,0.000000,0.000000,0.096125,0.006866,0.013732,0.027464,0.000000,0.000000,0.000000,0.000000,0,0,0,0,0,0,0,0,0,0,0,0.045257568359375,-0.004302978515625,0,0,0,0,0,0,0,0,Object notstarted,Object notstarted,Object notstarted,Object notstarted,Object notstarted,Object notstarted,Object notstarted,Object notstarted,Object notstarted
2024-03-18 10:31:22,525.525,__main___datalogs,INFO,JoyConState.PREP_SNS,0.000000,0.000000,0.000000,0.091547,0.002289,0.013732,0.025176,0.000000,0.000000,0.000000,0.000000,0,0,0,0,0,0,0,0,0,0,0,0.045257568359375,-0.004302978515625,0,0,0,0,0,0,0,0,Object notstarted,Object notstarted,Object notstarted,Object notstarted,Object notstarted,Object notstarted,Object notstarted,Object notstarted,Object notstarted
2024-03-18 10:31:22,570.570,__main___datalogs,INFO,JoyConState.PREP_SNS,0.000000,0.000000,0.000000,0.096125,-0.002289,0.013732,0.025176,0.000000,0.000000,0.000000,0.000000,0,0,0,0,0,0,0,0,0,0,0,0.045257568359375,-0.004302978515625,0,0,0,0,0,0,0,0,Object notstarted,Object notstarted,Object notstarted,Object notstarted,Object notstarted,Object notstarted,Object notstarted,Object notstarted,Object notstarted
2024-03-18 10:31:22,612.612,__main___datalogs,INFO,JoyConState.PREP_SNS,0.000000,0.000000,0.000000,0.096125,0.002289,0.011443,0.025176,0.000000,0.000000,0.000000,0.000000,0,0,0,0,0,0,0,0,0,0,0,0.045257568359375,-0.004302978515625,0,0,0,0,0,0,0,0,Object notstarted,Object notstarted,Object notstarted,Object notstarted,Object notstarted,Object notstarted,Object notstarted,Object notstarted,Object notstarted
2024-03-18 10:31:22,656.656,__main___datalogs,INFO,JoyConState.PREP_SNS,0.000000,0.000000,0.000000,0.096125,0.006866,0.013732,0.025176,0.000000,0.000000,0.000000,0.000000,0,0,0,0,0,0,0,0,0,0,0,0.045257568359375,-0.004302978515625,0,0,0,0,0,0,0,0,Object notstarted,Object notstarted,Object notstarted,Object notstarted,Object notstarted,Object notstarted,Object notstarted,Object notstarted,Object notstarted
2024-03-18 10:31:22,697.697,__main___datalogs,INFO,JoyConState.PREP_SNS,0.000000,0.000000,0.000000,0.096125,0.006866,0.013732,0.027464,0.000000,0.000000,0.000000,0.000000,0,0,0,0,0,0,0,0,0,0,0,0.045257568359375,-0.004302978515625,0,0,0,0,0,0,0,0,Object notstarted,Object notstarted,Object notstarted,Object notstarted,Object notstarted,Object notstarted,Object notstarted,Object notstarted,Object notstarted
2024-03-18 10:31:22,740.740,__main___datalogs,INFO,JoyConState.PREP_SNS,0.000000,0.000000,0.000000,0.091547,0.006866,0.013732,0.027464,0.000000,0.000000,0.000000,0.000000,0,0,0,0,0,0,0,0,0,0,0,0.045257568359375,-0.004302978515625,0,0,0,0,0,0,0,0,Object notstarted,Object notstarted,Object notstarted,Object notstarted,Object notstarted,Object notstarted,Object notstarted,Object notstarted,Object notstarted
2024-03-18 10:31:22,784.784,__main___datalogs,INFO,JoyConState.PREP_SNS,0.000000,0.000000,0.000000,0.091547,0.006866,0.013732,0.025176,0.000000,0.000000,0.000000,0.000000,0,0,0,0,0,0,0,0,0,0,0,0.045257568359375,-0.004302978515625,0,0,0,0,0,0,0,0,Object notstarted,Object notstarted,Object notstarted,Object notstarted,Object notstarted,Object notstarted,Object notstarted,Object notstarted,Object notstarted
2024-03-18 10:31:22,834.834,__main___datalogs,INFO,JoyConState.PREP_SNS,0.000000,0.000000,0.000000,0.091547,0.006866,0.013732,0.025176,0.000000,0.000000,0.000000,0.000000,0,0,0,0,0,0,0,0,0,0,0,0.045257568359375,-0.004302978515625,0,0,0,0,0,0,0,0,Object notstarted,Object notstarted,Object notstarted,Object notstarted,Object notstarted,Object notstarted,Object notstarted,Object notstarted,Object notstarted
2024-03-18 10:31:22,879.879,__main___datalogs,INFO,JoyConState.PREP_SNS,0.000000,0.000000,0.000000,0.091547,0.006866,0.013732,0.027464,0.000000,0.000000,0.000000,0.000000,0,0,0,0,0,0,0,0,0,0,0,0.045257568359375,-0.004302978515625,0,0,0,0,0,0,0,0,Object notstarted,Object notstarted,Object notstarted,Object notstarted,Object notstarted,Object notstarted,Object notstarted,Object notstarted,Object notstarted
2024-03-18 10:31:22,921.921,__main___datalogs,INFO,JoyConState.PREP_SNS,0.000000,0.000000,0.000000,0.089258,0.006866,0.013732,0.027464,0.000000,0.000000,0.000000,0.000000,0,0,0,0,0,0,0,0,0,0,0,0.045257568359375,-0.004302978515625,0,0,0,0,0,0,0,0,Object notstarted,Object notstarted,Object notstarted,Object notstarted,Object notstarted,Object notstarted,Object notstarted,Object notstarted,Object notstarted
2024-03-18 10:31:22,966.966,__main___datalogs,INFO,JoyConState.PREP_SNS,0.000000,0.000000,0.000000,0.096125,0.006866,0.013732,0.025176,0.000000,0.000000,0.000000,0.000000,0,0,0,0,0,0,0,0,0,0,0,0.045257568359375,-0.004302978515625,0,0,0,0,0,0,0,0,Object notstarted,Object notstarted,Object notstarted,Object notstarted,Object notstarted,Object notstarted,Object notstarted,Object notstarted,Object notstarted
2024-03-18 10:31:23,010.010,__main___datalogs,INFO,JoyConState.PREP_SNS,0.000000,0.000000,0.000000,0.096125,0.006866,0.013732,0.020598,0.000000,0.000000,0.000000,0.000000,0,0,0,0,0,0,0,0,0,0,0,0.045257568359375,-0.004302978515625,0,0,0,0,0,0,0,0,Object notstarted,Object notstarted,Object notstarted,Object notstarted,Object notstarted,Object notstarted,Object notstarted,Object notstarted,Object notstarted
2024-03-18 10:31:23,054.054,__main___datalogs,INFO,JoyConState.PREP_SNS,0.000000,0.000000,0.000000,0.096125,0.006866,0.013732,0.025176,0.000000,0.000000,0.000000,0.000000,0,0,0,0,0,0,0,0,0,0,0,0.045257568359375,-0.004302978515625,0,0,0,0,0,0,0,0,Object notstarted,Object notstarted,Object notstarted,Object notstarted,Object notstarted,Object notstarted,Object notstarted,Object notstarted,Object notstarted
2024-03-18 10:31:23,098.098,__main___datalogs,INFO,JoyConState.PREP_SNS,0.000000,0.000000,0.000000,0.096125,0.002289,0.013732,0.027464,0.000000,0.000000,0.000000,0.000000,0,0,0,0,0,0,0,0,0,0,0,0.045257568359375,-0.004302978515625,0,0,0,0,0,0,0,0,Object notstarted,Object notstarted,Object notstarted,Object notstarted,Object notstarted,Object notstarted,Object notstarted,Object notstarted,Object notstarted
2024-03-18 10:31:23,139.139,__main___datalogs,INFO,JoyConState.PREP_SNS,0.000000,0.000000,0.000000,0.096125,0.006866,0.013732,0.027464,0.000000,0.000000,0.000000,0.000000,0,0,0,0,0,0,0,0,0,0,0,0.045257568359375,-0.004302978515625,0,0,0,0,0,0,0,0,Object notstarted,Object notstarted,Object notstarted,Object notstarted,Object notstarted,Object notstarted,Object notstarted,Object notstarted,Object notstarted
2024-03-18 10:31:23,182.182,__main___datalogs,INFO,JoyConState.PREP_SNS,0.000000,0.000000,0.000000,0.096125,0.006866,0.013732,0.027464,0.000000,0.000000,0.000000,0.000000,0,0,0,0,0,0,0,0,0,0,0,0.045257568359375,-0.004302978515625,0,0,0,0,0,0,0,0,Object notstarted,Object notstarted,Object notstarted,Object notstarted,Object notstarted,Object notstarted,Object notstarted,Object notstarted,Object notstarted
2024-03-18 10:31:23,223.223,__main___datalogs,INFO,JoyConState.PREP_SNS,0.000000,0.000000,0.000000,0.096125,0.006866,0.013732,0.025176,0.000000,0.000000,0.000000,0.000000,0,0,0,0,0,0,0,0,0,0,0,0.045257568359375,-0.004302978515625,0,0,0,0,0,0,0,0,Object notstarted,Object notstarted,Object notstarted,Object notstarted,Object notstarted,Object notstarted,Object notstarted,Object notstarted,Object notstarted
2024-03-18 10:31:23,267.267,__main___datalogs,INFO,JoyConState.PREP_SNS,0.000000,0.000000,0.000000,0.091547,0.006866,0.013732,0.025176,0.000000,0.000000,0.000000,0.000000,0,0,0,0,0,0,0,0,0,0,0,0.045257568359375,-0.004302978515625,0,0,0,0,0,0,0,0,Object notstarted,Object notstarted,Object notstarted,Object notstarted,Object notstarted,Object notstarted,Object notstarted,Object notstarted,Object notstarted
2024-03-18 10:31:23,322.322,__main___datalogs,INFO,JoyConState.GO_HOME,0.000000,0.000000,0.000000,0.091547,0.006866,0.013732,0.025176,0.000000,0.000000,0.000000,0.000000,0,0,0,0,0,0,0,0,0,0,0,0.045257568359375,-0.004302978515625,0,0,0,0,0,0,0,0,Object notstarted,Object notstarted,Object notstarted,Object notstarted,Object notstarted,Object notstarted,Object notstarted,Object notstarted,Object notstarted
2024-03-18 10:31:23,367.367,__main___datalogs,INFO,JoyConState.GO_HOME,0.000000,0.000000,0.000000,0.091547,0.002289,0.013732,0.027464,0.000000,0.000000,0.000000,0.000000,0,0,0,0,0,0,0,0,0,0,0,0.045257568359375,-0.004302978515625,0,0,0,0,0,0,0,0,Object notstarted,Object notstarted,Object notstarted,Object notstarted,Object notstarted,Object notstarted,Object notstarted,Object notstarted,Object notstarted
2024-03-18 10:31:23,411.411,__main___datalogs,INFO,JoyConState.GO_HOME,0.000000,0.000000,0.000000,0.091547,0.002289,0.013732,0.025176,0.000000,0.000000,0.000000,0.000000,0,0,0,0,0,0,0,0,0,0,0,0.045257568359375,-0.004302978515625,0,0,0,0,0,0,0,0,Object notstarted,Object notstarted,Object notstarted,Object notstarted,Object notstarted,Object notstarted,Object notstarted,Object notstarted,Object notstarted
2024-03-18 10:31:23,453.453,__main___datalogs,INFO,JoyConState.GO_HOME,0.000000,0.000000,0.000000,0.091547,0.002289,0.013732,0.020598,0.000000,0.000000,0.000000,0.000000,0,0,0,0,0,0,0,0,0,0,0,0.045257568359375,-0.004302978515625,0,0,0,0,0,0,0,0,Object notstarted,Object notstarted,Object notstarted,Object notstarted,Object notstarted,Object notstarted,Object notstarted,Object notstarted,Object notstarted
2024-03-18 10:31:23,495.495,__main___datalogs,INFO,JoyConState.GO_HOME,0.000000,0.000000,0.000000,0.091547,0.002289,0.013732,0.020598,0.000000,0.000000,0.000000,0.000000,0,0,0,0,0,0,0,0,0,0,0,0.045257568359375,-0.004302978515625,0,0,0,0,0,0,0,0,Object notstarted,Object notstarted,Object notstarted,Object notstarted,Object notstarted,Object notstarted,Object notstarted,Object notstarted,Object notstarted
2024-03-18 10:31:23,538.538,__main___datalogs,INFO,JoyConState.GO_HOME,0.000000,0.000000,0.000000,0.089258,0.002289,0.011443,0.020598,0.000000,0.000000,0.000000,0.000000,0,0,0,0,0,0,0,0,0,0,0,0.045257568359375,-0.004302978515625,0,0,0,0,0,0,0,0,Object notstarted,Object notstarted,Object notstarted,Object notstarted,Object notstarted,Object notstarted,Object notstarted,Object notstarted,Object notstarted
2024-03-18 10:31:23,579.579,__main___datalogs,INFO,JoyConState.GO_HOME,0.000000,0.000000,0.000000,0.091547,-0.002289,0.013732,0.020598,0.000000,0.000000,0.000000,0.000000,0,0,0,0,0,0,0,0,0,0,0,0.045257568359375,-0.004302978515625,0,0,0,0,0,0,0,0,Object notstarted,Object notstarted,Object notstarted,Object notstarted,Object notstarted,Object notstarted,Object notstarted,Object notstarted,Object notstarted
2024-03-18 10:31:23,623.623,__main___datalogs,INFO,JoyConState.GO_HOME,0.000000,0.000000,0.000000,0.091547,0.002289,0.011443,0.020598,0.000000,0.000000,0.000000,0.000000,0,0,0,0,0,0,0,0,0,0,0,0.045257568359375,-0.004302978515625,0,0,0,0,0,0,0,0,Object notstarted,Object notstarted,Object notstarted,Object notstarted,Object notstarted,Object notstarted,Object notstarted,Object notstarted,Object notstarted
2024-03-18 10:31:23,666.666,__main___datalogs,INFO,JoyConState.GO_HOME,0.000000,0.000000,0.000000,0.091547,0.002289,0.011443,0.025176,0.000000,0.000000,0.000000,0.000000,0,0,0,0,0,0,0,0,0,0,0,0.045257568359375,-0.004302978515625,0,0,0,0,0,0,0,0,Object notstarted,Object notstarted,Object notstarted,Object notstarted,Object notstarted,Object notstarted,Object notstarted,Object notstarted,Object notstarted
2024-03-18 10:31:23,712.712,__main___datalogs,INFO,JoyConState.GO_HOME,0.000000,0.000000,0.000000,0.096125,0.002289,0.011443,0.025176,0.000000,0.000000,0.000000,0.000000,0,0,0,0,0,0,0,0,0,0,0,0.045257568359375,-0.004302978515625,0,0,0,0,0,0,0,0,Object notstarted,Object notstarted,Object notstarted,Object notstarted,Object notstarted,Object notstarted,Object notstarted,Object notstarted,Object notstarted
2024-03-18 10:31:23,754.754,__main___datalogs,INFO,JoyConState.GO_HOME,0.000000,0.000000,0.000000,0.096125,0.002289,0.011443,0.027464,0.000000,0.000000,0.000000,0.000000,0,0,0,0,0,0,0,0,0,0,0,0.045257568359375,-0.004302978515625,0,0,0,0,0,0,0,0,Object notstarted,Object notstarted,Object notstarted,Object notstarted,Object notstarted,Object notstarted,Object notstarted,Object notstarted,Object notstarted
2024-03-18 10:31:23,798.798,__main___datalogs,INFO,JoyConState.GO_HOME,0.000000,0.000000,0.000000,0.096125,0.002289,0.011443,0.025176,0.000000,0.000000,0.000000,0.000000,0,0,0,0,0,0,0,0,0,0,0,0.045257568359375,-0.004302978515625,0,0,0,0,0,0,0,0,Object notstarted,Object notstarted,Object notstarted,Object notstarted,Object notstarted,Object notstarted,Object notstarted,Object notstarted,Object notstarted
2024-03-18 10:31:23,841.841,__main___datalogs,INFO,JoyConState.GO_HOME,0.000000,0.000000,0.000000,0.096125,0.006866,0.011443,0.025176,0.000000,0.000000,0.000000,0.000000,0,0,0,0,0,0,0,0,0,0,0,0.045257568359375,-0.004302978515625,0,0,0,0,0,0,0,0,Object notstarted,Object notstarted,Object notstarted,Object notstarted,Object notstarted,Object notstarted,Object notstarted,Object notstarted,Object notstarted
2024-03-18 10:31:23,886.886,__main___datalogs,INFO,JoyConState.GO_HOME,0.000000,0.000000,0.000000,0.091547,0.006866,0.011443,0.025176,0.000000,0.000000,0.000000,0.000000,0,0,0,0,0,0,0,0,0,0,0,0.045257568359375,-0.004302978515625,0,0,0,0,0,0,0,0,Object notstarted,Object notstarted,Object notstarted,Object notstarted,Object notstarted,Object notstarted,Object notstarted,Object notstarted,Object notstarted
2024-03-18 10:31:23,949.949,__main___datalogs,INFO,JoyConState.GO_HOME,0.000000,0.000000,0.000000,0.091547,0.006866,0.013732,0.020598,0.000000,0.000000,0.000000,0.000000,0,0,0,0,0,0,0,0,0,0,0,0.045257568359375,-0.004302978515625,0,0,0,0,0,0,0,0,Object notstarted,Object notstarted,Object notstarted,Object notstarted,Object notstarted,Object notstarted,Object notstarted,Object notstarted,Object notstarted
2024-03-18 10:31:23,993.993,__main___datalogs,INFO,JoyConState.GO_HOME,0.000000,0.000000,0.000000,0.091547,0.006866,0.013732,0.020598,0.000000,0.000000,0.000000,0.000000,0,0,0,0,0,0,0,0,0,0,0,0.045257568359375,-0.004302978515625,0,0,0,0,0,0,0,0,Object notstarted,Object notstarted,Object notstarted,Object notstarted,Object notstarted,Object notstarted,Object notstarted,Object notstarted,Object notstarted
2024-03-18 10:31:24,036.036,__main___datalogs,INFO,JoyConState.GO_HOME,0.000000,0.000000,0.000000,0.091547,0.002289,0.013732,0.020598,0.000000,0.000000,0.000000,0.000000,0,0,0,0,0,0,0,0,0,0,0,0.045257568359375,-0.004302978515625,0,0,0,0,0,0,0,0,Object notstarted,Object notstarted,Object notstarted,Object notstarted,Object notstarted,Object notstarted,Object notstarted,Object notstarted,Object notstarted
2024-03-18 10:31:24,080.080,__main___datalogs,INFO,JoyConState.GO_HOME,0.000000,0.000000,0.000000,0.096125,0.002289,0.013732,0.020598,0.000000,0.000000,0.000000,0.000000,0,0,0,0,0,0,0,0,0,0,0,0.045257568359375,-0.004302978515625,0,0,0,0,0,0,0,0,Object notstarted,Object notstarted,Object notstarted,Object notstarted,Object notstarted,Object notstarted,Object notstarted,Object notstarted,Object notstarted
2024-03-18 10:31:24,122.122,__main___datalogs,INFO,JoyConState.GO_HOME,0.000000,0.000000,0.000000,0.096125,0.002289,0.011443,0.020598,0.000000,0.000000,0.000000,0.000000,0,0,0,0,0,0,0,0,0,0,0,0.045257568359375,-0.004302978515625,0,0,0,0,0,0,0,0,Object notstarted,Object notstarted,Object notstarted,Object notstarted,Object notstarted,Object notstarted,Object notstarted,Object notstarted,Object notstarted
2024-03-18 10:31:24,169.169,__main___datalogs,INFO,JoyConState.GO_HOME,0.000000,0.000000,0.000000,0.096125,-0.002289,0.013732,0.020598,0.000000,0.000000,0.000000,0.000000,0,0,0,0,0,0,0,0,0,0,0,0.045257568359375,-0.004302978515625,0,0,0,0,0,0,0,0,Object notstarted,Object notstarted,Object notstarted,Object notstarted,Object notstarted,Object notstarted,Object notstarted,Object notstarted,Object notstarted
2024-03-18 10:31:24,213.213,__main___datalogs,INFO,JoyConState.GO_HOME,0.000000,0.000000,0.000000,0.091547,0.002289,0.004577,0.020598,0.000000,0.000000,0.000000,0.000000,0,0,0,0,0,0,0,0,0,0,0,0.045257568359375,-0.004302978515625,0,0,0,0,0,0,0,0,Object notstarted,Object notstarted,Object notstarted,Object notstarted,Object notstarted,Object notstarted,Object notstarted,Object notstarted,Object notstarted
2024-03-18 10:31:24,255.255,__main___datalogs,INFO,JoyConState.GO_HOME,0.000000,0.000000,0.000000,0.091547,0.006866,0.011443,0.020598,0.000000,0.000000,0.000000,0.000000,0,0,0,0,0,0,0,0,0,0,0,0.045257568359375,-0.004302978515625,0,0,0,0,0,0,0,0,Object notstarted,Object notstarted,Object notstarted,Object notstarted,Object notstarted,Object notstarted,Object notstarted,Object notstarted,Object notstarted
2024-03-18 10:31:24,299.299,__main___datalogs,INFO,JoyConState.GO_HOME,0.000000,0.000000,0.000000,0.091547,0.006866,0.013732,0.020598,0.000000,0.000000,0.000000,0.000000,0,0,0,0,0,0,0,0,0,0,0,0.045257568359375,-0.004302978515625,0,0,0,0,0,0,0,0,Object notstarted,Object notstarted,Object notstarted,Object notstarted,Object notstarted,Object notstarted,Object notstarted,Object notstarted,Object notstarted
2024-03-18 10:31:24,344.344,__main___datalogs,INFO,JoyConState.GO_HOME,0.000000,0.000000,0.000000,0.091547,0.006866,0.013732,0.020598,0.000000,0.000000,0.000000,0.000000,0,0,0,0,0,0,0,0,0,0,0,0.045257568359375,-0.004302978515625,0,0,0,0,0,0,0,0,Object notstarted,Object notstarted,Object notstarted,Object notstarted,Object notstarted,Object notstarted,Object notstarted,Object notstarted,Object notstarted
2024-03-18 10:31:24,386.386,__main___datalogs,INFO,JoyConState.GO_HOME,0.000000,0.000000,0.000000,0.091547,0.002289,0.013732,0.025176,0.000000,0.000000,0.000000,0.000000,0,0,0,0,0,0,0,0,0,0,0,0.045257568359375,-0.004302978515625,0,0,0,0,0,0,0,0,Object notstarted,Object notstarted,Object notstarted,Object notstarted,Object notstarted,Object notstarted,Object notstarted,Object notstarted,Object notstarted
2024-03-18 10:31:24,427.427,__main___datalogs,INFO,JoyConState.GO_HOME,0.000000,0.000000,0.000000,0.091547,0.006866,0.011443,0.020598,0.000000,0.000000,0.000000,0.000000,0,0,0,0,0,0,0,0,0,0,0,0.045257568359375,-0.004302978515625,0,0,0,0,0,0,0,0,Object notstarted,Object notstarted,Object notstarted,Object notstarted,Object notstarted,Object notstarted,Object notstarted,Object notstarted,Object notstarted
2024-03-18 10:31:24,470.470,__main___datalogs,INFO,JoyConState.GO_HOME,0.000000,0.000000,0.000000,0.091547,0.006866,0.013732,0.020598,0.000000,0.000000,0.000000,0.000000,0,0,0,0,0,0,0,0,0,0,0,0.045257568359375,-0.004302978515625,0,0,0,0,0,0,0,0,Object notstarted,Object notstarted,Object notstarted,Object notstarted,Object notstarted,Object notstarted,Object notstarted,Object notstarted,Object notstarted
2024-03-18 10:31:24,516.516,__main___datalogs,INFO,JoyConState.GO_HOME,0.000000,0.000000,0.000000,0.091547,0.006866,0.013732,0.020598,0.000000,0.000000,0.000000,0.000000,0,0,0,0,0,0,0,0,0,0,0,0.045257568359375,-0.004302978515625,0,0,0,0,0,0,0,0,Object notstarted,Object notstarted,Object notstarted,Object notstarted,Object notstarted,Object notstarted,Object notstarted,Object notstarted,Object notstarted
2024-03-18 10:31:24,559.559,__main___datalogs,INFO,JoyConState.GO_HOME,0.000000,0.000000,0.000000,0.091547,0.006866,0.013732,0.025176,0.000000,0.000000,0.000000,0.000000,0,0,0,0,0,0,0,0,0,0,0,0.045257568359375,-0.004302978515625,0,0,0,0,0,0,0,0,Object notstarted,Object notstarted,Object notstarted,Object notstarted,Object notstarted,Object notstarted,Object notstarted,Object notstarted,Object notstarted
2024-03-18 10:31:24,604.604,__main___datalogs,INFO,JoyConState.GO_HOME,0.000000,0.000000,0.000000,0.091547,0.006866,0.013732,0.020598,0.000000,0.000000,0.000000,0.000000,0,0,0,0,0,0,0,0,0,0,0,0.045257568359375,-0.004302978515625,0,0,0,0,0,0,0,0,Object notstarted,Object notstarted,Object notstarted,Object notstarted,Object notstarted,Object notstarted,Object notstarted,Object notstarted,Object notstarted
2024-03-18 10:31:24,646.646,__main___datalogs,INFO,JoyConState.GO_HOME,0.000000,0.000000,0.000000,0.091547,0.006866,0.013732,0.025176,0.000000,0.000000,0.000000,0.000000,0,0,0,0,0,0,0,0,0,0,0,0.045257568359375,-0.004302978515625,0,0,0,0,0,0,0,0,Object notstarted,Object notstarted,Object notstarted,Object notstarted,Object notstarted,Object notstarted,Object notstarted,Object notstarted,Object notstarted
2024-03-18 10:31:24,691.691,__main___datalogs,INFO,JoyConState.GO_HOME,0.000000,0.000000,0.000000,0.096125,0.006866,0.013732,0.025176,0.000000,0.000000,0.000000,0.000000,0,0,0,0,0,0,0,0,0,0,0,0.045257568359375,-0.004302978515625,0,0,0,0,0,0,0,0,Object notstarted,Object notstarted,Object notstarted,Object notstarted,Object notstarted,Object notstarted,Object notstarted,Object notstarted,Object notstarted
2024-03-18 10:31:24,734.734,__main___datalogs,INFO,JoyConState.GO_HOME,0.000000,0.000000,0.000000,0.096125,0.006866,0.013732,0.025176,0.000000,0.000000,0.000000,0.000000,0,0,0,0,0,0,0,0,0,0,0,0.045257568359375,-0.004302978515625,0,0,0,0,0,0,0,0,Object notstarted,Object notstarted,Object notstarted,Object notstarted,Object notstarted,Object notstarted,Object notstarted,Object notstarted,Object notstarted
2024-03-18 10:31:24,779.779,__main___datalogs,INFO,JoyConState.GO_HOME,0.000000,0.000000,0.000000,0.096125,0.006866,0.013732,0.027464,0.000000,0.000000,0.000000,0.000000,0,0,0,0,0,0,0,0,0,0,0,0.045257568359375,-0.004302978515625,0,0,0,0,0,0,0,0,Object notstarted,Object notstarted,Object notstarted,Object notstarted,Object notstarted,Object notstarted,Object notstarted,Object notstarted,Object notstarted
2024-03-18 10:31:24,820.820,__main___datalogs,INFO,JoyConState.GO_HOME,0.000000,0.000000,0.000000,0.091547,0.006866,0.013732,0.027464,0.000000,0.000000,0.000000,0.000000,0,0,0,0,0,0,0,0,0,0,0,0.045257568359375,-0.004302978515625,0,0,0,0,0,0,0,0,Object notstarted,Object notstarted,Object notstarted,Object notstarted,Object notstarted,Object notstarted,Object notstarted,Object notstarted,Object notstarted
2024-03-18 10:31:24,864.864,__main___datalogs,INFO,JoyConState.GO_HOME,0.000000,0.000000,0.000000,0.091547,0.002289,0.013732,0.025176,0.000000,0.000000,0.000000,0.000000,0,0,0,0,0,0,0,0,0,0,0,0.045257568359375,-0.004302978515625,0,0,0,0,0,0,0,0,Object notstarted,Object notstarted,Object notstarted,Object notstarted,Object notstarted,Object notstarted,Object notstarted,Object notstarted,Object notstarted
2024-03-18 10:31:24,907.907,__main___datalogs,INFO,JoyConState.GO_HOME,0.000000,0.000000,0.000000,0.091547,0.002289,0.013732,0.027464,0.000000,0.000000,0.000000,0.000000,0,0,0,0,0,0,0,0,0,0,0,0.045257568359375,-0.004302978515625,0,0,0,0,0,0,0,0,Object notstarted,Object notstarted,Object notstarted,Object notstarted,Object notstarted,Object notstarted,Object notstarted,Object notstarted,Object notstarted
2024-03-18 10:31:24,950.950,__main___datalogs,INFO,JoyConState.GO_HOME,0.000000,0.000000,0.000000,0.096125,0.002289,0.013732,0.027464,0.000000,0.000000,0.000000,0.000000,0,0,0,0,0,0,0,0,0,0,0,0.045257568359375,-0.004302978515625,0,0,0,0,0,0,0,0,Object notstarted,Object notstarted,Object notstarted,Object notstarted,Object notstarted,Object notstarted,Object notstarted,Object notstarted,Object notstarted
2024-03-18 10:31:25,014.014,__main___datalogs,INFO,JoyConState.GO_HOME,0.000000,0.000000,0.000000,0.091547,0.002289,0.011443,0.027464,0.000000,0.000000,0.000000,0.000000,0,0,0,0,0,0,0,0,0,0,0,0.045257568359375,-0.004302978515625,0,0,0,0,0,0,0,0,Object notstarted,Object notstarted,Object notstarted,Object notstarted,Object notstarted,Object notstarted,Object notstarted,Object notstarted,Object notstarted
2024-03-18 10:31:25,058.058,__main___datalogs,INFO,JoyConState.GO_HOME,0.000000,0.000000,0.000000,0.091547,0.006866,0.013732,0.025176,0.000000,0.000000,0.000000,0.000000,0,0,0,0,0,0,0,0,0,0,0,0.045257568359375,-0.004302978515625,0,0,0,0,0,0,0,0,Object notstarted,Object notstarted,Object notstarted,Object notstarted,Object notstarted,Object notstarted,Object notstarted,Object notstarted,Object notstarted
2024-03-18 10:31:25,099.099,__main___datalogs,INFO,JoyConState.GO_HOME,0.000000,0.000000,0.000000,0.091547,0.006866,0.011443,0.027464,0.000000,0.000000,0.000000,0.000000,0,0,0,0,0,0,0,0,0,0,0,0.045257568359375,-0.004302978515625,0,0,0,0,0,0,0,0,Object notstarted,Object notstarted,Object notstarted,Object notstarted,Object notstarted,Object notstarted,Object notstarted,Object notstarted,Object notstarted
2024-03-18 10:31:25,144.144,__main___datalogs,INFO,JoyConState.GO_HOME,0.000000,0.000000,0.000000,0.091547,0.006866,0.013732,0.025176,0.000000,0.000000,0.000000,0.000000,0,0,0,0,0,0,0,0,0,0,0,0.045257568359375,-0.004302978515625,0,0,0,0,0,0,0,0,Object notstarted,Object notstarted,Object notstarted,Object notstarted,Object notstarted,Object notstarted,Object notstarted,Object notstarted,Object notstarted
2024-03-18 10:31:25,187.187,__main___datalogs,INFO,JoyConState.GO_HOME,0.000000,0.000000,0.000000,0.089258,0.006866,0.013732,0.025176,0.000000,0.000000,0.000000,0.000000,0,0,0,0,0,0,0,0,0,0,0,0.045257568359375,-0.004302978515625,0,0,0,0,0,0,0,0,Object notstarted,Object notstarted,Object notstarted,Object notstarted,Object notstarted,Object notstarted,Object notstarted,Object notstarted,Object notstarted
2024-03-18 10:31:25,232.232,__main___datalogs,INFO,JoyConState.GO_HOME,0.000000,0.000000,0.000000,0.096125,0.006866,0.018310,0.025176,0.000000,0.000000,0.000000,0.000000,0,0,0,0,0,0,0,0,0,0,0,0.045257568359375,-0.004302978515625,0,0,0,0,0,0,0,0,Object notstarted,Object notstarted,Object notstarted,Object notstarted,Object notstarted,Object notstarted,Object notstarted,Object notstarted,Object notstarted
2024-03-18 10:31:25,273.273,__main___datalogs,INFO,JoyConState.GO_HOME,0.000000,0.000000,0.000000,0.091547,0.002289,0.013732,0.025176,0.000000,0.000000,0.000000,0.000000,0,0,0,0,0,0,0,0,0,0,0,0.045257568359375,-0.004302978515625,0,0,0,0,0,0,0,0,Object notstarted,Object notstarted,Object notstarted,Object notstarted,Object notstarted,Object notstarted,Object notstarted,Object notstarted,Object notstarted
2024-03-18 10:31:25,316.316,__main___datalogs,INFO,JoyConState.GO_HOME,0.000000,0.000000,0.000000,0.091547,0.006866,0.013732,0.020598,0.000000,0.000000,0.000000,0.000000,0,0,0,0,0,0,0,0,0,0,0,0.045257568359375,-0.004302978515625,0,0,0,0,0,0,0,0,Object notstarted,Object notstarted,Object notstarted,Object notstarted,Object notstarted,Object notstarted,Object notstarted,Object notstarted,Object notstarted
2024-03-18 10:31:25,358.358,__main___datalogs,INFO,JoyConState.GO_HOME,0.000000,0.000000,0.000000,0.091547,0.002289,0.013732,0.027464,0.000000,0.000000,0.000000,0.000000,0,0,0,0,0,0,0,0,0,0,0,0.045257568359375,-0.004302978515625,0,0,0,0,0,0,0,0,Object notstarted,Object notstarted,Object notstarted,Object notstarted,Object notstarted,Object notstarted,Object notstarted,Object notstarted,Object notstarted
2024-03-18 10:31:25,403.403,__main___datalogs,INFO,JoyConState.GO_HOME,0.000000,0.000000,0.000000,0.091547,0.002289,0.013732,0.025176,0.000000,0.000000,0.000000,0.000000,0,0,0,0,0,0,0,0,0,0,0,0.045257568359375,-0.004302978515625,0,0,0,0,0,0,0,0,Object notstarted,Object notstarted,Object notstarted,Object notstarted,Object notstarted,Object notstarted,Object notstarted,Object notstarted,Object notstarted
2024-03-18 10:31:25,445.445,__main___datalogs,INFO,JoyConState.GO_HOME,0.000000,0.000000,0.000000,0.096125,0.006866,0.013732,0.025176,0.000000,0.000000,0.000000,0.000000,0,0,0,0,0,0,0,0,0,0,0,0.045257568359375,-0.004302978515625,0,0,0,0,0,0,0,0,Object notstarted,Object notstarted,Object notstarted,Object notstarted,Object notstarted,Object notstarted,Object notstarted,Object notstarted,Object notstarted
2024-03-18 10:31:25,488.488,__main___datalogs,INFO,JoyConState.GO_HOME,0.000000,0.000000,0.000000,0.096125,0.006866,0.013732,0.020598,0.000000,0.000000,0.000000,0.000000,0,0,0,0,0,0,0,0,0,0,0,0.045257568359375,-0.004302978515625,0,0,0,0,0,0,0,0,Object notstarted,Object notstarted,Object notstarted,Object notstarted,Object notstarted,Object notstarted,Object notstarted,Object notstarted,Object notstarted
2024-03-18 10:31:25,530.530,__main___datalogs,INFO,JoyConState.GO_HOME,0.000000,0.000000,0.000000,0.091547,0.006866,0.011443,0.020598,0.000000,0.000000,0.000000,0.000000,0,0,0,0,0,0,0,0,0,0,0,0.045257568359375,-0.004302978515625,0,0,0,0,0,0,0,0,Object notstarted,Object notstarted,Object notstarted,Object notstarted,Object notstarted,Object notstarted,Object notstarted,Object notstarted,Object notstarted
2024-03-18 10:31:25,574.574,__main___datalogs,INFO,JoyConState.GO_HOME,0.000000,0.000000,0.000000,0.091547,0.002289,0.013732,0.020598,0.000000,0.000000,0.000000,0.000000,0,0,0,0,0,0,0,0,0,0,0,0.045257568359375,-0.004302978515625,0,0,0,0,0,0,0,0,Object notstarted,Object notstarted,Object notstarted,Object notstarted,Object notstarted,Object notstarted,Object notstarted,Object notstarted,Object notstarted
2024-03-18 10:31:25,616.616,__main___datalogs,INFO,JoyConState.GO_HOME,0.000000,0.000000,0.000000,0.096125,0.002289,0.013732,0.020598,0.000000,0.000000,0.000000,0.000000,0,0,0,0,0,0,0,0,0,0,0,0.045257568359375,-0.004302978515625,0,0,0,0,0,0,0,0,Object notstarted,Object notstarted,Object notstarted,Object notstarted,Object notstarted,Object notstarted,Object notstarted,Object notstarted,Object notstarted
2024-03-18 10:31:25,659.659,__main___datalogs,INFO,JoyConState.GO_HOME,0.000000,0.000000,0.000000,0.096125,0.006866,0.013732,0.020598,0.000000,0.000000,0.000000,0.000000,0,0,0,0,0,0,0,0,0,0,0,0.045257568359375,-0.004302978515625,0,0,0,0,0,0,0,0,Object notstarted,Object notstarted,Object notstarted,Object notstarted,Object notstarted,Object notstarted,Object notstarted,Object notstarted,Object notstarted
2024-03-18 10:31:25,702.702,__main___datalogs,INFO,JoyConState.GO_HOME,0.000000,0.000000,0.000000,0.096125,0.006866,0.011443,0.020598,0.000000,0.000000,0.000000,0.000000,0,0,0,0,0,0,0,0,0,0,0,0.045257568359375,-0.004302978515625,0,0,0,0,0,0,0,0,Object notstarted,Object notstarted,Object notstarted,Object notstarted,Object notstarted,Object notstarted,Object notstarted,Object notstarted,Object notstarted
2024-03-18 10:31:25,746.746,__main___datalogs,INFO,JoyConState.GO_HOME,0.000000,0.000000,0.000000,0.091547,0.006866,0.013732,0.025176,0.000000,0.000000,0.000000,0.000000,0,0,0,0,0,0,0,0,0,0,0,0.045257568359375,-0.004302978515625,0,0,0,0,0,0,0,0,Object notstarted,Object notstarted,Object notstarted,Object notstarted,Object notstarted,Object notstarted,Object notstarted,Object notstarted,Object notstarted
2024-03-18 10:31:25,788.788,__main___datalogs,INFO,JoyConState.GO_HOME,0.000000,0.000000,0.000000,0.091547,0.006866,0.013732,0.025176,0.000000,0.000000,0.000000,0.000000,0,0,0,0,0,0,0,0,0,0,0,0.045257568359375,-0.004302978515625,0,0,0,0,0,0,0,0,Object notstarted,Object notstarted,Object notstarted,Object notstarted,Object notstarted,Object notstarted,Object notstarted,Object notstarted,Object notstarted
2024-03-18 10:31:25,832.832,__main___datalogs,INFO,JoyConState.GO_HOME,0.000000,0.000000,0.000000,0.089258,0.006866,0.013732,0.025176,0.000000,0.000000,0.000000,0.000000,0,0,0,0,0,0,0,0,0,0,0,0.045257568359375,-0.004302978515625,0,0,0,0,0,0,0,0,Object notstarted,Object notstarted,Object notstarted,Object notstarted,Object notstarted,Object notstarted,Object notstarted,Object notstarted,Object notstarted
2024-03-18 10:31:25,875.875,__main___datalogs,INFO,JoyConState.GO_HOME,0.000000,0.000000,0.000000,0.091547,0.002289,0.013732,0.020598,0.000000,0.000000,0.000000,0.000000,0,0,0,0,0,0,0,0,0,0,0,0.045257568359375,-0.004302978515625,0,0,0,0,0,0,0,0,Object notstarted,Object notstarted,Object notstarted,Object notstarted,Object notstarted,Object notstarted,Object notstarted,Object notstarted,Object notstarted
2024-03-18 10:31:25,919.919,__main___datalogs,INFO,JoyConState.GO_HOME,0.000000,0.000000,0.000000,0.096125,0.002289,0.013732,0.020598,0.000000,0.000000,0.000000,0.000000,0,0,0,0,0,0,0,0,0,0,0,0.045257568359375,-0.004302978515625,0,0,0,0,0,0,0,0,Object notstarted,Object notstarted,Object notstarted,Object notstarted,Object notstarted,Object notstarted,Object notstarted,Object notstarted,Object notstarted
2024-03-18 10:31:25,960.960,__main___datalogs,INFO,JoyConState.GO_HOME,0.000000,0.000000,0.000000,0.091547,0.006866,0.013732,0.020598,0.000000,0.000000,0.000000,0.000000,0,0,0,0,0,0,0,0,0,0,0,0.045257568359375,-0.004302978515625,0,0,0,0,0,0,0,0,Object notstarted,Object notstarted,Object notstarted,Object notstarted,Object notstarted,Object notstarted,Object notstarted,Object notstarted,Object notstarted
2024-03-18 10:31:26,003.003,__main___datalogs,INFO,JoyConState.GO_HOME,0.000000,0.000000,0.000000,0.096125,0.006866,0.013732,0.020598,0.000000,0.000000,0.000000,0.000000,0,0,0,0,0,0,0,0,0,0,0,0.045257568359375,-0.004302978515625,0,0,0,0,0,0,0,0,Object notstarted,Object notstarted,Object notstarted,Object notstarted,Object notstarted,Object notstarted,Object notstarted,Object notstarted,Object notstarted
2024-03-18 10:31:26,065.065,__main___datalogs,INFO,JoyConState.GO_HOME,0.000000,0.000000,0.000000,0.096125,0.006866,0.013732,0.025176,0.000000,0.000000,0.000000,0.000000,0,0,0,0,0,0,0,0,0,0,0,0.045257568359375,-0.004302978515625,0,0,0,0,0,0,0,0,Object notstarted,Object notstarted,Object notstarted,Object notstarted,Object notstarted,Object notstarted,Object notstarted,Object notstarted,Object notstarted
2024-03-18 10:31:26,110.110,__main___datalogs,INFO,JoyConState.GO_HOME,0.000000,0.000000,0.000000,0.096125,0.006866,0.013732,0.025176,0.000000,0.000000,0.000000,0.000000,0,0,0,0,0,0,0,0,0,0,0,0.045257568359375,-0.004302978515625,0,0,0,0,0,0,0,0,Object notstarted,Object notstarted,Object notstarted,Object notstarted,Object notstarted,Object notstarted,Object notstarted,Object notstarted,Object notstarted
2024-03-18 10:31:26,153.153,__main___datalogs,INFO,JoyConState.GO_HOME,0.000000,0.000000,0.000000,0.091547,0.002289,0.011443,0.020598,0.000000,0.000000,0.000000,0.000000,0,0,0,0,0,0,0,0,0,0,0,0.045257568359375,-0.004302978515625,0,0,0,0,0,0,0,0,Object notstarted,Object notstarted,Object notstarted,Object notstarted,Object notstarted,Object notstarted,Object notstarted,Object notstarted,Object notstarted
2024-03-18 10:31:26,196.196,__main___datalogs,INFO,JoyConState.GO_HOME,0.000000,0.000000,0.000000,0.091547,0.002289,0.011443,0.025176,0.000000,0.000000,0.000000,0.000000,0,0,0,0,0,0,0,0,0,0,0,0.045257568359375,-0.004302978515625,0,0,0,0,0,0,0,0,Object notstarted,Object notstarted,Object notstarted,Object notstarted,Object notstarted,Object notstarted,Object notstarted,Object notstarted,Object notstarted
2024-03-18 10:31:26,239.239,__main___datalogs,INFO,JoyConState.GO_HOME,0.000000,0.000000,0.000000,0.089258,0.002289,0.013732,0.020598,0.000000,0.000000,0.000000,0.000000,0,0,0,0,0,0,0,0,0,0,0,0.045257568359375,-0.004302978515625,0,0,0,0,0,0,0,0,Object notstarted,Object notstarted,Object notstarted,Object notstarted,Object notstarted,Object notstarted,Object notstarted,Object notstarted,Object notstarted
2024-03-18 10:31:26,284.284,__main___datalogs,INFO,JoyConState.GO_HOME,0.000000,0.000000,0.000000,0.089258,0.006866,0.013732,0.020598,0.000000,0.000000,0.000000,0.000000,0,0,0,0,0,0,0,0,0,0,0,0.045257568359375,-0.004302978515625,0,0,0,0,0,0,0,0,Object notstarted,Object notstarted,Object notstarted,Object notstarted,Object notstarted,Object notstarted,Object notstarted,Object notstarted,Object notstarted
2024-03-18 10:31:26,326.326,__main___datalogs,INFO,JoyConState.GO_HOME,0.000000,0.000000,0.000000,0.091547,0.002289,0.013732,0.025176,0.000000,0.000000,0.000000,0.000000,0,0,0,0,0,0,0,0,0,0,0,0.045257568359375,-0.004302978515625,0,0,0,0,0,0,0,0,Object notstarted,Object notstarted,Object notstarted,Object notstarted,Object notstarted,Object notstarted,Object notstarted,Object notstarted,Object notstarted
2024-03-18 10:31:26,369.369,__main___datalogs,INFO,JoyConState.GO_HOME,0.000000,0.000000,0.000000,0.091547,0.002289,0.011443,0.025176,0.000000,0.000000,0.000000,0.000000,0,0,0,0,0,0,0,0,0,0,0,0.045257568359375,-0.004302978515625,0,0,0,0,0,0,0,0,Object notstarted,Object notstarted,Object notstarted,Object notstarted,Object notstarted,Object notstarted,Object notstarted,Object notstarted,Object notstarted
2024-03-18 10:31:26,412.412,__main___datalogs,INFO,JoyConState.GO_HOME,0.000000,0.000000,0.000000,0.091547,0.006866,0.013732,0.020598,0.000000,0.000000,0.000000,0.000000,0,0,0,0,0,0,0,0,0,0,0,0.045257568359375,-0.004302978515625,0,0,0,0,0,0,0,0,Object notstarted,Object notstarted,Object notstarted,Object notstarted,Object notstarted,Object notstarted,Object notstarted,Object notstarted,Object notstarted
2024-03-18 10:31:26,454.454,__main___datalogs,INFO,JoyConState.GO_HOME,0.000000,0.000000,0.000000,0.096125,0.002289,0.013732,0.025176,0.000000,0.000000,0.000000,0.000000,0,0,0,0,0,0,0,0,0,0,0,0.045257568359375,-0.004302978515625,0,0,0,0,0,0,0,0,Object notstarted,Object notstarted,Object notstarted,Object notstarted,Object notstarted,Object notstarted,Object notstarted,Object notstarted,Object notstarted
2024-03-18 10:31:26,496.496,__main___datalogs,INFO,JoyConState.GO_HOME,0.000000,0.000000,0.000000,0.096125,0.006866,0.013732,0.025176,0.000000,0.000000,0.000000,0.000000,0,0,0,0,0,0,0,0,0,0,0,0.045257568359375,-0.004302978515625,0,0,0,0,0,0,0,0,Object notstarted,Object notstarted,Object notstarted,Object notstarted,Object notstarted,Object notstarted,Object notstarted,Object notstarted,Object notstarted
2024-03-18 10:31:26,539.539,__main___datalogs,INFO,JoyConState.GO_HOME,0.000000,0.000000,0.000000,0.096125,0.006866,0.011443,0.027464,0.000000,0.000000,0.000000,0.000000,0,0,0,0,0,0,0,0,0,0,0,0.045257568359375,-0.004302978515625,0,0,0,0,0,0,0,0,Object notstarted,Object notstarted,Object notstarted,Object notstarted,Object notstarted,Object notstarted,Object notstarted,Object notstarted,Object notstarted
2024-03-18 10:31:26,582.582,__main___datalogs,INFO,JoyConState.GO_HOME,0.000000,0.000000,0.000000,0.091547,0.006866,0.011443,0.027464,0.000000,0.000000,0.000000,0.000000,0,0,0,0,0,0,0,0,0,0,0,0.045257568359375,-0.004302978515625,0,0,0,0,0,0,0,0,Object notstarted,Object notstarted,Object notstarted,Object notstarted,Object notstarted,Object notstarted,Object notstarted,Object notstarted,Object notstarted
2024-03-18 10:31:26,626.626,__main___datalogs,INFO,JoyConState.GO_HOME,0.000000,0.000000,0.000000,0.096125,0.006866,0.013732,0.025176,0.000000,0.000000,0.000000,0.000000,0,0,0,0,0,0,0,0,0,0,0,0.045257568359375,-0.004302978515625,0,0,0,0,0,0,0,0,Object notstarted,Object notstarted,Object notstarted,Object notstarted,Object notstarted,Object notstarted,Object notstarted,Object notstarted,Object notstarted
2024-03-18 10:31:26,669.669,__main___datalogs,INFO,JoyConState.GO_HOME,0.000000,0.000000,0.000000,0.089258,0.006866,0.013732,0.027464,0.000000,0.000000,0.000000,0.000000,0,0,0,0,0,0,0,0,0,0,0,0.045257568359375,-0.004302978515625,0,0,0,0,0,0,0,0,Object notstarted,Object notstarted,Object notstarted,Object notstarted,Object notstarted,Object notstarted,Object notstarted,Object notstarted,Object notstarted
2024-03-18 10:31:26,715.715,__main___datalogs,INFO,JoyConState.GO_HOME,0.000000,0.000000,0.000000,0.091547,0.006866,0.013732,0.025176,0.000000,0.000000,0.000000,0.000000,0,0,0,0,0,0,0,0,0,0,0,0.045257568359375,-0.004302978515625,0,0,0,0,0,0,0,0,Object notstarted,Object notstarted,Object notstarted,Object notstarted,Object notstarted,Object notstarted,Object notstarted,Object notstarted,Object notstarted
2024-03-18 10:31:26,757.757,__main___datalogs,INFO,JoyConState.GO_HOME,0.000000,0.000000,0.000000,0.096125,0.002289,0.013732,0.020598,0.000000,0.000000,0.000000,0.000000,0,0,0,0,0,0,0,0,0,0,0,0.045257568359375,-0.004302978515625,0,0,0,0,0,0,0,0,Object notstarted,Object notstarted,Object notstarted,Object notstarted,Object notstarted,Object notstarted,Object notstarted,Object notstarted,Object notstarted
2024-03-18 10:31:26,800.800,__main___datalogs,INFO,JoyConState.GO_HOME,0.000000,0.000000,0.000000,0.096125,0.006866,0.011443,0.020598,0.000000,0.000000,0.000000,0.000000,0,0,0,0,0,0,0,0,0,0,0,0.045257568359375,-0.004302978515625,0,0,0,0,0,0,0,0,Object notstarted,Object notstarted,Object notstarted,Object notstarted,Object notstarted,Object notstarted,Object notstarted,Object notstarted,Object notstarted
2024-03-18 10:31:26,842.842,__main___datalogs,INFO,JoyConState.GO_HOME,0.000000,0.000000,0.000000,0.091547,0.006866,0.011443,0.020598,0.000000,0.000000,0.000000,0.000000,0,0,0,0,0,0,0,0,0,0,0,0.045257568359375,-0.004302978515625,0,0,0,0,0,0,0,0,Object notstarted,Object notstarted,Object notstarted,Object notstarted,Object notstarted,Object notstarted,Object notstarted,Object notstarted,Object notstarted
2024-03-18 10:31:26,885.885,__main___datalogs,INFO,JoyConState.GO_HOME,0.000000,0.000000,0.000000,0.089258,0.006866,0.011443,0.020598,0.000000,0.000000,0.000000,0.000000,0,0,0,0,0,0,0,0,0,0,0,0.045257568359375,-0.004302978515625,0,0,0,0,0,0,0,0,Object notstarted,Object notstarted,Object notstarted,Object notstarted,Object notstarted,Object notstarted,Object notstarted,Object notstarted,Object notstarted
2024-03-18 10:31:26,927.927,__main___datalogs,INFO,JoyConState.GO_HOME,0.000000,0.000000,0.000000,0.091547,0.006866,0.013732,0.025176,0.000000,0.000000,0.000000,0.000000,0,0,0,0,0,0,0,0,0,0,0,0.045257568359375,-0.004302978515625,0,0,0,0,0,0,0,0,Object notstarted,Object notstarted,Object notstarted,Object notstarted,Object notstarted,Object notstarted,Object notstarted,Object notstarted,Object notstarted
2024-03-18 10:31:26,972.972,__main___datalogs,INFO,JoyConState.GO_HOME,0.000000,0.000000,0.000000,0.089258,0.002289,0.013732,0.025176,0.000000,0.000000,0.000000,0.000000,0,0,0,0,0,0,0,0,0,0,0,0.045257568359375,-0.004302978515625,0,0,0,0,0,0,0,0,Object notstarted,Object notstarted,Object notstarted,Object notstarted,Object notstarted,Object notstarted,Object notstarted,Object notstarted,Object notstarted
2024-03-18 10:31:27,014.014,__main___datalogs,INFO,JoyConState.GO_HOME,0.000000,0.000000,0.000000,0.091547,0.002289,0.011443,0.020598,0.000000,0.000000,0.000000,0.000000,0,0,0,0,0,0,0,0,0,0,0,0.045257568359375,-0.004302978515625,0,0,0,0,0,0,0,0,Object notstarted,Object notstarted,Object notstarted,Object notstarted,Object notstarted,Object notstarted,Object notstarted,Object notstarted,Object notstarted
2024-03-18 10:31:27,057.057,__main___datalogs,INFO,JoyConState.GO_HOME,0.000000,0.000000,0.000000,0.096125,0.002289,0.011443,0.027464,0.000000,0.000000,0.000000,0.000000,0,0,0,0,0,0,0,0,0,0,0,0.045257568359375,-0.004302978515625,0,0,0,0,0,0,0,0,Object notstarted,Object notstarted,Object notstarted,Object notstarted,Object notstarted,Object notstarted,Object notstarted,Object notstarted,Object notstarted
2024-03-18 10:31:27,105.105,__main___datalogs,INFO,JoyConState.GO_HOME,0.000000,0.000000,0.000000,0.096125,0.006866,0.013732,0.027464,0.000000,0.000000,0.000000,0.000000,0,0,0,0,0,0,0,0,0,0,0,0.045257568359375,-0.004302978515625,0,0,0,0,0,0,0,0,Object notstarted,Object notstarted,Object notstarted,Object notstarted,Object notstarted,Object notstarted,Object notstarted,Object notstarted,Object notstarted
2024-03-18 10:31:27,155.155,__main___datalogs,INFO,JoyConState.GO_HOME,0.000000,0.000000,0.000000,0.091547,0.006866,0.013732,0.020598,0.000000,0.000000,0.000000,0.000000,0,0,0,0,0,0,0,0,0,0,0,0.045257568359375,-0.004302978515625,0,0,0,0,0,0,0,0,Object notstarted,Object notstarted,Object notstarted,Object notstarted,Object notstarted,Object notstarted,Object notstarted,Object notstarted,Object notstarted
2024-03-18 10:31:27,195.195,__main___datalogs,INFO,JoyConState.GO_HOME,0.000000,0.000000,0.000000,0.091547,-0.002289,0.013732,0.020598,0.000000,0.000000,0.000000,0.000000,0,0,0,0,0,0,0,0,0,0,0,0.045257568359375,-0.004302978515625,0,0,0,0,0,0,0,0,Object notstarted,Object notstarted,Object notstarted,Object notstarted,Object notstarted,Object notstarted,Object notstarted,Object notstarted,Object notstarted
2024-03-18 10:31:27,239.239,__main___datalogs,INFO,JoyConState.GO_HOME,0.000000,0.000000,0.000000,0.091547,0.002289,0.013732,0.020598,0.000000,0.000000,0.000000,0.000000,0,0,0,0,0,0,0,0,0,0,0,0.045257568359375,-0.004302978515625,0,0,0,0,0,0,0,0,Object notstarted,Object notstarted,Object notstarted,Object notstarted,Object notstarted,Object notstarted,Object notstarted,Object notstarted,Object notstarted
2024-03-18 10:31:27,282.282,__main___datalogs,INFO,JoyConState.GO_HOME,0.000000,0.000000,0.000000,0.089258,0.006866,0.013732,0.025176,0.000000,0.000000,0.000000,0.000000,0,0,0,0,0,0,0,0,0,0,0,0.045257568359375,-0.004302978515625,0,0,0,0,0,0,0,0,Object notstarted,Object notstarted,Object notstarted,Object notstarted,Object notstarted,Object notstarted,Object notstarted,Object notstarted,Object notstarted
2024-03-18 10:31:27,326.326,__main___datalogs,INFO,JoyConState.GO_HOME,0.000000,0.000000,0.000000,0.091547,0.006866,0.013732,0.025176,0.000000,0.000000,0.000000,0.000000,0,0,0,0,0,0,0,0,0,0,0,0.045257568359375,-0.004302978515625,0,0,0,0,0,0,0,0,Object notstarted,Object notstarted,Object notstarted,Object notstarted,Object notstarted,Object notstarted,Object notstarted,Object notstarted,Object notstarted
2024-03-18 10:31:27,371.371,__main___datalogs,INFO,JoyConState.GO_HOME,0.000000,0.000000,0.000000,0.096125,0.002289,0.011443,0.025176,0.000000,0.000000,0.000000,0.000000,0,0,0,0,0,0,0,0,0,0,0,0.045257568359375,-0.004302978515625,0,0,0,0,0,0,0,0,Object notstarted,Object notstarted,Object notstarted,Object notstarted,Object notstarted,Object notstarted,Object notstarted,Object notstarted,Object notstarted
2024-03-18 10:31:27,413.413,__main___datalogs,INFO,JoyConState.GO_HOME,0.000000,0.000000,0.000000,0.096125,0.002289,0.011443,0.025176,0.000000,0.000000,0.000000,0.000000,0,0,0,0,0,0,0,0,0,0,0,0.045257568359375,-0.004302978515625,0,0,0,0,0,0,0,0,Object notstarted,Object notstarted,Object notstarted,Object notstarted,Object notstarted,Object notstarted,Object notstarted,Object notstarted,Object notstarted
2024-03-18 10:31:27,456.456,__main___datalogs,INFO,JoyConState.GO_HOME,0.000000,0.000000,0.000000,0.091547,0.002289,0.011443,0.020598,0.000000,0.000000,0.000000,0.000000,0,0,0,0,0,0,0,0,0,0,0,0.045257568359375,-0.004302978515625,0,0,0,0,0,0,0,0,Object notstarted,Object notstarted,Object notstarted,Object notstarted,Object notstarted,Object notstarted,Object notstarted,Object notstarted,Object notstarted
2024-03-18 10:31:27,501.501,__main___datalogs,INFO,JoyConState.GO_HOME,0.000000,0.000000,0.000000,0.096125,0.006866,0.013732,0.020598,0.000000,0.000000,0.000000,0.000000,0,0,0,0,0,0,0,0,0,0,0,0.045257568359375,-0.004302978515625,0,0,0,0,0,0,0,0,Object notstarted,Object notstarted,Object notstarted,Object notstarted,Object notstarted,Object notstarted,Object notstarted,Object notstarted,Object notstarted
2024-03-18 10:31:27,544.544,__main___datalogs,INFO,JoyConState.GO_HOME,0.000000,0.000000,0.000000,0.096125,0.006866,0.013732,0.020598,0.000000,0.000000,0.000000,0.000000,0,0,0,0,0,0,0,0,0,0,0,0.045257568359375,-0.004302978515625,0,0,0,0,0,0,0,0,Object notstarted,Object notstarted,Object notstarted,Object notstarted,Object notstarted,Object notstarted,Object notstarted,Object notstarted,Object notstarted
2024-03-18 10:31:27,588.588,__main___datalogs,INFO,JoyConState.GO_HOME,0.000000,0.000000,0.000000,0.089258,0.002289,0.011443,0.020598,0.000000,0.000000,0.000000,0.000000,0,0,0,0,0,0,0,0,0,0,0,0.045257568359375,-0.004302978515625,0,0,0,0,0,0,0,0,Object notstarted,Object notstarted,Object notstarted,Object notstarted,Object notstarted,Object notstarted,Object notstarted,Object notstarted,Object notstarted
2024-03-18 10:31:27,630.630,__main___datalogs,INFO,JoyConState.GO_HOME,0.000000,0.000000,0.000000,0.091547,0.002289,0.013732,0.027464,0.000000,0.000000,0.000000,0.000000,0,0,0,0,0,0,0,0,0,0,0,0.045257568359375,-0.004302978515625,0,0,0,0,0,0,0,0,Object notstarted,Object notstarted,Object notstarted,Object notstarted,Object notstarted,Object notstarted,Object notstarted,Object notstarted,Object notstarted
2024-03-18 10:31:27,675.675,__main___datalogs,INFO,JoyConState.GO_HOME,0.000000,0.000000,0.000000,0.091547,0.002289,0.013732,0.025176,0.000000,0.000000,0.000000,0.000000,0,0,0,0,0,0,0,0,0,0,0,0.045257568359375,-0.004302978515625,0,0,0,0,0,0,0,0,Object notstarted,Object notstarted,Object notstarted,Object notstarted,Object notstarted,Object notstarted,Object notstarted,Object notstarted,Object notstarted
2024-03-18 10:31:27,717.717,__main___datalogs,INFO,JoyConState.GO_HOME,0.000000,0.000000,0.000000,0.091547,0.006866,0.013732,0.020598,0.000000,0.000000,0.000000,0.000000,0,0,0,0,0,0,0,0,0,0,0,0.045257568359375,-0.004302978515625,0,0,0,0,0,0,0,0,Object notstarted,Object notstarted,Object notstarted,Object notstarted,Object notstarted,Object notstarted,Object notstarted,Object notstarted,Object notstarted
2024-03-18 10:31:27,762.762,__main___datalogs,INFO,JoyConState.GO_HOME,0.000000,0.000000,0.000000,0.091547,0.006866,0.011443,0.020598,0.000000,0.000000,0.000000,0.000000,0,0,0,0,0,0,0,0,0,0,0,0.045257568359375,-0.004302978515625,0,0,0,0,0,0,0,0,Object notstarted,Object notstarted,Object notstarted,Object notstarted,Object notstarted,Object notstarted,Object notstarted,Object notstarted,Object notstarted
2024-03-18 10:31:27,804.804,__main___datalogs,INFO,JoyConState.GO_HOME,0.000000,0.000000,0.000000,0.091547,0.002289,0.011443,0.020598,0.000000,0.000000,0.000000,0.000000,0,0,0,0,0,0,0,0,0,0,0,0.045257568359375,-0.004302978515625,0,0,0,0,0,0,0,0,Object notstarted,Object notstarted,Object notstarted,Object notstarted,Object notstarted,Object notstarted,Object notstarted,Object notstarted,Object notstarted
2024-03-18 10:31:27,849.849,__main___datalogs,INFO,JoyConState.GO_HOME,0.000000,0.000000,0.000000,0.091547,0.006866,0.011443,0.020598,0.000000,0.000000,0.000000,0.000000,0,0,0,0,0,0,0,0,0,0,0,0.045257568359375,-0.004302978515625,0,0,0,0,0,0,0,0,Object notstarted,Object notstarted,Object notstarted,Object notstarted,Object notstarted,Object notstarted,Object notstarted,Object notstarted,Object notstarted
2024-03-18 10:31:27,890.890,__main___datalogs,INFO,JoyConState.GO_HOME,0.000000,0.000000,0.000000,0.091547,0.002289,0.013732,0.025176,0.000000,0.000000,0.000000,0.000000,0,0,0,0,0,0,0,0,0,0,0,0.045257568359375,-0.004302978515625,0,0,0,0,0,0,0,0,Object notstarted,Object notstarted,Object notstarted,Object notstarted,Object notstarted,Object notstarted,Object notstarted,Object notstarted,Object notstarted
2024-03-18 10:31:27,935.935,__main___datalogs,INFO,JoyConState.GO_HOME,0.000000,0.000000,0.000000,0.096125,0.002289,0.013732,0.020598,0.000000,0.000000,0.000000,0.000000,0,0,0,0,0,0,0,0,0,0,0,0.045257568359375,-0.004302978515625,0,0,0,0,0,0,0,0,Object notstarted,Object notstarted,Object notstarted,Object notstarted,Object notstarted,Object notstarted,Object notstarted,Object notstarted,Object notstarted
2024-03-18 10:31:27,977.977,__main___datalogs,INFO,JoyConState.GO_HOME,0.000000,0.000000,0.000000,0.091547,0.006866,0.013732,0.020598,0.000000,0.000000,0.000000,0.000000,0,0,0,0,0,0,0,0,0,0,0,0.045257568359375,-0.004302978515625,0,0,0,0,0,0,0,0,Object notstarted,Object notstarted,Object notstarted,Object notstarted,Object notstarted,Object notstarted,Object notstarted,Object notstarted,Object notstarted
2024-03-18 10:31:28,021.021,__main___datalogs,INFO,JoyConState.GO_HOME,0.000000,0.000000,0.000000,0.091547,0.006866,0.013732,0.025176,0.000000,0.000000,0.000000,0.000000,0,0,0,0,0,0,0,0,0,0,0,0.045257568359375,-0.004302978515625,0,0,0,0,0,0,0,0,Object notstarted,Object notstarted,Object notstarted,Object notstarted,Object notstarted,Object notstarted,Object notstarted,Object notstarted,Object notstarted
2024-03-18 10:31:28,063.063,__main___datalogs,INFO,JoyConState.GO_HOME,0.000000,0.000000,0.000000,0.091547,0.002289,0.013732,0.025176,0.000000,0.000000,0.000000,0.000000,0,0,0,0,0,0,0,0,0,0,0,0.045257568359375,-0.004302978515625,0,0,0,0,0,0,0,0,Object notstarted,Object notstarted,Object notstarted,Object notstarted,Object notstarted,Object notstarted,Object notstarted,Object notstarted,Object notstarted
2024-03-18 10:31:28,107.107,__main___datalogs,INFO,JoyConState.GO_HOME,0.000000,0.000000,0.000000,0.091547,0.006866,0.011443,0.027464,0.000000,0.000000,0.000000,0.000000,0,0,0,0,0,0,0,0,0,0,0,0.045257568359375,-0.004302978515625,0,0,0,0,0,0,0,0,Object notstarted,Object notstarted,Object notstarted,Object notstarted,Object notstarted,Object notstarted,Object notstarted,Object notstarted,Object notstarted
2024-03-18 10:31:28,150.150,__main___datalogs,INFO,JoyConState.GO_HOME,0.000000,0.000000,0.000000,0.091547,0.006866,0.011443,0.025176,0.000000,0.000000,0.000000,0.000000,0,0,0,0,0,0,0,0,0,0,0,0.045257568359375,-0.004302978515625,0,0,0,0,0,0,0,0,Object notstarted,Object notstarted,Object notstarted,Object notstarted,Object notstarted,Object notstarted,Object notstarted,Object notstarted,Object notstarted
2024-03-18 10:31:28,209.209,__main___datalogs,INFO,JoyConState.GO_HOME,0.000000,0.000000,0.000000,0.096125,0.002289,0.013732,0.025176,0.000000,0.000000,0.000000,0.000000,0,0,0,0,0,0,0,0,0,0,0,0.045257568359375,-0.004302978515625,0,0,0,0,0,0,0,0,Object notstarted,Object notstarted,Object notstarted,Object notstarted,Object notstarted,Object notstarted,Object notstarted,Object notstarted,Object notstarted
2024-03-18 10:31:28,253.253,__main___datalogs,INFO,JoyConState.GO_HOME,0.000000,0.000000,0.000000,0.096125,0.006866,0.013732,0.025176,0.000000,0.000000,0.000000,0.000000,0,0,0,0,0,0,0,0,0,0,0,0.045257568359375,-0.004302978515625,0,0,0,0,0,0,0,0,Object notstarted,Object notstarted,Object notstarted,Object notstarted,Object notstarted,Object notstarted,Object notstarted,Object notstarted,Object notstarted
2024-03-18 10:31:28,299.299,__main___datalogs,INFO,JoyConState.GO_HOME,0.000000,0.000000,0.000000,0.096125,0.006866,0.011443,0.027464,0.000000,0.000000,0.000000,0.000000,0,0,0,0,0,0,0,0,0,0,0,0.045257568359375,-0.004302978515625,0,0,0,0,0,0,0,0,Object notstarted,Object notstarted,Object notstarted,Object notstarted,Object notstarted,Object notstarted,Object notstarted,Object notstarted,Object notstarted
2024-03-18 10:31:28,341.341,__main___datalogs,INFO,JoyConState.GO_HOME,0.000000,0.000000,0.000000,0.096125,0.006866,0.011443,0.020598,0.000000,0.000000,0.000000,0.000000,0,0,0,0,0,0,0,0,0,0,0,0.045257568359375,-0.004302978515625,0,0,0,0,0,0,0,0,Object notstarted,Object notstarted,Object notstarted,Object notstarted,Object notstarted,Object notstarted,Object notstarted,Object notstarted,Object notstarted
2024-03-18 10:31:28,384.384,__main___datalogs,INFO,JoyConState.GO_HOME,0.000000,0.000000,0.000000,0.096125,0.002289,0.011443,0.025176,0.000000,0.000000,0.000000,0.000000,0,0,0,0,0,0,0,0,0,0,0,0.045257568359375,-0.004302978515625,0,0,0,0,0,0,0,0,Object notstarted,Object notstarted,Object notstarted,Object notstarted,Object notstarted,Object notstarted,Object notstarted,Object notstarted,Object notstarted
2024-03-18 10:31:28,428.428,__main___datalogs,INFO,JoyConState.GO_HOME,0.000000,0.000000,0.000000,0.096125,0.002289,0.013732,0.025176,0.000000,0.000000,0.000000,0.000000,0,0,0,0,0,0,0,0,0,0,0,0.045257568359375,-0.004302978515625,0,0,0,0,0,0,0,0,Object notstarted,Object notstarted,Object notstarted,Object notstarted,Object notstarted,Object notstarted,Object notstarted,Object notstarted,Object notstarted
2024-03-18 10:31:28,472.472,__main___datalogs,INFO,JoyConState.GO_HOME,0.000000,0.000000,0.000000,0.096125,0.006866,0.013732,0.020598,0.000000,0.000000,0.000000,0.000000,0,0,0,0,0,0,0,0,0,0,0,0.045257568359375,-0.004302978515625,0,0,0,0,0,0,0,0,Object notstarted,Object notstarted,Object notstarted,Object notstarted,Object notstarted,Object notstarted,Object notstarted,Object notstarted,Object notstarted
2024-03-18 10:31:28,513.513,__main___datalogs,INFO,JoyConState.GO_HOME,0.000000,0.000000,0.000000,0.091547,0.002289,0.013732,0.025176,0.000000,0.000000,0.000000,0.000000,0,0,0,0,0,0,0,0,0,0,0,0.045257568359375,-0.004302978515625,0,0,0,0,0,0,0,0,Object notstarted,Object notstarted,Object notstarted,Object notstarted,Object notstarted,Object notstarted,Object notstarted,Object notstarted,Object notstarted
2024-03-18 10:31:28,557.557,__main___datalogs,INFO,JoyConState.GO_HOME,0.000000,0.000000,0.000000,0.089258,0.006866,0.013732,0.020598,0.000000,0.000000,0.000000,0.000000,0,0,0,0,0,0,0,0,0,0,0,0.045257568359375,-0.004302978515625,0,0,0,0,0,0,0,0,Object notstarted,Object notstarted,Object notstarted,Object notstarted,Object notstarted,Object notstarted,Object notstarted,Object notstarted,Object notstarted
2024-03-18 10:31:28,600.600,__main___datalogs,INFO,JoyConState.GO_HOME,0.000000,0.000000,0.000000,0.091547,0.002289,0.013732,0.020598,0.000000,0.000000,0.000000,0.000000,0,0,0,0,0,0,0,0,0,0,0,0.045257568359375,-0.004302978515625,0,0,0,0,0,0,0,0,Object notstarted,Object notstarted,Object notstarted,Object notstarted,Object notstarted,Object notstarted,Object notstarted,Object notstarted,Object notstarted
2024-03-18 10:31:28,644.644,__main___datalogs,INFO,JoyConState.GO_HOME,0.000000,0.000000,0.000000,0.091547,0.006866,0.011443,0.020598,0.000000,0.000000,0.000000,0.000000,0,0,0,0,0,0,0,0,0,0,0,0.045257568359375,-0.004302978515625,0,0,0,0,0,0,0,0,Object notstarted,Object notstarted,Object notstarted,Object notstarted,Object notstarted,Object notstarted,Object notstarted,Object notstarted,Object notstarted
2024-03-18 10:31:28,686.686,__main___datalogs,INFO,JoyConState.GO_HOME,0.000000,0.000000,0.000000,0.089258,0.006866,0.013732,0.020598,0.000000,0.000000,0.000000,0.000000,0,0,0,0,0,0,0,0,0,0,0,0.045257568359375,-0.004302978515625,0,0,0,0,0,0,0,0,Object notstarted,Object notstarted,Object notstarted,Object notstarted,Object notstarted,Object notstarted,Object notstarted,Object notstarted,Object notstarted
2024-03-18 10:31:28,730.730,__main___datalogs,INFO,JoyConState.GO_HOME,0.000000,0.000000,0.000000,0.091547,0.006866,0.013732,0.020598,0.000000,0.000000,0.000000,0.000000,0,0,0,0,0,0,0,0,0,0,0,0.045257568359375,-0.004302978515625,0,0,0,0,0,0,0,0,Object notstarted,Object notstarted,Object notstarted,Object notstarted,Object notstarted,Object notstarted,Object notstarted,Object notstarted,Object notstarted
2024-03-18 10:31:28,773.773,__main___datalogs,INFO,JoyConState.GO_HOME,0.000000,0.000000,0.000000,0.091547,0.006866,0.013732,0.020598,0.000000,0.000000,0.000000,0.000000,0,0,0,0,0,0,0,0,0,0,0,0.045257568359375,-0.004302978515625,0,0,0,0,0,0,0,0,Object notstarted,Object notstarted,Object notstarted,Object notstarted,Object notstarted,Object notstarted,Object notstarted,Object notstarted,Object notstarted
2024-03-18 10:31:28,816.816,__main___datalogs,INFO,JoyConState.GO_HOME,0.000000,0.000000,0.000000,0.091547,0.006866,0.013732,0.020598,0.000000,0.000000,0.000000,0.000000,0,0,0,0,0,0,0,0,0,0,0,0.045257568359375,-0.004302978515625,0,0,0,0,0,0,0,0,Object notstarted,Object notstarted,Object notstarted,Object notstarted,Object notstarted,Object notstarted,Object notstarted,Object notstarted,Object notstarted
2024-03-18 10:31:28,859.859,__main___datalogs,INFO,JoyConState.GO_HOME,0.000000,0.000000,0.000000,0.091547,0.006866,0.013732,0.020598,0.000000,0.000000,0.000000,0.000000,0,0,0,0,0,0,0,0,0,0,0,0.045257568359375,-0.004302978515625,0,0,0,0,0,0,0,0,Object notstarted,Object notstarted,Object notstarted,Object notstarted,Object notstarted,Object notstarted,Object notstarted,Object notstarted,Object notstarted
2024-03-18 10:31:28,902.902,__main___datalogs,INFO,JoyConState.GO_HOME,0.000000,0.000000,0.000000,0.091547,0.006866,0.013732,0.020598,0.000000,0.000000,0.000000,0.000000,0,0,0,0,0,0,0,0,0,0,0,0.045257568359375,-0.004302978515625,0,0,0,0,0,0,0,0,Object notstarted,Object notstarted,Object notstarted,Object notstarted,Object notstarted,Object notstarted,Object notstarted,Object notstarted,Object notstarted
2024-03-18 10:31:28,945.945,__main___datalogs,INFO,JoyConState.GO_HOME,0.000000,0.000000,0.000000,0.091547,0.006866,0.013732,0.020598,0.000000,0.000000,0.000000,0.000000,0,0,0,0,0,0,0,0,0,0,0,0.045257568359375,-0.004302978515625,0,0,0,0,0,0,0,0,Object notstarted,Object notstarted,Object notstarted,Object notstarted,Object notstarted,Object notstarted,Object notstarted,Object notstarted,Object notstarted
2024-03-18 10:31:28,988.988,__main___datalogs,INFO,JoyConState.GO_HOME,0.000000,0.000000,0.000000,0.091547,0.002289,0.011443,0.020598,0.000000,0.000000,0.000000,0.000000,0,0,0,0,0,0,0,0,0,0,0,0.045257568359375,-0.004302978515625,0,0,0,0,0,0,0,0,Object notstarted,Object notstarted,Object notstarted,Object notstarted,Object notstarted,Object notstarted,Object notstarted,Object notstarted,Object notstarted
2024-03-18 10:31:29,030.030,__main___datalogs,INFO,JoyConState.GO_HOME,0.000000,0.000000,0.000000,0.089258,0.006866,0.013732,0.025176,0.000000,0.000000,0.000000,0.000000,0,0,0,0,0,0,0,0,0,0,0,0.045257568359375,-0.004302978515625,0,0,0,0,0,0,0,0,Object notstarted,Object notstarted,Object notstarted,Object notstarted,Object notstarted,Object notstarted,Object notstarted,Object notstarted,Object notstarted
2024-03-18 10:31:29,074.074,__main___datalogs,INFO,JoyConState.GO_HOME,0.000000,0.000000,0.000000,0.091547,0.006866,0.013732,0.027464,0.000000,0.000000,0.000000,0.000000,0,0,0,0,0,0,0,0,0,0,0,0.045257568359375,-0.004302978515625,0,0,0,0,0,0,0,0,Object notstarted,Object notstarted,Object notstarted,Object notstarted,Object notstarted,Object notstarted,Object notstarted,Object notstarted,Object notstarted
2024-03-18 10:31:29,116.116,__main___datalogs,INFO,JoyConState.GO_HOME,0.000000,0.000000,0.000000,0.091547,0.006866,0.013732,0.025176,0.000000,0.000000,0.000000,0.000000,0,0,0,0,0,0,0,0,0,0,0,0.045257568359375,-0.004302978515625,0,0,0,0,0,0,0,0,Object notstarted,Object notstarted,Object notstarted,Object notstarted,Object notstarted,Object notstarted,Object notstarted,Object notstarted,Object notstarted
2024-03-18 10:31:29,159.159,__main___datalogs,INFO,JoyConState.GO_HOME,0.000000,0.000000,0.000000,0.089258,0.006866,0.013732,0.027464,0.000000,0.000000,0.000000,0.000000,0,0,0,0,0,0,0,0,0,0,0,0.045257568359375,-0.004302978515625,0,0,0,0,0,0,0,0,Object notstarted,Object notstarted,Object notstarted,Object notstarted,Object notstarted,Object notstarted,Object notstarted,Object notstarted,Object notstarted
2024-03-18 10:31:29,201.201,__main___datalogs,INFO,JoyConState.GO_HOME,0.000000,0.000000,0.000000,0.089258,0.002289,0.011443,0.020598,0.000000,0.000000,0.000000,0.000000,0,0,0,0,0,0,0,0,0,0,0,0.045257568359375,-0.004302978515625,0,0,0,0,0,0,0,0,Object notstarted,Object notstarted,Object notstarted,Object notstarted,Object notstarted,Object notstarted,Object notstarted,Object notstarted,Object notstarted
2024-03-18 10:31:29,259.259,__main___datalogs,INFO,JoyConState.GO_HOME,0.000000,0.000000,0.000000,0.089258,0.002289,0.011443,0.020598,0.000000,0.000000,0.000000,0.000000,0,0,0,0,0,0,0,0,0,0,0,0.045257568359375,-0.004302978515625,0,0,0,0,0,0,0,0,Object notstarted,Object notstarted,Object notstarted,Object notstarted,Object notstarted,Object notstarted,Object notstarted,Object notstarted,Object notstarted
2024-03-18 10:31:29,319.319,__main___datalogs,INFO,JoyConState.GO_HOME,0.000000,0.000000,0.000000,0.091547,0.002289,0.013732,0.020598,0.000000,0.000000,0.000000,0.000000,0,0,0,0,0,0,0,0,0,0,0,0.045257568359375,-0.004302978515625,0,0,0,0,0,0,0,0,Object notstarted,Object notstarted,Object notstarted,Object notstarted,Object notstarted,Object notstarted,Object notstarted,Object notstarted,Object notstarted
2024-03-18 10:31:29,363.363,__main___datalogs,INFO,JoyConState.GO_HOME,0.000000,0.000000,0.000000,0.091547,0.002289,0.013732,0.025176,0.000000,0.000000,0.000000,0.000000,0,0,0,0,0,0,0,0,0,0,0,0.045257568359375,-0.004302978515625,0,0,0,0,0,0,0,0,Object notstarted,Object notstarted,Object notstarted,Object notstarted,Object notstarted,Object notstarted,Object notstarted,Object notstarted,Object notstarted
2024-03-18 10:31:29,407.407,__main___datalogs,INFO,JoyConState.GO_HOME,0.000000,0.000000,0.000000,0.091547,0.006866,0.013732,0.025176,0.000000,0.000000,0.000000,0.000000,0,0,0,0,0,0,0,0,0,0,0,0.045257568359375,-0.004302978515625,0,0,0,0,0,0,0,0,Object notstarted,Object notstarted,Object notstarted,Object notstarted,Object notstarted,Object notstarted,Object notstarted,Object notstarted,Object notstarted
2024-03-18 10:31:29,453.453,__main___datalogs,INFO,JoyConState.GO_HOME,0.000000,0.000000,0.000000,0.091547,0.006866,0.013732,0.025176,0.000000,0.000000,0.000000,0.000000,0,0,0,0,0,0,0,0,0,0,0,0.045257568359375,-0.004302978515625,0,0,0,0,0,0,0,0,Object notstarted,Object notstarted,Object notstarted,Object notstarted,Object notstarted,Object notstarted,Object notstarted,Object notstarted,Object notstarted
2024-03-18 10:31:29,495.495,__main___datalogs,INFO,JoyConState.GO_HOME,0.000000,0.000000,0.000000,0.091547,0.002289,0.013732,0.027464,0.000000,0.000000,0.000000,0.000000,0,0,0,0,0,0,0,0,0,0,0,0.045257568359375,-0.004302978515625,0,0,0,0,0,0,0,0,Object notstarted,Object notstarted,Object notstarted,Object notstarted,Object notstarted,Object notstarted,Object notstarted,Object notstarted,Object notstarted
2024-03-18 10:31:29,538.538,__main___datalogs,INFO,JoyConState.GO_HOME,0.000000,0.000000,0.000000,0.091547,0.006866,0.013732,0.025176,0.000000,0.000000,0.000000,0.000000,0,0,0,0,0,0,0,0,0,0,0,0.045257568359375,-0.004302978515625,0,0,0,0,0,0,0,0,Object notstarted,Object notstarted,Object notstarted,Object notstarted,Object notstarted,Object notstarted,Object notstarted,Object notstarted,Object notstarted
2024-03-18 10:31:29,580.580,__main___datalogs,INFO,JoyConState.GO_HOME,0.000000,0.000000,0.000000,0.091547,0.006866,0.013732,0.025176,0.000000,0.000000,0.000000,0.000000,0,0,0,0,0,0,0,0,0,0,0,0.045257568359375,-0.004302978515625,0,0,0,0,0,0,0,0,Object notstarted,Object notstarted,Object notstarted,Object notstarted,Object notstarted,Object notstarted,Object notstarted,Object notstarted,Object notstarted
2024-03-18 10:31:29,623.623,__main___datalogs,INFO,JoyConState.GO_HOME,0.000000,0.000000,0.000000,0.096125,0.006866,0.011443,0.020598,0.000000,0.000000,0.000000,0.000000,0,0,0,0,0,0,0,0,0,0,0,0.045257568359375,-0.004302978515625,0,0,0,0,0,0,0,0,Object notstarted,Object notstarted,Object notstarted,Object notstarted,Object notstarted,Object notstarted,Object notstarted,Object notstarted,Object notstarted
2024-03-18 10:31:29,665.665,__main___datalogs,INFO,JoyConState.GO_HOME,0.000000,0.000000,0.000000,0.096125,0.009155,0.013732,0.025176,0.000000,0.000000,0.000000,0.000000,0,0,0,0,0,0,0,0,0,0,0,0.045257568359375,-0.004302978515625,0,0,0,0,0,0,0,0,Object notstarted,Object notstarted,Object notstarted,Object notstarted,Object notstarted,Object notstarted,Object notstarted,Object notstarted,Object notstarted
2024-03-18 10:31:29,710.710,__main___datalogs,INFO,JoyConState.GO_HOME,0.000000,0.000000,0.000000,0.096125,0.006866,0.013732,0.025176,0.000000,0.000000,0.000000,0.000000,0,0,0,0,0,0,0,0,0,0,0,0.045257568359375,-0.004302978515625,0,0,0,0,0,0,0,0,Object notstarted,Object notstarted,Object notstarted,Object notstarted,Object notstarted,Object notstarted,Object notstarted,Object notstarted,Object notstarted
2024-03-18 10:31:29,751.751,__main___datalogs,INFO,JoyConState.GO_HOME,0.000000,0.000000,0.000000,0.091547,0.002289,0.013732,0.025176,0.000000,0.000000,0.000000,0.000000,0,0,0,0,0,0,0,0,0,0,0,0.045257568359375,-0.004302978515625,0,0,0,0,0,0,0,0,Object notstarted,Object notstarted,Object notstarted,Object notstarted,Object notstarted,Object notstarted,Object notstarted,Object notstarted,Object notstarted
2024-03-18 10:31:29,795.795,__main___datalogs,INFO,JoyConState.GO_HOME,0.000000,0.000000,0.000000,0.096125,0.006866,0.013732,0.025176,0.000000,0.000000,0.000000,0.000000,0,0,0,0,0,0,0,0,0,0,0,0.045257568359375,-0.004302978515625,0,0,0,0,0,0,0,0,Object notstarted,Object notstarted,Object notstarted,Object notstarted,Object notstarted,Object notstarted,Object notstarted,Object notstarted,Object notstarted
2024-03-18 10:31:29,837.837,__main___datalogs,INFO,JoyConState.GO_HOME,0.000000,0.000000,0.000000,0.096125,0.002289,0.013732,0.025176,0.000000,0.000000,0.000000,0.000000,0,0,0,0,0,0,0,0,0,0,0,0.045257568359375,-0.004302978515625,0,0,0,0,0,0,0,0,Object notstarted,Object notstarted,Object notstarted,Object notstarted,Object notstarted,Object notstarted,Object notstarted,Object notstarted,Object notstarted
2024-03-18 10:31:29,883.883,__main___datalogs,INFO,JoyConState.GO_HOME,0.000000,0.000000,0.000000,0.096125,0.002289,0.013732,0.025176,0.000000,0.000000,0.000000,0.000000,0,0,0,0,0,0,0,0,0,0,0,0.045257568359375,-0.004302978515625,0,0,0,0,0,0,0,0,Object notstarted,Object notstarted,Object notstarted,Object notstarted,Object notstarted,Object notstarted,Object notstarted,Object notstarted,Object notstarted
2024-03-18 10:31:29,924.924,__main___datalogs,INFO,JoyConState.GO_HOME,0.000000,0.000000,0.000000,0.091547,0.006866,0.013732,0.020598,0.000000,0.000000,0.000000,0.000000,0,0,0,0,0,0,0,0,0,0,0,0.045257568359375,-0.004302978515625,0,0,0,0,0,0,0,0,Object notstarted,Object notstarted,Object notstarted,Object notstarted,Object notstarted,Object notstarted,Object notstarted,Object notstarted,Object notstarted
2024-03-18 10:31:29,967.967,__main___datalogs,INFO,JoyConState.GO_HOME,0.000000,0.000000,0.000000,0.089258,0.006866,0.013732,0.025176,0.000000,0.000000,0.000000,0.000000,0,0,0,0,0,0,0,0,0,0,0,0.045257568359375,-0.004302978515625,0,0,0,0,0,0,0,0,Object notstarted,Object notstarted,Object notstarted,Object notstarted,Object notstarted,Object notstarted,Object notstarted,Object notstarted,Object notstarted
2024-03-18 10:31:30,009.009,__main___datalogs,INFO,JoyConState.GO_HOME,0.000000,0.000000,0.000000,0.089258,0.006866,0.013732,0.025176,0.000000,0.000000,0.000000,0.000000,0,0,0,0,0,0,0,0,0,0,0,0.045257568359375,-0.004302978515625,0,0,0,0,0,0,0,0,Object notstarted,Object notstarted,Object notstarted,Object notstarted,Object notstarted,Object notstarted,Object notstarted,Object notstarted,Object notstarted
2024-03-18 10:31:30,054.054,__main___datalogs,INFO,JoyConState.GO_HOME,0.000000,0.000000,0.000000,0.091547,0.006866,0.011443,0.025176,0.000000,0.000000,0.000000,0.000000,0,0,0,0,0,0,0,0,0,0,0,0.045257568359375,-0.004302978515625,0,0,0,0,0,0,0,0,Object notstarted,Object notstarted,Object notstarted,Object notstarted,Object notstarted,Object notstarted,Object notstarted,Object notstarted,Object notstarted
2024-03-18 10:31:30,097.097,__main___datalogs,INFO,JoyConState.GO_HOME,0.000000,0.000000,0.000000,0.091547,0.006866,0.013732,0.025176,0.000000,0.000000,0.000000,0.000000,0,0,0,0,0,0,0,0,0,0,0,0.045257568359375,-0.004302978515625,0,0,0,0,0,0,0,0,Object notstarted,Object notstarted,Object notstarted,Object notstarted,Object notstarted,Object notstarted,Object notstarted,Object notstarted,Object notstarted
2024-03-18 10:31:30,142.142,__main___datalogs,INFO,JoyConState.GO_HOME,0.000000,0.000000,0.000000,0.096125,0.006866,0.011443,0.020598,0.000000,0.000000,0.000000,0.000000,0,0,0,0,0,0,0,0,0,0,0,0.045257568359375,-0.004302978515625,0,0,0,0,0,0,0,0,Object notstarted,Object notstarted,Object notstarted,Object notstarted,Object notstarted,Object notstarted,Object notstarted,Object notstarted,Object notstarted
2024-03-18 10:31:30,184.184,__main___datalogs,INFO,JoyConState.GO_HOME,0.000000,0.000000,0.000000,0.096125,0.006866,0.011443,0.020598,0.000000,0.000000,0.000000,0.000000,0,0,0,0,0,0,0,0,0,0,0,0.045257568359375,-0.004302978515625,0,0,0,0,0,0,0,0,Object notstarted,Object notstarted,Object notstarted,Object notstarted,Object notstarted,Object notstarted,Object notstarted,Object notstarted,Object notstarted
2024-03-18 10:31:30,228.228,__main___datalogs,INFO,JoyConState.GO_HOME,0.000000,0.000000,0.000000,0.096125,0.006866,0.004577,0.020598,0.000000,0.000000,0.000000,0.000000,0,0,0,0,0,0,0,0,0,0,0,0.045257568359375,-0.004302978515625,0,0,0,0,0,0,0,0,Object notstarted,Object notstarted,Object notstarted,Object notstarted,Object notstarted,Object notstarted,Object notstarted,Object notstarted,Object notstarted
2024-03-18 10:31:30,270.270,__main___datalogs,INFO,JoyConState.GO_HOME,0.000000,0.000000,0.000000,0.091547,0.006866,0.013732,0.020598,0.000000,0.000000,0.000000,0.000000,0,0,0,0,0,0,0,0,0,0,0,0.045257568359375,-0.004302978515625,0,0,0,0,0,0,0,0,Object notstarted,Object notstarted,Object notstarted,Object notstarted,Object notstarted,Object notstarted,Object notstarted,Object notstarted,Object notstarted
2024-03-18 10:31:30,320.320,__main___datalogs,INFO,JoyConState.GO_HOME,0.000000,0.000000,0.000000,0.091547,0.002289,0.013732,0.025176,0.000000,0.000000,0.000000,0.000000,0,0,0,0,0,0,0,0,0,0,0,0.045257568359375,-0.004302978515625,0,0,0,0,0,0,0,0,Object notstarted,Object notstarted,Object notstarted,Object notstarted,Object notstarted,Object notstarted,Object notstarted,Object notstarted,Object notstarted
2024-03-18 10:31:30,364.364,__main___datalogs,INFO,JoyConState.GO_HOME,0.000000,0.000000,0.000000,0.096125,0.002289,0.013732,0.027464,0.000000,0.000000,0.000000,0.000000,0,0,0,0,0,0,0,0,0,0,0,0.045257568359375,-0.004302978515625,0,0,0,0,0,0,0,0,Object notstarted,Object notstarted,Object notstarted,Object notstarted,Object notstarted,Object notstarted,Object notstarted,Object notstarted,Object notstarted
2024-03-18 10:31:30,409.409,__main___datalogs,INFO,JoyConState.GO_HOME,0.000000,0.000000,0.000000,0.096125,0.006866,0.013732,0.020598,0.000000,0.000000,0.000000,0.000000,0,0,0,0,0,0,0,0,0,0,0,0.045257568359375,-0.004302978515625,0,0,0,0,0,0,0,0,Object notstarted,Object notstarted,Object notstarted,Object notstarted,Object notstarted,Object notstarted,Object notstarted,Object notstarted,Object notstarted
2024-03-18 10:31:30,452.452,__main___datalogs,INFO,JoyConState.GO_HOME,0.000000,0.000000,0.000000,0.091547,0.006866,0.013732,0.020598,0.000000,0.000000,0.000000,0.000000,0,0,0,0,0,0,0,0,0,0,0,0.045257568359375,-0.004302978515625,0,0,0,0,0,0,0,0,Object notstarted,Object notstarted,Object notstarted,Object notstarted,Object notstarted,Object notstarted,Object notstarted,Object notstarted,Object notstarted
2024-03-18 10:31:30,496.496,__main___datalogs,INFO,JoyConState.GO_HOME,0.000000,0.000000,0.000000,0.089258,0.002289,0.013732,0.020598,0.000000,0.000000,0.000000,0.000000,0,0,0,0,0,0,0,0,0,0,0,0.045257568359375,-0.004302978515625,0,0,0,0,0,0,0,0,Object notstarted,Object notstarted,Object notstarted,Object notstarted,Object notstarted,Object notstarted,Object notstarted,Object notstarted,Object notstarted
2024-03-18 10:31:30,538.538,__main___datalogs,INFO,JoyConState.GO_HOME,0.000000,0.000000,0.000000,0.091547,0.002289,0.013732,0.025176,0.000000,0.000000,0.000000,0.000000,0,0,0,0,0,0,0,0,0,0,0,0.045257568359375,-0.004302978515625,0,0,0,0,0,0,0,0,Object notstarted,Object notstarted,Object notstarted,Object notstarted,Object notstarted,Object notstarted,Object notstarted,Object notstarted,Object notstarted
2024-03-18 10:31:30,582.582,__main___datalogs,INFO,JoyConState.GO_HOME,0.000000,0.000000,0.000000,0.096125,0.002289,0.013732,0.020598,0.000000,0.000000,0.000000,0.000000,0,0,0,0,0,0,0,0,0,0,0,0.045257568359375,-0.004302978515625,0,0,0,0,0,0,0,0,Object notstarted,Object notstarted,Object notstarted,Object notstarted,Object notstarted,Object notstarted,Object notstarted,Object notstarted,Object notstarted
2024-03-18 10:31:30,624.624,__main___datalogs,INFO,JoyConState.GO_HOME,0.000000,0.000000,0.000000,0.096125,0.002289,0.013732,0.025176,0.000000,0.000000,0.000000,0.000000,0,0,0,0,0,0,0,0,0,0,0,0.045257568359375,-0.004302978515625,0,0,0,0,0,0,0,0,Object notstarted,Object notstarted,Object notstarted,Object notstarted,Object notstarted,Object notstarted,Object notstarted,Object notstarted,Object notstarted
2024-03-18 10:31:30,670.670,__main___datalogs,INFO,JoyConState.GO_HOME,0.000000,0.000000,0.000000,0.089258,0.002289,0.013732,0.020598,0.000000,0.000000,0.000000,0.000000,0,0,0,0,0,0,0,0,0,0,0,0.045257568359375,-0.004302978515625,0,0,0,0,0,0,0,0,Object notstarted,Object notstarted,Object notstarted,Object notstarted,Object notstarted,Object notstarted,Object notstarted,Object notstarted,Object notstarted
2024-03-18 10:31:30,712.712,__main___datalogs,INFO,JoyConState.GO_HOME,0.000000,0.000000,0.000000,0.091547,0.006866,0.013732,0.025176,0.000000,0.000000,0.000000,0.000000,0,0,0,0,0,0,0,0,0,0,0,0.045257568359375,-0.004302978515625,0,0,0,0,0,0,0,0,Object notstarted,Object notstarted,Object notstarted,Object notstarted,Object notstarted,Object notstarted,Object notstarted,Object notstarted,Object notstarted
2024-03-18 10:31:30,756.756,__main___datalogs,INFO,JoyConState.GO_HOME,0.000000,0.000000,0.000000,0.091547,0.006866,0.013732,0.025176,0.000000,0.000000,0.000000,0.000000,0,0,0,0,0,0,0,0,0,0,0,0.045257568359375,-0.004302978515625,0,0,0,0,0,0,0,0,Object notstarted,Object notstarted,Object notstarted,Object notstarted,Object notstarted,Object notstarted,Object notstarted,Object notstarted,Object notstarted
2024-03-18 10:31:30,798.798,__main___datalogs,INFO,JoyConState.GO_HOME,0.000000,0.000000,0.000000,0.091547,0.006866,0.013732,0.025176,0.000000,0.000000,0.000000,0.000000,0,0,0,0,0,0,0,0,0,0,0,0.045257568359375,-0.004302978515625,0,0,0,0,0,0,0,0,Object notstarted,Object notstarted,Object notstarted,Object notstarted,Object notstarted,Object notstarted,Object notstarted,Object notstarted,Object notstarted
2024-03-18 10:31:30,843.843,__main___datalogs,INFO,JoyConState.GO_HOME,0.000000,0.000000,0.000000,0.091547,0.006866,0.013732,0.025176,0.000000,0.000000,0.000000,0.000000,0,0,0,0,0,0,0,0,0,0,0,0.045257568359375,-0.004302978515625,0,0,0,0,0,0,0,0,Object notstarted,Object notstarted,Object notstarted,Object notstarted,Object notstarted,Object notstarted,Object notstarted,Object notstarted,Object notstarted
2024-03-18 10:31:30,885.885,__main___datalogs,INFO,JoyConState.GO_HOME,0.000000,0.000000,0.000000,0.089258,0.006866,0.013732,0.025176,0.000000,0.000000,0.000000,0.000000,0,0,0,0,0,0,0,0,0,0,0,0.045257568359375,-0.004302978515625,0,0,0,0,0,0,0,0,Object notstarted,Object notstarted,Object notstarted,Object notstarted,Object notstarted,Object notstarted,Object notstarted,Object notstarted,Object notstarted
2024-03-18 10:31:30,928.928,__main___datalogs,INFO,JoyConState.GO_HOME,0.000000,0.000000,0.000000,0.091547,0.006866,0.013732,0.025176,0.000000,0.000000,0.000000,0.000000,0,0,0,0,0,0,0,0,0,0,0,0.045257568359375,-0.004302978515625,0,0,0,0,0,0,0,0,Object notstarted,Object notstarted,Object notstarted,Object notstarted,Object notstarted,Object notstarted,Object notstarted,Object notstarted,Object notstarted
2024-03-18 10:31:30,969.969,__main___datalogs,INFO,JoyConState.GO_HOME,0.000000,0.000000,0.000000,0.091547,0.006866,0.013732,0.020598,0.000000,0.000000,0.000000,0.000000,0,0,0,0,0,0,0,0,0,0,0,0.045257568359375,-0.004302978515625,0,0,0,0,0,0,0,0,Object notstarted,Object notstarted,Object notstarted,Object notstarted,Object notstarted,Object notstarted,Object notstarted,Object notstarted,Object notstarted
2024-03-18 10:31:31,015.015,__main___datalogs,INFO,JoyConState.GO_HOME,0.000000,0.000000,0.000000,0.091547,0.006866,0.013732,0.020598,0.000000,0.000000,0.000000,0.000000,0,0,0,0,0,0,0,0,0,0,0,0.045257568359375,-0.004302978515625,0,0,0,0,0,0,0,0,Object notstarted,Object notstarted,Object notstarted,Object notstarted,Object notstarted,Object notstarted,Object notstarted,Object notstarted,Object notstarted
2024-03-18 10:31:31,056.056,__main___datalogs,INFO,JoyConState.GO_HOME,0.000000,0.000000,0.000000,0.091547,0.006866,0.013732,0.020598,0.000000,0.000000,0.000000,0.000000,0,0,0,0,0,0,0,0,0,0,0,0.045257568359375,-0.004302978515625,0,0,0,0,0,0,0,0,Object notstarted,Object notstarted,Object notstarted,Object notstarted,Object notstarted,Object notstarted,Object notstarted,Object notstarted,Object notstarted
2024-03-18 10:31:31,099.099,__main___datalogs,INFO,JoyConState.GO_HOME,0.000000,0.000000,0.000000,0.091547,0.006866,0.013732,0.025176,0.000000,0.000000,0.000000,0.000000,0,0,0,0,0,0,0,0,0,0,0,0.045257568359375,-0.004302978515625,0,0,0,0,0,0,0,0,Object notstarted,Object notstarted,Object notstarted,Object notstarted,Object notstarted,Object notstarted,Object notstarted,Object notstarted,Object notstarted
2024-03-18 10:31:31,141.141,__main___datalogs,INFO,JoyConState.GO_HOME,0.000000,0.000000,0.000000,0.096125,0.006866,0.011443,0.025176,0.000000,0.000000,0.000000,0.000000,0,0,0,0,0,0,0,0,0,0,0,0.045257568359375,-0.004302978515625,0,0,0,0,0,0,0,0,Object notstarted,Object notstarted,Object notstarted,Object notstarted,Object notstarted,Object notstarted,Object notstarted,Object notstarted,Object notstarted
2024-03-18 10:31:31,184.184,__main___datalogs,INFO,JoyConState.GO_HOME,0.000000,0.000000,0.000000,0.096125,0.006866,0.013732,0.025176,0.000000,0.000000,0.000000,0.000000,0,0,0,0,0,0,0,0,0,0,0,0.045257568359375,-0.004302978515625,0,0,0,0,0,0,0,0,Object notstarted,Object notstarted,Object notstarted,Object notstarted,Object notstarted,Object notstarted,Object notstarted,Object notstarted,Object notstarted
2024-03-18 10:31:31,227.227,__main___datalogs,INFO,JoyConState.GO_HOME,0.000000,0.000000,0.000000,0.096125,0.006866,0.013732,0.020598,0.000000,0.000000,0.000000,0.000000,0,0,0,0,0,0,0,0,0,0,0,0.045257568359375,-0.004302978515625,0,0,0,0,0,0,0,0,Object notstarted,Object notstarted,Object notstarted,Object notstarted,Object notstarted,Object notstarted,Object notstarted,Object notstarted,Object notstarted
2024-03-18 10:31:31,272.272,__main___datalogs,INFO,JoyConState.GO_HOME,0.000000,0.000000,0.000000,0.091547,0.006866,0.013732,0.020598,0.000000,0.000000,0.000000,0.000000,0,0,0,0,0,0,0,0,0,0,0,0.045257568359375,-0.004302978515625,0,0,0,0,0,0,0,0,Object notstarted,Object notstarted,Object notstarted,Object notstarted,Object notstarted,Object notstarted,Object notstarted,Object notstarted,Object notstarted
2024-03-18 10:31:31,314.314,__main___datalogs,INFO,JoyConState.GO_HOME,0.000000,0.000000,0.000000,0.091547,0.006866,0.011443,0.020598,0.000000,0.000000,0.000000,0.000000,0,0,0,0,0,0,0,0,0,0,0,0.045257568359375,-0.004302978515625,0,0,0,0,0,0,0,0,Object notstarted,Object notstarted,Object notstarted,Object notstarted,Object notstarted,Object notstarted,Object notstarted,Object notstarted,Object notstarted
2024-03-18 10:31:31,360.360,__main___datalogs,INFO,JoyConState.GO_HOME,0.000000,0.000000,0.000000,0.091547,0.006866,0.013732,0.020598,0.000000,0.000000,0.000000,0.000000,0,0,0,0,0,0,0,0,0,0,0,0.045257568359375,-0.004302978515625,0,0,0,0,0,0,0,0,Object notstarted,Object notstarted,Object notstarted,Object notstarted,Object notstarted,Object notstarted,Object notstarted,Object notstarted,Object notstarted
2024-03-18 10:31:31,413.413,__main___datalogs,INFO,JoyConState.GO_HOME,0.000000,0.000000,0.000000,0.091547,0.002289,0.013732,0.020598,0.000000,0.000000,0.000000,0.000000,0,0,0,0,0,0,0,0,0,0,0,0.045257568359375,-0.004302978515625,0,0,0,0,0,0,0,0,Object notstarted,Object notstarted,Object notstarted,Object notstarted,Object notstarted,Object notstarted,Object notstarted,Object notstarted,Object notstarted
2024-03-18 10:31:31,457.457,__main___datalogs,INFO,JoyConState.GO_HOME,0.000000,0.000000,0.000000,0.096125,0.002289,0.013732,0.020598,0.000000,0.000000,0.000000,0.000000,0,0,0,0,0,0,0,0,0,0,0,0.045257568359375,-0.004302978515625,0,0,0,0,0,0,0,0,Object notstarted,Object notstarted,Object notstarted,Object notstarted,Object notstarted,Object notstarted,Object notstarted,Object notstarted,Object notstarted
2024-03-18 10:31:31,500.500,__main___datalogs,INFO,JoyConState.GO_HOME,0.000000,0.000000,0.000000,0.096125,0.002289,0.013732,0.020598,0.000000,0.000000,0.000000,0.000000,0,0,0,0,0,0,0,0,0,0,0,0.045257568359375,-0.004302978515625,0,0,0,0,0,0,0,0,Object notstarted,Object notstarted,Object notstarted,Object notstarted,Object notstarted,Object notstarted,Object notstarted,Object notstarted,Object notstarted
2024-03-18 10:31:31,546.546,__main___datalogs,INFO,JoyConState.GO_HOME,0.000000,0.000000,0.000000,0.096125,0.002289,0.013732,0.025176,0.000000,0.000000,0.000000,0.000000,0,0,0,0,0,0,0,0,0,0,0,0.045257568359375,-0.004302978515625,0,0,0,0,0,0,0,0,Object notstarted,Object notstarted,Object notstarted,Object notstarted,Object notstarted,Object notstarted,Object notstarted,Object notstarted,Object notstarted
2024-03-18 10:31:31,588.588,__main___datalogs,INFO,JoyConState.GO_HOME,0.000000,0.000000,0.000000,0.096125,0.002289,0.013732,0.027464,0.000000,0.000000,0.000000,0.000000,0,0,0,0,0,0,0,0,0,0,0,0.045257568359375,-0.004302978515625,0,0,0,0,0,0,0,0,Object notstarted,Object notstarted,Object notstarted,Object notstarted,Object notstarted,Object notstarted,Object notstarted,Object notstarted,Object notstarted
2024-03-18 10:31:31,634.634,__main___datalogs,INFO,JoyConState.GO_HOME,0.000000,0.000000,0.000000,0.096125,0.006866,0.013732,0.027464,0.000000,0.000000,0.000000,0.000000,0,0,0,0,0,0,0,0,0,0,0,0.045257568359375,-0.004302978515625,0,0,0,0,0,0,0,0,Object notstarted,Object notstarted,Object notstarted,Object notstarted,Object notstarted,Object notstarted,Object notstarted,Object notstarted,Object notstarted
2024-03-18 10:31:31,676.676,__main___datalogs,INFO,JoyConState.GO_HOME,0.000000,0.000000,0.000000,0.091547,0.006866,0.013732,0.020598,0.000000,0.000000,0.000000,0.000000,0,0,0,0,0,0,0,0,0,0,0,0.045257568359375,-0.004302978515625,0,0,0,0,0,0,0,0,Object notstarted,Object notstarted,Object notstarted,Object notstarted,Object notstarted,Object notstarted,Object notstarted,Object notstarted,Object notstarted
2024-03-18 10:31:31,721.721,__main___datalogs,INFO,JoyConState.GO_HOME,0.000000,0.000000,0.000000,0.091547,0.006866,0.013732,0.025176,0.000000,0.000000,0.000000,0.000000,0,0,0,0,0,0,0,0,0,0,0,0.045257568359375,-0.004302978515625,0,0,0,0,0,0,0,0,Object notstarted,Object notstarted,Object notstarted,Object notstarted,Object notstarted,Object notstarted,Object notstarted,Object notstarted,Object notstarted
2024-03-18 10:31:31,764.764,__main___datalogs,INFO,JoyConState.GO_HOME,0.000000,0.000000,0.000000,0.091547,0.002289,0.013732,0.025176,0.000000,0.000000,0.000000,0.000000,0,0,0,0,0,0,0,0,0,0,0,0.045257568359375,-0.004302978515625,0,0,0,0,0,0,0,0,Object notstarted,Object notstarted,Object notstarted,Object notstarted,Object notstarted,Object notstarted,Object notstarted,Object notstarted,Object notstarted
2024-03-18 10:31:31,807.807,__main___datalogs,INFO,JoyConState.GO_HOME,0.000000,0.000000,0.000000,0.089258,0.006866,0.013732,0.020598,0.000000,0.000000,0.000000,0.000000,0,0,0,0,0,0,0,0,0,0,0,0.045257568359375,-0.004302978515625,0,0,0,0,0,0,0,0,Object notstarted,Object notstarted,Object notstarted,Object notstarted,Object notstarted,Object notstarted,Object notstarted,Object notstarted,Object notstarted
2024-03-18 10:31:31,850.850,__main___datalogs,INFO,JoyConState.GO_HOME,0.000000,0.000000,0.000000,0.091547,0.006866,0.013732,0.025176,0.000000,0.000000,0.000000,0.000000,0,0,0,0,0,0,0,0,0,0,0,0.045257568359375,-0.004302978515625,0,0,0,0,0,0,0,0,Object notstarted,Object notstarted,Object notstarted,Object notstarted,Object notstarted,Object notstarted,Object notstarted,Object notstarted,Object notstarted
2024-03-18 10:31:31,893.893,__main___datalogs,INFO,JoyConState.GO_HOME,0.000000,0.000000,0.000000,0.089258,0.006866,0.013732,0.027464,0.000000,0.000000,0.000000,0.000000,0,0,0,0,0,0,0,0,0,0,0,0.045257568359375,-0.004302978515625,0,0,0,0,0,0,0,0,Object notstarted,Object notstarted,Object notstarted,Object notstarted,Object notstarted,Object notstarted,Object notstarted,Object notstarted,Object notstarted
2024-03-18 10:31:31,936.936,__main___datalogs,INFO,JoyConState.GO_HOME,0.000000,0.000000,0.000000,0.091547,0.006866,0.011443,0.027464,0.000000,0.000000,0.000000,0.000000,0,0,0,0,0,0,0,0,0,0,0,0.045257568359375,-0.004302978515625,0,0,0,0,0,0,0,0,Object notstarted,Object notstarted,Object notstarted,Object notstarted,Object notstarted,Object notstarted,Object notstarted,Object notstarted,Object notstarted
2024-03-18 10:31:31,980.980,__main___datalogs,INFO,JoyConState.GO_HOME,0.000000,0.000000,0.000000,0.091547,0.006866,0.011443,0.025176,0.000000,0.000000,0.000000,0.000000,0,0,0,0,0,0,0,0,0,0,0,0.045257568359375,-0.004302978515625,0,0,0,0,0,0,0,0,Object notstarted,Object notstarted,Object notstarted,Object notstarted,Object notstarted,Object notstarted,Object notstarted,Object notstarted,Object notstarted
2024-03-18 10:31:32,024.024,__main___datalogs,INFO,JoyConState.GO_HOME,0.000000,0.000000,0.000000,0.096125,0.006866,0.011443,0.025176,0.000000,0.000000,0.000000,0.000000,0,0,0,0,0,0,0,0,0,0,0,0.045257568359375,-0.004302978515625,0,0,0,0,0,0,0,0,Object notstarted,Object notstarted,Object notstarted,Object notstarted,Object notstarted,Object notstarted,Object notstarted,Object notstarted,Object notstarted
2024-03-18 10:31:32,071.071,__main___datalogs,INFO,JoyConState.GO_HOME,0.000000,0.000000,0.000000,0.091547,0.006866,0.011443,0.020598,0.000000,0.000000,0.000000,0.000000,0,0,0,0,0,0,0,0,0,0,0,0.045257568359375,-0.004302978515625,0,0,0,0,0,0,0,0,Object notstarted,Object notstarted,Object notstarted,Object notstarted,Object notstarted,Object notstarted,Object notstarted,Object notstarted,Object notstarted
2024-03-18 10:31:32,113.113,__main___datalogs,INFO,JoyConState.GO_HOME,0.000000,0.000000,0.000000,0.091547,0.002289,0.013732,0.020598,0.000000,0.000000,0.000000,0.000000,0,0,0,0,0,0,0,0,0,0,0,0.045257568359375,-0.004302978515625,0,0,0,0,0,0,0,0,Object notstarted,Object notstarted,Object notstarted,Object notstarted,Object notstarted,Object notstarted,Object notstarted,Object notstarted,Object notstarted
2024-03-18 10:31:32,156.156,__main___datalogs,INFO,JoyConState.GO_HOME,0.000000,0.000000,0.000000,0.091547,0.002289,0.011443,0.020598,0.000000,0.000000,0.000000,0.000000,0,0,0,0,0,0,0,0,0,0,0,0.045257568359375,-0.004302978515625,0,0,0,0,0,0,0,0,Object notstarted,Object notstarted,Object notstarted,Object notstarted,Object notstarted,Object notstarted,Object notstarted,Object notstarted,Object notstarted
2024-03-18 10:31:32,199.199,__main___datalogs,INFO,JoyConState.GO_HOME,0.000000,0.000000,0.000000,0.096125,0.006866,0.013732,0.020598,0.000000,0.000000,0.000000,0.000000,0,0,0,0,0,0,0,0,0,0,0,0.045257568359375,-0.004302978515625,0,0,0,0,0,0,0,0,Object notstarted,Object notstarted,Object notstarted,Object notstarted,Object notstarted,Object notstarted,Object notstarted,Object notstarted,Object notstarted
2024-03-18 10:31:32,242.242,__main___datalogs,INFO,JoyConState.GO_HOME,0.000000,0.000000,0.000000,0.096125,0.006866,0.013732,0.025176,0.000000,0.000000,0.000000,0.000000,0,0,0,0,0,0,0,0,0,0,0,0.045257568359375,-0.004302978515625,0,0,0,0,0,0,0,0,Object notstarted,Object notstarted,Object notstarted,Object notstarted,Object notstarted,Object notstarted,Object notstarted,Object notstarted,Object notstarted
2024-03-18 10:31:32,285.285,__main___datalogs,INFO,JoyConState.GO_HOME,0.000000,0.000000,0.000000,0.096125,0.006866,0.013732,0.020598,0.000000,0.000000,0.000000,0.000000,0,0,0,0,0,0,0,0,0,0,0,0.045257568359375,-0.004302978515625,0,0,0,0,0,0,0,0,Object notstarted,Object notstarted,Object notstarted,Object notstarted,Object notstarted,Object notstarted,Object notstarted,Object notstarted,Object notstarted
2024-03-18 10:31:32,329.329,__main___datalogs,INFO,JoyConState.GO_HOME,0.000000,0.000000,0.000000,0.096125,0.002289,0.013732,0.025176,0.000000,0.000000,0.000000,0.000000,0,0,0,0,0,0,0,0,0,0,0,0.045257568359375,-0.004302978515625,0,0,0,0,0,0,0,0,Object notstarted,Object notstarted,Object notstarted,Object notstarted,Object notstarted,Object notstarted,Object notstarted,Object notstarted,Object notstarted
2024-03-18 10:31:32,372.372,__main___datalogs,INFO,JoyConState.GO_HOME,0.000000,0.000000,0.000000,0.096125,0.002289,0.013732,0.027464,0.000000,0.000000,0.000000,0.000000,0,0,0,0,0,0,0,0,0,0,0,0.045257568359375,-0.004302978515625,0,0,0,0,0,0,0,0,Object notstarted,Object notstarted,Object notstarted,Object notstarted,Object notstarted,Object notstarted,Object notstarted,Object notstarted,Object notstarted
2024-03-18 10:31:32,415.415,__main___datalogs,INFO,JoyConState.GO_HOME,0.000000,0.000000,0.000000,0.096125,0.006866,0.013732,0.027464,0.000000,0.000000,0.000000,0.000000,0,0,0,0,0,0,0,0,0,0,0,0.045257568359375,-0.004302978515625,0,0,0,0,0,0,0,0,Object notstarted,Object notstarted,Object notstarted,Object notstarted,Object notstarted,Object notstarted,Object notstarted,Object notstarted,Object notstarted
2024-03-18 10:31:32,462.462,__main___datalogs,INFO,JoyConState.GO_HOME,0.000000,0.000000,0.000000,0.091547,0.006866,0.011443,0.027464,0.000000,0.000000,0.000000,0.000000,0,0,0,0,0,0,0,0,0,0,0,0.045257568359375,-0.004302978515625,0,0,0,0,0,0,0,0,Object notstarted,Object notstarted,Object notstarted,Object notstarted,Object notstarted,Object notstarted,Object notstarted,Object notstarted,Object notstarted
2024-03-18 10:31:32,512.512,__main___datalogs,INFO,JoyConState.GO_HOME,0.000000,0.000000,0.000000,0.089258,0.006866,0.013732,0.025176,0.000000,0.000000,0.000000,0.000000,0,0,0,0,0,0,0,0,0,0,0,0.045257568359375,-0.004302978515625,0,0,0,0,0,0,0,0,Object notstarted,Object notstarted,Object notstarted,Object notstarted,Object notstarted,Object notstarted,Object notstarted,Object notstarted,Object notstarted
2024-03-18 10:31:32,554.554,__main___datalogs,INFO,JoyConState.GO_HOME,0.000000,0.000000,0.000000,0.091547,0.006866,0.013732,0.020598,0.000000,0.000000,0.000000,0.000000,0,0,0,0,0,0,0,0,0,0,0,0.045257568359375,-0.004302978515625,0,0,0,0,0,0,0,0,Object notstarted,Object notstarted,Object notstarted,Object notstarted,Object notstarted,Object notstarted,Object notstarted,Object notstarted,Object notstarted
2024-03-18 10:31:32,599.599,__main___datalogs,INFO,JoyConState.GO_HOME,0.000000,0.000000,0.000000,0.096125,0.006866,0.013732,0.016021,0.000000,0.000000,0.000000,0.000000,0,0,0,0,0,0,0,0,0,0,0,0.045257568359375,-0.004302978515625,0,0,0,0,0,0,0,0,Object notstarted,Object notstarted,Object notstarted,Object notstarted,Object notstarted,Object notstarted,Object notstarted,Object notstarted,Object notstarted
2024-03-18 10:31:32,641.641,__main___datalogs,INFO,JoyConState.GO_HOME,0.000000,0.000000,0.000000,0.096125,0.006866,0.013732,0.020598,0.000000,0.000000,0.000000,0.000000,0,0,0,0,0,0,0,0,0,0,0,0.045257568359375,-0.004302978515625,0,0,0,0,0,0,0,0,Object notstarted,Object notstarted,Object notstarted,Object notstarted,Object notstarted,Object notstarted,Object notstarted,Object notstarted,Object notstarted
2024-03-18 10:31:32,686.686,__main___datalogs,INFO,JoyConState.GO_HOME,0.000000,0.000000,0.000000,0.096125,0.006866,0.013732,0.027464,0.000000,0.000000,0.000000,0.000000,0,0,0,0,0,0,0,0,0,0,0,0.045257568359375,-0.004302978515625,0,0,0,0,0,0,0,0,Object notstarted,Object notstarted,Object notstarted,Object notstarted,Object notstarted,Object notstarted,Object notstarted,Object notstarted,Object notstarted
2024-03-18 10:31:32,728.728,__main___datalogs,INFO,JoyConState.GO_HOME,0.000000,0.000000,0.000000,0.096125,0.006866,0.013732,0.027464,0.000000,0.000000,0.000000,0.000000,0,0,0,0,0,0,0,0,0,0,0,0.045257568359375,-0.004302978515625,0,0,0,0,0,0,0,0,Object notstarted,Object notstarted,Object notstarted,Object notstarted,Object notstarted,Object notstarted,Object notstarted,Object notstarted,Object notstarted
2024-03-18 10:31:32,775.775,__main___datalogs,INFO,JoyConState.GO_HOME,0.000000,0.000000,0.000000,0.096125,0.006866,0.013732,0.027464,0.000000,0.000000,0.000000,0.000000,0,0,0,0,0,0,0,0,0,0,0,0.045257568359375,-0.004302978515625,0,0,0,0,0,0,0,0,Object notstarted,Object notstarted,Object notstarted,Object notstarted,Object notstarted,Object notstarted,Object notstarted,Object notstarted,Object notstarted
2024-03-18 10:31:32,819.819,__main___datalogs,INFO,JoyConState.GO_HOME,0.000000,0.000000,0.000000,0.091547,0.002289,0.013732,0.027464,0.000000,0.000000,0.000000,0.000000,0,0,0,0,0,0,0,0,0,0,0,0.045257568359375,-0.004302978515625,0,0,0,0,0,0,0,0,Object notstarted,Object notstarted,Object notstarted,Object notstarted,Object notstarted,Object notstarted,Object notstarted,Object notstarted,Object notstarted
2024-03-18 10:31:32,863.863,__main___datalogs,INFO,JoyConState.GO_HOME,0.000000,0.000000,0.000000,0.091547,0.002289,0.013732,0.025176,0.000000,0.000000,0.000000,0.000000,0,0,0,0,0,0,0,0,0,0,0,0.045257568359375,-0.004302978515625,0,0,0,0,0,0,0,0,Object notstarted,Object notstarted,Object notstarted,Object notstarted,Object notstarted,Object notstarted,Object notstarted,Object notstarted,Object notstarted
2024-03-18 10:31:32,904.904,__main___datalogs,INFO,JoyConState.GO_HOME,0.000000,0.000000,0.000000,0.091547,0.002289,0.013732,0.025176,0.000000,0.000000,0.000000,0.000000,0,0,0,0,0,0,0,0,0,0,0,0.045257568359375,-0.004302978515625,0,0,0,0,0,0,0,0,Object notstarted,Object notstarted,Object notstarted,Object notstarted,Object notstarted,Object notstarted,Object notstarted,Object notstarted,Object notstarted
2024-03-18 10:31:32,948.948,__main___datalogs,INFO,JoyConState.GO_HOME,0.000000,0.000000,0.000000,0.091547,0.006866,0.013732,0.025176,0.000000,0.000000,0.000000,0.000000,0,0,0,0,0,0,0,0,0,0,0,0.045257568359375,-0.004302978515625,0,0,0,0,0,0,0,0,Object notstarted,Object notstarted,Object notstarted,Object notstarted,Object notstarted,Object notstarted,Object notstarted,Object notstarted,Object notstarted
2024-03-18 10:31:32,991.991,__main___datalogs,INFO,JoyConState.GO_HOME,0.000000,0.000000,0.000000,0.091547,0.006866,0.013732,0.027464,0.000000,0.000000,0.000000,0.000000,0,0,0,0,0,0,0,0,0,0,0,0.045257568359375,-0.004302978515625,0,0,0,0,0,0,0,0,Object notstarted,Object notstarted,Object notstarted,Object notstarted,Object notstarted,Object notstarted,Object notstarted,Object notstarted,Object notstarted
2024-03-18 10:31:33,034.034,__main___datalogs,INFO,JoyConState.GO_HOME,0.000000,0.000000,0.000000,0.091547,0.006866,0.013732,0.027464,0.000000,0.000000,0.000000,0.000000,0,0,0,0,0,0,0,0,0,0,0,0.045257568359375,-0.004302978515625,0,0,0,0,0,0,0,0,Object notstarted,Object notstarted,Object notstarted,Object notstarted,Object notstarted,Object notstarted,Object notstarted,Object notstarted,Object notstarted
2024-03-18 10:31:33,078.078,__main___datalogs,INFO,JoyConState.GO_HOME,0.000000,0.000000,0.000000,0.091547,0.006866,0.013732,0.027464,0.000000,0.000000,0.000000,0.000000,0,0,0,0,0,0,0,0,0,0,0,0.045257568359375,-0.004302978515625,0,0,0,0,0,0,0,0,Object notstarted,Object notstarted,Object notstarted,Object notstarted,Object notstarted,Object notstarted,Object notstarted,Object notstarted,Object notstarted
2024-03-18 10:31:33,121.121,__main___datalogs,INFO,JoyConState.GO_HOME,0.000000,0.000000,0.000000,0.091547,0.002289,0.013732,0.025176,0.000000,0.000000,0.000000,0.000000,0,0,0,0,0,0,0,0,0,0,0,0.045257568359375,-0.004302978515625,0,0,0,0,0,0,0,0,Object notstarted,Object notstarted,Object notstarted,Object notstarted,Object notstarted,Object notstarted,Object notstarted,Object notstarted,Object notstarted
2024-03-18 10:31:33,163.163,__main___datalogs,INFO,JoyConState.GO_HOME,0.000000,0.000000,0.000000,0.091547,0.002289,0.011443,0.020598,0.000000,0.000000,0.000000,0.000000,0,0,0,0,0,0,0,0,0,0,0,0.045257568359375,-0.004302978515625,0,0,0,0,0,0,0,0,Object notstarted,Object notstarted,Object notstarted,Object notstarted,Object notstarted,Object notstarted,Object notstarted,Object notstarted,Object notstarted
2024-03-18 10:31:33,208.208,__main___datalogs,INFO,JoyConState.GO_HOME,0.000000,0.000000,0.000000,0.091547,0.002289,0.011443,0.027464,0.000000,0.000000,0.000000,0.000000,0,0,0,0,0,0,0,0,0,0,0,0.045257568359375,-0.004302978515625,0,0,0,0,0,0,0,0,Object notstarted,Object notstarted,Object notstarted,Object notstarted,Object notstarted,Object notstarted,Object notstarted,Object notstarted,Object notstarted
2024-03-18 10:31:33,251.251,__main___datalogs,INFO,JoyConState.GO_HOME,0.000000,0.000000,0.000000,0.091547,0.006866,0.013732,0.027464,0.000000,0.000000,0.000000,0.000000,0,0,0,0,0,0,0,0,0,0,0,0.045257568359375,-0.004302978515625,0,0,0,0,0,0,0,0,Object notstarted,Object notstarted,Object notstarted,Object notstarted,Object notstarted,Object notstarted,Object notstarted,Object notstarted,Object notstarted
2024-03-18 10:31:33,296.296,__main___datalogs,INFO,JoyConState.GO_HOME,0.000000,0.000000,0.000000,0.089258,0.006866,0.013732,0.027464,0.000000,0.000000,0.000000,0.000000,0,0,0,0,0,0,0,0,0,0,0,0.045257568359375,-0.004302978515625,0,0,0,0,0,0,0,0,Object notstarted,Object notstarted,Object notstarted,Object notstarted,Object notstarted,Object notstarted,Object notstarted,Object notstarted,Object notstarted
2024-03-18 10:31:33,340.340,__main___datalogs,INFO,JoyConState.GO_HOME,0.000000,0.000000,0.000000,0.091547,0.002289,0.013732,0.025176,0.000000,0.000000,0.000000,0.000000,0,0,0,0,0,0,0,0,0,0,0,0.045257568359375,-0.004302978515625,0,0,0,0,0,0,0,0,Object notstarted,Object notstarted,Object notstarted,Object notstarted,Object notstarted,Object notstarted,Object notstarted,Object notstarted,Object notstarted
2024-03-18 10:31:33,383.383,__main___datalogs,INFO,JoyConState.GO_HOME,0.000000,0.000000,0.000000,0.091547,0.002289,0.013732,0.020598,0.000000,0.000000,0.000000,0.000000,0,0,0,0,0,0,0,0,0,0,0,0.045257568359375,-0.004302978515625,0,0,0,0,0,0,0,0,Object notstarted,Object notstarted,Object notstarted,Object notstarted,Object notstarted,Object notstarted,Object notstarted,Object notstarted,Object notstarted
2024-03-18 10:31:33,426.426,__main___datalogs,INFO,JoyConState.GO_HOME,0.000000,0.000000,0.000000,0.096125,0.006866,0.013732,0.025176,0.000000,0.000000,0.000000,0.000000,0,0,0,0,0,0,0,0,0,0,0,0.045257568359375,-0.004302978515625,0,0,0,0,0,0,0,0,Object notstarted,Object notstarted,Object notstarted,Object notstarted,Object notstarted,Object notstarted,Object notstarted,Object notstarted,Object notstarted
2024-03-18 10:31:33,468.468,__main___datalogs,INFO,JoyConState.GO_HOME,0.000000,0.000000,0.000000,0.096125,0.006866,0.013732,0.025176,0.000000,0.000000,0.000000,0.000000,0,0,0,0,0,0,0,0,0,0,0,0.045257568359375,-0.004302978515625,0,0,0,0,0,0,0,0,Object notstarted,Object notstarted,Object notstarted,Object notstarted,Object notstarted,Object notstarted,Object notstarted,Object notstarted,Object notstarted
2024-03-18 10:31:33,508.508,__main___datalogs,INFO,JoyConState.GO_HOME,0.000000,0.000000,0.000000,0.091547,0.002289,0.013732,0.025176,0.000000,0.000000,0.000000,0.000000,0,0,0,0,0,0,0,0,0,0,0,0.045257568359375,-0.004302978515625,0,0,0,0,0,0,0,0,Object notstarted,Object notstarted,Object notstarted,Object notstarted,Object notstarted,Object notstarted,Object notstarted,Object notstarted,Object notstarted
2024-03-18 10:31:33,551.551,__main___datalogs,INFO,JoyConState.GO_HOME,0.000000,0.000000,0.000000,0.089258,0.006866,0.013732,0.020598,0.000000,0.000000,0.000000,0.000000,0,0,0,0,0,0,0,0,0,0,0,0.045257568359375,-0.004302978515625,0,0,0,0,0,0,0,0,Object notstarted,Object notstarted,Object notstarted,Object notstarted,Object notstarted,Object notstarted,Object notstarted,Object notstarted,Object notstarted
2024-03-18 10:31:33,594.594,__main___datalogs,INFO,JoyConState.GO_HOME,0.000000,0.000000,0.000000,0.091547,0.006866,0.013732,0.020598,0.000000,0.000000,0.000000,0.000000,0,0,0,0,0,0,0,0,0,0,0,0.045257568359375,-0.004302978515625,0,0,0,0,0,0,0,0,Object notstarted,Object notstarted,Object notstarted,Object notstarted,Object notstarted,Object notstarted,Object notstarted,Object notstarted,Object notstarted
2024-03-18 10:31:33,639.639,__main___datalogs,INFO,JoyConState.GO_HOME,0.000000,0.000000,0.000000,0.089258,0.006866,0.013732,0.025176,0.000000,0.000000,0.000000,0.000000,0,0,0,0,0,0,0,0,0,0,0,0.045257568359375,-0.004302978515625,0,0,0,0,0,0,0,0,Object notstarted,Object notstarted,Object notstarted,Object notstarted,Object notstarted,Object notstarted,Object notstarted,Object notstarted,Object notstarted
2024-03-18 10:31:33,681.681,__main___datalogs,INFO,JoyConState.GO_HOME,0.000000,0.000000,0.000000,0.091547,0.006866,0.013732,0.025176,0.000000,0.000000,0.000000,0.000000,0,0,0,0,0,0,0,0,0,0,0,0.045257568359375,-0.004302978515625,0,0,0,0,0,0,0,0,Object notstarted,Object notstarted,Object notstarted,Object notstarted,Object notstarted,Object notstarted,Object notstarted,Object notstarted,Object notstarted
2024-03-18 10:31:33,725.725,__main___datalogs,INFO,JoyConState.GO_HOME,0.000000,0.000000,0.000000,0.089258,0.006866,0.013732,0.025176,0.000000,0.000000,0.000000,0.000000,0,0,0,0,0,0,0,0,0,0,0,0.045257568359375,-0.004302978515625,0,0,0,0,0,0,0,0,Object notstarted,Object notstarted,Object notstarted,Object notstarted,Object notstarted,Object notstarted,Object notstarted,Object notstarted,Object notstarted
2024-03-18 10:31:33,766.766,__main___datalogs,INFO,JoyConState.GO_HOME,0.000000,0.000000,0.000000,0.089258,0.006866,0.011443,0.027464,0.000000,0.000000,0.000000,0.000000,0,0,0,0,0,0,0,0,0,0,0,0.045257568359375,-0.004302978515625,0,0,0,0,0,0,0,0,Object notstarted,Object notstarted,Object notstarted,Object notstarted,Object notstarted,Object notstarted,Object notstarted,Object notstarted,Object notstarted
2024-03-18 10:31:33,810.810,__main___datalogs,INFO,JoyConState.GO_HOME,0.000000,0.000000,0.000000,0.091547,0.006866,0.013732,0.027464,0.000000,0.000000,0.000000,0.000000,0,0,0,0,0,0,0,0,0,0,0,0.045257568359375,-0.004302978515625,0,0,0,0,0,0,0,0,Object notstarted,Object notstarted,Object notstarted,Object notstarted,Object notstarted,Object notstarted,Object notstarted,Object notstarted,Object notstarted
2024-03-18 10:31:33,853.853,__main___datalogs,INFO,JoyConState.GO_HOME,0.000000,0.000000,0.000000,0.096125,0.006866,0.013732,0.027464,0.000000,0.000000,0.000000,0.000000,0,0,0,0,0,0,0,0,0,0,0,0.045257568359375,-0.004302978515625,0,0,0,0,0,0,0,0,Object notstarted,Object notstarted,Object notstarted,Object notstarted,Object notstarted,Object notstarted,Object notstarted,Object notstarted,Object notstarted
2024-03-18 10:31:33,899.899,__main___datalogs,INFO,JoyConState.GO_HOME,0.000000,0.000000,0.000000,0.091547,0.006866,0.013732,0.027464,0.000000,0.000000,0.000000,0.000000,0,0,0,0,0,0,0,0,0,0,0,0.045257568359375,-0.004302978515625,0,0,0,0,0,0,0,0,Object notstarted,Object notstarted,Object notstarted,Object notstarted,Object notstarted,Object notstarted,Object notstarted,Object notstarted,Object notstarted
2024-03-18 10:31:33,941.941,__main___datalogs,INFO,JoyConState.GO_HOME,0.000000,0.000000,0.000000,0.096125,0.006866,0.011443,0.025176,0.000000,0.000000,0.000000,0.000000,0,0,0,0,0,0,0,0,0,0,0,0.045257568359375,-0.004302978515625,0,0,0,0,0,0,0,0,Object notstarted,Object notstarted,Object notstarted,Object notstarted,Object notstarted,Object notstarted,Object notstarted,Object notstarted,Object notstarted
2024-03-18 10:31:33,984.984,__main___datalogs,INFO,JoyConState.GO_HOME,0.000000,0.000000,0.000000,0.096125,0.006866,0.011443,0.025176,0.000000,0.000000,0.000000,0.000000,0,0,0,0,0,0,0,0,0,0,0,0.045257568359375,-0.004302978515625,0,0,0,0,0,0,0,0,Object notstarted,Object notstarted,Object notstarted,Object notstarted,Object notstarted,Object notstarted,Object notstarted,Object notstarted,Object notstarted
2024-03-18 10:31:34,028.028,__main___datalogs,INFO,JoyConState.GO_HOME,0.000000,0.000000,0.000000,0.089258,0.002289,0.013732,0.020598,0.000000,0.000000,0.000000,0.000000,0,0,0,0,0,0,0,0,0,0,0,0.045257568359375,-0.004302978515625,0,0,0,0,0,0,0,0,Object notstarted,Object notstarted,Object notstarted,Object notstarted,Object notstarted,Object notstarted,Object notstarted,Object notstarted,Object notstarted
2024-03-18 10:31:34,073.073,__main___datalogs,INFO,JoyConState.GO_HOME,0.000000,0.000000,0.000000,0.091547,0.002289,0.011443,0.025176,0.000000,0.000000,0.000000,0.000000,0,0,0,0,0,0,0,0,0,0,0,0.045257568359375,-0.004302978515625,0,0,0,0,0,0,0,0,Object notstarted,Object notstarted,Object notstarted,Object notstarted,Object notstarted,Object notstarted,Object notstarted,Object notstarted,Object notstarted
2024-03-18 10:31:34,117.117,__main___datalogs,INFO,JoyConState.GO_HOME,0.000000,0.000000,0.000000,0.091547,0.002289,0.013732,0.025176,0.000000,0.000000,0.000000,0.000000,0,0,0,0,0,0,0,0,0,0,0,0.045257568359375,-0.004302978515625,0,0,0,0,0,0,0,0,Object notstarted,Object notstarted,Object notstarted,Object notstarted,Object notstarted,Object notstarted,Object notstarted,Object notstarted,Object notstarted
2024-03-18 10:31:34,160.160,__main___datalogs,INFO,JoyConState.GO_HOME,0.000000,0.000000,0.000000,0.091547,-0.002289,0.011443,0.027464,0.000000,0.000000,0.000000,0.000000,0,0,0,0,0,0,0,0,0,0,0,0.045257568359375,-0.004302978515625,0,0,0,0,0,0,0,0,Object notstarted,Object notstarted,Object notstarted,Object notstarted,Object notstarted,Object notstarted,Object notstarted,Object notstarted,Object notstarted
2024-03-18 10:31:34,203.203,__main___datalogs,INFO,JoyConState.GO_HOME,0.000000,0.000000,0.000000,0.091547,0.002289,0.013732,0.027464,0.000000,0.000000,0.000000,0.000000,0,0,0,0,0,0,0,0,0,0,0,0.045257568359375,-0.004302978515625,0,0,0,0,0,0,0,0,Object notstarted,Object notstarted,Object notstarted,Object notstarted,Object notstarted,Object notstarted,Object notstarted,Object notstarted,Object notstarted
2024-03-18 10:31:34,247.247,__main___datalogs,INFO,JoyConState.GO_HOME,0.000000,0.000000,0.000000,0.091547,0.006866,0.013732,0.027464,0.000000,0.000000,0.000000,0.000000,0,0,0,0,0,0,0,0,0,0,0,0.045257568359375,-0.004302978515625,0,0,0,0,0,0,0,0,Object notstarted,Object notstarted,Object notstarted,Object notstarted,Object notstarted,Object notstarted,Object notstarted,Object notstarted,Object notstarted
2024-03-18 10:31:34,290.290,__main___datalogs,INFO,JoyConState.GO_HOME,0.000000,0.000000,0.000000,0.091547,0.006866,0.013732,0.027464,0.000000,0.000000,0.000000,0.000000,0,0,0,0,0,0,0,0,0,0,0,0.045257568359375,-0.004302978515625,0,0,0,0,0,0,0,0,Object notstarted,Object notstarted,Object notstarted,Object notstarted,Object notstarted,Object notstarted,Object notstarted,Object notstarted,Object notstarted
2024-03-18 10:31:34,333.333,__main___datalogs,INFO,JoyConState.GO_HOME,0.000000,0.000000,0.000000,0.091547,0.006866,0.013732,0.027464,0.000000,0.000000,0.000000,0.000000,0,0,0,0,0,0,0,0,0,0,0,0.045257568359375,-0.004302978515625,0,0,0,0,0,0,0,0,Object notstarted,Object notstarted,Object notstarted,Object notstarted,Object notstarted,Object notstarted,Object notstarted,Object notstarted,Object notstarted
2024-03-18 10:31:34,375.375,__main___datalogs,INFO,JoyConState.GO_HOME,0.000000,0.000000,0.000000,0.091547,0.006866,0.013732,0.027464,0.000000,0.000000,0.000000,0.000000,0,0,0,0,0,0,0,0,0,0,0,0.045257568359375,-0.004302978515625,0,0,0,0,0,0,0,0,Object notstarted,Object notstarted,Object notstarted,Object notstarted,Object notstarted,Object notstarted,Object notstarted,Object notstarted,Object notstarted
2024-03-18 10:31:34,418.418,__main___datalogs,INFO,JoyConState.GO_HOME,0.000000,0.000000,0.000000,0.091547,0.006866,0.013732,0.027464,0.000000,0.000000,0.000000,0.000000,0,0,0,0,0,0,0,0,0,0,0,0.045257568359375,-0.004302978515625,0,0,0,0,0,0,0,0,Object notstarted,Object notstarted,Object notstarted,Object notstarted,Object notstarted,Object notstarted,Object notstarted,Object notstarted,Object notstarted
2024-03-18 10:31:34,461.461,__main___datalogs,INFO,JoyConState.GO_HOME,0.000000,0.000000,0.000000,0.096125,0.002289,0.013732,0.027464,0.000000,0.000000,0.000000,0.000000,0,0,0,0,0,0,0,0,0,0,0,0.045257568359375,-0.004302978515625,0,0,0,0,0,0,0,0,Object notstarted,Object notstarted,Object notstarted,Object notstarted,Object notstarted,Object notstarted,Object notstarted,Object notstarted,Object notstarted
2024-03-18 10:31:34,507.507,__main___datalogs,INFO,JoyConState.GO_HOME,0.000000,0.000000,0.000000,0.096125,0.002289,0.011443,0.027464,0.000000,0.000000,0.000000,0.000000,0,0,0,0,0,0,0,0,0,0,0,0.045257568359375,-0.004302978515625,0,0,0,0,0,0,0,0,Object notstarted,Object notstarted,Object notstarted,Object notstarted,Object notstarted,Object notstarted,Object notstarted,Object notstarted,Object notstarted
2024-03-18 10:31:34,549.549,__main___datalogs,INFO,JoyConState.GO_HOME,0.000000,0.000000,0.000000,0.096125,0.006866,0.013732,0.027464,0.000000,0.000000,0.000000,0.000000,0,0,0,0,0,0,0,0,0,0,0,0.045257568359375,-0.004302978515625,0,0,0,0,0,0,0,0,Object notstarted,Object notstarted,Object notstarted,Object notstarted,Object notstarted,Object notstarted,Object notstarted,Object notstarted,Object notstarted
2024-03-18 10:31:34,600.600,__main___datalogs,INFO,JoyConState.GO_HOME,0.000000,0.000000,0.000000,0.091547,0.006866,0.011443,0.025176,0.000000,0.000000,0.000000,0.000000,0,0,0,0,0,0,0,0,0,0,0,0.045257568359375,-0.004302978515625,0,0,0,0,0,0,0,0,Object notstarted,Object notstarted,Object notstarted,Object notstarted,Object notstarted,Object notstarted,Object notstarted,Object notstarted,Object notstarted
2024-03-18 10:31:34,662.662,__main___datalogs,INFO,JoyConState.GO_HOME,0.000000,0.000000,0.000000,0.091547,0.002289,0.011443,0.027464,0.000000,0.000000,0.000000,0.000000,0,0,0,0,0,0,0,0,0,0,0,0.045257568359375,-0.004302978515625,0,0,0,0,0,0,0,0,Object notstarted,Object notstarted,Object notstarted,Object notstarted,Object notstarted,Object notstarted,Object notstarted,Object notstarted,Object notstarted
2024-03-18 10:31:34,707.707,__main___datalogs,INFO,JoyConState.GO_HOME,0.000000,0.000000,0.000000,0.091547,0.002289,0.013732,0.025176,0.000000,0.000000,0.000000,0.000000,0,0,0,0,0,0,0,0,0,0,0,0.045257568359375,-0.004302978515625,0,0,0,0,0,0,0,0,Object notstarted,Object notstarted,Object notstarted,Object notstarted,Object notstarted,Object notstarted,Object notstarted,Object notstarted,Object notstarted
2024-03-18 10:31:34,749.749,__main___datalogs,INFO,JoyConState.GO_HOME,0.000000,0.000000,0.000000,0.096125,0.002289,0.013732,0.025176,0.000000,0.000000,0.000000,0.000000,0,0,0,0,0,0,0,0,0,0,0,0.045257568359375,-0.004302978515625,0,0,0,0,0,0,0,0,Object notstarted,Object notstarted,Object notstarted,Object notstarted,Object notstarted,Object notstarted,Object notstarted,Object notstarted,Object notstarted
2024-03-18 10:31:34,793.793,__main___datalogs,INFO,JoyConState.GO_HOME,0.000000,0.000000,0.000000,0.091547,0.002289,0.013732,0.027464,0.000000,0.000000,0.000000,0.000000,0,0,0,0,0,0,0,0,0,0,0,0.045257568359375,-0.004302978515625,0,0,0,0,0,0,0,0,Object notstarted,Object notstarted,Object notstarted,Object notstarted,Object notstarted,Object notstarted,Object notstarted,Object notstarted,Object notstarted
2024-03-18 10:31:34,835.835,__main___datalogs,INFO,JoyConState.GO_HOME,0.000000,0.000000,0.000000,0.091547,0.006866,0.013732,0.027464,0.000000,0.000000,0.000000,0.000000,0,0,0,0,0,0,0,0,0,0,0,0.045257568359375,-0.004302978515625,0,0,0,0,0,0,0,0,Object notstarted,Object notstarted,Object notstarted,Object notstarted,Object notstarted,Object notstarted,Object notstarted,Object notstarted,Object notstarted
2024-03-18 10:31:34,880.880,__main___datalogs,INFO,JoyConState.GO_HOME,0.000000,0.000000,0.000000,0.089258,0.006866,0.013732,0.027464,0.000000,0.000000,0.000000,0.000000,0,0,0,0,0,0,0,0,0,0,0,0.045257568359375,-0.004302978515625,0,0,0,0,0,0,0,0,Object notstarted,Object notstarted,Object notstarted,Object notstarted,Object notstarted,Object notstarted,Object notstarted,Object notstarted,Object notstarted
2024-03-18 10:31:34,924.924,__main___datalogs,INFO,JoyConState.GO_HOME,0.000000,0.000000,0.000000,0.089258,0.006866,0.011443,0.025176,0.000000,0.000000,0.000000,0.000000,0,0,0,0,0,0,0,0,0,0,0,0.045257568359375,-0.004302978515625,0,0,0,0,0,0,0,0,Object notstarted,Object notstarted,Object notstarted,Object notstarted,Object notstarted,Object notstarted,Object notstarted,Object notstarted,Object notstarted
2024-03-18 10:31:34,969.969,__main___datalogs,INFO,JoyConState.GO_HOME,0.000000,0.000000,0.000000,0.096125,0.002289,0.011443,0.020598,0.000000,0.000000,0.000000,0.000000,0,0,0,0,0,0,0,0,0,0,0,0.045257568359375,-0.004302978515625,0,0,0,0,0,0,0,0,Object notstarted,Object notstarted,Object notstarted,Object notstarted,Object notstarted,Object notstarted,Object notstarted,Object notstarted,Object notstarted
2024-03-18 10:31:35,011.011,__main___datalogs,INFO,JoyConState.GO_HOME,0.000000,0.000000,0.000000,0.096125,0.002289,0.013732,0.025176,0.000000,0.000000,0.000000,0.000000,0,0,0,0,0,0,0,0,0,0,0,0.045257568359375,-0.004302978515625,0,0,0,0,0,0,0,0,Object notstarted,Object notstarted,Object notstarted,Object notstarted,Object notstarted,Object notstarted,Object notstarted,Object notstarted,Object notstarted
2024-03-18 10:31:35,055.055,__main___datalogs,INFO,JoyConState.GO_HOME,0.000000,0.000000,0.000000,0.096125,0.002289,0.013732,0.025176,0.000000,0.000000,0.000000,0.000000,0,0,0,0,0,0,0,0,0,0,0,0.045257568359375,-0.004302978515625,0,0,0,0,0,0,0,0,Object notstarted,Object notstarted,Object notstarted,Object notstarted,Object notstarted,Object notstarted,Object notstarted,Object notstarted,Object notstarted
2024-03-18 10:31:35,098.098,__main___datalogs,INFO,JoyConState.GO_HOME,0.000000,0.000000,0.000000,0.091547,0.006866,0.013732,0.025176,0.000000,0.000000,0.000000,0.000000,0,0,0,0,0,0,0,0,0,0,0,0.045257568359375,-0.004302978515625,0,0,0,0,0,0,0,0,Object notstarted,Object notstarted,Object notstarted,Object notstarted,Object notstarted,Object notstarted,Object notstarted,Object notstarted,Object notstarted
2024-03-18 10:31:35,143.143,__main___datalogs,INFO,JoyConState.GO_HOME,0.000000,0.000000,0.000000,0.091547,0.006866,0.013732,0.025176,0.000000,0.000000,0.000000,0.000000,0,0,0,0,0,0,0,0,0,0,0,0.045257568359375,-0.004302978515625,0,0,0,0,0,0,0,0,Object notstarted,Object notstarted,Object notstarted,Object notstarted,Object notstarted,Object notstarted,Object notstarted,Object notstarted,Object notstarted
2024-03-18 10:31:35,185.185,__main___datalogs,INFO,JoyConState.GO_HOME,0.000000,0.000000,0.000000,0.096125,0.006866,0.013732,0.025176,0.000000,0.000000,0.000000,0.000000,0,0,0,0,0,0,0,0,0,0,0,0.045257568359375,-0.004302978515625,0,0,0,0,0,0,0,0,Object notstarted,Object notstarted,Object notstarted,Object notstarted,Object notstarted,Object notstarted,Object notstarted,Object notstarted,Object notstarted
2024-03-18 10:31:35,229.229,__main___datalogs,INFO,JoyConState.GO_HOME,0.000000,0.000000,0.000000,0.096125,0.006866,0.013732,0.025176,0.000000,0.000000,0.000000,0.000000,0,0,0,0,0,0,0,0,0,0,0,0.045257568359375,-0.004302978515625,0,0,0,0,0,0,0,0,Object notstarted,Object notstarted,Object notstarted,Object notstarted,Object notstarted,Object notstarted,Object notstarted,Object notstarted,Object notstarted
2024-03-18 10:31:35,272.272,__main___datalogs,INFO,JoyConState.GO_HOME,0.000000,0.000000,0.000000,0.091547,0.002289,0.013732,0.025176,0.000000,0.000000,0.000000,0.000000,0,0,0,0,0,0,0,0,0,0,0,0.045257568359375,-0.004302978515625,0,0,0,0,0,0,0,0,Object notstarted,Object notstarted,Object notstarted,Object notstarted,Object notstarted,Object notstarted,Object notstarted,Object notstarted,Object notstarted
2024-03-18 10:31:35,316.316,__main___datalogs,INFO,JoyConState.GO_HOME,0.000000,0.000000,0.000000,0.091547,0.006866,0.013732,0.025176,0.000000,0.000000,0.000000,0.000000,0,0,0,0,0,0,0,0,0,0,0,0.045257568359375,-0.004302978515625,0,0,0,0,0,0,0,0,Object notstarted,Object notstarted,Object notstarted,Object notstarted,Object notstarted,Object notstarted,Object notstarted,Object notstarted,Object notstarted
2024-03-18 10:31:35,359.359,__main___datalogs,INFO,JoyConState.GO_HOME,0.000000,0.000000,0.000000,0.091547,0.002289,0.013732,0.032042,0.000000,0.000000,0.000000,0.000000,0,0,0,0,0,0,0,0,0,0,0,0.045257568359375,-0.004302978515625,0,0,0,0,0,0,0,0,Object notstarted,Object notstarted,Object notstarted,Object notstarted,Object notstarted,Object notstarted,Object notstarted,Object notstarted,Object notstarted
2024-03-18 10:31:35,403.403,__main___datalogs,INFO,JoyConState.GO_HOME,0.000000,0.000000,0.000000,0.091547,0.002289,0.013732,0.027464,0.000000,0.000000,0.000000,0.000000,0,0,0,0,0,0,0,0,0,0,0,0.045257568359375,-0.004302978515625,0,0,0,0,0,0,0,0,Object notstarted,Object notstarted,Object notstarted,Object notstarted,Object notstarted,Object notstarted,Object notstarted,Object notstarted,Object notstarted
2024-03-18 10:31:35,445.445,__main___datalogs,INFO,JoyConState.GO_HOME,0.000000,0.000000,0.000000,0.091547,0.002289,0.013732,0.020598,0.000000,0.000000,0.000000,0.000000,0,0,0,0,0,0,0,0,0,0,0,0.045257568359375,-0.004302978515625,0,0,0,0,0,0,0,0,Object notstarted,Object notstarted,Object notstarted,Object notstarted,Object notstarted,Object notstarted,Object notstarted,Object notstarted,Object notstarted
2024-03-18 10:31:35,490.490,__main___datalogs,INFO,JoyConState.GO_HOME,0.000000,0.000000,0.000000,0.096125,0.006866,0.011443,0.020598,0.000000,0.000000,0.000000,0.000000,0,0,0,0,0,0,0,0,0,0,0,0.045257568359375,-0.004302978515625,0,0,0,0,0,0,0,0,Object notstarted,Object notstarted,Object notstarted,Object notstarted,Object notstarted,Object notstarted,Object notstarted,Object notstarted,Object notstarted
2024-03-18 10:31:35,533.533,__main___datalogs,INFO,JoyConState.GO_HOME,0.000000,0.000000,0.000000,0.096125,0.006866,0.011443,0.025176,0.000000,0.000000,0.000000,0.000000,0,0,0,0,0,0,0,0,0,0,0,0.045257568359375,-0.004302978515625,0,0,0,0,0,0,0,0,Object notstarted,Object notstarted,Object notstarted,Object notstarted,Object notstarted,Object notstarted,Object notstarted,Object notstarted,Object notstarted
2024-03-18 10:31:35,578.578,__main___datalogs,INFO,JoyConState.GO_HOME,0.000000,0.000000,0.000000,0.096125,0.006866,0.013732,0.025176,0.000000,0.000000,0.000000,0.000000,0,0,0,0,0,0,0,0,0,0,0,0.045257568359375,-0.004302978515625,0,0,0,0,0,0,0,0,Object notstarted,Object notstarted,Object notstarted,Object notstarted,Object notstarted,Object notstarted,Object notstarted,Object notstarted,Object notstarted
2024-03-18 10:31:35,619.619,__main___datalogs,INFO,JoyConState.GO_HOME,0.000000,0.000000,0.000000,0.096125,0.006866,0.013732,0.027464,0.000000,0.000000,0.000000,0.000000,0,0,0,0,0,0,0,0,0,0,0,0.045257568359375,-0.004302978515625,0,0,0,0,0,0,0,0,Object notstarted,Object notstarted,Object notstarted,Object notstarted,Object notstarted,Object notstarted,Object notstarted,Object notstarted,Object notstarted
2024-03-18 10:31:35,668.668,__main___datalogs,INFO,JoyConState.GO_HOME,0.000000,0.000000,0.000000,0.091547,0.006866,0.011443,0.027464,0.000000,0.000000,0.000000,0.000000,0,0,0,0,0,0,0,0,0,0,0,0.045257568359375,-0.004302978515625,0,0,0,0,0,0,0,0,Object notstarted,Object notstarted,Object notstarted,Object notstarted,Object notstarted,Object notstarted,Object notstarted,Object notstarted,Object notstarted
2024-03-18 10:31:35,710.710,__main___datalogs,INFO,JoyConState.GO_HOME,0.000000,0.000000,0.000000,0.091547,0.006866,0.011443,0.027464,0.000000,0.000000,0.000000,0.000000,0,0,0,0,0,0,0,0,0,0,0,0.045257568359375,-0.004302978515625,0,0,0,0,0,0,0,0,Object notstarted,Object notstarted,Object notstarted,Object notstarted,Object notstarted,Object notstarted,Object notstarted,Object notstarted,Object notstarted
2024-03-18 10:31:35,753.753,__main___datalogs,INFO,JoyConState.GO_HOME,0.000000,0.000000,0.000000,0.091547,0.006866,0.013732,0.027464,0.000000,0.000000,0.000000,0.000000,0,0,0,0,0,0,0,0,0,0,0,0.045257568359375,-0.004302978515625,0,0,0,0,0,0,0,0,Object notstarted,Object notstarted,Object notstarted,Object notstarted,Object notstarted,Object notstarted,Object notstarted,Object notstarted,Object notstarted
2024-03-18 10:31:35,796.796,__main___datalogs,INFO,JoyConState.GO_HOME,0.000000,0.000000,0.000000,0.091547,0.006866,0.013732,0.025176,0.000000,0.000000,0.000000,0.000000,0,0,0,0,0,0,0,0,0,0,0,0.045257568359375,-0.004302978515625,0,0,0,0,0,0,0,0,Object notstarted,Object notstarted,Object notstarted,Object notstarted,Object notstarted,Object notstarted,Object notstarted,Object notstarted,Object notstarted
2024-03-18 10:31:35,841.841,__main___datalogs,INFO,JoyConState.GO_HOME,0.000000,0.000000,0.000000,0.091547,0.002289,0.013732,0.025176,0.000000,0.000000,0.000000,0.000000,0,0,0,0,0,0,0,0,0,0,0,0.045257568359375,-0.004302978515625,0,0,0,0,0,0,0,0,Object notstarted,Object notstarted,Object notstarted,Object notstarted,Object notstarted,Object notstarted,Object notstarted,Object notstarted,Object notstarted
2024-03-18 10:31:35,883.883,__main___datalogs,INFO,JoyConState.GO_HOME,0.000000,0.000000,0.000000,0.089258,0.002289,0.011443,0.027464,0.000000,0.000000,0.000000,0.000000,0,0,0,0,0,0,0,0,0,0,0,0.045257568359375,-0.004302978515625,0,0,0,0,0,0,0,0,Object notstarted,Object notstarted,Object notstarted,Object notstarted,Object notstarted,Object notstarted,Object notstarted,Object notstarted,Object notstarted
2024-03-18 10:31:35,926.926,__main___datalogs,INFO,JoyConState.GO_HOME,0.000000,0.000000,0.000000,0.091547,0.006866,0.011443,0.027464,0.000000,0.000000,0.000000,0.000000,0,0,0,0,0,0,0,0,0,0,0,0.045257568359375,-0.004302978515625,0,0,0,0,0,0,0,0,Object notstarted,Object notstarted,Object notstarted,Object notstarted,Object notstarted,Object notstarted,Object notstarted,Object notstarted,Object notstarted
2024-03-18 10:31:35,969.969,__main___datalogs,INFO,JoyConState.GO_HOME,0.000000,0.000000,0.000000,0.096125,0.006866,0.013732,0.025176,0.000000,0.000000,0.000000,0.000000,0,0,0,0,0,0,0,0,0,0,0,0.045257568359375,-0.004302978515625,0,0,0,0,0,0,0,0,Object notstarted,Object notstarted,Object notstarted,Object notstarted,Object notstarted,Object notstarted,Object notstarted,Object notstarted,Object notstarted
2024-03-18 10:31:36,012.012,__main___datalogs,INFO,JoyConState.GO_HOME,0.000000,0.000000,0.000000,0.096125,0.006866,0.013732,0.027464,0.000000,0.000000,0.000000,0.000000,0,0,0,0,0,0,0,0,0,0,0,0.045257568359375,-0.004302978515625,0,0,0,0,0,0,0,0,Object notstarted,Object notstarted,Object notstarted,Object notstarted,Object notstarted,Object notstarted,Object notstarted,Object notstarted,Object notstarted
2024-03-18 10:31:36,055.055,__main___datalogs,INFO,JoyConState.GO_HOME,0.000000,0.000000,0.000000,0.091547,0.006866,0.013732,0.027464,0.000000,0.000000,0.000000,0.000000,0,0,0,0,0,0,0,0,0,0,0,0.045257568359375,-0.004302978515625,0,0,0,0,0,0,0,0,Object notstarted,Object notstarted,Object notstarted,Object notstarted,Object notstarted,Object notstarted,Object notstarted,Object notstarted,Object notstarted
2024-03-18 10:31:36,099.099,__main___datalogs,INFO,JoyConState.GO_HOME,0.000000,0.000000,0.000000,0.096125,0.006866,0.013732,0.020598,0.000000,0.000000,0.000000,0.000000,0,0,0,0,0,0,0,0,0,0,0,0.045257568359375,-0.004302978515625,0,0,0,0,0,0,0,0,Object notstarted,Object notstarted,Object notstarted,Object notstarted,Object notstarted,Object notstarted,Object notstarted,Object notstarted,Object notstarted
2024-03-18 10:31:36,141.141,__main___datalogs,INFO,JoyConState.GO_HOME,0.000000,0.000000,0.000000,0.091547,0.006866,0.013732,0.020598,0.000000,0.000000,0.000000,0.000000,0,0,0,0,0,0,0,0,0,0,0,0.045257568359375,-0.004302978515625,0,0,0,0,0,0,0,0,Object notstarted,Object notstarted,Object notstarted,Object notstarted,Object notstarted,Object notstarted,Object notstarted,Object notstarted,Object notstarted
2024-03-18 10:31:36,184.184,__main___datalogs,INFO,JoyConState.GO_HOME,0.000000,0.000000,0.000000,0.096125,0.006866,0.013732,0.020598,0.000000,0.000000,0.000000,0.000000,0,0,0,0,0,0,0,0,0,0,0,0.045257568359375,-0.004302978515625,0,0,0,0,0,0,0,0,Object notstarted,Object notstarted,Object notstarted,Object notstarted,Object notstarted,Object notstarted,Object notstarted,Object notstarted,Object notstarted
2024-03-18 10:31:36,226.226,__main___datalogs,INFO,JoyConState.GO_HOME,0.000000,0.000000,0.000000,0.096125,0.006866,0.013732,0.027464,0.000000,0.000000,0.000000,0.000000,0,0,0,0,0,0,0,0,0,0,0,0.045257568359375,-0.004302978515625,0,0,0,0,0,0,0,0,Object notstarted,Object notstarted,Object notstarted,Object notstarted,Object notstarted,Object notstarted,Object notstarted,Object notstarted,Object notstarted
2024-03-18 10:31:36,270.270,__main___datalogs,INFO,JoyConState.GO_HOME,0.000000,0.000000,0.000000,0.089258,0.006866,0.011443,0.025176,0.000000,0.000000,0.000000,0.000000,0,0,0,0,0,0,0,0,0,0,0,0.045257568359375,-0.004302978515625,0,0,0,0,0,0,0,0,Object notstarted,Object notstarted,Object notstarted,Object notstarted,Object notstarted,Object notstarted,Object notstarted,Object notstarted,Object notstarted
2024-03-18 10:31:36,313.313,__main___datalogs,INFO,JoyConState.GO_HOME,0.000000,0.000000,0.000000,0.091547,0.006866,0.013732,0.027464,0.000000,0.000000,0.000000,0.000000,0,0,0,0,0,0,0,0,0,0,0,0.045257568359375,-0.004302978515625,0,0,0,0,0,0,0,0,Object notstarted,Object notstarted,Object notstarted,Object notstarted,Object notstarted,Object notstarted,Object notstarted,Object notstarted,Object notstarted
2024-03-18 10:31:36,357.357,__main___datalogs,INFO,JoyConState.GO_HOME,0.000000,0.000000,0.000000,0.091547,0.002289,0.013732,0.025176,0.000000,0.000000,0.000000,0.000000,0,0,0,0,0,0,0,0,0,0,0,0.045257568359375,-0.004302978515625,0,0,0,0,0,0,0,0,Object notstarted,Object notstarted,Object notstarted,Object notstarted,Object notstarted,Object notstarted,Object notstarted,Object notstarted,Object notstarted
2024-03-18 10:31:36,397.397,__main___datalogs,INFO,JoyConState.GO_HOME,0.000000,0.000000,0.000000,0.089258,0.002289,0.013732,0.025176,0.000000,0.000000,0.000000,0.000000,0,0,0,0,0,0,0,0,0,0,0,0.045257568359375,-0.004302978515625,0,0,0,0,0,0,0,0,Object notstarted,Object notstarted,Object notstarted,Object notstarted,Object notstarted,Object notstarted,Object notstarted,Object notstarted,Object notstarted
2024-03-18 10:31:36,441.441,__main___datalogs,INFO,JoyConState.GO_HOME,0.000000,0.000000,0.000000,0.091547,0.009155,0.013732,0.025176,0.000000,0.000000,0.000000,0.000000,0,0,0,0,0,0,0,0,0,0,0,0.045257568359375,-0.004302978515625,0,0,0,0,0,0,0,0,Object notstarted,Object notstarted,Object notstarted,Object notstarted,Object notstarted,Object notstarted,Object notstarted,Object notstarted,Object notstarted
2024-03-18 10:31:36,483.483,__main___datalogs,INFO,JoyConState.GO_HOME,0.000000,0.000000,0.000000,0.091547,0.006866,0.013732,0.027464,0.000000,0.000000,0.000000,0.000000,0,0,0,0,0,0,0,0,0,0,0,0.045257568359375,-0.004302978515625,0,0,0,0,0,0,0,0,Object notstarted,Object notstarted,Object notstarted,Object notstarted,Object notstarted,Object notstarted,Object notstarted,Object notstarted,Object notstarted
2024-03-18 10:31:36,528.528,__main___datalogs,INFO,JoyConState.GO_HOME,0.000000,0.000000,0.000000,0.091547,0.009155,0.013732,0.025176,0.000000,0.000000,0.000000,0.000000,0,0,0,0,0,0,0,0,0,0,0,0.045257568359375,-0.004302978515625,0,0,0,0,0,0,0,0,Object notstarted,Object notstarted,Object notstarted,Object notstarted,Object notstarted,Object notstarted,Object notstarted,Object notstarted,Object notstarted
2024-03-18 10:31:36,570.570,__main___datalogs,INFO,JoyConState.GO_HOME,0.000000,0.000000,0.000000,0.091547,0.006866,0.013732,0.027464,0.000000,0.000000,0.000000,0.000000,0,0,0,0,0,0,0,0,0,0,0,0.045257568359375,-0.004302978515625,0,0,0,0,0,0,0,0,Object notstarted,Object notstarted,Object notstarted,Object notstarted,Object notstarted,Object notstarted,Object notstarted,Object notstarted,Object notstarted
2024-03-18 10:31:36,614.614,__main___datalogs,INFO,JoyConState.GO_HOME,0.000000,0.000000,0.000000,0.089258,0.006866,0.013732,0.025176,0.000000,0.000000,0.000000,0.000000,0,0,0,0,0,0,0,0,0,0,0,0.045257568359375,-0.004302978515625,0,0,0,0,0,0,0,0,Object notstarted,Object notstarted,Object notstarted,Object notstarted,Object notstarted,Object notstarted,Object notstarted,Object notstarted,Object notstarted
2024-03-18 10:31:36,656.656,__main___datalogs,INFO,JoyConState.GO_HOME,0.000000,0.000000,0.000000,0.091547,0.006866,0.013732,0.025176,0.000000,0.000000,0.000000,0.000000,0,0,0,0,0,0,0,0,0,0,0,0.045257568359375,-0.004302978515625,0,0,0,0,0,0,0,0,Object notstarted,Object notstarted,Object notstarted,Object notstarted,Object notstarted,Object notstarted,Object notstarted,Object notstarted,Object notstarted
2024-03-18 10:31:36,701.701,__main___datalogs,INFO,JoyConState.GO_HOME,0.000000,0.000000,0.000000,0.096125,0.006866,0.013732,0.020598,0.000000,0.000000,0.000000,0.000000,0,0,0,0,0,0,0,0,0,0,0,0.045257568359375,-0.004302978515625,0,0,0,0,0,0,0,0,Object notstarted,Object notstarted,Object notstarted,Object notstarted,Object notstarted,Object notstarted,Object notstarted,Object notstarted,Object notstarted
2024-03-18 10:31:36,756.756,__main___datalogs,INFO,JoyConState.GO_HOME,0.000000,0.000000,0.000000,0.091547,0.002289,0.011443,0.027464,0.000000,0.000000,0.000000,0.000000,0,0,0,0,0,0,0,0,0,0,0,0.045257568359375,-0.004302978515625,0,0,0,0,0,0,0,0,Object notstarted,Object notstarted,Object notstarted,Object notstarted,Object notstarted,Object notstarted,Object notstarted,Object notstarted,Object notstarted
2024-03-18 10:31:36,801.801,__main___datalogs,INFO,JoyConState.GO_HOME,0.000000,0.000000,0.000000,0.091547,0.002289,0.011443,0.025176,0.000000,0.000000,0.000000,0.000000,0,0,0,0,0,0,0,0,0,0,0,0.045257568359375,-0.004302978515625,0,0,0,0,0,0,0,0,Object notstarted,Object notstarted,Object notstarted,Object notstarted,Object notstarted,Object notstarted,Object notstarted,Object notstarted,Object notstarted
2024-03-18 10:31:36,844.844,__main___datalogs,INFO,JoyConState.GO_HOME,0.000000,0.000000,0.000000,0.096125,0.002289,0.013732,0.025176,0.000000,0.000000,0.000000,0.000000,0,0,0,0,0,0,0,0,0,0,0,0.045257568359375,-0.004302978515625,0,0,0,0,0,0,0,0,Object notstarted,Object notstarted,Object notstarted,Object notstarted,Object notstarted,Object notstarted,Object notstarted,Object notstarted,Object notstarted
2024-03-18 10:31:36,889.889,__main___datalogs,INFO,JoyConState.GO_HOME,0.000000,0.000000,0.000000,0.091547,0.002289,0.013732,0.025176,0.000000,0.000000,0.000000,0.000000,0,0,0,0,0,0,0,0,0,0,0,0.045257568359375,-0.004302978515625,0,0,0,0,0,0,0,0,Object notstarted,Object notstarted,Object notstarted,Object notstarted,Object notstarted,Object notstarted,Object notstarted,Object notstarted,Object notstarted
2024-03-18 10:31:36,932.932,__main___datalogs,INFO,JoyConState.GO_HOME,0.000000,0.000000,0.000000,0.091547,0.002289,0.013732,0.025176,0.000000,0.000000,0.000000,0.000000,0,0,0,0,0,0,0,0,0,0,0,0.045257568359375,-0.004302978515625,0,0,0,0,0,0,0,0,Object notstarted,Object notstarted,Object notstarted,Object notstarted,Object notstarted,Object notstarted,Object notstarted,Object notstarted,Object notstarted
2024-03-18 10:31:36,976.976,__main___datalogs,INFO,JoyConState.GO_HOME,0.000000,0.000000,0.000000,0.096125,0.006866,0.013732,0.027464,0.000000,0.000000,0.000000,0.000000,0,0,0,0,0,0,0,0,0,0,0,0.045257568359375,-0.004302978515625,0,0,0,0,0,0,0,0,Object notstarted,Object notstarted,Object notstarted,Object notstarted,Object notstarted,Object notstarted,Object notstarted,Object notstarted,Object notstarted
2024-03-18 10:31:37,018.018,__main___datalogs,INFO,JoyConState.GO_HOME,0.000000,0.000000,0.000000,0.096125,0.006866,0.013732,0.020598,0.000000,0.000000,0.000000,0.000000,0,0,0,0,0,0,0,0,0,0,0,0.045257568359375,-0.004302978515625,0,0,0,0,0,0,0,0,Object notstarted,Object notstarted,Object notstarted,Object notstarted,Object notstarted,Object notstarted,Object notstarted,Object notstarted,Object notstarted
2024-03-18 10:31:37,062.062,__main___datalogs,INFO,JoyConState.GO_HOME,0.000000,0.000000,0.000000,0.096125,0.002289,0.013732,0.025176,0.000000,0.000000,0.000000,0.000000,0,0,0,0,0,0,0,0,0,0,0,0.045257568359375,-0.004302978515625,0,0,0,0,0,0,0,0,Object notstarted,Object notstarted,Object notstarted,Object notstarted,Object notstarted,Object notstarted,Object notstarted,Object notstarted,Object notstarted
2024-03-18 10:31:37,103.103,__main___datalogs,INFO,JoyConState.GO_HOME,0.000000,0.000000,0.000000,0.091547,0.002289,0.011443,0.016021,0.000000,0.000000,0.000000,0.000000,0,0,0,0,0,0,0,0,0,0,0,0.045257568359375,-0.004302978515625,0,0,0,0,0,0,0,0,Object notstarted,Object notstarted,Object notstarted,Object notstarted,Object notstarted,Object notstarted,Object notstarted,Object notstarted,Object notstarted
2024-03-18 10:31:37,149.149,__main___datalogs,INFO,JoyConState.GO_HOME,0.000000,0.000000,0.000000,0.091547,0.002289,0.011443,0.020598,0.000000,0.000000,0.000000,0.000000,0,0,0,0,0,0,0,0,0,0,0,0.045257568359375,-0.004302978515625,0,0,0,0,0,0,0,0,Object notstarted,Object notstarted,Object notstarted,Object notstarted,Object notstarted,Object notstarted,Object notstarted,Object notstarted,Object notstarted
2024-03-18 10:31:37,191.191,__main___datalogs,INFO,JoyConState.GO_HOME,0.000000,0.000000,0.000000,0.091547,0.006866,0.013732,0.027464,0.000000,0.000000,0.000000,0.000000,0,0,0,0,0,0,0,0,0,0,0,0.045257568359375,-0.004302978515625,0,0,0,0,0,0,0,0,Object notstarted,Object notstarted,Object notstarted,Object notstarted,Object notstarted,Object notstarted,Object notstarted,Object notstarted,Object notstarted
2024-03-18 10:31:37,234.234,__main___datalogs,INFO,JoyConState.GO_HOME,0.000000,0.000000,0.000000,0.091547,0.006866,0.013732,0.025176,0.000000,0.000000,0.000000,0.000000,0,0,0,0,0,0,0,0,0,0,0,0.045257568359375,-0.004302978515625,0,0,0,0,0,0,0,0,Object notstarted,Object notstarted,Object notstarted,Object notstarted,Object notstarted,Object notstarted,Object notstarted,Object notstarted,Object notstarted
2024-03-18 10:31:37,273.273,__main___datalogs,INFO,JoyConState.GO_HOME,0.000000,0.000000,0.000000,0.091547,0.006866,0.013732,0.027464,0.000000,0.000000,0.000000,0.000000,0,0,0,0,0,0,0,0,0,0,0,0.045257568359375,-0.004302978515625,0,0,0,0,0,0,0,0,Object notstarted,Object notstarted,Object notstarted,Object notstarted,Object notstarted,Object notstarted,Object notstarted,Object notstarted,Object notstarted
2024-03-18 10:31:37,316.316,__main___datalogs,INFO,JoyConState.GO_HOME,0.000000,0.000000,0.000000,0.091547,0.006866,0.013732,0.020598,0.000000,0.000000,0.000000,0.000000,0,0,0,0,0,0,0,0,0,0,0,0.045257568359375,-0.004302978515625,0,0,0,0,0,0,0,0,Object notstarted,Object notstarted,Object notstarted,Object notstarted,Object notstarted,Object notstarted,Object notstarted,Object notstarted,Object notstarted
2024-03-18 10:31:37,357.357,__main___datalogs,INFO,JoyConState.GO_HOME,0.000000,0.000000,0.000000,0.091547,0.006866,0.013732,0.020598,0.000000,0.000000,0.000000,0.000000,0,0,0,0,0,0,0,0,0,0,0,0.045257568359375,-0.004302978515625,0,0,0,0,0,0,0,0,Object notstarted,Object notstarted,Object notstarted,Object notstarted,Object notstarted,Object notstarted,Object notstarted,Object notstarted,Object notstarted
2024-03-18 10:31:37,400.400,__main___datalogs,INFO,JoyConState.GO_HOME,0.000000,0.000000,0.000000,0.096125,0.006866,0.013732,0.020598,0.000000,0.000000,0.000000,0.000000,0,0,0,0,0,0,0,0,0,0,0,0.045257568359375,-0.004302978515625,0,0,0,0,0,0,0,0,Object notstarted,Object notstarted,Object notstarted,Object notstarted,Object notstarted,Object notstarted,Object notstarted,Object notstarted,Object notstarted
2024-03-18 10:31:37,443.443,__main___datalogs,INFO,JoyConState.GO_HOME,0.000000,0.000000,0.000000,0.096125,0.006866,0.013732,0.020598,0.000000,0.000000,0.000000,0.000000,0,0,0,0,0,0,0,0,0,0,0,0.045257568359375,-0.004302978515625,0,0,0,0,0,0,0,0,Object notstarted,Object notstarted,Object notstarted,Object notstarted,Object notstarted,Object notstarted,Object notstarted,Object notstarted,Object notstarted
2024-03-18 10:31:37,486.486,__main___datalogs,INFO,JoyConState.GO_HOME,0.000000,0.000000,0.000000,0.091547,0.002289,0.011443,0.020598,0.000000,0.000000,0.000000,0.000000,0,0,0,0,0,0,0,0,0,0,0,0.045257568359375,-0.004302978515625,0,0,0,0,0,0,0,0,Object notstarted,Object notstarted,Object notstarted,Object notstarted,Object notstarted,Object notstarted,Object notstarted,Object notstarted,Object notstarted
2024-03-18 10:31:37,528.528,__main___datalogs,INFO,JoyConState.GO_HOME,0.000000,0.000000,0.000000,0.091547,0.002289,0.011443,0.020598,0.000000,0.000000,0.000000,0.000000,0,0,0,0,0,0,0,0,0,0,0,0.045257568359375,-0.004302978515625,0,0,0,0,0,0,0,0,Object notstarted,Object notstarted,Object notstarted,Object notstarted,Object notstarted,Object notstarted,Object notstarted,Object notstarted,Object notstarted
2024-03-18 10:31:37,570.570,__main___datalogs,INFO,JoyConState.GO_HOME,0.000000,0.000000,0.000000,0.089258,0.002289,0.011443,0.020598,0.000000,0.000000,0.000000,0.000000,0,0,0,0,0,0,0,0,0,0,0,0.045257568359375,-0.004302978515625,0,0,0,0,0,0,0,0,Object notstarted,Object notstarted,Object notstarted,Object notstarted,Object notstarted,Object notstarted,Object notstarted,Object notstarted,Object notstarted
2024-03-18 10:31:37,612.612,__main___datalogs,INFO,JoyConState.GO_HOME,0.000000,0.000000,0.000000,0.091547,0.002289,0.013732,0.020598,0.000000,0.000000,0.000000,0.000000,0,0,0,0,0,0,0,0,0,0,0,0.045257568359375,-0.004302978515625,0,0,0,0,0,0,0,0,Object notstarted,Object notstarted,Object notstarted,Object notstarted,Object notstarted,Object notstarted,Object notstarted,Object notstarted,Object notstarted
2024-03-18 10:31:37,657.657,__main___datalogs,INFO,JoyConState.GO_HOME,0.000000,0.000000,0.000000,0.089258,0.006866,0.013732,0.020598,0.000000,0.000000,0.000000,0.000000,0,0,0,0,0,0,0,0,0,0,0,0.045257568359375,-0.004302978515625,0,0,0,0,0,0,0,0,Object notstarted,Object notstarted,Object notstarted,Object notstarted,Object notstarted,Object notstarted,Object notstarted,Object notstarted,Object notstarted
2024-03-18 10:31:37,698.698,__main___datalogs,INFO,JoyConState.GO_HOME,0.000000,0.000000,0.000000,0.089258,0.006866,0.013732,0.020598,0.000000,0.000000,0.000000,0.000000,0,0,0,0,0,0,0,0,0,0,0,0.045257568359375,-0.004302978515625,0,0,0,0,0,0,0,0,Object notstarted,Object notstarted,Object notstarted,Object notstarted,Object notstarted,Object notstarted,Object notstarted,Object notstarted,Object notstarted
2024-03-18 10:31:37,743.743,__main___datalogs,INFO,JoyConState.GO_HOME,0.000000,0.000000,0.000000,0.091547,0.006866,0.018310,0.025176,0.000000,0.000000,0.000000,0.000000,0,0,0,0,0,0,0,0,0,0,0,0.045257568359375,-0.004302978515625,0,0,0,0,0,0,0,0,Object notstarted,Object notstarted,Object notstarted,Object notstarted,Object notstarted,Object notstarted,Object notstarted,Object notstarted,Object notstarted
2024-03-18 10:31:37,801.801,__main___datalogs,INFO,JoyConState.GO_HOME,0.000000,0.000000,0.000000,0.091547,0.006866,0.011443,0.025176,0.000000,0.000000,0.000000,0.000000,0,0,0,0,0,0,0,0,0,0,0,0.045257568359375,-0.004302978515625,0,0,0,0,0,0,0,0,Object notstarted,Object notstarted,Object notstarted,Object notstarted,Object notstarted,Object notstarted,Object notstarted,Object notstarted,Object notstarted
2024-03-18 10:31:37,865.865,__main___datalogs,INFO,JoyConState.GO_HOME,0.000000,0.000000,0.000000,0.096125,0.006866,0.004577,0.025176,0.000000,0.000000,0.000000,0.000000,0,0,0,0,0,0,0,0,0,0,0,0.045257568359375,-0.004302978515625,0,0,0,0,0,0,0,0,Object notstarted,Object notstarted,Object notstarted,Object notstarted,Object notstarted,Object notstarted,Object notstarted,Object notstarted,Object notstarted
2024-03-18 10:31:37,905.905,__main___datalogs,INFO,JoyConState.GO_HOME,0.000000,0.000000,0.000000,0.096125,0.002289,0.013732,0.020598,0.000000,0.000000,0.000000,0.000000,0,0,0,0,0,0,0,0,0,0,0,0.045257568359375,-0.004302978515625,0,0,0,0,0,0,0,0,Object notstarted,Object notstarted,Object notstarted,Object notstarted,Object notstarted,Object notstarted,Object notstarted,Object notstarted,Object notstarted
2024-03-18 10:31:37,949.949,__main___datalogs,INFO,JoyConState.GO_HOME,0.000000,0.000000,0.000000,0.096125,0.002289,0.013732,0.020598,0.000000,0.000000,0.000000,0.000000,0,0,0,0,0,0,0,0,0,0,0,0.045257568359375,-0.004302978515625,0,0,0,0,0,0,0,0,Object notstarted,Object notstarted,Object notstarted,Object notstarted,Object notstarted,Object notstarted,Object notstarted,Object notstarted,Object notstarted
2024-03-18 10:31:37,992.992,__main___datalogs,INFO,JoyConState.GO_HOME,0.000000,0.000000,0.000000,0.096125,0.002289,0.013732,0.025176,0.000000,0.000000,0.000000,0.000000,0,0,0,0,0,0,0,0,0,0,0,0.045257568359375,-0.004302978515625,0,0,0,0,0,0,0,0,Object notstarted,Object notstarted,Object notstarted,Object notstarted,Object notstarted,Object notstarted,Object notstarted,Object notstarted,Object notstarted
2024-03-18 10:31:38,038.038,__main___datalogs,INFO,JoyConState.GO_HOME,0.000000,0.000000,0.000000,0.091547,0.002289,0.011443,0.020598,0.000000,0.000000,0.000000,0.000000,0,0,0,0,0,0,0,0,0,0,0,0.045257568359375,-0.004302978515625,0,0,0,0,0,0,0,0,Object notstarted,Object notstarted,Object notstarted,Object notstarted,Object notstarted,Object notstarted,Object notstarted,Object notstarted,Object notstarted
2024-03-18 10:31:38,081.081,__main___datalogs,INFO,JoyConState.GO_HOME,0.000000,0.000000,0.000000,0.089258,0.002289,0.011443,0.020598,0.000000,0.000000,0.000000,0.000000,0,0,0,0,0,0,0,0,0,0,0,0.045257568359375,-0.004302978515625,0,0,0,0,0,0,0,0,Object notstarted,Object notstarted,Object notstarted,Object notstarted,Object notstarted,Object notstarted,Object notstarted,Object notstarted,Object notstarted
2024-03-18 10:31:38,126.126,__main___datalogs,INFO,JoyConState.GO_HOME,0.000000,0.000000,0.000000,0.091547,0.002289,0.011443,0.020598,0.000000,0.000000,0.000000,0.000000,0,0,0,0,0,0,0,0,0,0,0,0.045257568359375,-0.004302978515625,0,0,0,0,0,0,0,0,Object notstarted,Object notstarted,Object notstarted,Object notstarted,Object notstarted,Object notstarted,Object notstarted,Object notstarted,Object notstarted
2024-03-18 10:31:38,167.167,__main___datalogs,INFO,JoyConState.GO_HOME,0.000000,0.000000,0.000000,0.091547,0.002289,0.013732,0.020598,0.000000,0.000000,0.000000,0.000000,0,0,0,0,0,0,0,0,0,0,0,0.045257568359375,-0.004302978515625,0,0,0,0,0,0,0,0,Object notstarted,Object notstarted,Object notstarted,Object notstarted,Object notstarted,Object notstarted,Object notstarted,Object notstarted,Object notstarted
2024-03-18 10:31:38,212.212,__main___datalogs,INFO,JoyConState.GO_HOME,0.000000,0.000000,0.000000,0.089258,0.002289,0.013732,0.025176,0.000000,0.000000,0.000000,0.000000,0,0,0,0,0,0,0,0,0,0,0,0.045257568359375,-0.004302978515625,0,0,0,0,0,0,0,0,Object notstarted,Object notstarted,Object notstarted,Object notstarted,Object notstarted,Object notstarted,Object notstarted,Object notstarted,Object notstarted
2024-03-18 10:31:38,255.255,__main___datalogs,INFO,JoyConState.GO_HOME,0.000000,0.000000,0.000000,0.096125,0.006866,0.013732,0.025176,0.000000,0.000000,0.000000,0.000000,0,0,0,0,0,0,0,0,0,0,0,0.045257568359375,-0.004302978515625,0,0,0,0,0,0,0,0,Object notstarted,Object notstarted,Object notstarted,Object notstarted,Object notstarted,Object notstarted,Object notstarted,Object notstarted,Object notstarted
2024-03-18 10:31:38,298.298,__main___datalogs,INFO,JoyConState.GO_HOME,0.000000,0.000000,0.000000,0.096125,0.006866,0.013732,0.025176,0.000000,0.000000,0.000000,0.000000,0,0,0,0,0,0,0,0,0,0,0,0.045257568359375,-0.004302978515625,0,0,0,0,0,0,0,0,Object notstarted,Object notstarted,Object notstarted,Object notstarted,Object notstarted,Object notstarted,Object notstarted,Object notstarted,Object notstarted
2024-03-18 10:31:38,340.340,__main___datalogs,INFO,JoyConState.GO_HOME,0.000000,0.000000,0.000000,0.091547,0.006866,0.013732,0.025176,0.000000,0.000000,0.000000,0.000000,0,0,0,0,0,0,0,0,0,0,0,0.045257568359375,-0.004302978515625,0,0,0,0,0,0,0,0,Object notstarted,Object notstarted,Object notstarted,Object notstarted,Object notstarted,Object notstarted,Object notstarted,Object notstarted,Object notstarted
2024-03-18 10:31:38,385.385,__main___datalogs,INFO,JoyConState.GO_HOME,0.000000,0.000000,0.000000,0.091547,0.006866,0.013732,0.020598,0.000000,0.000000,0.000000,0.000000,0,0,0,0,0,0,0,0,0,0,0,0.045257568359375,-0.004302978515625,0,0,0,0,0,0,0,0,Object notstarted,Object notstarted,Object notstarted,Object notstarted,Object notstarted,Object notstarted,Object notstarted,Object notstarted,Object notstarted
2024-03-18 10:31:38,428.428,__main___datalogs,INFO,JoyConState.GO_HOME,0.000000,0.000000,0.000000,0.089258,0.006866,0.013732,0.025176,0.000000,0.000000,0.000000,0.000000,0,0,0,0,0,0,0,0,0,0,0,0.045257568359375,-0.004302978515625,0,0,0,0,0,0,0,0,Object notstarted,Object notstarted,Object notstarted,Object notstarted,Object notstarted,Object notstarted,Object notstarted,Object notstarted,Object notstarted
2024-03-18 10:31:38,473.473,__main___datalogs,INFO,JoyConState.GO_HOME,0.000000,0.000000,0.000000,0.091547,0.006866,0.013732,0.027464,0.000000,0.000000,0.000000,0.000000,0,0,0,0,0,0,0,0,0,0,0,0.045257568359375,-0.004302978515625,0,0,0,0,0,0,0,0,Object notstarted,Object notstarted,Object notstarted,Object notstarted,Object notstarted,Object notstarted,Object notstarted,Object notstarted,Object notstarted
2024-03-18 10:31:38,515.515,__main___datalogs,INFO,JoyConState.GO_HOME,0.000000,0.000000,0.000000,0.089258,0.009155,0.013732,0.025176,0.000000,0.000000,0.000000,0.000000,0,0,0,0,0,0,0,0,0,0,0,0.045257568359375,-0.004302978515625,0,0,0,0,0,0,0,0,Object notstarted,Object notstarted,Object notstarted,Object notstarted,Object notstarted,Object notstarted,Object notstarted,Object notstarted,Object notstarted
2024-03-18 10:31:38,557.557,__main___datalogs,INFO,JoyConState.GO_HOME,0.000000,0.000000,0.000000,0.096125,0.006866,0.013732,0.025176,0.000000,0.000000,0.000000,0.000000,0,0,0,0,0,0,0,0,0,0,0,0.045257568359375,-0.004302978515625,0,0,0,0,0,0,0,0,Object notstarted,Object notstarted,Object notstarted,Object notstarted,Object notstarted,Object notstarted,Object notstarted,Object notstarted,Object notstarted
2024-03-18 10:31:38,598.598,__main___datalogs,INFO,JoyConState.GO_HOME,0.000000,0.000000,0.000000,0.091547,0.006866,0.013732,0.020598,0.000000,0.000000,0.000000,0.000000,0,0,0,0,0,0,0,0,0,0,0,0.045257568359375,-0.004302978515625,0,0,0,0,0,0,0,0,Object notstarted,Object notstarted,Object notstarted,Object notstarted,Object notstarted,Object notstarted,Object notstarted,Object notstarted,Object notstarted
2024-03-18 10:31:38,643.643,__main___datalogs,INFO,JoyConState.GO_HOME,0.000000,0.000000,0.000000,0.091547,0.006866,0.011443,0.020598,0.000000,0.000000,0.000000,0.000000,0,0,0,0,0,0,0,0,0,0,0,0.045257568359375,-0.004302978515625,0,0,0,0,0,0,0,0,Object notstarted,Object notstarted,Object notstarted,Object notstarted,Object notstarted,Object notstarted,Object notstarted,Object notstarted,Object notstarted
2024-03-18 10:31:38,687.687,__main___datalogs,INFO,JoyConState.GO_HOME,0.000000,0.000000,0.000000,0.096125,0.006866,0.011443,0.020598,0.000000,0.000000,0.000000,0.000000,0,0,0,0,0,0,0,0,0,0,0,0.045257568359375,-0.004302978515625,0,0,0,0,0,0,0,0,Object notstarted,Object notstarted,Object notstarted,Object notstarted,Object notstarted,Object notstarted,Object notstarted,Object notstarted,Object notstarted
2024-03-18 10:31:38,732.732,__main___datalogs,INFO,JoyConState.GO_HOME,0.000000,0.000000,0.000000,0.091547,0.006866,0.011443,0.020598,0.000000,0.000000,0.000000,0.000000,0,0,0,0,0,0,0,0,0,0,0,0.045257568359375,-0.004302978515625,0,0,0,0,0,0,0,0,Object notstarted,Object notstarted,Object notstarted,Object notstarted,Object notstarted,Object notstarted,Object notstarted,Object notstarted,Object notstarted
2024-03-18 10:31:38,775.775,__main___datalogs,INFO,JoyConState.GO_HOME,0.000000,0.000000,0.000000,0.089258,0.002289,0.013732,0.020598,0.000000,0.000000,0.000000,0.000000,0,0,0,0,0,0,0,0,0,0,0,0.045257568359375,-0.004302978515625,0,0,0,0,0,0,0,0,Object notstarted,Object notstarted,Object notstarted,Object notstarted,Object notstarted,Object notstarted,Object notstarted,Object notstarted,Object notstarted
2024-03-18 10:31:38,817.817,__main___datalogs,INFO,JoyConState.GO_HOME,0.000000,0.000000,0.000000,0.091547,0.002289,0.013732,0.020598,0.000000,0.000000,0.000000,0.000000,0,0,0,0,0,0,0,0,0,0,0,0.045257568359375,-0.004302978515625,0,0,0,0,0,0,0,0,Object notstarted,Object notstarted,Object notstarted,Object notstarted,Object notstarted,Object notstarted,Object notstarted,Object notstarted,Object notstarted
2024-03-18 10:31:38,863.863,__main___datalogs,INFO,JoyConState.GO_HOME,0.000000,0.000000,0.000000,0.096125,0.006866,0.011443,0.025176,0.000000,0.000000,0.000000,0.000000,0,0,0,0,0,0,0,0,0,0,0,0.045257568359375,-0.004302978515625,0,0,0,0,0,0,0,0,Object notstarted,Object notstarted,Object notstarted,Object notstarted,Object notstarted,Object notstarted,Object notstarted,Object notstarted,Object notstarted
2024-03-18 10:31:38,909.909,__main___datalogs,INFO,JoyConState.GO_HOME,0.000000,0.000000,0.000000,0.091547,0.006866,0.011443,0.027464,0.000000,0.000000,0.000000,0.000000,0,0,0,0,0,0,0,0,0,0,0,0.045257568359375,-0.004302978515625,0,0,0,0,0,0,0,0,Object notstarted,Object notstarted,Object notstarted,Object notstarted,Object notstarted,Object notstarted,Object notstarted,Object notstarted,Object notstarted
2024-03-18 10:31:38,952.952,__main___datalogs,INFO,JoyConState.GO_HOME,0.000000,0.000000,0.000000,0.096125,0.006866,0.013732,0.027464,0.000000,0.000000,0.000000,0.000000,0,0,0,0,0,0,0,0,0,0,0,0.045257568359375,-0.004302978515625,0,0,0,0,0,0,0,0,Object notstarted,Object notstarted,Object notstarted,Object notstarted,Object notstarted,Object notstarted,Object notstarted,Object notstarted,Object notstarted
2024-03-18 10:31:38,995.995,__main___datalogs,INFO,JoyConState.GO_HOME,0.000000,0.000000,0.000000,0.096125,0.006866,0.013732,0.025176,0.000000,0.000000,0.000000,0.000000,0,0,0,0,0,0,0,0,0,0,0,0.045257568359375,-0.004302978515625,0,0,0,0,0,0,0,0,Object notstarted,Object notstarted,Object notstarted,Object notstarted,Object notstarted,Object notstarted,Object notstarted,Object notstarted,Object notstarted
2024-03-18 10:31:39,037.037,__main___datalogs,INFO,JoyConState.GO_HOME,0.000000,0.000000,0.000000,0.089258,0.006866,0.013732,0.020598,0.000000,0.000000,0.000000,0.000000,0,0,0,0,0,0,0,0,0,0,0,0.045257568359375,-0.004302978515625,0,0,0,0,0,0,0,0,Object notstarted,Object notstarted,Object notstarted,Object notstarted,Object notstarted,Object notstarted,Object notstarted,Object notstarted,Object notstarted
2024-03-18 10:31:39,080.080,__main___datalogs,INFO,JoyConState.GO_HOME,0.000000,0.000000,0.000000,0.091547,0.006866,0.013732,0.020598,0.000000,0.000000,0.000000,0.000000,0,0,0,0,0,0,0,0,0,0,0,0.045257568359375,-0.004302978515625,0,0,0,0,0,0,0,0,Object notstarted,Object notstarted,Object notstarted,Object notstarted,Object notstarted,Object notstarted,Object notstarted,Object notstarted,Object notstarted
2024-03-18 10:31:39,124.124,__main___datalogs,INFO,JoyConState.GO_HOME,0.000000,0.000000,0.000000,0.089258,0.006866,0.013732,0.027464,0.000000,0.000000,0.000000,0.000000,0,0,0,0,0,0,0,0,0,0,0,0.045257568359375,-0.004302978515625,0,0,0,0,0,0,0,0,Object notstarted,Object notstarted,Object notstarted,Object notstarted,Object notstarted,Object notstarted,Object notstarted,Object notstarted,Object notstarted
2024-03-18 10:31:39,167.167,__main___datalogs,INFO,JoyConState.GO_HOME,0.000000,0.000000,0.000000,0.091547,0.002289,0.013732,0.025176,0.000000,0.000000,0.000000,0.000000,0,0,0,0,0,0,0,0,0,0,0,0.045257568359375,-0.004302978515625,0,0,0,0,0,0,0,0,Object notstarted,Object notstarted,Object notstarted,Object notstarted,Object notstarted,Object notstarted,Object notstarted,Object notstarted,Object notstarted
2024-03-18 10:31:39,209.209,__main___datalogs,INFO,JoyConState.GO_HOME,0.000000,0.000000,0.000000,0.091547,0.006866,0.013732,0.025176,0.000000,0.000000,0.000000,0.000000,0,0,0,0,0,0,0,0,0,0,0,0.045257568359375,-0.004302978515625,0,0,0,0,0,0,0,0,Object notstarted,Object notstarted,Object notstarted,Object notstarted,Object notstarted,Object notstarted,Object notstarted,Object notstarted,Object notstarted
2024-03-18 10:31:39,253.253,__main___datalogs,INFO,JoyConState.GO_HOME,0.000000,0.000000,0.000000,0.091547,0.002289,0.013732,0.027464,0.000000,0.000000,0.000000,0.000000,0,0,0,0,0,0,0,0,0,0,0,0.045257568359375,-0.004302978515625,0,0,0,0,0,0,0,0,Object notstarted,Object notstarted,Object notstarted,Object notstarted,Object notstarted,Object notstarted,Object notstarted,Object notstarted,Object notstarted
2024-03-18 10:31:39,296.296,__main___datalogs,INFO,JoyConState.GO_HOME,0.000000,0.000000,0.000000,0.096125,0.006866,0.013732,0.027464,0.000000,0.000000,0.000000,0.000000,0,0,0,0,0,0,0,0,0,0,0,0.045257568359375,-0.004302978515625,0,0,0,0,0,0,0,0,Object notstarted,Object notstarted,Object notstarted,Object notstarted,Object notstarted,Object notstarted,Object notstarted,Object notstarted,Object notstarted
2024-03-18 10:31:39,340.340,__main___datalogs,INFO,JoyConState.GO_HOME,0.000000,0.000000,0.000000,0.096125,0.006866,0.013732,0.027464,0.000000,0.000000,0.000000,0.000000,0,0,0,0,0,0,0,0,0,0,0,0.045257568359375,-0.004302978515625,0,0,0,0,0,0,0,0,Object notstarted,Object notstarted,Object notstarted,Object notstarted,Object notstarted,Object notstarted,Object notstarted,Object notstarted,Object notstarted
2024-03-18 10:31:39,383.383,__main___datalogs,INFO,JoyConState.GO_HOME,0.000000,0.000000,0.000000,0.091547,0.002289,0.013732,0.025176,0.000000,0.000000,0.000000,0.000000,0,0,0,0,0,0,0,0,0,0,0,0.045257568359375,-0.004302978515625,0,0,0,0,0,0,0,0,Object notstarted,Object notstarted,Object notstarted,Object notstarted,Object notstarted,Object notstarted,Object notstarted,Object notstarted,Object notstarted
2024-03-18 10:31:39,426.426,__main___datalogs,INFO,JoyConState.GO_HOME,0.000000,0.000000,0.000000,0.091547,0.002289,0.018310,0.025176,0.000000,0.000000,0.000000,0.000000,0,0,0,0,0,0,0,0,0,0,0,0.045257568359375,-0.004302978515625,0,0,0,0,0,0,0,0,Object notstarted,Object notstarted,Object notstarted,Object notstarted,Object notstarted,Object notstarted,Object notstarted,Object notstarted,Object notstarted
2024-03-18 10:31:39,469.469,__main___datalogs,INFO,JoyConState.GO_HOME,0.000000,0.000000,0.000000,0.091547,0.006866,0.013732,0.025176,0.000000,0.000000,0.000000,0.000000,0,0,0,0,0,0,0,0,0,0,0,0.045257568359375,-0.004302978515625,0,0,0,0,0,0,0,0,Object notstarted,Object notstarted,Object notstarted,Object notstarted,Object notstarted,Object notstarted,Object notstarted,Object notstarted,Object notstarted
2024-03-18 10:31:39,512.512,__main___datalogs,INFO,JoyConState.GO_HOME,0.000000,0.000000,0.000000,0.096125,0.006866,0.013732,0.027464,0.000000,0.000000,0.000000,0.000000,0,0,0,0,0,0,0,0,0,0,0,0.045257568359375,-0.004302978515625,0,0,0,0,0,0,0,0,Object notstarted,Object notstarted,Object notstarted,Object notstarted,Object notstarted,Object notstarted,Object notstarted,Object notstarted,Object notstarted
2024-03-18 10:31:39,555.555,__main___datalogs,INFO,JoyConState.GO_HOME,0.000000,0.000000,0.000000,0.091547,0.006866,0.013732,0.027464,0.000000,0.000000,0.000000,0.000000,0,0,0,0,0,0,0,0,0,0,0,0.045257568359375,-0.004302978515625,0,0,0,0,0,0,0,0,Object notstarted,Object notstarted,Object notstarted,Object notstarted,Object notstarted,Object notstarted,Object notstarted,Object notstarted,Object notstarted
2024-03-18 10:31:39,599.599,__main___datalogs,INFO,JoyConState.GO_HOME,0.000000,0.000000,0.000000,0.091547,0.006866,0.013732,0.020598,0.000000,0.000000,0.000000,0.000000,0,0,0,0,0,0,0,0,0,0,0,0.045257568359375,-0.004302978515625,0,0,0,0,0,0,0,0,Object notstarted,Object notstarted,Object notstarted,Object notstarted,Object notstarted,Object notstarted,Object notstarted,Object notstarted,Object notstarted
2024-03-18 10:31:39,643.643,__main___datalogs,INFO,JoyConState.GO_HOME,0.000000,0.000000,0.000000,0.091547,0.006866,0.013732,0.025176,0.000000,0.000000,0.000000,0.000000,0,0,0,0,0,0,0,0,0,0,0,0.045257568359375,-0.004302978515625,0,0,0,0,0,0,0,0,Object notstarted,Object notstarted,Object notstarted,Object notstarted,Object notstarted,Object notstarted,Object notstarted,Object notstarted,Object notstarted
2024-03-18 10:31:39,688.688,__main___datalogs,INFO,JoyConState.GO_HOME,0.000000,0.000000,0.000000,0.096125,0.006866,0.013732,0.020598,0.000000,0.000000,0.000000,0.000000,0,0,0,0,0,0,0,0,0,0,0,0.045257568359375,-0.004302978515625,0,0,0,0,0,0,0,0,Object notstarted,Object notstarted,Object notstarted,Object notstarted,Object notstarted,Object notstarted,Object notstarted,Object notstarted,Object notstarted
2024-03-18 10:31:39,731.731,__main___datalogs,INFO,JoyConState.GO_HOME,0.000000,0.000000,0.000000,0.096125,0.006866,0.013732,0.025176,0.000000,0.000000,0.000000,0.000000,0,0,0,0,0,0,0,0,0,0,0,0.045257568359375,-0.004302978515625,0,0,0,0,0,0,0,0,Object notstarted,Object notstarted,Object notstarted,Object notstarted,Object notstarted,Object notstarted,Object notstarted,Object notstarted,Object notstarted
2024-03-18 10:31:39,775.775,__main___datalogs,INFO,JoyConState.GO_HOME,0.000000,0.000000,0.000000,0.089258,0.006866,0.013732,0.027464,0.000000,0.000000,0.000000,0.000000,0,0,0,0,0,0,0,0,0,0,0,0.045257568359375,-0.004302978515625,0,0,0,0,0,0,0,0,Object notstarted,Object notstarted,Object notstarted,Object notstarted,Object notstarted,Object notstarted,Object notstarted,Object notstarted,Object notstarted
2024-03-18 10:31:39,817.817,__main___datalogs,INFO,JoyConState.GO_HOME,0.000000,0.000000,0.000000,0.091547,0.006866,0.011443,0.025176,0.000000,0.000000,0.000000,0.000000,0,0,0,0,0,0,0,0,0,0,0,0.045257568359375,-0.004302978515625,0,0,0,0,0,0,0,0,Object notstarted,Object notstarted,Object notstarted,Object notstarted,Object notstarted,Object notstarted,Object notstarted,Object notstarted,Object notstarted
2024-03-18 10:31:39,861.861,__main___datalogs,INFO,JoyConState.GO_HOME,0.000000,0.000000,0.000000,0.091547,0.006866,0.011443,0.027464,0.000000,0.000000,0.000000,0.000000,0,0,0,0,0,0,0,0,0,0,0,0.045257568359375,-0.004302978515625,0,0,0,0,0,0,0,0,Object notstarted,Object notstarted,Object notstarted,Object notstarted,Object notstarted,Object notstarted,Object notstarted,Object notstarted,Object notstarted
2024-03-18 10:31:39,905.905,__main___datalogs,INFO,JoyConState.GO_HOME,0.000000,0.000000,0.000000,0.096125,0.006866,0.013732,0.025176,0.000000,0.000000,0.000000,0.000000,0,0,0,0,0,0,0,0,0,0,0,0.045257568359375,-0.004302978515625,0,0,0,0,0,0,0,0,Object notstarted,Object notstarted,Object notstarted,Object notstarted,Object notstarted,Object notstarted,Object notstarted,Object notstarted,Object notstarted
2024-03-18 10:31:39,963.963,__main___datalogs,INFO,JoyConState.GO_HOME,0.000000,0.000000,0.000000,0.091547,0.006866,0.013732,0.025176,0.000000,0.000000,0.000000,0.000000,0,0,0,0,0,0,0,0,0,0,0,0.045257568359375,-0.004302978515625,0,0,0,0,0,0,0,0,Object notstarted,Object notstarted,Object notstarted,Object notstarted,Object notstarted,Object notstarted,Object notstarted,Object notstarted,Object notstarted
2024-03-18 10:31:40,003.003,__main___datalogs,INFO,JoyConState.GO_HOME,0.000000,0.000000,0.000000,0.089258,0.006866,0.013732,0.025176,0.000000,0.000000,0.000000,0.000000,0,0,0,0,0,0,0,0,0,0,0,0.045257568359375,-0.004302978515625,0,0,0,0,0,0,0,0,Object notstarted,Object notstarted,Object notstarted,Object notstarted,Object notstarted,Object notstarted,Object notstarted,Object notstarted,Object notstarted
2024-03-18 10:31:40,048.048,__main___datalogs,INFO,JoyConState.GO_HOME,0.000000,0.000000,0.000000,0.091547,0.006866,0.013732,0.025176,0.000000,0.000000,0.000000,0.000000,0,0,0,0,0,0,0,0,0,0,0,0.045257568359375,-0.004302978515625,0,0,0,0,0,0,0,0,Object notstarted,Object notstarted,Object notstarted,Object notstarted,Object notstarted,Object notstarted,Object notstarted,Object notstarted,Object notstarted
2024-03-18 10:31:40,092.092,__main___datalogs,INFO,JoyConState.GO_HOME,0.000000,0.000000,0.000000,0.091547,0.002289,0.013732,0.020598,0.000000,0.000000,0.000000,0.000000,0,0,0,0,0,0,0,0,0,0,0,0.045257568359375,-0.004302978515625,0,0,0,0,0,0,0,0,Object notstarted,Object notstarted,Object notstarted,Object notstarted,Object notstarted,Object notstarted,Object notstarted,Object notstarted,Object notstarted
2024-03-18 10:31:40,136.136,__main___datalogs,INFO,JoyConState.GO_HOME,0.000000,0.000000,0.000000,0.089258,0.002289,0.013732,0.020598,0.000000,0.000000,0.000000,0.000000,0,0,0,0,0,0,0,0,0,0,0,0.045257568359375,-0.004302978515625,0,0,0,0,0,0,0,0,Object notstarted,Object notstarted,Object notstarted,Object notstarted,Object notstarted,Object notstarted,Object notstarted,Object notstarted,Object notstarted
2024-03-18 10:31:40,178.178,__main___datalogs,INFO,JoyConState.GO_HOME,0.000000,0.000000,0.000000,0.096125,0.006866,0.013732,0.020598,0.000000,0.000000,0.000000,0.000000,0,0,0,0,0,0,0,0,0,0,0,0.045257568359375,-0.004302978515625,0,0,0,0,0,0,0,0,Object notstarted,Object notstarted,Object notstarted,Object notstarted,Object notstarted,Object notstarted,Object notstarted,Object notstarted,Object notstarted
2024-03-18 10:31:40,220.220,__main___datalogs,INFO,JoyConState.GO_HOME,0.000000,0.000000,0.000000,0.096125,0.006866,0.013732,0.020598,0.000000,0.000000,0.000000,0.000000,0,0,0,0,0,0,0,0,0,0,0,0.045257568359375,-0.004302978515625,0,0,0,0,0,0,0,0,Object notstarted,Object notstarted,Object notstarted,Object notstarted,Object notstarted,Object notstarted,Object notstarted,Object notstarted,Object notstarted
2024-03-18 10:31:40,265.265,__main___datalogs,INFO,JoyConState.GO_HOME,0.000000,0.000000,0.000000,0.096125,0.006866,0.013732,0.027464,0.000000,0.000000,0.000000,0.000000,0,0,0,0,0,0,0,0,0,0,0,0.045257568359375,-0.004302978515625,0,0,0,0,0,0,0,0,Object notstarted,Object notstarted,Object notstarted,Object notstarted,Object notstarted,Object notstarted,Object notstarted,Object notstarted,Object notstarted
2024-03-18 10:31:40,309.309,__main___datalogs,INFO,JoyConState.GO_HOME,0.000000,0.000000,0.000000,0.091547,-0.002289,0.013732,0.027464,0.000000,0.000000,0.000000,0.000000,0,0,0,0,0,0,0,0,0,0,0,0.045257568359375,-0.004302978515625,0,0,0,0,0,0,0,0,Object notstarted,Object notstarted,Object notstarted,Object notstarted,Object notstarted,Object notstarted,Object notstarted,Object notstarted,Object notstarted
2024-03-18 10:31:40,351.351,__main___datalogs,INFO,JoyConState.GO_HOME,0.000000,0.000000,0.000000,0.091547,0.002289,0.013732,0.025176,0.000000,0.000000,0.000000,0.000000,0,0,0,0,0,0,0,0,0,0,0,0.045257568359375,-0.004302978515625,0,0,0,0,0,0,0,0,Object notstarted,Object notstarted,Object notstarted,Object notstarted,Object notstarted,Object notstarted,Object notstarted,Object notstarted,Object notstarted
2024-03-18 10:31:40,393.393,__main___datalogs,INFO,JoyConState.GO_HOME,0.000000,0.000000,0.000000,0.096125,0.002289,0.013732,0.025176,0.000000,0.000000,0.000000,0.000000,0,0,0,0,0,0,0,0,0,0,0,0.045257568359375,-0.004302978515625,0,0,0,0,0,0,0,0,Object notstarted,Object notstarted,Object notstarted,Object notstarted,Object notstarted,Object notstarted,Object notstarted,Object notstarted,Object notstarted
2024-03-18 10:31:40,435.435,__main___datalogs,INFO,JoyConState.GO_HOME,0.000000,0.000000,0.000000,0.096125,0.006866,0.013732,0.020598,0.000000,0.000000,0.000000,0.000000,0,0,0,0,0,0,0,0,0,0,0,0.045257568359375,-0.004302978515625,0,0,0,0,0,0,0,0,Object notstarted,Object notstarted,Object notstarted,Object notstarted,Object notstarted,Object notstarted,Object notstarted,Object notstarted,Object notstarted
2024-03-18 10:31:40,478.478,__main___datalogs,INFO,JoyConState.GO_HOME,0.000000,0.000000,0.000000,0.091547,0.006866,0.013732,0.027464,0.000000,0.000000,0.000000,0.000000,0,0,0,0,0,0,0,0,0,0,0,0.045257568359375,-0.004302978515625,0,0,0,0,0,0,0,0,Object notstarted,Object notstarted,Object notstarted,Object notstarted,Object notstarted,Object notstarted,Object notstarted,Object notstarted,Object notstarted
2024-03-18 10:31:40,519.519,__main___datalogs,INFO,JoyConState.GO_HOME,0.000000,0.000000,0.000000,0.089258,0.006866,0.013732,0.025176,0.000000,0.000000,0.000000,0.000000,0,0,0,0,0,0,0,0,0,0,0,0.045257568359375,-0.004302978515625,0,0,0,0,0,0,0,0,Object notstarted,Object notstarted,Object notstarted,Object notstarted,Object notstarted,Object notstarted,Object notstarted,Object notstarted,Object notstarted
2024-03-18 10:31:40,563.563,__main___datalogs,INFO,JoyConState.GO_HOME,0.000000,0.000000,0.000000,0.089258,0.009155,0.013732,0.027464,0.000000,0.000000,0.000000,0.000000,0,0,0,0,0,0,0,0,0,0,0,0.045257568359375,-0.004302978515625,0,0,0,0,0,0,0,0,Object notstarted,Object notstarted,Object notstarted,Object notstarted,Object notstarted,Object notstarted,Object notstarted,Object notstarted,Object notstarted
2024-03-18 10:31:40,606.606,__main___datalogs,INFO,JoyConState.GO_HOME,0.000000,0.000000,0.000000,0.089258,0.002289,0.013732,0.020598,0.000000,0.000000,0.000000,0.000000,0,0,0,0,0,0,0,0,0,0,0,0.045257568359375,-0.004302978515625,0,0,0,0,0,0,0,0,Object notstarted,Object notstarted,Object notstarted,Object notstarted,Object notstarted,Object notstarted,Object notstarted,Object notstarted,Object notstarted
2024-03-18 10:31:40,652.652,__main___datalogs,INFO,JoyConState.GO_HOME,0.000000,0.000000,0.000000,0.089258,0.002289,0.013732,0.020598,0.000000,0.000000,0.000000,0.000000,0,0,0,0,0,0,0,0,0,0,0,0.045257568359375,-0.004302978515625,0,0,0,0,0,0,0,0,Object notstarted,Object notstarted,Object notstarted,Object notstarted,Object notstarted,Object notstarted,Object notstarted,Object notstarted,Object notstarted
2024-03-18 10:31:40,694.694,__main___datalogs,INFO,JoyConState.GO_HOME,0.000000,0.000000,0.000000,0.091547,0.006866,0.013732,0.025176,0.000000,0.000000,0.000000,0.000000,0,0,0,0,0,0,0,0,0,0,0,0.045257568359375,-0.004302978515625,0,0,0,0,0,0,0,0,Object notstarted,Object notstarted,Object notstarted,Object notstarted,Object notstarted,Object notstarted,Object notstarted,Object notstarted,Object notstarted
2024-03-18 10:31:40,738.738,__main___datalogs,INFO,JoyConState.GO_HOME,0.000000,0.000000,0.000000,0.091547,0.006866,0.013732,0.027464,0.000000,0.000000,0.000000,0.000000,0,0,0,0,0,0,0,0,0,0,0,0.045257568359375,-0.004302978515625,0,0,0,0,0,0,0,0,Object notstarted,Object notstarted,Object notstarted,Object notstarted,Object notstarted,Object notstarted,Object notstarted,Object notstarted,Object notstarted
2024-03-18 10:31:40,781.781,__main___datalogs,INFO,JoyConState.GO_HOME,0.000000,0.000000,0.000000,0.089258,0.002289,0.011443,0.025176,0.000000,0.000000,0.000000,0.000000,0,0,0,0,0,0,0,0,0,0,0,0.045257568359375,-0.004302978515625,0,0,0,0,0,0,0,0,Object notstarted,Object notstarted,Object notstarted,Object notstarted,Object notstarted,Object notstarted,Object notstarted,Object notstarted,Object notstarted
2024-03-18 10:31:40,826.826,__main___datalogs,INFO,JoyConState.GO_HOME,0.000000,0.000000,0.000000,0.091547,0.002289,0.011443,0.025176,0.000000,0.000000,0.000000,0.000000,0,0,0,0,0,0,0,0,0,0,0,0.045257568359375,-0.004302978515625,0,0,0,0,0,0,0,0,Object notstarted,Object notstarted,Object notstarted,Object notstarted,Object notstarted,Object notstarted,Object notstarted,Object notstarted,Object notstarted
2024-03-18 10:31:40,867.867,__main___datalogs,INFO,JoyConState.GO_HOME,0.000000,0.000000,0.000000,0.089258,0.002289,0.011443,0.027464,0.000000,0.000000,0.000000,0.000000,0,0,0,0,0,0,0,0,0,0,0,0.045257568359375,-0.004302978515625,0,0,0,0,0,0,0,0,Object notstarted,Object notstarted,Object notstarted,Object notstarted,Object notstarted,Object notstarted,Object notstarted,Object notstarted,Object notstarted
2024-03-18 10:31:40,910.910,__main___datalogs,INFO,JoyConState.GO_HOME,0.000000,0.000000,0.000000,0.091547,0.006866,0.011443,0.027464,0.000000,0.000000,0.000000,0.000000,0,0,0,0,0,0,0,0,0,0,0,0.045257568359375,-0.004302978515625,0,0,0,0,0,0,0,0,Object notstarted,Object notstarted,Object notstarted,Object notstarted,Object notstarted,Object notstarted,Object notstarted,Object notstarted,Object notstarted
2024-03-18 10:31:40,951.951,__main___datalogs,INFO,JoyConState.GO_HOME,0.000000,0.000000,0.000000,0.089258,0.006866,0.013732,0.025176,0.000000,0.000000,0.000000,0.000000,0,0,0,0,0,0,0,0,0,0,0,0.045257568359375,-0.004302978515625,0,0,0,0,0,0,0,0,Object notstarted,Object notstarted,Object notstarted,Object notstarted,Object notstarted,Object notstarted,Object notstarted,Object notstarted,Object notstarted
2024-03-18 10:31:41,005.005,__main___datalogs,INFO,JoyConState.GO_HOME,0.000000,0.000000,0.000000,0.089258,-0.002289,0.013732,0.025176,0.000000,0.000000,0.000000,0.000000,0,0,0,0,0,0,0,0,0,0,0,0.045257568359375,-0.004302978515625,0,0,0,0,0,0,0,0,Object notstarted,Object notstarted,Object notstarted,Object notstarted,Object notstarted,Object notstarted,Object notstarted,Object notstarted,Object notstarted
2024-03-18 10:31:41,049.049,__main___datalogs,INFO,JoyConState.GO_HOME,0.000000,0.000000,0.000000,0.089258,0.006866,0.013732,0.027464,0.000000,0.000000,0.000000,0.000000,0,0,0,0,0,0,0,0,0,0,0,0.045257568359375,-0.004302978515625,0,0,0,0,0,0,0,0,Object notstarted,Object notstarted,Object notstarted,Object notstarted,Object notstarted,Object notstarted,Object notstarted,Object notstarted,Object notstarted
2024-03-18 10:31:41,092.092,__main___datalogs,INFO,JoyConState.GO_HOME,0.000000,0.000000,0.000000,0.091547,0.006866,0.013732,0.025176,0.000000,0.000000,0.000000,0.000000,0,0,0,0,0,0,0,0,0,0,0,0.045257568359375,-0.004302978515625,0,0,0,0,0,0,0,0,Object notstarted,Object notstarted,Object notstarted,Object notstarted,Object notstarted,Object notstarted,Object notstarted,Object notstarted,Object notstarted
2024-03-18 10:31:41,134.134,__main___datalogs,INFO,JoyConState.GO_HOME,0.000000,0.000000,0.000000,0.091547,0.006866,0.013732,0.025176,0.000000,0.000000,0.000000,0.000000,0,0,0,0,0,0,0,0,0,0,0,0.045257568359375,-0.004302978515625,0,0,0,0,0,0,0,0,Object notstarted,Object notstarted,Object notstarted,Object notstarted,Object notstarted,Object notstarted,Object notstarted,Object notstarted,Object notstarted
2024-03-18 10:31:41,177.177,__main___datalogs,INFO,JoyConState.GO_HOME,0.000000,0.000000,0.000000,0.091547,0.006866,0.013732,0.027464,0.000000,0.000000,0.000000,0.000000,0,0,0,0,0,0,0,0,0,0,0,0.045257568359375,-0.004302978515625,0,0,0,0,0,0,0,0,Object notstarted,Object notstarted,Object notstarted,Object notstarted,Object notstarted,Object notstarted,Object notstarted,Object notstarted,Object notstarted
2024-03-18 10:31:41,219.219,__main___datalogs,INFO,JoyConState.GO_HOME,0.000000,0.000000,0.000000,0.096125,0.006866,0.013732,0.025176,0.000000,0.000000,0.000000,0.000000,0,0,0,0,0,0,0,0,0,0,0,0.045257568359375,-0.004302978515625,0,0,0,0,0,0,0,0,Object notstarted,Object notstarted,Object notstarted,Object notstarted,Object notstarted,Object notstarted,Object notstarted,Object notstarted,Object notstarted
2024-03-18 10:31:41,263.263,__main___datalogs,INFO,JoyConState.GO_HOME,0.000000,0.000000,0.000000,0.091547,0.006866,0.013732,0.025176,0.000000,0.000000,0.000000,0.000000,0,0,0,0,0,0,0,0,0,0,0,0.045257568359375,-0.004302978515625,0,0,0,0,0,0,0,0,Object notstarted,Object notstarted,Object notstarted,Object notstarted,Object notstarted,Object notstarted,Object notstarted,Object notstarted,Object notstarted
2024-03-18 10:31:41,307.307,__main___datalogs,INFO,JoyConState.GO_HOME,0.000000,0.000000,0.000000,0.091547,0.009155,0.013732,0.020598,0.000000,0.000000,0.000000,0.000000,0,0,0,0,0,0,0,0,0,0,0,0.045257568359375,-0.004302978515625,0,0,0,0,0,0,0,0,Object notstarted,Object notstarted,Object notstarted,Object notstarted,Object notstarted,Object notstarted,Object notstarted,Object notstarted,Object notstarted
2024-03-18 10:31:41,352.352,__main___datalogs,INFO,JoyConState.GO_HOME,0.000000,0.000000,0.000000,0.096125,0.006866,0.018310,0.025176,0.000000,0.000000,0.000000,0.000000,0,0,0,0,0,0,0,0,0,0,0,0.045257568359375,-0.004302978515625,0,0,0,0,0,0,0,0,Object notstarted,Object notstarted,Object notstarted,Object notstarted,Object notstarted,Object notstarted,Object notstarted,Object notstarted,Object notstarted
2024-03-18 10:31:41,393.393,__main___datalogs,INFO,JoyConState.GO_HOME,0.000000,0.000000,0.000000,0.091547,0.002289,0.013732,0.025176,0.000000,0.000000,0.000000,0.000000,0,0,0,0,0,0,0,0,0,0,0,0.045257568359375,-0.004302978515625,0,0,0,0,0,0,0,0,Object notstarted,Object notstarted,Object notstarted,Object notstarted,Object notstarted,Object notstarted,Object notstarted,Object notstarted,Object notstarted
2024-03-18 10:31:41,436.436,__main___datalogs,INFO,JoyConState.GO_HOME,0.000000,0.000000,0.000000,0.089258,-0.002289,0.013732,0.027464,0.000000,0.000000,0.000000,0.000000,0,0,0,0,0,0,0,0,0,0,0,0.045257568359375,-0.004302978515625,0,0,0,0,0,0,0,0,Object notstarted,Object notstarted,Object notstarted,Object notstarted,Object notstarted,Object notstarted,Object notstarted,Object notstarted,Object notstarted
2024-03-18 10:31:41,476.476,__main___datalogs,INFO,JoyConState.GO_HOME,0.000000,0.000000,0.000000,0.091547,0.002289,0.013732,0.025176,0.000000,0.000000,0.000000,0.000000,0,0,0,0,0,0,0,0,0,0,0,0.045257568359375,-0.004302978515625,0,0,0,0,0,0,0,0,Object notstarted,Object notstarted,Object notstarted,Object notstarted,Object notstarted,Object notstarted,Object notstarted,Object notstarted,Object notstarted
2024-03-18 10:31:41,519.519,__main___datalogs,INFO,JoyConState.GO_HOME,0.000000,0.000000,0.000000,0.091547,0.006866,0.013732,0.025176,0.000000,0.000000,0.000000,0.000000,0,0,0,0,0,0,0,0,0,0,0,0.045257568359375,-0.004302978515625,0,0,0,0,0,0,0,0,Object notstarted,Object notstarted,Object notstarted,Object notstarted,Object notstarted,Object notstarted,Object notstarted,Object notstarted,Object notstarted
2024-03-18 10:31:41,563.563,__main___datalogs,INFO,JoyConState.GO_HOME,0.000000,0.000000,0.000000,0.096125,0.006866,0.013732,0.025176,0.000000,0.000000,0.000000,0.000000,0,0,0,0,0,0,0,0,0,0,0,0.045257568359375,-0.004302978515625,0,0,0,0,0,0,0,0,Object notstarted,Object notstarted,Object notstarted,Object notstarted,Object notstarted,Object notstarted,Object notstarted,Object notstarted,Object notstarted
2024-03-18 10:31:41,607.607,__main___datalogs,INFO,JoyConState.GO_HOME,0.000000,0.000000,0.000000,0.089258,0.006866,0.013732,0.025176,0.000000,0.000000,0.000000,0.000000,0,0,0,0,0,0,0,0,0,0,0,0.045257568359375,-0.004302978515625,0,0,0,0,0,0,0,0,Object notstarted,Object notstarted,Object notstarted,Object notstarted,Object notstarted,Object notstarted,Object notstarted,Object notstarted,Object notstarted
2024-03-18 10:31:41,649.649,__main___datalogs,INFO,JoyConState.GO_HOME,0.000000,0.000000,0.000000,0.091547,0.006866,0.013732,0.027464,0.000000,0.000000,0.000000,0.000000,0,0,0,0,0,0,0,0,0,0,0,0.045257568359375,-0.004302978515625,0,0,0,0,0,0,0,0,Object notstarted,Object notstarted,Object notstarted,Object notstarted,Object notstarted,Object notstarted,Object notstarted,Object notstarted,Object notstarted
2024-03-18 10:31:41,691.691,__main___datalogs,INFO,JoyConState.GO_HOME,0.000000,0.000000,0.000000,0.089258,0.006866,0.013732,0.025176,0.000000,0.000000,0.000000,0.000000,0,0,0,0,0,0,0,0,0,0,0,0.045257568359375,-0.004302978515625,0,0,0,0,0,0,0,0,Object notstarted,Object notstarted,Object notstarted,Object notstarted,Object notstarted,Object notstarted,Object notstarted,Object notstarted,Object notstarted
2024-03-18 10:31:41,733.733,__main___datalogs,INFO,JoyConState.GO_HOME,0.000000,0.000000,0.000000,0.089258,0.006866,0.013732,0.025176,0.000000,0.000000,0.000000,0.000000,0,0,0,0,0,0,0,0,0,0,0,0.045257568359375,-0.004302978515625,0,0,0,0,0,0,0,0,Object notstarted,Object notstarted,Object notstarted,Object notstarted,Object notstarted,Object notstarted,Object notstarted,Object notstarted,Object notstarted
2024-03-18 10:31:41,777.777,__main___datalogs,INFO,JoyConState.GO_HOME,0.000000,0.000000,0.000000,0.089258,0.006866,0.013732,0.020598,0.000000,0.000000,0.000000,0.000000,0,0,0,0,0,0,0,0,0,0,0,0.045257568359375,-0.004302978515625,0,0,0,0,0,0,0,0,Object notstarted,Object notstarted,Object notstarted,Object notstarted,Object notstarted,Object notstarted,Object notstarted,Object notstarted,Object notstarted
2024-03-18 10:31:41,821.821,__main___datalogs,INFO,JoyConState.GO_HOME,0.000000,0.000000,0.000000,0.091547,0.002289,0.013732,0.020598,0.000000,0.000000,0.000000,0.000000,0,0,0,0,0,0,0,0,0,0,0,0.045257568359375,-0.004302978515625,0,0,0,0,0,0,0,0,Object notstarted,Object notstarted,Object notstarted,Object notstarted,Object notstarted,Object notstarted,Object notstarted,Object notstarted,Object notstarted
2024-03-18 10:31:41,864.864,__main___datalogs,INFO,JoyConState.GO_HOME,0.000000,0.000000,0.000000,0.089258,0.002289,0.013732,0.020598,0.000000,0.000000,0.000000,0.000000,0,0,0,0,0,0,0,0,0,0,0,0.045257568359375,-0.004302978515625,0,0,0,0,0,0,0,0,Object notstarted,Object notstarted,Object notstarted,Object notstarted,Object notstarted,Object notstarted,Object notstarted,Object notstarted,Object notstarted
2024-03-18 10:31:41,906.906,__main___datalogs,INFO,JoyConState.GO_HOME,0.000000,0.000000,0.000000,0.089258,0.006866,0.013732,0.025176,0.000000,0.000000,0.000000,0.000000,0,0,0,0,0,0,0,0,0,0,0,0.045257568359375,-0.004302978515625,0,0,0,0,0,0,0,0,Object notstarted,Object notstarted,Object notstarted,Object notstarted,Object notstarted,Object notstarted,Object notstarted,Object notstarted,Object notstarted
2024-03-18 10:31:41,951.951,__main___datalogs,INFO,JoyConState.GO_HOME,0.000000,0.000000,0.000000,0.089258,0.006866,0.013732,0.020598,0.000000,0.000000,0.000000,0.000000,0,0,0,0,0,0,0,0,0,0,0,0.045257568359375,-0.004302978515625,0,0,0,0,0,0,0,0,Object notstarted,Object notstarted,Object notstarted,Object notstarted,Object notstarted,Object notstarted,Object notstarted,Object notstarted,Object notstarted
2024-03-18 10:31:41,994.994,__main___datalogs,INFO,JoyConState.GO_HOME,0.000000,0.000000,0.000000,0.089258,0.006866,0.013732,0.025176,0.000000,0.000000,0.000000,0.000000,0,0,0,0,0,0,0,0,0,0,0,0.045257568359375,-0.004302978515625,0,0,0,0,0,0,0,0,Object notstarted,Object notstarted,Object notstarted,Object notstarted,Object notstarted,Object notstarted,Object notstarted,Object notstarted,Object notstarted
2024-03-18 10:31:42,040.040,__main___datalogs,INFO,JoyConState.GO_HOME,0.000000,0.000000,0.000000,0.089258,0.006866,0.004577,0.020598,0.000000,0.000000,0.000000,0.000000,0,0,0,0,0,0,0,0,0,0,0,0.045257568359375,-0.004302978515625,0,0,0,0,0,0,0,0,Object notstarted,Object notstarted,Object notstarted,Object notstarted,Object notstarted,Object notstarted,Object notstarted,Object notstarted,Object notstarted
2024-03-18 10:31:42,094.094,__main___datalogs,INFO,JoyConState.GO_HOME,0.000000,0.000000,0.000000,0.091547,0.006866,0.011443,0.025176,0.000000,0.000000,0.000000,0.000000,0,0,0,0,0,0,0,0,0,0,0,0.045257568359375,-0.004302978515625,0,0,0,0,0,0,0,0,Object notstarted,Object notstarted,Object notstarted,Object notstarted,Object notstarted,Object notstarted,Object notstarted,Object notstarted,Object notstarted
2024-03-18 10:31:42,139.139,__main___datalogs,INFO,JoyConState.GO_HOME,0.000000,0.000000,0.000000,0.091547,0.002289,0.013732,0.025176,0.000000,0.000000,0.000000,0.000000,0,0,0,0,0,0,0,0,0,0,0,0.045257568359375,-0.004302978515625,0,0,0,0,0,0,0,0,Object notstarted,Object notstarted,Object notstarted,Object notstarted,Object notstarted,Object notstarted,Object notstarted,Object notstarted,Object notstarted
2024-03-18 10:31:42,182.182,__main___datalogs,INFO,JoyConState.GO_HOME,0.000000,0.000000,0.000000,0.089258,0.002289,0.013732,0.020598,0.000000,0.000000,0.000000,0.000000,0,0,0,0,0,0,0,0,0,0,0,0.045257568359375,-0.004302978515625,0,0,0,0,0,0,0,0,Object notstarted,Object notstarted,Object notstarted,Object notstarted,Object notstarted,Object notstarted,Object notstarted,Object notstarted,Object notstarted
2024-03-18 10:31:42,225.225,__main___datalogs,INFO,JoyConState.GO_HOME,0.000000,0.000000,0.000000,0.091547,0.002289,0.013732,0.020598,0.000000,0.000000,0.000000,0.000000,0,0,0,0,0,0,0,0,0,0,0,0.045257568359375,-0.004302978515625,0,0,0,0,0,0,0,0,Object notstarted,Object notstarted,Object notstarted,Object notstarted,Object notstarted,Object notstarted,Object notstarted,Object notstarted,Object notstarted
2024-03-18 10:31:42,268.268,__main___datalogs,INFO,JoyConState.GO_HOME,0.000000,0.000000,0.000000,0.091547,-0.002289,0.013732,0.025176,0.000000,0.000000,0.000000,0.000000,0,0,0,0,0,0,0,0,0,0,0,0.045257568359375,-0.004302978515625,0,0,0,0,0,0,0,0,Object notstarted,Object notstarted,Object notstarted,Object notstarted,Object notstarted,Object notstarted,Object notstarted,Object notstarted,Object notstarted
2024-03-18 10:31:42,313.313,__main___datalogs,INFO,JoyConState.GO_HOME,0.000000,0.000000,0.000000,0.091547,0.006866,0.011443,0.027464,0.000000,0.000000,0.000000,0.000000,0,0,0,0,0,0,0,0,0,0,0,0.045257568359375,-0.004302978515625,0,0,0,0,0,0,0,0,Object notstarted,Object notstarted,Object notstarted,Object notstarted,Object notstarted,Object notstarted,Object notstarted,Object notstarted,Object notstarted
2024-03-18 10:31:42,352.352,__main___datalogs,INFO,JoyConState.GO_HOME,0.000000,0.000000,0.000000,0.091547,0.006866,0.011443,0.027464,0.000000,0.000000,0.000000,0.000000,0,0,0,0,0,0,0,0,0,0,0,0.045257568359375,-0.004302978515625,0,0,0,0,0,0,0,0,Object notstarted,Object notstarted,Object notstarted,Object notstarted,Object notstarted,Object notstarted,Object notstarted,Object notstarted,Object notstarted
2024-03-18 10:31:42,394.394,__main___datalogs,INFO,JoyConState.GO_HOME,0.000000,0.000000,0.000000,0.091547,0.006866,0.013732,0.027464,0.000000,0.000000,0.000000,0.000000,0,0,0,0,0,0,0,0,0,0,0,0.045257568359375,-0.004302978515625,0,0,0,0,0,0,0,0,Object notstarted,Object notstarted,Object notstarted,Object notstarted,Object notstarted,Object notstarted,Object notstarted,Object notstarted,Object notstarted
2024-03-18 10:31:42,435.435,__main___datalogs,INFO,JoyConState.GO_HOME,0.000000,0.000000,0.000000,0.089258,0.006866,0.013732,0.027464,0.000000,0.000000,0.000000,0.000000,0,0,0,0,0,0,0,0,0,0,0,0.045257568359375,-0.004302978515625,0,0,0,0,0,0,0,0,Object notstarted,Object notstarted,Object notstarted,Object notstarted,Object notstarted,Object notstarted,Object notstarted,Object notstarted,Object notstarted
2024-03-18 10:31:42,479.479,__main___datalogs,INFO,JoyConState.GO_HOME,0.000000,0.000000,0.000000,0.091547,0.006866,0.013732,0.025176,0.000000,0.000000,0.000000,0.000000,0,0,0,0,0,0,0,0,0,0,0,0.045257568359375,-0.004302978515625,0,0,0,0,0,0,0,0,Object notstarted,Object notstarted,Object notstarted,Object notstarted,Object notstarted,Object notstarted,Object notstarted,Object notstarted,Object notstarted
2024-03-18 10:31:42,522.522,__main___datalogs,INFO,JoyConState.GO_HOME,0.000000,0.000000,0.000000,0.089258,0.002289,0.013732,0.025176,0.000000,0.000000,0.000000,0.000000,0,0,0,0,0,0,0,0,0,0,0,0.045257568359375,-0.004302978515625,0,0,0,0,0,0,0,0,Object notstarted,Object notstarted,Object notstarted,Object notstarted,Object notstarted,Object notstarted,Object notstarted,Object notstarted,Object notstarted
2024-03-18 10:31:42,564.564,__main___datalogs,INFO,JoyConState.GO_HOME,0.000000,0.000000,0.000000,0.089258,0.002289,0.013732,0.025176,0.000000,0.000000,0.000000,0.000000,0,0,0,0,0,0,0,0,0,0,0,0.045257568359375,-0.004302978515625,0,0,0,0,0,0,0,0,Object notstarted,Object notstarted,Object notstarted,Object notstarted,Object notstarted,Object notstarted,Object notstarted,Object notstarted,Object notstarted
2024-03-18 10:31:42,608.608,__main___datalogs,INFO,JoyConState.GO_HOME,0.000000,0.000000,0.000000,0.089258,0.002289,0.013732,0.025176,0.000000,0.000000,0.000000,0.000000,0,0,0,0,0,0,0,0,0,0,0,0.045257568359375,-0.004302978515625,0,0,0,0,0,0,0,0,Object notstarted,Object notstarted,Object notstarted,Object notstarted,Object notstarted,Object notstarted,Object notstarted,Object notstarted,Object notstarted
2024-03-18 10:31:42,652.652,__main___datalogs,INFO,JoyConState.GO_HOME,0.000000,0.000000,0.000000,0.091547,0.002289,0.013732,0.025176,0.000000,0.000000,0.000000,0.000000,0,0,0,0,0,0,0,0,0,0,0,0.045257568359375,-0.004302978515625,0,0,0,0,0,0,0,0,Object notstarted,Object notstarted,Object notstarted,Object notstarted,Object notstarted,Object notstarted,Object notstarted,Object notstarted,Object notstarted
2024-03-18 10:31:42,694.694,__main___datalogs,INFO,JoyConState.GO_HOME,0.000000,0.000000,0.000000,0.091547,0.002289,0.013732,0.027464,0.000000,0.000000,0.000000,0.000000,0,0,0,0,0,0,0,0,0,0,0,0.045257568359375,-0.004302978515625,0,0,0,0,0,0,0,0,Object notstarted,Object notstarted,Object notstarted,Object notstarted,Object notstarted,Object notstarted,Object notstarted,Object notstarted,Object notstarted
2024-03-18 10:31:42,739.739,__main___datalogs,INFO,JoyConState.GO_HOME,0.000000,0.000000,0.000000,0.096125,0.002289,0.013732,0.025176,0.000000,0.000000,0.000000,0.000000,0,0,0,0,0,0,0,0,0,0,0,0.045257568359375,-0.004302978515625,0,0,0,0,0,0,0,0,Object notstarted,Object notstarted,Object notstarted,Object notstarted,Object notstarted,Object notstarted,Object notstarted,Object notstarted,Object notstarted
2024-03-18 10:31:42,780.780,__main___datalogs,INFO,JoyConState.GO_HOME,0.000000,0.000000,0.000000,0.096125,0.002289,0.013732,0.020598,0.000000,0.000000,0.000000,0.000000,0,0,0,0,0,0,0,0,0,0,0,0.045257568359375,-0.004302978515625,0,0,0,0,0,0,0,0,Object notstarted,Object notstarted,Object notstarted,Object notstarted,Object notstarted,Object notstarted,Object notstarted,Object notstarted,Object notstarted
2024-03-18 10:31:42,824.824,__main___datalogs,INFO,JoyConState.GO_HOME,0.000000,0.000000,0.000000,0.091547,0.006866,0.013732,0.025176,0.000000,0.000000,0.000000,0.000000,0,0,0,0,0,0,0,0,0,0,0,0.045257568359375,-0.004302978515625,0,0,0,0,0,0,0,0,Object notstarted,Object notstarted,Object notstarted,Object notstarted,Object notstarted,Object notstarted,Object notstarted,Object notstarted,Object notstarted
2024-03-18 10:31:42,866.866,__main___datalogs,INFO,JoyConState.GO_HOME,0.000000,0.000000,0.000000,0.091547,0.006866,0.013732,0.027464,0.000000,0.000000,0.000000,0.000000,0,0,0,0,0,0,0,0,0,0,0,0.045257568359375,-0.004302978515625,0,0,0,0,0,0,0,0,Object notstarted,Object notstarted,Object notstarted,Object notstarted,Object notstarted,Object notstarted,Object notstarted,Object notstarted,Object notstarted
2024-03-18 10:31:42,910.910,__main___datalogs,INFO,JoyConState.GO_HOME,0.000000,0.000000,0.000000,0.091547,0.002289,0.013732,0.025176,0.000000,0.000000,0.000000,0.000000,0,0,0,0,0,0,0,0,0,0,0,0.045257568359375,-0.004302978515625,0,0,0,0,0,0,0,0,Object notstarted,Object notstarted,Object notstarted,Object notstarted,Object notstarted,Object notstarted,Object notstarted,Object notstarted,Object notstarted
2024-03-18 10:31:42,952.952,__main___datalogs,INFO,JoyConState.GO_HOME,0.000000,0.000000,0.000000,0.096125,0.002289,0.013732,0.027464,0.000000,0.000000,0.000000,0.000000,0,0,0,0,0,0,0,0,0,0,0,0.045257568359375,-0.004302978515625,0,0,0,0,0,0,0,0,Object notstarted,Object notstarted,Object notstarted,Object notstarted,Object notstarted,Object notstarted,Object notstarted,Object notstarted,Object notstarted
2024-03-18 10:31:42,996.996,__main___datalogs,INFO,JoyConState.GO_HOME,0.000000,0.000000,0.000000,0.091547,0.002289,0.013732,0.025176,0.000000,0.000000,0.000000,0.000000,0,0,0,0,0,0,0,0,0,0,0,0.045257568359375,-0.004302978515625,0,0,0,0,0,0,0,0,Object notstarted,Object notstarted,Object notstarted,Object notstarted,Object notstarted,Object notstarted,Object notstarted,Object notstarted,Object notstarted
2024-03-18 10:31:43,039.039,__main___datalogs,INFO,JoyConState.GO_HOME,0.000000,0.000000,0.000000,0.089258,0.006866,0.013732,0.025176,0.000000,0.000000,0.000000,0.000000,0,0,0,0,0,0,0,0,0,0,0,0.045257568359375,-0.004302978515625,0,0,0,0,0,0,0,0,Object notstarted,Object notstarted,Object notstarted,Object notstarted,Object notstarted,Object notstarted,Object notstarted,Object notstarted,Object notstarted
2024-03-18 10:31:43,083.083,__main___datalogs,INFO,JoyConState.GO_HOME,0.000000,0.000000,0.000000,0.089258,0.006866,0.013732,0.020598,0.000000,0.000000,0.000000,0.000000,0,0,0,0,0,0,0,0,0,0,0,0.045257568359375,-0.004302978515625,0,0,0,0,0,0,0,0,Object notstarted,Object notstarted,Object notstarted,Object notstarted,Object notstarted,Object notstarted,Object notstarted,Object notstarted,Object notstarted
2024-03-18 10:31:43,129.129,__main___datalogs,INFO,JoyConState.GO_HOME,0.000000,0.000000,0.000000,0.089258,0.006866,0.013732,0.020598,0.000000,0.000000,0.000000,0.000000,0,0,0,0,0,0,0,0,0,0,0,0.045257568359375,-0.004302978515625,0,0,0,0,0,0,0,0,Object notstarted,Object notstarted,Object notstarted,Object notstarted,Object notstarted,Object notstarted,Object notstarted,Object notstarted,Object notstarted
2024-03-18 10:31:43,179.179,__main___datalogs,INFO,JoyConState.GO_HOME,0.000000,0.000000,0.000000,0.091547,0.006866,0.013732,0.020598,0.000000,0.000000,0.000000,0.000000,0,0,0,0,0,0,0,0,0,0,0,0.045257568359375,-0.004302978515625,0,0,0,0,0,0,0,0,Object notstarted,Object notstarted,Object notstarted,Object notstarted,Object notstarted,Object notstarted,Object notstarted,Object notstarted,Object notstarted
2024-03-18 10:31:43,222.222,__main___datalogs,INFO,JoyConState.GO_HOME,0.000000,0.000000,0.000000,0.091547,0.002289,0.013732,0.020598,0.000000,0.000000,0.000000,0.000000,0,0,0,0,0,0,0,0,0,0,0,0.045257568359375,-0.004302978515625,0,0,0,0,0,0,0,0,Object notstarted,Object notstarted,Object notstarted,Object notstarted,Object notstarted,Object notstarted,Object notstarted,Object notstarted,Object notstarted
2024-03-18 10:31:43,267.267,__main___datalogs,INFO,JoyConState.GO_HOME,0.000000,0.000000,0.000000,0.096125,0.006866,0.013732,0.025176,0.000000,0.000000,0.000000,0.000000,0,0,0,0,0,0,0,0,0,0,0,0.045257568359375,-0.004302978515625,0,0,0,0,0,0,0,0,Object notstarted,Object notstarted,Object notstarted,Object notstarted,Object notstarted,Object notstarted,Object notstarted,Object notstarted,Object notstarted
2024-03-18 10:31:43,326.326,__main___datalogs,INFO,JoyConState.USE_SNS,0.000000,0.000000,0.000000,0.091547,0.006866,0.013732,0.020598,0.000000,0.000000,0.000000,0.000000,0,0,0,0,0,0,0,0,0,0,0,0.045257568359375,-0.004302978515625,-14.1868515,0.0,-25.951557,10.034602,-4.1522493,4.1522493,0.0,-15.847751,Object notstarted,Object notstarted,Object notstarted,Object notstarted,Object notstarted,Object notstarted,Object notstarted,Object notstarted,Object notstarted
2024-03-18 10:31:43,494.494,__main___datalogs,INFO,JoyConState.USE_SNS,-0.125000,0.225000,-0.005000,0.093073,0.006561,0.013580,0.022429,0.000000,0.000000,0.000000,0.000000,0,0,0,0,0,0,0,0,0,0,0,0.045257568359375,-0.004302978515625,-15.896601,0.0,-35.965805,12.965601,-2.9309995,2.9309995,0.0,-17.069,Object notstarted,Object notstarted,Object notstarted,Object notstarted,Object notstarted,Object notstarted,Object notstarted,Object notstarted,Object notstarted
2024-03-18 10:31:43,664.664,__main___datalogs,INFO,JoyConState.USE_SNS,-3.750000,7.037500,-0.142500,0.094599,0.002594,0.012206,0.022124,0.000000,0.000000,0.000000,0.000000,0,0,0,0,0,0,0,0,0,0,0,0.045257568359375,-0.004302978515625,-7.9207983,-10.034602,-48.024483,6.460369,8.574173,1.4604288,0.0,-18.53957,Object notstarted,Object notstarted,Object notstarted,Object notstarted,Object notstarted,Object notstarted,Object notstarted,Object notstarted,Object notstarted
2024-03-18 10:31:43,820.820,__main___datalogs,INFO,JoyConState.USE_SNS,-6.587500,12.350000,-0.300000,0.093378,0.006256,0.013580,0.025938,0.000000,0.000000,0.000000,0.000000,0,0,0,0,0,0,0,0,0,0,0,0.045257568359375,-0.004302978515625,-3.9466953,-15.034542,-54.03296,3.2190077,14.306854,0.7276877,0.0,-19.272312,Object notstarted,Object notstarted,Object notstarted,Object notstarted,Object notstarted,Object notstarted,Object notstarted,Object notstarted,Object notstarted
2024-03-18 10:31:43,961.961,__main___datalogs,INFO,JoyConState.USE_SNS,-6.587500,12.287500,-1.282500,0.090327,0.001678,0.013732,0.026091,0.000000,0.000000,0.000000,0.000000,0,0,0,0,0,0,0,0,0,0,0,0.045257568359375,-0.004302978515625,-1.9665196,-17.525864,-57.026802,1.6039348,17.163277,0.3625849,0.0,-19.637417,Object notstarted,Object notstarted,Object notstarted,Object notstarted,Object notstarted,Object notstarted,Object notstarted,Object notstarted,Object notstarted
2024-03-18 10:31:44,117.117,__main___datalogs,INFO,JoyConState.USE_SNS,-6.587500,12.187500,-2.367500,0.093836,0.006561,0.012206,0.025938,0.000000,0.000000,0.000000,0.000000,0,0,0,0,0,0,0,0,0,0,0,0.045257568359375,-0.004302978515625,-0.97985756,-18.767212,-58.518547,0.7991924,18.586548,0.18066515,0.0,-19.819336,Object notstarted,Object notstarted,Object notstarted,Object notstarted,Object notstarted,Object notstarted,Object notstarted,Object notstarted,Object notstarted
2024-03-18 10:31:44,288.288,__main___datalogs,INFO,JoyConState.USE_SNS,-6.600000,11.900000,-4.745000,0.094294,0.006103,0.014343,0.023039,0.000000,0.000000,0.000000,0.000000,0,0,0,0,0,0,0,0,0,0,0,0.045257568359375,-0.004302978515625,-0.48823354,-19.385738,-59.26184,0.39821357,19.29572,0.09002001,0.0,-19.90998,Object notstarted,Object notstarted,Object notstarted,Object notstarted,Object notstarted,Object notstarted,Object notstarted,Object notstarted,Object notstarted
2024-03-18 10:31:44,443.443,__main___datalogs,INFO,JoyConState.USE_SNS,-6.637500,11.750000,-5.642500,0.095209,0.005646,0.014190,0.026091,0.000000,0.000000,0.000000,0.000000,0,0,0,0,0,0,0,0,0,0,0,0.045257568359375,-0.004302978515625,-0.2432721,-19.693932,-59.632202,0.19841784,19.649078,0.04485426,0.0,-19.955147,Object notstarted,Object notstarted,Object notstarted,Object notstarted,Object notstarted,Object notstarted,Object notstarted,Object notstarted,Object notstarted
2024-03-18 10:31:44,590.590,__main___datalogs,INFO,JoyConState.USE_SNS,-6.850000,11.187500,-8.360000,0.093073,0.007019,0.014037,0.026244,0.000000,0.000000,0.000000,0.000000,0,0,0,0,0,0,0,0,0,0,0,0.045257568359375,-0.004302978515625,-0.12121517,-19.847496,-59.816742,0.098865636,19.825146,0.022349529,0.0,-19.97765,Object notstarted,Object notstarted,Object notstarted,Object notstarted,Object notstarted,Object notstarted,Object notstarted,Object notstarted,Object notstarted
2024-03-18 10:31:44,726.726,__main___datalogs,INFO,JoyConState.USE_SNS,-7.012500,10.737500,-10.560000,0.093683,0.004272,0.011901,0.026091,0.000000,0.000000,0.000000,0.000000,0,0,0,0,0,0,0,0,0,0,0,0.045257568359375,-0.004302978515625,-0.060397875,-19.924011,-55.75644,0.04926177,19.912876,0.011136098,0.0,-19.988863,Object notstarted,Object notstarted,Object notstarted,Object notstarted,Object notstarted,Object notstarted,Object notstarted,Object notstarted,Object notstarted
2024-03-18 10:31:44,881.881,__main___datalogs,INFO,JoyConState.USE_SNS,-7.087500,10.575000,-11.195000,0.094904,0.005340,0.013732,0.025786,0.000000,0.000000,0.000000,0.000000,0,0,0,0,0,0,0,0,0,0,0,0.045257568359375,-0.004302978515625,-0.030094443,-19.96214,-57.885567,0.024545658,19.956589,0.0055487826,0.0,-19.99445,Object notstarted,Object notstarted,Object notstarted,Object notstarted,Object notstarted,Object notstarted,Object notstarted,Object notstarted,Object notstarted
2024-03-18 10:31:45,017.017,__main___datalogs,INFO,JoyConState.USE_SNS,-7.500000,9.862500,-13.695000,0.093378,0.003204,0.011749,0.023802,0.000000,0.000000,0.000000,0.000000,0,0,0,0,0,0,0,0,0,0,0,0.045257568359375,-0.004302978515625,-0.014995156,-19.981136,-58.94644,0.012230364,19.97837,0.0027647915,0.0,-19.997234,Object notstarted,Object notstarted,Object notstarted,Object notstarted,Object notstarted,Object notstarted,Object notstarted,Object notstarted,Object notstarted
2024-03-18 10:31:45,190.190,__main___datalogs,INFO,JoyConState.USE_SNS,-8.362500,8.475000,-17.805000,0.094599,0.006256,0.013427,0.021819,0.000000,0.000000,0.000000,0.000000,0,0,0,0,0,0,0,0,0,0,0,0.045257568359375,-0.004302978515625,-0.0074716355,-19.9906,-59.475044,0.0060940227,19.989223,0.0013776125,0.0,-19.998623,Object notstarted,Object notstarted,Object notstarted,Object notstarted,Object notstarted,Object notstarted,Object notstarted,Object notstarted,Object notstarted
2024-03-18 10:31:45,379.379,__main___datalogs,INFO,JoyConState.USE_SNS,-10.437500,5.637500,-23.790000,0.093989,0.002136,0.012359,0.026091,0.000000,0.000000,0.000000,0.000000,0,0,0,0,0,0,0,0,0,0,0,0.045257568359375,-0.004302978515625,-0.003722891,-19.995317,-59.738426,0.003036468,19.99463,0.00068642286,0.0,-19.999313,Object notstarted,Object notstarted,Object notstarted,Object notstarted,Object notstarted,Object notstarted,Object notstarted,Object notstarted,Object notstarted
2024-03-18 10:31:45,529.529,__main___datalogs,INFO,JoyConState.USE_SNS,-11.975000,3.537500,-28.222500,0.094294,0.006256,0.013580,0.026091,0.000000,0.000000,0.000000,0.000000,0,0,0,0,0,0,0,0,0,0,0,0.045257568359375,-0.004302978515625,-0.0018550046,-19.997667,-59.869667,0.0015129807,19.997326,0.00034202388,0.0,-19.999659,Object notstarted,Object notstarted,Object notstarted,Object notstarted,Object notstarted,Object notstarted,Object notstarted,Object notstarted,Object notstarted
2024-03-18 10:31:45,685.685,__main___datalogs,INFO,JoyConState.USE_SNS,-12.362500,3.025000,-29.275000,0.093989,0.006866,0.013732,0.025786,0.000000,0.000000,0.000000,0.000000,0,0,0,0,0,0,0,0,0,0,0,0.045257568359375,-0.004302978515625,-0.00092429295,-19.998838,-59.935066,0.00075387274,19.998669,0.00017042021,0.0,-19.99983,Object notstarted,Object notstarted,Object notstarted,Object notstarted,Object notstarted,Object notstarted,Object notstarted,Object notstarted,Object notstarted
2024-03-18 10:31:45,839.839,__main___datalogs,INFO,JoyConState.USE_SNS,-13.550000,1.537500,-30.980000,0.095209,0.006256,0.013427,0.025481,0.000000,0.000000,0.000000,0.000000,0,0,0,0,0,0,0,0,0,0,0,0.045257568359375,-0.004302978515625,-0.00046054737,-19.99942,-59.967644,0.0003756321,19.999338,8.4915264e-05,0.0,-19.999916,Object notstarted,Object notstarted,Object notstarted,Object notstarted,Object notstarted,Object notstarted,Object notstarted,Object notstarted,Object notstarted
2024-03-18 10:31:45,989.989,__main___datalogs,INFO,JoyConState.USE_SNS,-15.687500,-1.125000,-34.035000,0.093531,0.006866,0.012969,0.026701,0.000000,0.000000,0.000000,0.000000,0,0,0,0,0,0,0,0,0,0,0,0.045257568359375,-0.004302978515625,-0.0002294769,-19.999712,-59.98388,0.00018716618,19.99967,4.231072e-05,0.0,-19.999958,Object notstarted,Object notstarted,Object notstarted,Object notstarted,Object notstarted,Object notstarted,Object notstarted,Object notstarted,Object notstarted
2024-03-18 10:31:46,124.124,__main___datalogs,INFO,JoyConState.USE_SNS,-16.462500,-2.100000,-35.065000,0.090784,0.005035,0.011901,0.026244,0.000000,0.000000,0.000000,0.000000,0,0,0,0,0,0,0,0,0,0,0,0.045257568359375,-0.004302978515625,-0.000114341434,-19.999859,-59.991974,9.3259274e-05,19.999836,2.1082158e-05,0.0,-19.999979,Object notstarted,Object notstarted,Object notstarted,Object notstarted,Object notstarted,Object notstarted,Object notstarted,Object notstarted,Object notstarted
2024-03-18 10:31:46,285.285,__main___datalogs,INFO,JoyConState.USE_SNS,-18.525000,-4.587500,-36.157500,0.093836,0.006561,0.014037,0.024260,0.000000,0.000000,0.000000,0.000000,0,0,0,0,0,0,0,0,0,0,0,0.045257568359375,-0.004302978515625,-5.6972898e-05,-19.999931,-59.996002,4.6468293e-05,19.99992,1.0504605e-05,0.0,-19.999989,Object notstarted,Object notstarted,Object notstarted,Object notstarted,Object notstarted,Object notstarted,Object notstarted,Object notstarted,Object notstarted
2024-03-18 10:31:46,440.440,__main___datalogs,INFO,JoyConState.USE_SNS,-21.337500,-7.912500,-35.510000,0.091242,0.006561,0.012817,0.022887,0.000000,0.000000,0.000000,0.000000,0,0,0,0,0,0,0,0,0,0,0,0.045257568359375,-0.004302978515625,-2.8387882e-05,-19.999966,-59.99801,2.3153752e-05,19.99996,5.2341284e-06,0.0,-19.999996,Object notstarted,Object notstarted,Object notstarted,Object notstarted,Object notstarted,Object notstarted,Object notstarted,Object notstarted,Object notstarted
2024-03-18 10:31:46,627.627,__main___datalogs,INFO,JoyConState.USE_SNS,-24.325000,-11.437500,-34.565000,0.092768,0.006561,0.014037,0.024413,0.000000,0.000000,0.000000,0.000000,0,0,0,0,0,0,0,0,0,0,0,0.045257568359375,-0.004302978515625,-1.4144828e-05,-19.999985,-59.99901,1.1536818e-05,19.99998,2.6080088e-06,0.0,-19.999996,Object notstarted,Object notstarted,Object notstarted,Object notstarted,Object notstarted,Object notstarted,Object notstarted,Object notstarted,Object notstarted
2024-03-18 10:31:46,821.821,__main___datalogs,INFO,JoyConState.USE_SNS,-26.087500,-13.462500,-32.197500,0.095209,0.006714,0.013580,0.026244,0.000000,0.000000,0.000000,0.000000,0,0,0,0,0,0,0,0,0,0,0,0.045257568359375,-0.004302978515625,-7.0479423e-06,-19.999992,-59.999504,5.7484494e-06,19.99999,1.2994924e-06,0.0,-19.999996,Object notstarted,Object notstarted,Object notstarted,Object notstarted,Object notstarted,Object notstarted,Object notstarted,Object notstarted,Object notstarted
2024-03-18 10:31:46,950.950,__main___datalogs,INFO,JoyConState.USE_SNS,-30.387500,-18.375000,-26.430000,0.094904,0.008697,0.013732,0.022582,0.000000,0.000000,0.000000,0.000000,0,0,0,0,0,0,0,0,0,0,0,0.045257568359375,-0.004302978515625,-3.5117778e-06,-19.999996,-59.999756,2.8642796e-06,19.999996,6.47498e-07,0.0,-19.999996,Object notstarted,Object notstarted,Object notstarted,Object notstarted,Object notstarted,Object notstarted,Object notstarted,Object notstarted,Object notstarted
2024-03-18 10:31:47,086.086,__main___datalogs,INFO,JoyConState.USE_SNS,-32.787500,-21.112500,-23.212500,0.095819,0.002136,0.011596,0.025633,0.000000,0.000000,0.000000,0.000000,0,0,0,0,0,0,0,0,0,0,0,0.045257568359375,-0.004302978515625,-1.7498131e-06,-19.999996,-59.999886,1.4271843e-06,19.999996,3.2262878e-07,0.0,-19.999996,Object notstarted,Object notstarted,Object notstarted,Object notstarted,Object notstarted,Object notstarted,Object notstarted,Object notstarted,Object notstarted
2024-03-18 10:31:47,227.227,__main___datalogs,INFO,JoyConState.USE_SNS,-33.975000,-22.475000,-21.622500,0.093378,0.006561,0.011596,0.022429,0.000000,0.000000,0.000000,0.000000,0,0,0,0,0,0,0,0,0,0,0,0.045257568359375,-0.004302978515625,-8.7187925e-07,-19.999996,-59.999947,7.11123e-07,19.999996,1.6075622e-07,0.0,-19.999996,Object notstarted,Object notstarted,Object notstarted,Object notstarted,Object notstarted,Object notstarted,Object notstarted,Object notstarted,Object notstarted
2024-03-18 10:31:47,381.381,__main___datalogs,INFO,JoyConState.USE_SNS,-34.562500,-23.125000,-20.867500,0.095209,0.006866,0.011901,0.025938,0.000000,0.000000,0.000000,0.000000,0,0,0,0,0,0,0,0,0,0,0,0.045257568359375,-0.004302978515625,-4.3443123e-07,-19.999996,-59.999977,3.5433118e-07,19.999996,8.009999e-08,0.0,-19.999996,Object notstarted,Object notstarted,Object notstarted,Object notstarted,Object notstarted,Object notstarted,Object notstarted,Object notstarted,Object notstarted
2024-03-18 10:31:47,556.556,__main___datalogs,INFO,JoyConState.USE_SNS,-37.212500,-26.112500,-17.465000,0.092615,0.005646,0.013580,0.026396,0.000000,0.000000,0.000000,0.000000,0,0,0,0,0,0,0,0,0,0,0,0.045257568359375,-0.004302978515625,-2.1646402e-07,-19.999996,-59.999992,1.7655256e-07,19.999996,3.9911413e-08,0.0,-19.999996,Object notstarted,Object notstarted,Object notstarted,Object notstarted,Object notstarted,Object notstarted,Object notstarted,Object notstarted,Object notstarted
2024-03-18 10:31:47,693.693,__main___datalogs,INFO,JoyConState.USE_SNS,-40.312500,-29.587500,-13.492500,0.091242,0.001831,0.011901,0.026854,0.000000,0.000000,0.000000,0.000000,0,0,0,0,0,0,0,0,0,0,0,0.045257568359375,-0.004302978515625,-1.0785751e-07,-19.999996,-59.999992,8.797083e-08,19.999996,1.9886656e-08,0.0,-19.999996,Object notstarted,Object notstarted,Object notstarted,Object notstarted,Object notstarted,Object notstarted,Object notstarted,Object notstarted,Object notstarted
2024-03-18 10:31:47,847.847,__main___datalogs,INFO,JoyConState.USE_SNS,-41.412500,-30.812500,-12.110000,0.092463,0.006714,0.013580,0.026244,0.000000,0.000000,0.000000,0.000000,0,0,0,0,0,0,0,0,0,0,0,0.045257568359375,-0.004302978515625,-5.3742156e-08,-19.999996,-59.999992,4.3833218e-08,19.999996,9.908923e-09,0.0,-19.999996,Object notstarted,Object notstarted,Object notstarted,Object notstarted,Object notstarted,Object notstarted,Object notstarted,Object notstarted,Object notstarted
2024-03-18 10:31:48,003.003,__main___datalogs,INFO,JoyConState.USE_SNS,-43.350000,-32.962500,-9.967500,0.091852,0.006561,0.013274,0.022124,0.000000,0.000000,0.000000,0.000000,0,0,0,0,0,0,0,0,0,0,0,0.045257568359375,-0.004302978515625,-2.6778098e-08,-19.999996,-59.999992,2.1840773e-08,19.999996,4.937318e-09,0.0,-19.999996,Object notstarted,Object notstarted,Object notstarted,Object notstarted,Object notstarted,Object notstarted,Object notstarted,Object notstarted,Object notstarted
2024-03-18 10:31:48,133.133,__main___datalogs,INFO,JoyConState.USE_SNS,-45.062500,-34.862500,-8.077500,0.091700,0.004578,0.011749,0.022429,0.000000,0.000000,0.000000,0.000000,0,0,0,0,0,0,0,0,0,0,0,0.045257568359375,-0.004302978515625,-1.334272e-08,-19.999996,-59.999992,1.0882601e-08,19.999996,2.460117e-09,0.0,-19.999996,Object notstarted,Object notstarted,Object notstarted,Object notstarted,Object notstarted,Object notstarted,Object notstarted,Object notstarted,Object notstarted
2024-03-18 10:31:48,307.307,__main___datalogs,INFO,JoyConState.USE_SNS,-46.187500,-36.087500,-7.097500,0.092005,0.005951,0.012817,0.026701,0.000000,0.000000,0.000000,0.000000,0,0,0,0,0,0,0,0,0,0,0,0.045257568359375,-0.004302978515625,-6.6482757e-09,-19.999996,-59.999992,5.4224722e-09,19.999996,1.2258023e-09,0.0,-19.999996,Object notstarted,Object notstarted,Object notstarted,Object notstarted,Object notstarted,Object notstarted,Object notstarted,Object notstarted,Object notstarted
2024-03-18 10:31:48,517.517,__main___datalogs,INFO,JoyConState.USE_SNS,-50.662500,-40.975000,-3.235000,0.094904,0.003204,0.014343,0.025786,0.000000,0.000000,0.000000,0.000000,0,0,0,0,0,0,0,0,0,0,0,0.045257568359375,-0.004302978515625,-3.312636e-09,-19.999996,-59.999992,2.7018547e-09,19.999996,6.107804e-10,0.0,-19.999996,Object notstarted,Object notstarted,Object notstarted,Object notstarted,Object notstarted,Object notstarted,Object notstarted,Object notstarted,Object notstarted
2024-03-18 10:31:48,686.686,__main___datalogs,INFO,JoyConState.USE_SNS,-56.912500,-47.812500,2.155000,0.094141,0.006561,0.010986,0.026396,0.000000,0.000000,0.000000,0.000000,0,0,0,0,0,0,0,0,0,0,0,0.045257568359375,-0.004302978515625,-1.6505869e-09,-19.999996,-59.999992,1.346253e-09,19.999996,3.043335e-10,0.0,-19.999996,Object notstarted,Object notstarted,Object notstarted,Object notstarted,Object notstarted,Object notstarted,Object notstarted,Object notstarted,Object notstarted
2024-03-18 10:31:48,823.823,__main___datalogs,INFO,JoyConState.USE_SNS,-61.462500,-52.800000,6.087500,0.095514,0.006256,0.013274,0.025938,0.000000,0.000000,0.000000,0.000000,0,0,0,0,0,0,0,0,0,0,0,0.045257568359375,-0.004302978515625,-8.2243784e-10,-19.999996,-59.999992,6.707974e-10,19.999996,1.5164023e-10,0.0,-19.999996,Object notstarted,Object notstarted,Object notstarted,Object notstarted,Object notstarted,Object notstarted,Object notstarted,Object notstarted,Object notstarted
2024-03-18 10:31:48,951.951,__main___datalogs,INFO,JoyConState.USE_SNS,-64.312500,-55.912500,8.542500,0.092920,0.005035,0.014037,0.026091,0.000000,0.000000,0.000000,0.000000,0,0,0,0,0,0,0,0,0,0,0,0.045257568359375,-0.004302978515625,-4.0979606e-10,-19.999996,-59.999992,3.3423816e-10,19.999996,7.555776e-11,0.0,-19.999996,Object notstarted,Object notstarted,Object notstarted,Object notstarted,Object notstarted,Object notstarted,Object notstarted,Object notstarted,Object notstarted
2024-03-18 10:31:49,105.105,__main___datalogs,INFO,JoyConState.USE_SNS,-65.237500,-56.937500,9.302500,0.093989,0.007019,0.013580,0.026091,0.000000,0.000000,0.000000,0.000000,0,0,0,0,0,0,0,0,0,0,0,0.045257568359375,-0.004302978515625,-2.0418904e-10,-19.999996,-59.999992,1.6654082e-10,19.999996,3.764816e-11,0.0,-19.999996,Object notstarted,Object notstarted,Object notstarted,Object notstarted,Object notstarted,Object notstarted,Object notstarted,Object notstarted,Object notstarted
2024-03-18 10:31:49,263.263,__main___datalogs,INFO,JoyConState.USE_SNS,-68.362500,-60.300000,11.317500,0.093073,0.006256,0.011749,0.026091,0.000000,0.000000,0.000000,0.000000,0,0,0,0,0,0,0,0,0,0,0,0.045257568359375,-0.004302978515625,-1.01741254e-10,-19.999996,-55.847748,8.298228e-11,19.999996,1.8758944e-11,0.0,-19.999996,Object notstarted,Object notstarted,Object notstarted,Object notstarted,Object notstarted,Object notstarted,Object notstarted,Object notstarted,Object notstarted
2024-03-18 10:31:49,402.402,__main___datalogs,INFO,JoyConState.USE_SNS,-73.250000,-65.562500,14.467500,0.093989,0.006561,0.012054,0.026091,0.000000,0.000000,0.000000,0.000000,0,0,0,0,0,0,0,0,0,0,0,0.045257568359375,-0.004302978515625,-5.0694608e-11,-19.999996,-57.93106,4.1347575e-11,19.999996,9.347017e-12,0.0,-19.999996,Object notstarted,Object notstarted,Object notstarted,Object notstarted,Object notstarted,Object notstarted,Object notstarted,Object notstarted,Object notstarted
2024-03-18 10:31:49,529.529,__main___datalogs,INFO,JoyConState.USE_SNS,-76.600000,-69.175000,16.627500,0.095209,0.006866,0.013274,0.026244,0.000000,0.000000,0.000000,0.000000,0,0,0,0,0,0,0,0,0,0,0,0.045257568359375,-0.004302978515625,-2.5259598e-11,-19.999996,-58.96911,2.0602253e-11,19.999996,4.6573374e-12,0.0,-19.999996,Object notstarted,Object notstarted,Object notstarted,Object notstarted,Object notstarted,Object notstarted,Object notstarted,Object notstarted,Object notstarted
2024-03-18 10:31:49,684.684,__main___datalogs,INFO,JoyConState.USE_SNS,-77.887500,-70.550000,17.375000,0.090479,0.006561,0.014343,0.026244,0.000000,0.000000,0.000000,0.000000,0,0,0,0,0,0,0,0,0,0,0,0.045257568359375,-0.004302978515625,-1.2586098e-11,-19.999996,-59.486343,1.0265483e-11,19.999996,2.3206112e-12,0.0,-19.999996,Object notstarted,Object notstarted,Object notstarted,Object notstarted,Object notstarted,Object notstarted,Object notstarted,Object notstarted,Object notstarted
2024-03-18 10:31:49,836.836,__main___datalogs,INFO,JoyConState.USE_SNS,-82.250000,-75.212500,19.717500,0.091089,0.007324,0.011901,0.026396,0.000000,0.000000,0.000000,0.000000,0,0,0,0,0,0,0,0,0,0,0,0.045257568359375,-0.004302978515625,-6.2712743e-12,-19.999996,-59.744064,5.1149814e-12,19.999996,1.1562907e-12,0.0,-19.999996,Object notstarted,Object notstarted,Object notstarted,Object notstarted,Object notstarted,Object notstarted,Object notstarted,Object notstarted,Object notstarted
2024-03-18 10:31:49,981.981,__main___datalogs,INFO,JoyConState.USE_SNS,-87.112500,-80.400000,22.322500,0.093836,0.006256,0.011901,0.026854,0.000000,0.000000,0.000000,0.000000,0,0,0,0,0,0,0,0,0,0,0,0.045257568359375,-0.004302978515625,-3.1247873e-12,-19.999996,-55.72023,2.5486414e-12,19.999996,5.761448e-13,0.0,-19.999996,Object notstarted,Object notstarted,Object notstarted,Object notstarted,Object notstarted,Object notstarted,Object notstarted,Object notstarted,Object notstarted
2024-03-18 10:31:50,137.137,__main___datalogs,INFO,JoyConState.USE_SNS,-89.075000,-82.500000,23.357500,0.093378,0.006256,0.013732,0.025023,0.000000,0.000000,0.000000,0.000000,0,0,0,0,0,0,0,0,0,0,0,0.045257568359375,-0.004302978515625,-1.5569876e-12,-19.999996,-57.867523,1.2699114e-12,19.999996,2.8707562e-13,0.0,-19.999996,Object notstarted,Object notstarted,Object notstarted,Object notstarted,Object notstarted,Object notstarted,Object notstarted,Object notstarted,Object notstarted
2024-03-18 10:31:50,279.279,__main___datalogs,INFO,JoyConState.USE_SNS,-93.050000,-86.712500,24.807500,0.093226,0.006866,0.013732,0.023497,0.000000,0.000000,0.000000,0.000000,0,0,0,0,0,0,0,0,0,0,0,0.045257568359375,-0.004302978515625,-7.758001e-13,-19.999996,-58.937454,6.3275866e-13,19.999996,1.4304114e-13,0.0,-19.999996,Object notstarted,Object notstarted,Object notstarted,Object notstarted,Object notstarted,Object notstarted,Object notstarted,Object notstarted,Object notstarted
2024-03-18 10:31:50,405.405,__main___datalogs,INFO,JoyConState.NORMAL,-97.775000,-91.725000,26.532500,0.091089,0.007171,0.013427,0.026396,0.000000,0.000000,0.000000,0.000000,0,0,0,0,0,0,0,0,0,0,0,0.045257568359375,-0.004302978515625,-3.8655786e-13,-19.999996,-59.470566,3.152846e-13,19.999996,7.127309e-14,0.0,-19.999996,Object notstarted,Object notstarted,Object notstarted,Object notstarted,Object notstarted,Object notstarted,Object notstarted,Object notstarted,Object notstarted
2024-03-18 10:31:50,445.445,__main___datalogs,INFO,JoyConState.NORMAL,-101.825000,-96.012500,28.010000,0.091547,0.009155,0.013732,0.027464,0.000000,0.000000,0.000000,0.000000,0,0,0,0,0,0,0,0,0,0,0,0.045257568359375,-0.004302978515625,-3.8655786e-13,-19.999996,-59.470566,3.152846e-13,19.999996,7.127309e-14,0.0,-19.999996,Object notstarted,Object notstarted,Object notstarted,Object notstarted,Object notstarted,Object notstarted,Object notstarted,Object notstarted,Object notstarted
2024-03-18 10:31:50,483.483,__main___datalogs,INFO,JoyConState.NORMAL,-103.162500,-97.425000,28.497500,0.089258,0.006866,0.011443,0.027464,0.000000,0.000000,0.000000,0.000000,0,0,0,0,0,0,0,0,0,0,0,0.045257568359375,-0.004302978515625,-3.8655786e-13,-19.999996,-59.470566,3.152846e-13,19.999996,7.127309e-14,0.0,-19.999996,Object notstarted,Object notstarted,Object notstarted,Object notstarted,Object notstarted,Object notstarted,Object notstarted,Object notstarted,Object notstarted
2024-03-18 10:31:50,520.520,__main___datalogs,INFO,JoyConState.NORMAL,-104.425000,-98.762500,28.957500,0.089258,0.006866,0.011443,0.027464,0.000000,0.000000,0.000000,0.000000,0,0,0,0,0,0,0,0,0,0,0,0.045257568359375,-0.004302978515625,-3.8655786e-13,-19.999996,-59.470566,3.152846e-13,19.999996,7.127309e-14,0.0,-19.999996,Object notstarted,Object notstarted,Object notstarted,Object notstarted,Object notstarted,Object notstarted,Object notstarted,Object notstarted,Object notstarted
2024-03-18 10:31:50,557.557,__main___datalogs,INFO,JoyConState.NORMAL,-105.650000,-100.075000,29.407500,0.091547,0.002289,0.013732,0.027464,0.000000,0.000000,0.000000,0.000000,0,0,0,0,0,0,0,0,0,0,0,0.045257568359375,-0.004302978515625,-3.8655786e-13,-19.999996,-59.470566,3.152846e-13,19.999996,7.127309e-14,0.0,-19.999996,Object notstarted,Object notstarted,Object notstarted,Object notstarted,Object notstarted,Object notstarted,Object notstarted,Object notstarted,Object notstarted
2024-03-18 10:31:50,595.595,__main___datalogs,INFO,JoyConState.NORMAL,-106.612500,-101.087500,29.755000,0.096125,0.002289,0.013732,0.025176,0.000000,0.000000,0.000000,0.000000,0,0,0,0,0,0,0,0,0,0,0,0.045257568359375,-0.004302978515625,-3.8655786e-13,-19.999996,-59.470566,3.152846e-13,19.999996,7.127309e-14,0.0,-19.999996,Object notstarted,Object notstarted,Object notstarted,Object notstarted,Object notstarted,Object notstarted,Object notstarted,Object notstarted,Object notstarted
2024-03-18 10:31:50,632.632,__main___datalogs,INFO,JoyConState.NORMAL,-107.200000,-101.712500,29.972500,0.096125,0.002289,0.013732,0.027464,0.000000,0.000000,0.000000,0.000000,0,0,0,0,0,0,0,0,0,0,0,0.045257568359375,-0.004302978515625,-3.8655786e-13,-19.999996,-59.470566,3.152846e-13,19.999996,7.127309e-14,0.0,-19.999996,Object notstarted,Object notstarted,Object notstarted,Object notstarted,Object notstarted,Object notstarted,Object notstarted,Object notstarted,Object notstarted
2024-03-18 10:31:50,688.688,__main___datalogs,INFO,JoyConState.NORMAL,-107.425000,-101.950000,30.027500,0.096125,0.002289,0.013732,0.025176,0.000000,0.000000,0.000000,0.000000,0,0,0,0,0,0,0,0,0,0,0,0.045257568359375,-0.004302978515625,-3.8655786e-13,-19.999996,-59.470566,3.152846e-13,19.999996,7.127309e-14,0.0,-19.999996,Object notstarted,Object notstarted,Object notstarted,Object notstarted,Object notstarted,Object notstarted,Object notstarted,Object notstarted,Object notstarted
2024-03-18 10:31:50,744.744,__main___datalogs,INFO,JoyConState.NORMAL,-108.350000,-102.937500,29.662500,0.091547,0.002289,0.013732,0.027464,0.000000,0.000000,0.000000,0.000000,0,0,0,0,0,0,0,0,0,0,0,0.045257568359375,-0.004302978515625,-3.8655786e-13,-19.999996,-59.470566,3.152846e-13,19.999996,7.127309e-14,0.0,-19.999996,Object notstarted,Object notstarted,Object notstarted,Object notstarted,Object notstarted,Object notstarted,Object notstarted,Object notstarted,Object notstarted
2024-03-18 10:31:50,788.788,__main___datalogs,INFO,JoyConState.NORMAL,-109.825000,-104.487500,29.087500,0.089258,0.002289,0.013732,0.027464,0.000000,0.000000,0.000000,0.000000,0,0,0,0,0,0,0,0,0,0,0,0.045257568359375,-0.004302978515625,-3.8655786e-13,-19.999996,-59.470566,3.152846e-13,19.999996,7.127309e-14,0.0,-19.999996,Object notstarted,Object notstarted,Object notstarted,Object notstarted,Object notstarted,Object notstarted,Object notstarted,Object notstarted,Object notstarted
2024-03-18 10:31:50,825.825,__main___datalogs,INFO,JoyConState.NORMAL,-111.050000,-105.775000,28.610000,0.091547,0.002289,0.013732,0.025176,0.000000,0.000000,0.000000,0.000000,0,0,0,0,0,0,0,0,0,0,0,0.045257568359375,-0.004302978515625,-3.8655786e-13,-19.999996,-59.470566,3.152846e-13,19.999996,7.127309e-14,0.0,-19.999996,Object notstarted,Object notstarted,Object notstarted,Object notstarted,Object notstarted,Object notstarted,Object notstarted,Object notstarted,Object notstarted
2024-03-18 10:31:50,864.864,__main___datalogs,INFO,JoyConState.NORMAL,-112.275000,-107.062500,28.135000,0.096125,0.002289,0.013732,0.025176,0.000000,0.000000,0.000000,0.000000,0,0,0,0,0,0,0,0,0,0,0,0.045257568359375,-0.004302978515625,-3.8655786e-13,-19.999996,-59.470566,3.152846e-13,19.999996,7.127309e-14,0.0,-19.999996,Object notstarted,Object notstarted,Object notstarted,Object notstarted,Object notstarted,Object notstarted,Object notstarted,Object notstarted,Object notstarted
2024-03-18 10:31:50,902.902,__main___datalogs,INFO,JoyConState.NORMAL,-113.562500,-108.412500,27.635000,0.096125,0.002289,0.013732,0.027464,0.000000,0.000000,0.000000,0.000000,0,0,0,0,0,0,0,0,0,0,0,0.045257568359375,-0.004302978515625,-3.8655786e-13,-19.999996,-59.470566,3.152846e-13,19.999996,7.127309e-14,0.0,-19.999996,Object notstarted,Object notstarted,Object notstarted,Object notstarted,Object notstarted,Object notstarted,Object notstarted,Object notstarted,Object notstarted
2024-03-18 10:31:50,938.938,__main___datalogs,INFO,JoyConState.NORMAL,-114.825000,-109.737500,27.142500,0.096125,0.006866,0.013732,0.027464,0.000000,0.000000,0.000000,0.000000,0,0,0,0,0,0,0,0,0,0,0,0.045257568359375,-0.004302978515625,-3.8655786e-13,-19.999996,-59.470566,3.152846e-13,19.999996,7.127309e-14,0.0,-19.999996,Object notstarted,Object notstarted,Object notstarted,Object notstarted,Object notstarted,Object notstarted,Object notstarted,Object notstarted,Object notstarted
2024-03-18 10:31:50,969.969,__main___datalogs,INFO,JoyConState.NORMAL,-116.000000,-110.987500,26.682500,0.091547,0.002289,0.013732,0.025176,0.000000,0.000000,0.000000,0.000000,0,0,0,0,0,0,0,0,0,0,0,0.045257568359375,-0.004302978515625,-3.8655786e-13,-19.999996,-59.470566,3.152846e-13,19.999996,7.127309e-14,0.0,-19.999996,Object notstarted,Object notstarted,Object notstarted,Object notstarted,Object notstarted,Object notstarted,Object notstarted,Object notstarted,Object notstarted
2024-03-18 10:31:51,002.002,__main___datalogs,INFO,JoyConState.NORMAL,-117.037500,-112.075000,26.277500,0.091547,0.002289,0.013732,0.027464,0.000000,0.000000,0.000000,0.000000,0,0,0,0,0,0,0,0,0,0,0,0.045257568359375,-0.004302978515625,-3.8655786e-13,-19.999996,-59.470566,3.152846e-13,19.999996,7.127309e-14,0.0,-19.999996,Object notstarted,Object notstarted,Object notstarted,Object notstarted,Object notstarted,Object notstarted,Object notstarted,Object notstarted,Object notstarted
2024-03-18 10:31:51,033.033,__main___datalogs,INFO,JoyConState.NORMAL,-118.137500,-113.237500,25.850000,0.096125,0.002289,0.013732,0.027464,0.000000,0.000000,0.000000,0.000000,0,0,0,0,0,0,0,0,0,0,0,0.045257568359375,-0.004302978515625,-3.8655786e-13,-19.999996,-59.470566,3.152846e-13,19.999996,7.127309e-14,0.0,-19.999996,Object notstarted,Object notstarted,Object notstarted,Object notstarted,Object notstarted,Object notstarted,Object notstarted,Object notstarted,Object notstarted
2024-03-18 10:31:51,065.065,__main___datalogs,INFO,JoyConState.NORMAL,-119.112500,-114.262500,25.467500,0.096125,0.006866,0.013732,0.027464,0.000000,0.000000,0.000000,0.000000,0,0,0,0,0,0,0,0,0,0,0,0.045257568359375,-0.004302978515625,-3.8655786e-13,-19.999996,-59.470566,3.152846e-13,19.999996,7.127309e-14,0.0,-19.999996,Object notstarted,Object notstarted,Object notstarted,Object notstarted,Object notstarted,Object notstarted,Object notstarted,Object notstarted,Object notstarted
2024-03-18 10:31:51,096.096,__main___datalogs,INFO,JoyConState.NORMAL,-119.875000,-115.050000,25.175000,0.096125,0.006866,0.013732,0.025176,0.000000,0.000000,0.000000,0.000000,0,0,0,0,0,0,0,0,0,0,0,0.045257568359375,-0.004302978515625,-3.8655786e-13,-19.999996,-59.470566,3.152846e-13,19.999996,7.127309e-14,0.0,-19.999996,Object notstarted,Object notstarted,Object notstarted,Object notstarted,Object notstarted,Object notstarted,Object notstarted,Object notstarted,Object notstarted
2024-03-18 10:31:51,129.129,__main___datalogs,INFO,JoyConState.NORMAL,-120.362500,-115.562500,24.985000,0.091547,0.002289,0.013732,0.027464,0.000000,0.000000,0.000000,0.000000,0,0,0,0,0,0,0,0,0,0,0,0.045257568359375,-0.004302978515625,-3.8655786e-13,-19.999996,-59.470566,3.152846e-13,19.999996,7.127309e-14,0.0,-19.999996,Object notstarted,Object notstarted,Object notstarted,Object notstarted,Object notstarted,Object notstarted,Object notstarted,Object notstarted,Object notstarted
2024-03-18 10:31:51,181.181,__main___datalogs,INFO,JoyConState.NORMAL,-120.600000,-115.825000,24.890000,0.091547,0.009155,0.013732,0.025176,0.000000,0.000000,0.000000,0.000000,0,0,0,0,0,0,0,0,0,0,0,0.045257568359375,-0.004302978515625,-3.8655786e-13,-19.999996,-59.470566,3.152846e-13,19.999996,7.127309e-14,0.0,-19.999996,Object notstarted,Object notstarted,Object notstarted,Object notstarted,Object notstarted,Object notstarted,Object notstarted,Object notstarted,Object notstarted
2024-03-18 10:31:51,237.237,__main___datalogs,INFO,JoyConState.NORMAL,-120.787500,-116.012500,24.712500,0.091547,0.006866,0.013732,0.025176,0.000000,0.000000,0.000000,0.000000,0,0,0,0,0,0,0,0,0,0,0,0.045257568359375,-0.004302978515625,-3.8655786e-13,-19.999996,-59.470566,3.152846e-13,19.999996,7.127309e-14,0.0,-19.999996,Object notstarted,Object notstarted,Object notstarted,Object notstarted,Object notstarted,Object notstarted,Object notstarted,Object notstarted,Object notstarted
2024-03-18 10:31:51,293.293,__main___datalogs,INFO,JoyConState.NORMAL,-121.300000,-116.550000,24.215000,0.091547,0.002289,0.013732,0.027464,0.000000,0.000000,0.000000,0.000000,0,0,0,0,0,0,0,0,0,0,0,0.045257568359375,-0.004302978515625,-3.8655786e-13,-19.999996,-59.470566,3.152846e-13,19.999996,7.127309e-14,0.0,-19.999996,Object notstarted,Object notstarted,Object notstarted,Object notstarted,Object notstarted,Object notstarted,Object notstarted,Object notstarted,Object notstarted
2024-03-18 10:31:51,349.349,__main___datalogs,INFO,JoyConState.NORMAL,-122.125000,-117.425000,23.405000,0.089258,0.006866,0.013732,0.025176,0.000000,0.000000,0.000000,0.000000,0,0,0,0,0,0,0,0,0,0,0,0.045257568359375,-0.004302978515625,-3.8655786e-13,-19.999996,-59.470566,3.152846e-13,19.999996,7.127309e-14,0.0,-19.999996,Object notstarted,Object notstarted,Object notstarted,Object notstarted,Object notstarted,Object notstarted,Object notstarted,Object notstarted,Object notstarted
2024-03-18 10:31:51,407.407,__main___datalogs,INFO,JoyConState.NORMAL,-123.300000,-118.650000,22.262500,0.089258,0.002289,0.013732,0.025176,0.000000,0.000000,0.000000,0.000000,0,0,0,0,0,0,0,0,0,0,0,0.045257568359375,-0.004302978515625,-3.8655786e-13,-19.999996,-59.470566,3.152846e-13,19.999996,7.127309e-14,0.0,-19.999996,Object notstarted,Object notstarted,Object notstarted,Object notstarted,Object notstarted,Object notstarted,Object notstarted,Object notstarted,Object notstarted
2024-03-18 10:31:51,463.463,__main___datalogs,INFO,JoyConState.NORMAL,-124.800000,-120.212500,20.815000,0.096125,0.002289,0.004577,0.020598,0.000000,0.000000,0.000000,0.000000,0,0,0,0,0,0,0,0,0,0,0,0.045257568359375,-0.004302978515625,-3.8655786e-13,-19.999996,-59.470566,3.152846e-13,19.999996,7.127309e-14,0.0,-19.999996,Object notstarted,Object notstarted,Object notstarted,Object notstarted,Object notstarted,Object notstarted,Object notstarted,Object notstarted,Object notstarted
2024-03-18 10:31:51,520.520,__main___datalogs,INFO,JoyConState.NORMAL,-126.375000,-121.850000,19.285000,0.091547,0.002289,0.011443,0.025176,0.000000,0.000000,0.000000,0.000000,0,0,0,0,0,0,0,0,0,0,0,0.045257568359375,-0.004302978515625,-3.8655786e-13,-19.999996,-59.470566,3.152846e-13,19.999996,7.127309e-14,0.0,-19.999996,Object notstarted,Object notstarted,Object notstarted,Object notstarted,Object notstarted,Object notstarted,Object notstarted,Object notstarted,Object notstarted
2024-03-18 10:31:51,575.575,__main___datalogs,INFO,JoyConState.NORMAL,-127.637500,-123.187500,18.050000,0.091547,0.002289,0.013732,0.025176,0.000000,0.000000,0.000000,0.000000,0,0,0,0,0,0,0,0,0,0,0,0.045257568359375,-0.004302978515625,-3.8655786e-13,-19.999996,-59.470566,3.152846e-13,19.999996,7.127309e-14,0.0,-19.999996,Object notstarted,Object notstarted,Object notstarted,Object notstarted,Object notstarted,Object notstarted,Object notstarted,Object notstarted,Object notstarted
2024-03-18 10:31:51,633.633,__main___datalogs,INFO,JoyConState.NORMAL,-128.587500,-124.175000,17.127500,0.096125,0.002289,0.013732,0.025176,0.000000,0.000000,0.000000,0.000000,0,0,0,0,0,0,0,0,0,0,0,0.045257568359375,-0.004302978515625,-3.8655786e-13,-19.999996,-59.470566,3.152846e-13,19.999996,7.127309e-14,0.0,-19.999996,Object notstarted,Object notstarted,Object notstarted,Object notstarted,Object notstarted,Object notstarted,Object notstarted,Object notstarted,Object notstarted
2024-03-18 10:31:51,688.688,__main___datalogs,INFO,JoyConState.NORMAL,-129.225000,-124.837500,16.515000,0.096125,0.006866,0.013732,0.027464,0.000000,0.000000,0.000000,0.000000,0,0,0,0,0,0,0,0,0,0,0,0.045257568359375,-0.004302978515625,-3.8655786e-13,-19.999996,-59.470566,3.152846e-13,19.999996,7.127309e-14,0.0,-19.999996,Object notstarted,Object notstarted,Object notstarted,Object notstarted,Object notstarted,Object notstarted,Object notstarted,Object notstarted,Object notstarted
2024-03-18 10:31:51,745.745,__main___datalogs,INFO,JoyConState.NORMAL,-129.525000,-125.150000,16.225000,0.096125,0.006866,0.013732,0.027464,0.000000,0.000000,0.000000,0.000000,0,0,0,0,0,0,0,0,0,0,0,0.045257568359375,-0.004302978515625,-3.8655786e-13,-19.999996,-59.470566,3.152846e-13,19.999996,7.127309e-14,0.0,-19.999996,Object notstarted,Object notstarted,Object notstarted,Object notstarted,Object notstarted,Object notstarted,Object notstarted,Object notstarted,Object notstarted
2024-03-18 10:31:51,829.829,__main___datalogs,INFO,JoyConState.NORMAL,-129.812500,-125.450000,15.840000,0.091547,0.006866,0.013732,0.025176,0.000000,0.000000,0.000000,0.000000,0,0,0,0,0,0,0,0,0,0,0,0.045257568359375,-0.004302978515625,-3.8655786e-13,-19.999996,-59.470566,3.152846e-13,19.999996,7.127309e-14,0.0,-19.999996,Object notstarted,Object notstarted,Object notstarted,Object notstarted,Object notstarted,Object notstarted,Object notstarted,Object notstarted,Object notstarted
2024-03-18 10:31:51,893.893,__main___datalogs,INFO,JoyConState.NORMAL,-130.662500,-126.337500,14.725000,0.091547,0.002289,0.013732,0.025176,0.000000,0.000000,0.000000,0.000000,0,0,0,0,0,0,0,0,0,0,0,0.045257568359375,-0.004302978515625,-3.8655786e-13,-19.999996,-59.470566,3.152846e-13,19.999996,7.127309e-14,0.0,-19.999996,Object notstarted,Object notstarted,Object notstarted,Object notstarted,Object notstarted,Object notstarted,Object notstarted,Object notstarted,Object notstarted
2024-03-18 10:31:51,950.950,__main___datalogs,INFO,JoyConState.NORMAL,-131.462500,-127.175000,13.667500,0.096125,0.006866,0.013732,0.027464,0.000000,0.000000,0.000000,0.000000,0,0,0,0,0,0,0,0,0,0,0,0.045257568359375,-0.004302978515625,-3.8655786e-13,-19.999996,-59.470566,3.152846e-13,19.999996,7.127309e-14,0.0,-19.999996,Object notstarted,Object notstarted,Object notstarted,Object notstarted,Object notstarted,Object notstarted,Object notstarted,Object notstarted,Object notstarted
2024-03-18 10:31:52,007.007,__main___datalogs,INFO,JoyConState.NORMAL,-132.537500,-128.300000,12.252500,0.096125,0.006866,0.011443,0.025176,0.000000,0.000000,0.000000,0.000000,0,0,0,0,0,0,0,0,0,0,0,0.045257568359375,-0.004302978515625,-3.8655786e-13,-19.999996,-59.470566,3.152846e-13,19.999996,7.127309e-14,0.0,-19.999996,Object notstarted,Object notstarted,Object notstarted,Object notstarted,Object notstarted,Object notstarted,Object notstarted,Object notstarted,Object notstarted
2024-03-18 10:31:52,064.064,__main___datalogs,INFO,JoyConState.NORMAL,-133.512500,-129.312500,10.972500,0.091547,0.006866,0.018310,0.027464,0.000000,0.000000,0.000000,0.000000,0,0,0,0,0,0,0,0,0,0,0,0.045257568359375,-0.004302978515625,-3.8655786e-13,-19.999996,-59.470566,3.152846e-13,19.999996,7.127309e-14,0.0,-19.999996,Object notstarted,Object notstarted,Object notstarted,Object notstarted,Object notstarted,Object notstarted,Object notstarted,Object notstarted,Object notstarted
2024-03-18 10:31:52,121.121,__main___datalogs,INFO,JoyConState.NORMAL,-134.237500,-130.075000,10.017500,0.096125,0.002289,0.011443,0.027464,0.000000,0.000000,0.000000,0.000000,0,0,0,0,0,0,0,0,0,0,0,0.045257568359375,-0.004302978515625,-3.8655786e-13,-19.999996,-59.470566,3.152846e-13,19.999996,7.127309e-14,0.0,-19.999996,Object notstarted,Object notstarted,Object notstarted,Object notstarted,Object notstarted,Object notstarted,Object notstarted,Object notstarted,Object notstarted
2024-03-18 10:31:52,177.177,__main___datalogs,INFO,JoyConState.NORMAL,-134.712500,-130.575000,9.382500,0.091547,0.002289,0.011443,0.027464,0.000000,0.000000,0.000000,0.000000,0,0,0,0,0,0,0,0,0,0,0,0.045257568359375,-0.004302978515625,-3.8655786e-13,-19.999996,-59.470566,3.152846e-13,19.999996,7.127309e-14,0.0,-19.999996,Object notstarted,Object notstarted,Object notstarted,Object notstarted,Object notstarted,Object notstarted,Object notstarted,Object notstarted,Object notstarted
2024-03-18 10:31:52,233.233,__main___datalogs,INFO,JoyConState.NORMAL,-134.950000,-130.825000,9.067500,0.096125,0.002289,0.013732,0.025176,0.000000,0.000000,0.000000,0.000000,0,0,0,0,0,0,0,0,0,0,0,0.045257568359375,-0.004302978515625,-3.8655786e-13,-19.999996,-59.470566,3.152846e-13,19.999996,7.127309e-14,0.0,-19.999996,Object notstarted,Object notstarted,Object notstarted,Object notstarted,Object notstarted,Object notstarted,Object notstarted,Object notstarted,Object notstarted
2024-03-18 10:31:52,288.288,__main___datalogs,INFO,JoyConState.NORMAL,-134.975000,-130.850000,9.040000,0.096125,0.002289,0.013732,0.027464,0.000000,0.000000,0.000000,0.000000,0,0,0,0,0,0,0,0,0,0,0,0.045257568359375,-0.004302978515625,-3.8655786e-13,-19.999996,-59.470566,3.152846e-13,19.999996,7.127309e-14,0.0,-19.999996,Object notstarted,Object notstarted,Object notstarted,Object notstarted,Object notstarted,Object notstarted,Object notstarted,Object notstarted,Object notstarted
2024-03-18 10:31:52,345.345,__main___datalogs,INFO,JoyConState.NORMAL,-134.975000,-130.850000,9.040000,0.096125,0.006866,0.011443,0.027464,0.000000,0.000000,0.000000,0.000000,0,0,0,0,0,0,0,0,0,0,0,0.045257568359375,-0.004302978515625,-3.8655786e-13,-19.999996,-59.470566,3.152846e-13,19.999996,7.127309e-14,0.0,-19.999996,Object notstarted,Object notstarted,Object notstarted,Object notstarted,Object notstarted,Object notstarted,Object notstarted,Object notstarted,Object notstarted
2024-03-18 10:31:52,400.400,__main___datalogs,INFO,JoyConState.NORMAL,-134.975000,-130.850000,9.040000,0.096125,0.002289,0.013732,0.020598,0.000000,0.000000,0.000000,0.000000,0,0,0,0,0,0,0,0,0,0,0,0.045257568359375,-0.004302978515625,-3.8655786e-13,-19.999996,-59.470566,3.152846e-13,19.999996,7.127309e-14,0.0,-19.999996,Object notstarted,Object notstarted,Object notstarted,Object notstarted,Object notstarted,Object notstarted,Object notstarted,Object notstarted,Object notstarted
2024-03-18 10:31:52,457.457,__main___datalogs,INFO,JoyConState.NORMAL,-134.975000,-130.850000,9.040000,0.096125,0.002289,0.013732,0.020598,0.000000,0.000000,0.000000,0.000000,0,0,0,0,0,0,0,0,0,0,0,0.045257568359375,-0.004302978515625,-3.8655786e-13,-19.999996,-59.470566,3.152846e-13,19.999996,7.127309e-14,0.0,-19.999996,Object notstarted,Object notstarted,Object notstarted,Object notstarted,Object notstarted,Object notstarted,Object notstarted,Object notstarted,Object notstarted
2024-03-18 10:31:52,512.512,__main___datalogs,INFO,JoyConState.NORMAL,-134.975000,-130.850000,9.040000,0.096125,0.002289,0.011443,0.025176,0.000000,0.000000,0.000000,0.000000,0,0,0,0,0,0,0,0,0,0,0,0.045257568359375,-0.004302978515625,-3.8655786e-13,-19.999996,-59.470566,3.152846e-13,19.999996,7.127309e-14,0.0,-19.999996,Object notstarted,Object notstarted,Object notstarted,Object notstarted,Object notstarted,Object notstarted,Object notstarted,Object notstarted,Object notstarted
2024-03-18 10:31:52,568.568,__main___datalogs,INFO,JoyConState.NORMAL,-134.975000,-130.850000,9.040000,0.091547,0.002289,0.013732,0.020598,0.000000,0.000000,0.000000,0.000000,0,0,0,0,0,0,0,0,0,0,0,0.045257568359375,-0.004302978515625,-3.8655786e-13,-19.999996,-59.470566,3.152846e-13,19.999996,7.127309e-14,0.0,-19.999996,Object notstarted,Object notstarted,Object notstarted,Object notstarted,Object notstarted,Object notstarted,Object notstarted,Object notstarted,Object notstarted
2024-03-18 10:31:52,624.624,__main___datalogs,INFO,JoyConState.NORMAL,-134.975000,-130.850000,9.040000,0.096125,0.002289,0.013732,0.025176,0.000000,0.000000,0.000000,0.000000,0,0,0,0,0,0,0,0,0,0,0,0.045257568359375,-0.004302978515625,-3.8655786e-13,-19.999996,-59.470566,3.152846e-13,19.999996,7.127309e-14,0.0,-19.999996,Object notstarted,Object notstarted,Object notstarted,Object notstarted,Object notstarted,Object notstarted,Object notstarted,Object notstarted,Object notstarted
2024-03-18 10:31:52,679.679,__main___datalogs,INFO,JoyConState.NORMAL,-134.975000,-130.850000,9.040000,0.096125,0.002289,0.013732,0.025176,0.000000,0.000000,0.000000,0.000000,0,0,0,0,0,0,0,0,0,0,0,0.045257568359375,-0.004302978515625,-3.8655786e-13,-19.999996,-59.470566,3.152846e-13,19.999996,7.127309e-14,0.0,-19.999996,Object notstarted,Object notstarted,Object notstarted,Object notstarted,Object notstarted,Object notstarted,Object notstarted,Object notstarted,Object notstarted
2024-03-18 10:31:52,735.735,__main___datalogs,INFO,JoyConState.NORMAL,-134.975000,-130.850000,9.040000,0.096125,0.002289,0.011443,0.027464,0.000000,0.000000,0.000000,0.000000,0,0,0,0,0,0,0,0,0,0,0,0.045257568359375,-0.004302978515625,-3.8655786e-13,-19.999996,-59.470566,3.152846e-13,19.999996,7.127309e-14,0.0,-19.999996,Object notstarted,Object notstarted,Object notstarted,Object notstarted,Object notstarted,Object notstarted,Object notstarted,Object notstarted,Object notstarted
2024-03-18 10:31:52,792.792,__main___datalogs,INFO,JoyConState.NORMAL,-134.975000,-130.850000,9.040000,0.091547,0.006866,0.013732,0.027464,0.000000,0.000000,0.000000,0.000000,0,0,0,0,0,0,0,0,0,0,0,0.045257568359375,-0.004302978515625,-3.8655786e-13,-19.999996,-59.470566,3.152846e-13,19.999996,7.127309e-14,0.0,-19.999996,Object notstarted,Object notstarted,Object notstarted,Object notstarted,Object notstarted,Object notstarted,Object notstarted,Object notstarted,Object notstarted
2024-03-18 10:31:52,846.846,__main___datalogs,INFO,JoyConState.NORMAL,-134.975000,-130.850000,9.040000,0.091547,0.002289,0.013732,0.025176,0.000000,0.000000,0.000000,0.000000,0,0,0,0,0,0,0,0,0,0,0,0.045257568359375,-0.004302978515625,-3.8655786e-13,-19.999996,-59.470566,3.152846e-13,19.999996,7.127309e-14,0.0,-19.999996,Object notstarted,Object notstarted,Object notstarted,Object notstarted,Object notstarted,Object notstarted,Object notstarted,Object notstarted,Object notstarted
2024-03-18 10:31:52,911.911,__main___datalogs,INFO,JoyConState.NORMAL,-134.975000,-130.850000,9.040000,0.089258,0.009155,0.013732,0.025176,0.000000,0.000000,0.000000,0.000000,0,0,0,0,0,0,0,0,0,0,0,0.045257568359375,-0.004302978515625,-3.8655786e-13,-19.999996,-59.470566,3.152846e-13,19.999996,7.127309e-14,0.0,-19.999996,Object notstarted,Object notstarted,Object notstarted,Object notstarted,Object notstarted,Object notstarted,Object notstarted,Object notstarted,Object notstarted
2024-03-18 10:31:52,966.966,__main___datalogs,INFO,JoyConState.NORMAL,-134.975000,-130.850000,9.040000,0.089258,0.006866,0.013732,0.027464,0.000000,0.000000,0.000000,0.000000,0,0,0,0,0,0,0,0,0,0,0,0.045257568359375,-0.004302978515625,-3.8655786e-13,-19.999996,-59.470566,3.152846e-13,19.999996,7.127309e-14,0.0,-19.999996,Object notstarted,Object notstarted,Object notstarted,Object notstarted,Object notstarted,Object notstarted,Object notstarted,Object notstarted,Object notstarted
2024-03-18 10:31:53,023.023,__main___datalogs,INFO,JoyConState.NORMAL,-134.975000,-130.850000,9.040000,0.091547,0.006866,0.011443,0.025176,0.000000,0.000000,0.000000,0.000000,0,0,0,0,0,0,0,0,0,0,0,0.045257568359375,-0.004302978515625,-3.8655786e-13,-19.999996,-59.470566,3.152846e-13,19.999996,7.127309e-14,0.0,-19.999996,Object notstarted,Object notstarted,Object notstarted,Object notstarted,Object notstarted,Object notstarted,Object notstarted,Object notstarted,Object notstarted
2024-03-18 10:31:53,078.078,__main___datalogs,INFO,JoyConState.NORMAL,-134.975000,-130.850000,9.040000,0.091547,0.006866,0.013732,0.027464,0.000000,0.000000,0.000000,0.000000,0,0,0,0,0,0,0,0,0,0,0,0.045257568359375,-0.004302978515625,-3.8655786e-13,-19.999996,-59.470566,3.152846e-13,19.999996,7.127309e-14,0.0,-19.999996,Object notstarted,Object notstarted,Object notstarted,Object notstarted,Object notstarted,Object notstarted,Object notstarted,Object notstarted,Object notstarted
2024-03-18 10:31:53,135.135,__main___datalogs,INFO,JoyConState.NORMAL,-134.975000,-130.850000,9.040000,0.091547,0.006866,0.013732,0.027464,0.000000,0.000000,0.000000,0.000000,0,0,0,0,0,0,0,0,0,0,0,0.045257568359375,-0.004302978515625,-3.8655786e-13,-19.999996,-59.470566,3.152846e-13,19.999996,7.127309e-14,0.0,-19.999996,Object notstarted,Object notstarted,Object notstarted,Object notstarted,Object notstarted,Object notstarted,Object notstarted,Object notstarted,Object notstarted
2024-03-18 10:31:53,189.189,__main___datalogs,INFO,JoyConState.NORMAL,-134.975000,-130.850000,9.040000,0.091547,0.006866,0.013732,0.027464,0.000000,0.000000,0.000000,0.000000,0,0,0,0,0,0,0,0,0,0,0,0.045257568359375,-0.004302978515625,-3.8655786e-13,-19.999996,-59.470566,3.152846e-13,19.999996,7.127309e-14,0.0,-19.999996,Object notstarted,Object notstarted,Object notstarted,Object notstarted,Object notstarted,Object notstarted,Object notstarted,Object notstarted,Object notstarted
2024-03-18 10:31:53,246.246,__main___datalogs,INFO,JoyConState.NORMAL,-134.975000,-130.850000,9.040000,0.091547,0.002289,0.011443,0.027464,0.000000,0.000000,0.000000,0.000000,0,0,0,0,0,0,0,0,0,0,0,0.045257568359375,-0.004302978515625,-3.8655786e-13,-19.999996,-59.470566,3.152846e-13,19.999996,7.127309e-14,0.0,-19.999996,Object notstarted,Object notstarted,Object notstarted,Object notstarted,Object notstarted,Object notstarted,Object notstarted,Object notstarted,Object notstarted
2024-03-18 10:31:53,301.301,__main___datalogs,INFO,JoyConState.NORMAL,-134.975000,-130.850000,9.040000,0.096125,0.006866,0.013732,0.027464,0.000000,0.000000,0.000000,0.000000,0,0,0,0,0,0,0,0,0,0,0,0.045257568359375,-0.004302978515625,-3.8655786e-13,-19.999996,-59.470566,3.152846e-13,19.999996,7.127309e-14,0.0,-19.999996,Object notstarted,Object notstarted,Object notstarted,Object notstarted,Object notstarted,Object notstarted,Object notstarted,Object notstarted,Object notstarted
2024-03-18 10:31:53,357.357,__main___datalogs,INFO,JoyConState.NORMAL,-134.975000,-130.850000,9.040000,0.096125,0.006866,0.013732,0.027464,0.000000,0.000000,0.000000,0.000000,0,0,0,0,0,0,0,0,0,0,0,0.045257568359375,-0.004302978515625,-3.8655786e-13,-19.999996,-59.470566,3.152846e-13,19.999996,7.127309e-14,0.0,-19.999996,Object notstarted,Object notstarted,Object notstarted,Object notstarted,Object notstarted,Object notstarted,Object notstarted,Object notstarted,Object notstarted
2024-03-18 10:31:53,413.413,__main___datalogs,INFO,JoyConState.NORMAL,-134.975000,-130.850000,9.040000,0.091547,0.002289,0.011443,0.027464,0.000000,0.000000,0.000000,0.000000,0,0,0,0,0,0,0,0,0,0,0,0.045257568359375,-0.004302978515625,-3.8655786e-13,-19.999996,-59.470566,3.152846e-13,19.999996,7.127309e-14,0.0,-19.999996,Object notstarted,Object notstarted,Object notstarted,Object notstarted,Object notstarted,Object notstarted,Object notstarted,Object notstarted,Object notstarted
2024-03-18 10:31:53,469.469,__main___datalogs,INFO,JoyConState.NORMAL,-134.975000,-130.850000,9.040000,0.091547,0.002289,0.011443,0.027464,0.000000,0.000000,0.000000,0.000000,0,0,0,0,0,0,0,0,0,0,0,0.045257568359375,-0.004302978515625,-3.8655786e-13,-19.999996,-59.470566,3.152846e-13,19.999996,7.127309e-14,0.0,-19.999996,Object notstarted,Object notstarted,Object notstarted,Object notstarted,Object notstarted,Object notstarted,Object notstarted,Object notstarted,Object notstarted
2024-03-18 10:31:53,525.525,__main___datalogs,INFO,JoyConState.NORMAL,-134.975000,-130.850000,9.040000,0.096125,0.002289,0.004577,0.027464,0.000000,0.000000,0.000000,0.000000,0,0,0,0,0,0,0,0,0,0,0,0.045257568359375,-0.004302978515625,-3.8655786e-13,-19.999996,-59.470566,3.152846e-13,19.999996,7.127309e-14,0.0,-19.999996,Object notstarted,Object notstarted,Object notstarted,Object notstarted,Object notstarted,Object notstarted,Object notstarted,Object notstarted,Object notstarted
2024-03-18 10:31:53,581.581,__main___datalogs,INFO,JoyConState.NORMAL,-134.975000,-130.850000,9.040000,0.089258,0.002289,0.013732,0.027464,0.000000,0.000000,0.000000,0.000000,0,0,0,0,0,0,0,0,0,0,0,0.045257568359375,-0.004302978515625,-3.8655786e-13,-19.999996,-59.470566,3.152846e-13,19.999996,7.127309e-14,0.0,-19.999996,Object notstarted,Object notstarted,Object notstarted,Object notstarted,Object notstarted,Object notstarted,Object notstarted,Object notstarted,Object notstarted
2024-03-18 10:31:53,637.637,__main___datalogs,INFO,JoyConState.NORMAL,-134.975000,-130.850000,9.040000,0.091547,0.006866,0.011443,0.025176,0.000000,0.000000,0.000000,0.000000,0,0,0,0,0,0,0,0,0,0,0,0.045257568359375,-0.004302978515625,-3.8655786e-13,-19.999996,-59.470566,3.152846e-13,19.999996,7.127309e-14,0.0,-19.999996,Object notstarted,Object notstarted,Object notstarted,Object notstarted,Object notstarted,Object notstarted,Object notstarted,Object notstarted,Object notstarted
2024-03-18 10:31:53,693.693,__main___datalogs,INFO,JoyConState.NORMAL,-134.975000,-130.850000,9.040000,0.089258,0.006866,0.013732,0.025176,0.000000,0.000000,0.000000,0.000000,0,0,0,0,0,0,0,0,0,0,0,0.045257568359375,-0.004302978515625,-3.8655786e-13,-19.999996,-59.470566,3.152846e-13,19.999996,7.127309e-14,0.0,-19.999996,Object notstarted,Object notstarted,Object notstarted,Object notstarted,Object notstarted,Object notstarted,Object notstarted,Object notstarted,Object notstarted
2024-03-18 10:31:53,748.748,__main___datalogs,INFO,JoyConState.NORMAL,-134.975000,-130.850000,9.040000,0.091547,0.006866,0.013732,0.027464,0.000000,0.000000,0.000000,0.000000,0,0,0,0,0,0,0,0,0,0,0,0.045257568359375,-0.004302978515625,-3.8655786e-13,-19.999996,-59.470566,3.152846e-13,19.999996,7.127309e-14,0.0,-19.999996,Object notstarted,Object notstarted,Object notstarted,Object notstarted,Object notstarted,Object notstarted,Object notstarted,Object notstarted,Object notstarted
2024-03-18 10:31:53,805.805,__main___datalogs,INFO,JoyConState.NORMAL,-134.975000,-130.850000,9.040000,0.096125,0.002289,0.018310,0.025176,0.000000,0.000000,0.000000,0.000000,0,0,0,0,0,0,0,0,0,0,0,0.045257568359375,-0.004302978515625,-3.8655786e-13,-19.999996,-59.470566,3.152846e-13,19.999996,7.127309e-14,0.0,-19.999996,Object notstarted,Object notstarted,Object notstarted,Object notstarted,Object notstarted,Object notstarted,Object notstarted,Object notstarted,Object notstarted
2024-03-18 10:31:53,861.861,__main___datalogs,INFO,JoyConState.NORMAL,-134.975000,-130.850000,9.040000,0.096125,0.006866,0.011443,0.025176,0.000000,0.000000,0.000000,0.000000,0,0,0,0,0,0,0,0,0,0,0,0.045257568359375,-0.004302978515625,-3.8655786e-13,-19.999996,-59.470566,3.152846e-13,19.999996,7.127309e-14,0.0,-19.999996,Object notstarted,Object notstarted,Object notstarted,Object notstarted,Object notstarted,Object notstarted,Object notstarted,Object notstarted,Object notstarted
2024-03-18 10:31:53,933.933,__main___datalogs,INFO,JoyConState.NORMAL,-134.975000,-130.850000,9.040000,0.096125,0.002289,0.011443,0.027464,0.000000,0.000000,0.000000,0.000000,0,0,0,0,0,0,0,0,0,0,0,0.045257568359375,-0.004302978515625,-3.8655786e-13,-19.999996,-59.470566,3.152846e-13,19.999996,7.127309e-14,0.0,-19.999996,Object notstarted,Object notstarted,Object notstarted,Object notstarted,Object notstarted,Object notstarted,Object notstarted,Object notstarted,Object notstarted
2024-03-18 10:31:53,996.996,__main___datalogs,INFO,JoyConState.NORMAL,-134.975000,-130.850000,9.040000,0.096125,0.002289,0.013732,0.025176,0.000000,0.000000,0.000000,0.000000,0,0,0,0,0,0,0,0,0,0,0,0.045257568359375,-0.004302978515625,-3.8655786e-13,-19.999996,-59.470566,3.152846e-13,19.999996,7.127309e-14,0.0,-19.999996,Object notstarted,Object notstarted,Object notstarted,Object notstarted,Object notstarted,Object notstarted,Object notstarted,Object notstarted,Object notstarted
2024-03-18 10:31:54,052.052,__main___datalogs,INFO,JoyConState.NORMAL,-134.975000,-130.850000,9.040000,0.096125,0.006866,0.013732,0.025176,0.000000,0.000000,0.000000,0.000000,0,0,0,0,0,0,0,0,0,0,0,0.045257568359375,-0.004302978515625,-3.8655786e-13,-19.999996,-59.470566,3.152846e-13,19.999996,7.127309e-14,0.0,-19.999996,Object notstarted,Object notstarted,Object notstarted,Object notstarted,Object notstarted,Object notstarted,Object notstarted,Object notstarted,Object notstarted
2024-03-18 10:31:54,108.108,__main___datalogs,INFO,JoyConState.NORMAL,-134.975000,-130.850000,9.040000,0.096125,0.006866,0.013732,0.025176,0.000000,0.000000,0.000000,0.000000,0,0,0,0,0,0,0,0,0,0,0,0.045257568359375,-0.004302978515625,-3.8655786e-13,-19.999996,-59.470566,3.152846e-13,19.999996,7.127309e-14,0.0,-19.999996,Object notstarted,Object notstarted,Object notstarted,Object notstarted,Object notstarted,Object notstarted,Object notstarted,Object notstarted,Object notstarted
2024-03-18 10:31:54,165.165,__main___datalogs,INFO,JoyConState.NORMAL,-134.975000,-130.850000,9.040000,0.091547,0.006866,0.013732,0.027464,0.000000,0.000000,0.000000,0.000000,0,0,0,0,0,0,0,0,0,0,0,0.045257568359375,-0.004302978515625,-3.8655786e-13,-19.999996,-59.470566,3.152846e-13,19.999996,7.127309e-14,0.0,-19.999996,Object notstarted,Object notstarted,Object notstarted,Object notstarted,Object notstarted,Object notstarted,Object notstarted,Object notstarted,Object notstarted
2024-03-18 10:31:54,220.220,__main___datalogs,INFO,JoyConState.NORMAL,-134.975000,-130.850000,9.040000,0.089258,0.006866,0.013732,0.025176,0.000000,0.000000,0.000000,0.000000,0,0,0,0,0,0,0,0,0,0,0,0.045257568359375,-0.004302978515625,-3.8655786e-13,-19.999996,-59.470566,3.152846e-13,19.999996,7.127309e-14,0.0,-19.999996,Object notstarted,Object notstarted,Object notstarted,Object notstarted,Object notstarted,Object notstarted,Object notstarted,Object notstarted,Object notstarted
2024-03-18 10:31:54,277.277,__main___datalogs,INFO,JoyConState.NORMAL,-134.975000,-130.850000,9.040000,0.089258,0.006866,0.013732,0.025176,0.000000,0.000000,0.000000,0.000000,0,0,0,0,0,0,0,0,0,0,0,0.045257568359375,-0.004302978515625,-3.8655786e-13,-19.999996,-59.470566,3.152846e-13,19.999996,7.127309e-14,0.0,-19.999996,Object notstarted,Object notstarted,Object notstarted,Object notstarted,Object notstarted,Object notstarted,Object notstarted,Object notstarted,Object notstarted
2024-03-18 10:31:54,332.332,__main___datalogs,INFO,JoyConState.NORMAL,-134.975000,-130.850000,9.040000,0.096125,0.006866,0.013732,0.025176,0.000000,0.000000,0.000000,0.000000,0,0,0,0,0,0,0,0,0,0,0,0.045257568359375,-0.004302978515625,-3.8655786e-13,-19.999996,-59.470566,3.152846e-13,19.999996,7.127309e-14,0.0,-19.999996,Object notstarted,Object notstarted,Object notstarted,Object notstarted,Object notstarted,Object notstarted,Object notstarted,Object notstarted,Object notstarted
2024-03-18 10:31:54,388.388,__main___datalogs,INFO,JoyConState.NORMAL,-134.975000,-130.850000,9.040000,0.091547,0.006866,0.013732,0.025176,0.000000,0.000000,0.000000,0.000000,0,0,0,0,0,0,0,0,0,0,0,0.045257568359375,-0.004302978515625,-3.8655786e-13,-19.999996,-59.470566,3.152846e-13,19.999996,7.127309e-14,0.0,-19.999996,Object notstarted,Object notstarted,Object notstarted,Object notstarted,Object notstarted,Object notstarted,Object notstarted,Object notstarted,Object notstarted
2024-03-18 10:31:54,444.444,__main___datalogs,INFO,JoyConState.NORMAL,-134.975000,-130.850000,9.040000,0.096125,0.002289,0.013732,0.025176,0.000000,0.000000,0.000000,0.000000,0,0,0,0,0,0,0,0,0,0,0,0.045257568359375,-0.004302978515625,-3.8655786e-13,-19.999996,-59.470566,3.152846e-13,19.999996,7.127309e-14,0.0,-19.999996,Object notstarted,Object notstarted,Object notstarted,Object notstarted,Object notstarted,Object notstarted,Object notstarted,Object notstarted,Object notstarted
2024-03-18 10:31:54,500.500,__main___datalogs,INFO,JoyConState.NORMAL,-134.975000,-130.850000,9.040000,0.091547,0.006866,0.013732,0.020598,0.000000,0.000000,0.000000,0.000000,0,0,0,0,0,0,0,0,0,0,0,0.045257568359375,-0.004302978515625,-3.8655786e-13,-19.999996,-59.470566,3.152846e-13,19.999996,7.127309e-14,0.0,-19.999996,Object notstarted,Object notstarted,Object notstarted,Object notstarted,Object notstarted,Object notstarted,Object notstarted,Object notstarted,Object notstarted
2024-03-18 10:31:54,555.555,__main___datalogs,INFO,JoyConState.NORMAL,-134.975000,-130.850000,9.040000,0.089258,0.006866,0.013732,0.025176,0.000000,0.000000,0.000000,0.000000,0,0,0,0,0,0,0,0,0,0,0,0.045257568359375,-0.004302978515625,-3.8655786e-13,-19.999996,-59.470566,3.152846e-13,19.999996,7.127309e-14,0.0,-19.999996,Object notstarted,Object notstarted,Object notstarted,Object notstarted,Object notstarted,Object notstarted,Object notstarted,Object notstarted,Object notstarted
2024-03-18 10:31:54,612.612,__main___datalogs,INFO,JoyConState.NORMAL,-134.975000,-130.850000,9.040000,0.096125,0.006866,0.013732,0.025176,0.000000,0.000000,0.000000,0.000000,0,0,0,0,0,0,0,0,0,0,0,0.045257568359375,-0.004302978515625,-3.8655786e-13,-19.999996,-59.470566,3.152846e-13,19.999996,7.127309e-14,0.0,-19.999996,Object notstarted,Object notstarted,Object notstarted,Object notstarted,Object notstarted,Object notstarted,Object notstarted,Object notstarted,Object notstarted
2024-03-18 10:31:54,667.667,__main___datalogs,INFO,JoyConState.NORMAL,-134.975000,-130.850000,9.040000,0.091547,0.009155,0.013732,0.025176,0.000000,0.000000,0.000000,0.000000,0,0,0,0,0,0,0,0,0,0,0,0.045257568359375,-0.004302978515625,-3.8655786e-13,-19.999996,-59.470566,3.152846e-13,19.999996,7.127309e-14,0.0,-19.999996,Object notstarted,Object notstarted,Object notstarted,Object notstarted,Object notstarted,Object notstarted,Object notstarted,Object notstarted,Object notstarted
2024-03-18 10:31:54,724.724,__main___datalogs,INFO,JoyConState.NORMAL,-134.975000,-130.850000,9.040000,0.091547,0.006866,0.018310,0.025176,0.000000,0.000000,0.000000,0.000000,0,0,0,0,0,0,0,0,0,0,0,0.045257568359375,-0.004302978515625,-3.8655786e-13,-19.999996,-59.470566,3.152846e-13,19.999996,7.127309e-14,0.0,-19.999996,Object notstarted,Object notstarted,Object notstarted,Object notstarted,Object notstarted,Object notstarted,Object notstarted,Object notstarted,Object notstarted
2024-03-18 10:31:54,779.779,__main___datalogs,INFO,JoyConState.NORMAL,-134.975000,-130.850000,9.040000,0.091547,0.006866,0.013732,0.025176,0.000000,0.000000,0.000000,0.000000,0,0,0,0,0,0,0,0,0,0,0,0.045257568359375,-0.004302978515625,-3.8655786e-13,-19.999996,-59.470566,3.152846e-13,19.999996,7.127309e-14,0.0,-19.999996,Object notstarted,Object notstarted,Object notstarted,Object notstarted,Object notstarted,Object notstarted,Object notstarted,Object notstarted,Object notstarted
2024-03-18 10:31:54,835.835,__main___datalogs,INFO,JoyConState.NORMAL,-134.975000,-130.850000,9.040000,0.091547,0.002289,0.013732,0.027464,0.000000,0.000000,0.000000,0.000000,0,0,0,0,0,0,0,0,0,0,0,0.045257568359375,-0.004302978515625,-3.8655786e-13,-19.999996,-59.470566,3.152846e-13,19.999996,7.127309e-14,0.0,-19.999996,Object notstarted,Object notstarted,Object notstarted,Object notstarted,Object notstarted,Object notstarted,Object notstarted,Object notstarted,Object notstarted
2024-03-18 10:31:54,891.891,__main___datalogs,INFO,JoyConState.NORMAL,-134.975000,-130.850000,9.040000,0.089258,0.002289,0.013732,0.025176,0.000000,0.000000,0.000000,0.000000,0,0,0,0,0,0,0,0,0,0,0,0.045257568359375,-0.004302978515625,-3.8655786e-13,-19.999996,-59.470566,3.152846e-13,19.999996,7.127309e-14,0.0,-19.999996,Object notstarted,Object notstarted,Object notstarted,Object notstarted,Object notstarted,Object notstarted,Object notstarted,Object notstarted,Object notstarted
2024-03-18 10:31:54,947.947,__main___datalogs,INFO,JoyConState.NORMAL,-134.975000,-130.850000,9.040000,0.091547,0.002289,0.013732,0.027464,0.000000,0.000000,0.000000,0.000000,0,0,0,0,0,0,0,0,0,0,0,0.045257568359375,-0.004302978515625,-3.8655786e-13,-19.999996,-59.470566,3.152846e-13,19.999996,7.127309e-14,0.0,-19.999996,Object notstarted,Object notstarted,Object notstarted,Object notstarted,Object notstarted,Object notstarted,Object notstarted,Object notstarted,Object notstarted
2024-03-18 10:31:55,003.003,__main___datalogs,INFO,JoyConState.NORMAL,-134.975000,-130.850000,9.040000,0.096125,0.006866,0.011443,0.027464,0.000000,0.000000,0.000000,0.000000,0,0,0,0,0,0,0,0,0,0,0,0.045257568359375,-0.004302978515625,-3.8655786e-13,-19.999996,-59.470566,3.152846e-13,19.999996,7.127309e-14,0.0,-19.999996,Object notstarted,Object notstarted,Object notstarted,Object notstarted,Object notstarted,Object notstarted,Object notstarted,Object notstarted,Object notstarted
2024-03-18 10:31:55,066.066,__main___datalogs,INFO,JoyConState.NORMAL,-134.975000,-130.850000,9.040000,0.091547,0.006866,0.013732,0.027464,0.000000,0.000000,0.000000,0.000000,0,0,0,0,0,0,0,0,0,0,0,0.045257568359375,-0.004302978515625,-3.8655786e-13,-19.999996,-59.470566,3.152846e-13,19.999996,7.127309e-14,0.0,-19.999996,Object notstarted,Object notstarted,Object notstarted,Object notstarted,Object notstarted,Object notstarted,Object notstarted,Object notstarted,Object notstarted
2024-03-18 10:31:55,121.121,__main___datalogs,INFO,JoyConState.NORMAL,-134.975000,-130.850000,9.040000,0.091547,0.006866,0.013732,0.027464,0.000000,0.000000,0.000000,0.000000,0,0,0,0,0,0,0,0,0,0,0,0.045257568359375,-0.004302978515625,-3.8655786e-13,-19.999996,-59.470566,3.152846e-13,19.999996,7.127309e-14,0.0,-19.999996,Object notstarted,Object notstarted,Object notstarted,Object notstarted,Object notstarted,Object notstarted,Object notstarted,Object notstarted,Object notstarted
2024-03-18 10:31:55,178.178,__main___datalogs,INFO,JoyConState.NORMAL,-134.975000,-130.850000,9.040000,0.096125,0.006866,0.013732,0.027464,0.000000,0.000000,0.000000,0.000000,0,0,0,0,0,0,0,0,0,0,0,0.045257568359375,-0.004302978515625,-3.8655786e-13,-19.999996,-59.470566,3.152846e-13,19.999996,7.127309e-14,0.0,-19.999996,Object notstarted,Object notstarted,Object notstarted,Object notstarted,Object notstarted,Object notstarted,Object notstarted,Object notstarted,Object notstarted
2024-03-18 10:31:55,233.233,__main___datalogs,INFO,JoyConState.NORMAL,-134.975000,-130.850000,9.040000,0.089258,0.002289,0.013732,0.027464,0.000000,0.000000,0.000000,0.000000,0,0,0,0,0,0,0,0,0,0,0,0.045257568359375,-0.004302978515625,-3.8655786e-13,-19.999996,-59.470566,3.152846e-13,19.999996,7.127309e-14,0.0,-19.999996,Object notstarted,Object notstarted,Object notstarted,Object notstarted,Object notstarted,Object notstarted,Object notstarted,Object notstarted,Object notstarted
2024-03-18 10:31:55,290.290,__main___datalogs,INFO,JoyConState.NORMAL,-134.975000,-130.850000,9.040000,0.089258,0.009155,0.013732,0.027464,0.000000,0.000000,0.000000,0.000000,0,0,0,0,0,0,0,0,0,0,0,0.045257568359375,-0.004302978515625,-3.8655786e-13,-19.999996,-59.470566,3.152846e-13,19.999996,7.127309e-14,0.0,-19.999996,Object notstarted,Object notstarted,Object notstarted,Object notstarted,Object notstarted,Object notstarted,Object notstarted,Object notstarted,Object notstarted
2024-03-18 10:31:55,345.345,__main___datalogs,INFO,JoyConState.NORMAL,-134.975000,-130.850000,9.040000,0.096125,0.002289,0.013732,0.027464,0.000000,0.000000,0.000000,0.000000,0,0,0,0,0,0,0,0,0,0,0,0.045257568359375,-0.004302978515625,-3.8655786e-13,-19.999996,-59.470566,3.152846e-13,19.999996,7.127309e-14,0.0,-19.999996,Object notstarted,Object notstarted,Object notstarted,Object notstarted,Object notstarted,Object notstarted,Object notstarted,Object notstarted,Object notstarted
2024-03-18 10:31:55,401.401,__main___datalogs,INFO,JoyConState.NORMAL,-134.975000,-130.850000,9.040000,0.096125,0.002289,0.013732,0.025176,0.000000,0.000000,0.000000,0.000000,0,0,0,0,0,0,0,0,0,0,0,0.045257568359375,-0.004302978515625,-3.8655786e-13,-19.999996,-59.470566,3.152846e-13,19.999996,7.127309e-14,0.0,-19.999996,Object notstarted,Object notstarted,Object notstarted,Object notstarted,Object notstarted,Object notstarted,Object notstarted,Object notstarted,Object notstarted
2024-03-18 10:31:55,456.456,__main___datalogs,INFO,JoyConState.NORMAL,-134.975000,-130.850000,9.040000,0.091547,0.006866,0.013732,0.027464,0.000000,0.000000,0.000000,0.000000,0,0,0,0,0,0,0,0,0,0,0,0.045257568359375,-0.004302978515625,-3.8655786e-13,-19.999996,-59.470566,3.152846e-13,19.999996,7.127309e-14,0.0,-19.999996,Object notstarted,Object notstarted,Object notstarted,Object notstarted,Object notstarted,Object notstarted,Object notstarted,Object notstarted,Object notstarted
2024-03-18 10:31:55,513.513,__main___datalogs,INFO,JoyConState.NORMAL,-134.975000,-130.850000,9.040000,0.091547,0.006866,0.011443,0.020598,0.000000,0.000000,0.000000,0.000000,0,0,0,0,0,0,0,0,0,0,0,0.045257568359375,-0.004302978515625,-3.8655786e-13,-19.999996,-59.470566,3.152846e-13,19.999996,7.127309e-14,0.0,-19.999996,Object notstarted,Object notstarted,Object notstarted,Object notstarted,Object notstarted,Object notstarted,Object notstarted,Object notstarted,Object notstarted
2024-03-18 10:31:55,569.569,__main___datalogs,INFO,JoyConState.NORMAL,-134.975000,-130.850000,9.040000,0.096125,0.006866,0.011443,0.027464,0.000000,0.000000,0.000000,0.000000,0,0,0,0,0,0,0,0,0,0,0,0.045257568359375,-0.004302978515625,-3.8655786e-13,-19.999996,-59.470566,3.152846e-13,19.999996,7.127309e-14,0.0,-19.999996,Object notstarted,Object notstarted,Object notstarted,Object notstarted,Object notstarted,Object notstarted,Object notstarted,Object notstarted,Object notstarted
2024-03-18 10:31:55,624.624,__main___datalogs,INFO,JoyConState.NORMAL,-134.975000,-130.850000,9.040000,0.091547,0.006866,0.011443,0.027464,0.000000,0.000000,0.000000,0.000000,0,0,0,0,0,0,0,0,0,0,0,0.045257568359375,-0.004302978515625,-3.8655786e-13,-19.999996,-59.470566,3.152846e-13,19.999996,7.127309e-14,0.0,-19.999996,Object notstarted,Object notstarted,Object notstarted,Object notstarted,Object notstarted,Object notstarted,Object notstarted,Object notstarted,Object notstarted
2024-03-18 10:31:55,680.680,__main___datalogs,INFO,JoyConState.NORMAL,-134.975000,-130.850000,9.040000,0.091547,0.006866,0.011443,0.027464,0.000000,0.000000,0.000000,0.000000,0,0,0,0,0,0,0,0,0,0,0,0.045257568359375,-0.004302978515625,-3.8655786e-13,-19.999996,-59.470566,3.152846e-13,19.999996,7.127309e-14,0.0,-19.999996,Object notstarted,Object notstarted,Object notstarted,Object notstarted,Object notstarted,Object notstarted,Object notstarted,Object notstarted,Object notstarted
2024-03-18 10:31:55,736.736,__main___datalogs,INFO,JoyConState.NORMAL,-134.975000,-130.850000,9.040000,0.091547,0.002289,0.011443,0.027464,0.000000,0.000000,0.000000,0.000000,0,0,0,0,0,0,0,0,0,0,0,0.045257568359375,-0.004302978515625,-3.8655786e-13,-19.999996,-59.470566,3.152846e-13,19.999996,7.127309e-14,0.0,-19.999996,Object notstarted,Object notstarted,Object notstarted,Object notstarted,Object notstarted,Object notstarted,Object notstarted,Object notstarted,Object notstarted
2024-03-18 10:31:55,792.792,__main___datalogs,INFO,JoyConState.NORMAL,-134.975000,-130.850000,9.040000,0.096125,0.002289,0.011443,0.027464,0.000000,0.000000,0.000000,0.000000,0,0,0,0,0,0,0,0,0,0,0,0.045257568359375,-0.004302978515625,-3.8655786e-13,-19.999996,-59.470566,3.152846e-13,19.999996,7.127309e-14,0.0,-19.999996,Object notstarted,Object notstarted,Object notstarted,Object notstarted,Object notstarted,Object notstarted,Object notstarted,Object notstarted,Object notstarted
2024-03-18 10:31:55,849.849,__main___datalogs,INFO,JoyConState.PREP_SNS,-134.975000,-130.850000,9.040000,0.091547,0.002289,0.013732,0.025176,0.000000,0.000000,0.000000,0.000000,0,0,0,0,0,0,0,0,0,0,0,0.045257568359375,-0.004302978515625,0,0,0,0,0,0,0,0,Object notstarted,Object notstarted,Object notstarted,Object notstarted,Object notstarted,Object notstarted,Object notstarted,Object notstarted,Object notstarted
2024-03-18 10:31:55,891.891,__main___datalogs,INFO,JoyConState.PREP_SNS,-134.975000,-130.850000,9.040000,0.096125,0.002289,0.013732,0.027464,0.000000,0.000000,0.000000,0.000000,0,0,0,0,0,0,0,0,0,0,0,0.045257568359375,-0.004302978515625,0,0,0,0,0,0,0,0,Object notstarted,Object notstarted,Object notstarted,Object notstarted,Object notstarted,Object notstarted,Object notstarted,Object notstarted,Object notstarted
2024-03-18 10:31:55,935.935,__main___datalogs,INFO,JoyConState.PREP_SNS,-134.975000,-130.850000,9.040000,0.096125,0.006866,0.013732,0.027464,0.000000,0.000000,0.000000,0.000000,0,0,0,0,0,0,0,0,0,0,0,0.045257568359375,-0.004302978515625,0,0,0,0,0,0,0,0,Object notstarted,Object notstarted,Object notstarted,Object notstarted,Object notstarted,Object notstarted,Object notstarted,Object notstarted,Object notstarted
2024-03-18 10:31:55,976.976,__main___datalogs,INFO,JoyConState.PREP_SNS,-134.975000,-130.850000,9.040000,0.091547,0.002289,0.013732,0.027464,0.000000,0.000000,0.000000,0.000000,0,0,0,0,0,0,0,0,0,0,0,0.045257568359375,-0.004302978515625,0,0,0,0,0,0,0,0,Object notstarted,Object notstarted,Object notstarted,Object notstarted,Object notstarted,Object notstarted,Object notstarted,Object notstarted,Object notstarted
2024-03-18 10:31:56,017.017,__main___datalogs,INFO,JoyConState.PREP_SNS,-134.975000,-130.850000,9.040000,0.091547,0.006866,0.011443,0.032042,0.000000,0.000000,0.000000,0.000000,0,0,0,0,0,0,0,0,0,0,0,0.045257568359375,-0.004302978515625,0,0,0,0,0,0,0,0,Object notstarted,Object notstarted,Object notstarted,Object notstarted,Object notstarted,Object notstarted,Object notstarted,Object notstarted,Object notstarted
2024-03-18 10:31:56,056.056,__main___datalogs,INFO,JoyConState.PREP_SNS,-134.975000,-130.850000,9.040000,0.089258,0.006866,0.013732,0.025176,0.000000,0.000000,0.000000,0.000000,0,0,0,0,0,0,0,0,0,0,0,0.045257568359375,-0.004302978515625,0,0,0,0,0,0,0,0,Object notstarted,Object notstarted,Object notstarted,Object notstarted,Object notstarted,Object notstarted,Object notstarted,Object notstarted,Object notstarted
2024-03-18 10:31:56,099.099,__main___datalogs,INFO,JoyConState.PREP_SNS,-134.975000,-130.850000,9.040000,0.089258,0.006866,0.013732,0.027464,0.000000,0.000000,0.000000,0.000000,0,0,0,0,0,0,0,0,0,0,0,0.045257568359375,-0.004302978515625,0,0,0,0,0,0,0,0,Object notstarted,Object notstarted,Object notstarted,Object notstarted,Object notstarted,Object notstarted,Object notstarted,Object notstarted,Object notstarted
2024-03-18 10:31:56,137.137,__main___datalogs,INFO,JoyConState.PREP_SNS,-134.975000,-130.850000,9.040000,0.089258,0.006866,0.013732,0.025176,0.000000,0.000000,0.000000,0.000000,0,0,0,0,0,0,0,0,0,0,0,0.045257568359375,-0.004302978515625,0,0,0,0,0,0,0,0,Object notstarted,Object notstarted,Object notstarted,Object notstarted,Object notstarted,Object notstarted,Object notstarted,Object notstarted,Object notstarted
2024-03-18 10:31:56,174.174,__main___datalogs,INFO,JoyConState.PREP_SNS,-134.975000,-130.850000,9.040000,0.096125,0.006866,0.013732,0.025176,0.000000,0.000000,0.000000,0.000000,0,0,0,0,0,0,0,0,0,0,0,0.045257568359375,-0.004302978515625,0,0,0,0,0,0,0,0,Object notstarted,Object notstarted,Object notstarted,Object notstarted,Object notstarted,Object notstarted,Object notstarted,Object notstarted,Object notstarted
2024-03-18 10:31:56,211.211,__main___datalogs,INFO,JoyConState.PREP_SNS,-134.975000,-130.850000,9.040000,0.091547,0.006866,0.013732,0.027464,0.000000,0.000000,0.000000,0.000000,0,0,0,0,0,0,0,0,0,0,0,0.045257568359375,-0.004302978515625,0,0,0,0,0,0,0,0,Object notstarted,Object notstarted,Object notstarted,Object notstarted,Object notstarted,Object notstarted,Object notstarted,Object notstarted,Object notstarted
2024-03-18 10:31:56,249.249,__main___datalogs,INFO,JoyConState.PREP_SNS,-134.975000,-130.850000,9.040000,0.089258,0.006866,0.013732,0.025176,0.000000,0.000000,0.000000,0.000000,0,0,0,0,0,0,0,0,0,0,0,0.045257568359375,-0.004302978515625,0,0,0,0,0,0,0,0,Object notstarted,Object notstarted,Object notstarted,Object notstarted,Object notstarted,Object notstarted,Object notstarted,Object notstarted,Object notstarted
2024-03-18 10:31:56,286.286,__main___datalogs,INFO,JoyConState.PREP_SNS,-134.975000,-130.850000,9.040000,0.091547,0.009155,0.013732,0.027464,0.000000,0.000000,0.000000,0.000000,0,0,0,0,0,0,0,0,0,0,0,0.045257568359375,-0.004302978515625,0,0,0,0,0,0,0,0,Object notstarted,Object notstarted,Object notstarted,Object notstarted,Object notstarted,Object notstarted,Object notstarted,Object notstarted,Object notstarted
2024-03-18 10:31:56,325.325,__main___datalogs,INFO,JoyConState.PREP_SNS,-134.975000,-130.850000,9.040000,0.089258,0.006866,0.013732,0.027464,0.000000,0.000000,0.000000,0.000000,0,0,0,0,0,0,0,0,0,0,0,0.045257568359375,-0.004302978515625,0,0,0,0,0,0,0,0,Object notstarted,Object notstarted,Object notstarted,Object notstarted,Object notstarted,Object notstarted,Object notstarted,Object notstarted,Object notstarted
2024-03-18 10:31:56,362.362,__main___datalogs,INFO,JoyConState.PREP_SNS,-134.975000,-130.850000,9.040000,0.091547,0.006866,0.013732,0.027464,0.000000,0.000000,0.000000,0.000000,0,0,0,0,0,0,0,0,0,0,0,0.045257568359375,-0.004302978515625,0,0,0,0,0,0,0,0,Object notstarted,Object notstarted,Object notstarted,Object notstarted,Object notstarted,Object notstarted,Object notstarted,Object notstarted,Object notstarted
2024-03-18 10:31:56,404.404,__main___datalogs,INFO,JoyConState.PREP_SNS,-134.975000,-130.850000,9.040000,0.096125,0.006866,0.013732,0.027464,0.000000,0.000000,0.000000,0.000000,0,0,0,0,0,0,0,0,0,0,0,0.045257568359375,-0.004302978515625,0,0,0,0,0,0,0,0,Object notstarted,Object notstarted,Object notstarted,Object notstarted,Object notstarted,Object notstarted,Object notstarted,Object notstarted,Object notstarted
2024-03-18 10:31:56,445.445,__main___datalogs,INFO,JoyConState.PREP_SNS,-134.975000,-130.850000,9.040000,0.091547,0.002289,0.013732,0.025176,0.000000,0.000000,0.000000,0.000000,0,0,0,0,0,0,0,0,0,0,0,0.045257568359375,-0.004302978515625,0,0,0,0,0,0,0,0,Object notstarted,Object notstarted,Object notstarted,Object notstarted,Object notstarted,Object notstarted,Object notstarted,Object notstarted,Object notstarted
2024-03-18 10:31:56,483.483,__main___datalogs,INFO,JoyConState.PREP_SNS,-134.975000,-130.850000,9.040000,0.096125,0.002289,0.013732,0.025176,0.000000,0.000000,0.000000,0.000000,0,0,0,0,0,0,0,0,0,0,0,0.045257568359375,-0.004302978515625,0,0,0,0,0,0,0,0,Object notstarted,Object notstarted,Object notstarted,Object notstarted,Object notstarted,Object notstarted,Object notstarted,Object notstarted,Object notstarted
2024-03-18 10:31:56,519.519,__main___datalogs,INFO,JoyConState.PREP_SNS,-134.975000,-130.850000,9.040000,0.091547,0.006866,0.013732,0.027464,0.000000,0.000000,0.000000,0.000000,0,0,0,0,0,0,0,0,0,0,0,0.045257568359375,-0.004302978515625,0,0,0,0,0,0,0,0,Object notstarted,Object notstarted,Object notstarted,Object notstarted,Object notstarted,Object notstarted,Object notstarted,Object notstarted,Object notstarted
2024-03-18 10:31:56,556.556,__main___datalogs,INFO,JoyConState.PREP_SNS,-134.975000,-130.850000,9.040000,0.096125,0.009155,0.013732,0.027464,0.000000,0.000000,0.000000,0.000000,0,0,0,0,0,0,0,0,0,0,0,0.045257568359375,-0.004302978515625,0,0,0,0,0,0,0,0,Object notstarted,Object notstarted,Object notstarted,Object notstarted,Object notstarted,Object notstarted,Object notstarted,Object notstarted,Object notstarted
2024-03-18 10:31:56,594.594,__main___datalogs,INFO,JoyConState.PREP_SNS,-134.975000,-130.850000,9.040000,0.091547,0.009155,0.013732,0.027464,0.000000,0.000000,0.000000,0.000000,0,0,0,0,0,0,0,0,0,0,0,0.045257568359375,-0.004302978515625,0,0,0,0,0,0,0,0,Object notstarted,Object notstarted,Object notstarted,Object notstarted,Object notstarted,Object notstarted,Object notstarted,Object notstarted,Object notstarted
2024-03-18 10:31:56,631.631,__main___datalogs,INFO,JoyConState.PREP_SNS,-134.975000,-130.850000,9.040000,0.091547,0.006866,0.013732,0.027464,0.000000,0.000000,0.000000,0.000000,0,0,0,0,0,0,0,0,0,0,0,0.045257568359375,-0.004302978515625,0,0,0,0,0,0,0,0,Object notstarted,Object notstarted,Object notstarted,Object notstarted,Object notstarted,Object notstarted,Object notstarted,Object notstarted,Object notstarted
2024-03-18 10:31:56,668.668,__main___datalogs,INFO,JoyConState.PREP_SNS,-134.975000,-130.850000,9.040000,0.091547,0.006866,0.013732,0.027464,0.000000,0.000000,0.000000,0.000000,0,0,0,0,0,0,0,0,0,0,0,0.045257568359375,-0.004302978515625,0,0,0,0,0,0,0,0,Object notstarted,Object notstarted,Object notstarted,Object notstarted,Object notstarted,Object notstarted,Object notstarted,Object notstarted,Object notstarted
2024-03-18 10:31:56,705.705,__main___datalogs,INFO,JoyConState.PREP_SNS,-134.975000,-130.850000,9.040000,0.089258,0.006866,0.013732,0.025176,0.000000,0.000000,0.000000,0.000000,0,0,0,0,0,0,0,0,0,0,0,0.045257568359375,-0.004302978515625,0,0,0,0,0,0,0,0,Object notstarted,Object notstarted,Object notstarted,Object notstarted,Object notstarted,Object notstarted,Object notstarted,Object notstarted,Object notstarted
2024-03-18 10:31:56,742.742,__main___datalogs,INFO,JoyConState.PREP_SNS,-134.975000,-130.850000,9.040000,0.089258,0.002289,0.013732,0.025176,0.000000,0.000000,0.000000,0.000000,0,0,0,0,0,0,0,0,0,0,0,0.045257568359375,-0.004302978515625,0,0,0,0,0,0,0,0,Object notstarted,Object notstarted,Object notstarted,Object notstarted,Object notstarted,Object notstarted,Object notstarted,Object notstarted,Object notstarted
2024-03-18 10:31:56,779.779,__main___datalogs,INFO,JoyConState.PREP_SNS,-134.975000,-130.850000,9.040000,0.091547,0.002289,0.013732,0.025176,0.000000,0.000000,0.000000,0.000000,0,0,0,0,0,0,0,0,0,0,0,0.045257568359375,-0.004302978515625,0,0,0,0,0,0,0,0,Object notstarted,Object notstarted,Object notstarted,Object notstarted,Object notstarted,Object notstarted,Object notstarted,Object notstarted,Object notstarted
2024-03-18 10:31:56,816.816,__main___datalogs,INFO,JoyConState.PREP_SNS,-134.975000,-130.850000,9.040000,0.089258,0.002289,0.013732,0.025176,0.000000,0.000000,0.000000,0.000000,0,0,0,0,0,0,0,0,0,0,0,0.045257568359375,-0.004302978515625,0,0,0,0,0,0,0,0,Object notstarted,Object notstarted,Object notstarted,Object notstarted,Object notstarted,Object notstarted,Object notstarted,Object notstarted,Object notstarted
2024-03-18 10:31:56,855.855,__main___datalogs,INFO,JoyConState.PREP_SNS,-134.975000,-130.850000,9.040000,0.096125,0.002289,0.013732,0.027464,0.000000,0.000000,0.000000,0.000000,0,0,0,0,0,0,0,0,0,0,0,0.045257568359375,-0.004302978515625,0,0,0,0,0,0,0,0,Object notstarted,Object notstarted,Object notstarted,Object notstarted,Object notstarted,Object notstarted,Object notstarted,Object notstarted,Object notstarted
2024-03-18 10:31:56,895.895,__main___datalogs,INFO,JoyConState.PREP_SNS,-134.975000,-130.850000,9.040000,0.091547,0.002289,0.013732,0.027464,0.000000,0.000000,0.000000,0.000000,0,0,0,0,0,0,0,0,0,0,0,0.045257568359375,-0.004302978515625,0,0,0,0,0,0,0,0,Object notstarted,Object notstarted,Object notstarted,Object notstarted,Object notstarted,Object notstarted,Object notstarted,Object notstarted,Object notstarted
2024-03-18 10:31:56,935.935,__main___datalogs,INFO,JoyConState.PREP_SNS,-134.975000,-130.850000,9.040000,0.096125,0.006866,0.011443,0.027464,0.000000,0.000000,0.000000,0.000000,0,0,0,0,0,0,0,0,0,0,0,0.045257568359375,-0.004302978515625,0,0,0,0,0,0,0,0,Object notstarted,Object notstarted,Object notstarted,Object notstarted,Object notstarted,Object notstarted,Object notstarted,Object notstarted,Object notstarted
2024-03-18 10:31:56,977.977,__main___datalogs,INFO,JoyConState.PREP_SNS,-134.975000,-130.850000,9.040000,0.096125,0.006866,0.013732,0.027464,0.000000,0.000000,0.000000,0.000000,0,0,0,0,0,0,0,0,0,0,0,0.045257568359375,-0.004302978515625,0,0,0,0,0,0,0,0,Object notstarted,Object notstarted,Object notstarted,Object notstarted,Object notstarted,Object notstarted,Object notstarted,Object notstarted,Object notstarted
2024-03-18 10:31:57,018.018,__main___datalogs,INFO,JoyConState.PREP_SNS,-134.975000,-130.850000,9.040000,0.096125,0.006866,0.013732,0.025176,0.000000,0.000000,0.000000,0.000000,0,0,0,0,0,0,0,0,0,0,0,0.045257568359375,-0.004302978515625,0,0,0,0,0,0,0,0,Object notstarted,Object notstarted,Object notstarted,Object notstarted,Object notstarted,Object notstarted,Object notstarted,Object notstarted,Object notstarted
2024-03-18 10:31:57,057.057,__main___datalogs,INFO,JoyConState.PREP_SNS,-134.975000,-130.850000,9.040000,0.096125,0.002289,0.018310,0.027464,0.000000,0.000000,0.000000,0.000000,0,0,0,0,0,0,0,0,0,0,0,0.045257568359375,-0.004302978515625,0,0,0,0,0,0,0,0,Object notstarted,Object notstarted,Object notstarted,Object notstarted,Object notstarted,Object notstarted,Object notstarted,Object notstarted,Object notstarted
2024-03-18 10:31:57,096.096,__main___datalogs,INFO,JoyConState.PREP_SNS,-134.975000,-130.850000,9.040000,0.096125,0.002289,0.013732,0.027464,0.000000,0.000000,0.000000,0.000000,0,0,0,0,0,0,0,0,0,0,0,0.045257568359375,-0.004302978515625,0,0,0,0,0,0,0,0,Object notstarted,Object notstarted,Object notstarted,Object notstarted,Object notstarted,Object notstarted,Object notstarted,Object notstarted,Object notstarted
2024-03-18 10:31:57,143.143,__main___datalogs,INFO,JoyConState.PREP_SNS,-134.975000,-130.850000,9.040000,0.096125,0.002289,0.011443,0.027464,0.000000,0.000000,0.000000,0.000000,0,0,0,0,0,0,0,0,0,0,0,0.045257568359375,-0.004302978515625,0,0,0,0,0,0,0,0,Object notstarted,Object notstarted,Object notstarted,Object notstarted,Object notstarted,Object notstarted,Object notstarted,Object notstarted,Object notstarted
2024-03-18 10:31:57,187.187,__main___datalogs,INFO,JoyConState.PREP_SNS,-134.975000,-130.850000,9.040000,0.089258,0.002289,0.013732,0.027464,0.000000,0.000000,0.000000,0.000000,0,0,0,0,0,0,0,0,0,0,0,0.045257568359375,-0.004302978515625,0,0,0,0,0,0,0,0,Object notstarted,Object notstarted,Object notstarted,Object notstarted,Object notstarted,Object notstarted,Object notstarted,Object notstarted,Object notstarted
2024-03-18 10:31:57,226.226,__main___datalogs,INFO,JoyConState.PREP_SNS,-134.975000,-130.850000,9.040000,0.089258,0.002289,0.013732,0.025176,0.000000,0.000000,0.000000,0.000000,0,0,0,0,0,0,0,0,0,0,0,0.045257568359375,-0.004302978515625,0,0,0,0,0,0,0,0,Object notstarted,Object notstarted,Object notstarted,Object notstarted,Object notstarted,Object notstarted,Object notstarted,Object notstarted,Object notstarted
2024-03-18 10:31:57,262.262,__main___datalogs,INFO,JoyConState.PREP_SNS,-134.975000,-130.850000,9.040000,0.096125,0.002289,0.013732,0.027464,0.000000,0.000000,0.000000,0.000000,0,0,0,0,0,0,0,0,0,0,0,0.045257568359375,-0.004302978515625,0,0,0,0,0,0,0,0,Object notstarted,Object notstarted,Object notstarted,Object notstarted,Object notstarted,Object notstarted,Object notstarted,Object notstarted,Object notstarted
2024-03-18 10:31:57,298.298,__main___datalogs,INFO,JoyConState.PREP_SNS,-134.975000,-130.850000,9.040000,0.091547,0.002289,0.018310,0.027464,0.000000,0.000000,0.000000,0.000000,0,0,0,0,0,0,0,0,0,0,0,0.045257568359375,-0.004302978515625,0,0,0,0,0,0,0,0,Object notstarted,Object notstarted,Object notstarted,Object notstarted,Object notstarted,Object notstarted,Object notstarted,Object notstarted,Object notstarted
2024-03-18 10:31:57,330.330,__main___datalogs,INFO,JoyConState.PREP_SNS,-134.975000,-130.850000,9.040000,0.096125,0.006866,0.013732,0.027464,0.000000,0.000000,0.000000,0.000000,0,0,0,0,0,0,0,0,0,0,0,0.045257568359375,-0.004302978515625,0,0,0,0,0,0,0,0,Object notstarted,Object notstarted,Object notstarted,Object notstarted,Object notstarted,Object notstarted,Object notstarted,Object notstarted,Object notstarted
2024-03-18 10:31:57,361.361,__main___datalogs,INFO,JoyConState.PREP_SNS,-134.975000,-130.850000,9.040000,0.089258,0.006866,0.013732,0.025176,0.000000,0.000000,0.000000,0.000000,0,0,0,0,0,0,0,0,0,0,0,0.045257568359375,-0.004302978515625,0,0,0,0,0,0,0,0,Object notstarted,Object notstarted,Object notstarted,Object notstarted,Object notstarted,Object notstarted,Object notstarted,Object notstarted,Object notstarted
2024-03-18 10:31:57,393.393,__main___datalogs,INFO,JoyConState.PREP_SNS,-134.975000,-130.850000,9.040000,0.089258,0.006866,0.013732,0.025176,0.000000,0.000000,0.000000,0.000000,0,0,0,0,0,0,0,0,0,0,0,0.045257568359375,-0.004302978515625,0,0,0,0,0,0,0,0,Object notstarted,Object notstarted,Object notstarted,Object notstarted,Object notstarted,Object notstarted,Object notstarted,Object notstarted,Object notstarted
2024-03-18 10:31:57,426.426,__main___datalogs,INFO,JoyConState.PREP_SNS,-134.975000,-130.850000,9.040000,0.089258,0.006866,0.013732,0.020598,0.000000,0.000000,0.000000,0.000000,0,0,0,0,0,0,0,0,0,0,0,0.045257568359375,-0.004302978515625,0,0,0,0,0,0,0,0,Object notstarted,Object notstarted,Object notstarted,Object notstarted,Object notstarted,Object notstarted,Object notstarted,Object notstarted,Object notstarted
2024-03-18 10:31:57,458.458,__main___datalogs,INFO,JoyConState.PREP_SNS,-134.975000,-130.850000,9.040000,0.091547,0.006866,0.013732,0.025176,0.000000,0.000000,0.000000,0.000000,0,0,0,0,0,0,0,0,0,0,0,0.045257568359375,-0.004302978515625,0,0,0,0,0,0,0,0,Object notstarted,Object notstarted,Object notstarted,Object notstarted,Object notstarted,Object notstarted,Object notstarted,Object notstarted,Object notstarted
2024-03-18 10:31:57,489.489,__main___datalogs,INFO,JoyConState.PREP_SNS,-134.975000,-130.850000,9.040000,0.089258,0.006866,0.013732,0.027464,0.000000,0.000000,0.000000,0.000000,0,0,0,0,0,0,0,0,0,0,0,0.045257568359375,-0.004302978515625,0,0,0,0,0,0,0,0,Object notstarted,Object notstarted,Object notstarted,Object notstarted,Object notstarted,Object notstarted,Object notstarted,Object notstarted,Object notstarted
2024-03-18 10:31:57,522.522,__main___datalogs,INFO,JoyConState.PREP_SNS,-134.975000,-130.850000,9.040000,0.089258,0.002289,0.013732,0.025176,0.000000,0.000000,0.000000,0.000000,0,0,0,0,0,0,0,0,0,0,0,0.045257568359375,-0.004302978515625,0,0,0,0,0,0,0,0,Object notstarted,Object notstarted,Object notstarted,Object notstarted,Object notstarted,Object notstarted,Object notstarted,Object notstarted,Object notstarted
2024-03-18 10:31:57,554.554,__main___datalogs,INFO,JoyConState.PREP_SNS,-134.975000,-130.850000,9.040000,0.091547,0.002289,0.013732,0.025176,0.000000,0.000000,0.000000,0.000000,0,0,0,0,0,0,0,0,0,0,0,0.045257568359375,-0.004302978515625,0,0,0,0,0,0,0,0,Object notstarted,Object notstarted,Object notstarted,Object notstarted,Object notstarted,Object notstarted,Object notstarted,Object notstarted,Object notstarted
2024-03-18 10:31:57,585.585,__main___datalogs,INFO,JoyConState.PREP_SNS,-134.975000,-130.850000,9.040000,0.089258,0.006866,0.013732,0.027464,0.000000,0.000000,0.000000,0.000000,0,0,0,0,0,0,0,0,0,0,0,0.045257568359375,-0.004302978515625,0,0,0,0,0,0,0,0,Object notstarted,Object notstarted,Object notstarted,Object notstarted,Object notstarted,Object notstarted,Object notstarted,Object notstarted,Object notstarted
2024-03-18 10:31:57,618.618,__main___datalogs,INFO,JoyConState.PREP_SNS,-134.975000,-130.850000,9.040000,0.089258,0.002289,0.013732,0.027464,0.000000,0.000000,0.000000,0.000000,0,0,0,0,0,0,0,0,0,0,0,0.045257568359375,-0.004302978515625,0,0,0,0,0,0,0,0,Object notstarted,Object notstarted,Object notstarted,Object notstarted,Object notstarted,Object notstarted,Object notstarted,Object notstarted,Object notstarted
2024-03-18 10:31:57,659.659,__main___datalogs,INFO,JoyConState.PREP_SNS,-134.975000,-130.850000,9.040000,0.089258,0.002289,0.013732,0.025176,0.000000,0.000000,0.000000,0.000000,0,0,0,0,0,0,0,0,0,0,0,0.045257568359375,-0.004302978515625,0,0,0,0,0,0,0,0,Object notstarted,Object notstarted,Object notstarted,Object notstarted,Object notstarted,Object notstarted,Object notstarted,Object notstarted,Object notstarted
2024-03-18 10:31:57,700.700,__main___datalogs,INFO,JoyConState.PREP_SNS,-134.975000,-130.850000,9.040000,0.091547,0.002289,0.013732,0.027464,0.000000,0.000000,0.000000,0.000000,0,0,0,0,0,0,0,0,0,0,0,0.045257568359375,-0.004302978515625,0,0,0,0,0,0,0,0,Object notstarted,Object notstarted,Object notstarted,Object notstarted,Object notstarted,Object notstarted,Object notstarted,Object notstarted,Object notstarted
2024-03-18 10:31:57,741.741,__main___datalogs,INFO,JoyConState.PREP_SNS,-134.975000,-130.850000,9.040000,0.096125,0.006866,0.011443,0.025176,0.000000,0.000000,0.000000,0.000000,0,0,0,0,0,0,0,0,0,0,0,0.045257568359375,-0.004302978515625,0,0,0,0,0,0,0,0,Object notstarted,Object notstarted,Object notstarted,Object notstarted,Object notstarted,Object notstarted,Object notstarted,Object notstarted,Object notstarted
2024-03-18 10:31:57,782.782,__main___datalogs,INFO,JoyConState.PREP_SNS,-134.975000,-130.850000,9.040000,0.091547,0.002289,0.013732,0.025176,0.000000,0.000000,0.000000,0.000000,0,0,0,0,0,0,0,0,0,0,0,0.045257568359375,-0.004302978515625,0,0,0,0,0,0,0,0,Object notstarted,Object notstarted,Object notstarted,Object notstarted,Object notstarted,Object notstarted,Object notstarted,Object notstarted,Object notstarted
2024-03-18 10:31:57,819.819,__main___datalogs,INFO,JoyConState.PREP_SNS,-134.975000,-130.850000,9.040000,0.091547,0.002289,0.013732,0.025176,0.000000,0.000000,0.000000,0.000000,0,0,0,0,0,0,0,0,0,0,0,0.045257568359375,-0.004302978515625,0,0,0,0,0,0,0,0,Object notstarted,Object notstarted,Object notstarted,Object notstarted,Object notstarted,Object notstarted,Object notstarted,Object notstarted,Object notstarted
2024-03-18 10:31:57,857.857,__main___datalogs,INFO,JoyConState.PREP_SNS,-134.975000,-130.850000,9.040000,0.091547,0.002289,0.013732,0.027464,0.000000,0.000000,0.000000,0.000000,0,0,0,0,0,0,0,0,0,0,0,0.045257568359375,-0.004302978515625,0,0,0,0,0,0,0,0,Object notstarted,Object notstarted,Object notstarted,Object notstarted,Object notstarted,Object notstarted,Object notstarted,Object notstarted,Object notstarted
2024-03-18 10:31:57,894.894,__main___datalogs,INFO,JoyConState.PREP_SNS,-134.975000,-130.850000,9.040000,0.091547,0.002289,0.013732,0.027464,0.000000,0.000000,0.000000,0.000000,0,0,0,0,0,0,0,0,0,0,0,0.045257568359375,-0.004302978515625,0,0,0,0,0,0,0,0,Object notstarted,Object notstarted,Object notstarted,Object notstarted,Object notstarted,Object notstarted,Object notstarted,Object notstarted,Object notstarted
2024-03-18 10:31:57,932.932,__main___datalogs,INFO,JoyConState.PREP_SNS,-134.975000,-130.850000,9.040000,0.096125,0.006866,0.013732,0.025176,0.000000,0.000000,0.000000,0.000000,0,0,0,0,0,0,0,0,0,0,0,0.045257568359375,-0.004302978515625,0,0,0,0,0,0,0,0,Object notstarted,Object notstarted,Object notstarted,Object notstarted,Object notstarted,Object notstarted,Object notstarted,Object notstarted,Object notstarted
2024-03-18 10:31:57,970.970,__main___datalogs,INFO,JoyConState.PREP_SNS,-134.975000,-130.850000,9.040000,0.091547,0.002289,0.013732,0.025176,0.000000,0.000000,0.000000,0.000000,0,0,0,0,0,0,0,0,0,0,0,0.045257568359375,-0.004302978515625,0,0,0,0,0,0,0,0,Object notstarted,Object notstarted,Object notstarted,Object notstarted,Object notstarted,Object notstarted,Object notstarted,Object notstarted,Object notstarted
2024-03-18 10:31:58,006.006,__main___datalogs,INFO,JoyConState.PREP_SNS,-134.975000,-130.850000,9.040000,0.096125,0.002289,0.013732,0.025176,0.000000,0.000000,0.000000,0.000000,0,0,0,0,0,0,0,0,0,0,0,0.045257568359375,-0.004302978515625,0,0,0,0,0,0,0,0,Object notstarted,Object notstarted,Object notstarted,Object notstarted,Object notstarted,Object notstarted,Object notstarted,Object notstarted,Object notstarted
2024-03-18 10:31:58,043.043,__main___datalogs,INFO,JoyConState.PREP_SNS,-134.975000,-130.850000,9.040000,0.096125,0.006866,0.013732,0.025176,0.000000,0.000000,0.000000,0.000000,0,0,0,0,0,0,0,0,0,0,0,0.045257568359375,-0.004302978515625,0,0,0,0,0,0,0,0,Object notstarted,Object notstarted,Object notstarted,Object notstarted,Object notstarted,Object notstarted,Object notstarted,Object notstarted,Object notstarted
2024-03-18 10:31:58,080.080,__main___datalogs,INFO,JoyConState.PREP_SNS,-134.975000,-130.850000,9.040000,0.096125,0.002289,0.011443,0.027464,0.000000,0.000000,0.000000,0.000000,0,0,0,0,0,0,0,0,0,0,0,0.045257568359375,-0.004302978515625,0,0,0,0,0,0,0,0,Object notstarted,Object notstarted,Object notstarted,Object notstarted,Object notstarted,Object notstarted,Object notstarted,Object notstarted,Object notstarted
2024-03-18 10:31:58,118.118,__main___datalogs,INFO,JoyConState.PREP_SNS,-134.975000,-130.850000,9.040000,0.089258,0.002289,0.011443,0.027464,0.000000,0.000000,0.000000,0.000000,0,0,0,0,0,0,0,0,0,0,0,0.045257568359375,-0.004302978515625,0,0,0,0,0,0,0,0,Object notstarted,Object notstarted,Object notstarted,Object notstarted,Object notstarted,Object notstarted,Object notstarted,Object notstarted,Object notstarted
2024-03-18 10:31:58,154.154,__main___datalogs,INFO,JoyConState.PREP_SNS,-134.975000,-130.850000,9.040000,0.091547,0.002289,0.011443,0.025176,0.000000,0.000000,0.000000,0.000000,0,0,0,0,0,0,0,0,0,0,0,0.045257568359375,-0.004302978515625,0,0,0,0,0,0,0,0,Object notstarted,Object notstarted,Object notstarted,Object notstarted,Object notstarted,Object notstarted,Object notstarted,Object notstarted,Object notstarted
2024-03-18 10:31:58,190.190,__main___datalogs,INFO,JoyConState.PREP_SNS,-134.975000,-130.850000,9.040000,0.091547,0.002289,0.011443,0.027464,0.000000,0.000000,0.000000,0.000000,0,0,0,0,0,0,0,0,0,0,0,0.045257568359375,-0.004302978515625,0,0,0,0,0,0,0,0,Object notstarted,Object notstarted,Object notstarted,Object notstarted,Object notstarted,Object notstarted,Object notstarted,Object notstarted,Object notstarted
2024-03-18 10:31:58,240.240,__main___datalogs,INFO,JoyConState.PREP_SNS,-134.975000,-130.850000,9.040000,0.091547,0.002289,0.011443,0.027464,0.000000,0.000000,0.000000,0.000000,0,0,0,0,0,0,0,0,0,0,0,0.045257568359375,-0.004302978515625,0,0,0,0,0,0,0,0,Object notstarted,Object notstarted,Object notstarted,Object notstarted,Object notstarted,Object notstarted,Object notstarted,Object notstarted,Object notstarted
2024-03-18 10:31:58,277.277,__main___datalogs,INFO,JoyConState.PREP_SNS,-134.975000,-130.850000,9.040000,0.091547,0.006866,0.013732,0.025176,0.000000,0.000000,0.000000,0.000000,0,0,0,0,0,0,0,0,0,0,0,0.045257568359375,-0.004302978515625,0,0,0,0,0,0,0,0,Object notstarted,Object notstarted,Object notstarted,Object notstarted,Object notstarted,Object notstarted,Object notstarted,Object notstarted,Object notstarted
2024-03-18 10:31:58,314.314,__main___datalogs,INFO,JoyConState.PREP_SNS,-134.975000,-130.850000,9.040000,0.089258,0.002289,0.013732,0.025176,0.000000,0.000000,0.000000,0.000000,0,0,0,0,0,0,0,0,0,0,0,0.045257568359375,-0.004302978515625,0,0,0,0,0,0,0,0,Object notstarted,Object notstarted,Object notstarted,Object notstarted,Object notstarted,Object notstarted,Object notstarted,Object notstarted,Object notstarted
2024-03-18 10:31:58,351.351,__main___datalogs,INFO,JoyConState.PREP_SNS,-134.975000,-130.850000,9.040000,0.089258,0.002289,0.013732,0.025176,0.000000,0.000000,0.000000,0.000000,0,0,0,0,0,0,0,0,0,0,0,0.045257568359375,-0.004302978515625,0,0,0,0,0,0,0,0,Object notstarted,Object notstarted,Object notstarted,Object notstarted,Object notstarted,Object notstarted,Object notstarted,Object notstarted,Object notstarted
2024-03-18 10:31:58,388.388,__main___datalogs,INFO,JoyConState.PREP_SNS,-134.975000,-130.850000,9.040000,0.091547,0.002289,0.013732,0.025176,0.000000,0.000000,0.000000,0.000000,0,0,0,0,0,0,0,0,0,0,0,0.045257568359375,-0.004302978515625,0,0,0,0,0,0,0,0,Object notstarted,Object notstarted,Object notstarted,Object notstarted,Object notstarted,Object notstarted,Object notstarted,Object notstarted,Object notstarted
2024-03-18 10:31:58,425.425,__main___datalogs,INFO,JoyConState.PREP_SNS,-134.975000,-130.850000,9.040000,0.091547,0.002289,0.013732,0.025176,0.000000,0.000000,0.000000,0.000000,0,0,0,0,0,0,0,0,0,0,0,0.045257568359375,-0.004302978515625,0,0,0,0,0,0,0,0,Object notstarted,Object notstarted,Object notstarted,Object notstarted,Object notstarted,Object notstarted,Object notstarted,Object notstarted,Object notstarted
2024-03-18 10:31:58,462.462,__main___datalogs,INFO,JoyConState.PREP_SNS,-134.975000,-130.850000,9.040000,0.089258,0.002289,0.013732,0.025176,0.000000,0.000000,0.000000,0.000000,0,0,0,0,0,0,0,0,0,0,0,0.045257568359375,-0.004302978515625,0,0,0,0,0,0,0,0,Object notstarted,Object notstarted,Object notstarted,Object notstarted,Object notstarted,Object notstarted,Object notstarted,Object notstarted,Object notstarted
2024-03-18 10:31:58,501.501,__main___datalogs,INFO,JoyConState.PREP_SNS,-134.975000,-130.850000,9.040000,0.091547,0.002289,0.013732,0.025176,0.000000,0.000000,0.000000,0.000000,0,0,0,0,0,0,0,0,0,0,0,0.045257568359375,-0.004302978515625,0,0,0,0,0,0,0,0,Object notstarted,Object notstarted,Object notstarted,Object notstarted,Object notstarted,Object notstarted,Object notstarted,Object notstarted,Object notstarted
2024-03-18 10:31:58,537.537,__main___datalogs,INFO,JoyConState.PREP_SNS,-134.975000,-130.850000,9.040000,0.089258,0.006866,0.013732,0.027464,0.000000,0.000000,0.000000,0.000000,0,0,0,0,0,0,0,0,0,0,0,0.045257568359375,-0.004302978515625,0,0,0,0,0,0,0,0,Object notstarted,Object notstarted,Object notstarted,Object notstarted,Object notstarted,Object notstarted,Object notstarted,Object notstarted,Object notstarted
2024-03-18 10:31:58,576.576,__main___datalogs,INFO,JoyConState.PREP_SNS,-134.975000,-130.850000,9.040000,0.091547,0.002289,0.011443,0.020598,0.000000,0.000000,0.000000,0.000000,0,0,0,0,0,0,0,0,0,0,0,0.045257568359375,-0.004302978515625,0,0,0,0,0,0,0,0,Object notstarted,Object notstarted,Object notstarted,Object notstarted,Object notstarted,Object notstarted,Object notstarted,Object notstarted,Object notstarted
2024-03-18 10:31:58,617.617,__main___datalogs,INFO,JoyConState.PREP_SNS,-134.975000,-130.850000,9.040000,0.089258,0.006866,0.013732,0.025176,0.000000,0.000000,0.000000,0.000000,0,0,0,0,0,0,0,0,0,0,0,0.045257568359375,-0.004302978515625,0,0,0,0,0,0,0,0,Object notstarted,Object notstarted,Object notstarted,Object notstarted,Object notstarted,Object notstarted,Object notstarted,Object notstarted,Object notstarted
2024-03-18 10:31:58,657.657,__main___datalogs,INFO,JoyConState.PREP_SNS,-134.975000,-130.850000,9.040000,0.089258,0.006866,0.013732,0.020598,0.000000,0.000000,0.000000,0.000000,0,0,0,0,0,0,0,0,0,0,0,0.045257568359375,-0.004302978515625,0,0,0,0,0,0,0,0,Object notstarted,Object notstarted,Object notstarted,Object notstarted,Object notstarted,Object notstarted,Object notstarted,Object notstarted,Object notstarted
2024-03-18 10:31:58,700.700,__main___datalogs,INFO,JoyConState.PREP_SNS,-134.975000,-130.850000,9.040000,0.091547,0.006866,0.013732,0.027464,0.000000,0.000000,0.000000,0.000000,0,0,0,0,0,0,0,0,0,0,0,0.045257568359375,-0.004302978515625,0,0,0,0,0,0,0,0,Object notstarted,Object notstarted,Object notstarted,Object notstarted,Object notstarted,Object notstarted,Object notstarted,Object notstarted,Object notstarted
2024-03-18 10:31:58,737.737,__main___datalogs,INFO,JoyConState.PREP_SNS,-134.975000,-130.850000,9.040000,0.089258,0.006866,0.013732,0.025176,0.000000,0.000000,0.000000,0.000000,0,0,0,0,0,0,0,0,0,0,0,0.045257568359375,-0.004302978515625,0,0,0,0,0,0,0,0,Object notstarted,Object notstarted,Object notstarted,Object notstarted,Object notstarted,Object notstarted,Object notstarted,Object notstarted,Object notstarted
2024-03-18 10:31:58,773.773,__main___datalogs,INFO,JoyConState.PREP_SNS,-134.975000,-130.850000,9.040000,0.091547,0.006866,0.013732,0.025176,0.000000,0.000000,0.000000,0.000000,0,0,0,0,0,0,0,0,0,0,0,0.045257568359375,-0.004302978515625,0,0,0,0,0,0,0,0,Object notstarted,Object notstarted,Object notstarted,Object notstarted,Object notstarted,Object notstarted,Object notstarted,Object notstarted,Object notstarted
2024-03-18 10:31:58,810.810,__main___datalogs,INFO,JoyConState.PREP_SNS,-134.975000,-130.850000,9.040000,0.091547,0.006866,0.013732,0.025176,0.000000,0.000000,0.000000,0.000000,0,0,0,0,0,0,0,0,0,0,0,0.045257568359375,-0.004302978515625,0,0,0,0,0,0,0,0,Object notstarted,Object notstarted,Object notstarted,Object notstarted,Object notstarted,Object notstarted,Object notstarted,Object notstarted,Object notstarted
2024-03-18 10:31:58,847.847,__main___datalogs,INFO,JoyConState.PREP_SNS,-134.975000,-130.850000,9.040000,0.089258,0.009155,0.013732,0.027464,0.000000,0.000000,0.000000,0.000000,0,0,0,0,0,0,0,0,0,0,0,0.045257568359375,-0.004302978515625,0,0,0,0,0,0,0,0,Object notstarted,Object notstarted,Object notstarted,Object notstarted,Object notstarted,Object notstarted,Object notstarted,Object notstarted,Object notstarted
2024-03-18 10:31:58,877.877,__main___datalogs,INFO,JoyConState.PREP_SNS,-134.975000,-130.850000,9.040000,0.089258,0.006866,0.011443,0.027464,0.000000,0.000000,0.000000,0.000000,0,0,0,0,0,0,0,0,0,0,0,0.045257568359375,-0.004302978515625,0,0,0,0,0,0,0,0,Object notstarted,Object notstarted,Object notstarted,Object notstarted,Object notstarted,Object notstarted,Object notstarted,Object notstarted,Object notstarted
2024-03-18 10:31:58,911.911,__main___datalogs,INFO,JoyConState.PREP_SNS,-134.975000,-130.850000,9.040000,0.091547,0.006866,0.011443,0.027464,0.000000,0.000000,0.000000,0.000000,0,0,0,0,0,0,0,0,0,0,0,0.045257568359375,-0.004302978515625,0,0,0,0,0,0,0,0,Object notstarted,Object notstarted,Object notstarted,Object notstarted,Object notstarted,Object notstarted,Object notstarted,Object notstarted,Object notstarted
2024-03-18 10:31:58,949.949,__main___datalogs,INFO,JoyConState.PREP_SNS,-134.975000,-130.850000,9.040000,0.091547,0.006866,0.013732,0.025176,0.000000,0.000000,0.000000,0.000000,0,0,0,0,0,0,0,0,0,0,0,0.045257568359375,-0.004302978515625,0,0,0,0,0,0,0,0,Object notstarted,Object notstarted,Object notstarted,Object notstarted,Object notstarted,Object notstarted,Object notstarted,Object notstarted,Object notstarted
2024-03-18 10:31:58,985.985,__main___datalogs,INFO,JoyConState.PREP_SNS,-134.975000,-130.850000,9.040000,0.089258,0.006866,0.013732,0.025176,0.000000,0.000000,0.000000,0.000000,0,0,0,0,0,0,0,0,0,0,0,0.045257568359375,-0.004302978515625,0,0,0,0,0,0,0,0,Object notstarted,Object notstarted,Object notstarted,Object notstarted,Object notstarted,Object notstarted,Object notstarted,Object notstarted,Object notstarted
2024-03-18 10:31:59,022.022,__main___datalogs,INFO,JoyConState.PREP_SNS,-134.975000,-130.850000,9.040000,0.096125,0.002289,0.013732,0.025176,0.000000,0.000000,0.000000,0.000000,0,0,0,0,0,0,0,0,0,0,0,0.045257568359375,-0.004302978515625,0,0,0,0,0,0,0,0,Object notstarted,Object notstarted,Object notstarted,Object notstarted,Object notstarted,Object notstarted,Object notstarted,Object notstarted,Object notstarted
2024-03-18 10:31:59,052.052,__main___datalogs,INFO,JoyConState.PREP_SNS,-134.975000,-130.850000,9.040000,0.091547,0.006866,0.011443,0.025176,0.000000,0.000000,0.000000,0.000000,0,0,0,0,0,0,0,0,0,0,0,0.045257568359375,-0.004302978515625,0,0,0,0,0,0,0,0,Object notstarted,Object notstarted,Object notstarted,Object notstarted,Object notstarted,Object notstarted,Object notstarted,Object notstarted,Object notstarted
2024-03-18 10:31:59,085.085,__main___datalogs,INFO,JoyConState.PREP_SNS,-134.975000,-130.850000,9.040000,0.091547,0.006866,0.011443,0.027464,0.000000,0.000000,0.000000,0.000000,0,0,0,0,0,0,0,0,0,0,0,0.045257568359375,-0.004302978515625,0,0,0,0,0,0,0,0,Object notstarted,Object notstarted,Object notstarted,Object notstarted,Object notstarted,Object notstarted,Object notstarted,Object notstarted,Object notstarted
2024-03-18 10:31:59,117.117,__main___datalogs,INFO,JoyConState.PREP_SNS,-134.975000,-130.850000,9.040000,0.091547,0.006866,0.011443,0.027464,0.000000,0.000000,0.000000,0.000000,0,0,0,0,0,0,0,0,0,0,0,0.045257568359375,-0.004302978515625,0,0,0,0,0,0,0,0,Object notstarted,Object notstarted,Object notstarted,Object notstarted,Object notstarted,Object notstarted,Object notstarted,Object notstarted,Object notstarted
2024-03-18 10:31:59,150.150,__main___datalogs,INFO,JoyConState.PREP_SNS,-134.975000,-130.850000,9.040000,0.091547,0.006866,0.011443,0.027464,0.000000,0.000000,0.000000,0.000000,0,0,0,0,0,0,0,0,0,0,0,0.045257568359375,-0.004302978515625,0,0,0,0,0,0,0,0,Object notstarted,Object notstarted,Object notstarted,Object notstarted,Object notstarted,Object notstarted,Object notstarted,Object notstarted,Object notstarted
2024-03-18 10:31:59,187.187,__main___datalogs,INFO,JoyConState.PREP_SNS,-134.975000,-130.850000,9.040000,0.091547,0.006866,0.011443,0.025176,0.000000,0.000000,0.000000,0.000000,0,0,0,0,0,0,0,0,0,0,0,0.045257568359375,-0.004302978515625,0,0,0,0,0,0,0,0,Object notstarted,Object notstarted,Object notstarted,Object notstarted,Object notstarted,Object notstarted,Object notstarted,Object notstarted,Object notstarted
2024-03-18 10:31:59,224.224,__main___datalogs,INFO,JoyConState.PREP_SNS,-134.975000,-130.850000,9.040000,0.089258,0.006866,0.013732,0.027464,0.000000,0.000000,0.000000,0.000000,0,0,0,0,0,0,0,0,0,0,0,0.045257568359375,-0.004302978515625,0,0,0,0,0,0,0,0,Object notstarted,Object notstarted,Object notstarted,Object notstarted,Object notstarted,Object notstarted,Object notstarted,Object notstarted,Object notstarted
2024-03-18 10:31:59,260.260,__main___datalogs,INFO,JoyConState.PREP_SNS,-134.975000,-130.850000,9.040000,0.091547,0.006866,0.013732,0.025176,0.000000,0.000000,0.000000,0.000000,0,0,0,0,0,0,0,0,0,0,0,0.045257568359375,-0.004302978515625,0,0,0,0,0,0,0,0,Object notstarted,Object notstarted,Object notstarted,Object notstarted,Object notstarted,Object notstarted,Object notstarted,Object notstarted,Object notstarted
2024-03-18 10:31:59,306.306,__main___datalogs,INFO,JoyConState.PREP_SNS,-134.975000,-130.850000,9.040000,0.089258,0.009155,0.018310,0.025176,0.000000,0.000000,0.000000,0.000000,0,0,0,0,0,0,0,0,0,0,0,0.045257568359375,-0.004302978515625,0,0,0,0,0,0,0,0,Object notstarted,Object notstarted,Object notstarted,Object notstarted,Object notstarted,Object notstarted,Object notstarted,Object notstarted,Object notstarted
2024-03-18 10:31:59,346.346,__main___datalogs,INFO,JoyConState.PREP_SNS,-134.975000,-130.850000,9.040000,0.091547,0.006866,0.013732,0.025176,0.000000,0.000000,0.000000,0.000000,0,0,0,0,0,0,0,0,0,0,0,0.045257568359375,-0.004302978515625,0,0,0,0,0,0,0,0,Object notstarted,Object notstarted,Object notstarted,Object notstarted,Object notstarted,Object notstarted,Object notstarted,Object notstarted,Object notstarted
2024-03-18 10:31:59,384.384,__main___datalogs,INFO,JoyConState.PREP_SNS,-134.975000,-130.850000,9.040000,0.091547,0.006866,0.013732,0.025176,0.000000,0.000000,0.000000,0.000000,0,0,0,0,0,0,0,0,0,0,0,0.045257568359375,-0.004302978515625,0,0,0,0,0,0,0,0,Object notstarted,Object notstarted,Object notstarted,Object notstarted,Object notstarted,Object notstarted,Object notstarted,Object notstarted,Object notstarted
2024-03-18 10:31:59,421.421,__main___datalogs,INFO,JoyConState.PREP_SNS,-134.975000,-130.850000,9.040000,0.096125,0.006866,0.018310,0.025176,0.000000,0.000000,0.000000,0.000000,0,0,0,0,0,0,0,0,0,0,0,0.045257568359375,-0.004302978515625,0,0,0,0,0,0,0,0,Object notstarted,Object notstarted,Object notstarted,Object notstarted,Object notstarted,Object notstarted,Object notstarted,Object notstarted,Object notstarted
2024-03-18 10:31:59,457.457,__main___datalogs,INFO,JoyConState.PREP_SNS,-134.975000,-130.850000,9.040000,0.096125,0.006866,0.011443,0.027464,0.000000,0.000000,0.000000,0.000000,0,0,0,0,0,0,0,0,0,0,0,0.045257568359375,-0.004302978515625,0,0,0,0,0,0,0,0,Object notstarted,Object notstarted,Object notstarted,Object notstarted,Object notstarted,Object notstarted,Object notstarted,Object notstarted,Object notstarted
2024-03-18 10:31:59,489.489,__main___datalogs,INFO,JoyConState.PREP_SNS,-134.975000,-130.850000,9.040000,0.096125,0.006866,0.011443,0.027464,0.000000,0.000000,0.000000,0.000000,0,0,0,0,0,0,0,0,0,0,0,0.045257568359375,-0.004302978515625,0,0,0,0,0,0,0,0,Object notstarted,Object notstarted,Object notstarted,Object notstarted,Object notstarted,Object notstarted,Object notstarted,Object notstarted,Object notstarted
2024-03-18 10:31:59,528.528,__main___datalogs,INFO,JoyConState.PREP_SNS,-134.975000,-130.850000,9.040000,0.091547,0.006866,0.011443,0.025176,0.000000,0.000000,0.000000,0.000000,0,0,0,0,0,0,0,0,0,0,0,0.045257568359375,-0.004302978515625,0,0,0,0,0,0,0,0,Object notstarted,Object notstarted,Object notstarted,Object notstarted,Object notstarted,Object notstarted,Object notstarted,Object notstarted,Object notstarted
2024-03-18 10:31:59,564.564,__main___datalogs,INFO,JoyConState.PREP_SNS,-134.975000,-130.850000,9.040000,0.089258,0.006866,0.013732,0.025176,0.000000,0.000000,0.000000,0.000000,0,0,0,0,0,0,0,0,0,0,0,0.045257568359375,-0.004302978515625,0,0,0,0,0,0,0,0,Object notstarted,Object notstarted,Object notstarted,Object notstarted,Object notstarted,Object notstarted,Object notstarted,Object notstarted,Object notstarted
2024-03-18 10:31:59,603.603,__main___datalogs,INFO,JoyConState.PREP_SNS,-134.975000,-130.850000,9.040000,0.091547,0.002289,0.011443,0.027464,0.000000,0.000000,0.000000,0.000000,0,0,0,0,0,0,0,0,0,0,0,0.045257568359375,-0.004302978515625,0,0,0,0,0,0,0,0,Object notstarted,Object notstarted,Object notstarted,Object notstarted,Object notstarted,Object notstarted,Object notstarted,Object notstarted,Object notstarted
2024-03-18 10:31:59,642.642,__main___datalogs,INFO,JoyConState.PREP_SNS,-134.975000,-130.850000,9.040000,0.096125,0.006866,0.011443,0.027464,0.000000,0.000000,0.000000,0.000000,0,0,0,0,0,0,0,0,0,0,0,0.045257568359375,-0.004302978515625,0,0,0,0,0,0,0,0,Object notstarted,Object notstarted,Object notstarted,Object notstarted,Object notstarted,Object notstarted,Object notstarted,Object notstarted,Object notstarted
2024-03-18 10:31:59,683.683,__main___datalogs,INFO,JoyConState.PREP_SNS,-134.975000,-130.850000,9.040000,0.091547,0.006866,0.011443,0.027464,0.000000,0.000000,0.000000,0.000000,0,0,0,0,0,0,0,0,0,0,0,0.045257568359375,-0.004302978515625,0,0,0,0,0,0,0,0,Object notstarted,Object notstarted,Object notstarted,Object notstarted,Object notstarted,Object notstarted,Object notstarted,Object notstarted,Object notstarted
2024-03-18 10:31:59,725.725,__main___datalogs,INFO,JoyConState.PREP_SNS,-134.975000,-130.850000,9.040000,0.091547,0.006866,0.011443,0.027464,0.000000,0.000000,0.000000,0.000000,0,0,0,0,0,0,0,0,0,0,0,0.045257568359375,-0.004302978515625,0,0,0,0,0,0,0,0,Object notstarted,Object notstarted,Object notstarted,Object notstarted,Object notstarted,Object notstarted,Object notstarted,Object notstarted,Object notstarted
2024-03-18 10:31:59,768.768,__main___datalogs,INFO,JoyConState.PREP_SNS,-134.975000,-130.850000,9.040000,0.091547,0.009155,0.013732,0.027464,0.000000,0.000000,0.000000,0.000000,0,0,0,0,0,0,0,0,0,0,0,0.045257568359375,-0.004302978515625,0,0,0,0,0,0,0,0,Object notstarted,Object notstarted,Object notstarted,Object notstarted,Object notstarted,Object notstarted,Object notstarted,Object notstarted,Object notstarted
2024-03-18 10:31:59,805.805,__main___datalogs,INFO,JoyConState.PREP_SNS,-134.975000,-130.850000,9.040000,0.089258,0.006866,0.013732,0.027464,0.000000,0.000000,0.000000,0.000000,0,0,0,0,0,0,0,0,0,0,0,0.045257568359375,-0.004302978515625,0,0,0,0,0,0,0,0,Object notstarted,Object notstarted,Object notstarted,Object notstarted,Object notstarted,Object notstarted,Object notstarted,Object notstarted,Object notstarted
2024-03-18 10:31:59,842.842,__main___datalogs,INFO,JoyConState.PREP_SNS,-134.975000,-130.850000,9.040000,0.091547,0.006866,0.013732,0.025176,0.000000,0.000000,0.000000,0.000000,0,0,0,0,0,0,0,0,0,0,0,0.045257568359375,-0.004302978515625,0,0,0,0,0,0,0,0,Object notstarted,Object notstarted,Object notstarted,Object notstarted,Object notstarted,Object notstarted,Object notstarted,Object notstarted,Object notstarted
2024-03-18 10:31:59,879.879,__main___datalogs,INFO,JoyConState.PREP_SNS,-134.975000,-130.850000,9.040000,0.096125,0.006866,0.011443,0.027464,0.000000,0.000000,0.000000,0.000000,0,0,0,0,0,0,0,0,0,0,0,0.045257568359375,-0.004302978515625,0,0,0,0,0,0,0,0,Object notstarted,Object notstarted,Object notstarted,Object notstarted,Object notstarted,Object notstarted,Object notstarted,Object notstarted,Object notstarted
2024-03-18 10:31:59,916.916,__main___datalogs,INFO,JoyConState.PREP_SNS,-134.975000,-130.850000,9.040000,0.096125,0.002289,0.013732,0.027464,0.000000,0.000000,0.000000,0.000000,0,0,0,0,0,0,0,0,0,0,0,0.045257568359375,-0.004302978515625,0,0,0,0,0,0,0,0,Object notstarted,Object notstarted,Object notstarted,Object notstarted,Object notstarted,Object notstarted,Object notstarted,Object notstarted,Object notstarted
2024-03-18 10:31:59,955.955,__main___datalogs,INFO,JoyConState.PREP_SNS,-134.975000,-130.850000,9.040000,0.096125,0.006866,0.013732,0.027464,0.000000,0.000000,0.000000,0.000000,0,0,0,0,0,0,0,0,0,0,0,0.045257568359375,-0.004302978515625,0,0,0,0,0,0,0,0,Object notstarted,Object notstarted,Object notstarted,Object notstarted,Object notstarted,Object notstarted,Object notstarted,Object notstarted,Object notstarted
2024-03-18 10:31:59,996.996,__main___datalogs,INFO,JoyConState.PREP_SNS,-134.975000,-130.850000,9.040000,0.096125,0.006866,0.013732,0.027464,0.000000,0.000000,0.000000,0.000000,0,0,0,0,0,0,0,0,0,0,0,0.045257568359375,-0.004302978515625,0,0,0,0,0,0,0,0,Object notstarted,Object notstarted,Object notstarted,Object notstarted,Object notstarted,Object notstarted,Object notstarted,Object notstarted,Object notstarted
2024-03-18 10:32:00,043.043,__main___datalogs,INFO,JoyConState.PREP_SNS,-134.975000,-130.850000,9.040000,0.089258,0.006866,0.011443,0.025176,0.000000,0.000000,0.000000,0.000000,0,0,0,0,0,0,0,0,0,0,0,0.045257568359375,-0.004302978515625,0,0,0,0,0,0,0,0,Object notstarted,Object notstarted,Object notstarted,Object notstarted,Object notstarted,Object notstarted,Object notstarted,Object notstarted,Object notstarted
2024-03-18 10:32:00,087.087,__main___datalogs,INFO,JoyConState.PREP_SNS,-134.975000,-130.850000,9.040000,0.089258,0.006866,0.011443,0.025176,0.000000,0.000000,0.000000,0.000000,0,0,0,0,0,0,0,0,0,0,0,0.045257568359375,-0.004302978515625,0,0,0,0,0,0,0,0,Object notstarted,Object notstarted,Object notstarted,Object notstarted,Object notstarted,Object notstarted,Object notstarted,Object notstarted,Object notstarted
2024-03-18 10:32:00,127.127,__main___datalogs,INFO,JoyConState.PREP_SNS,-134.975000,-130.850000,9.040000,0.089258,0.006866,0.013732,0.025176,0.000000,0.000000,0.000000,0.000000,0,0,0,0,0,0,0,0,0,0,0,0.045257568359375,-0.004302978515625,0,0,0,0,0,0,0,0,Object notstarted,Object notstarted,Object notstarted,Object notstarted,Object notstarted,Object notstarted,Object notstarted,Object notstarted,Object notstarted
2024-03-18 10:32:00,165.165,__main___datalogs,INFO,JoyConState.PREP_SNS,-134.975000,-130.850000,9.040000,0.091547,0.006866,0.013732,0.025176,0.000000,0.000000,0.000000,0.000000,0,0,0,0,0,0,0,0,0,0,0,0.045257568359375,-0.004302978515625,0,0,0,0,0,0,0,0,Object notstarted,Object notstarted,Object notstarted,Object notstarted,Object notstarted,Object notstarted,Object notstarted,Object notstarted,Object notstarted
2024-03-18 10:32:00,202.202,__main___datalogs,INFO,JoyConState.PREP_SNS,-134.975000,-130.850000,9.040000,0.091547,0.006866,0.013732,0.025176,0.000000,0.000000,0.000000,0.000000,0,0,0,0,0,0,0,0,0,0,0,0.045257568359375,-0.004302978515625,0,0,0,0,0,0,0,0,Object notstarted,Object notstarted,Object notstarted,Object notstarted,Object notstarted,Object notstarted,Object notstarted,Object notstarted,Object notstarted
2024-03-18 10:32:00,238.238,__main___datalogs,INFO,JoyConState.PREP_SNS,-134.975000,-130.850000,9.040000,0.089258,0.006866,0.013732,0.027464,0.000000,0.000000,0.000000,0.000000,0,0,0,0,0,0,0,0,0,0,0,0.045257568359375,-0.004302978515625,0,0,0,0,0,0,0,0,Object notstarted,Object notstarted,Object notstarted,Object notstarted,Object notstarted,Object notstarted,Object notstarted,Object notstarted,Object notstarted
2024-03-18 10:32:00,275.275,__main___datalogs,INFO,JoyConState.PREP_SNS,-134.975000,-130.850000,9.040000,0.089258,0.002289,0.013732,0.025176,0.000000,0.000000,0.000000,0.000000,0,0,0,0,0,0,0,0,0,0,0,0.045257568359375,-0.004302978515625,0,0,0,0,0,0,0,0,Object notstarted,Object notstarted,Object notstarted,Object notstarted,Object notstarted,Object notstarted,Object notstarted,Object notstarted,Object notstarted
2024-03-18 10:32:00,314.314,__main___datalogs,INFO,JoyConState.PREP_SNS,-134.975000,-130.850000,9.040000,0.089258,0.002289,0.011443,0.025176,0.000000,0.000000,0.000000,0.000000,0,0,0,0,0,0,0,0,0,0,0,0.045257568359375,-0.004302978515625,0,0,0,0,0,0,0,0,Object notstarted,Object notstarted,Object notstarted,Object notstarted,Object notstarted,Object notstarted,Object notstarted,Object notstarted,Object notstarted
2024-03-18 10:32:00,372.372,__main___datalogs,INFO,JoyConState.PREP_SNS,-134.975000,-130.850000,9.040000,0.091547,0.002289,0.011443,0.025176,0.000000,0.000000,0.000000,0.000000,0,0,0,0,0,0,0,0,0,0,0,0.045257568359375,-0.004302978515625,0,0,0,0,0,0,0,0,Object notstarted,Object notstarted,Object notstarted,Object notstarted,Object notstarted,Object notstarted,Object notstarted,Object notstarted,Object notstarted
2024-03-18 10:32:00,409.409,__main___datalogs,INFO,JoyConState.PREP_SNS,-134.975000,-130.850000,9.040000,0.089258,0.002289,0.013732,0.025176,0.000000,0.000000,0.000000,0.000000,0,0,0,0,0,0,0,0,0,0,0,0.045257568359375,-0.004302978515625,0,0,0,0,0,0,0,0,Object notstarted,Object notstarted,Object notstarted,Object notstarted,Object notstarted,Object notstarted,Object notstarted,Object notstarted,Object notstarted
2024-03-18 10:32:00,460.460,__main___datalogs,INFO,JoyConState.PREP_SNS,-134.975000,-130.850000,9.040000,0.091547,0.002289,0.013732,0.025176,0.000000,0.000000,0.000000,0.000000,0,0,0,0,0,0,0,0,0,0,0,0.045257568359375,-0.004302978515625,0,0,0,0,0,0,0,0,Object notstarted,Object notstarted,Object notstarted,Object notstarted,Object notstarted,Object notstarted,Object notstarted,Object notstarted,Object notstarted
2024-03-18 10:32:00,503.503,__main___datalogs,INFO,JoyConState.PREP_SNS,-134.975000,-130.850000,9.040000,0.091547,0.002289,0.013732,0.027464,0.000000,0.000000,0.000000,0.000000,0,0,0,0,0,0,0,0,0,0,0,0.045257568359375,-0.004302978515625,0,0,0,0,0,0,0,0,Object notstarted,Object notstarted,Object notstarted,Object notstarted,Object notstarted,Object notstarted,Object notstarted,Object notstarted,Object notstarted
2024-03-18 10:32:00,543.543,__main___datalogs,INFO,JoyConState.PREP_SNS,-134.975000,-130.850000,9.040000,0.096125,0.002289,0.013732,0.025176,0.000000,0.000000,0.000000,0.000000,0,0,0,0,0,0,0,0,0,0,0,0.045257568359375,-0.004302978515625,0,0,0,0,0,0,0,0,Object notstarted,Object notstarted,Object notstarted,Object notstarted,Object notstarted,Object notstarted,Object notstarted,Object notstarted,Object notstarted
2024-03-18 10:32:00,584.584,__main___datalogs,INFO,JoyConState.PREP_SNS,-134.975000,-130.850000,9.040000,0.096125,0.006866,0.013732,0.025176,0.000000,0.000000,0.000000,0.000000,0,0,0,0,0,0,0,0,0,0,0,0.045257568359375,-0.004302978515625,0,0,0,0,0,0,0,0,Object notstarted,Object notstarted,Object notstarted,Object notstarted,Object notstarted,Object notstarted,Object notstarted,Object notstarted,Object notstarted
2024-03-18 10:32:00,621.621,__main___datalogs,INFO,JoyConState.PREP_SNS,-134.975000,-130.850000,9.040000,0.096125,0.006866,0.013732,0.020598,0.000000,0.000000,0.000000,0.000000,0,0,0,0,0,0,0,0,0,0,0,0.045257568359375,-0.004302978515625,0,0,0,0,0,0,0,0,Object notstarted,Object notstarted,Object notstarted,Object notstarted,Object notstarted,Object notstarted,Object notstarted,Object notstarted,Object notstarted
2024-03-18 10:32:00,658.658,__main___datalogs,INFO,JoyConState.PREP_SNS,-134.975000,-130.850000,9.040000,0.091547,0.002289,0.013732,0.025176,0.000000,0.000000,0.000000,0.000000,0,0,0,0,0,0,0,0,0,0,0,0.045257568359375,-0.004302978515625,0,0,0,0,0,0,0,0,Object notstarted,Object notstarted,Object notstarted,Object notstarted,Object notstarted,Object notstarted,Object notstarted,Object notstarted,Object notstarted
2024-03-18 10:32:00,694.694,__main___datalogs,INFO,JoyConState.PREP_SNS,-134.975000,-130.850000,9.040000,0.089258,0.002289,0.013732,0.027464,0.000000,0.000000,0.000000,0.000000,0,0,0,0,0,0,0,0,0,0,0,0.045257568359375,-0.004302978515625,0,0,0,0,0,0,0,0,Object notstarted,Object notstarted,Object notstarted,Object notstarted,Object notstarted,Object notstarted,Object notstarted,Object notstarted,Object notstarted
2024-03-18 10:32:00,726.726,__main___datalogs,INFO,JoyConState.PREP_SNS,-134.975000,-130.850000,9.040000,0.091547,0.002289,0.013732,0.025176,0.000000,0.000000,0.000000,0.000000,0,0,0,0,0,0,0,0,0,0,0,0.045257568359375,-0.004302978515625,0,0,0,0,0,0,0,0,Object notstarted,Object notstarted,Object notstarted,Object notstarted,Object notstarted,Object notstarted,Object notstarted,Object notstarted,Object notstarted
2024-03-18 10:32:00,758.758,__main___datalogs,INFO,JoyConState.PREP_SNS,-134.975000,-130.850000,9.040000,0.091547,0.006866,0.013732,0.027464,0.000000,0.000000,0.000000,0.000000,0,0,0,0,0,0,0,0,0,0,0,0.045257568359375,-0.004302978515625,0,0,0,0,0,0,0,0,Object notstarted,Object notstarted,Object notstarted,Object notstarted,Object notstarted,Object notstarted,Object notstarted,Object notstarted,Object notstarted
2024-03-18 10:32:00,790.790,__main___datalogs,INFO,JoyConState.PREP_SNS,-134.975000,-130.850000,9.040000,0.091547,0.006866,0.013732,0.025176,0.000000,0.000000,0.000000,0.000000,0,0,0,0,0,0,0,0,0,0,0,0.045257568359375,-0.004302978515625,0,0,0,0,0,0,0,0,Object notstarted,Object notstarted,Object notstarted,Object notstarted,Object notstarted,Object notstarted,Object notstarted,Object notstarted,Object notstarted
2024-03-18 10:32:00,821.821,__main___datalogs,INFO,JoyConState.PREP_SNS,-134.975000,-130.850000,9.040000,0.089258,0.006866,0.013732,0.025176,0.000000,0.000000,0.000000,0.000000,0,0,0,0,0,0,0,0,0,0,0,0.045257568359375,-0.004302978515625,0,0,0,0,0,0,0,0,Object notstarted,Object notstarted,Object notstarted,Object notstarted,Object notstarted,Object notstarted,Object notstarted,Object notstarted,Object notstarted
2024-03-18 10:32:00,853.853,__main___datalogs,INFO,JoyConState.PREP_SNS,-134.975000,-130.850000,9.040000,0.096125,0.006866,0.013732,0.027464,0.000000,0.000000,0.000000,0.000000,0,0,0,0,0,0,0,0,0,0,0,0.045257568359375,-0.004302978515625,0,0,0,0,0,0,0,0,Object notstarted,Object notstarted,Object notstarted,Object notstarted,Object notstarted,Object notstarted,Object notstarted,Object notstarted,Object notstarted
2024-03-18 10:32:00,885.885,__main___datalogs,INFO,JoyConState.PREP_SNS,-134.975000,-130.850000,9.040000,0.091547,0.002289,0.013732,0.027464,0.000000,0.000000,0.000000,0.000000,0,0,0,0,0,0,0,0,0,0,0,0.045257568359375,-0.004302978515625,0,0,0,0,0,0,0,0,Object notstarted,Object notstarted,Object notstarted,Object notstarted,Object notstarted,Object notstarted,Object notstarted,Object notstarted,Object notstarted
2024-03-18 10:32:00,917.917,__main___datalogs,INFO,JoyConState.PREP_SNS,-134.975000,-130.850000,9.040000,0.096125,0.002289,0.013732,0.027464,0.000000,0.000000,0.000000,0.000000,0,0,0,0,0,0,0,0,0,0,0,0.045257568359375,-0.004302978515625,0,0,0,0,0,0,0,0,Object notstarted,Object notstarted,Object notstarted,Object notstarted,Object notstarted,Object notstarted,Object notstarted,Object notstarted,Object notstarted
2024-03-18 10:32:00,948.948,__main___datalogs,INFO,JoyConState.PREP_SNS,-134.975000,-130.850000,9.040000,0.091547,0.006866,0.013732,0.025176,0.000000,0.000000,0.000000,0.000000,0,0,0,0,0,0,0,0,0,0,0,0.045257568359375,-0.004302978515625,0,0,0,0,0,0,0,0,Object notstarted,Object notstarted,Object notstarted,Object notstarted,Object notstarted,Object notstarted,Object notstarted,Object notstarted,Object notstarted
2024-03-18 10:32:00,982.982,__main___datalogs,INFO,JoyConState.PREP_SNS,-134.975000,-130.850000,9.040000,0.089258,0.006866,0.011443,0.027464,0.000000,0.000000,0.000000,0.000000,0,0,0,0,0,0,0,0,0,0,0,0.045257568359375,-0.004302978515625,0,0,0,0,0,0,0,0,Object notstarted,Object notstarted,Object notstarted,Object notstarted,Object notstarted,Object notstarted,Object notstarted,Object notstarted,Object notstarted
2024-03-18 10:32:01,015.015,__main___datalogs,INFO,JoyConState.PREP_SNS,-134.975000,-130.850000,9.040000,0.091547,0.006866,0.011443,0.027464,0.000000,0.000000,0.000000,0.000000,0,0,0,0,0,0,0,0,0,0,0,0.045257568359375,-0.004302978515625,0,0,0,0,0,0,0,0,Object notstarted,Object notstarted,Object notstarted,Object notstarted,Object notstarted,Object notstarted,Object notstarted,Object notstarted,Object notstarted
2024-03-18 10:32:01,054.054,__main___datalogs,INFO,JoyConState.PREP_SNS,-134.975000,-130.850000,9.040000,0.089258,0.002289,0.011443,0.025176,0.000000,0.000000,0.000000,0.000000,0,0,0,0,0,0,0,0,0,0,0,0.045257568359375,-0.004302978515625,0,0,0,0,0,0,0,0,Object notstarted,Object notstarted,Object notstarted,Object notstarted,Object notstarted,Object notstarted,Object notstarted,Object notstarted,Object notstarted
2024-03-18 10:32:01,090.090,__main___datalogs,INFO,JoyConState.PREP_SNS,-134.975000,-130.850000,9.040000,0.089258,0.002289,0.011443,0.025176,0.000000,0.000000,0.000000,0.000000,0,0,0,0,0,0,0,0,0,0,0,0.045257568359375,-0.004302978515625,0,0,0,0,0,0,0,0,Object notstarted,Object notstarted,Object notstarted,Object notstarted,Object notstarted,Object notstarted,Object notstarted,Object notstarted,Object notstarted
2024-03-18 10:32:01,128.128,__main___datalogs,INFO,JoyConState.PREP_SNS,-134.975000,-130.850000,9.040000,0.089258,0.002289,0.011443,0.027464,0.000000,0.000000,0.000000,0.000000,0,0,0,0,0,0,0,0,0,0,0,0.045257568359375,-0.004302978515625,0,0,0,0,0,0,0,0,Object notstarted,Object notstarted,Object notstarted,Object notstarted,Object notstarted,Object notstarted,Object notstarted,Object notstarted,Object notstarted
2024-03-18 10:32:01,165.165,__main___datalogs,INFO,JoyConState.PREP_SNS,-134.975000,-130.850000,9.040000,0.089258,0.002289,0.013732,0.027464,0.000000,0.000000,0.000000,0.000000,0,0,0,0,0,0,0,0,0,0,0,0.045257568359375,-0.004302978515625,0,0,0,0,0,0,0,0,Object notstarted,Object notstarted,Object notstarted,Object notstarted,Object notstarted,Object notstarted,Object notstarted,Object notstarted,Object notstarted
2024-03-18 10:32:01,202.202,__main___datalogs,INFO,JoyConState.PREP_SNS,-134.975000,-130.850000,9.040000,0.091547,0.002289,0.013732,0.027464,0.000000,0.000000,0.000000,0.000000,0,0,0,0,0,0,0,0,0,0,0,0.045257568359375,-0.004302978515625,0,0,0,0,0,0,0,0,Object notstarted,Object notstarted,Object notstarted,Object notstarted,Object notstarted,Object notstarted,Object notstarted,Object notstarted,Object notstarted
2024-03-18 10:32:01,238.238,__main___datalogs,INFO,JoyConState.PREP_SNS,-134.975000,-130.850000,9.040000,0.091547,0.006866,0.013732,0.027464,0.000000,0.000000,0.000000,0.000000,0,0,0,0,0,0,0,0,0,0,0,0.045257568359375,-0.004302978515625,0,0,0,0,0,0,0,0,Object notstarted,Object notstarted,Object notstarted,Object notstarted,Object notstarted,Object notstarted,Object notstarted,Object notstarted,Object notstarted
2024-03-18 10:32:01,276.276,__main___datalogs,INFO,JoyConState.PREP_SNS,-134.975000,-130.850000,9.040000,0.091547,0.006866,0.013732,0.027464,0.000000,0.000000,0.000000,0.000000,0,0,0,0,0,0,0,0,0,0,0,0.045257568359375,-0.004302978515625,0,0,0,0,0,0,0,0,Object notstarted,Object notstarted,Object notstarted,Object notstarted,Object notstarted,Object notstarted,Object notstarted,Object notstarted,Object notstarted
2024-03-18 10:32:01,314.314,__main___datalogs,INFO,JoyConState.PREP_SNS,-134.975000,-130.850000,9.040000,0.091547,0.006866,0.013732,0.025176,0.000000,0.000000,0.000000,0.000000,0,0,0,0,0,0,0,0,0,0,0,0.045257568359375,-0.004302978515625,0,0,0,0,0,0,0,0,Object notstarted,Object notstarted,Object notstarted,Object notstarted,Object notstarted,Object notstarted,Object notstarted,Object notstarted,Object notstarted
2024-03-18 10:32:01,351.351,__main___datalogs,INFO,JoyConState.PREP_SNS,-134.975000,-130.850000,9.040000,0.091547,0.006866,0.013732,0.027464,0.000000,0.000000,0.000000,0.000000,0,0,0,0,0,0,0,0,0,0,0,0.045257568359375,-0.004302978515625,0,0,0,0,0,0,0,0,Object notstarted,Object notstarted,Object notstarted,Object notstarted,Object notstarted,Object notstarted,Object notstarted,Object notstarted,Object notstarted
2024-03-18 10:32:01,388.388,__main___datalogs,INFO,JoyConState.PREP_SNS,-134.975000,-130.850000,9.040000,0.091547,0.002289,0.013732,0.027464,0.000000,0.000000,0.000000,0.000000,0,0,0,0,0,0,0,0,0,0,0,0.045257568359375,-0.004302978515625,0,0,0,0,0,0,0,0,Object notstarted,Object notstarted,Object notstarted,Object notstarted,Object notstarted,Object notstarted,Object notstarted,Object notstarted,Object notstarted
2024-03-18 10:32:01,432.432,__main___datalogs,INFO,JoyConState.PREP_SNS,-134.975000,-130.850000,9.040000,0.089258,0.006866,0.013732,0.027464,0.000000,0.000000,0.000000,0.000000,0,0,0,0,0,0,0,0,0,0,0,0.045257568359375,-0.004302978515625,0,0,0,0,0,0,0,0,Object notstarted,Object notstarted,Object notstarted,Object notstarted,Object notstarted,Object notstarted,Object notstarted,Object notstarted,Object notstarted
2024-03-18 10:32:01,471.471,__main___datalogs,INFO,JoyConState.PREP_SNS,-134.975000,-130.850000,9.040000,0.091547,0.002289,0.013732,0.027464,0.000000,0.000000,0.000000,0.000000,0,0,0,0,0,0,0,0,0,0,0,0.045257568359375,-0.004302978515625,0,0,0,0,0,0,0,0,Object notstarted,Object notstarted,Object notstarted,Object notstarted,Object notstarted,Object notstarted,Object notstarted,Object notstarted,Object notstarted
2024-03-18 10:32:01,507.507,__main___datalogs,INFO,JoyConState.PREP_SNS,-134.975000,-130.850000,9.040000,0.091547,0.002289,0.013732,0.025176,0.000000,0.000000,0.000000,0.000000,0,0,0,0,0,0,0,0,0,0,0,0.045257568359375,-0.004302978515625,0,0,0,0,0,0,0,0,Object notstarted,Object notstarted,Object notstarted,Object notstarted,Object notstarted,Object notstarted,Object notstarted,Object notstarted,Object notstarted
2024-03-18 10:32:01,538.538,__main___datalogs,INFO,JoyConState.PREP_SNS,-134.975000,-130.850000,9.040000,0.096125,0.002289,0.013732,0.025176,0.000000,0.000000,0.000000,0.000000,0,0,0,0,0,0,0,0,0,0,0,0.045257568359375,-0.004302978515625,0,0,0,0,0,0,0,0,Object notstarted,Object notstarted,Object notstarted,Object notstarted,Object notstarted,Object notstarted,Object notstarted,Object notstarted,Object notstarted
2024-03-18 10:32:01,570.570,__main___datalogs,INFO,JoyConState.PREP_SNS,-134.975000,-130.850000,9.040000,0.091547,0.006866,0.013732,0.025176,0.000000,0.000000,0.000000,0.000000,0,0,0,0,0,0,0,0,0,0,0,0.045257568359375,-0.004302978515625,0,0,0,0,0,0,0,0,Object notstarted,Object notstarted,Object notstarted,Object notstarted,Object notstarted,Object notstarted,Object notstarted,Object notstarted,Object notstarted
2024-03-18 10:32:01,602.602,__main___datalogs,INFO,JoyConState.PREP_SNS,-134.975000,-130.850000,9.040000,0.096125,0.006866,0.013732,0.027464,0.000000,0.000000,0.000000,0.000000,0,0,0,0,0,0,0,0,0,0,0,0.045257568359375,-0.004302978515625,0,0,0,0,0,0,0,0,Object notstarted,Object notstarted,Object notstarted,Object notstarted,Object notstarted,Object notstarted,Object notstarted,Object notstarted,Object notstarted
2024-03-18 10:32:01,634.634,__main___datalogs,INFO,JoyConState.PREP_SNS,-134.975000,-130.850000,9.040000,0.091547,0.006866,0.013732,0.027464,0.000000,0.000000,0.000000,0.000000,0,0,0,0,0,0,0,0,0,0,0,0.045257568359375,-0.004302978515625,0,0,0,0,0,0,0,0,Object notstarted,Object notstarted,Object notstarted,Object notstarted,Object notstarted,Object notstarted,Object notstarted,Object notstarted,Object notstarted
2024-03-18 10:32:01,666.666,__main___datalogs,INFO,JoyConState.PREP_SNS,-134.975000,-130.850000,9.040000,0.091547,0.006866,0.011443,0.025176,0.000000,0.000000,0.000000,0.000000,0,0,0,0,0,0,0,0,0,0,0,0.045257568359375,-0.004302978515625,0,0,0,0,0,0,0,0,Object notstarted,Object notstarted,Object notstarted,Object notstarted,Object notstarted,Object notstarted,Object notstarted,Object notstarted,Object notstarted
2024-03-18 10:32:01,698.698,__main___datalogs,INFO,JoyConState.PREP_SNS,-134.975000,-130.850000,9.040000,0.089258,0.006866,0.011443,0.025176,0.000000,0.000000,0.000000,0.000000,0,0,0,0,0,0,0,0,0,0,0,0.045257568359375,-0.004302978515625,0,0,0,0,0,0,0,0,Object notstarted,Object notstarted,Object notstarted,Object notstarted,Object notstarted,Object notstarted,Object notstarted,Object notstarted,Object notstarted
2024-03-18 10:32:01,730.730,__main___datalogs,INFO,JoyConState.PREP_SNS,-134.975000,-130.850000,9.040000,0.091547,0.009155,0.011443,0.025176,0.000000,0.000000,0.000000,0.000000,0,0,0,0,0,0,0,0,0,0,0,0.045257568359375,-0.004302978515625,0,0,0,0,0,0,0,0,Object notstarted,Object notstarted,Object notstarted,Object notstarted,Object notstarted,Object notstarted,Object notstarted,Object notstarted,Object notstarted
2024-03-18 10:32:01,762.762,__main___datalogs,INFO,JoyConState.PREP_SNS,-134.975000,-130.850000,9.040000,0.089258,0.002289,0.013732,0.025176,0.000000,0.000000,0.000000,0.000000,0,0,0,0,0,0,0,0,0,0,0,0.045257568359375,-0.004302978515625,0,0,0,0,0,0,0,0,Object notstarted,Object notstarted,Object notstarted,Object notstarted,Object notstarted,Object notstarted,Object notstarted,Object notstarted,Object notstarted
2024-03-18 10:32:01,795.795,__main___datalogs,INFO,JoyConState.PREP_SNS,-134.975000,-130.850000,9.040000,0.091547,0.002289,0.013732,0.025176,0.000000,0.000000,0.000000,0.000000,0,0,0,0,0,0,0,0,0,0,0,0.045257568359375,-0.004302978515625,0,0,0,0,0,0,0,0,Object notstarted,Object notstarted,Object notstarted,Object notstarted,Object notstarted,Object notstarted,Object notstarted,Object notstarted,Object notstarted
2024-03-18 10:32:01,834.834,__main___datalogs,INFO,JoyConState.PREP_SNS,-134.975000,-130.850000,9.040000,0.091547,0.002289,0.013732,0.027464,0.000000,0.000000,0.000000,0.000000,0,0,0,0,0,0,0,0,0,0,0,0.045257568359375,-0.004302978515625,0,0,0,0,0,0,0,0,Object notstarted,Object notstarted,Object notstarted,Object notstarted,Object notstarted,Object notstarted,Object notstarted,Object notstarted,Object notstarted
2024-03-18 10:32:01,870.870,__main___datalogs,INFO,JoyConState.PREP_SNS,-134.975000,-130.850000,9.040000,0.091547,0.006866,0.013732,0.027464,0.000000,0.000000,0.000000,0.000000,0,0,0,0,0,0,0,0,0,0,0,0.045257568359375,-0.004302978515625,0,0,0,0,0,0,0,0,Object notstarted,Object notstarted,Object notstarted,Object notstarted,Object notstarted,Object notstarted,Object notstarted,Object notstarted,Object notstarted
2024-03-18 10:32:01,908.908,__main___datalogs,INFO,JoyConState.PREP_SNS,-134.975000,-130.850000,9.040000,0.089258,0.006866,0.013732,0.025176,0.000000,0.000000,0.000000,0.000000,0,0,0,0,0,0,0,0,0,0,0,0.045257568359375,-0.004302978515625,0,0,0,0,0,0,0,0,Object notstarted,Object notstarted,Object notstarted,Object notstarted,Object notstarted,Object notstarted,Object notstarted,Object notstarted,Object notstarted
2024-03-18 10:32:01,945.945,__main___datalogs,INFO,JoyConState.PREP_SNS,-134.975000,-130.850000,9.040000,0.091547,0.006866,0.018310,0.025176,0.000000,0.000000,0.000000,0.000000,0,0,0,0,0,0,0,0,0,0,0,0.045257568359375,-0.004302978515625,0,0,0,0,0,0,0,0,Object notstarted,Object notstarted,Object notstarted,Object notstarted,Object notstarted,Object notstarted,Object notstarted,Object notstarted,Object notstarted
2024-03-18 10:32:01,982.982,__main___datalogs,INFO,JoyConState.PREP_SNS,-134.975000,-130.850000,9.040000,0.089258,0.002289,0.013732,0.025176,0.000000,0.000000,0.000000,0.000000,0,0,0,0,0,0,0,0,0,0,0,0.045257568359375,-0.004302978515625,0,0,0,0,0,0,0,0,Object notstarted,Object notstarted,Object notstarted,Object notstarted,Object notstarted,Object notstarted,Object notstarted,Object notstarted,Object notstarted
2024-03-18 10:32:02,020.020,__main___datalogs,INFO,JoyConState.PREP_SNS,-134.975000,-130.850000,9.040000,0.089258,0.002289,0.018310,0.025176,0.000000,0.000000,0.000000,0.000000,0,0,0,0,0,0,0,0,0,0,0,0.045257568359375,-0.004302978515625,0,0,0,0,0,0,0,0,Object notstarted,Object notstarted,Object notstarted,Object notstarted,Object notstarted,Object notstarted,Object notstarted,Object notstarted,Object notstarted
2024-03-18 10:32:02,057.057,__main___datalogs,INFO,JoyConState.PREP_SNS,-134.975000,-130.850000,9.040000,0.089258,0.002289,0.013732,0.027464,0.000000,0.000000,0.000000,0.000000,0,0,0,0,0,0,0,0,0,0,0,0.045257568359375,-0.004302978515625,0,0,0,0,0,0,0,0,Object notstarted,Object notstarted,Object notstarted,Object notstarted,Object notstarted,Object notstarted,Object notstarted,Object notstarted,Object notstarted
2024-03-18 10:32:02,091.091,__main___datalogs,INFO,JoyConState.PREP_SNS,-134.975000,-130.850000,9.040000,0.091547,0.006866,0.013732,0.027464,0.000000,0.000000,0.000000,0.000000,0,0,0,0,0,0,0,0,0,0,0,0.045257568359375,-0.004302978515625,0,0,0,0,0,0,0,0,Object notstarted,Object notstarted,Object notstarted,Object notstarted,Object notstarted,Object notstarted,Object notstarted,Object notstarted,Object notstarted
2024-03-18 10:32:02,129.129,__main___datalogs,INFO,JoyConState.PREP_SNS,-134.975000,-130.850000,9.040000,0.091547,0.006866,0.013732,0.025176,0.000000,0.000000,0.000000,0.000000,0,0,0,0,0,0,0,0,0,0,0,0.045257568359375,-0.004302978515625,0,0,0,0,0,0,0,0,Object notstarted,Object notstarted,Object notstarted,Object notstarted,Object notstarted,Object notstarted,Object notstarted,Object notstarted,Object notstarted
2024-03-18 10:32:02,165.165,__main___datalogs,INFO,JoyConState.PREP_SNS,-134.975000,-130.850000,9.040000,0.091547,0.002289,0.013732,0.027464,0.000000,0.000000,0.000000,0.000000,0,0,0,0,0,0,0,0,0,0,0,0.045257568359375,-0.004302978515625,0,0,0,0,0,0,0,0,Object notstarted,Object notstarted,Object notstarted,Object notstarted,Object notstarted,Object notstarted,Object notstarted,Object notstarted,Object notstarted
2024-03-18 10:32:02,202.202,__main___datalogs,INFO,JoyConState.PREP_SNS,-134.975000,-130.850000,9.040000,0.091547,0.002289,0.013732,0.027464,0.000000,0.000000,0.000000,0.000000,0,0,0,0,0,0,0,0,0,0,0,0.045257568359375,-0.004302978515625,0,0,0,0,0,0,0,0,Object notstarted,Object notstarted,Object notstarted,Object notstarted,Object notstarted,Object notstarted,Object notstarted,Object notstarted,Object notstarted
2024-03-18 10:32:02,233.233,__main___datalogs,INFO,JoyConState.PREP_SNS,-134.975000,-130.850000,9.040000,0.091547,0.002289,0.011443,0.027464,0.000000,0.000000,0.000000,0.000000,0,0,0,0,0,0,0,0,0,0,0,0.045257568359375,-0.004302978515625,0,0,0,0,0,0,0,0,Object notstarted,Object notstarted,Object notstarted,Object notstarted,Object notstarted,Object notstarted,Object notstarted,Object notstarted,Object notstarted
2024-03-18 10:32:02,265.265,__main___datalogs,INFO,JoyConState.PREP_SNS,-134.975000,-130.850000,9.040000,0.096125,0.002289,0.011443,0.025176,0.000000,0.000000,0.000000,0.000000,0,0,0,0,0,0,0,0,0,0,0,0.045257568359375,-0.004302978515625,0,0,0,0,0,0,0,0,Object notstarted,Object notstarted,Object notstarted,Object notstarted,Object notstarted,Object notstarted,Object notstarted,Object notstarted,Object notstarted
2024-03-18 10:32:02,297.297,__main___datalogs,INFO,JoyConState.PREP_SNS,-134.975000,-130.850000,9.040000,0.091547,0.002289,0.011443,0.027464,0.000000,0.000000,0.000000,0.000000,0,0,0,0,0,0,0,0,0,0,0,0.045257568359375,-0.004302978515625,0,0,0,0,0,0,0,0,Object notstarted,Object notstarted,Object notstarted,Object notstarted,Object notstarted,Object notstarted,Object notstarted,Object notstarted,Object notstarted
2024-03-18 10:32:02,328.328,__main___datalogs,INFO,JoyConState.PREP_SNS,-134.975000,-130.850000,9.040000,0.091547,0.006866,0.011443,0.025176,0.000000,0.000000,0.000000,0.000000,0,0,0,0,0,0,0,0,0,0,0,0.045257568359375,-0.004302978515625,0,0,0,0,0,0,0,0,Object notstarted,Object notstarted,Object notstarted,Object notstarted,Object notstarted,Object notstarted,Object notstarted,Object notstarted,Object notstarted
2024-03-18 10:32:02,360.360,__main___datalogs,INFO,JoyConState.PREP_SNS,-134.975000,-130.850000,9.040000,0.089258,0.002289,0.011443,0.025176,0.000000,0.000000,0.000000,0.000000,0,0,0,0,0,0,0,0,0,0,0,0.045257568359375,-0.004302978515625,0,0,0,0,0,0,0,0,Object notstarted,Object notstarted,Object notstarted,Object notstarted,Object notstarted,Object notstarted,Object notstarted,Object notstarted,Object notstarted
2024-03-18 10:32:02,393.393,__main___datalogs,INFO,JoyConState.PREP_SNS,-134.975000,-130.850000,9.040000,0.091547,0.002289,0.011443,0.027464,0.000000,0.000000,0.000000,0.000000,0,0,0,0,0,0,0,0,0,0,0,0.045257568359375,-0.004302978515625,0,0,0,0,0,0,0,0,Object notstarted,Object notstarted,Object notstarted,Object notstarted,Object notstarted,Object notstarted,Object notstarted,Object notstarted,Object notstarted
2024-03-18 10:32:02,424.424,__main___datalogs,INFO,JoyConState.PREP_SNS,-134.975000,-130.850000,9.040000,0.089258,0.006866,0.013732,0.027464,0.000000,0.000000,0.000000,0.000000,0,0,0,0,0,0,0,0,0,0,0,0.045257568359375,-0.004302978515625,0,0,0,0,0,0,0,0,Object notstarted,Object notstarted,Object notstarted,Object notstarted,Object notstarted,Object notstarted,Object notstarted,Object notstarted,Object notstarted
2024-03-18 10:32:02,474.474,__main___datalogs,INFO,JoyConState.PREP_SNS,-134.975000,-130.850000,9.040000,0.091547,0.002289,0.013732,0.025176,0.000000,0.000000,0.000000,0.000000,0,0,0,0,0,0,0,0,0,0,0,0.045257568359375,-0.004302978515625,0,0,0,0,0,0,0,0,Object notstarted,Object notstarted,Object notstarted,Object notstarted,Object notstarted,Object notstarted,Object notstarted,Object notstarted,Object notstarted
2024-03-18 10:32:02,521.521,__main___datalogs,INFO,JoyConState.PREP_SNS,-134.975000,-130.850000,9.040000,0.096125,0.009155,0.018310,0.025176,0.000000,0.000000,0.000000,0.000000,0,0,0,0,0,0,0,0,0,0,0,0.045257568359375,-0.004302978515625,0,0,0,0,0,0,0,0,Object notstarted,Object notstarted,Object notstarted,Object notstarted,Object notstarted,Object notstarted,Object notstarted,Object notstarted,Object notstarted
2024-03-18 10:32:02,559.559,__main___datalogs,INFO,JoyConState.PREP_SNS,-134.975000,-130.850000,9.040000,0.091547,0.006866,0.018310,0.027464,0.000000,0.000000,0.000000,0.000000,0,0,0,0,0,0,0,0,0,0,0,0.045257568359375,-0.004302978515625,0,0,0,0,0,0,0,0,Object notstarted,Object notstarted,Object notstarted,Object notstarted,Object notstarted,Object notstarted,Object notstarted,Object notstarted,Object notstarted
2024-03-18 10:32:02,598.598,__main___datalogs,INFO,JoyConState.PREP_SNS,-134.975000,-130.850000,9.040000,0.091547,0.002289,0.013732,0.027464,0.000000,0.000000,0.000000,0.000000,0,0,0,0,0,0,0,0,0,0,0,0.045257568359375,-0.004302978515625,0,0,0,0,0,0,0,0,Object notstarted,Object notstarted,Object notstarted,Object notstarted,Object notstarted,Object notstarted,Object notstarted,Object notstarted,Object notstarted
2024-03-18 10:32:02,635.635,__main___datalogs,INFO,JoyConState.PREP_SNS,-134.975000,-130.850000,9.040000,0.096125,0.002289,0.011443,0.025176,0.000000,0.000000,0.000000,0.000000,0,0,0,0,0,0,0,0,0,0,0,0.045257568359375,-0.004302978515625,0,0,0,0,0,0,0,0,Object notstarted,Object notstarted,Object notstarted,Object notstarted,Object notstarted,Object notstarted,Object notstarted,Object notstarted,Object notstarted
2024-03-18 10:32:02,672.672,__main___datalogs,INFO,JoyConState.PREP_SNS,-134.975000,-130.850000,9.040000,0.091547,0.006866,0.011443,0.025176,0.000000,0.000000,0.000000,0.000000,0,0,0,0,0,0,0,0,0,0,0,0.045257568359375,-0.004302978515625,0,0,0,0,0,0,0,0,Object notstarted,Object notstarted,Object notstarted,Object notstarted,Object notstarted,Object notstarted,Object notstarted,Object notstarted,Object notstarted
2024-03-18 10:32:02,709.709,__main___datalogs,INFO,JoyConState.PREP_SNS,-134.975000,-130.850000,9.040000,0.096125,0.006866,0.018310,0.027464,0.000000,0.000000,0.000000,0.000000,0,0,0,0,0,0,0,0,0,0,0,0.045257568359375,-0.004302978515625,0,0,0,0,0,0,0,0,Object notstarted,Object notstarted,Object notstarted,Object notstarted,Object notstarted,Object notstarted,Object notstarted,Object notstarted,Object notstarted
2024-03-18 10:32:02,747.747,__main___datalogs,INFO,JoyConState.PREP_SNS,-134.975000,-130.850000,9.040000,0.091547,0.006866,0.013732,0.027464,0.000000,0.000000,0.000000,0.000000,0,0,0,0,0,0,0,0,0,0,0,0.045257568359375,-0.004302978515625,0,0,0,0,0,0,0,0,Object notstarted,Object notstarted,Object notstarted,Object notstarted,Object notstarted,Object notstarted,Object notstarted,Object notstarted,Object notstarted
2024-03-18 10:32:02,783.783,__main___datalogs,INFO,JoyConState.PREP_SNS,-134.975000,-130.850000,9.040000,0.096125,0.006866,0.013732,0.025176,0.000000,0.000000,0.000000,0.000000,0,0,0,0,0,0,0,0,0,0,0,0.045257568359375,-0.004302978515625,0,0,0,0,0,0,0,0,Object notstarted,Object notstarted,Object notstarted,Object notstarted,Object notstarted,Object notstarted,Object notstarted,Object notstarted,Object notstarted
2024-03-18 10:32:02,820.820,__main___datalogs,INFO,JoyConState.PREP_SNS,-134.975000,-130.850000,9.040000,0.089258,0.006866,0.013732,0.027464,0.000000,0.000000,0.000000,0.000000,0,0,0,0,0,0,0,0,0,0,0,0.045257568359375,-0.004302978515625,0,0,0,0,0,0,0,0,Object notstarted,Object notstarted,Object notstarted,Object notstarted,Object notstarted,Object notstarted,Object notstarted,Object notstarted,Object notstarted
2024-03-18 10:32:02,857.857,__main___datalogs,INFO,JoyConState.PREP_SNS,-134.975000,-130.850000,9.040000,0.089258,0.009155,0.013732,0.025176,0.000000,0.000000,0.000000,0.000000,0,0,0,0,0,0,0,0,0,0,0,0.045257568359375,-0.004302978515625,0,0,0,0,0,0,0,0,Object notstarted,Object notstarted,Object notstarted,Object notstarted,Object notstarted,Object notstarted,Object notstarted,Object notstarted,Object notstarted
2024-03-18 10:32:02,893.893,__main___datalogs,INFO,JoyConState.PREP_SNS,-134.975000,-130.850000,9.040000,0.089258,0.006866,0.013732,0.027464,0.000000,0.000000,0.000000,0.000000,0,0,0,0,0,0,0,0,0,0,0,0.045257568359375,-0.004302978515625,0,0,0,0,0,0,0,0,Object notstarted,Object notstarted,Object notstarted,Object notstarted,Object notstarted,Object notstarted,Object notstarted,Object notstarted,Object notstarted
2024-03-18 10:32:02,931.931,__main___datalogs,INFO,JoyConState.PREP_SNS,-134.975000,-130.850000,9.040000,0.089258,0.006866,0.013732,0.027464,0.000000,0.000000,0.000000,0.000000,0,0,0,0,0,0,0,0,0,0,0,0.045257568359375,-0.004302978515625,0,0,0,0,0,0,0,0,Object notstarted,Object notstarted,Object notstarted,Object notstarted,Object notstarted,Object notstarted,Object notstarted,Object notstarted,Object notstarted
2024-03-18 10:32:02,960.960,__main___datalogs,INFO,JoyConState.PREP_SNS,-134.975000,-130.850000,9.040000,0.089258,0.006866,0.013732,0.025176,0.000000,0.000000,0.000000,0.000000,0,0,0,0,0,0,0,0,0,0,0,0.045257568359375,-0.004302978515625,0,0,0,0,0,0,0,0,Object notstarted,Object notstarted,Object notstarted,Object notstarted,Object notstarted,Object notstarted,Object notstarted,Object notstarted,Object notstarted
2024-03-18 10:32:02,993.993,__main___datalogs,INFO,JoyConState.PREP_SNS,-134.975000,-130.850000,9.040000,0.091547,0.002289,0.013732,0.027464,0.000000,0.000000,0.000000,0.000000,0,0,0,0,0,0,0,0,0,0,0,0.045257568359375,-0.004302978515625,0,0,0,0,0,0,0,0,Object notstarted,Object notstarted,Object notstarted,Object notstarted,Object notstarted,Object notstarted,Object notstarted,Object notstarted,Object notstarted
2024-03-18 10:32:03,026.026,__main___datalogs,INFO,JoyConState.PREP_SNS,-134.975000,-130.850000,9.040000,0.089258,0.002289,0.013732,0.027464,0.000000,0.000000,0.000000,0.000000,0,0,0,0,0,0,0,0,0,0,0,0.045257568359375,-0.004302978515625,0,0,0,0,0,0,0,0,Object notstarted,Object notstarted,Object notstarted,Object notstarted,Object notstarted,Object notstarted,Object notstarted,Object notstarted,Object notstarted
2024-03-18 10:32:03,057.057,__main___datalogs,INFO,JoyConState.PREP_SNS,-134.975000,-130.850000,9.040000,0.089258,0.002289,0.013732,0.027464,0.000000,0.000000,0.000000,0.000000,0,0,0,0,0,0,0,0,0,0,0,0.045257568359375,-0.004302978515625,0,0,0,0,0,0,0,0,Object notstarted,Object notstarted,Object notstarted,Object notstarted,Object notstarted,Object notstarted,Object notstarted,Object notstarted,Object notstarted
2024-03-18 10:32:03,088.088,__main___datalogs,INFO,JoyConState.PREP_SNS,-134.975000,-130.850000,9.040000,0.089258,0.006866,0.011443,0.027464,0.000000,0.000000,0.000000,0.000000,0,0,0,0,0,0,0,0,0,0,0,0.045257568359375,-0.004302978515625,0,0,0,0,0,0,0,0,Object notstarted,Object notstarted,Object notstarted,Object notstarted,Object notstarted,Object notstarted,Object notstarted,Object notstarted,Object notstarted
2024-03-18 10:32:03,121.121,__main___datalogs,INFO,JoyConState.PREP_SNS,-134.975000,-130.850000,9.040000,0.091547,0.006866,0.011443,0.025176,0.000000,0.000000,0.000000,0.000000,0,0,0,0,0,0,0,0,0,0,0,0.045257568359375,-0.004302978515625,0,0,0,0,0,0,0,0,Object notstarted,Object notstarted,Object notstarted,Object notstarted,Object notstarted,Object notstarted,Object notstarted,Object notstarted,Object notstarted
2024-03-18 10:32:03,153.153,__main___datalogs,INFO,JoyConState.PREP_SNS,-134.975000,-130.850000,9.040000,0.096125,0.002289,0.011443,0.027464,0.000000,0.000000,0.000000,0.000000,0,0,0,0,0,0,0,0,0,0,0,0.045257568359375,-0.004302978515625,0,0,0,0,0,0,0,0,Object notstarted,Object notstarted,Object notstarted,Object notstarted,Object notstarted,Object notstarted,Object notstarted,Object notstarted,Object notstarted
2024-03-18 10:32:03,185.185,__main___datalogs,INFO,JoyConState.PREP_SNS,-134.975000,-130.850000,9.040000,0.096125,0.006866,0.013732,0.027464,0.000000,0.000000,0.000000,0.000000,0,0,0,0,0,0,0,0,0,0,0,0.045257568359375,-0.004302978515625,0,0,0,0,0,0,0,0,Object notstarted,Object notstarted,Object notstarted,Object notstarted,Object notstarted,Object notstarted,Object notstarted,Object notstarted,Object notstarted
2024-03-18 10:32:03,217.217,__main___datalogs,INFO,JoyConState.PREP_SNS,-134.975000,-130.850000,9.040000,0.096125,0.002289,0.013732,0.025176,0.000000,0.000000,0.000000,0.000000,0,0,0,0,0,0,0,0,0,0,0,0.045257568359375,-0.004302978515625,0,0,0,0,0,0,0,0,Object notstarted,Object notstarted,Object notstarted,Object notstarted,Object notstarted,Object notstarted,Object notstarted,Object notstarted,Object notstarted
2024-03-18 10:32:03,250.250,__main___datalogs,INFO,JoyConState.PREP_SNS,-134.975000,-130.850000,9.040000,0.096125,0.002289,0.013732,0.027464,0.000000,0.000000,0.000000,0.000000,0,0,0,0,0,0,0,0,0,0,0,0.045257568359375,-0.004302978515625,0,0,0,0,0,0,0,0,Object notstarted,Object notstarted,Object notstarted,Object notstarted,Object notstarted,Object notstarted,Object notstarted,Object notstarted,Object notstarted
2024-03-18 10:32:03,282.282,__main___datalogs,INFO,JoyConState.PREP_SNS,-134.975000,-130.850000,9.040000,0.091547,0.006866,0.011443,0.025176,0.000000,0.000000,0.000000,0.000000,0,0,0,0,0,0,0,0,0,0,0,0.045257568359375,-0.004302978515625,0,0,0,0,0,0,0,0,Object notstarted,Object notstarted,Object notstarted,Object notstarted,Object notstarted,Object notstarted,Object notstarted,Object notstarted,Object notstarted
2024-03-18 10:32:03,320.320,__main___datalogs,INFO,JoyConState.PREP_SNS,-134.975000,-130.850000,9.040000,0.091547,0.006866,0.011443,0.025176,0.000000,0.000000,0.000000,0.000000,0,0,0,0,0,0,0,0,0,0,0,0.045257568359375,-0.004302978515625,0,0,0,0,0,0,0,0,Object notstarted,Object notstarted,Object notstarted,Object notstarted,Object notstarted,Object notstarted,Object notstarted,Object notstarted,Object notstarted
2024-03-18 10:32:03,356.356,__main___datalogs,INFO,JoyConState.PREP_SNS,-134.975000,-130.850000,9.040000,0.091547,0.006866,0.011443,0.020598,0.000000,0.000000,0.000000,0.000000,0,0,0,0,0,0,0,0,0,0,0,0.045257568359375,-0.004302978515625,0,0,0,0,0,0,0,0,Object notstarted,Object notstarted,Object notstarted,Object notstarted,Object notstarted,Object notstarted,Object notstarted,Object notstarted,Object notstarted
2024-03-18 10:32:03,393.393,__main___datalogs,INFO,JoyConState.PREP_SNS,-134.975000,-130.850000,9.040000,0.091547,0.006866,0.011443,0.025176,0.000000,0.000000,0.000000,0.000000,0,0,0,0,0,0,0,0,0,0,0,0.045257568359375,-0.004302978515625,0,0,0,0,0,0,0,0,Object notstarted,Object notstarted,Object notstarted,Object notstarted,Object notstarted,Object notstarted,Object notstarted,Object notstarted,Object notstarted
2024-03-18 10:32:03,430.430,__main___datalogs,INFO,JoyConState.PREP_SNS,-134.975000,-130.850000,9.040000,0.089258,0.006866,0.011443,0.027464,0.000000,0.000000,0.000000,0.000000,0,0,0,0,0,0,0,0,0,0,0,0.045257568359375,-0.004302978515625,0,0,0,0,0,0,0,0,Object notstarted,Object notstarted,Object notstarted,Object notstarted,Object notstarted,Object notstarted,Object notstarted,Object notstarted,Object notstarted
2024-03-18 10:32:03,467.467,__main___datalogs,INFO,JoyConState.PREP_SNS,-134.975000,-130.850000,9.040000,0.089258,0.006866,0.011443,0.027464,0.000000,0.000000,0.000000,0.000000,0,0,0,0,0,0,0,0,0,0,0,0.045257568359375,-0.004302978515625,0,0,0,0,0,0,0,0,Object notstarted,Object notstarted,Object notstarted,Object notstarted,Object notstarted,Object notstarted,Object notstarted,Object notstarted,Object notstarted
2024-03-18 10:32:03,504.504,__main___datalogs,INFO,JoyConState.PREP_SNS,-134.975000,-130.850000,9.040000,0.089258,0.006866,0.013732,0.027464,0.000000,0.000000,0.000000,0.000000,0,0,0,0,0,0,0,0,0,0,0,0.045257568359375,-0.004302978515625,0,0,0,0,0,0,0,0,Object notstarted,Object notstarted,Object notstarted,Object notstarted,Object notstarted,Object notstarted,Object notstarted,Object notstarted,Object notstarted
2024-03-18 10:32:03,546.546,__main___datalogs,INFO,JoyConState.PREP_SNS,-134.975000,-130.850000,9.040000,0.091547,0.006866,0.013732,0.025176,0.000000,0.000000,0.000000,0.000000,0,0,0,0,0,0,0,0,0,0,0,0.045257568359375,-0.004302978515625,0,0,0,0,0,0,0,0,Object notstarted,Object notstarted,Object notstarted,Object notstarted,Object notstarted,Object notstarted,Object notstarted,Object notstarted,Object notstarted
2024-03-18 10:32:03,592.592,__main___datalogs,INFO,JoyConState.PREP_SNS,-134.975000,-130.850000,9.040000,0.091547,0.006866,0.013732,0.027464,0.000000,0.000000,0.000000,0.000000,0,0,0,0,0,0,0,0,0,0,0,0.045257568359375,-0.004302978515625,0,0,0,0,0,0,0,0,Object notstarted,Object notstarted,Object notstarted,Object notstarted,Object notstarted,Object notstarted,Object notstarted,Object notstarted,Object notstarted
2024-03-18 10:32:03,630.630,__main___datalogs,INFO,JoyConState.PREP_SNS,-134.975000,-130.850000,9.040000,0.089258,0.006866,0.013732,0.027464,0.000000,0.000000,0.000000,0.000000,0,0,0,0,0,0,0,0,0,0,0,0.045257568359375,-0.004302978515625,0,0,0,0,0,0,0,0,Object notstarted,Object notstarted,Object notstarted,Object notstarted,Object notstarted,Object notstarted,Object notstarted,Object notstarted,Object notstarted
2024-03-18 10:32:03,667.667,__main___datalogs,INFO,JoyConState.PREP_SNS,-134.975000,-130.850000,9.040000,0.091547,0.006866,0.011443,0.025176,0.000000,0.000000,0.000000,0.000000,0,0,0,0,0,0,0,0,0,0,0,0.045257568359375,-0.004302978515625,0,0,0,0,0,0,0,0,Object notstarted,Object notstarted,Object notstarted,Object notstarted,Object notstarted,Object notstarted,Object notstarted,Object notstarted,Object notstarted
2024-03-18 10:32:03,703.703,__main___datalogs,INFO,JoyConState.PREP_SNS,-134.975000,-130.850000,9.040000,0.091547,0.002289,0.011443,0.027464,0.000000,0.000000,0.000000,0.000000,0,0,0,0,0,0,0,0,0,0,0,0.045257568359375,-0.004302978515625,0,0,0,0,0,0,0,0,Object notstarted,Object notstarted,Object notstarted,Object notstarted,Object notstarted,Object notstarted,Object notstarted,Object notstarted,Object notstarted
2024-03-18 10:32:03,740.740,__main___datalogs,INFO,JoyConState.PREP_SNS,-134.975000,-130.850000,9.040000,0.091547,0.002289,0.011443,0.025176,0.000000,0.000000,0.000000,0.000000,0,0,0,0,0,0,0,0,0,0,0,0.045257568359375,-0.004302978515625,0,0,0,0,0,0,0,0,Object notstarted,Object notstarted,Object notstarted,Object notstarted,Object notstarted,Object notstarted,Object notstarted,Object notstarted,Object notstarted
2024-03-18 10:32:03,777.777,__main___datalogs,INFO,JoyConState.PREP_SNS,-134.975000,-130.850000,9.040000,0.091547,0.006866,0.018310,0.027464,0.000000,0.000000,0.000000,0.000000,0,0,0,0,0,0,0,0,0,0,0,0.045257568359375,-0.004302978515625,0,0,0,0,0,0,0,0,Object notstarted,Object notstarted,Object notstarted,Object notstarted,Object notstarted,Object notstarted,Object notstarted,Object notstarted,Object notstarted
2024-03-18 10:32:03,808.808,__main___datalogs,INFO,JoyConState.PREP_SNS,-134.975000,-130.850000,9.040000,0.091547,0.006866,0.013732,0.027464,0.000000,0.000000,0.000000,0.000000,0,0,0,0,0,0,0,0,0,0,0,0.045257568359375,-0.004302978515625,0,0,0,0,0,0,0,0,Object notstarted,Object notstarted,Object notstarted,Object notstarted,Object notstarted,Object notstarted,Object notstarted,Object notstarted,Object notstarted
2024-03-18 10:32:03,839.839,__main___datalogs,INFO,JoyConState.PREP_SNS,-134.975000,-130.850000,9.040000,0.091547,0.006866,0.013732,0.027464,0.000000,0.000000,0.000000,0.000000,0,0,0,0,0,0,0,0,0,0,0,0.045257568359375,-0.004302978515625,0,0,0,0,0,0,0,0,Object notstarted,Object notstarted,Object notstarted,Object notstarted,Object notstarted,Object notstarted,Object notstarted,Object notstarted,Object notstarted
2024-03-18 10:32:03,872.872,__main___datalogs,INFO,JoyConState.PREP_SNS,-134.975000,-130.850000,9.040000,0.091547,0.006866,0.013732,0.027464,0.000000,0.000000,0.000000,0.000000,0,0,0,0,0,0,0,0,0,0,0,0.045257568359375,-0.004302978515625,0,0,0,0,0,0,0,0,Object notstarted,Object notstarted,Object notstarted,Object notstarted,Object notstarted,Object notstarted,Object notstarted,Object notstarted,Object notstarted
2024-03-18 10:32:03,903.903,__main___datalogs,INFO,JoyConState.PREP_SNS,-134.975000,-130.850000,9.040000,0.091547,0.006866,0.013732,0.025176,0.000000,0.000000,0.000000,0.000000,0,0,0,0,0,0,0,0,0,0,0,0.045257568359375,-0.004302978515625,0,0,0,0,0,0,0,0,Object notstarted,Object notstarted,Object notstarted,Object notstarted,Object notstarted,Object notstarted,Object notstarted,Object notstarted,Object notstarted
2024-03-18 10:32:03,935.935,__main___datalogs,INFO,JoyConState.PREP_SNS,-134.975000,-130.850000,9.040000,0.091547,0.006866,0.013732,0.027464,0.000000,0.000000,0.000000,0.000000,0,0,0,0,0,0,0,0,0,0,0,0.045257568359375,-0.004302978515625,0,0,0,0,0,0,0,0,Object notstarted,Object notstarted,Object notstarted,Object notstarted,Object notstarted,Object notstarted,Object notstarted,Object notstarted,Object notstarted
2024-03-18 10:32:03,968.968,__main___datalogs,INFO,JoyConState.PREP_SNS,-134.975000,-130.850000,9.040000,0.096125,0.002289,0.013732,0.027464,0.000000,0.000000,0.000000,0.000000,0,0,0,0,0,0,0,0,0,0,0,0.045257568359375,-0.004302978515625,0,0,0,0,0,0,0,0,Object notstarted,Object notstarted,Object notstarted,Object notstarted,Object notstarted,Object notstarted,Object notstarted,Object notstarted,Object notstarted
2024-03-18 10:32:04,000.000,__main___datalogs,INFO,JoyConState.PREP_SNS,-134.975000,-130.850000,9.040000,0.096125,0.006866,0.013732,0.027464,0.000000,0.000000,0.000000,0.000000,0,0,0,0,0,0,0,0,0,0,0,0.045257568359375,-0.004302978515625,0,0,0,0,0,0,0,0,Object notstarted,Object notstarted,Object notstarted,Object notstarted,Object notstarted,Object notstarted,Object notstarted,Object notstarted,Object notstarted
2024-03-18 10:32:04,032.032,__main___datalogs,INFO,JoyConState.PREP_SNS,-134.975000,-130.850000,9.040000,0.089258,0.006866,0.013732,0.025176,0.000000,0.000000,0.000000,0.000000,0,0,0,0,0,0,0,0,0,0,0,0.045257568359375,-0.004302978515625,0,0,0,0,0,0,0,0,Object notstarted,Object notstarted,Object notstarted,Object notstarted,Object notstarted,Object notstarted,Object notstarted,Object notstarted,Object notstarted
2024-03-18 10:32:04,064.064,__main___datalogs,INFO,JoyConState.PREP_SNS,-134.975000,-130.850000,9.040000,0.091547,0.002289,0.013732,0.025176,0.000000,0.000000,0.000000,0.000000,0,0,0,0,0,0,0,0,0,0,0,0.045257568359375,-0.004302978515625,0,0,0,0,0,0,0,0,Object notstarted,Object notstarted,Object notstarted,Object notstarted,Object notstarted,Object notstarted,Object notstarted,Object notstarted,Object notstarted
2024-03-18 10:32:04,096.096,__main___datalogs,INFO,JoyConState.PREP_SNS,-134.975000,-130.850000,9.040000,0.091547,0.006866,0.013732,0.027464,0.000000,0.000000,0.000000,0.000000,0,0,0,0,0,0,0,0,0,0,0,0.045257568359375,-0.004302978515625,0,0,0,0,0,0,0,0,Object notstarted,Object notstarted,Object notstarted,Object notstarted,Object notstarted,Object notstarted,Object notstarted,Object notstarted,Object notstarted
2024-03-18 10:32:04,128.128,__main___datalogs,INFO,JoyConState.PREP_SNS,-134.975000,-130.850000,9.040000,0.091547,0.006866,0.013732,0.027464,0.000000,0.000000,0.000000,0.000000,0,0,0,0,0,0,0,0,0,0,0,0.045257568359375,-0.004302978515625,0,0,0,0,0,0,0,0,Object notstarted,Object notstarted,Object notstarted,Object notstarted,Object notstarted,Object notstarted,Object notstarted,Object notstarted,Object notstarted
2024-03-18 10:32:04,158.158,__main___datalogs,INFO,JoyConState.PREP_SNS,-134.975000,-130.850000,9.040000,0.091547,0.006866,0.011443,0.027464,0.000000,0.000000,0.000000,0.000000,0,0,0,0,0,0,0,0,0,0,0,0.045257568359375,-0.004302978515625,0,0,0,0,0,0,0,0,Object notstarted,Object notstarted,Object notstarted,Object notstarted,Object notstarted,Object notstarted,Object notstarted,Object notstarted,Object notstarted
2024-03-18 10:32:04,190.190,__main___datalogs,INFO,JoyConState.PREP_SNS,-134.975000,-130.850000,9.040000,0.096125,0.006866,0.011443,0.027464,0.000000,0.000000,0.000000,0.000000,0,0,0,0,0,0,0,0,0,0,0,0.045257568359375,-0.004302978515625,0,0,0,0,0,0,0,0,Object notstarted,Object notstarted,Object notstarted,Object notstarted,Object notstarted,Object notstarted,Object notstarted,Object notstarted,Object notstarted
2024-03-18 10:32:04,222.222,__main___datalogs,INFO,JoyConState.PREP_SNS,-134.975000,-130.850000,9.040000,0.096125,0.006866,0.011443,0.025176,0.000000,0.000000,0.000000,0.000000,0,0,0,0,0,0,0,0,0,0,0,0.045257568359375,-0.004302978515625,0,0,0,0,0,0,0,0,Object notstarted,Object notstarted,Object notstarted,Object notstarted,Object notstarted,Object notstarted,Object notstarted,Object notstarted,Object notstarted
2024-03-18 10:32:04,255.255,__main___datalogs,INFO,JoyConState.PREP_SNS,-134.975000,-130.850000,9.040000,0.089258,0.002289,0.013732,0.027464,0.000000,0.000000,0.000000,0.000000,0,0,0,0,0,0,0,0,0,0,0,0.045257568359375,-0.004302978515625,0,0,0,0,0,0,0,0,Object notstarted,Object notstarted,Object notstarted,Object notstarted,Object notstarted,Object notstarted,Object notstarted,Object notstarted,Object notstarted
2024-03-18 10:32:04,286.286,__main___datalogs,INFO,JoyConState.PREP_SNS,-134.975000,-130.850000,9.040000,0.089258,0.006866,0.013732,0.025176,0.000000,0.000000,0.000000,0.000000,0,0,0,0,0,0,0,0,0,0,0,0.045257568359375,-0.004302978515625,0,0,0,0,0,0,0,0,Object notstarted,Object notstarted,Object notstarted,Object notstarted,Object notstarted,Object notstarted,Object notstarted,Object notstarted,Object notstarted
2024-03-18 10:32:04,319.319,__main___datalogs,INFO,JoyConState.PREP_SNS,-134.975000,-130.850000,9.040000,0.089258,0.002289,0.013732,0.027464,0.000000,0.000000,0.000000,0.000000,0,0,0,0,0,0,0,0,0,0,0,0.045257568359375,-0.004302978515625,0,0,0,0,0,0,0,0,Object notstarted,Object notstarted,Object notstarted,Object notstarted,Object notstarted,Object notstarted,Object notstarted,Object notstarted,Object notstarted
2024-03-18 10:32:04,350.350,__main___datalogs,INFO,JoyConState.PREP_SNS,-134.975000,-130.850000,9.040000,0.089258,0.002289,0.013732,0.025176,0.000000,0.000000,0.000000,0.000000,0,0,0,0,0,0,0,0,0,0,0,0.045257568359375,-0.004302978515625,0,0,0,0,0,0,0,0,Object notstarted,Object notstarted,Object notstarted,Object notstarted,Object notstarted,Object notstarted,Object notstarted,Object notstarted,Object notstarted
2024-03-18 10:32:04,382.382,__main___datalogs,INFO,JoyConState.PREP_SNS,-134.975000,-130.850000,9.040000,0.091547,0.006866,0.013732,0.027464,0.000000,0.000000,0.000000,0.000000,0,0,0,0,0,0,0,0,0,0,0,0.045257568359375,-0.004302978515625,0,0,0,0,0,0,0,0,Object notstarted,Object notstarted,Object notstarted,Object notstarted,Object notstarted,Object notstarted,Object notstarted,Object notstarted,Object notstarted
2024-03-18 10:32:04,415.415,__main___datalogs,INFO,JoyConState.PREP_SNS,-134.975000,-130.850000,9.040000,0.089258,0.006866,0.013732,0.027464,0.000000,0.000000,0.000000,0.000000,0,0,0,0,0,0,0,0,0,0,0,0.045257568359375,-0.004302978515625,0,0,0,0,0,0,0,0,Object notstarted,Object notstarted,Object notstarted,Object notstarted,Object notstarted,Object notstarted,Object notstarted,Object notstarted,Object notstarted
2024-03-18 10:32:04,448.448,__main___datalogs,INFO,JoyConState.PREP_SNS,-134.975000,-130.850000,9.040000,0.089258,0.006866,0.013732,0.027464,0.000000,0.000000,0.000000,0.000000,0,0,0,0,0,0,0,0,0,0,0,0.045257568359375,-0.004302978515625,0,0,0,0,0,0,0,0,Object notstarted,Object notstarted,Object notstarted,Object notstarted,Object notstarted,Object notstarted,Object notstarted,Object notstarted,Object notstarted
2024-03-18 10:32:04,484.484,__main___datalogs,INFO,JoyConState.PREP_SNS,-134.975000,-130.850000,9.040000,0.091547,0.006866,0.013732,0.027464,0.000000,0.000000,0.000000,0.000000,0,0,0,0,0,0,0,0,0,0,0,0.045257568359375,-0.004302978515625,0,0,0,0,0,0,0,0,Object notstarted,Object notstarted,Object notstarted,Object notstarted,Object notstarted,Object notstarted,Object notstarted,Object notstarted,Object notstarted
2024-03-18 10:32:04,516.516,__main___datalogs,INFO,JoyConState.PREP_SNS,-134.975000,-130.850000,9.040000,0.091547,0.006866,0.013732,0.020598,0.000000,0.000000,0.000000,0.000000,0,0,0,0,0,0,0,0,0,0,0,0.045257568359375,-0.004302978515625,0,0,0,0,0,0,0,0,Object notstarted,Object notstarted,Object notstarted,Object notstarted,Object notstarted,Object notstarted,Object notstarted,Object notstarted,Object notstarted
2024-03-18 10:32:04,554.554,__main___datalogs,INFO,JoyConState.PREP_SNS,-134.975000,-130.850000,9.040000,0.089258,0.006866,0.013732,0.025176,0.000000,0.000000,0.000000,0.000000,0,0,0,0,0,0,0,0,0,0,0,0.045257568359375,-0.004302978515625,0,0,0,0,0,0,0,0,Object notstarted,Object notstarted,Object notstarted,Object notstarted,Object notstarted,Object notstarted,Object notstarted,Object notstarted,Object notstarted
2024-03-18 10:32:04,591.591,__main___datalogs,INFO,JoyConState.PREP_SNS,-134.975000,-130.850000,9.040000,0.091547,0.006866,0.013732,0.025176,0.000000,0.000000,0.000000,0.000000,0,0,0,0,0,0,0,0,0,0,0,0.045257568359375,-0.004302978515625,0,0,0,0,0,0,0,0,Object notstarted,Object notstarted,Object notstarted,Object notstarted,Object notstarted,Object notstarted,Object notstarted,Object notstarted,Object notstarted
2024-03-18 10:32:04,635.635,__main___datalogs,INFO,JoyConState.PREP_SNS,-134.975000,-130.850000,9.040000,0.089258,0.006866,0.013732,0.027464,0.000000,0.000000,0.000000,0.000000,0,0,0,0,0,0,0,0,0,0,0,0.045257568359375,-0.004302978515625,0,0,0,0,0,0,0,0,Object notstarted,Object notstarted,Object notstarted,Object notstarted,Object notstarted,Object notstarted,Object notstarted,Object notstarted,Object notstarted
2024-03-18 10:32:04,676.676,__main___datalogs,INFO,JoyConState.PREP_SNS,-134.975000,-130.850000,9.040000,0.089258,0.006866,0.013732,0.027464,0.000000,0.000000,0.000000,0.000000,0,0,0,0,0,0,0,0,0,0,0,0.045257568359375,-0.004302978515625,0,0,0,0,0,0,0,0,Object notstarted,Object notstarted,Object notstarted,Object notstarted,Object notstarted,Object notstarted,Object notstarted,Object notstarted,Object notstarted
2024-03-18 10:32:04,713.713,__main___datalogs,INFO,JoyConState.PREP_SNS,-134.975000,-130.850000,9.040000,0.091547,0.002289,0.013732,0.027464,0.000000,0.000000,0.000000,0.000000,0,0,0,0,0,0,0,0,0,0,0,0.045257568359375,-0.004302978515625,0,0,0,0,0,0,0,0,Object notstarted,Object notstarted,Object notstarted,Object notstarted,Object notstarted,Object notstarted,Object notstarted,Object notstarted,Object notstarted
2024-03-18 10:32:04,743.743,__main___datalogs,INFO,JoyConState.PREP_SNS,-134.975000,-130.850000,9.040000,0.089258,0.002289,0.013732,0.027464,0.000000,0.000000,0.000000,0.000000,0,0,0,0,0,0,0,0,0,0,0,0.045257568359375,-0.004302978515625,0,0,0,0,0,0,0,0,Object notstarted,Object notstarted,Object notstarted,Object notstarted,Object notstarted,Object notstarted,Object notstarted,Object notstarted,Object notstarted
2024-03-18 10:32:04,776.776,__main___datalogs,INFO,JoyConState.PREP_SNS,-134.975000,-130.850000,9.040000,0.091547,0.002289,0.013732,0.027464,0.000000,0.000000,0.000000,0.000000,0,0,0,0,0,0,0,0,0,0,0,0.045257568359375,-0.004302978515625,0,0,0,0,0,0,0,0,Object notstarted,Object notstarted,Object notstarted,Object notstarted,Object notstarted,Object notstarted,Object notstarted,Object notstarted,Object notstarted
2024-03-18 10:32:04,808.808,__main___datalogs,INFO,JoyConState.PREP_SNS,-134.975000,-130.850000,9.040000,0.091547,0.006866,0.013732,0.027464,0.000000,0.000000,0.000000,0.000000,0,0,0,0,0,0,0,0,0,0,0,0.045257568359375,-0.004302978515625,0,0,0,0,0,0,0,0,Object notstarted,Object notstarted,Object notstarted,Object notstarted,Object notstarted,Object notstarted,Object notstarted,Object notstarted,Object notstarted
2024-03-18 10:32:04,846.846,__main___datalogs,INFO,JoyConState.PREP_SNS,-134.975000,-130.850000,9.040000,0.089258,0.006866,0.013732,0.027464,0.000000,0.000000,0.000000,0.000000,0,0,0,0,0,0,0,0,0,0,0,0.045257568359375,-0.004302978515625,0,0,0,0,0,0,0,0,Object notstarted,Object notstarted,Object notstarted,Object notstarted,Object notstarted,Object notstarted,Object notstarted,Object notstarted,Object notstarted
2024-03-18 10:32:04,882.882,__main___datalogs,INFO,JoyConState.PREP_SNS,-134.975000,-130.850000,9.040000,0.089258,0.006866,0.013732,0.027464,0.000000,0.000000,0.000000,0.000000,0,0,0,0,0,0,0,0,0,0,0,0.045257568359375,-0.004302978515625,0,0,0,0,0,0,0,0,Object notstarted,Object notstarted,Object notstarted,Object notstarted,Object notstarted,Object notstarted,Object notstarted,Object notstarted,Object notstarted
2024-03-18 10:32:04,914.914,__main___datalogs,INFO,JoyConState.PREP_SNS,-134.975000,-130.850000,9.040000,0.089258,0.002289,0.013732,0.025176,0.000000,0.000000,0.000000,0.000000,0,0,0,0,0,0,0,0,0,0,0,0.045257568359375,-0.004302978515625,0,0,0,0,0,0,0,0,Object notstarted,Object notstarted,Object notstarted,Object notstarted,Object notstarted,Object notstarted,Object notstarted,Object notstarted,Object notstarted
2024-03-18 10:32:04,945.945,__main___datalogs,INFO,JoyConState.PREP_SNS,-134.975000,-130.850000,9.040000,0.091547,0.006866,0.011443,0.027464,0.000000,0.000000,0.000000,0.000000,0,0,0,0,0,0,0,0,0,0,0,0.045257568359375,-0.004302978515625,0,0,0,0,0,0,0,0,Object notstarted,Object notstarted,Object notstarted,Object notstarted,Object notstarted,Object notstarted,Object notstarted,Object notstarted,Object notstarted
2024-03-18 10:32:04,978.978,__main___datalogs,INFO,JoyConState.PREP_SNS,-134.975000,-130.850000,9.040000,0.091547,0.002289,0.013732,0.027464,0.000000,0.000000,0.000000,0.000000,0,0,0,0,0,0,0,0,0,0,0,0.045257568359375,-0.004302978515625,0,0,0,0,0,0,0,0,Object notstarted,Object notstarted,Object notstarted,Object notstarted,Object notstarted,Object notstarted,Object notstarted,Object notstarted,Object notstarted
2024-03-18 10:32:05,009.009,__main___datalogs,INFO,JoyConState.PREP_SNS,-134.975000,-130.850000,9.040000,0.091547,0.002289,0.013732,0.027464,0.000000,0.000000,0.000000,0.000000,0,0,0,0,0,0,0,0,0,0,0,0.045257568359375,-0.004302978515625,0,0,0,0,0,0,0,0,Object notstarted,Object notstarted,Object notstarted,Object notstarted,Object notstarted,Object notstarted,Object notstarted,Object notstarted,Object notstarted
2024-03-18 10:32:05,041.041,__main___datalogs,INFO,JoyConState.PREP_SNS,-134.975000,-130.850000,9.040000,0.091547,0.002289,0.013732,0.025176,0.000000,0.000000,0.000000,0.000000,0,0,0,0,0,0,0,0,0,0,0,0.045257568359375,-0.004302978515625,0,0,0,0,0,0,0,0,Object notstarted,Object notstarted,Object notstarted,Object notstarted,Object notstarted,Object notstarted,Object notstarted,Object notstarted,Object notstarted
2024-03-18 10:32:05,073.073,__main___datalogs,INFO,JoyConState.PREP_SNS,-134.975000,-130.850000,9.040000,0.096125,0.002289,0.013732,0.027464,0.000000,0.000000,0.000000,0.000000,0,0,0,0,0,0,0,0,0,0,0,0.045257568359375,-0.004302978515625,0,0,0,0,0,0,0,0,Object notstarted,Object notstarted,Object notstarted,Object notstarted,Object notstarted,Object notstarted,Object notstarted,Object notstarted,Object notstarted
2024-03-18 10:32:05,106.106,__main___datalogs,INFO,JoyConState.PREP_SNS,-134.975000,-130.850000,9.040000,0.096125,0.006866,0.013732,0.027464,0.000000,0.000000,0.000000,0.000000,0,0,0,0,0,0,0,0,0,0,0,0.045257568359375,-0.004302978515625,0,0,0,0,0,0,0,0,Object notstarted,Object notstarted,Object notstarted,Object notstarted,Object notstarted,Object notstarted,Object notstarted,Object notstarted,Object notstarted
2024-03-18 10:32:05,136.136,__main___datalogs,INFO,JoyConState.PREP_SNS,-134.975000,-130.850000,9.040000,0.091547,0.006866,0.013732,0.025176,0.000000,0.000000,0.000000,0.000000,0,0,0,0,0,0,0,0,0,0,0,0.045257568359375,-0.004302978515625,0,0,0,0,0,0,0,0,Object notstarted,Object notstarted,Object notstarted,Object notstarted,Object notstarted,Object notstarted,Object notstarted,Object notstarted,Object notstarted
2024-03-18 10:32:05,168.168,__main___datalogs,INFO,JoyConState.PREP_SNS,-134.975000,-130.850000,9.040000,0.091547,0.006866,0.013732,0.025176,0.000000,0.000000,0.000000,0.000000,0,0,0,0,0,0,0,0,0,0,0,0.045257568359375,-0.004302978515625,0,0,0,0,0,0,0,0,Object notstarted,Object notstarted,Object notstarted,Object notstarted,Object notstarted,Object notstarted,Object notstarted,Object notstarted,Object notstarted
2024-03-18 10:32:05,201.201,__main___datalogs,INFO,JoyConState.PREP_SNS,-134.975000,-130.850000,9.040000,0.091547,0.006866,0.011443,0.025176,0.000000,0.000000,0.000000,0.000000,0,0,0,0,0,0,0,0,0,0,0,0.045257568359375,-0.004302978515625,0,0,0,0,0,0,0,0,Object notstarted,Object notstarted,Object notstarted,Object notstarted,Object notstarted,Object notstarted,Object notstarted,Object notstarted,Object notstarted
2024-03-18 10:32:05,232.232,__main___datalogs,INFO,JoyConState.PREP_SNS,-134.975000,-130.850000,9.040000,0.089258,0.006866,0.011443,0.027464,0.000000,0.000000,0.000000,0.000000,0,0,0,0,0,0,0,0,0,0,0,0.045257568359375,-0.004302978515625,0,0,0,0,0,0,0,0,Object notstarted,Object notstarted,Object notstarted,Object notstarted,Object notstarted,Object notstarted,Object notstarted,Object notstarted,Object notstarted
2024-03-18 10:32:05,265.265,__main___datalogs,INFO,JoyConState.PREP_SNS,-134.975000,-130.850000,9.040000,0.091547,0.006866,0.011443,0.025176,0.000000,0.000000,0.000000,0.000000,0,0,0,0,0,0,0,0,0,0,0,0.045257568359375,-0.004302978515625,0,0,0,0,0,0,0,0,Object notstarted,Object notstarted,Object notstarted,Object notstarted,Object notstarted,Object notstarted,Object notstarted,Object notstarted,Object notstarted
2024-03-18 10:32:05,296.296,__main___datalogs,INFO,JoyConState.PREP_SNS,-134.975000,-130.850000,9.040000,0.089258,0.002289,0.013732,0.025176,0.000000,0.000000,0.000000,0.000000,0,0,0,0,0,0,0,0,0,0,0,0.045257568359375,-0.004302978515625,0,0,0,0,0,0,0,0,Object notstarted,Object notstarted,Object notstarted,Object notstarted,Object notstarted,Object notstarted,Object notstarted,Object notstarted,Object notstarted
2024-03-18 10:32:05,328.328,__main___datalogs,INFO,JoyConState.PREP_SNS,-134.975000,-130.850000,9.040000,0.091547,0.006866,0.013732,0.020598,0.000000,0.000000,0.000000,0.000000,0,0,0,0,0,0,0,0,0,0,0,0.045257568359375,-0.004302978515625,0,0,0,0,0,0,0,0,Object notstarted,Object notstarted,Object notstarted,Object notstarted,Object notstarted,Object notstarted,Object notstarted,Object notstarted,Object notstarted
2024-03-18 10:32:05,360.360,__main___datalogs,INFO,JoyConState.PREP_SNS,-134.975000,-130.850000,9.040000,0.091547,0.006866,0.013732,0.027464,0.000000,0.000000,0.000000,0.000000,0,0,0,0,0,0,0,0,0,0,0,0.045257568359375,-0.004302978515625,0,0,0,0,0,0,0,0,Object notstarted,Object notstarted,Object notstarted,Object notstarted,Object notstarted,Object notstarted,Object notstarted,Object notstarted,Object notstarted
2024-03-18 10:32:05,391.391,__main___datalogs,INFO,JoyConState.PREP_SNS,-134.975000,-130.850000,9.040000,0.091547,0.006866,0.013732,0.027464,0.000000,0.000000,0.000000,0.000000,0,0,0,0,0,0,0,0,0,0,0,0.045257568359375,-0.004302978515625,0,0,0,0,0,0,0,0,Object notstarted,Object notstarted,Object notstarted,Object notstarted,Object notstarted,Object notstarted,Object notstarted,Object notstarted,Object notstarted
2024-03-18 10:32:05,426.426,__main___datalogs,INFO,JoyConState.PREP_SNS,-134.975000,-130.850000,9.040000,0.096125,0.006866,0.013732,0.027464,0.000000,0.000000,0.000000,0.000000,0,0,0,0,0,0,0,0,0,0,0,0.045257568359375,-0.004302978515625,0,0,0,0,0,0,0,0,Object notstarted,Object notstarted,Object notstarted,Object notstarted,Object notstarted,Object notstarted,Object notstarted,Object notstarted,Object notstarted
2024-03-18 10:32:05,463.463,__main___datalogs,INFO,JoyConState.PREP_SNS,-134.975000,-130.850000,9.040000,0.091547,0.006866,0.013732,0.027464,0.000000,0.000000,0.000000,0.000000,0,0,0,0,0,0,0,0,0,0,0,0.045257568359375,-0.004302978515625,0,0,0,0,0,0,0,0,Object notstarted,Object notstarted,Object notstarted,Object notstarted,Object notstarted,Object notstarted,Object notstarted,Object notstarted,Object notstarted
2024-03-18 10:32:05,499.499,__main___datalogs,INFO,JoyConState.PREP_SNS,-134.975000,-130.850000,9.040000,0.091547,0.002289,0.013732,0.027464,0.000000,0.000000,0.000000,0.000000,0,0,0,0,0,0,0,0,0,0,0,0.045257568359375,-0.004302978515625,0,0,0,0,0,0,0,0,Object notstarted,Object notstarted,Object notstarted,Object notstarted,Object notstarted,Object notstarted,Object notstarted,Object notstarted,Object notstarted
2024-03-18 10:32:05,531.531,__main___datalogs,INFO,JoyConState.PREP_SNS,-134.975000,-130.850000,9.040000,0.089258,0.002289,0.013732,0.027464,0.000000,0.000000,0.000000,0.000000,0,0,0,0,0,0,0,0,0,0,0,0.045257568359375,-0.004302978515625,0,0,0,0,0,0,0,0,Object notstarted,Object notstarted,Object notstarted,Object notstarted,Object notstarted,Object notstarted,Object notstarted,Object notstarted,Object notstarted
2024-03-18 10:32:05,561.561,__main___datalogs,INFO,JoyConState.PREP_SNS,-134.975000,-130.850000,9.040000,0.096125,0.002289,0.013732,0.027464,0.000000,0.000000,0.000000,0.000000,0,0,0,0,0,0,0,0,0,0,0,0.045257568359375,-0.004302978515625,0,0,0,0,0,0,0,0,Object notstarted,Object notstarted,Object notstarted,Object notstarted,Object notstarted,Object notstarted,Object notstarted,Object notstarted,Object notstarted
2024-03-18 10:32:05,594.594,__main___datalogs,INFO,JoyConState.PREP_SNS,-134.975000,-130.850000,9.040000,0.091547,0.002289,0.013732,0.025176,0.000000,0.000000,0.000000,0.000000,0,0,0,0,0,0,0,0,0,0,0,0.045257568359375,-0.004302978515625,0,0,0,0,0,0,0,0,Object notstarted,Object notstarted,Object notstarted,Object notstarted,Object notstarted,Object notstarted,Object notstarted,Object notstarted,Object notstarted
2024-03-18 10:32:05,626.626,__main___datalogs,INFO,JoyConState.PREP_SNS,-134.975000,-130.850000,9.040000,0.096125,0.006866,0.013732,0.027464,0.000000,0.000000,0.000000,0.000000,0,0,0,0,0,0,0,0,0,0,0,0.045257568359375,-0.004302978515625,0,0,0,0,0,0,0,0,Object notstarted,Object notstarted,Object notstarted,Object notstarted,Object notstarted,Object notstarted,Object notstarted,Object notstarted,Object notstarted
2024-03-18 10:32:05,677.677,__main___datalogs,INFO,JoyConState.PREP_SNS,-134.975000,-130.850000,9.040000,0.091547,0.002289,0.013732,0.025176,0.000000,0.000000,0.000000,0.000000,0,0,0,0,0,0,0,0,0,0,0,0.045257568359375,-0.004302978515625,0,0,0,0,0,0,0,0,Object notstarted,Object notstarted,Object notstarted,Object notstarted,Object notstarted,Object notstarted,Object notstarted,Object notstarted,Object notstarted
2024-03-18 10:32:05,720.720,__main___datalogs,INFO,JoyConState.PREP_SNS,-134.975000,-130.850000,9.040000,0.089258,0.006866,0.011443,0.025176,0.000000,0.000000,0.000000,0.000000,0,0,0,0,0,0,0,0,0,0,0,0.045257568359375,-0.004302978515625,0,0,0,0,0,0,0,0,Object notstarted,Object notstarted,Object notstarted,Object notstarted,Object notstarted,Object notstarted,Object notstarted,Object notstarted,Object notstarted
2024-03-18 10:32:05,756.756,__main___datalogs,INFO,JoyConState.PREP_SNS,-134.975000,-130.850000,9.040000,0.089258,0.006866,0.013732,0.027464,0.000000,0.000000,0.000000,0.000000,0,0,0,0,0,0,0,0,0,0,0,0.045257568359375,-0.004302978515625,0,0,0,0,0,0,0,0,Object notstarted,Object notstarted,Object notstarted,Object notstarted,Object notstarted,Object notstarted,Object notstarted,Object notstarted,Object notstarted
2024-03-18 10:32:05,793.793,__main___datalogs,INFO,JoyConState.PREP_SNS,-134.975000,-130.850000,9.040000,0.091547,0.006866,0.011443,0.025176,0.000000,0.000000,0.000000,0.000000,0,0,0,0,0,0,0,0,0,0,0,0.045257568359375,-0.004302978515625,0,0,0,0,0,0,0,0,Object notstarted,Object notstarted,Object notstarted,Object notstarted,Object notstarted,Object notstarted,Object notstarted,Object notstarted,Object notstarted
2024-03-18 10:32:05,824.824,__main___datalogs,INFO,JoyConState.PREP_SNS,-134.975000,-130.850000,9.040000,0.091547,0.006866,0.013732,0.025176,0.000000,0.000000,0.000000,0.000000,0,0,0,0,0,0,0,0,0,0,0,0.045257568359375,-0.004302978515625,0,0,0,0,0,0,0,0,Object notstarted,Object notstarted,Object notstarted,Object notstarted,Object notstarted,Object notstarted,Object notstarted,Object notstarted,Object notstarted
2024-03-18 10:32:05,855.855,__main___datalogs,INFO,JoyConState.PREP_SNS,-134.975000,-130.850000,9.040000,0.091547,0.006866,0.013732,0.025176,0.000000,0.000000,0.000000,0.000000,0,0,0,0,0,0,0,0,0,0,0,0.045257568359375,-0.004302978515625,0,0,0,0,0,0,0,0,Object notstarted,Object notstarted,Object notstarted,Object notstarted,Object notstarted,Object notstarted,Object notstarted,Object notstarted,Object notstarted
2024-03-18 10:32:05,887.887,__main___datalogs,INFO,JoyConState.PREP_SNS,-134.975000,-130.850000,9.040000,0.089258,0.006866,0.013732,0.025176,0.000000,0.000000,0.000000,0.000000,0,0,0,0,0,0,0,0,0,0,0,0.045257568359375,-0.004302978515625,0,0,0,0,0,0,0,0,Object notstarted,Object notstarted,Object notstarted,Object notstarted,Object notstarted,Object notstarted,Object notstarted,Object notstarted,Object notstarted
2024-03-18 10:32:05,921.921,__main___datalogs,INFO,JoyConState.PREP_SNS,-134.975000,-130.850000,9.040000,0.091547,0.002289,0.013732,0.025176,0.000000,0.000000,0.000000,0.000000,0,0,0,0,0,0,0,0,0,0,0,0.045257568359375,-0.004302978515625,0,0,0,0,0,0,0,0,Object notstarted,Object notstarted,Object notstarted,Object notstarted,Object notstarted,Object notstarted,Object notstarted,Object notstarted,Object notstarted
2024-03-18 10:32:05,953.953,__main___datalogs,INFO,JoyConState.PREP_SNS,-134.975000,-130.850000,9.040000,0.089258,0.002289,0.013732,0.025176,0.000000,0.000000,0.000000,0.000000,0,0,0,0,0,0,0,0,0,0,0,0.045257568359375,-0.004302978515625,0,0,0,0,0,0,0,0,Object notstarted,Object notstarted,Object notstarted,Object notstarted,Object notstarted,Object notstarted,Object notstarted,Object notstarted,Object notstarted
2024-03-18 10:32:05,990.990,__main___datalogs,INFO,JoyConState.PREP_SNS,-134.975000,-130.850000,9.040000,0.091547,0.002289,0.013732,0.027464,0.000000,0.000000,0.000000,0.000000,0,0,0,0,0,0,0,0,0,0,0,0.045257568359375,-0.004302978515625,0,0,0,0,0,0,0,0,Object notstarted,Object notstarted,Object notstarted,Object notstarted,Object notstarted,Object notstarted,Object notstarted,Object notstarted,Object notstarted
2024-03-18 10:32:06,026.026,__main___datalogs,INFO,JoyConState.PREP_SNS,-134.975000,-130.850000,9.040000,0.096125,0.006866,0.013732,0.027464,0.000000,0.000000,0.000000,0.000000,0,0,0,0,0,0,0,0,0,0,0,0.045257568359375,-0.004302978515625,0,0,0,0,0,0,0,0,Object notstarted,Object notstarted,Object notstarted,Object notstarted,Object notstarted,Object notstarted,Object notstarted,Object notstarted,Object notstarted
2024-03-18 10:32:06,057.057,__main___datalogs,INFO,JoyConState.PREP_SNS,-134.975000,-130.850000,9.040000,0.096125,0.006866,0.013732,0.027464,0.000000,0.000000,0.000000,0.000000,0,0,0,0,0,0,0,0,0,0,0,0.045257568359375,-0.004302978515625,0,0,0,0,0,0,0,0,Object notstarted,Object notstarted,Object notstarted,Object notstarted,Object notstarted,Object notstarted,Object notstarted,Object notstarted,Object notstarted
2024-03-18 10:32:06,089.089,__main___datalogs,INFO,JoyConState.PREP_SNS,-134.975000,-130.850000,9.040000,0.091547,0.006866,0.013732,0.027464,0.000000,0.000000,0.000000,0.000000,0,0,0,0,0,0,0,0,0,0,0,0.045257568359375,-0.004302978515625,0,0,0,0,0,0,0,0,Object notstarted,Object notstarted,Object notstarted,Object notstarted,Object notstarted,Object notstarted,Object notstarted,Object notstarted,Object notstarted
2024-03-18 10:32:06,121.121,__main___datalogs,INFO,JoyConState.PREP_SNS,-134.975000,-130.850000,9.040000,0.091547,0.006866,0.013732,0.027464,0.000000,0.000000,0.000000,0.000000,0,0,0,0,0,0,0,0,0,0,0,0.045257568359375,-0.004302978515625,0,0,0,0,0,0,0,0,Object notstarted,Object notstarted,Object notstarted,Object notstarted,Object notstarted,Object notstarted,Object notstarted,Object notstarted,Object notstarted
2024-03-18 10:32:06,156.156,__main___datalogs,INFO,JoyConState.PREP_SNS,-134.975000,-130.850000,9.040000,0.091547,0.006866,0.013732,0.027464,0.000000,0.000000,0.000000,0.000000,0,0,0,0,0,0,0,0,0,0,0,0.045257568359375,-0.004302978515625,0,0,0,0,0,0,0,0,Object notstarted,Object notstarted,Object notstarted,Object notstarted,Object notstarted,Object notstarted,Object notstarted,Object notstarted,Object notstarted
2024-03-18 10:32:06,194.194,__main___datalogs,INFO,JoyConState.PREP_SNS,-134.975000,-130.850000,9.040000,0.096125,0.006866,0.013732,0.025176,0.000000,0.000000,0.000000,0.000000,0,0,0,0,0,0,0,0,0,0,0,0.045257568359375,-0.004302978515625,0,0,0,0,0,0,0,0,Object notstarted,Object notstarted,Object notstarted,Object notstarted,Object notstarted,Object notstarted,Object notstarted,Object notstarted,Object notstarted
2024-03-18 10:32:06,226.226,__main___datalogs,INFO,JoyConState.PREP_SNS,-134.975000,-130.850000,9.040000,0.091547,0.006866,0.011443,0.027464,0.000000,0.000000,0.000000,0.000000,0,0,0,0,0,0,0,0,0,0,0,0.045257568359375,-0.004302978515625,0,0,0,0,0,0,0,0,Object notstarted,Object notstarted,Object notstarted,Object notstarted,Object notstarted,Object notstarted,Object notstarted,Object notstarted,Object notstarted
2024-03-18 10:32:06,264.264,__main___datalogs,INFO,JoyConState.PREP_SNS,-134.975000,-130.850000,9.040000,0.096125,0.006866,0.013732,0.027464,0.000000,0.000000,0.000000,0.000000,0,0,0,0,0,0,0,0,0,0,0,0.045257568359375,-0.004302978515625,0,0,0,0,0,0,0,0,Object notstarted,Object notstarted,Object notstarted,Object notstarted,Object notstarted,Object notstarted,Object notstarted,Object notstarted,Object notstarted
2024-03-18 10:32:06,301.301,__main___datalogs,INFO,JoyConState.PREP_SNS,-134.975000,-130.850000,9.040000,0.089258,0.002289,0.013732,0.027464,0.000000,0.000000,0.000000,0.000000,0,0,0,0,0,0,0,0,0,0,0,0.045257568359375,-0.004302978515625,0,0,0,0,0,0,0,0,Object notstarted,Object notstarted,Object notstarted,Object notstarted,Object notstarted,Object notstarted,Object notstarted,Object notstarted,Object notstarted
2024-03-18 10:32:06,339.339,__main___datalogs,INFO,JoyConState.PREP_SNS,-134.975000,-130.850000,9.040000,0.089258,0.006866,0.013732,0.025176,0.000000,0.000000,0.000000,0.000000,0,0,0,0,0,0,0,0,0,0,0,0.045257568359375,-0.004302978515625,0,0,0,0,0,0,0,0,Object notstarted,Object notstarted,Object notstarted,Object notstarted,Object notstarted,Object notstarted,Object notstarted,Object notstarted,Object notstarted
2024-03-18 10:32:06,376.376,__main___datalogs,INFO,JoyConState.PREP_SNS,-134.975000,-130.850000,9.040000,0.091547,0.006866,0.013732,0.025176,0.000000,0.000000,0.000000,0.000000,0,0,0,0,0,0,0,0,0,0,0,0.045257568359375,-0.004302978515625,0,0,0,0,0,0,0,0,Object notstarted,Object notstarted,Object notstarted,Object notstarted,Object notstarted,Object notstarted,Object notstarted,Object notstarted,Object notstarted
2024-03-18 10:32:06,413.413,__main___datalogs,INFO,JoyConState.PREP_SNS,-134.975000,-130.850000,9.040000,0.091547,0.006866,0.013732,0.025176,0.000000,0.000000,0.000000,0.000000,0,0,0,0,0,0,0,0,0,0,0,0.045257568359375,-0.004302978515625,0,0,0,0,0,0,0,0,Object notstarted,Object notstarted,Object notstarted,Object notstarted,Object notstarted,Object notstarted,Object notstarted,Object notstarted,Object notstarted
2024-03-18 10:32:06,449.449,__main___datalogs,INFO,JoyConState.PREP_SNS,-134.975000,-130.850000,9.040000,0.089258,0.006866,0.013732,0.025176,0.000000,0.000000,0.000000,0.000000,0,0,0,0,0,0,0,0,0,0,0,0.045257568359375,-0.004302978515625,0,0,0,0,0,0,0,0,Object notstarted,Object notstarted,Object notstarted,Object notstarted,Object notstarted,Object notstarted,Object notstarted,Object notstarted,Object notstarted
2024-03-18 10:32:06,487.487,__main___datalogs,INFO,JoyConState.PREP_SNS,-134.975000,-130.850000,9.040000,0.091547,0.006866,0.013732,0.025176,0.000000,0.000000,0.000000,0.000000,0,0,0,0,0,0,0,0,0,0,0,0.045257568359375,-0.004302978515625,0,0,0,0,0,0,0,0,Object notstarted,Object notstarted,Object notstarted,Object notstarted,Object notstarted,Object notstarted,Object notstarted,Object notstarted,Object notstarted
2024-03-18 10:32:06,517.517,__main___datalogs,INFO,JoyConState.PREP_SNS,-134.975000,-130.850000,9.040000,0.091547,0.006866,0.011443,0.025176,0.000000,0.000000,0.000000,0.000000,0,0,0,0,0,0,0,0,0,0,0,0.045257568359375,-0.004302978515625,0,0,0,0,0,0,0,0,Object notstarted,Object notstarted,Object notstarted,Object notstarted,Object notstarted,Object notstarted,Object notstarted,Object notstarted,Object notstarted
2024-03-18 10:32:06,548.548,__main___datalogs,INFO,JoyConState.PREP_SNS,-134.975000,-130.850000,9.040000,0.091547,0.006866,0.013732,0.027464,0.000000,0.000000,0.000000,0.000000,0,0,0,0,0,0,0,0,0,0,0,0.045257568359375,-0.004302978515625,0,0,0,0,0,0,0,0,Object notstarted,Object notstarted,Object notstarted,Object notstarted,Object notstarted,Object notstarted,Object notstarted,Object notstarted,Object notstarted
2024-03-18 10:32:06,581.581,__main___datalogs,INFO,JoyConState.PREP_SNS,-134.975000,-130.850000,9.040000,0.096125,0.006866,0.013732,0.027464,0.000000,0.000000,0.000000,0.000000,0,0,0,0,0,0,0,0,0,0,0,0.045257568359375,-0.004302978515625,0,0,0,0,0,0,0,0,Object notstarted,Object notstarted,Object notstarted,Object notstarted,Object notstarted,Object notstarted,Object notstarted,Object notstarted,Object notstarted
2024-03-18 10:32:06,613.613,__main___datalogs,INFO,JoyConState.PREP_SNS,-134.975000,-130.850000,9.040000,0.091547,0.006866,0.013732,0.025176,0.000000,0.000000,0.000000,0.000000,0,0,0,0,0,0,0,0,0,0,0,0.045257568359375,-0.004302978515625,0,0,0,0,0,0,0,0,Object notstarted,Object notstarted,Object notstarted,Object notstarted,Object notstarted,Object notstarted,Object notstarted,Object notstarted,Object notstarted
2024-03-18 10:32:06,644.644,__main___datalogs,INFO,JoyConState.PREP_SNS,-134.975000,-130.850000,9.040000,0.096125,0.006866,0.013732,0.025176,0.000000,0.000000,0.000000,0.000000,0,0,0,0,0,0,0,0,0,0,0,0.045257568359375,-0.004302978515625,0,0,0,0,0,0,0,0,Object notstarted,Object notstarted,Object notstarted,Object notstarted,Object notstarted,Object notstarted,Object notstarted,Object notstarted,Object notstarted
2024-03-18 10:32:06,678.678,__main___datalogs,INFO,JoyConState.PREP_SNS,-134.975000,-130.850000,9.040000,0.091547,0.006866,0.013732,0.027464,0.000000,0.000000,0.000000,0.000000,0,0,0,0,0,0,0,0,0,0,0,0.045257568359375,-0.004302978515625,0,0,0,0,0,0,0,0,Object notstarted,Object notstarted,Object notstarted,Object notstarted,Object notstarted,Object notstarted,Object notstarted,Object notstarted,Object notstarted
2024-03-18 10:32:06,716.716,__main___datalogs,INFO,JoyConState.PREP_SNS,-134.975000,-130.850000,9.040000,0.089258,0.006866,0.011443,0.025176,0.000000,0.000000,0.000000,0.000000,0,0,0,0,0,0,0,0,0,0,0,0.045257568359375,-0.004302978515625,0,0,0,0,0,0,0,0,Object notstarted,Object notstarted,Object notstarted,Object notstarted,Object notstarted,Object notstarted,Object notstarted,Object notstarted,Object notstarted
2024-03-18 10:32:06,753.753,__main___datalogs,INFO,JoyConState.PREP_SNS,-134.975000,-130.850000,9.040000,0.089258,0.006866,0.013732,0.027464,0.000000,0.000000,0.000000,0.000000,0,0,0,0,0,0,0,0,0,0,0,0.045257568359375,-0.004302978515625,0,0,0,0,0,0,0,0,Object notstarted,Object notstarted,Object notstarted,Object notstarted,Object notstarted,Object notstarted,Object notstarted,Object notstarted,Object notstarted
2024-03-18 10:32:06,800.800,__main___datalogs,INFO,JoyConState.PREP_SNS,-134.975000,-130.850000,9.040000,0.091547,0.006866,0.013732,0.025176,0.000000,0.000000,0.000000,0.000000,0,0,0,0,0,0,0,0,0,0,0,0.045257568359375,-0.004302978515625,0,0,0,0,0,0,0,0,Object notstarted,Object notstarted,Object notstarted,Object notstarted,Object notstarted,Object notstarted,Object notstarted,Object notstarted,Object notstarted
2024-03-18 10:32:06,836.836,__main___datalogs,INFO,JoyConState.PREP_SNS,-134.975000,-130.850000,9.040000,0.091547,0.006866,0.011443,0.025176,0.000000,0.000000,0.000000,0.000000,0,0,0,0,0,0,0,0,0,0,0,0.045257568359375,-0.004302978515625,0,0,0,0,0,0,0,0,Object notstarted,Object notstarted,Object notstarted,Object notstarted,Object notstarted,Object notstarted,Object notstarted,Object notstarted,Object notstarted
2024-03-18 10:32:06,872.872,__main___datalogs,INFO,JoyConState.PREP_SNS,-134.975000,-130.850000,9.040000,0.091547,0.006866,0.013732,0.025176,0.000000,0.000000,0.000000,0.000000,0,0,0,0,0,0,0,0,0,0,0,0.045257568359375,-0.004302978515625,0,0,0,0,0,0,0,0,Object notstarted,Object notstarted,Object notstarted,Object notstarted,Object notstarted,Object notstarted,Object notstarted,Object notstarted,Object notstarted
2024-03-18 10:32:06,909.909,__main___datalogs,INFO,JoyConState.PREP_SNS,-134.975000,-130.850000,9.040000,0.091547,0.006866,0.013732,0.025176,0.000000,0.000000,0.000000,0.000000,0,0,0,0,0,0,0,0,0,0,0,0.045257568359375,-0.004302978515625,0,0,0,0,0,0,0,0,Object notstarted,Object notstarted,Object notstarted,Object notstarted,Object notstarted,Object notstarted,Object notstarted,Object notstarted,Object notstarted
2024-03-18 10:32:06,940.940,__main___datalogs,INFO,JoyConState.PREP_SNS,-134.975000,-130.850000,9.040000,0.089258,0.006866,0.013732,0.027464,0.000000,0.000000,0.000000,0.000000,0,0,0,0,0,0,0,0,0,0,0,0.045257568359375,-0.004302978515625,0,0,0,0,0,0,0,0,Object notstarted,Object notstarted,Object notstarted,Object notstarted,Object notstarted,Object notstarted,Object notstarted,Object notstarted,Object notstarted
2024-03-18 10:32:06,972.972,__main___datalogs,INFO,JoyConState.PREP_SNS,-134.975000,-130.850000,9.040000,0.089258,0.002289,0.013732,0.027464,0.000000,0.000000,0.000000,0.000000,0,0,0,0,0,0,0,0,0,0,0,0.045257568359375,-0.004302978515625,0,0,0,0,0,0,0,0,Object notstarted,Object notstarted,Object notstarted,Object notstarted,Object notstarted,Object notstarted,Object notstarted,Object notstarted,Object notstarted
2024-03-18 10:32:07,004.004,__main___datalogs,INFO,JoyConState.PREP_SNS,-134.975000,-130.850000,9.040000,0.089258,0.006866,0.013732,0.025176,0.000000,0.000000,0.000000,0.000000,0,0,0,0,0,0,0,0,0,0,0,0.045257568359375,-0.004302978515625,0,0,0,0,0,0,0,0,Object notstarted,Object notstarted,Object notstarted,Object notstarted,Object notstarted,Object notstarted,Object notstarted,Object notstarted,Object notstarted
2024-03-18 10:32:07,036.036,__main___datalogs,INFO,JoyConState.PREP_SNS,-134.975000,-130.850000,9.040000,0.091547,0.006866,0.011443,0.025176,0.000000,0.000000,0.000000,0.000000,0,0,0,0,0,0,0,0,0,0,0,0.045257568359375,-0.004302978515625,0,0,0,0,0,0,0,0,Object notstarted,Object notstarted,Object notstarted,Object notstarted,Object notstarted,Object notstarted,Object notstarted,Object notstarted,Object notstarted
2024-03-18 10:32:07,068.068,__main___datalogs,INFO,JoyConState.PREP_SNS,-134.975000,-130.850000,9.040000,0.089258,0.006866,0.011443,0.027464,0.000000,0.000000,0.000000,0.000000,0,0,0,0,0,0,0,0,0,0,0,0.045257568359375,-0.004302978515625,0,0,0,0,0,0,0,0,Object notstarted,Object notstarted,Object notstarted,Object notstarted,Object notstarted,Object notstarted,Object notstarted,Object notstarted,Object notstarted
2024-03-18 10:32:07,100.100,__main___datalogs,INFO,JoyConState.PREP_SNS,-134.975000,-130.850000,9.040000,0.091547,0.006866,0.011443,0.027464,0.000000,0.000000,0.000000,0.000000,0,0,0,0,0,0,0,0,0,0,0,0.045257568359375,-0.004302978515625,0,0,0,0,0,0,0,0,Object notstarted,Object notstarted,Object notstarted,Object notstarted,Object notstarted,Object notstarted,Object notstarted,Object notstarted,Object notstarted
2024-03-18 10:32:07,132.132,__main___datalogs,INFO,JoyConState.PREP_SNS,-134.975000,-130.850000,9.040000,0.089258,0.006866,0.013732,0.025176,0.000000,0.000000,0.000000,0.000000,0,0,0,0,0,0,0,0,0,0,0,0.045257568359375,-0.004302978515625,0,0,0,0,0,0,0,0,Object notstarted,Object notstarted,Object notstarted,Object notstarted,Object notstarted,Object notstarted,Object notstarted,Object notstarted,Object notstarted
2024-03-18 10:32:07,164.164,__main___datalogs,INFO,JoyConState.PREP_SNS,-134.975000,-130.850000,9.040000,0.089258,0.006866,0.013732,0.027464,0.000000,0.000000,0.000000,0.000000,0,0,0,0,0,0,0,0,0,0,0,0.045257568359375,-0.004302978515625,0,0,0,0,0,0,0,0,Object notstarted,Object notstarted,Object notstarted,Object notstarted,Object notstarted,Object notstarted,Object notstarted,Object notstarted,Object notstarted
2024-03-18 10:32:07,197.197,__main___datalogs,INFO,JoyConState.PREP_SNS,-134.975000,-130.850000,9.040000,0.091547,0.006866,0.013732,0.027464,0.000000,0.000000,0.000000,0.000000,0,0,0,0,0,0,0,0,0,0,0,0.045257568359375,-0.004302978515625,0,0,0,0,0,0,0,0,Object notstarted,Object notstarted,Object notstarted,Object notstarted,Object notstarted,Object notstarted,Object notstarted,Object notstarted,Object notstarted
2024-03-18 10:32:07,234.234,__main___datalogs,INFO,JoyConState.PREP_SNS,-134.975000,-130.850000,9.040000,0.091547,0.006866,0.013732,0.027464,0.000000,0.000000,0.000000,0.000000,0,0,0,0,0,0,0,0,0,0,0,0.045257568359375,-0.004302978515625,0,0,0,0,0,0,0,0,Object notstarted,Object notstarted,Object notstarted,Object notstarted,Object notstarted,Object notstarted,Object notstarted,Object notstarted,Object notstarted
2024-03-18 10:32:07,265.265,__main___datalogs,INFO,JoyConState.PREP_SNS,-134.975000,-130.850000,9.040000,0.089258,0.006866,0.013732,0.027464,0.000000,0.000000,0.000000,0.000000,0,0,0,0,0,0,0,0,0,0,0,0.045257568359375,-0.004302978515625,0,0,0,0,0,0,0,0,Object notstarted,Object notstarted,Object notstarted,Object notstarted,Object notstarted,Object notstarted,Object notstarted,Object notstarted,Object notstarted
2024-03-18 10:32:07,298.298,__main___datalogs,INFO,JoyConState.PREP_SNS,-134.975000,-130.850000,9.040000,0.091547,0.006866,0.013732,0.025176,0.000000,0.000000,0.000000,0.000000,0,0,0,0,0,0,0,0,0,0,0,0.045257568359375,-0.004302978515625,0,0,0,0,0,0,0,0,Object notstarted,Object notstarted,Object notstarted,Object notstarted,Object notstarted,Object notstarted,Object notstarted,Object notstarted,Object notstarted
2024-03-18 10:32:07,329.329,__main___datalogs,INFO,JoyConState.PREP_SNS,-134.975000,-130.850000,9.040000,0.091547,0.002289,0.013732,0.027464,0.000000,0.000000,0.000000,0.000000,0,0,0,0,0,0,0,0,0,0,0,0.045257568359375,-0.004302978515625,0,0,0,0,0,0,0,0,Object notstarted,Object notstarted,Object notstarted,Object notstarted,Object notstarted,Object notstarted,Object notstarted,Object notstarted,Object notstarted
2024-03-18 10:32:07,361.361,__main___datalogs,INFO,JoyConState.PREP_SNS,-134.975000,-130.850000,9.040000,0.096125,0.006866,0.011443,0.027464,0.000000,0.000000,0.000000,0.000000,0,0,0,0,0,0,0,0,0,0,0,0.045257568359375,-0.004302978515625,0,0,0,0,0,0,0,0,Object notstarted,Object notstarted,Object notstarted,Object notstarted,Object notstarted,Object notstarted,Object notstarted,Object notstarted,Object notstarted
2024-03-18 10:32:07,393.393,__main___datalogs,INFO,JoyConState.PREP_SNS,-134.975000,-130.850000,9.040000,0.096125,0.006866,0.013732,0.025176,0.000000,0.000000,0.000000,0.000000,0,0,0,0,0,0,0,0,0,0,0,0.045257568359375,-0.004302978515625,0,0,0,0,0,0,0,0,Object notstarted,Object notstarted,Object notstarted,Object notstarted,Object notstarted,Object notstarted,Object notstarted,Object notstarted,Object notstarted
2024-03-18 10:32:07,425.425,__main___datalogs,INFO,JoyConState.PREP_SNS,-134.975000,-130.850000,9.040000,0.091547,0.006866,0.013732,0.027464,0.000000,0.000000,0.000000,0.000000,0,0,0,0,0,0,0,0,0,0,0,0.045257568359375,-0.004302978515625,0,0,0,0,0,0,0,0,Object notstarted,Object notstarted,Object notstarted,Object notstarted,Object notstarted,Object notstarted,Object notstarted,Object notstarted,Object notstarted
2024-03-18 10:32:07,456.456,__main___datalogs,INFO,JoyConState.PREP_SNS,-134.975000,-130.850000,9.040000,0.091547,0.006866,0.013732,0.027464,0.000000,0.000000,0.000000,0.000000,0,0,0,0,0,0,0,0,0,0,0,0.045257568359375,-0.004302978515625,0,0,0,0,0,0,0,0,Object notstarted,Object notstarted,Object notstarted,Object notstarted,Object notstarted,Object notstarted,Object notstarted,Object notstarted,Object notstarted
2024-03-18 10:32:07,489.489,__main___datalogs,INFO,JoyConState.PREP_SNS,-134.975000,-130.850000,9.040000,0.089258,0.006866,0.013732,0.027464,0.000000,0.000000,0.000000,0.000000,0,0,0,0,0,0,0,0,0,0,0,0.045257568359375,-0.004302978515625,0,0,0,0,0,0,0,0,Object notstarted,Object notstarted,Object notstarted,Object notstarted,Object notstarted,Object notstarted,Object notstarted,Object notstarted,Object notstarted
2024-03-18 10:32:07,521.521,__main___datalogs,INFO,JoyConState.PREP_SNS,-134.975000,-130.850000,9.040000,0.089258,0.006866,0.013732,0.025176,0.000000,0.000000,0.000000,0.000000,0,0,0,0,0,0,0,0,0,0,0,0.045257568359375,-0.004302978515625,0,0,0,0,0,0,0,0,Object notstarted,Object notstarted,Object notstarted,Object notstarted,Object notstarted,Object notstarted,Object notstarted,Object notstarted,Object notstarted
2024-03-18 10:32:07,554.554,__main___datalogs,INFO,JoyConState.PREP_SNS,-134.975000,-130.850000,9.040000,0.091547,0.006866,0.013732,0.027464,0.000000,0.000000,0.000000,0.000000,0,0,0,0,0,0,0,0,0,0,0,0.045257568359375,-0.004302978515625,0,0,0,0,0,0,0,0,Object notstarted,Object notstarted,Object notstarted,Object notstarted,Object notstarted,Object notstarted,Object notstarted,Object notstarted,Object notstarted
2024-03-18 10:32:07,584.584,__main___datalogs,INFO,JoyConState.PREP_SNS,-134.975000,-130.850000,9.040000,0.091547,0.006866,0.018310,0.027464,0.000000,0.000000,0.000000,0.000000,0,0,0,0,0,0,0,0,0,0,0,0.045257568359375,-0.004302978515625,0,0,0,0,0,0,0,0,Object notstarted,Object notstarted,Object notstarted,Object notstarted,Object notstarted,Object notstarted,Object notstarted,Object notstarted,Object notstarted
2024-03-18 10:32:07,616.616,__main___datalogs,INFO,JoyConState.PREP_SNS,-134.975000,-130.850000,9.040000,0.089258,0.006866,0.013732,0.025176,0.000000,0.000000,0.000000,0.000000,0,0,0,0,0,0,0,0,0,0,0,0.045257568359375,-0.004302978515625,0,0,0,0,0,0,0,0,Object notstarted,Object notstarted,Object notstarted,Object notstarted,Object notstarted,Object notstarted,Object notstarted,Object notstarted,Object notstarted
2024-03-18 10:32:07,649.649,__main___datalogs,INFO,JoyConState.PREP_SNS,-134.975000,-130.850000,9.040000,0.089258,0.006866,0.013732,0.025176,0.000000,0.000000,0.000000,0.000000,0,0,0,0,0,0,0,0,0,0,0,0.045257568359375,-0.004302978515625,0,0,0,0,0,0,0,0,Object notstarted,Object notstarted,Object notstarted,Object notstarted,Object notstarted,Object notstarted,Object notstarted,Object notstarted,Object notstarted
2024-03-18 10:32:07,680.680,__main___datalogs,INFO,JoyConState.PREP_SNS,-134.975000,-130.850000,9.040000,0.089258,0.006866,0.011443,0.025176,0.000000,0.000000,0.000000,0.000000,0,0,0,0,0,0,0,0,0,0,0,0.045257568359375,-0.004302978515625,0,0,0,0,0,0,0,0,Object notstarted,Object notstarted,Object notstarted,Object notstarted,Object notstarted,Object notstarted,Object notstarted,Object notstarted,Object notstarted
2024-03-18 10:32:07,713.713,__main___datalogs,INFO,JoyConState.PREP_SNS,-134.975000,-130.850000,9.040000,0.091547,0.006866,0.013732,0.025176,0.000000,0.000000,0.000000,0.000000,0,0,0,0,0,0,0,0,0,0,0,0.045257568359375,-0.004302978515625,0,0,0,0,0,0,0,0,Object notstarted,Object notstarted,Object notstarted,Object notstarted,Object notstarted,Object notstarted,Object notstarted,Object notstarted,Object notstarted
2024-03-18 10:32:07,744.744,__main___datalogs,INFO,JoyConState.PREP_SNS,-134.975000,-130.850000,9.040000,0.091547,0.006866,0.013732,0.027464,0.000000,0.000000,0.000000,0.000000,0,0,0,0,0,0,0,0,0,0,0,0.045257568359375,-0.004302978515625,0,0,0,0,0,0,0,0,Object notstarted,Object notstarted,Object notstarted,Object notstarted,Object notstarted,Object notstarted,Object notstarted,Object notstarted,Object notstarted
2024-03-18 10:32:07,776.776,__main___datalogs,INFO,JoyConState.PREP_SNS,-134.975000,-130.850000,9.040000,0.089258,0.006866,0.013732,0.027464,0.000000,0.000000,0.000000,0.000000,0,0,0,0,0,0,0,0,0,0,0,0.045257568359375,-0.004302978515625,0,0,0,0,0,0,0,0,Object notstarted,Object notstarted,Object notstarted,Object notstarted,Object notstarted,Object notstarted,Object notstarted,Object notstarted,Object notstarted
2024-03-18 10:32:07,826.826,__main___datalogs,INFO,JoyConState.PREP_SNS,-134.975000,-130.850000,9.040000,0.089258,0.006866,0.013732,0.025176,0.000000,0.000000,0.000000,0.000000,0,0,0,0,0,0,0,0,0,0,0,0.045257568359375,-0.004302978515625,0,0,0,0,0,0,0,0,Object notstarted,Object notstarted,Object notstarted,Object notstarted,Object notstarted,Object notstarted,Object notstarted,Object notstarted,Object notstarted
2024-03-18 10:32:07,870.870,__main___datalogs,INFO,JoyConState.PREP_SNS,-134.975000,-130.850000,9.040000,0.091547,0.006866,0.011443,0.025176,0.000000,0.000000,0.000000,0.000000,0,0,0,0,0,0,0,0,0,0,0,0.045257568359375,-0.004302978515625,0,0,0,0,0,0,0,0,Object notstarted,Object notstarted,Object notstarted,Object notstarted,Object notstarted,Object notstarted,Object notstarted,Object notstarted,Object notstarted
2024-03-18 10:32:07,906.906,__main___datalogs,INFO,JoyConState.PREP_SNS,-134.975000,-130.850000,9.040000,0.091547,0.006866,0.013732,0.025176,0.000000,0.000000,0.000000,0.000000,0,0,0,0,0,0,0,0,0,0,0,0.045257568359375,-0.004302978515625,0,0,0,0,0,0,0,0,Object notstarted,Object notstarted,Object notstarted,Object notstarted,Object notstarted,Object notstarted,Object notstarted,Object notstarted,Object notstarted
2024-03-18 10:32:07,937.937,__main___datalogs,INFO,JoyConState.PREP_SNS,-134.975000,-130.850000,9.040000,0.089258,0.006866,0.013732,0.020598,0.000000,0.000000,0.000000,0.000000,0,0,0,0,0,0,0,0,0,0,0,0.045257568359375,-0.004302978515625,0,0,0,0,0,0,0,0,Object notstarted,Object notstarted,Object notstarted,Object notstarted,Object notstarted,Object notstarted,Object notstarted,Object notstarted,Object notstarted
2024-03-18 10:32:07,968.968,__main___datalogs,INFO,JoyConState.PREP_SNS,-134.975000,-130.850000,9.040000,0.089258,0.006866,0.013732,0.020598,0.000000,0.000000,0.000000,0.000000,0,0,0,0,0,0,0,0,0,0,0,0.045257568359375,-0.004302978515625,0,0,0,0,0,0,0,0,Object notstarted,Object notstarted,Object notstarted,Object notstarted,Object notstarted,Object notstarted,Object notstarted,Object notstarted,Object notstarted
2024-03-18 10:32:08,001.001,__main___datalogs,INFO,JoyConState.PREP_SNS,-134.975000,-130.850000,9.040000,0.089258,0.006866,0.004577,0.020598,0.000000,0.000000,0.000000,0.000000,0,0,0,0,0,0,0,0,0,0,0,0.045257568359375,-0.004302978515625,0,0,0,0,0,0,0,0,Object notstarted,Object notstarted,Object notstarted,Object notstarted,Object notstarted,Object notstarted,Object notstarted,Object notstarted,Object notstarted
2024-03-18 10:32:08,033.033,__main___datalogs,INFO,JoyConState.PREP_SNS,-134.975000,-130.850000,9.040000,0.091547,0.006866,0.011443,0.027464,0.000000,0.000000,0.000000,0.000000,0,0,0,0,0,0,0,0,0,0,0,0.045257568359375,-0.004302978515625,0,0,0,0,0,0,0,0,Object notstarted,Object notstarted,Object notstarted,Object notstarted,Object notstarted,Object notstarted,Object notstarted,Object notstarted,Object notstarted
2024-03-18 10:32:08,065.065,__main___datalogs,INFO,JoyConState.PREP_SNS,-134.975000,-130.850000,9.040000,0.091547,0.006866,0.011443,0.025176,0.000000,0.000000,0.000000,0.000000,0,0,0,0,0,0,0,0,0,0,0,0.045257568359375,-0.004302978515625,0,0,0,0,0,0,0,0,Object notstarted,Object notstarted,Object notstarted,Object notstarted,Object notstarted,Object notstarted,Object notstarted,Object notstarted,Object notstarted
2024-03-18 10:32:08,097.097,__main___datalogs,INFO,JoyConState.PREP_SNS,-134.975000,-130.850000,9.040000,0.091547,0.006866,0.013732,0.027464,0.000000,0.000000,0.000000,0.000000,0,0,0,0,0,0,0,0,0,0,0,0.045257568359375,-0.004302978515625,0,0,0,0,0,0,0,0,Object notstarted,Object notstarted,Object notstarted,Object notstarted,Object notstarted,Object notstarted,Object notstarted,Object notstarted,Object notstarted
2024-03-18 10:32:08,129.129,__main___datalogs,INFO,JoyConState.PREP_SNS,-134.975000,-130.850000,9.040000,0.089258,0.006866,0.013732,0.025176,0.000000,0.000000,0.000000,0.000000,0,0,0,0,0,0,0,0,0,0,0,0.045257568359375,-0.004302978515625,0,0,0,0,0,0,0,0,Object notstarted,Object notstarted,Object notstarted,Object notstarted,Object notstarted,Object notstarted,Object notstarted,Object notstarted,Object notstarted
2024-03-18 10:32:08,160.160,__main___datalogs,INFO,JoyConState.PREP_SNS,-134.975000,-130.850000,9.040000,0.089258,0.006866,0.013732,0.027464,0.000000,0.000000,0.000000,0.000000,0,0,0,0,0,0,0,0,0,0,0,0.045257568359375,-0.004302978515625,0,0,0,0,0,0,0,0,Object notstarted,Object notstarted,Object notstarted,Object notstarted,Object notstarted,Object notstarted,Object notstarted,Object notstarted,Object notstarted
2024-03-18 10:32:08,192.192,__main___datalogs,INFO,JoyConState.PREP_SNS,-134.975000,-130.850000,9.040000,0.089258,0.006866,0.013732,0.027464,0.000000,0.000000,0.000000,0.000000,0,0,0,0,0,0,0,0,0,0,0,0.045257568359375,-0.004302978515625,0,0,0,0,0,0,0,0,Object notstarted,Object notstarted,Object notstarted,Object notstarted,Object notstarted,Object notstarted,Object notstarted,Object notstarted,Object notstarted
2024-03-18 10:32:08,224.224,__main___datalogs,INFO,JoyConState.PREP_SNS,-134.975000,-130.850000,9.040000,0.089258,0.006866,0.013732,0.027464,0.000000,0.000000,0.000000,0.000000,0,0,0,0,0,0,0,0,0,0,0,0.045257568359375,-0.004302978515625,0,0,0,0,0,0,0,0,Object notstarted,Object notstarted,Object notstarted,Object notstarted,Object notstarted,Object notstarted,Object notstarted,Object notstarted,Object notstarted
2024-03-18 10:32:08,257.257,__main___datalogs,INFO,JoyConState.PREP_SNS,-134.975000,-130.850000,9.040000,0.084681,0.002289,0.013732,0.027464,0.000000,0.000000,0.000000,0.000000,0,0,0,0,0,0,0,0,0,0,0,0.045257568359375,-0.004302978515625,0,0,0,0,0,0,0,0,Object notstarted,Object notstarted,Object notstarted,Object notstarted,Object notstarted,Object notstarted,Object notstarted,Object notstarted,Object notstarted
2024-03-18 10:32:08,289.289,__main___datalogs,INFO,JoyConState.PREP_SNS,-134.975000,-130.850000,9.040000,0.089258,0.006866,0.013732,0.027464,0.000000,0.000000,0.000000,0.000000,0,0,0,0,0,0,0,0,0,0,0,0.045257568359375,-0.004302978515625,0,0,0,0,0,0,0,0,Object notstarted,Object notstarted,Object notstarted,Object notstarted,Object notstarted,Object notstarted,Object notstarted,Object notstarted,Object notstarted
2024-03-18 10:32:08,322.322,__main___datalogs,INFO,JoyConState.PREP_SNS,-134.975000,-130.850000,9.040000,0.089258,0.002289,0.013732,0.027464,0.000000,0.000000,0.000000,0.000000,0,0,0,0,0,0,0,0,0,0,0,0.045257568359375,-0.004302978515625,0,0,0,0,0,0,0,0,Object notstarted,Object notstarted,Object notstarted,Object notstarted,Object notstarted,Object notstarted,Object notstarted,Object notstarted,Object notstarted
2024-03-18 10:32:08,359.359,__main___datalogs,INFO,JoyConState.PREP_SNS,-134.975000,-130.850000,9.040000,0.091547,0.002289,0.013732,0.027464,0.000000,0.000000,0.000000,0.000000,0,0,0,0,0,0,0,0,0,0,0,0.045257568359375,-0.004302978515625,0,0,0,0,0,0,0,0,Object notstarted,Object notstarted,Object notstarted,Object notstarted,Object notstarted,Object notstarted,Object notstarted,Object notstarted,Object notstarted
2024-03-18 10:32:08,389.389,__main___datalogs,INFO,JoyConState.PREP_SNS,-134.975000,-130.850000,9.040000,0.091547,0.002289,0.013732,0.027464,0.000000,0.000000,0.000000,0.000000,0,0,0,0,0,0,0,0,0,0,0,0.045257568359375,-0.004302978515625,0,0,0,0,0,0,0,0,Object notstarted,Object notstarted,Object notstarted,Object notstarted,Object notstarted,Object notstarted,Object notstarted,Object notstarted,Object notstarted
2024-03-18 10:32:08,422.422,__main___datalogs,INFO,JoyConState.PREP_SNS,-134.975000,-130.850000,9.040000,0.091547,0.006866,0.013732,0.027464,0.000000,0.000000,0.000000,0.000000,0,0,0,0,0,0,0,0,0,0,0,0.045257568359375,-0.004302978515625,0,0,0,0,0,0,0,0,Object notstarted,Object notstarted,Object notstarted,Object notstarted,Object notstarted,Object notstarted,Object notstarted,Object notstarted,Object notstarted
2024-03-18 10:32:08,453.453,__main___datalogs,INFO,JoyConState.PREP_SNS,-134.975000,-130.850000,9.040000,0.096125,0.006866,0.011443,0.025176,0.000000,0.000000,0.000000,0.000000,0,0,0,0,0,0,0,0,0,0,0,0.045257568359375,-0.004302978515625,0,0,0,0,0,0,0,0,Object notstarted,Object notstarted,Object notstarted,Object notstarted,Object notstarted,Object notstarted,Object notstarted,Object notstarted,Object notstarted
2024-03-18 10:32:08,485.485,__main___datalogs,INFO,JoyConState.PREP_SNS,-134.975000,-130.850000,9.040000,0.091547,0.006866,0.011443,0.025176,0.000000,0.000000,0.000000,0.000000,0,0,0,0,0,0,0,0,0,0,0,0.045257568359375,-0.004302978515625,0,0,0,0,0,0,0,0,Object notstarted,Object notstarted,Object notstarted,Object notstarted,Object notstarted,Object notstarted,Object notstarted,Object notstarted,Object notstarted
2024-03-18 10:32:08,517.517,__main___datalogs,INFO,JoyConState.PREP_SNS,-134.975000,-130.850000,9.040000,0.096125,0.006866,0.013732,0.027464,0.000000,0.000000,0.000000,0.000000,0,0,0,0,0,0,0,0,0,0,0,0.045257568359375,-0.004302978515625,0,0,0,0,0,0,0,0,Object notstarted,Object notstarted,Object notstarted,Object notstarted,Object notstarted,Object notstarted,Object notstarted,Object notstarted,Object notstarted
2024-03-18 10:32:08,549.549,__main___datalogs,INFO,JoyConState.PREP_SNS,-134.975000,-130.850000,9.040000,0.091547,0.006866,0.011443,0.027464,0.000000,0.000000,0.000000,0.000000,0,0,0,0,0,0,0,0,0,0,0,0.045257568359375,-0.004302978515625,0,0,0,0,0,0,0,0,Object notstarted,Object notstarted,Object notstarted,Object notstarted,Object notstarted,Object notstarted,Object notstarted,Object notstarted,Object notstarted
2024-03-18 10:32:08,581.581,__main___datalogs,INFO,JoyConState.PREP_SNS,-134.975000,-130.850000,9.040000,0.096125,0.006866,0.013732,0.025176,0.000000,0.000000,0.000000,0.000000,0,0,0,0,0,0,0,0,0,0,0,0.045257568359375,-0.004302978515625,0,0,0,0,0,0,0,0,Object notstarted,Object notstarted,Object notstarted,Object notstarted,Object notstarted,Object notstarted,Object notstarted,Object notstarted,Object notstarted
2024-03-18 10:32:08,613.613,__main___datalogs,INFO,JoyConState.PREP_SNS,-134.975000,-130.850000,9.040000,0.096125,0.006866,0.013732,0.025176,0.000000,0.000000,0.000000,0.000000,0,0,0,0,0,0,0,0,0,0,0,0.045257568359375,-0.004302978515625,0,0,0,0,0,0,0,0,Object notstarted,Object notstarted,Object notstarted,Object notstarted,Object notstarted,Object notstarted,Object notstarted,Object notstarted,Object notstarted
2024-03-18 10:32:08,646.646,__main___datalogs,INFO,JoyConState.PREP_SNS,-134.975000,-130.850000,9.040000,0.091547,0.006866,0.013732,0.025176,0.000000,0.000000,0.000000,0.000000,0,0,0,0,0,0,0,0,0,0,0,0.045257568359375,-0.004302978515625,0,0,0,0,0,0,0,0,Object notstarted,Object notstarted,Object notstarted,Object notstarted,Object notstarted,Object notstarted,Object notstarted,Object notstarted,Object notstarted
2024-03-18 10:32:08,678.678,__main___datalogs,INFO,JoyConState.PREP_SNS,-134.975000,-130.850000,9.040000,0.091547,0.006866,0.011443,0.027464,0.000000,0.000000,0.000000,0.000000,0,0,0,0,0,0,0,0,0,0,0,0.045257568359375,-0.004302978515625,0,0,0,0,0,0,0,0,Object notstarted,Object notstarted,Object notstarted,Object notstarted,Object notstarted,Object notstarted,Object notstarted,Object notstarted,Object notstarted
2024-03-18 10:32:08,715.715,__main___datalogs,INFO,JoyConState.PREP_SNS,-134.975000,-130.850000,9.040000,0.091547,0.006866,0.013732,0.025176,0.000000,0.000000,0.000000,0.000000,0,0,0,0,0,0,0,0,0,0,0,0.045257568359375,-0.004302978515625,0,0,0,0,0,0,0,0,Object notstarted,Object notstarted,Object notstarted,Object notstarted,Object notstarted,Object notstarted,Object notstarted,Object notstarted,Object notstarted
2024-03-18 10:32:08,752.752,__main___datalogs,INFO,JoyConState.PREP_SNS,-134.975000,-130.850000,9.040000,0.089258,0.006866,0.013732,0.027464,0.000000,0.000000,0.000000,0.000000,0,0,0,0,0,0,0,0,0,0,0,0.045257568359375,-0.004302978515625,0,0,0,0,0,0,0,0,Object notstarted,Object notstarted,Object notstarted,Object notstarted,Object notstarted,Object notstarted,Object notstarted,Object notstarted,Object notstarted
2024-03-18 10:32:08,783.783,__main___datalogs,INFO,JoyConState.PREP_SNS,-134.975000,-130.850000,9.040000,0.089258,0.006866,0.013732,0.025176,0.000000,0.000000,0.000000,0.000000,0,0,0,0,0,0,0,0,0,0,0,0.045257568359375,-0.004302978515625,0,0,0,0,0,0,0,0,Object notstarted,Object notstarted,Object notstarted,Object notstarted,Object notstarted,Object notstarted,Object notstarted,Object notstarted,Object notstarted
2024-03-18 10:32:08,815.815,__main___datalogs,INFO,JoyConState.PREP_SNS,-134.975000,-130.850000,9.040000,0.089258,0.006866,0.013732,0.027464,0.000000,0.000000,0.000000,0.000000,0,0,0,0,0,0,0,0,0,0,0,0.045257568359375,-0.004302978515625,0,0,0,0,0,0,0,0,Object notstarted,Object notstarted,Object notstarted,Object notstarted,Object notstarted,Object notstarted,Object notstarted,Object notstarted,Object notstarted
2024-03-18 10:32:08,848.848,__main___datalogs,INFO,JoyConState.PREP_SNS,-134.975000,-130.850000,9.040000,0.091547,0.006866,0.013732,0.025176,0.000000,0.000000,0.000000,0.000000,0,0,0,0,0,0,0,0,0,0,0,0.045257568359375,-0.004302978515625,0,0,0,0,0,0,0,0,Object notstarted,Object notstarted,Object notstarted,Object notstarted,Object notstarted,Object notstarted,Object notstarted,Object notstarted,Object notstarted
2024-03-18 10:32:08,895.895,__main___datalogs,INFO,JoyConState.PREP_SNS,-134.975000,-130.850000,9.040000,0.091547,0.006866,0.011443,0.027464,0.000000,0.000000,0.000000,0.000000,0,0,0,0,0,0,0,0,0,0,0,0.045257568359375,-0.004302978515625,0,0,0,0,0,0,0,0,Object notstarted,Object notstarted,Object notstarted,Object notstarted,Object notstarted,Object notstarted,Object notstarted,Object notstarted,Object notstarted
2024-03-18 10:32:08,937.937,__main___datalogs,INFO,JoyConState.PREP_SNS,-134.975000,-130.850000,9.040000,0.091547,0.006866,0.013732,0.027464,0.000000,0.000000,0.000000,0.000000,0,0,0,0,0,0,0,0,0,0,0,0.045257568359375,-0.004302978515625,0,0,0,0,0,0,0,0,Object notstarted,Object notstarted,Object notstarted,Object notstarted,Object notstarted,Object notstarted,Object notstarted,Object notstarted,Object notstarted
2024-03-18 10:32:08,975.975,__main___datalogs,INFO,JoyConState.PREP_SNS,-134.975000,-130.850000,9.040000,0.091547,0.006866,0.013732,0.027464,0.000000,0.000000,0.000000,0.000000,0,0,0,0,0,0,0,0,0,0,0,0.045257568359375,-0.004302978515625,0,0,0,0,0,0,0,0,Object notstarted,Object notstarted,Object notstarted,Object notstarted,Object notstarted,Object notstarted,Object notstarted,Object notstarted,Object notstarted
2024-03-18 10:32:09,011.011,__main___datalogs,INFO,JoyConState.PREP_SNS,-134.975000,-130.850000,9.040000,0.091547,0.006866,0.018310,0.027464,0.000000,0.000000,0.000000,0.000000,0,0,0,0,0,0,0,0,0,0,0,0.045257568359375,-0.004302978515625,0,0,0,0,0,0,0,0,Object notstarted,Object notstarted,Object notstarted,Object notstarted,Object notstarted,Object notstarted,Object notstarted,Object notstarted,Object notstarted
2024-03-18 10:32:09,048.048,__main___datalogs,INFO,JoyConState.PREP_SNS,-134.975000,-130.850000,9.040000,0.089258,0.006866,0.013732,0.027464,0.000000,0.000000,0.000000,0.000000,0,0,0,0,0,0,0,0,0,0,0,0.045257568359375,-0.004302978515625,0,0,0,0,0,0,0,0,Object notstarted,Object notstarted,Object notstarted,Object notstarted,Object notstarted,Object notstarted,Object notstarted,Object notstarted,Object notstarted
2024-03-18 10:32:09,078.078,__main___datalogs,INFO,JoyConState.PREP_SNS,-134.975000,-130.850000,9.040000,0.089258,0.006866,0.011443,0.027464,0.000000,0.000000,0.000000,0.000000,0,0,0,0,0,0,0,0,0,0,0,0.045257568359375,-0.004302978515625,0,0,0,0,0,0,0,0,Object notstarted,Object notstarted,Object notstarted,Object notstarted,Object notstarted,Object notstarted,Object notstarted,Object notstarted,Object notstarted
2024-03-18 10:32:09,110.110,__main___datalogs,INFO,JoyConState.PREP_SNS,-134.975000,-130.850000,9.040000,0.089258,0.002289,0.011443,0.032042,0.000000,0.000000,0.000000,0.000000,0,0,0,0,0,0,0,0,0,0,0,0.045257568359375,-0.004302978515625,0,0,0,0,0,0,0,0,Object notstarted,Object notstarted,Object notstarted,Object notstarted,Object notstarted,Object notstarted,Object notstarted,Object notstarted,Object notstarted
2024-03-18 10:32:09,142.142,__main___datalogs,INFO,JoyConState.PREP_SNS,-134.975000,-130.850000,9.040000,0.091547,0.006866,0.011443,0.032042,0.000000,0.000000,0.000000,0.000000,0,0,0,0,0,0,0,0,0,0,0,0.045257568359375,-0.004302978515625,0,0,0,0,0,0,0,0,Object notstarted,Object notstarted,Object notstarted,Object notstarted,Object notstarted,Object notstarted,Object notstarted,Object notstarted,Object notstarted
2024-03-18 10:32:09,176.176,__main___datalogs,INFO,JoyConState.PREP_SNS,-134.975000,-130.850000,9.040000,0.089258,0.006866,0.013732,0.032042,0.000000,0.000000,0.000000,0.000000,0,0,0,0,0,0,0,0,0,0,0,0.045257568359375,-0.004302978515625,0,0,0,0,0,0,0,0,Object notstarted,Object notstarted,Object notstarted,Object notstarted,Object notstarted,Object notstarted,Object notstarted,Object notstarted,Object notstarted
2024-03-18 10:32:09,207.207,__main___datalogs,INFO,JoyConState.PREP_SNS,-134.975000,-130.850000,9.040000,0.091547,0.002289,0.013732,0.025176,0.000000,0.000000,0.000000,0.000000,0,0,0,0,0,0,0,0,0,0,0,0.045257568359375,-0.004302978515625,0,0,0,0,0,0,0,0,Object notstarted,Object notstarted,Object notstarted,Object notstarted,Object notstarted,Object notstarted,Object notstarted,Object notstarted,Object notstarted
2024-03-18 10:32:09,239.239,__main___datalogs,INFO,JoyConState.PREP_SNS,-134.975000,-130.850000,9.040000,0.089258,0.006866,0.018310,0.027464,0.000000,0.000000,0.000000,0.000000,0,0,0,0,0,0,0,0,0,0,0,0.045257568359375,-0.004302978515625,0,0,0,0,0,0,0,0,Object notstarted,Object notstarted,Object notstarted,Object notstarted,Object notstarted,Object notstarted,Object notstarted,Object notstarted,Object notstarted
2024-03-18 10:32:09,271.271,__main___datalogs,INFO,JoyConState.PREP_SNS,-134.975000,-130.850000,9.040000,0.091547,0.006866,0.011443,0.027464,0.000000,0.000000,0.000000,0.000000,0,0,0,0,0,0,0,0,0,0,0,0.045257568359375,-0.004302978515625,0,0,0,0,0,0,0,0,Object notstarted,Object notstarted,Object notstarted,Object notstarted,Object notstarted,Object notstarted,Object notstarted,Object notstarted,Object notstarted
2024-03-18 10:32:09,302.302,__main___datalogs,INFO,JoyConState.PREP_SNS,-134.975000,-130.850000,9.040000,0.096125,0.006866,0.011443,0.027464,0.000000,0.000000,0.000000,0.000000,0,0,0,0,0,0,0,0,0,0,0,0.045257568359375,-0.004302978515625,0,0,0,0,0,0,0,0,Object notstarted,Object notstarted,Object notstarted,Object notstarted,Object notstarted,Object notstarted,Object notstarted,Object notstarted,Object notstarted
2024-03-18 10:32:09,334.334,__main___datalogs,INFO,JoyConState.PREP_SNS,-134.975000,-130.850000,9.040000,0.091547,0.002289,0.011443,0.027464,0.000000,0.000000,0.000000,0.000000,0,0,0,0,0,0,0,0,0,0,0,0.045257568359375,-0.004302978515625,0,0,0,0,0,0,0,0,Object notstarted,Object notstarted,Object notstarted,Object notstarted,Object notstarted,Object notstarted,Object notstarted,Object notstarted,Object notstarted
2024-03-18 10:32:09,366.366,__main___datalogs,INFO,JoyConState.PREP_SNS,-134.975000,-130.850000,9.040000,0.091547,0.006866,0.013732,0.027464,0.000000,0.000000,0.000000,0.000000,0,0,0,0,0,0,0,0,0,0,0,0.045257568359375,-0.004302978515625,0,0,0,0,0,0,0,0,Object notstarted,Object notstarted,Object notstarted,Object notstarted,Object notstarted,Object notstarted,Object notstarted,Object notstarted,Object notstarted
2024-03-18 10:32:09,399.399,__main___datalogs,INFO,JoyConState.PREP_SNS,-134.975000,-130.850000,9.040000,0.091547,0.006866,0.013732,0.027464,0.000000,0.000000,0.000000,0.000000,0,0,0,0,0,0,0,0,0,0,0,0.045257568359375,-0.004302978515625,0,0,0,0,0,0,0,0,Object notstarted,Object notstarted,Object notstarted,Object notstarted,Object notstarted,Object notstarted,Object notstarted,Object notstarted,Object notstarted
2024-03-18 10:32:09,431.431,__main___datalogs,INFO,JoyConState.PREP_SNS,-134.975000,-130.850000,9.040000,0.091547,0.006866,0.013732,0.025176,0.000000,0.000000,0.000000,0.000000,0,0,0,0,0,0,0,0,0,0,0,0.045257568359375,-0.004302978515625,0,0,0,0,0,0,0,0,Object notstarted,Object notstarted,Object notstarted,Object notstarted,Object notstarted,Object notstarted,Object notstarted,Object notstarted,Object notstarted
2024-03-18 10:32:09,462.462,__main___datalogs,INFO,JoyConState.PREP_SNS,-134.975000,-130.850000,9.040000,0.091547,0.006866,0.013732,0.027464,0.000000,0.000000,0.000000,0.000000,0,0,0,0,0,0,0,0,0,0,0,0.045257568359375,-0.004302978515625,0,0,0,0,0,0,0,0,Object notstarted,Object notstarted,Object notstarted,Object notstarted,Object notstarted,Object notstarted,Object notstarted,Object notstarted,Object notstarted
2024-03-18 10:32:09,494.494,__main___datalogs,INFO,JoyConState.PREP_SNS,-134.975000,-130.850000,9.040000,0.096125,0.006866,0.013732,0.027464,0.000000,0.000000,0.000000,0.000000,0,0,0,0,0,0,0,0,0,0,0,0.045257568359375,-0.004302978515625,0,0,0,0,0,0,0,0,Object notstarted,Object notstarted,Object notstarted,Object notstarted,Object notstarted,Object notstarted,Object notstarted,Object notstarted,Object notstarted
2024-03-18 10:32:09,528.528,__main___datalogs,INFO,JoyConState.PREP_SNS,-134.975000,-130.850000,9.040000,0.091547,0.002289,0.013732,0.027464,0.000000,0.000000,0.000000,0.000000,0,0,0,0,0,0,0,0,0,0,0,0.045257568359375,-0.004302978515625,0,0,0,0,0,0,0,0,Object notstarted,Object notstarted,Object notstarted,Object notstarted,Object notstarted,Object notstarted,Object notstarted,Object notstarted,Object notstarted
2024-03-18 10:32:09,565.565,__main___datalogs,INFO,JoyConState.PREP_SNS,-134.975000,-130.850000,9.040000,0.091547,0.002289,0.013732,0.025176,0.000000,0.000000,0.000000,0.000000,0,0,0,0,0,0,0,0,0,0,0,0.045257568359375,-0.004302978515625,0,0,0,0,0,0,0,0,Object notstarted,Object notstarted,Object notstarted,Object notstarted,Object notstarted,Object notstarted,Object notstarted,Object notstarted,Object notstarted
2024-03-18 10:32:09,600.600,__main___datalogs,INFO,JoyConState.PREP_SNS,-134.975000,-130.850000,9.040000,0.096125,0.002289,0.013732,0.025176,0.000000,0.000000,0.000000,0.000000,0,0,0,0,0,0,0,0,0,0,0,0.045257568359375,-0.004302978515625,0,0,0,0,0,0,0,0,Object notstarted,Object notstarted,Object notstarted,Object notstarted,Object notstarted,Object notstarted,Object notstarted,Object notstarted,Object notstarted
2024-03-18 10:32:09,639.639,__main___datalogs,INFO,JoyConState.PREP_SNS,-134.975000,-130.850000,9.040000,0.091547,0.006866,0.013732,0.027464,0.000000,0.000000,0.000000,0.000000,0,0,0,0,0,0,0,0,0,0,0,0.045257568359375,-0.004302978515625,0,0,0,0,0,0,0,0,Object notstarted,Object notstarted,Object notstarted,Object notstarted,Object notstarted,Object notstarted,Object notstarted,Object notstarted,Object notstarted
2024-03-18 10:32:09,675.675,__main___datalogs,INFO,JoyConState.PREP_SNS,-134.975000,-130.850000,9.040000,0.091547,0.006866,0.013732,0.027464,0.000000,0.000000,0.000000,0.000000,0,0,0,0,0,0,0,0,0,0,0,0.045257568359375,-0.004302978515625,0,0,0,0,0,0,0,0,Object notstarted,Object notstarted,Object notstarted,Object notstarted,Object notstarted,Object notstarted,Object notstarted,Object notstarted,Object notstarted
2024-03-18 10:32:09,708.708,__main___datalogs,INFO,JoyConState.PREP_SNS,-134.975000,-130.850000,9.040000,0.091547,0.006866,0.013732,0.027464,0.000000,0.000000,0.000000,0.000000,0,0,0,0,0,0,0,0,0,0,0,0.045257568359375,-0.004302978515625,0,0,0,0,0,0,0,0,Object notstarted,Object notstarted,Object notstarted,Object notstarted,Object notstarted,Object notstarted,Object notstarted,Object notstarted,Object notstarted
2024-03-18 10:32:09,744.744,__main___datalogs,INFO,JoyConState.PREP_SNS,-134.975000,-130.850000,9.040000,0.091547,0.006866,0.013732,0.027464,0.000000,0.000000,0.000000,0.000000,0,0,0,0,0,0,0,0,0,0,0,0.045257568359375,-0.004302978515625,0,0,0,0,0,0,0,0,Object notstarted,Object notstarted,Object notstarted,Object notstarted,Object notstarted,Object notstarted,Object notstarted,Object notstarted,Object notstarted
2024-03-18 10:32:09,782.782,__main___datalogs,INFO,JoyConState.PREP_SNS,-134.975000,-130.850000,9.040000,0.089258,0.006866,0.013732,0.027464,0.000000,0.000000,0.000000,0.000000,0,0,0,0,0,0,0,0,0,0,0,0.045257568359375,-0.004302978515625,0,0,0,0,0,0,0,0,Object notstarted,Object notstarted,Object notstarted,Object notstarted,Object notstarted,Object notstarted,Object notstarted,Object notstarted,Object notstarted
2024-03-18 10:32:09,818.818,__main___datalogs,INFO,JoyConState.PREP_SNS,-134.975000,-130.850000,9.040000,0.089258,0.006866,0.013732,0.027464,0.000000,0.000000,0.000000,0.000000,0,0,0,0,0,0,0,0,0,0,0,0.045257568359375,-0.004302978515625,0,0,0,0,0,0,0,0,Object notstarted,Object notstarted,Object notstarted,Object notstarted,Object notstarted,Object notstarted,Object notstarted,Object notstarted,Object notstarted
2024-03-18 10:32:09,856.856,__main___datalogs,INFO,JoyConState.PREP_SNS,-134.975000,-130.850000,9.040000,0.089258,0.006866,0.013732,0.027464,0.000000,0.000000,0.000000,0.000000,0,0,0,0,0,0,0,0,0,0,0,0.045257568359375,-0.004302978515625,0,0,0,0,0,0,0,0,Object notstarted,Object notstarted,Object notstarted,Object notstarted,Object notstarted,Object notstarted,Object notstarted,Object notstarted,Object notstarted
2024-03-18 10:32:09,892.892,__main___datalogs,INFO,JoyConState.PREP_SNS,-134.975000,-130.850000,9.040000,0.089258,0.006866,0.013732,0.027464,0.000000,0.000000,0.000000,0.000000,0,0,0,0,0,0,0,0,0,0,0,0.045257568359375,-0.004302978515625,0,0,0,0,0,0,0,0,Object notstarted,Object notstarted,Object notstarted,Object notstarted,Object notstarted,Object notstarted,Object notstarted,Object notstarted,Object notstarted
2024-03-18 10:32:09,929.929,__main___datalogs,INFO,JoyConState.PREP_SNS,-134.975000,-130.850000,9.040000,0.089258,0.006866,0.013732,0.025176,0.000000,0.000000,0.000000,0.000000,0,0,0,0,0,0,0,0,0,0,0,0.045257568359375,-0.004302978515625,0,0,0,0,0,0,0,0,Object notstarted,Object notstarted,Object notstarted,Object notstarted,Object notstarted,Object notstarted,Object notstarted,Object notstarted,Object notstarted
2024-03-18 10:32:09,966.966,__main___datalogs,INFO,JoyConState.PREP_SNS,-134.975000,-130.850000,9.040000,0.089258,0.006866,0.018310,0.025176,0.000000,0.000000,0.000000,0.000000,0,0,0,0,0,0,0,0,0,0,0,0.045257568359375,-0.004302978515625,0,0,0,0,0,0,0,0,Object notstarted,Object notstarted,Object notstarted,Object notstarted,Object notstarted,Object notstarted,Object notstarted,Object notstarted,Object notstarted
2024-03-18 10:32:10,012.012,__main___datalogs,INFO,JoyConState.PREP_SNS,-134.975000,-130.850000,9.040000,0.091547,0.006866,0.013732,0.025176,0.000000,0.000000,0.000000,0.000000,0,0,0,0,0,0,0,0,0,0,0,0.045257568359375,-0.004302978515625,0,0,0,0,0,0,0,0,Object notstarted,Object notstarted,Object notstarted,Object notstarted,Object notstarted,Object notstarted,Object notstarted,Object notstarted,Object notstarted
2024-03-18 10:32:10,051.051,__main___datalogs,INFO,JoyConState.PREP_SNS,-134.975000,-130.850000,9.040000,0.089258,0.002289,0.011443,0.025176,0.000000,0.000000,0.000000,0.000000,0,0,0,0,0,0,0,0,0,0,0,0.045257568359375,-0.004302978515625,0,0,0,0,0,0,0,0,Object notstarted,Object notstarted,Object notstarted,Object notstarted,Object notstarted,Object notstarted,Object notstarted,Object notstarted,Object notstarted
2024-03-18 10:32:10,087.087,__main___datalogs,INFO,JoyConState.PREP_SNS,-134.975000,-130.850000,9.040000,0.091547,0.002289,0.011443,0.020598,0.000000,0.000000,0.000000,0.000000,0,0,0,0,0,0,0,0,0,0,0,0.045257568359375,-0.004302978515625,0,0,0,0,0,0,0,0,Object notstarted,Object notstarted,Object notstarted,Object notstarted,Object notstarted,Object notstarted,Object notstarted,Object notstarted,Object notstarted
2024-03-18 10:32:10,124.124,__main___datalogs,INFO,JoyConState.PREP_SNS,-134.975000,-130.850000,9.040000,0.096125,0.002289,0.013732,0.025176,0.000000,0.000000,0.000000,0.000000,0,0,0,0,0,0,0,0,0,0,0,0.045257568359375,-0.004302978515625,0,0,0,0,0,0,0,0,Object notstarted,Object notstarted,Object notstarted,Object notstarted,Object notstarted,Object notstarted,Object notstarted,Object notstarted,Object notstarted
2024-03-18 10:32:10,155.155,__main___datalogs,INFO,JoyConState.PREP_SNS,-134.975000,-130.850000,9.040000,0.096125,0.006866,0.013732,0.027464,0.000000,0.000000,0.000000,0.000000,0,0,0,0,0,0,0,0,0,0,0,0.045257568359375,-0.004302978515625,0,0,0,0,0,0,0,0,Object notstarted,Object notstarted,Object notstarted,Object notstarted,Object notstarted,Object notstarted,Object notstarted,Object notstarted,Object notstarted
2024-03-18 10:32:10,187.187,__main___datalogs,INFO,JoyConState.PREP_SNS,-134.975000,-130.850000,9.040000,0.089258,0.006866,0.013732,0.025176,0.000000,0.000000,0.000000,0.000000,0,0,0,0,0,0,0,0,0,0,0,0.045257568359375,-0.004302978515625,0,0,0,0,0,0,0,0,Object notstarted,Object notstarted,Object notstarted,Object notstarted,Object notstarted,Object notstarted,Object notstarted,Object notstarted,Object notstarted
2024-03-18 10:32:10,219.219,__main___datalogs,INFO,JoyConState.PREP_SNS,-134.975000,-130.850000,9.040000,0.089258,0.006866,0.013732,0.027464,0.000000,0.000000,0.000000,0.000000,0,0,0,0,0,0,0,0,0,0,0,0.045257568359375,-0.004302978515625,0,0,0,0,0,0,0,0,Object notstarted,Object notstarted,Object notstarted,Object notstarted,Object notstarted,Object notstarted,Object notstarted,Object notstarted,Object notstarted
2024-03-18 10:32:10,251.251,__main___datalogs,INFO,JoyConState.PREP_SNS,-134.975000,-130.850000,9.040000,0.089258,0.006866,0.018310,0.027464,0.000000,0.000000,0.000000,0.000000,0,0,0,0,0,0,0,0,0,0,0,0.045257568359375,-0.004302978515625,0,0,0,0,0,0,0,0,Object notstarted,Object notstarted,Object notstarted,Object notstarted,Object notstarted,Object notstarted,Object notstarted,Object notstarted,Object notstarted
2024-03-18 10:32:10,283.283,__main___datalogs,INFO,JoyConState.PREP_SNS,-134.975000,-130.850000,9.040000,0.089258,0.006866,0.013732,0.027464,0.000000,0.000000,0.000000,0.000000,0,0,0,0,0,0,0,0,0,0,0,0.045257568359375,-0.004302978515625,0,0,0,0,0,0,0,0,Object notstarted,Object notstarted,Object notstarted,Object notstarted,Object notstarted,Object notstarted,Object notstarted,Object notstarted,Object notstarted
2024-03-18 10:32:10,315.315,__main___datalogs,INFO,JoyConState.PREP_SNS,-134.975000,-130.850000,9.040000,0.089258,0.006866,0.013732,0.027464,0.000000,0.000000,0.000000,0.000000,0,0,0,0,0,0,0,0,0,0,0,0.045257568359375,-0.004302978515625,0,0,0,0,0,0,0,0,Object notstarted,Object notstarted,Object notstarted,Object notstarted,Object notstarted,Object notstarted,Object notstarted,Object notstarted,Object notstarted
2024-03-18 10:32:10,349.349,__main___datalogs,INFO,JoyConState.PREP_SNS,-134.975000,-130.850000,9.040000,0.089258,0.002289,0.013732,0.027464,0.000000,0.000000,0.000000,0.000000,0,0,0,0,0,0,0,0,0,0,0,0.045257568359375,-0.004302978515625,0,0,0,0,0,0,0,0,Object notstarted,Object notstarted,Object notstarted,Object notstarted,Object notstarted,Object notstarted,Object notstarted,Object notstarted,Object notstarted
2024-03-18 10:32:10,386.386,__main___datalogs,INFO,JoyConState.PREP_SNS,-134.975000,-130.850000,9.040000,0.091547,-0.002289,0.013732,0.027464,0.000000,0.000000,0.000000,0.000000,0,0,0,0,0,0,0,0,0,0,0,0.045257568359375,-0.004302978515625,0,0,0,0,0,0,0,0,Object notstarted,Object notstarted,Object notstarted,Object notstarted,Object notstarted,Object notstarted,Object notstarted,Object notstarted,Object notstarted
2024-03-18 10:32:10,422.422,__main___datalogs,INFO,JoyConState.PREP_SNS,-134.975000,-130.850000,9.040000,0.091547,0.002289,0.013732,0.027464,0.000000,0.000000,0.000000,0.000000,0,0,0,0,0,0,0,0,0,0,0,0.045257568359375,-0.004302978515625,0,0,0,0,0,0,0,0,Object notstarted,Object notstarted,Object notstarted,Object notstarted,Object notstarted,Object notstarted,Object notstarted,Object notstarted,Object notstarted
2024-03-18 10:32:10,452.452,__main___datalogs,INFO,JoyConState.PREP_SNS,-134.975000,-130.850000,9.040000,0.091547,0.006866,0.013732,0.027464,0.000000,0.000000,0.000000,0.000000,0,0,0,0,0,0,0,0,0,0,0,0.045257568359375,-0.004302978515625,0,0,0,0,0,0,0,0,Object notstarted,Object notstarted,Object notstarted,Object notstarted,Object notstarted,Object notstarted,Object notstarted,Object notstarted,Object notstarted
2024-03-18 10:32:10,484.484,__main___datalogs,INFO,JoyConState.PREP_SNS,-134.975000,-130.850000,9.040000,0.089258,0.006866,0.013732,0.027464,0.000000,0.000000,0.000000,0.000000,0,0,0,0,0,0,0,0,0,0,0,0.045257568359375,-0.004302978515625,0,0,0,0,0,0,0,0,Object notstarted,Object notstarted,Object notstarted,Object notstarted,Object notstarted,Object notstarted,Object notstarted,Object notstarted,Object notstarted
2024-03-18 10:32:10,517.517,__main___datalogs,INFO,JoyConState.PREP_SNS,-134.975000,-130.850000,9.040000,0.089258,0.006866,0.013732,0.027464,0.000000,0.000000,0.000000,0.000000,0,0,0,0,0,0,0,0,0,0,0,0.045257568359375,-0.004302978515625,0,0,0,0,0,0,0,0,Object notstarted,Object notstarted,Object notstarted,Object notstarted,Object notstarted,Object notstarted,Object notstarted,Object notstarted,Object notstarted
2024-03-18 10:32:10,549.549,__main___datalogs,INFO,JoyConState.PREP_SNS,-134.975000,-130.850000,9.040000,0.091547,0.002289,0.013732,0.025176,0.000000,0.000000,0.000000,0.000000,0,0,0,0,0,0,0,0,0,0,0,0.045257568359375,-0.004302978515625,0,0,0,0,0,0,0,0,Object notstarted,Object notstarted,Object notstarted,Object notstarted,Object notstarted,Object notstarted,Object notstarted,Object notstarted,Object notstarted
2024-03-18 10:32:10,581.581,__main___datalogs,INFO,JoyConState.PREP_SNS,-134.975000,-130.850000,9.040000,0.091547,0.002289,0.013732,0.027464,0.000000,0.000000,0.000000,0.000000,0,0,0,0,0,0,0,0,0,0,0,0.045257568359375,-0.004302978515625,0,0,0,0,0,0,0,0,Object notstarted,Object notstarted,Object notstarted,Object notstarted,Object notstarted,Object notstarted,Object notstarted,Object notstarted,Object notstarted
2024-03-18 10:32:10,613.613,__main___datalogs,INFO,JoyConState.PREP_SNS,-134.975000,-130.850000,9.040000,0.091547,0.002289,0.013732,0.025176,0.000000,0.000000,0.000000,0.000000,0,0,0,0,0,0,0,0,0,0,0,0.045257568359375,-0.004302978515625,0,0,0,0,0,0,0,0,Object notstarted,Object notstarted,Object notstarted,Object notstarted,Object notstarted,Object notstarted,Object notstarted,Object notstarted,Object notstarted
2024-03-18 10:32:10,645.645,__main___datalogs,INFO,JoyConState.PREP_SNS,-134.975000,-130.850000,9.040000,0.091547,0.006866,0.013732,0.027464,0.000000,0.000000,0.000000,0.000000,0,0,0,0,0,0,0,0,0,0,0,0.045257568359375,-0.004302978515625,0,0,0,0,0,0,0,0,Object notstarted,Object notstarted,Object notstarted,Object notstarted,Object notstarted,Object notstarted,Object notstarted,Object notstarted,Object notstarted
2024-03-18 10:32:10,677.677,__main___datalogs,INFO,JoyConState.PREP_SNS,-134.975000,-130.850000,9.040000,0.091547,0.006866,0.013732,0.027464,0.000000,0.000000,0.000000,0.000000,0,0,0,0,0,0,0,0,0,0,0,0.045257568359375,-0.004302978515625,0,0,0,0,0,0,0,0,Object notstarted,Object notstarted,Object notstarted,Object notstarted,Object notstarted,Object notstarted,Object notstarted,Object notstarted,Object notstarted
2024-03-18 10:32:10,708.708,__main___datalogs,INFO,JoyConState.PREP_SNS,-134.975000,-130.850000,9.040000,0.091547,0.006866,0.013732,0.025176,0.000000,0.000000,0.000000,0.000000,0,0,0,0,0,0,0,0,0,0,0,0.045257568359375,-0.004302978515625,0,0,0,0,0,0,0,0,Object notstarted,Object notstarted,Object notstarted,Object notstarted,Object notstarted,Object notstarted,Object notstarted,Object notstarted,Object notstarted
2024-03-18 10:32:10,740.740,__main___datalogs,INFO,JoyConState.PREP_SNS,-134.975000,-130.850000,9.040000,0.089258,0.006866,0.013732,0.025176,0.000000,0.000000,0.000000,0.000000,0,0,0,0,0,0,0,0,0,0,0,0.045257568359375,-0.004302978515625,0,0,0,0,0,0,0,0,Object notstarted,Object notstarted,Object notstarted,Object notstarted,Object notstarted,Object notstarted,Object notstarted,Object notstarted,Object notstarted
2024-03-18 10:32:10,772.772,__main___datalogs,INFO,JoyConState.PREP_SNS,-134.975000,-130.850000,9.040000,0.089258,0.006866,0.013732,0.027464,0.000000,0.000000,0.000000,0.000000,0,0,0,0,0,0,0,0,0,0,0,0.045257568359375,-0.004302978515625,0,0,0,0,0,0,0,0,Object notstarted,Object notstarted,Object notstarted,Object notstarted,Object notstarted,Object notstarted,Object notstarted,Object notstarted,Object notstarted
2024-03-18 10:32:10,804.804,__main___datalogs,INFO,JoyConState.PREP_SNS,-134.975000,-130.850000,9.040000,0.089258,0.002289,0.013732,0.027464,0.000000,0.000000,0.000000,0.000000,0,0,0,0,0,0,0,0,0,0,0,0.045257568359375,-0.004302978515625,0,0,0,0,0,0,0,0,Object notstarted,Object notstarted,Object notstarted,Object notstarted,Object notstarted,Object notstarted,Object notstarted,Object notstarted,Object notstarted
2024-03-18 10:32:10,836.836,__main___datalogs,INFO,JoyConState.PREP_SNS,-134.975000,-130.850000,9.040000,0.089258,0.006866,0.013732,0.027464,0.000000,0.000000,0.000000,0.000000,0,0,0,0,0,0,0,0,0,0,0,0.045257568359375,-0.004302978515625,0,0,0,0,0,0,0,0,Object notstarted,Object notstarted,Object notstarted,Object notstarted,Object notstarted,Object notstarted,Object notstarted,Object notstarted,Object notstarted
2024-03-18 10:32:10,868.868,__main___datalogs,INFO,JoyConState.PREP_SNS,-134.975000,-130.850000,9.040000,0.089258,0.002289,0.011443,0.025176,0.000000,0.000000,0.000000,0.000000,0,0,0,0,0,0,0,0,0,0,0,0.045257568359375,-0.004302978515625,0,0,0,0,0,0,0,0,Object notstarted,Object notstarted,Object notstarted,Object notstarted,Object notstarted,Object notstarted,Object notstarted,Object notstarted,Object notstarted
2024-03-18 10:32:10,900.900,__main___datalogs,INFO,JoyConState.PREP_SNS,-134.975000,-130.850000,9.040000,0.091547,0.006866,0.018310,0.025176,0.000000,0.000000,0.000000,0.000000,0,0,0,0,0,0,0,0,0,0,0,0.045257568359375,-0.004302978515625,0,0,0,0,0,0,0,0,Object notstarted,Object notstarted,Object notstarted,Object notstarted,Object notstarted,Object notstarted,Object notstarted,Object notstarted,Object notstarted
2024-03-18 10:32:10,932.932,__main___datalogs,INFO,JoyConState.PREP_SNS,-134.975000,-130.850000,9.040000,0.091547,0.006866,0.013732,0.025176,0.000000,0.000000,0.000000,0.000000,0,0,0,0,0,0,0,0,0,0,0,0.045257568359375,-0.004302978515625,0,0,0,0,0,0,0,0,Object notstarted,Object notstarted,Object notstarted,Object notstarted,Object notstarted,Object notstarted,Object notstarted,Object notstarted,Object notstarted
2024-03-18 10:32:10,964.964,__main___datalogs,INFO,JoyConState.PREP_SNS,-134.975000,-130.850000,9.040000,0.091547,0.006866,0.013732,0.027464,0.000000,0.000000,0.000000,0.000000,0,0,0,0,0,0,0,0,0,0,0,0.045257568359375,-0.004302978515625,0,0,0,0,0,0,0,0,Object notstarted,Object notstarted,Object notstarted,Object notstarted,Object notstarted,Object notstarted,Object notstarted,Object notstarted,Object notstarted
2024-03-18 10:32:10,997.997,__main___datalogs,INFO,JoyConState.PREP_SNS,-134.975000,-130.850000,9.040000,0.091547,0.006866,0.013732,0.027464,0.000000,0.000000,0.000000,0.000000,0,0,0,0,0,0,0,0,0,0,0,0.045257568359375,-0.004302978515625,0,0,0,0,0,0,0,0,Object notstarted,Object notstarted,Object notstarted,Object notstarted,Object notstarted,Object notstarted,Object notstarted,Object notstarted,Object notstarted
2024-03-18 10:32:11,034.034,__main___datalogs,INFO,JoyConState.PREP_SNS,-134.975000,-130.850000,9.040000,0.091547,0.002289,0.013732,0.025176,0.000000,0.000000,0.000000,0.000000,0,0,0,0,0,0,0,0,0,0,0,0.045257568359375,-0.004302978515625,0,0,0,0,0,0,0,0,Object notstarted,Object notstarted,Object notstarted,Object notstarted,Object notstarted,Object notstarted,Object notstarted,Object notstarted,Object notstarted
2024-03-18 10:32:11,080.080,__main___datalogs,INFO,JoyConState.PREP_SNS,-134.975000,-130.850000,9.040000,0.091547,0.006866,0.013732,0.025176,0.000000,0.000000,0.000000,0.000000,0,0,0,0,0,0,0,0,0,0,0,0.045257568359375,-0.004302978515625,0,0,0,0,0,0,0,0,Object notstarted,Object notstarted,Object notstarted,Object notstarted,Object notstarted,Object notstarted,Object notstarted,Object notstarted,Object notstarted
2024-03-18 10:32:11,118.118,__main___datalogs,INFO,JoyConState.PREP_SNS,-134.975000,-130.850000,9.040000,0.091547,0.006866,0.013732,0.027464,0.000000,0.000000,0.000000,0.000000,0,0,0,0,0,0,0,0,0,0,0,0.045257568359375,-0.004302978515625,0,0,0,0,0,0,0,0,Object notstarted,Object notstarted,Object notstarted,Object notstarted,Object notstarted,Object notstarted,Object notstarted,Object notstarted,Object notstarted
2024-03-18 10:32:11,154.154,__main___datalogs,INFO,JoyConState.PREP_SNS,-134.975000,-130.850000,9.040000,0.091547,0.006866,0.013732,0.027464,0.000000,0.000000,0.000000,0.000000,0,0,0,0,0,0,0,0,0,0,0,0.045257568359375,-0.004302978515625,0,0,0,0,0,0,0,0,Object notstarted,Object notstarted,Object notstarted,Object notstarted,Object notstarted,Object notstarted,Object notstarted,Object notstarted,Object notstarted
2024-03-18 10:32:11,185.185,__main___datalogs,INFO,JoyConState.PREP_SNS,-134.975000,-130.850000,9.040000,0.096125,0.006866,0.013732,0.020598,0.000000,0.000000,0.000000,0.000000,0,0,0,0,0,0,0,0,0,0,0,0.045257568359375,-0.004302978515625,0,0,0,0,0,0,0,0,Object notstarted,Object notstarted,Object notstarted,Object notstarted,Object notstarted,Object notstarted,Object notstarted,Object notstarted,Object notstarted
2024-03-18 10:32:11,217.217,__main___datalogs,INFO,JoyConState.PREP_SNS,-134.975000,-130.850000,9.040000,0.091547,0.006866,0.013732,0.025176,0.000000,0.000000,0.000000,0.000000,0,0,0,0,0,0,0,0,0,0,0,0.045257568359375,-0.004302978515625,0,0,0,0,0,0,0,0,Object notstarted,Object notstarted,Object notstarted,Object notstarted,Object notstarted,Object notstarted,Object notstarted,Object notstarted,Object notstarted
2024-03-18 10:32:11,249.249,__main___datalogs,INFO,JoyConState.PREP_SNS,-134.975000,-130.850000,9.040000,0.091547,0.002289,0.013732,0.020598,0.000000,0.000000,0.000000,0.000000,0,0,0,0,0,0,0,0,0,0,0,0.045257568359375,-0.004302978515625,0,0,0,0,0,0,0,0,Object notstarted,Object notstarted,Object notstarted,Object notstarted,Object notstarted,Object notstarted,Object notstarted,Object notstarted,Object notstarted
2024-03-18 10:32:11,281.281,__main___datalogs,INFO,JoyConState.PREP_SNS,-134.975000,-130.850000,9.040000,0.091547,0.002289,0.013732,0.027464,0.000000,0.000000,0.000000,0.000000,0,0,0,0,0,0,0,0,0,0,0,0.045257568359375,-0.004302978515625,0,0,0,0,0,0,0,0,Object notstarted,Object notstarted,Object notstarted,Object notstarted,Object notstarted,Object notstarted,Object notstarted,Object notstarted,Object notstarted
2024-03-18 10:32:11,313.313,__main___datalogs,INFO,JoyConState.PREP_SNS,-134.975000,-130.850000,9.040000,0.089258,0.002289,0.013732,0.025176,0.000000,0.000000,0.000000,0.000000,0,0,0,0,0,0,0,0,0,0,0,0.045257568359375,-0.004302978515625,0,0,0,0,0,0,0,0,Object notstarted,Object notstarted,Object notstarted,Object notstarted,Object notstarted,Object notstarted,Object notstarted,Object notstarted,Object notstarted
2024-03-18 10:32:11,346.346,__main___datalogs,INFO,JoyConState.PREP_SNS,-134.975000,-130.850000,9.040000,0.089258,0.006866,0.013732,0.027464,0.000000,0.000000,0.000000,0.000000,0,0,0,0,0,0,0,0,0,0,0,0.045257568359375,-0.004302978515625,0,0,0,0,0,0,0,0,Object notstarted,Object notstarted,Object notstarted,Object notstarted,Object notstarted,Object notstarted,Object notstarted,Object notstarted,Object notstarted
2024-03-18 10:32:11,377.377,__main___datalogs,INFO,JoyConState.PREP_SNS,-134.975000,-130.850000,9.040000,0.089258,0.006866,0.013732,0.027464,0.000000,0.000000,0.000000,0.000000,0,0,0,0,0,0,0,0,0,0,0,0.045257568359375,-0.004302978515625,0,0,0,0,0,0,0,0,Object notstarted,Object notstarted,Object notstarted,Object notstarted,Object notstarted,Object notstarted,Object notstarted,Object notstarted,Object notstarted
2024-03-18 10:32:11,410.410,__main___datalogs,INFO,JoyConState.PREP_SNS,-134.975000,-130.850000,9.040000,0.091547,0.006866,0.013732,0.027464,0.000000,0.000000,0.000000,0.000000,0,0,0,0,0,0,0,0,0,0,0,0.045257568359375,-0.004302978515625,0,0,0,0,0,0,0,0,Object notstarted,Object notstarted,Object notstarted,Object notstarted,Object notstarted,Object notstarted,Object notstarted,Object notstarted,Object notstarted
2024-03-18 10:32:11,447.447,__main___datalogs,INFO,JoyConState.PREP_SNS,-134.975000,-130.850000,9.040000,0.091547,0.006866,0.013732,0.027464,0.000000,0.000000,0.000000,0.000000,0,0,0,0,0,0,0,0,0,0,0,0.045257568359375,-0.004302978515625,0,0,0,0,0,0,0,0,Object notstarted,Object notstarted,Object notstarted,Object notstarted,Object notstarted,Object notstarted,Object notstarted,Object notstarted,Object notstarted
2024-03-18 10:32:11,484.484,__main___datalogs,INFO,JoyConState.PREP_SNS,-134.975000,-130.850000,9.040000,0.091547,0.006866,0.013732,0.027464,0.000000,0.000000,0.000000,0.000000,0,0,0,0,0,0,0,0,0,0,0,0.045257568359375,-0.004302978515625,0,0,0,0,0,0,0,0,Object notstarted,Object notstarted,Object notstarted,Object notstarted,Object notstarted,Object notstarted,Object notstarted,Object notstarted,Object notstarted
2024-03-18 10:32:11,521.521,__main___datalogs,INFO,JoyConState.PREP_SNS,-134.975000,-130.850000,9.040000,0.091547,0.006866,0.013732,0.025176,0.000000,0.000000,0.000000,0.000000,0,0,0,0,0,0,0,0,0,0,0,0.045257568359375,-0.004302978515625,0,0,0,0,0,0,0,0,Object notstarted,Object notstarted,Object notstarted,Object notstarted,Object notstarted,Object notstarted,Object notstarted,Object notstarted,Object notstarted
2024-03-18 10:32:11,557.557,__main___datalogs,INFO,JoyConState.PREP_SNS,-134.975000,-130.850000,9.040000,0.096125,0.009155,0.013732,0.025176,0.000000,0.000000,0.000000,0.000000,0,0,0,0,0,0,0,0,0,0,0,0.045257568359375,-0.004302978515625,0,0,0,0,0,0,0,0,Object notstarted,Object notstarted,Object notstarted,Object notstarted,Object notstarted,Object notstarted,Object notstarted,Object notstarted,Object notstarted
2024-03-18 10:32:11,589.589,__main___datalogs,INFO,JoyConState.PREP_SNS,-134.975000,-130.850000,9.040000,0.091547,0.006866,0.013732,0.027464,0.000000,0.000000,0.000000,0.000000,0,0,0,0,0,0,0,0,0,0,0,0.045257568359375,-0.004302978515625,0,0,0,0,0,0,0,0,Object notstarted,Object notstarted,Object notstarted,Object notstarted,Object notstarted,Object notstarted,Object notstarted,Object notstarted,Object notstarted
2024-03-18 10:32:11,620.620,__main___datalogs,INFO,JoyConState.PREP_SNS,-134.975000,-130.850000,9.040000,0.091547,0.006866,0.013732,0.027464,0.000000,0.000000,0.000000,0.000000,0,0,0,0,0,0,0,0,0,0,0,0.045257568359375,-0.004302978515625,0,0,0,0,0,0,0,0,Object notstarted,Object notstarted,Object notstarted,Object notstarted,Object notstarted,Object notstarted,Object notstarted,Object notstarted,Object notstarted
2024-03-18 10:32:11,652.652,__main___datalogs,INFO,JoyConState.PREP_SNS,-134.975000,-130.850000,9.040000,0.089258,0.002289,0.011443,0.025176,0.000000,0.000000,0.000000,0.000000,0,0,0,0,0,0,0,0,0,0,0,0.045257568359375,-0.004302978515625,0,0,0,0,0,0,0,0,Object notstarted,Object notstarted,Object notstarted,Object notstarted,Object notstarted,Object notstarted,Object notstarted,Object notstarted,Object notstarted
2024-03-18 10:32:11,684.684,__main___datalogs,INFO,JoyConState.PREP_SNS,-134.975000,-130.850000,9.040000,0.089258,-0.002289,0.018310,0.025176,0.000000,0.000000,0.000000,0.000000,0,0,0,0,0,0,0,0,0,0,0,0.045257568359375,-0.004302978515625,0,0,0,0,0,0,0,0,Object notstarted,Object notstarted,Object notstarted,Object notstarted,Object notstarted,Object notstarted,Object notstarted,Object notstarted,Object notstarted
2024-03-18 10:32:11,716.716,__main___datalogs,INFO,JoyConState.PREP_SNS,-134.975000,-130.850000,9.040000,0.089258,0.002289,0.013732,0.025176,0.000000,0.000000,0.000000,0.000000,0,0,0,0,0,0,0,0,0,0,0,0.045257568359375,-0.004302978515625,0,0,0,0,0,0,0,0,Object notstarted,Object notstarted,Object notstarted,Object notstarted,Object notstarted,Object notstarted,Object notstarted,Object notstarted,Object notstarted
2024-03-18 10:32:11,748.748,__main___datalogs,INFO,JoyConState.PREP_SNS,-134.975000,-130.850000,9.040000,0.089258,0.006866,0.013732,0.020598,0.000000,0.000000,0.000000,0.000000,0,0,0,0,0,0,0,0,0,0,0,0.045257568359375,-0.004302978515625,0,0,0,0,0,0,0,0,Object notstarted,Object notstarted,Object notstarted,Object notstarted,Object notstarted,Object notstarted,Object notstarted,Object notstarted,Object notstarted
2024-03-18 10:32:11,781.781,__main___datalogs,INFO,JoyConState.PREP_SNS,-134.975000,-130.850000,9.040000,0.089258,0.006866,0.013732,0.020598,0.000000,0.000000,0.000000,0.000000,0,0,0,0,0,0,0,0,0,0,0,0.045257568359375,-0.004302978515625,0,0,0,0,0,0,0,0,Object notstarted,Object notstarted,Object notstarted,Object notstarted,Object notstarted,Object notstarted,Object notstarted,Object notstarted,Object notstarted
2024-03-18 10:32:11,813.813,__main___datalogs,INFO,JoyConState.PREP_SNS,-134.975000,-130.850000,9.040000,0.091547,0.006866,0.013732,0.020598,0.000000,0.000000,0.000000,0.000000,0,0,0,0,0,0,0,0,0,0,0,0.045257568359375,-0.004302978515625,0,0,0,0,0,0,0,0,Object notstarted,Object notstarted,Object notstarted,Object notstarted,Object notstarted,Object notstarted,Object notstarted,Object notstarted,Object notstarted
2024-03-18 10:32:11,845.845,__main___datalogs,INFO,JoyConState.PREP_SNS,-134.975000,-130.850000,9.040000,0.089258,0.006866,0.011443,0.027464,0.000000,0.000000,0.000000,0.000000,0,0,0,0,0,0,0,0,0,0,0,0.045257568359375,-0.004302978515625,0,0,0,0,0,0,0,0,Object notstarted,Object notstarted,Object notstarted,Object notstarted,Object notstarted,Object notstarted,Object notstarted,Object notstarted,Object notstarted
2024-03-18 10:32:11,876.876,__main___datalogs,INFO,JoyConState.PREP_SNS,-134.975000,-130.850000,9.040000,0.091547,0.006866,0.011443,0.027464,0.000000,0.000000,0.000000,0.000000,0,0,0,0,0,0,0,0,0,0,0,0.045257568359375,-0.004302978515625,0,0,0,0,0,0,0,0,Object notstarted,Object notstarted,Object notstarted,Object notstarted,Object notstarted,Object notstarted,Object notstarted,Object notstarted,Object notstarted
2024-03-18 10:32:11,909.909,__main___datalogs,INFO,JoyConState.PREP_SNS,-134.975000,-130.850000,9.040000,0.089258,0.006866,0.013732,0.025176,0.000000,0.000000,0.000000,0.000000,0,0,0,0,0,0,0,0,0,0,0,0.045257568359375,-0.004302978515625,0,0,0,0,0,0,0,0,Object notstarted,Object notstarted,Object notstarted,Object notstarted,Object notstarted,Object notstarted,Object notstarted,Object notstarted,Object notstarted
2024-03-18 10:32:11,940.940,__main___datalogs,INFO,JoyConState.PREP_SNS,-134.975000,-130.850000,9.040000,0.089258,0.006866,0.013732,0.025176,0.000000,0.000000,0.000000,0.000000,0,0,0,0,0,0,0,0,0,0,0,0.045257568359375,-0.004302978515625,0,0,0,0,0,0,0,0,Object notstarted,Object notstarted,Object notstarted,Object notstarted,Object notstarted,Object notstarted,Object notstarted,Object notstarted,Object notstarted
2024-03-18 10:32:11,972.972,__main___datalogs,INFO,JoyConState.PREP_SNS,-134.975000,-130.850000,9.040000,0.089258,0.006866,0.013732,0.025176,0.000000,0.000000,0.000000,0.000000,0,0,0,0,0,0,0,0,0,0,0,0.045257568359375,-0.004302978515625,0,0,0,0,0,0,0,0,Object notstarted,Object notstarted,Object notstarted,Object notstarted,Object notstarted,Object notstarted,Object notstarted,Object notstarted,Object notstarted
2024-03-18 10:32:12,004.004,__main___datalogs,INFO,JoyConState.PREP_SNS,-134.975000,-130.850000,9.040000,0.089258,0.006866,0.013732,0.025176,0.000000,0.000000,0.000000,0.000000,0,0,0,0,0,0,0,0,0,0,0,0.045257568359375,-0.004302978515625,0,0,0,0,0,0,0,0,Object notstarted,Object notstarted,Object notstarted,Object notstarted,Object notstarted,Object notstarted,Object notstarted,Object notstarted,Object notstarted
2024-03-18 10:32:12,036.036,__main___datalogs,INFO,JoyConState.PREP_SNS,-134.975000,-130.850000,9.040000,0.089258,0.006866,0.013732,0.025176,0.000000,0.000000,0.000000,0.000000,0,0,0,0,0,0,0,0,0,0,0,0.045257568359375,-0.004302978515625,0,0,0,0,0,0,0,0,Object notstarted,Object notstarted,Object notstarted,Object notstarted,Object notstarted,Object notstarted,Object notstarted,Object notstarted,Object notstarted
2024-03-18 10:32:12,068.068,__main___datalogs,INFO,JoyConState.PREP_SNS,-134.975000,-130.850000,9.040000,0.089258,0.006866,0.013732,0.025176,0.000000,0.000000,0.000000,0.000000,0,0,0,0,0,0,0,0,0,0,0,0.045257568359375,-0.004302978515625,0,0,0,0,0,0,0,0,Object notstarted,Object notstarted,Object notstarted,Object notstarted,Object notstarted,Object notstarted,Object notstarted,Object notstarted,Object notstarted
2024-03-18 10:32:12,112.112,__main___datalogs,INFO,JoyConState.PREP_SNS,-134.975000,-130.850000,9.040000,0.089258,0.006866,0.013732,0.025176,0.000000,0.000000,0.000000,0.000000,0,0,0,0,0,0,0,0,0,0,0,0.045257568359375,-0.004302978515625,0,0,0,0,0,0,0,0,Object notstarted,Object notstarted,Object notstarted,Object notstarted,Object notstarted,Object notstarted,Object notstarted,Object notstarted,Object notstarted
2024-03-18 10:32:12,156.156,__main___datalogs,INFO,JoyConState.PREP_SNS,-134.975000,-130.850000,9.040000,0.091547,0.006866,0.013732,0.025176,0.000000,0.000000,0.000000,0.000000,0,0,0,0,0,0,0,0,0,0,0,0.045257568359375,-0.004302978515625,0,0,0,0,0,0,0,0,Object notstarted,Object notstarted,Object notstarted,Object notstarted,Object notstarted,Object notstarted,Object notstarted,Object notstarted,Object notstarted
2024-03-18 10:32:12,192.192,__main___datalogs,INFO,JoyConState.PREP_SNS,-134.975000,-130.850000,9.040000,0.091547,0.002289,0.013732,0.025176,0.000000,0.000000,0.000000,0.000000,0,0,0,0,0,0,0,0,0,0,0,0.045257568359375,-0.004302978515625,0,0,0,0,0,0,0,0,Object notstarted,Object notstarted,Object notstarted,Object notstarted,Object notstarted,Object notstarted,Object notstarted,Object notstarted,Object notstarted
2024-03-18 10:32:12,230.230,__main___datalogs,INFO,JoyConState.PREP_SNS,-134.975000,-130.850000,9.040000,0.089258,0.002289,0.013732,0.027464,0.000000,0.000000,0.000000,0.000000,0,0,0,0,0,0,0,0,0,0,0,0.045257568359375,-0.004302978515625,0,0,0,0,0,0,0,0,Object notstarted,Object notstarted,Object notstarted,Object notstarted,Object notstarted,Object notstarted,Object notstarted,Object notstarted,Object notstarted
2024-03-18 10:32:12,266.266,__main___datalogs,INFO,JoyConState.PREP_SNS,-134.975000,-130.850000,9.040000,0.089258,0.006866,0.013732,0.025176,0.000000,0.000000,0.000000,0.000000,0,0,0,0,0,0,0,0,0,0,0,0.045257568359375,-0.004302978515625,0,0,0,0,0,0,0,0,Object notstarted,Object notstarted,Object notstarted,Object notstarted,Object notstarted,Object notstarted,Object notstarted,Object notstarted,Object notstarted
2024-03-18 10:32:12,304.304,__main___datalogs,INFO,JoyConState.PREP_SNS,-134.975000,-130.850000,9.040000,0.091547,0.006866,0.013732,0.027464,0.000000,0.000000,0.000000,0.000000,0,0,0,0,0,0,0,0,0,0,0,0.045257568359375,-0.004302978515625,0,0,0,0,0,0,0,0,Object notstarted,Object notstarted,Object notstarted,Object notstarted,Object notstarted,Object notstarted,Object notstarted,Object notstarted,Object notstarted
2024-03-18 10:32:12,341.341,__main___datalogs,INFO,JoyConState.PREP_SNS,-134.975000,-130.850000,9.040000,0.091547,0.006866,0.013732,0.027464,0.000000,0.000000,0.000000,0.000000,0,0,0,0,0,0,0,0,0,0,0,0.045257568359375,-0.004302978515625,0,0,0,0,0,0,0,0,Object notstarted,Object notstarted,Object notstarted,Object notstarted,Object notstarted,Object notstarted,Object notstarted,Object notstarted,Object notstarted
2024-03-18 10:32:12,378.378,__main___datalogs,INFO,JoyConState.PREP_SNS,-134.975000,-130.850000,9.040000,0.091547,0.006866,0.013732,0.027464,0.000000,0.000000,0.000000,0.000000,0,0,0,0,0,0,0,0,0,0,0,0.045257568359375,-0.004302978515625,0,0,0,0,0,0,0,0,Object notstarted,Object notstarted,Object notstarted,Object notstarted,Object notstarted,Object notstarted,Object notstarted,Object notstarted,Object notstarted
2024-03-18 10:32:12,410.410,__main___datalogs,INFO,JoyConState.PREP_SNS,-134.975000,-130.850000,9.040000,0.091547,0.006866,0.013732,0.025176,0.000000,0.000000,0.000000,0.000000,0,0,0,0,0,0,0,0,0,0,0,0.045257568359375,-0.004302978515625,0,0,0,0,0,0,0,0,Object notstarted,Object notstarted,Object notstarted,Object notstarted,Object notstarted,Object notstarted,Object notstarted,Object notstarted,Object notstarted
2024-03-18 10:32:12,447.447,__main___datalogs,INFO,JoyConState.PREP_SNS,-134.975000,-130.850000,9.040000,0.091547,0.006866,0.013732,0.020598,0.000000,0.000000,0.000000,0.000000,0,0,0,0,0,0,0,0,0,0,0,0.045257568359375,-0.004302978515625,0,0,0,0,0,0,0,0,Object notstarted,Object notstarted,Object notstarted,Object notstarted,Object notstarted,Object notstarted,Object notstarted,Object notstarted,Object notstarted
2024-03-18 10:32:12,484.484,__main___datalogs,INFO,JoyConState.PREP_SNS,-134.975000,-130.850000,9.040000,0.091547,0.006866,0.013732,0.020598,0.000000,0.000000,0.000000,0.000000,0,0,0,0,0,0,0,0,0,0,0,0.045257568359375,-0.004302978515625,0,0,0,0,0,0,0,0,Object notstarted,Object notstarted,Object notstarted,Object notstarted,Object notstarted,Object notstarted,Object notstarted,Object notstarted,Object notstarted
2024-03-18 10:32:12,521.521,__main___datalogs,INFO,JoyConState.PREP_SNS,-134.975000,-130.850000,9.040000,0.091547,0.006866,0.013732,0.020598,0.000000,0.000000,0.000000,0.000000,0,0,0,0,0,0,0,0,0,0,0,0.045257568359375,-0.004302978515625,0,0,0,0,0,0,0,0,Object notstarted,Object notstarted,Object notstarted,Object notstarted,Object notstarted,Object notstarted,Object notstarted,Object notstarted,Object notstarted
2024-03-18 10:32:12,552.552,__main___datalogs,INFO,JoyConState.PREP_SNS,-134.975000,-130.850000,9.040000,0.091547,0.006866,0.011443,0.027464,0.000000,0.000000,0.000000,0.000000,0,0,0,0,0,0,0,0,0,0,0,0.045257568359375,-0.004302978515625,0,0,0,0,0,0,0,0,Object notstarted,Object notstarted,Object notstarted,Object notstarted,Object notstarted,Object notstarted,Object notstarted,Object notstarted,Object notstarted
2024-03-18 10:32:12,589.589,__main___datalogs,INFO,JoyConState.PREP_SNS,-134.975000,-130.850000,9.040000,0.089258,0.006866,0.013732,0.027464,0.000000,0.000000,0.000000,0.000000,0,0,0,0,0,0,0,0,0,0,0,0.045257568359375,-0.004302978515625,0,0,0,0,0,0,0,0,Object notstarted,Object notstarted,Object notstarted,Object notstarted,Object notstarted,Object notstarted,Object notstarted,Object notstarted,Object notstarted
2024-03-18 10:32:12,626.626,__main___datalogs,INFO,JoyConState.PREP_SNS,-134.975000,-130.850000,9.040000,0.089258,0.006866,0.013732,0.027464,0.000000,0.000000,0.000000,0.000000,0,0,0,0,0,0,0,0,0,0,0,0.045257568359375,-0.004302978515625,0,0,0,0,0,0,0,0,Object notstarted,Object notstarted,Object notstarted,Object notstarted,Object notstarted,Object notstarted,Object notstarted,Object notstarted,Object notstarted
2024-03-18 10:32:12,657.657,__main___datalogs,INFO,JoyConState.PREP_SNS,-134.975000,-130.850000,9.040000,0.091547,0.006866,0.013732,0.025176,0.000000,0.000000,0.000000,0.000000,0,0,0,0,0,0,0,0,0,0,0,0.045257568359375,-0.004302978515625,0,0,0,0,0,0,0,0,Object notstarted,Object notstarted,Object notstarted,Object notstarted,Object notstarted,Object notstarted,Object notstarted,Object notstarted,Object notstarted
2024-03-18 10:32:12,689.689,__main___datalogs,INFO,JoyConState.PREP_SNS,-134.975000,-130.850000,9.040000,0.091547,0.006866,0.013732,0.027464,0.000000,0.000000,0.000000,0.000000,0,0,0,0,0,0,0,0,0,0,0,0.045257568359375,-0.004302978515625,0,0,0,0,0,0,0,0,Object notstarted,Object notstarted,Object notstarted,Object notstarted,Object notstarted,Object notstarted,Object notstarted,Object notstarted,Object notstarted
2024-03-18 10:32:12,721.721,__main___datalogs,INFO,JoyConState.PREP_SNS,-134.975000,-130.850000,9.040000,0.091547,0.006866,0.013732,0.027464,0.000000,0.000000,0.000000,0.000000,0,0,0,0,0,0,0,0,0,0,0,0.045257568359375,-0.004302978515625,0,0,0,0,0,0,0,0,Object notstarted,Object notstarted,Object notstarted,Object notstarted,Object notstarted,Object notstarted,Object notstarted,Object notstarted,Object notstarted
2024-03-18 10:32:12,753.753,__main___datalogs,INFO,JoyConState.PREP_SNS,-134.975000,-130.850000,9.040000,0.089258,0.002289,0.013732,0.025176,0.000000,0.000000,0.000000,0.000000,0,0,0,0,0,0,0,0,0,0,0,0.045257568359375,-0.004302978515625,0,0,0,0,0,0,0,0,Object notstarted,Object notstarted,Object notstarted,Object notstarted,Object notstarted,Object notstarted,Object notstarted,Object notstarted,Object notstarted
2024-03-18 10:32:12,785.785,__main___datalogs,INFO,JoyConState.PREP_SNS,-134.975000,-130.850000,9.040000,0.089258,0.002289,0.013732,0.027464,0.000000,0.000000,0.000000,0.000000,0,0,0,0,0,0,0,0,0,0,0,0.045257568359375,-0.004302978515625,0,0,0,0,0,0,0,0,Object notstarted,Object notstarted,Object notstarted,Object notstarted,Object notstarted,Object notstarted,Object notstarted,Object notstarted,Object notstarted
2024-03-18 10:32:12,817.817,__main___datalogs,INFO,JoyConState.PREP_SNS,-134.975000,-130.850000,9.040000,0.089258,0.002289,0.013732,0.027464,0.000000,0.000000,0.000000,0.000000,0,0,0,0,0,0,0,0,0,0,0,0.045257568359375,-0.004302978515625,0,0,0,0,0,0,0,0,Object notstarted,Object notstarted,Object notstarted,Object notstarted,Object notstarted,Object notstarted,Object notstarted,Object notstarted,Object notstarted
2024-03-18 10:32:12,849.849,__main___datalogs,INFO,JoyConState.PREP_SNS,-134.975000,-130.850000,9.040000,0.091547,0.002289,0.013732,0.027464,0.000000,0.000000,0.000000,0.000000,0,0,0,0,0,0,0,0,0,0,0,0.045257568359375,-0.004302978515625,0,0,0,0,0,0,0,0,Object notstarted,Object notstarted,Object notstarted,Object notstarted,Object notstarted,Object notstarted,Object notstarted,Object notstarted,Object notstarted
2024-03-18 10:32:12,881.881,__main___datalogs,INFO,JoyConState.PREP_SNS,-134.975000,-130.850000,9.040000,0.096125,0.006866,0.013732,0.027464,0.000000,0.000000,0.000000,0.000000,0,0,0,0,0,0,0,0,0,0,0,0.045257568359375,-0.004302978515625,0,0,0,0,0,0,0,0,Object notstarted,Object notstarted,Object notstarted,Object notstarted,Object notstarted,Object notstarted,Object notstarted,Object notstarted,Object notstarted
2024-03-18 10:32:12,913.913,__main___datalogs,INFO,JoyConState.PREP_SNS,-134.975000,-130.850000,9.040000,0.096125,0.006866,0.013732,0.027464,0.000000,0.000000,0.000000,0.000000,0,0,0,0,0,0,0,0,0,0,0,0.045257568359375,-0.004302978515625,0,0,0,0,0,0,0,0,Object notstarted,Object notstarted,Object notstarted,Object notstarted,Object notstarted,Object notstarted,Object notstarted,Object notstarted,Object notstarted
2024-03-18 10:32:12,944.944,__main___datalogs,INFO,JoyConState.PREP_SNS,-134.975000,-130.850000,9.040000,0.089258,0.006866,0.013732,0.027464,0.000000,0.000000,0.000000,0.000000,0,0,0,0,0,0,0,0,0,0,0,0.045257568359375,-0.004302978515625,0,0,0,0,0,0,0,0,Object notstarted,Object notstarted,Object notstarted,Object notstarted,Object notstarted,Object notstarted,Object notstarted,Object notstarted,Object notstarted
2024-03-18 10:32:12,977.977,__main___datalogs,INFO,JoyConState.PREP_SNS,-134.975000,-130.850000,9.040000,0.091547,0.006866,0.013732,0.025176,0.000000,0.000000,0.000000,0.000000,0,0,0,0,0,0,0,0,0,0,0,0.045257568359375,-0.004302978515625,0,0,0,0,0,0,0,0,Object notstarted,Object notstarted,Object notstarted,Object notstarted,Object notstarted,Object notstarted,Object notstarted,Object notstarted,Object notstarted
2024-03-18 10:32:13,009.009,__main___datalogs,INFO,JoyConState.PREP_SNS,-134.975000,-130.850000,9.040000,0.089258,0.006866,0.013732,0.027464,0.000000,0.000000,0.000000,0.000000,0,0,0,0,0,0,0,0,0,0,0,0.045257568359375,-0.004302978515625,0,0,0,0,0,0,0,0,Object notstarted,Object notstarted,Object notstarted,Object notstarted,Object notstarted,Object notstarted,Object notstarted,Object notstarted,Object notstarted
2024-03-18 10:32:13,041.041,__main___datalogs,INFO,JoyConState.PREP_SNS,-134.975000,-130.850000,9.040000,0.089258,0.006866,0.013732,0.025176,0.000000,0.000000,0.000000,0.000000,0,0,0,0,0,0,0,0,0,0,0,0.045257568359375,-0.004302978515625,0,0,0,0,0,0,0,0,Object notstarted,Object notstarted,Object notstarted,Object notstarted,Object notstarted,Object notstarted,Object notstarted,Object notstarted,Object notstarted
2024-03-18 10:32:13,073.073,__main___datalogs,INFO,JoyConState.PREP_SNS,-134.975000,-130.850000,9.040000,0.091547,0.006866,0.011443,0.020598,0.000000,0.000000,0.000000,0.000000,0,0,0,0,0,0,0,0,0,0,0,0.045257568359375,-0.004302978515625,0,0,0,0,0,0,0,0,Object notstarted,Object notstarted,Object notstarted,Object notstarted,Object notstarted,Object notstarted,Object notstarted,Object notstarted,Object notstarted
2024-03-18 10:32:13,105.105,__main___datalogs,INFO,JoyConState.PREP_SNS,-134.975000,-130.850000,9.040000,0.091547,0.006866,0.013732,0.025176,0.000000,0.000000,0.000000,0.000000,0,0,0,0,0,0,0,0,0,0,0,0.045257568359375,-0.004302978515625,0,0,0,0,0,0,0,0,Object notstarted,Object notstarted,Object notstarted,Object notstarted,Object notstarted,Object notstarted,Object notstarted,Object notstarted,Object notstarted
2024-03-18 10:32:13,137.137,__main___datalogs,INFO,JoyConState.PREP_SNS,-134.975000,-130.850000,9.040000,0.089258,0.006866,0.013732,0.025176,0.000000,0.000000,0.000000,0.000000,0,0,0,0,0,0,0,0,0,0,0,0.045257568359375,-0.004302978515625,0,0,0,0,0,0,0,0,Object notstarted,Object notstarted,Object notstarted,Object notstarted,Object notstarted,Object notstarted,Object notstarted,Object notstarted,Object notstarted
2024-03-18 10:32:13,180.180,__main___datalogs,INFO,JoyConState.PREP_SNS,-134.975000,-130.850000,9.040000,0.096125,0.006866,0.013732,0.027464,0.000000,0.000000,0.000000,0.000000,0,0,0,0,0,0,0,0,0,0,0,0.045257568359375,-0.004302978515625,0,0,0,0,0,0,0,0,Object notstarted,Object notstarted,Object notstarted,Object notstarted,Object notstarted,Object notstarted,Object notstarted,Object notstarted,Object notstarted
2024-03-18 10:32:13,226.226,__main___datalogs,INFO,JoyConState.PREP_SNS,-134.975000,-130.850000,9.040000,0.091547,0.006866,0.013732,0.025176,0.000000,0.000000,0.000000,0.000000,0,0,0,0,0,0,0,0,0,0,0,0.045257568359375,-0.004302978515625,0,0,0,0,0,0,0,0,Object notstarted,Object notstarted,Object notstarted,Object notstarted,Object notstarted,Object notstarted,Object notstarted,Object notstarted,Object notstarted
2024-03-18 10:32:13,263.263,__main___datalogs,INFO,JoyConState.PREP_SNS,-134.975000,-130.850000,9.040000,0.096125,0.006866,0.013732,0.027464,0.000000,0.000000,0.000000,0.000000,0,0,0,0,0,0,0,0,0,0,0,0.045257568359375,-0.004302978515625,0,0,0,0,0,0,0,0,Object notstarted,Object notstarted,Object notstarted,Object notstarted,Object notstarted,Object notstarted,Object notstarted,Object notstarted,Object notstarted
2024-03-18 10:32:13,301.301,__main___datalogs,INFO,JoyConState.PREP_SNS,-134.975000,-130.850000,9.040000,0.091547,0.009155,0.013732,0.025176,0.000000,0.000000,0.000000,0.000000,0,0,0,0,0,0,0,0,0,0,0,0.045257568359375,-0.004302978515625,0,0,0,0,0,0,0,0,Object notstarted,Object notstarted,Object notstarted,Object notstarted,Object notstarted,Object notstarted,Object notstarted,Object notstarted,Object notstarted
2024-03-18 10:32:13,337.337,__main___datalogs,INFO,JoyConState.PREP_SNS,-134.975000,-130.850000,9.040000,0.091547,0.006866,0.013732,0.025176,0.000000,0.000000,0.000000,0.000000,0,0,0,0,0,0,0,0,0,0,0,0.045257568359375,-0.004302978515625,0,0,0,0,0,0,0,0,Object notstarted,Object notstarted,Object notstarted,Object notstarted,Object notstarted,Object notstarted,Object notstarted,Object notstarted,Object notstarted
2024-03-18 10:32:13,368.368,__main___datalogs,INFO,JoyConState.PREP_SNS,-134.975000,-130.850000,9.040000,0.096125,0.006866,0.013732,0.025176,0.000000,0.000000,0.000000,0.000000,0,0,0,0,0,0,0,0,0,0,0,0.045257568359375,-0.004302978515625,0,0,0,0,0,0,0,0,Object notstarted,Object notstarted,Object notstarted,Object notstarted,Object notstarted,Object notstarted,Object notstarted,Object notstarted,Object notstarted
2024-03-18 10:32:13,400.400,__main___datalogs,INFO,JoyConState.PREP_SNS,-134.975000,-130.850000,9.040000,0.096125,0.009155,0.013732,0.027464,0.000000,0.000000,0.000000,0.000000,0,0,0,0,0,0,0,0,0,0,0,0.045257568359375,-0.004302978515625,0,0,0,0,0,0,0,0,Object notstarted,Object notstarted,Object notstarted,Object notstarted,Object notstarted,Object notstarted,Object notstarted,Object notstarted,Object notstarted
2024-03-18 10:32:13,431.431,__main___datalogs,INFO,JoyConState.PREP_SNS,-134.975000,-130.850000,9.040000,0.091547,0.006866,0.013732,0.027464,0.000000,0.000000,0.000000,0.000000,0,0,0,0,0,0,0,0,0,0,0,0.045257568359375,-0.004302978515625,0,0,0,0,0,0,0,0,Object notstarted,Object notstarted,Object notstarted,Object notstarted,Object notstarted,Object notstarted,Object notstarted,Object notstarted,Object notstarted
2024-03-18 10:32:13,464.464,__main___datalogs,INFO,JoyConState.PREP_SNS,-134.975000,-130.850000,9.040000,0.089258,0.006866,0.013732,0.027464,0.000000,0.000000,0.000000,0.000000,0,0,0,0,0,0,0,0,0,0,0,0.045257568359375,-0.004302978515625,0,0,0,0,0,0,0,0,Object notstarted,Object notstarted,Object notstarted,Object notstarted,Object notstarted,Object notstarted,Object notstarted,Object notstarted,Object notstarted
2024-03-18 10:32:13,496.496,__main___datalogs,INFO,JoyConState.PREP_SNS,-134.975000,-130.850000,9.040000,0.089258,0.006866,0.013732,0.025176,0.000000,0.000000,0.000000,0.000000,0,0,0,0,0,0,0,0,0,0,0,0.045257568359375,-0.004302978515625,0,0,0,0,0,0,0,0,Object notstarted,Object notstarted,Object notstarted,Object notstarted,Object notstarted,Object notstarted,Object notstarted,Object notstarted,Object notstarted
2024-03-18 10:32:13,528.528,__main___datalogs,INFO,JoyConState.PREP_SNS,-134.975000,-130.850000,9.040000,0.089258,0.006866,0.013732,0.025176,0.000000,0.000000,0.000000,0.000000,0,0,0,0,0,0,0,0,0,0,0,0.045257568359375,-0.004302978515625,0,0,0,0,0,0,0,0,Object notstarted,Object notstarted,Object notstarted,Object notstarted,Object notstarted,Object notstarted,Object notstarted,Object notstarted,Object notstarted
2024-03-18 10:32:13,560.560,__main___datalogs,INFO,JoyConState.PREP_SNS,-134.975000,-130.850000,9.040000,0.091547,0.002289,0.013732,0.027464,0.000000,0.000000,0.000000,0.000000,0,0,0,0,0,0,0,0,0,0,0,0.045257568359375,-0.004302978515625,0,0,0,0,0,0,0,0,Object notstarted,Object notstarted,Object notstarted,Object notstarted,Object notstarted,Object notstarted,Object notstarted,Object notstarted,Object notstarted
2024-03-18 10:32:13,592.592,__main___datalogs,INFO,JoyConState.PREP_SNS,-134.975000,-130.850000,9.040000,0.091547,0.002289,0.013732,0.027464,0.000000,0.000000,0.000000,0.000000,0,0,0,0,0,0,0,0,0,0,0,0.045257568359375,-0.004302978515625,0,0,0,0,0,0,0,0,Object notstarted,Object notstarted,Object notstarted,Object notstarted,Object notstarted,Object notstarted,Object notstarted,Object notstarted,Object notstarted
2024-03-18 10:32:13,623.623,__main___datalogs,INFO,JoyConState.PREP_SNS,-134.975000,-130.850000,9.040000,0.091547,0.002289,0.013732,0.025176,0.000000,0.000000,0.000000,0.000000,0,0,0,0,0,0,0,0,0,0,0,0.045257568359375,-0.004302978515625,0,0,0,0,0,0,0,0,Object notstarted,Object notstarted,Object notstarted,Object notstarted,Object notstarted,Object notstarted,Object notstarted,Object notstarted,Object notstarted
2024-03-18 10:32:13,656.656,__main___datalogs,INFO,JoyConState.PREP_SNS,-134.975000,-130.850000,9.040000,0.089258,0.002289,0.013732,0.020598,0.000000,0.000000,0.000000,0.000000,0,0,0,0,0,0,0,0,0,0,0,0.045257568359375,-0.004302978515625,0,0,0,0,0,0,0,0,Object notstarted,Object notstarted,Object notstarted,Object notstarted,Object notstarted,Object notstarted,Object notstarted,Object notstarted,Object notstarted
2024-03-18 10:32:13,687.687,__main___datalogs,INFO,JoyConState.PREP_SNS,-134.975000,-130.850000,9.040000,0.089258,0.006866,0.013732,0.020598,0.000000,0.000000,0.000000,0.000000,0,0,0,0,0,0,0,0,0,0,0,0.045257568359375,-0.004302978515625,0,0,0,0,0,0,0,0,Object notstarted,Object notstarted,Object notstarted,Object notstarted,Object notstarted,Object notstarted,Object notstarted,Object notstarted,Object notstarted
2024-03-18 10:32:13,720.720,__main___datalogs,INFO,JoyConState.PREP_SNS,-134.975000,-130.850000,9.040000,0.091547,0.006866,0.013732,0.020598,0.000000,0.000000,0.000000,0.000000,0,0,0,0,0,0,0,0,0,0,0,0.045257568359375,-0.004302978515625,0,0,0,0,0,0,0,0,Object notstarted,Object notstarted,Object notstarted,Object notstarted,Object notstarted,Object notstarted,Object notstarted,Object notstarted,Object notstarted
2024-03-18 10:32:13,752.752,__main___datalogs,INFO,JoyConState.PREP_SNS,-134.975000,-130.850000,9.040000,0.089258,0.006866,0.013732,0.025176,0.000000,0.000000,0.000000,0.000000,0,0,0,0,0,0,0,0,0,0,0,0.045257568359375,-0.004302978515625,0,0,0,0,0,0,0,0,Object notstarted,Object notstarted,Object notstarted,Object notstarted,Object notstarted,Object notstarted,Object notstarted,Object notstarted,Object notstarted
2024-03-18 10:32:13,783.783,__main___datalogs,INFO,JoyConState.PREP_SNS,-134.975000,-130.850000,9.040000,0.089258,0.002289,0.013732,0.025176,0.000000,0.000000,0.000000,0.000000,0,0,0,0,0,0,0,0,0,0,0,0.045257568359375,-0.004302978515625,0,0,0,0,0,0,0,0,Object notstarted,Object notstarted,Object notstarted,Object notstarted,Object notstarted,Object notstarted,Object notstarted,Object notstarted,Object notstarted
2024-03-18 10:32:13,815.815,__main___datalogs,INFO,JoyConState.PREP_SNS,-134.975000,-130.850000,9.040000,0.089258,0.002289,0.011443,0.027464,0.000000,0.000000,0.000000,0.000000,0,0,0,0,0,0,0,0,0,0,0,0.045257568359375,-0.004302978515625,0,0,0,0,0,0,0,0,Object notstarted,Object notstarted,Object notstarted,Object notstarted,Object notstarted,Object notstarted,Object notstarted,Object notstarted,Object notstarted
2024-03-18 10:32:13,847.847,__main___datalogs,INFO,JoyConState.PREP_SNS,-134.975000,-130.850000,9.040000,0.091547,0.002289,0.013732,0.027464,0.000000,0.000000,0.000000,0.000000,0,0,0,0,0,0,0,0,0,0,0,0.045257568359375,-0.004302978515625,0,0,0,0,0,0,0,0,Object notstarted,Object notstarted,Object notstarted,Object notstarted,Object notstarted,Object notstarted,Object notstarted,Object notstarted,Object notstarted
2024-03-18 10:32:13,879.879,__main___datalogs,INFO,JoyConState.PREP_SNS,-134.975000,-130.850000,9.040000,0.089258,0.006866,0.013732,0.025176,0.000000,0.000000,0.000000,0.000000,0,0,0,0,0,0,0,0,0,0,0,0.045257568359375,-0.004302978515625,0,0,0,0,0,0,0,0,Object notstarted,Object notstarted,Object notstarted,Object notstarted,Object notstarted,Object notstarted,Object notstarted,Object notstarted,Object notstarted
2024-03-18 10:32:13,912.912,__main___datalogs,INFO,JoyConState.PREP_SNS,-134.975000,-130.850000,9.040000,0.089258,0.006866,0.013732,0.025176,0.000000,0.000000,0.000000,0.000000,0,0,0,0,0,0,0,0,0,0,0,0.045257568359375,-0.004302978515625,0,0,0,0,0,0,0,0,Object notstarted,Object notstarted,Object notstarted,Object notstarted,Object notstarted,Object notstarted,Object notstarted,Object notstarted,Object notstarted
2024-03-18 10:32:13,943.943,__main___datalogs,INFO,JoyConState.PREP_SNS,-134.975000,-130.850000,9.040000,0.089258,0.006866,0.013732,0.025176,0.000000,0.000000,0.000000,0.000000,0,0,0,0,0,0,0,0,0,0,0,0.045257568359375,-0.004302978515625,0,0,0,0,0,0,0,0,Object notstarted,Object notstarted,Object notstarted,Object notstarted,Object notstarted,Object notstarted,Object notstarted,Object notstarted,Object notstarted
2024-03-18 10:32:13,975.975,__main___datalogs,INFO,JoyConState.PREP_SNS,-134.975000,-130.850000,9.040000,0.091547,0.002289,0.013732,0.025176,0.000000,0.000000,0.000000,0.000000,0,0,0,0,0,0,0,0,0,0,0,0.045257568359375,-0.004302978515625,0,0,0,0,0,0,0,0,Object notstarted,Object notstarted,Object notstarted,Object notstarted,Object notstarted,Object notstarted,Object notstarted,Object notstarted,Object notstarted
2024-03-18 10:32:14,007.007,__main___datalogs,INFO,JoyConState.PREP_SNS,-134.975000,-130.850000,9.040000,0.091547,0.002289,0.013732,0.027464,0.000000,0.000000,0.000000,0.000000,0,0,0,0,0,0,0,0,0,0,0,0.045257568359375,-0.004302978515625,0,0,0,0,0,0,0,0,Object notstarted,Object notstarted,Object notstarted,Object notstarted,Object notstarted,Object notstarted,Object notstarted,Object notstarted,Object notstarted
2024-03-18 10:32:14,039.039,__main___datalogs,INFO,JoyConState.PREP_SNS,-134.975000,-130.850000,9.040000,0.091547,0.002289,0.018310,0.027464,0.000000,0.000000,0.000000,0.000000,0,0,0,0,0,0,0,0,0,0,0,0.045257568359375,-0.004302978515625,0,0,0,0,0,0,0,0,Object notstarted,Object notstarted,Object notstarted,Object notstarted,Object notstarted,Object notstarted,Object notstarted,Object notstarted,Object notstarted
2024-03-18 10:32:14,072.072,__main___datalogs,INFO,JoyConState.PREP_SNS,-134.975000,-130.850000,9.040000,0.091547,0.006866,0.013732,0.027464,0.000000,0.000000,0.000000,0.000000,0,0,0,0,0,0,0,0,0,0,0,0.045257568359375,-0.004302978515625,0,0,0,0,0,0,0,0,Object notstarted,Object notstarted,Object notstarted,Object notstarted,Object notstarted,Object notstarted,Object notstarted,Object notstarted,Object notstarted
2024-03-18 10:32:14,103.103,__main___datalogs,INFO,JoyConState.PREP_SNS,-134.975000,-130.850000,9.040000,0.089258,0.006866,0.013732,0.025176,0.000000,0.000000,0.000000,0.000000,0,0,0,0,0,0,0,0,0,0,0,0.045257568359375,-0.004302978515625,0,0,0,0,0,0,0,0,Object notstarted,Object notstarted,Object notstarted,Object notstarted,Object notstarted,Object notstarted,Object notstarted,Object notstarted,Object notstarted
2024-03-18 10:32:14,135.135,__main___datalogs,INFO,JoyConState.PREP_SNS,-134.975000,-130.850000,9.040000,0.089258,0.006866,0.013732,0.020598,0.000000,0.000000,0.000000,0.000000,0,0,0,0,0,0,0,0,0,0,0,0.045257568359375,-0.004302978515625,0,0,0,0,0,0,0,0,Object notstarted,Object notstarted,Object notstarted,Object notstarted,Object notstarted,Object notstarted,Object notstarted,Object notstarted,Object notstarted
2024-03-18 10:32:14,167.167,__main___datalogs,INFO,JoyConState.PREP_SNS,-134.975000,-130.850000,9.040000,0.089258,0.006866,0.013732,0.020598,0.000000,0.000000,0.000000,0.000000,0,0,0,0,0,0,0,0,0,0,0,0.045257568359375,-0.004302978515625,0,0,0,0,0,0,0,0,Object notstarted,Object notstarted,Object notstarted,Object notstarted,Object notstarted,Object notstarted,Object notstarted,Object notstarted,Object notstarted
2024-03-18 10:32:14,199.199,__main___datalogs,INFO,JoyConState.PREP_SNS,-134.975000,-130.850000,9.040000,0.089258,0.006866,0.013732,0.016021,0.000000,0.000000,0.000000,0.000000,0,0,0,0,0,0,0,0,0,0,0,0.045257568359375,-0.004302978515625,0,0,0,0,0,0,0,0,Object notstarted,Object notstarted,Object notstarted,Object notstarted,Object notstarted,Object notstarted,Object notstarted,Object notstarted,Object notstarted
2024-03-18 10:32:14,251.251,__main___datalogs,INFO,JoyConState.PREP_SNS,-134.975000,-130.850000,9.040000,0.089258,0.006866,0.013732,0.020598,0.000000,0.000000,0.000000,0.000000,0,0,0,0,0,0,0,0,0,0,0,0.045257568359375,-0.004302978515625,0,0,0,0,0,0,0,0,Object notstarted,Object notstarted,Object notstarted,Object notstarted,Object notstarted,Object notstarted,Object notstarted,Object notstarted,Object notstarted
2024-03-18 10:32:14,297.297,__main___datalogs,INFO,JoyConState.PREP_SNS,-134.975000,-130.850000,9.040000,0.089258,0.002289,0.013732,0.020598,0.000000,0.000000,0.000000,0.000000,0,0,0,0,0,0,0,0,0,0,0,0.045257568359375,-0.004302978515625,0,0,0,0,0,0,0,0,Object notstarted,Object notstarted,Object notstarted,Object notstarted,Object notstarted,Object notstarted,Object notstarted,Object notstarted,Object notstarted
2024-03-18 10:32:14,334.334,__main___datalogs,INFO,JoyConState.PREP_SNS,-134.975000,-130.850000,9.040000,0.091547,0.006866,0.013732,0.025176,0.000000,0.000000,0.000000,0.000000,0,0,0,0,0,0,0,0,0,0,0,0.045257568359375,-0.004302978515625,0,0,0,0,0,0,0,0,Object notstarted,Object notstarted,Object notstarted,Object notstarted,Object notstarted,Object notstarted,Object notstarted,Object notstarted,Object notstarted
2024-03-18 10:32:14,370.370,__main___datalogs,INFO,JoyConState.PREP_SNS,-134.975000,-130.850000,9.040000,0.089258,0.006866,0.013732,0.025176,0.000000,0.000000,0.000000,0.000000,0,0,0,0,0,0,0,0,0,0,0,0.045257568359375,-0.004302978515625,0,0,0,0,0,0,0,0,Object notstarted,Object notstarted,Object notstarted,Object notstarted,Object notstarted,Object notstarted,Object notstarted,Object notstarted,Object notstarted
2024-03-18 10:32:14,406.406,__main___datalogs,INFO,JoyConState.PREP_SNS,-134.975000,-130.850000,9.040000,0.089258,0.006866,0.013732,0.027464,0.000000,0.000000,0.000000,0.000000,0,0,0,0,0,0,0,0,0,0,0,0.045257568359375,-0.004302978515625,0,0,0,0,0,0,0,0,Object notstarted,Object notstarted,Object notstarted,Object notstarted,Object notstarted,Object notstarted,Object notstarted,Object notstarted,Object notstarted
2024-03-18 10:32:14,437.437,__main___datalogs,INFO,JoyConState.PREP_SNS,-134.975000,-130.850000,9.040000,0.089258,0.006866,0.013732,0.025176,0.000000,0.000000,0.000000,0.000000,0,0,0,0,0,0,0,0,0,0,0,0.045257568359375,-0.004302978515625,0,0,0,0,0,0,0,0,Object notstarted,Object notstarted,Object notstarted,Object notstarted,Object notstarted,Object notstarted,Object notstarted,Object notstarted,Object notstarted
2024-03-18 10:32:14,469.469,__main___datalogs,INFO,JoyConState.PREP_SNS,-134.975000,-130.850000,9.040000,0.091547,0.006866,0.013732,0.027464,0.000000,0.000000,0.000000,0.000000,0,0,0,0,0,0,0,0,0,0,0,0.045257568359375,-0.004302978515625,0,0,0,0,0,0,0,0,Object notstarted,Object notstarted,Object notstarted,Object notstarted,Object notstarted,Object notstarted,Object notstarted,Object notstarted,Object notstarted
2024-03-18 10:32:14,502.502,__main___datalogs,INFO,JoyConState.PREP_SNS,-134.975000,-130.850000,9.040000,0.089258,0.006866,0.013732,0.027464,0.000000,0.000000,0.000000,0.000000,0,0,0,0,0,0,0,0,0,0,0,0.045257568359375,-0.004302978515625,0,0,0,0,0,0,0,0,Object notstarted,Object notstarted,Object notstarted,Object notstarted,Object notstarted,Object notstarted,Object notstarted,Object notstarted,Object notstarted
2024-03-18 10:32:14,533.533,__main___datalogs,INFO,JoyConState.PREP_SNS,-134.975000,-130.850000,9.040000,0.089258,0.006866,0.013732,0.027464,0.000000,0.000000,0.000000,0.000000,0,0,0,0,0,0,0,0,0,0,0,0.045257568359375,-0.004302978515625,0,0,0,0,0,0,0,0,Object notstarted,Object notstarted,Object notstarted,Object notstarted,Object notstarted,Object notstarted,Object notstarted,Object notstarted,Object notstarted
2024-03-18 10:32:14,566.566,__main___datalogs,INFO,JoyConState.PREP_SNS,-134.975000,-130.850000,9.040000,0.089258,0.006866,0.013732,0.027464,0.000000,0.000000,0.000000,0.000000,0,0,0,0,0,0,0,0,0,0,0,0.045257568359375,-0.004302978515625,0,0,0,0,0,0,0,0,Object notstarted,Object notstarted,Object notstarted,Object notstarted,Object notstarted,Object notstarted,Object notstarted,Object notstarted,Object notstarted
2024-03-18 10:32:14,598.598,__main___datalogs,INFO,JoyConState.PREP_SNS,-134.975000,-130.850000,9.040000,0.091547,0.002289,0.013732,0.025176,0.000000,0.000000,0.000000,0.000000,0,0,0,0,0,0,0,0,0,0,0,0.045257568359375,-0.004302978515625,0,0,0,0,0,0,0,0,Object notstarted,Object notstarted,Object notstarted,Object notstarted,Object notstarted,Object notstarted,Object notstarted,Object notstarted,Object notstarted
2024-03-18 10:32:14,630.630,__main___datalogs,INFO,JoyConState.PREP_SNS,-134.975000,-130.850000,9.040000,0.096125,0.002289,0.013732,0.025176,0.000000,0.000000,0.000000,0.000000,0,0,0,0,0,0,0,0,0,0,0,0.045257568359375,-0.004302978515625,0,0,0,0,0,0,0,0,Object notstarted,Object notstarted,Object notstarted,Object notstarted,Object notstarted,Object notstarted,Object notstarted,Object notstarted,Object notstarted
2024-03-18 10:32:14,660.660,__main___datalogs,INFO,JoyConState.PREP_SNS,-134.975000,-130.850000,9.040000,0.091547,0.006866,0.011443,0.025176,0.000000,0.000000,0.000000,0.000000,0,0,0,0,0,0,0,0,0,0,0,0.045257568359375,-0.004302978515625,0,0,0,0,0,0,0,0,Object notstarted,Object notstarted,Object notstarted,Object notstarted,Object notstarted,Object notstarted,Object notstarted,Object notstarted,Object notstarted
2024-03-18 10:32:14,694.694,__main___datalogs,INFO,JoyConState.PREP_SNS,-134.975000,-130.850000,9.040000,0.089258,0.002289,0.011443,0.025176,0.000000,0.000000,0.000000,0.000000,0,0,0,0,0,0,0,0,0,0,0,0.045257568359375,-0.004302978515625,0,0,0,0,0,0,0,0,Object notstarted,Object notstarted,Object notstarted,Object notstarted,Object notstarted,Object notstarted,Object notstarted,Object notstarted,Object notstarted
2024-03-18 10:32:14,731.731,__main___datalogs,INFO,JoyConState.PREP_SNS,-134.975000,-130.850000,9.040000,0.089258,0.002289,0.011443,0.027464,0.000000,0.000000,0.000000,0.000000,0,0,0,0,0,0,0,0,0,0,0,0.045257568359375,-0.004302978515625,0,0,0,0,0,0,0,0,Object notstarted,Object notstarted,Object notstarted,Object notstarted,Object notstarted,Object notstarted,Object notstarted,Object notstarted,Object notstarted
2024-03-18 10:32:14,768.768,__main___datalogs,INFO,JoyConState.PREP_SNS,-134.975000,-130.850000,9.040000,0.089258,0.002289,0.013732,0.025176,0.000000,0.000000,0.000000,0.000000,0,0,0,0,0,0,0,0,0,0,0,0.045257568359375,-0.004302978515625,0,0,0,0,0,0,0,0,Object notstarted,Object notstarted,Object notstarted,Object notstarted,Object notstarted,Object notstarted,Object notstarted,Object notstarted,Object notstarted
2024-03-18 10:32:14,806.806,__main___datalogs,INFO,JoyConState.PREP_SNS,-134.975000,-130.850000,9.040000,0.089258,0.006866,0.013732,0.027464,0.000000,0.000000,0.000000,0.000000,0,0,0,0,0,0,0,0,0,0,0,0.045257568359375,-0.004302978515625,0,0,0,0,0,0,0,0,Object notstarted,Object notstarted,Object notstarted,Object notstarted,Object notstarted,Object notstarted,Object notstarted,Object notstarted,Object notstarted
2024-03-18 10:32:14,843.843,__main___datalogs,INFO,JoyConState.PREP_SNS,-134.975000,-130.850000,9.040000,0.089258,0.006866,0.013732,0.027464,0.000000,0.000000,0.000000,0.000000,0,0,0,0,0,0,0,0,0,0,0,0.045257568359375,-0.004302978515625,0,0,0,0,0,0,0,0,Object notstarted,Object notstarted,Object notstarted,Object notstarted,Object notstarted,Object notstarted,Object notstarted,Object notstarted,Object notstarted
2024-03-18 10:32:14,881.881,__main___datalogs,INFO,JoyConState.PREP_SNS,-134.975000,-130.850000,9.040000,0.089258,0.006866,0.013732,0.025176,0.000000,0.000000,0.000000,0.000000,0,0,0,0,0,0,0,0,0,0,0,0.045257568359375,-0.004302978515625,0,0,0,0,0,0,0,0,Object notstarted,Object notstarted,Object notstarted,Object notstarted,Object notstarted,Object notstarted,Object notstarted,Object notstarted,Object notstarted
2024-03-18 10:32:14,917.917,__main___datalogs,INFO,JoyConState.PREP_SNS,-134.975000,-130.850000,9.040000,0.089258,0.006866,0.013732,0.025176,0.000000,0.000000,0.000000,0.000000,0,0,0,0,0,0,0,0,0,0,0,0.045257568359375,-0.004302978515625,0,0,0,0,0,0,0,0,Object notstarted,Object notstarted,Object notstarted,Object notstarted,Object notstarted,Object notstarted,Object notstarted,Object notstarted,Object notstarted
2024-03-18 10:32:14,954.954,__main___datalogs,INFO,JoyConState.PREP_SNS,-134.975000,-130.850000,9.040000,0.089258,0.006866,0.011443,0.027464,0.000000,0.000000,0.000000,0.000000,0,0,0,0,0,0,0,0,0,0,0,0.045257568359375,-0.004302978515625,0,0,0,0,0,0,0,0,Object notstarted,Object notstarted,Object notstarted,Object notstarted,Object notstarted,Object notstarted,Object notstarted,Object notstarted,Object notstarted
2024-03-18 10:32:14,985.985,__main___datalogs,INFO,JoyConState.PREP_SNS,-134.975000,-130.850000,9.040000,0.089258,0.006866,0.011443,0.027464,0.000000,0.000000,0.000000,0.000000,0,0,0,0,0,0,0,0,0,0,0,0.045257568359375,-0.004302978515625,0,0,0,0,0,0,0,0,Object notstarted,Object notstarted,Object notstarted,Object notstarted,Object notstarted,Object notstarted,Object notstarted,Object notstarted,Object notstarted
2024-03-18 10:32:15,017.017,__main___datalogs,INFO,JoyConState.PREP_SNS,-134.975000,-130.850000,9.040000,0.089258,0.006866,0.011443,0.025176,0.000000,0.000000,0.000000,0.000000,0,0,0,0,0,0,0,0,0,0,0,0.045257568359375,-0.004302978515625,0,0,0,0,0,0,0,0,Object notstarted,Object notstarted,Object notstarted,Object notstarted,Object notstarted,Object notstarted,Object notstarted,Object notstarted,Object notstarted
2024-03-18 10:32:15,049.049,__main___datalogs,INFO,JoyConState.PREP_SNS,-134.975000,-130.850000,9.040000,0.091547,0.006866,0.011443,0.020598,0.000000,0.000000,0.000000,0.000000,0,0,0,0,0,0,0,0,0,0,0,0.045257568359375,-0.004302978515625,0,0,0,0,0,0,0,0,Object notstarted,Object notstarted,Object notstarted,Object notstarted,Object notstarted,Object notstarted,Object notstarted,Object notstarted,Object notstarted
2024-03-18 10:32:15,081.081,__main___datalogs,INFO,JoyConState.PREP_SNS,-134.975000,-130.850000,9.040000,0.091547,0.006866,0.011443,0.020598,0.000000,0.000000,0.000000,0.000000,0,0,0,0,0,0,0,0,0,0,0,0.045257568359375,-0.004302978515625,0,0,0,0,0,0,0,0,Object notstarted,Object notstarted,Object notstarted,Object notstarted,Object notstarted,Object notstarted,Object notstarted,Object notstarted,Object notstarted
2024-03-18 10:32:15,114.114,__main___datalogs,INFO,JoyConState.PREP_SNS,-134.975000,-130.850000,9.040000,0.091547,0.006866,0.011443,0.025176,0.000000,0.000000,0.000000,0.000000,0,0,0,0,0,0,0,0,0,0,0,0.045257568359375,-0.004302978515625,0,0,0,0,0,0,0,0,Object notstarted,Object notstarted,Object notstarted,Object notstarted,Object notstarted,Object notstarted,Object notstarted,Object notstarted,Object notstarted
2024-03-18 10:32:15,146.146,__main___datalogs,INFO,JoyConState.PREP_SNS,-134.975000,-130.850000,9.040000,0.091547,0.006866,0.013732,0.027464,0.000000,0.000000,0.000000,0.000000,0,0,0,0,0,0,0,0,0,0,0,0.045257568359375,-0.004302978515625,0,0,0,0,0,0,0,0,Object notstarted,Object notstarted,Object notstarted,Object notstarted,Object notstarted,Object notstarted,Object notstarted,Object notstarted,Object notstarted
2024-03-18 10:32:15,177.177,__main___datalogs,INFO,JoyConState.PREP_SNS,-134.975000,-130.850000,9.040000,0.091547,0.006866,0.013732,0.027464,0.000000,0.000000,0.000000,0.000000,0,0,0,0,0,0,0,0,0,0,0,0.045257568359375,-0.004302978515625,0,0,0,0,0,0,0,0,Object notstarted,Object notstarted,Object notstarted,Object notstarted,Object notstarted,Object notstarted,Object notstarted,Object notstarted,Object notstarted
2024-03-18 10:32:15,209.209,__main___datalogs,INFO,JoyConState.PREP_SNS,-134.975000,-130.850000,9.040000,0.096125,0.006866,0.013732,0.025176,0.000000,0.000000,0.000000,0.000000,0,0,0,0,0,0,0,0,0,0,0,0.045257568359375,-0.004302978515625,0,0,0,0,0,0,0,0,Object notstarted,Object notstarted,Object notstarted,Object notstarted,Object notstarted,Object notstarted,Object notstarted,Object notstarted,Object notstarted
2024-03-18 10:32:15,240.240,__main___datalogs,INFO,JoyConState.PREP_SNS,-134.975000,-130.850000,9.040000,0.091547,0.006866,0.013732,0.027464,0.000000,0.000000,0.000000,0.000000,0,0,0,0,0,0,0,0,0,0,0,0.045257568359375,-0.004302978515625,0,0,0,0,0,0,0,0,Object notstarted,Object notstarted,Object notstarted,Object notstarted,Object notstarted,Object notstarted,Object notstarted,Object notstarted,Object notstarted
2024-03-18 10:32:15,272.272,__main___datalogs,INFO,JoyConState.PREP_SNS,-134.975000,-130.850000,9.040000,0.091547,0.002289,0.013732,0.025176,0.000000,0.000000,0.000000,0.000000,0,0,0,0,0,0,0,0,0,0,0,0.045257568359375,-0.004302978515625,0,0,0,0,0,0,0,0,Object notstarted,Object notstarted,Object notstarted,Object notstarted,Object notstarted,Object notstarted,Object notstarted,Object notstarted,Object notstarted
2024-03-18 10:32:15,321.321,__main___datalogs,INFO,JoyConState.PREP_SNS,-134.975000,-130.850000,9.040000,0.091547,0.006866,0.013732,0.025176,0.000000,0.000000,0.000000,0.000000,0,0,0,0,0,0,0,0,0,0,0,0.045257568359375,-0.004302978515625,0,0,0,0,0,0,0,0,Object notstarted,Object notstarted,Object notstarted,Object notstarted,Object notstarted,Object notstarted,Object notstarted,Object notstarted,Object notstarted
2024-03-18 10:32:15,365.365,__main___datalogs,INFO,JoyConState.PREP_SNS,-134.975000,-130.850000,9.040000,0.091547,0.006866,0.013732,0.027464,0.000000,0.000000,0.000000,0.000000,0,0,0,0,0,0,0,0,0,0,0,0.045257568359375,-0.004302978515625,0,0,0,0,0,0,0,0,Object notstarted,Object notstarted,Object notstarted,Object notstarted,Object notstarted,Object notstarted,Object notstarted,Object notstarted,Object notstarted
2024-03-18 10:32:15,401.401,__main___datalogs,INFO,JoyConState.PREP_SNS,-134.975000,-130.850000,9.040000,0.091547,0.006866,0.013732,0.027464,0.000000,0.000000,0.000000,0.000000,0,0,0,0,0,0,0,0,0,0,0,0.045257568359375,-0.004302978515625,0,0,0,0,0,0,0,0,Object notstarted,Object notstarted,Object notstarted,Object notstarted,Object notstarted,Object notstarted,Object notstarted,Object notstarted,Object notstarted
2024-03-18 10:32:15,437.437,__main___datalogs,INFO,JoyConState.PREP_SNS,-134.975000,-130.850000,9.040000,0.091547,0.006866,0.013732,0.027464,0.000000,0.000000,0.000000,0.000000,0,0,0,0,0,0,0,0,0,0,0,0.045257568359375,-0.004302978515625,0,0,0,0,0,0,0,0,Object notstarted,Object notstarted,Object notstarted,Object notstarted,Object notstarted,Object notstarted,Object notstarted,Object notstarted,Object notstarted
2024-03-18 10:32:15,468.468,__main___datalogs,INFO,JoyConState.PREP_SNS,-134.975000,-130.850000,9.040000,0.091547,0.006866,0.013732,0.027464,0.000000,0.000000,0.000000,0.000000,0,0,0,0,0,0,0,0,0,0,0,0.045257568359375,-0.004302978515625,0,0,0,0,0,0,0,0,Object notstarted,Object notstarted,Object notstarted,Object notstarted,Object notstarted,Object notstarted,Object notstarted,Object notstarted,Object notstarted
2024-03-18 10:32:15,500.500,__main___datalogs,INFO,JoyConState.PREP_SNS,-134.975000,-130.850000,9.040000,0.091547,0.002289,0.013732,0.027464,0.000000,0.000000,0.000000,0.000000,0,0,0,0,0,0,0,0,0,0,0,0.045257568359375,-0.004302978515625,0,0,0,0,0,0,0,0,Object notstarted,Object notstarted,Object notstarted,Object notstarted,Object notstarted,Object notstarted,Object notstarted,Object notstarted,Object notstarted
2024-03-18 10:32:15,534.534,__main___datalogs,INFO,JoyConState.PREP_SNS,-134.975000,-130.850000,9.040000,0.091547,0.002289,0.013732,0.027464,0.000000,0.000000,0.000000,0.000000,0,0,0,0,0,0,0,0,0,0,0,0.045257568359375,-0.004302978515625,0,0,0,0,0,0,0,0,Object notstarted,Object notstarted,Object notstarted,Object notstarted,Object notstarted,Object notstarted,Object notstarted,Object notstarted,Object notstarted
2024-03-18 10:32:15,571.571,__main___datalogs,INFO,JoyConState.PREP_SNS,-134.975000,-130.850000,9.040000,0.091547,0.002289,0.013732,0.025176,0.000000,0.000000,0.000000,0.000000,0,0,0,0,0,0,0,0,0,0,0,0.045257568359375,-0.004302978515625,0,0,0,0,0,0,0,0,Object notstarted,Object notstarted,Object notstarted,Object notstarted,Object notstarted,Object notstarted,Object notstarted,Object notstarted,Object notstarted
2024-03-18 10:32:15,608.608,__main___datalogs,INFO,JoyConState.PREP_SNS,-134.975000,-130.850000,9.040000,0.091547,0.002289,0.013732,0.027464,0.000000,0.000000,0.000000,0.000000,0,0,0,0,0,0,0,0,0,0,0,0.045257568359375,-0.004302978515625,0,0,0,0,0,0,0,0,Object notstarted,Object notstarted,Object notstarted,Object notstarted,Object notstarted,Object notstarted,Object notstarted,Object notstarted,Object notstarted
2024-03-18 10:32:15,645.645,__main___datalogs,INFO,JoyConState.PREP_SNS,-134.975000,-130.850000,9.040000,0.091547,0.002289,0.013732,0.025176,0.000000,0.000000,0.000000,0.000000,0,0,0,0,0,0,0,0,0,0,0,0.045257568359375,-0.004302978515625,0,0,0,0,0,0,0,0,Object notstarted,Object notstarted,Object notstarted,Object notstarted,Object notstarted,Object notstarted,Object notstarted,Object notstarted,Object notstarted
2024-03-18 10:32:15,681.681,__main___datalogs,INFO,JoyConState.PREP_SNS,-134.975000,-130.850000,9.040000,0.091547,0.002289,0.013732,0.027464,0.000000,0.000000,0.000000,0.000000,0,0,0,0,0,0,0,0,0,0,0,0.045257568359375,-0.004302978515625,0,0,0,0,0,0,0,0,Object notstarted,Object notstarted,Object notstarted,Object notstarted,Object notstarted,Object notstarted,Object notstarted,Object notstarted,Object notstarted
2024-03-18 10:32:15,718.718,__main___datalogs,INFO,JoyConState.PREP_SNS,-134.975000,-130.850000,9.040000,0.089258,0.006866,0.013732,0.027464,0.000000,0.000000,0.000000,0.000000,0,0,0,0,0,0,0,0,0,0,0,0.045257568359375,-0.004302978515625,0,0,0,0,0,0,0,0,Object notstarted,Object notstarted,Object notstarted,Object notstarted,Object notstarted,Object notstarted,Object notstarted,Object notstarted,Object notstarted
2024-03-18 10:32:15,749.749,__main___datalogs,INFO,JoyConState.PREP_SNS,-134.975000,-130.850000,9.040000,0.089258,0.006866,0.013732,0.027464,0.000000,0.000000,0.000000,0.000000,0,0,0,0,0,0,0,0,0,0,0,0.045257568359375,-0.004302978515625,0,0,0,0,0,0,0,0,Object notstarted,Object notstarted,Object notstarted,Object notstarted,Object notstarted,Object notstarted,Object notstarted,Object notstarted,Object notstarted
2024-03-18 10:32:15,783.783,__main___datalogs,INFO,JoyConState.PREP_SNS,-134.975000,-130.850000,9.040000,0.089258,0.006866,0.013732,0.027464,0.000000,0.000000,0.000000,0.000000,0,0,0,0,0,0,0,0,0,0,0,0.045257568359375,-0.004302978515625,0,0,0,0,0,0,0,0,Object notstarted,Object notstarted,Object notstarted,Object notstarted,Object notstarted,Object notstarted,Object notstarted,Object notstarted,Object notstarted
2024-03-18 10:32:15,819.819,__main___datalogs,INFO,JoyConState.PREP_SNS,-134.975000,-130.850000,9.040000,0.089258,0.006866,0.013732,0.027464,0.000000,0.000000,0.000000,0.000000,0,0,0,0,0,0,0,0,0,0,0,0.045257568359375,-0.004302978515625,0,0,0,0,0,0,0,0,Object notstarted,Object notstarted,Object notstarted,Object notstarted,Object notstarted,Object notstarted,Object notstarted,Object notstarted,Object notstarted
2024-03-18 10:32:15,856.856,__main___datalogs,INFO,JoyConState.PREP_SNS,-134.975000,-130.850000,9.040000,0.089258,0.006866,0.013732,0.025176,0.000000,0.000000,0.000000,0.000000,0,0,0,0,0,0,0,0,0,0,0,0.045257568359375,-0.004302978515625,0,0,0,0,0,0,0,0,Object notstarted,Object notstarted,Object notstarted,Object notstarted,Object notstarted,Object notstarted,Object notstarted,Object notstarted,Object notstarted
2024-03-18 10:32:15,894.894,__main___datalogs,INFO,JoyConState.PREP_SNS,-134.975000,-130.850000,9.040000,0.089258,0.006866,0.013732,0.025176,0.000000,0.000000,0.000000,0.000000,0,0,0,0,0,0,0,0,0,0,0,0.045257568359375,-0.004302978515625,0,0,0,0,0,0,0,0,Object notstarted,Object notstarted,Object notstarted,Object notstarted,Object notstarted,Object notstarted,Object notstarted,Object notstarted,Object notstarted
2024-03-18 10:32:15,932.932,__main___datalogs,INFO,JoyConState.PREP_SNS,-134.975000,-130.850000,9.040000,0.089258,0.006866,0.013732,0.027464,0.000000,0.000000,0.000000,0.000000,0,0,0,0,0,0,0,0,0,0,0,0.045257568359375,-0.004302978515625,0,0,0,0,0,0,0,0,Object notstarted,Object notstarted,Object notstarted,Object notstarted,Object notstarted,Object notstarted,Object notstarted,Object notstarted,Object notstarted
2024-03-18 10:32:15,968.968,__main___datalogs,INFO,JoyConState.PREP_SNS,-134.975000,-130.850000,9.040000,0.089258,0.006866,0.018310,0.027464,0.000000,0.000000,0.000000,0.000000,0,0,0,0,0,0,0,0,0,0,0,0.045257568359375,-0.004302978515625,0,0,0,0,0,0,0,0,Object notstarted,Object notstarted,Object notstarted,Object notstarted,Object notstarted,Object notstarted,Object notstarted,Object notstarted,Object notstarted
2024-03-18 10:32:16,005.005,__main___datalogs,INFO,JoyConState.PREP_SNS,-134.975000,-130.850000,9.040000,0.089258,0.006866,0.011443,0.025176,0.000000,0.000000,0.000000,0.000000,0,0,0,0,0,0,0,0,0,0,0,0.045257568359375,-0.004302978515625,0,0,0,0,0,0,0,0,Object notstarted,Object notstarted,Object notstarted,Object notstarted,Object notstarted,Object notstarted,Object notstarted,Object notstarted,Object notstarted
2024-03-18 10:32:16,043.043,__main___datalogs,INFO,JoyConState.PREP_SNS,-134.975000,-130.850000,9.040000,0.091547,0.006866,0.011443,0.027464,0.000000,0.000000,0.000000,0.000000,0,0,0,0,0,0,0,0,0,0,0,0.045257568359375,-0.004302978515625,0,0,0,0,0,0,0,0,Object notstarted,Object notstarted,Object notstarted,Object notstarted,Object notstarted,Object notstarted,Object notstarted,Object notstarted,Object notstarted
2024-03-18 10:32:16,078.078,__main___datalogs,INFO,JoyConState.PREP_SNS,-134.975000,-130.850000,9.040000,0.091547,0.006866,0.011443,0.027464,0.000000,0.000000,0.000000,0.000000,0,0,0,0,0,0,0,0,0,0,0,0.045257568359375,-0.004302978515625,0,0,0,0,0,0,0,0,Object notstarted,Object notstarted,Object notstarted,Object notstarted,Object notstarted,Object notstarted,Object notstarted,Object notstarted,Object notstarted
2024-03-18 10:32:16,110.110,__main___datalogs,INFO,JoyConState.PREP_SNS,-134.975000,-130.850000,9.040000,0.091547,0.006866,0.013732,0.027464,0.000000,0.000000,0.000000,0.000000,0,0,0,0,0,0,0,0,0,0,0,0.045257568359375,-0.004302978515625,0,0,0,0,0,0,0,0,Object notstarted,Object notstarted,Object notstarted,Object notstarted,Object notstarted,Object notstarted,Object notstarted,Object notstarted,Object notstarted
2024-03-18 10:32:16,149.149,__main___datalogs,INFO,JoyConState.PREP_SNS,-134.975000,-130.850000,9.040000,0.096125,0.006866,0.013732,0.027464,0.000000,0.000000,0.000000,0.000000,0,0,0,0,0,0,0,0,0,0,0,0.045257568359375,-0.004302978515625,0,0,0,0,0,0,0,0,Object notstarted,Object notstarted,Object notstarted,Object notstarted,Object notstarted,Object notstarted,Object notstarted,Object notstarted,Object notstarted
2024-03-18 10:32:16,184.184,__main___datalogs,INFO,JoyConState.PREP_SNS,-134.975000,-130.850000,9.040000,0.091547,0.006866,0.013732,0.027464,0.000000,0.000000,0.000000,0.000000,0,0,0,0,0,0,0,0,0,0,0,0.045257568359375,-0.004302978515625,0,0,0,0,0,0,0,0,Object notstarted,Object notstarted,Object notstarted,Object notstarted,Object notstarted,Object notstarted,Object notstarted,Object notstarted,Object notstarted
2024-03-18 10:32:16,222.222,__main___datalogs,INFO,JoyConState.PREP_SNS,-134.975000,-130.850000,9.040000,0.091547,0.006866,0.018310,0.025176,0.000000,0.000000,0.000000,0.000000,0,0,0,0,0,0,0,0,0,0,0,0.045257568359375,-0.004302978515625,0,0,0,0,0,0,0,0,Object notstarted,Object notstarted,Object notstarted,Object notstarted,Object notstarted,Object notstarted,Object notstarted,Object notstarted,Object notstarted
2024-03-18 10:32:16,259.259,__main___datalogs,INFO,JoyConState.PREP_SNS,-134.975000,-130.850000,9.040000,0.091547,0.006866,0.013732,0.025176,0.000000,0.000000,0.000000,0.000000,0,0,0,0,0,0,0,0,0,0,0,0.045257568359375,-0.004302978515625,0,0,0,0,0,0,0,0,Object notstarted,Object notstarted,Object notstarted,Object notstarted,Object notstarted,Object notstarted,Object notstarted,Object notstarted,Object notstarted
2024-03-18 10:32:16,296.296,__main___datalogs,INFO,JoyConState.PREP_SNS,-134.975000,-130.850000,9.040000,0.091547,0.006866,0.011443,0.027464,0.000000,0.000000,0.000000,0.000000,0,0,0,0,0,0,0,0,0,0,0,0.045257568359375,-0.004302978515625,0,0,0,0,0,0,0,0,Object notstarted,Object notstarted,Object notstarted,Object notstarted,Object notstarted,Object notstarted,Object notstarted,Object notstarted,Object notstarted
2024-03-18 10:32:16,327.327,__main___datalogs,INFO,JoyConState.PREP_SNS,-134.975000,-130.850000,9.040000,0.089258,0.006866,0.011443,0.025176,0.000000,0.000000,0.000000,0.000000,0,0,0,0,0,0,0,0,0,0,0,0.045257568359375,-0.004302978515625,0,0,0,0,0,0,0,0,Object notstarted,Object notstarted,Object notstarted,Object notstarted,Object notstarted,Object notstarted,Object notstarted,Object notstarted,Object notstarted
2024-03-18 10:32:16,358.358,__main___datalogs,INFO,JoyConState.PREP_SNS,-134.975000,-130.850000,9.040000,0.089258,0.006866,0.011443,0.025176,0.000000,0.000000,0.000000,0.000000,0,0,0,0,0,0,0,0,0,0,0,0.045257568359375,-0.004302978515625,0,0,0,0,0,0,0,0,Object notstarted,Object notstarted,Object notstarted,Object notstarted,Object notstarted,Object notstarted,Object notstarted,Object notstarted,Object notstarted
2024-03-18 10:32:16,410.410,__main___datalogs,INFO,JoyConState.PREP_SNS,-134.975000,-130.850000,9.040000,0.089258,0.006866,0.013732,0.025176,0.000000,0.000000,0.000000,0.000000,0,0,0,0,0,0,0,0,0,0,0,0.045257568359375,-0.004302978515625,0,0,0,0,0,0,0,0,Object notstarted,Object notstarted,Object notstarted,Object notstarted,Object notstarted,Object notstarted,Object notstarted,Object notstarted,Object notstarted
2024-03-18 10:32:16,451.451,__main___datalogs,INFO,JoyConState.PREP_SNS,-134.975000,-130.850000,9.040000,0.089258,0.006866,0.013732,0.027464,0.000000,0.000000,0.000000,0.000000,0,0,0,0,0,0,0,0,0,0,0,0.045257568359375,-0.004302978515625,0,0,0,0,0,0,0,0,Object notstarted,Object notstarted,Object notstarted,Object notstarted,Object notstarted,Object notstarted,Object notstarted,Object notstarted,Object notstarted
2024-03-18 10:32:16,488.488,__main___datalogs,INFO,JoyConState.PREP_SNS,-134.975000,-130.850000,9.040000,0.089258,0.002289,0.013732,0.025176,0.000000,0.000000,0.000000,0.000000,0,0,0,0,0,0,0,0,0,0,0,0.045257568359375,-0.004302978515625,0,0,0,0,0,0,0,0,Object notstarted,Object notstarted,Object notstarted,Object notstarted,Object notstarted,Object notstarted,Object notstarted,Object notstarted,Object notstarted
2024-03-18 10:32:16,525.525,__main___datalogs,INFO,JoyConState.PREP_SNS,-134.975000,-130.850000,9.040000,0.089258,0.006866,0.013732,0.025176,0.000000,0.000000,0.000000,0.000000,0,0,0,0,0,0,0,0,0,0,0,0.045257568359375,-0.004302978515625,0,0,0,0,0,0,0,0,Object notstarted,Object notstarted,Object notstarted,Object notstarted,Object notstarted,Object notstarted,Object notstarted,Object notstarted,Object notstarted
2024-03-18 10:32:16,561.561,__main___datalogs,INFO,JoyConState.PREP_SNS,-134.975000,-130.850000,9.040000,0.091547,0.006866,0.013732,0.027464,0.000000,0.000000,0.000000,0.000000,0,0,0,0,0,0,0,0,0,0,0,0.045257568359375,-0.004302978515625,0,0,0,0,0,0,0,0,Object notstarted,Object notstarted,Object notstarted,Object notstarted,Object notstarted,Object notstarted,Object notstarted,Object notstarted,Object notstarted
2024-03-18 10:32:16,599.599,__main___datalogs,INFO,JoyConState.PREP_SNS,-134.975000,-130.850000,9.040000,0.091547,0.006866,0.013732,0.027464,0.000000,0.000000,0.000000,0.000000,0,0,0,0,0,0,0,0,0,0,0,0.045257568359375,-0.004302978515625,0,0,0,0,0,0,0,0,Object notstarted,Object notstarted,Object notstarted,Object notstarted,Object notstarted,Object notstarted,Object notstarted,Object notstarted,Object notstarted
2024-03-18 10:32:16,635.635,__main___datalogs,INFO,JoyConState.PREP_SNS,-134.975000,-130.850000,9.040000,0.091547,0.006866,0.013732,0.027464,0.000000,0.000000,0.000000,0.000000,0,0,0,0,0,0,0,0,0,0,0,0.045257568359375,-0.004302978515625,0,0,0,0,0,0,0,0,Object notstarted,Object notstarted,Object notstarted,Object notstarted,Object notstarted,Object notstarted,Object notstarted,Object notstarted,Object notstarted
2024-03-18 10:32:16,672.672,__main___datalogs,INFO,JoyConState.PREP_SNS,-134.975000,-130.850000,9.040000,0.091547,0.006866,0.013732,0.025176,0.000000,0.000000,0.000000,0.000000,0,0,0,0,0,0,0,0,0,0,0,0.045257568359375,-0.004302978515625,0,0,0,0,0,0,0,0,Object notstarted,Object notstarted,Object notstarted,Object notstarted,Object notstarted,Object notstarted,Object notstarted,Object notstarted,Object notstarted
2024-03-18 10:32:16,703.703,__main___datalogs,INFO,JoyConState.PREP_SNS,-134.975000,-130.850000,9.040000,0.091547,0.006866,0.013732,0.027464,0.000000,0.000000,0.000000,0.000000,0,0,0,0,0,0,0,0,0,0,0,0.045257568359375,-0.004302978515625,0,0,0,0,0,0,0,0,Object notstarted,Object notstarted,Object notstarted,Object notstarted,Object notstarted,Object notstarted,Object notstarted,Object notstarted,Object notstarted
2024-03-18 10:32:16,735.735,__main___datalogs,INFO,JoyConState.PREP_SNS,-134.975000,-130.850000,9.040000,0.089258,0.006866,0.013732,0.025176,0.000000,0.000000,0.000000,0.000000,0,0,0,0,0,0,0,0,0,0,0,0.045257568359375,-0.004302978515625,0,0,0,0,0,0,0,0,Object notstarted,Object notstarted,Object notstarted,Object notstarted,Object notstarted,Object notstarted,Object notstarted,Object notstarted,Object notstarted
2024-03-18 10:32:16,766.766,__main___datalogs,INFO,JoyConState.PREP_SNS,-134.975000,-130.850000,9.040000,0.089258,0.006866,0.013732,0.025176,0.000000,0.000000,0.000000,0.000000,0,0,0,0,0,0,0,0,0,0,0,0.045257568359375,-0.004302978515625,0,0,0,0,0,0,0,0,Object notstarted,Object notstarted,Object notstarted,Object notstarted,Object notstarted,Object notstarted,Object notstarted,Object notstarted,Object notstarted
2024-03-18 10:32:16,798.798,__main___datalogs,INFO,JoyConState.PREP_SNS,-134.975000,-130.850000,9.040000,0.089258,0.002289,0.013732,0.027464,0.000000,0.000000,0.000000,0.000000,0,0,0,0,0,0,0,0,0,0,0,0.045257568359375,-0.004302978515625,0,0,0,0,0,0,0,0,Object notstarted,Object notstarted,Object notstarted,Object notstarted,Object notstarted,Object notstarted,Object notstarted,Object notstarted,Object notstarted
2024-03-18 10:32:16,830.830,__main___datalogs,INFO,JoyConState.PREP_SNS,-134.975000,-130.850000,9.040000,0.089258,0.002289,0.018310,0.025176,0.000000,0.000000,0.000000,0.000000,0,0,0,0,0,0,0,0,0,0,0,0.045257568359375,-0.004302978515625,0,0,0,0,0,0,0,0,Object notstarted,Object notstarted,Object notstarted,Object notstarted,Object notstarted,Object notstarted,Object notstarted,Object notstarted,Object notstarted
2024-03-18 10:32:16,862.862,__main___datalogs,INFO,JoyConState.PREP_SNS,-134.975000,-130.850000,9.040000,0.089258,0.002289,0.013732,0.027464,0.000000,0.000000,0.000000,0.000000,0,0,0,0,0,0,0,0,0,0,0,0.045257568359375,-0.004302978515625,0,0,0,0,0,0,0,0,Object notstarted,Object notstarted,Object notstarted,Object notstarted,Object notstarted,Object notstarted,Object notstarted,Object notstarted,Object notstarted
2024-03-18 10:32:16,895.895,__main___datalogs,INFO,JoyConState.PREP_SNS,-134.975000,-130.850000,9.040000,0.089258,0.002289,0.013732,0.027464,0.000000,0.000000,0.000000,0.000000,0,0,0,0,0,0,0,0,0,0,0,0.045257568359375,-0.004302978515625,0,0,0,0,0,0,0,0,Object notstarted,Object notstarted,Object notstarted,Object notstarted,Object notstarted,Object notstarted,Object notstarted,Object notstarted,Object notstarted
2024-03-18 10:32:16,927.927,__main___datalogs,INFO,JoyConState.PREP_SNS,-134.975000,-130.850000,9.040000,0.089258,0.002289,0.013732,0.020598,0.000000,0.000000,0.000000,0.000000,0,0,0,0,0,0,0,0,0,0,0,0.045257568359375,-0.004302978515625,0,0,0,0,0,0,0,0,Object notstarted,Object notstarted,Object notstarted,Object notstarted,Object notstarted,Object notstarted,Object notstarted,Object notstarted,Object notstarted
2024-03-18 10:32:16,959.959,__main___datalogs,INFO,JoyConState.PREP_SNS,-134.975000,-130.850000,9.040000,0.091547,0.002289,0.013732,0.020598,0.000000,0.000000,0.000000,0.000000,0,0,0,0,0,0,0,0,0,0,0,0.045257568359375,-0.004302978515625,0,0,0,0,0,0,0,0,Object notstarted,Object notstarted,Object notstarted,Object notstarted,Object notstarted,Object notstarted,Object notstarted,Object notstarted,Object notstarted
2024-03-18 10:32:16,990.990,__main___datalogs,INFO,JoyConState.PREP_SNS,-134.975000,-130.850000,9.040000,0.089258,0.006866,0.013732,0.020598,0.000000,0.000000,0.000000,0.000000,0,0,0,0,0,0,0,0,0,0,0,0.045257568359375,-0.004302978515625,0,0,0,0,0,0,0,0,Object notstarted,Object notstarted,Object notstarted,Object notstarted,Object notstarted,Object notstarted,Object notstarted,Object notstarted,Object notstarted
2024-03-18 10:32:17,021.021,__main___datalogs,INFO,JoyConState.PREP_SNS,-134.975000,-130.850000,9.040000,0.089258,0.009155,0.013732,0.025176,0.000000,0.000000,0.000000,0.000000,0,0,0,0,0,0,0,0,0,0,0,0.045257568359375,-0.004302978515625,0,0,0,0,0,0,0,0,Object notstarted,Object notstarted,Object notstarted,Object notstarted,Object notstarted,Object notstarted,Object notstarted,Object notstarted,Object notstarted
2024-03-18 10:32:17,053.053,__main___datalogs,INFO,JoyConState.PREP_SNS,-134.975000,-130.850000,9.040000,0.089258,0.006866,0.013732,0.027464,0.000000,0.000000,0.000000,0.000000,0,0,0,0,0,0,0,0,0,0,0,0.045257568359375,-0.004302978515625,0,0,0,0,0,0,0,0,Object notstarted,Object notstarted,Object notstarted,Object notstarted,Object notstarted,Object notstarted,Object notstarted,Object notstarted,Object notstarted
2024-03-18 10:32:17,086.086,__main___datalogs,INFO,JoyConState.PREP_SNS,-134.975000,-130.850000,9.040000,0.089258,0.006866,0.013732,0.020598,0.000000,0.000000,0.000000,0.000000,0,0,0,0,0,0,0,0,0,0,0,0.045257568359375,-0.004302978515625,0,0,0,0,0,0,0,0,Object notstarted,Object notstarted,Object notstarted,Object notstarted,Object notstarted,Object notstarted,Object notstarted,Object notstarted,Object notstarted
2024-03-18 10:32:17,118.118,__main___datalogs,INFO,JoyConState.PREP_SNS,-134.975000,-130.850000,9.040000,0.089258,0.006866,0.013732,0.020598,0.000000,0.000000,0.000000,0.000000,0,0,0,0,0,0,0,0,0,0,0,0.045257568359375,-0.004302978515625,0,0,0,0,0,0,0,0,Object notstarted,Object notstarted,Object notstarted,Object notstarted,Object notstarted,Object notstarted,Object notstarted,Object notstarted,Object notstarted
2024-03-18 10:32:17,150.150,__main___datalogs,INFO,JoyConState.PREP_SNS,-134.975000,-130.850000,9.040000,0.089258,0.006866,0.011443,0.020598,0.000000,0.000000,0.000000,0.000000,0,0,0,0,0,0,0,0,0,0,0,0.045257568359375,-0.004302978515625,0,0,0,0,0,0,0,0,Object notstarted,Object notstarted,Object notstarted,Object notstarted,Object notstarted,Object notstarted,Object notstarted,Object notstarted,Object notstarted
2024-03-18 10:32:17,182.182,__main___datalogs,INFO,JoyConState.PREP_SNS,-134.975000,-130.850000,9.040000,0.089258,0.002289,0.013732,0.027464,0.000000,0.000000,0.000000,0.000000,0,0,0,0,0,0,0,0,0,0,0,0.045257568359375,-0.004302978515625,0,0,0,0,0,0,0,0,Object notstarted,Object notstarted,Object notstarted,Object notstarted,Object notstarted,Object notstarted,Object notstarted,Object notstarted,Object notstarted
2024-03-18 10:32:17,214.214,__main___datalogs,INFO,JoyConState.PREP_SNS,-134.975000,-130.850000,9.040000,0.089258,0.002289,0.013732,0.027464,0.000000,0.000000,0.000000,0.000000,0,0,0,0,0,0,0,0,0,0,0,0.045257568359375,-0.004302978515625,0,0,0,0,0,0,0,0,Object notstarted,Object notstarted,Object notstarted,Object notstarted,Object notstarted,Object notstarted,Object notstarted,Object notstarted,Object notstarted
2024-03-18 10:32:17,246.246,__main___datalogs,INFO,JoyConState.PREP_SNS,-134.975000,-130.850000,9.040000,0.091547,0.002289,0.013732,0.027464,0.000000,0.000000,0.000000,0.000000,0,0,0,0,0,0,0,0,0,0,0,0.045257568359375,-0.004302978515625,0,0,0,0,0,0,0,0,Object notstarted,Object notstarted,Object notstarted,Object notstarted,Object notstarted,Object notstarted,Object notstarted,Object notstarted,Object notstarted
2024-03-18 10:32:17,278.278,__main___datalogs,INFO,JoyConState.PREP_SNS,-134.975000,-130.850000,9.040000,0.091547,0.006866,0.013732,0.025176,0.000000,0.000000,0.000000,0.000000,0,0,0,0,0,0,0,0,0,0,0,0.045257568359375,-0.004302978515625,0,0,0,0,0,0,0,0,Object notstarted,Object notstarted,Object notstarted,Object notstarted,Object notstarted,Object notstarted,Object notstarted,Object notstarted,Object notstarted
2024-03-18 10:32:17,310.310,__main___datalogs,INFO,JoyConState.PREP_SNS,-134.975000,-130.850000,9.040000,0.091547,0.006866,0.013732,0.020598,0.000000,0.000000,0.000000,0.000000,0,0,0,0,0,0,0,0,0,0,0,0.045257568359375,-0.004302978515625,0,0,0,0,0,0,0,0,Object notstarted,Object notstarted,Object notstarted,Object notstarted,Object notstarted,Object notstarted,Object notstarted,Object notstarted,Object notstarted
2024-03-18 10:32:17,342.342,__main___datalogs,INFO,JoyConState.PREP_SNS,-134.975000,-130.850000,9.040000,0.089258,0.002289,0.013732,0.020598,0.000000,0.000000,0.000000,0.000000,0,0,0,0,0,0,0,0,0,0,0,0.045257568359375,-0.004302978515625,0,0,0,0,0,0,0,0,Object notstarted,Object notstarted,Object notstarted,Object notstarted,Object notstarted,Object notstarted,Object notstarted,Object notstarted,Object notstarted
2024-03-18 10:32:17,375.375,__main___datalogs,INFO,JoyConState.PREP_SNS,-134.975000,-130.850000,9.040000,0.089258,0.002289,0.013732,0.027464,0.000000,0.000000,0.000000,0.000000,0,0,0,0,0,0,0,0,0,0,0,0.045257568359375,-0.004302978515625,0,0,0,0,0,0,0,0,Object notstarted,Object notstarted,Object notstarted,Object notstarted,Object notstarted,Object notstarted,Object notstarted,Object notstarted,Object notstarted
2024-03-18 10:32:17,405.405,__main___datalogs,INFO,JoyConState.PREP_SNS,-134.975000,-130.850000,9.040000,0.089258,0.006866,0.013732,0.025176,0.000000,0.000000,0.000000,0.000000,0,0,0,0,0,0,0,0,0,0,0,0.045257568359375,-0.004302978515625,0,0,0,0,0,0,0,0,Object notstarted,Object notstarted,Object notstarted,Object notstarted,Object notstarted,Object notstarted,Object notstarted,Object notstarted,Object notstarted
2024-03-18 10:32:17,455.455,__main___datalogs,INFO,JoyConState.PREP_SNS,-134.975000,-130.850000,9.040000,0.089258,0.006866,0.013732,0.025176,0.000000,0.000000,0.000000,0.000000,0,0,0,0,0,0,0,0,0,0,0,0.045257568359375,-0.004302978515625,0,0,0,0,0,0,0,0,Object notstarted,Object notstarted,Object notstarted,Object notstarted,Object notstarted,Object notstarted,Object notstarted,Object notstarted,Object notstarted
2024-03-18 10:32:17,499.499,__main___datalogs,INFO,JoyConState.PREP_SNS,-134.975000,-130.850000,9.040000,0.089258,0.006866,0.013732,0.027464,0.000000,0.000000,0.000000,0.000000,0,0,0,0,0,0,0,0,0,0,0,0.045257568359375,-0.004302978515625,0,0,0,0,0,0,0,0,Object notstarted,Object notstarted,Object notstarted,Object notstarted,Object notstarted,Object notstarted,Object notstarted,Object notstarted,Object notstarted
2024-03-18 10:32:17,537.537,__main___datalogs,INFO,JoyConState.PREP_SNS,-134.975000,-130.850000,9.040000,0.089258,0.006866,0.013732,0.027464,0.000000,0.000000,0.000000,0.000000,0,0,0,0,0,0,0,0,0,0,0,0.045257568359375,-0.004302978515625,0,0,0,0,0,0,0,0,Object notstarted,Object notstarted,Object notstarted,Object notstarted,Object notstarted,Object notstarted,Object notstarted,Object notstarted,Object notstarted
2024-03-18 10:32:17,573.573,__main___datalogs,INFO,JoyConState.PREP_SNS,-134.975000,-130.850000,9.040000,0.091547,0.002289,0.011443,0.025176,0.000000,0.000000,0.000000,0.000000,0,0,0,0,0,0,0,0,0,0,0,0.045257568359375,-0.004302978515625,0,0,0,0,0,0,0,0,Object notstarted,Object notstarted,Object notstarted,Object notstarted,Object notstarted,Object notstarted,Object notstarted,Object notstarted,Object notstarted
2024-03-18 10:32:17,610.610,__main___datalogs,INFO,JoyConState.PREP_SNS,-134.975000,-130.850000,9.040000,0.091547,0.002289,0.013732,0.025176,0.000000,0.000000,0.000000,0.000000,0,0,0,0,0,0,0,0,0,0,0,0.045257568359375,-0.004302978515625,0,0,0,0,0,0,0,0,Object notstarted,Object notstarted,Object notstarted,Object notstarted,Object notstarted,Object notstarted,Object notstarted,Object notstarted,Object notstarted
2024-03-18 10:32:17,641.641,__main___datalogs,INFO,JoyConState.PREP_SNS,-134.975000,-130.850000,9.040000,0.091547,0.002289,0.013732,0.020598,0.000000,0.000000,0.000000,0.000000,0,0,0,0,0,0,0,0,0,0,0,0.045257568359375,-0.004302978515625,0,0,0,0,0,0,0,0,Object notstarted,Object notstarted,Object notstarted,Object notstarted,Object notstarted,Object notstarted,Object notstarted,Object notstarted,Object notstarted
2024-03-18 10:32:17,673.673,__main___datalogs,INFO,JoyConState.PREP_SNS,-134.975000,-130.850000,9.040000,0.089258,0.002289,0.013732,0.027464,0.000000,0.000000,0.000000,0.000000,0,0,0,0,0,0,0,0,0,0,0,0.045257568359375,-0.004302978515625,0,0,0,0,0,0,0,0,Object notstarted,Object notstarted,Object notstarted,Object notstarted,Object notstarted,Object notstarted,Object notstarted,Object notstarted,Object notstarted
2024-03-18 10:32:17,705.705,__main___datalogs,INFO,JoyConState.PREP_SNS,-134.975000,-130.850000,9.040000,0.089258,0.002289,0.013732,0.025176,0.000000,0.000000,0.000000,0.000000,0,0,0,0,0,0,0,0,0,0,0,0.045257568359375,-0.004302978515625,0,0,0,0,0,0,0,0,Object notstarted,Object notstarted,Object notstarted,Object notstarted,Object notstarted,Object notstarted,Object notstarted,Object notstarted,Object notstarted
2024-03-18 10:32:17,737.737,__main___datalogs,INFO,JoyConState.PREP_SNS,-134.975000,-130.850000,9.040000,0.091547,0.002289,0.013732,0.027464,0.000000,0.000000,0.000000,0.000000,0,0,0,0,0,0,0,0,0,0,0,0.045257568359375,-0.004302978515625,0,0,0,0,0,0,0,0,Object notstarted,Object notstarted,Object notstarted,Object notstarted,Object notstarted,Object notstarted,Object notstarted,Object notstarted,Object notstarted
2024-03-18 10:32:17,769.769,__main___datalogs,INFO,JoyConState.PREP_SNS,-134.975000,-130.850000,9.040000,0.096125,0.002289,0.013732,0.027464,0.000000,0.000000,0.000000,0.000000,0,0,0,0,0,0,0,0,0,0,0,0.045257568359375,-0.004302978515625,0,0,0,0,0,0,0,0,Object notstarted,Object notstarted,Object notstarted,Object notstarted,Object notstarted,Object notstarted,Object notstarted,Object notstarted,Object notstarted
2024-03-18 10:32:17,801.801,__main___datalogs,INFO,JoyConState.PREP_SNS,-134.975000,-130.850000,9.040000,0.096125,0.002289,0.013732,0.027464,0.000000,0.000000,0.000000,0.000000,0,0,0,0,0,0,0,0,0,0,0,0.045257568359375,-0.004302978515625,0,0,0,0,0,0,0,0,Object notstarted,Object notstarted,Object notstarted,Object notstarted,Object notstarted,Object notstarted,Object notstarted,Object notstarted,Object notstarted
2024-03-18 10:32:17,832.832,__main___datalogs,INFO,JoyConState.PREP_SNS,-134.975000,-130.850000,9.040000,0.091547,0.002289,0.013732,0.027464,0.000000,0.000000,0.000000,0.000000,0,0,0,0,0,0,0,0,0,0,0,0.045257568359375,-0.004302978515625,0,0,0,0,0,0,0,0,Object notstarted,Object notstarted,Object notstarted,Object notstarted,Object notstarted,Object notstarted,Object notstarted,Object notstarted,Object notstarted
2024-03-18 10:32:17,865.865,__main___datalogs,INFO,JoyConState.PREP_SNS,-134.975000,-130.850000,9.040000,0.091547,0.002289,0.013732,0.027464,0.000000,0.000000,0.000000,0.000000,0,0,0,0,0,0,0,0,0,0,0,0.045257568359375,-0.004302978515625,0,0,0,0,0,0,0,0,Object notstarted,Object notstarted,Object notstarted,Object notstarted,Object notstarted,Object notstarted,Object notstarted,Object notstarted,Object notstarted
2024-03-18 10:32:17,897.897,__main___datalogs,INFO,JoyConState.PREP_SNS,-134.975000,-130.850000,9.040000,0.091547,0.002289,0.013732,0.027464,0.000000,0.000000,0.000000,0.000000,0,0,0,0,0,0,0,0,0,0,0,0.045257568359375,-0.004302978515625,0,0,0,0,0,0,0,0,Object notstarted,Object notstarted,Object notstarted,Object notstarted,Object notstarted,Object notstarted,Object notstarted,Object notstarted,Object notstarted
2024-03-18 10:32:17,928.928,__main___datalogs,INFO,JoyConState.PREP_SNS,-134.975000,-130.850000,9.040000,0.091547,0.006866,0.013732,0.027464,0.000000,0.000000,0.000000,0.000000,0,0,0,0,0,0,0,0,0,0,0,0.045257568359375,-0.004302978515625,0,0,0,0,0,0,0,0,Object notstarted,Object notstarted,Object notstarted,Object notstarted,Object notstarted,Object notstarted,Object notstarted,Object notstarted,Object notstarted
2024-03-18 10:32:17,962.962,__main___datalogs,INFO,JoyConState.PREP_SNS,-134.975000,-130.850000,9.040000,0.089258,0.006866,0.011443,0.027464,0.000000,0.000000,0.000000,0.000000,0,0,0,0,0,0,0,0,0,0,0,0.045257568359375,-0.004302978515625,0,0,0,0,0,0,0,0,Object notstarted,Object notstarted,Object notstarted,Object notstarted,Object notstarted,Object notstarted,Object notstarted,Object notstarted,Object notstarted
2024-03-18 10:32:18,000.000,__main___datalogs,INFO,JoyConState.PREP_SNS,-134.975000,-130.850000,9.040000,0.089258,0.006866,0.011443,0.027464,0.000000,0.000000,0.000000,0.000000,0,0,0,0,0,0,0,0,0,0,0,0.045257568359375,-0.004302978515625,0,0,0,0,0,0,0,0,Object notstarted,Object notstarted,Object notstarted,Object notstarted,Object notstarted,Object notstarted,Object notstarted,Object notstarted,Object notstarted
2024-03-18 10:32:18,036.036,__main___datalogs,INFO,JoyConState.PREP_SNS,-134.975000,-130.850000,9.040000,0.089258,0.006866,0.013732,0.027464,0.000000,0.000000,0.000000,0.000000,0,0,0,0,0,0,0,0,0,0,0,0.045257568359375,-0.004302978515625,0,0,0,0,0,0,0,0,Object notstarted,Object notstarted,Object notstarted,Object notstarted,Object notstarted,Object notstarted,Object notstarted,Object notstarted,Object notstarted
2024-03-18 10:32:18,072.072,__main___datalogs,INFO,JoyConState.PREP_SNS,-134.975000,-130.850000,9.040000,0.091547,0.006866,0.013732,0.027464,0.000000,0.000000,0.000000,0.000000,0,0,0,0,0,0,0,0,0,0,0,0.045257568359375,-0.004302978515625,0,0,0,0,0,0,0,0,Object notstarted,Object notstarted,Object notstarted,Object notstarted,Object notstarted,Object notstarted,Object notstarted,Object notstarted,Object notstarted
2024-03-18 10:32:18,103.103,__main___datalogs,INFO,JoyConState.PREP_SNS,-134.975000,-130.850000,9.040000,0.096125,0.006866,0.011443,0.027464,0.000000,0.000000,0.000000,0.000000,0,0,0,0,0,0,0,0,0,0,0,0.045257568359375,-0.004302978515625,0,0,0,0,0,0,0,0,Object notstarted,Object notstarted,Object notstarted,Object notstarted,Object notstarted,Object notstarted,Object notstarted,Object notstarted,Object notstarted
2024-03-18 10:32:18,134.134,__main___datalogs,INFO,JoyConState.PREP_SNS,-134.975000,-130.850000,9.040000,0.091547,0.006866,0.013732,0.025176,0.000000,0.000000,0.000000,0.000000,0,0,0,0,0,0,0,0,0,0,0,0.045257568359375,-0.004302978515625,0,0,0,0,0,0,0,0,Object notstarted,Object notstarted,Object notstarted,Object notstarted,Object notstarted,Object notstarted,Object notstarted,Object notstarted,Object notstarted
2024-03-18 10:32:18,167.167,__main___datalogs,INFO,JoyConState.PREP_SNS,-134.975000,-130.850000,9.040000,0.091547,0.006866,0.013732,0.027464,0.000000,0.000000,0.000000,0.000000,0,0,0,0,0,0,0,0,0,0,0,0.045257568359375,-0.004302978515625,0,0,0,0,0,0,0,0,Object notstarted,Object notstarted,Object notstarted,Object notstarted,Object notstarted,Object notstarted,Object notstarted,Object notstarted,Object notstarted
2024-03-18 10:32:18,199.199,__main___datalogs,INFO,JoyConState.PREP_SNS,-134.975000,-130.850000,9.040000,0.091547,0.006866,0.013732,0.025176,0.000000,0.000000,0.000000,0.000000,0,0,0,0,0,0,0,0,0,0,0,0.045257568359375,-0.004302978515625,0,0,0,0,0,0,0,0,Object notstarted,Object notstarted,Object notstarted,Object notstarted,Object notstarted,Object notstarted,Object notstarted,Object notstarted,Object notstarted
2024-03-18 10:32:18,231.231,__main___datalogs,INFO,JoyConState.PREP_SNS,-134.975000,-130.850000,9.040000,0.091547,0.006866,0.011443,0.025176,0.000000,0.000000,0.000000,0.000000,0,0,0,0,0,0,0,0,0,0,0,0.045257568359375,-0.004302978515625,0,0,0,0,0,0,0,0,Object notstarted,Object notstarted,Object notstarted,Object notstarted,Object notstarted,Object notstarted,Object notstarted,Object notstarted,Object notstarted
2024-03-18 10:32:18,263.263,__main___datalogs,INFO,JoyConState.PREP_SNS,-134.975000,-130.850000,9.040000,0.091547,0.009155,0.011443,0.027464,0.000000,0.000000,0.000000,0.000000,0,0,0,0,0,0,0,0,0,0,0,0.045257568359375,-0.004302978515625,0,0,0,0,0,0,0,0,Object notstarted,Object notstarted,Object notstarted,Object notstarted,Object notstarted,Object notstarted,Object notstarted,Object notstarted,Object notstarted
2024-03-18 10:32:18,295.295,__main___datalogs,INFO,JoyConState.PREP_SNS,-134.975000,-130.850000,9.040000,0.091547,0.006866,0.011443,0.027464,0.000000,0.000000,0.000000,0.000000,0,0,0,0,0,0,0,0,0,0,0,0.045257568359375,-0.004302978515625,0,0,0,0,0,0,0,0,Object notstarted,Object notstarted,Object notstarted,Object notstarted,Object notstarted,Object notstarted,Object notstarted,Object notstarted,Object notstarted
2024-03-18 10:32:18,327.327,__main___datalogs,INFO,JoyConState.PREP_SNS,-134.975000,-130.850000,9.040000,0.091547,0.002289,0.013732,0.027464,0.000000,0.000000,0.000000,0.000000,0,0,0,0,0,0,0,0,0,0,0,0.045257568359375,-0.004302978515625,0,0,0,0,0,0,0,0,Object notstarted,Object notstarted,Object notstarted,Object notstarted,Object notstarted,Object notstarted,Object notstarted,Object notstarted,Object notstarted
2024-03-18 10:32:18,359.359,__main___datalogs,INFO,JoyConState.PREP_SNS,-134.975000,-130.850000,9.040000,0.091547,0.002289,0.013732,0.027464,0.000000,0.000000,0.000000,0.000000,0,0,0,0,0,0,0,0,0,0,0,0.045257568359375,-0.004302978515625,0,0,0,0,0,0,0,0,Object notstarted,Object notstarted,Object notstarted,Object notstarted,Object notstarted,Object notstarted,Object notstarted,Object notstarted,Object notstarted
2024-03-18 10:32:18,391.391,__main___datalogs,INFO,JoyConState.PREP_SNS,-134.975000,-130.850000,9.040000,0.091547,0.002289,0.013732,0.025176,0.000000,0.000000,0.000000,0.000000,0,0,0,0,0,0,0,0,0,0,0,0.045257568359375,-0.004302978515625,0,0,0,0,0,0,0,0,Object notstarted,Object notstarted,Object notstarted,Object notstarted,Object notstarted,Object notstarted,Object notstarted,Object notstarted,Object notstarted
2024-03-18 10:32:18,434.434,__main___datalogs,INFO,JoyConState.PREP_SNS,-134.975000,-130.850000,9.040000,0.091547,0.006866,0.013732,0.027464,0.000000,0.000000,0.000000,0.000000,0,0,0,0,0,0,0,0,0,0,0,0.045257568359375,-0.004302978515625,0,0,0,0,0,0,0,0,Object notstarted,Object notstarted,Object notstarted,Object notstarted,Object notstarted,Object notstarted,Object notstarted,Object notstarted,Object notstarted
2024-03-18 10:32:18,474.474,__main___datalogs,INFO,JoyConState.PREP_SNS,-134.975000,-130.850000,9.040000,0.091547,0.006866,0.013732,0.027464,0.000000,0.000000,0.000000,0.000000,0,0,0,0,0,0,0,0,0,0,0,0.045257568359375,-0.004302978515625,0,0,0,0,0,0,0,0,Object notstarted,Object notstarted,Object notstarted,Object notstarted,Object notstarted,Object notstarted,Object notstarted,Object notstarted,Object notstarted
2024-03-18 10:32:18,530.530,__main___datalogs,INFO,JoyConState.PREP_SNS,-134.975000,-130.850000,9.040000,0.089258,0.006866,0.013732,0.027464,0.000000,0.000000,0.000000,0.000000,0,0,0,0,0,0,0,0,0,0,0,0.045257568359375,-0.004302978515625,0,0,0,0,0,0,0,0,Object notstarted,Object notstarted,Object notstarted,Object notstarted,Object notstarted,Object notstarted,Object notstarted,Object notstarted,Object notstarted
2024-03-18 10:32:18,573.573,__main___datalogs,INFO,JoyConState.PREP_SNS,-134.975000,-130.850000,9.040000,0.089258,0.006866,0.013732,0.027464,0.000000,0.000000,0.000000,0.000000,0,0,0,0,0,0,0,0,0,0,0,0.045257568359375,-0.004302978515625,0,0,0,0,0,0,0,0,Object notstarted,Object notstarted,Object notstarted,Object notstarted,Object notstarted,Object notstarted,Object notstarted,Object notstarted,Object notstarted
2024-03-18 10:32:18,608.608,__main___datalogs,INFO,JoyConState.PREP_SNS,-134.975000,-130.850000,9.040000,0.091547,0.006866,0.011443,0.027464,0.000000,0.000000,0.000000,0.000000,0,0,0,0,0,0,0,0,0,0,0,0.045257568359375,-0.004302978515625,0,0,0,0,0,0,0,0,Object notstarted,Object notstarted,Object notstarted,Object notstarted,Object notstarted,Object notstarted,Object notstarted,Object notstarted,Object notstarted
2024-03-18 10:32:18,646.646,__main___datalogs,INFO,JoyConState.PREP_SNS,-134.975000,-130.850000,9.040000,0.091547,0.006866,0.011443,0.025176,0.000000,0.000000,0.000000,0.000000,0,0,0,0,0,0,0,0,0,0,0,0.045257568359375,-0.004302978515625,0,0,0,0,0,0,0,0,Object notstarted,Object notstarted,Object notstarted,Object notstarted,Object notstarted,Object notstarted,Object notstarted,Object notstarted,Object notstarted
2024-03-18 10:32:18,682.682,__main___datalogs,INFO,JoyConState.PREP_SNS,-134.975000,-130.850000,9.040000,0.091547,0.006866,0.011443,0.027464,0.000000,0.000000,0.000000,0.000000,0,0,0,0,0,0,0,0,0,0,0,0.045257568359375,-0.004302978515625,0,0,0,0,0,0,0,0,Object notstarted,Object notstarted,Object notstarted,Object notstarted,Object notstarted,Object notstarted,Object notstarted,Object notstarted,Object notstarted
2024-03-18 10:32:18,720.720,__main___datalogs,INFO,JoyConState.PREP_SNS,-134.975000,-130.850000,9.040000,0.091547,0.002289,0.013732,0.025176,0.000000,0.000000,0.000000,0.000000,0,0,0,0,0,0,0,0,0,0,0,0.045257568359375,-0.004302978515625,0,0,0,0,0,0,0,0,Object notstarted,Object notstarted,Object notstarted,Object notstarted,Object notstarted,Object notstarted,Object notstarted,Object notstarted,Object notstarted
2024-03-18 10:32:18,756.756,__main___datalogs,INFO,JoyConState.PREP_SNS,-134.975000,-130.850000,9.040000,0.091547,0.002289,0.013732,0.027464,0.000000,0.000000,0.000000,0.000000,0,0,0,0,0,0,0,0,0,0,0,0.045257568359375,-0.004302978515625,0,0,0,0,0,0,0,0,Object notstarted,Object notstarted,Object notstarted,Object notstarted,Object notstarted,Object notstarted,Object notstarted,Object notstarted,Object notstarted
2024-03-18 10:32:18,789.789,__main___datalogs,INFO,JoyConState.PREP_SNS,-134.975000,-130.850000,9.040000,0.091547,0.002289,0.013732,0.027464,0.000000,0.000000,0.000000,0.000000,0,0,0,0,0,0,0,0,0,0,0,0.045257568359375,-0.004302978515625,0,0,0,0,0,0,0,0,Object notstarted,Object notstarted,Object notstarted,Object notstarted,Object notstarted,Object notstarted,Object notstarted,Object notstarted,Object notstarted
2024-03-18 10:32:18,819.819,__main___datalogs,INFO,JoyConState.PREP_SNS,-134.975000,-130.850000,9.040000,0.091547,0.006866,0.013732,0.025176,0.000000,0.000000,0.000000,0.000000,0,0,0,0,0,0,0,0,0,0,0,0.045257568359375,-0.004302978515625,0,0,0,0,0,0,0,0,Object notstarted,Object notstarted,Object notstarted,Object notstarted,Object notstarted,Object notstarted,Object notstarted,Object notstarted,Object notstarted
2024-03-18 10:32:18,852.852,__main___datalogs,INFO,JoyConState.PREP_SNS,-134.975000,-130.850000,9.040000,0.091547,0.006866,0.013732,0.025176,0.000000,0.000000,0.000000,0.000000,0,0,0,0,0,0,0,0,0,0,0,0.045257568359375,-0.004302978515625,0,0,0,0,0,0,0,0,Object notstarted,Object notstarted,Object notstarted,Object notstarted,Object notstarted,Object notstarted,Object notstarted,Object notstarted,Object notstarted
2024-03-18 10:32:18,883.883,__main___datalogs,INFO,JoyConState.PREP_SNS,-134.975000,-130.850000,9.040000,0.089258,0.006866,0.011443,0.025176,0.000000,0.000000,0.000000,0.000000,0,0,0,0,0,0,0,0,0,0,0,0.045257568359375,-0.004302978515625,0,0,0,0,0,0,0,0,Object notstarted,Object notstarted,Object notstarted,Object notstarted,Object notstarted,Object notstarted,Object notstarted,Object notstarted,Object notstarted
2024-03-18 10:32:18,914.914,__main___datalogs,INFO,JoyConState.PREP_SNS,-134.975000,-130.850000,9.040000,0.089258,0.002289,0.011443,0.020598,0.000000,0.000000,0.000000,0.000000,0,0,0,0,0,0,0,0,0,0,0,0.045257568359375,-0.004302978515625,0,0,0,0,0,0,0,0,Object notstarted,Object notstarted,Object notstarted,Object notstarted,Object notstarted,Object notstarted,Object notstarted,Object notstarted,Object notstarted
2024-03-18 10:32:18,947.947,__main___datalogs,INFO,JoyConState.PREP_SNS,-134.975000,-130.850000,9.040000,0.089258,0.002289,0.011443,0.025176,0.000000,0.000000,0.000000,0.000000,0,0,0,0,0,0,0,0,0,0,0,0.045257568359375,-0.004302978515625,0,0,0,0,0,0,0,0,Object notstarted,Object notstarted,Object notstarted,Object notstarted,Object notstarted,Object notstarted,Object notstarted,Object notstarted,Object notstarted
2024-03-18 10:32:18,979.979,__main___datalogs,INFO,JoyConState.PREP_SNS,-134.975000,-130.850000,9.040000,0.089258,0.002289,0.011443,0.027464,0.000000,0.000000,0.000000,0.000000,0,0,0,0,0,0,0,0,0,0,0,0.045257568359375,-0.004302978515625,0,0,0,0,0,0,0,0,Object notstarted,Object notstarted,Object notstarted,Object notstarted,Object notstarted,Object notstarted,Object notstarted,Object notstarted,Object notstarted
2024-03-18 10:32:19,011.011,__main___datalogs,INFO,JoyConState.PREP_SNS,-134.975000,-130.850000,9.040000,0.089258,0.006866,0.011443,0.027464,0.000000,0.000000,0.000000,0.000000,0,0,0,0,0,0,0,0,0,0,0,0.045257568359375,-0.004302978515625,0,0,0,0,0,0,0,0,Object notstarted,Object notstarted,Object notstarted,Object notstarted,Object notstarted,Object notstarted,Object notstarted,Object notstarted,Object notstarted
2024-03-18 10:32:19,044.044,__main___datalogs,INFO,JoyConState.PREP_SNS,-134.975000,-130.850000,9.040000,0.089258,0.006866,0.013732,0.027464,0.000000,0.000000,0.000000,0.000000,0,0,0,0,0,0,0,0,0,0,0,0.045257568359375,-0.004302978515625,0,0,0,0,0,0,0,0,Object notstarted,Object notstarted,Object notstarted,Object notstarted,Object notstarted,Object notstarted,Object notstarted,Object notstarted,Object notstarted
2024-03-18 10:32:19,075.075,__main___datalogs,INFO,JoyConState.PREP_SNS,-134.975000,-130.850000,9.040000,0.089258,0.006866,0.013732,0.025176,0.000000,0.000000,0.000000,0.000000,0,0,0,0,0,0,0,0,0,0,0,0.045257568359375,-0.004302978515625,0,0,0,0,0,0,0,0,Object notstarted,Object notstarted,Object notstarted,Object notstarted,Object notstarted,Object notstarted,Object notstarted,Object notstarted,Object notstarted
2024-03-18 10:32:19,109.109,__main___datalogs,INFO,JoyConState.PREP_SNS,-134.975000,-130.850000,9.040000,0.091547,0.009155,0.013732,0.025176,0.000000,0.000000,0.000000,0.000000,0,0,0,0,0,0,0,0,0,0,0,0.045257568359375,-0.004302978515625,0,0,0,0,0,0,0,0,Object notstarted,Object notstarted,Object notstarted,Object notstarted,Object notstarted,Object notstarted,Object notstarted,Object notstarted,Object notstarted
2024-03-18 10:32:19,145.145,__main___datalogs,INFO,JoyConState.PREP_SNS,-134.975000,-130.850000,9.040000,0.091547,0.002289,0.013732,0.025176,0.000000,0.000000,0.000000,0.000000,0,0,0,0,0,0,0,0,0,0,0,0.045257568359375,-0.004302978515625,0,0,0,0,0,0,0,0,Object notstarted,Object notstarted,Object notstarted,Object notstarted,Object notstarted,Object notstarted,Object notstarted,Object notstarted,Object notstarted
2024-03-18 10:32:19,182.182,__main___datalogs,INFO,JoyConState.PREP_SNS,-134.975000,-130.850000,9.040000,0.091547,0.002289,0.013732,0.027464,0.000000,0.000000,0.000000,0.000000,0,0,0,0,0,0,0,0,0,0,0,0.045257568359375,-0.004302978515625,0,0,0,0,0,0,0,0,Object notstarted,Object notstarted,Object notstarted,Object notstarted,Object notstarted,Object notstarted,Object notstarted,Object notstarted,Object notstarted
2024-03-18 10:32:19,213.213,__main___datalogs,INFO,JoyConState.PREP_SNS,-134.975000,-130.850000,9.040000,0.089258,0.006866,0.013732,0.025176,0.000000,0.000000,0.000000,0.000000,0,0,0,0,0,0,0,0,0,0,0,0.045257568359375,-0.004302978515625,0,0,0,0,0,0,0,0,Object notstarted,Object notstarted,Object notstarted,Object notstarted,Object notstarted,Object notstarted,Object notstarted,Object notstarted,Object notstarted
2024-03-18 10:32:19,245.245,__main___datalogs,INFO,JoyConState.PREP_SNS,-134.975000,-130.850000,9.040000,0.091547,0.006866,0.013732,0.016021,0.000000,0.000000,0.000000,0.000000,0,0,0,0,0,0,0,0,0,0,0,0.045257568359375,-0.004302978515625,0,0,0,0,0,0,0,0,Object notstarted,Object notstarted,Object notstarted,Object notstarted,Object notstarted,Object notstarted,Object notstarted,Object notstarted,Object notstarted
2024-03-18 10:32:19,277.277,__main___datalogs,INFO,JoyConState.PREP_SNS,-134.975000,-130.850000,9.040000,0.084681,0.006866,0.013732,0.020598,0.000000,0.000000,0.000000,0.000000,0,0,0,0,0,0,0,0,0,0,0,0.045257568359375,-0.004302978515625,0,0,0,0,0,0,0,0,Object notstarted,Object notstarted,Object notstarted,Object notstarted,Object notstarted,Object notstarted,Object notstarted,Object notstarted,Object notstarted
2024-03-18 10:32:19,311.311,__main___datalogs,INFO,JoyConState.PREP_SNS,-134.975000,-130.850000,9.040000,0.091547,0.009155,0.013732,0.016021,0.000000,0.000000,0.000000,0.000000,0,0,0,0,0,0,0,0,0,0,0,0.045257568359375,-0.004302978515625,0,0,0,0,0,0,0,0,Object notstarted,Object notstarted,Object notstarted,Object notstarted,Object notstarted,Object notstarted,Object notstarted,Object notstarted,Object notstarted
2024-03-18 10:32:19,349.349,__main___datalogs,INFO,JoyConState.PREP_SNS,-134.975000,-130.850000,9.040000,0.089258,0.002289,0.013732,0.020598,0.000000,0.000000,0.000000,0.000000,0,0,0,0,0,0,0,0,0,0,0,0.045257568359375,-0.004302978515625,0,0,0,0,0,0,0,0,Object notstarted,Object notstarted,Object notstarted,Object notstarted,Object notstarted,Object notstarted,Object notstarted,Object notstarted,Object notstarted
2024-03-18 10:32:19,387.387,__main___datalogs,INFO,JoyConState.PREP_SNS,-134.975000,-130.850000,9.040000,0.089258,0.002289,0.013732,0.020598,0.000000,0.000000,0.000000,0.000000,0,0,0,0,0,0,0,0,0,0,0,0.045257568359375,-0.004302978515625,0,0,0,0,0,0,0,0,Object notstarted,Object notstarted,Object notstarted,Object notstarted,Object notstarted,Object notstarted,Object notstarted,Object notstarted,Object notstarted
2024-03-18 10:32:19,423.423,__main___datalogs,INFO,JoyConState.PREP_SNS,-134.975000,-130.850000,9.040000,0.089258,0.006866,0.013732,0.025176,0.000000,0.000000,0.000000,0.000000,0,0,0,0,0,0,0,0,0,0,0,0.045257568359375,-0.004302978515625,0,0,0,0,0,0,0,0,Object notstarted,Object notstarted,Object notstarted,Object notstarted,Object notstarted,Object notstarted,Object notstarted,Object notstarted,Object notstarted
2024-03-18 10:32:19,460.460,__main___datalogs,INFO,JoyConState.PREP_SNS,-134.975000,-130.850000,9.040000,0.089258,0.006866,0.013732,0.025176,0.000000,0.000000,0.000000,0.000000,0,0,0,0,0,0,0,0,0,0,0,0.045257568359375,-0.004302978515625,0,0,0,0,0,0,0,0,Object notstarted,Object notstarted,Object notstarted,Object notstarted,Object notstarted,Object notstarted,Object notstarted,Object notstarted,Object notstarted
2024-03-18 10:32:19,496.496,__main___datalogs,INFO,JoyConState.PREP_SNS,-134.975000,-130.850000,9.040000,0.089258,0.006866,0.013732,0.025176,0.000000,0.000000,0.000000,0.000000,0,0,0,0,0,0,0,0,0,0,0,0.045257568359375,-0.004302978515625,0,0,0,0,0,0,0,0,Object notstarted,Object notstarted,Object notstarted,Object notstarted,Object notstarted,Object notstarted,Object notstarted,Object notstarted,Object notstarted
2024-03-18 10:32:19,527.527,__main___datalogs,INFO,JoyConState.PREP_SNS,-134.975000,-130.850000,9.040000,0.091547,0.006866,0.013732,0.025176,0.000000,0.000000,0.000000,0.000000,0,0,0,0,0,0,0,0,0,0,0,0.045257568359375,-0.004302978515625,0,0,0,0,0,0,0,0,Object notstarted,Object notstarted,Object notstarted,Object notstarted,Object notstarted,Object notstarted,Object notstarted,Object notstarted,Object notstarted
2024-03-18 10:32:19,559.559,__main___datalogs,INFO,JoyConState.PREP_SNS,-134.975000,-130.850000,9.040000,0.091547,0.006866,0.011443,0.027464,0.000000,0.000000,0.000000,0.000000,0,0,0,0,0,0,0,0,0,0,0,0.045257568359375,-0.004302978515625,0,0,0,0,0,0,0,0,Object notstarted,Object notstarted,Object notstarted,Object notstarted,Object notstarted,Object notstarted,Object notstarted,Object notstarted,Object notstarted
2024-03-18 10:32:19,614.614,__main___datalogs,INFO,JoyConState.PREP_SNS,-134.975000,-130.850000,9.040000,0.091547,0.006866,0.011443,0.027464,0.000000,0.000000,0.000000,0.000000,0,0,0,0,0,0,0,0,0,0,0,0.045257568359375,-0.004302978515625,0,0,0,0,0,0,0,0,Object notstarted,Object notstarted,Object notstarted,Object notstarted,Object notstarted,Object notstarted,Object notstarted,Object notstarted,Object notstarted
2024-03-18 10:32:19,656.656,__main___datalogs,INFO,JoyConState.PREP_SNS,-134.975000,-130.850000,9.040000,0.091547,0.006866,0.011443,0.027464,0.000000,0.000000,0.000000,0.000000,0,0,0,0,0,0,0,0,0,0,0,0.045257568359375,-0.004302978515625,0,0,0,0,0,0,0,0,Object notstarted,Object notstarted,Object notstarted,Object notstarted,Object notstarted,Object notstarted,Object notstarted,Object notstarted,Object notstarted
2024-03-18 10:32:19,693.693,__main___datalogs,INFO,JoyConState.PREP_SNS,-134.975000,-130.850000,9.040000,0.091547,0.009155,0.013732,0.027464,0.000000,0.000000,0.000000,0.000000,0,0,0,0,0,0,0,0,0,0,0,0.045257568359375,-0.004302978515625,0,0,0,0,0,0,0,0,Object notstarted,Object notstarted,Object notstarted,Object notstarted,Object notstarted,Object notstarted,Object notstarted,Object notstarted,Object notstarted
2024-03-18 10:32:19,729.729,__main___datalogs,INFO,JoyConState.PREP_SNS,-134.975000,-130.850000,9.040000,0.091547,0.002289,0.013732,0.027464,0.000000,0.000000,0.000000,0.000000,0,0,0,0,0,0,0,0,0,0,0,0.045257568359375,-0.004302978515625,0,0,0,0,0,0,0,0,Object notstarted,Object notstarted,Object notstarted,Object notstarted,Object notstarted,Object notstarted,Object notstarted,Object notstarted,Object notstarted
2024-03-18 10:32:19,766.766,__main___datalogs,INFO,JoyConState.PREP_SNS,-134.975000,-130.850000,9.040000,0.091547,0.002289,0.011443,0.027464,0.000000,0.000000,0.000000,0.000000,0,0,0,0,0,0,0,0,0,0,0,0.045257568359375,-0.004302978515625,0,0,0,0,0,0,0,0,Object notstarted,Object notstarted,Object notstarted,Object notstarted,Object notstarted,Object notstarted,Object notstarted,Object notstarted,Object notstarted
2024-03-18 10:32:19,797.797,__main___datalogs,INFO,JoyConState.PREP_SNS,-134.975000,-130.850000,9.040000,0.091547,0.006866,0.011443,0.027464,0.000000,0.000000,0.000000,0.000000,0,0,0,0,0,0,0,0,0,0,0,0.045257568359375,-0.004302978515625,0,0,0,0,0,0,0,0,Object notstarted,Object notstarted,Object notstarted,Object notstarted,Object notstarted,Object notstarted,Object notstarted,Object notstarted,Object notstarted
2024-03-18 10:32:19,829.829,__main___datalogs,INFO,JoyConState.PREP_SNS,-134.975000,-130.850000,9.040000,0.091547,0.002289,0.011443,0.027464,0.000000,0.000000,0.000000,0.000000,0,0,0,0,0,0,0,0,0,0,0,0.045257568359375,-0.004302978515625,0,0,0,0,0,0,0,0,Object notstarted,Object notstarted,Object notstarted,Object notstarted,Object notstarted,Object notstarted,Object notstarted,Object notstarted,Object notstarted
2024-03-18 10:32:19,861.861,__main___datalogs,INFO,JoyConState.PREP_SNS,-134.975000,-130.850000,9.040000,0.091547,0.002289,0.011443,0.027464,0.000000,0.000000,0.000000,0.000000,0,0,0,0,0,0,0,0,0,0,0,0.045257568359375,-0.004302978515625,0,0,0,0,0,0,0,0,Object notstarted,Object notstarted,Object notstarted,Object notstarted,Object notstarted,Object notstarted,Object notstarted,Object notstarted,Object notstarted
2024-03-18 10:32:19,893.893,__main___datalogs,INFO,JoyConState.PREP_SNS,-134.975000,-130.850000,9.040000,0.089258,0.002289,0.011443,0.027464,0.000000,0.000000,0.000000,0.000000,0,0,0,0,0,0,0,0,0,0,0,0.045257568359375,-0.004302978515625,0,0,0,0,0,0,0,0,Object notstarted,Object notstarted,Object notstarted,Object notstarted,Object notstarted,Object notstarted,Object notstarted,Object notstarted,Object notstarted
2024-03-18 10:32:19,927.927,__main___datalogs,INFO,JoyConState.PREP_SNS,-134.975000,-130.850000,9.040000,0.091547,0.006866,0.011443,0.027464,0.000000,0.000000,0.000000,0.000000,0,0,0,0,0,0,0,0,0,0,0,0.045257568359375,-0.004302978515625,0,0,0,0,0,0,0,0,Object notstarted,Object notstarted,Object notstarted,Object notstarted,Object notstarted,Object notstarted,Object notstarted,Object notstarted,Object notstarted
2024-03-18 10:32:19,963.963,__main___datalogs,INFO,JoyConState.PREP_SNS,-134.975000,-130.850000,9.040000,0.091547,0.006866,0.013732,0.027464,0.000000,0.000000,0.000000,0.000000,0,0,0,0,0,0,0,0,0,0,0,0.045257568359375,-0.004302978515625,0,0,0,0,0,0,0,0,Object notstarted,Object notstarted,Object notstarted,Object notstarted,Object notstarted,Object notstarted,Object notstarted,Object notstarted,Object notstarted
2024-03-18 10:32:20,000.000,__main___datalogs,INFO,JoyConState.PREP_SNS,-134.975000,-130.850000,9.040000,0.091547,0.006866,0.013732,0.025176,0.000000,0.000000,0.000000,0.000000,0,0,0,0,0,0,0,0,0,0,0,0.045257568359375,-0.004302978515625,0,0,0,0,0,0,0,0,Object notstarted,Object notstarted,Object notstarted,Object notstarted,Object notstarted,Object notstarted,Object notstarted,Object notstarted,Object notstarted
2024-03-18 10:32:20,037.037,__main___datalogs,INFO,JoyConState.PREP_SNS,-134.975000,-130.850000,9.040000,0.089258,0.002289,0.011443,0.025176,0.000000,0.000000,0.000000,0.000000,0,0,0,0,0,0,0,0,0,0,0,0.045257568359375,-0.004302978515625,0,0,0,0,0,0,0,0,Object notstarted,Object notstarted,Object notstarted,Object notstarted,Object notstarted,Object notstarted,Object notstarted,Object notstarted,Object notstarted
2024-03-18 10:32:20,068.068,__main___datalogs,INFO,JoyConState.PREP_SNS,-134.975000,-130.850000,9.040000,0.091547,0.002289,0.011443,0.020598,0.000000,0.000000,0.000000,0.000000,0,0,0,0,0,0,0,0,0,0,0,0.045257568359375,-0.004302978515625,0,0,0,0,0,0,0,0,Object notstarted,Object notstarted,Object notstarted,Object notstarted,Object notstarted,Object notstarted,Object notstarted,Object notstarted,Object notstarted
2024-03-18 10:32:20,099.099,__main___datalogs,INFO,JoyConState.PREP_SNS,-134.975000,-130.850000,9.040000,0.091547,0.002289,0.011443,0.027464,0.000000,0.000000,0.000000,0.000000,0,0,0,0,0,0,0,0,0,0,0,0.045257568359375,-0.004302978515625,0,0,0,0,0,0,0,0,Object notstarted,Object notstarted,Object notstarted,Object notstarted,Object notstarted,Object notstarted,Object notstarted,Object notstarted,Object notstarted
2024-03-18 10:32:20,138.138,__main___datalogs,INFO,JoyConState.PREP_SNS,-134.975000,-130.850000,9.040000,0.091547,0.006866,0.013732,0.027464,0.000000,0.000000,0.000000,0.000000,0,0,0,0,0,0,0,0,0,0,0,0.045257568359375,-0.004302978515625,0,0,0,0,0,0,0,0,Object notstarted,Object notstarted,Object notstarted,Object notstarted,Object notstarted,Object notstarted,Object notstarted,Object notstarted,Object notstarted
2024-03-18 10:32:20,185.185,__main___datalogs,INFO,JoyConState.PREP_SNS,-134.975000,-130.850000,9.040000,0.091547,0.006866,0.013732,0.025176,0.000000,0.000000,0.000000,0.000000,0,0,0,0,0,0,0,0,0,0,0,0.045257568359375,-0.004302978515625,0,0,0,0,0,0,0,0,Object notstarted,Object notstarted,Object notstarted,Object notstarted,Object notstarted,Object notstarted,Object notstarted,Object notstarted,Object notstarted
2024-03-18 10:32:20,229.229,__main___datalogs,INFO,JoyConState.PREP_SNS,-134.975000,-130.850000,9.040000,0.091547,0.006866,0.013732,0.020598,0.000000,0.000000,0.000000,0.000000,0,0,0,0,0,0,0,0,0,0,0,0.045257568359375,-0.004302978515625,0,0,0,0,0,0,0,0,Object notstarted,Object notstarted,Object notstarted,Object notstarted,Object notstarted,Object notstarted,Object notstarted,Object notstarted,Object notstarted
2024-03-18 10:32:20,270.270,__main___datalogs,INFO,JoyConState.PREP_SNS,-134.975000,-130.850000,9.040000,0.091547,0.006866,0.013732,0.020598,0.000000,0.000000,0.000000,0.000000,0,0,0,0,0,0,0,0,0,0,0,0.045257568359375,-0.004302978515625,0,0,0,0,0,0,0,0,Object notstarted,Object notstarted,Object notstarted,Object notstarted,Object notstarted,Object notstarted,Object notstarted,Object notstarted,Object notstarted
2024-03-18 10:32:20,308.308,__main___datalogs,INFO,JoyConState.PREP_SNS,-134.975000,-130.850000,9.040000,0.091547,0.006866,0.013732,0.020598,0.000000,0.000000,0.000000,0.000000,0,0,0,0,0,0,0,0,0,0,0,0.045257568359375,-0.004302978515625,0,0,0,0,0,0,0,0,Object notstarted,Object notstarted,Object notstarted,Object notstarted,Object notstarted,Object notstarted,Object notstarted,Object notstarted,Object notstarted
2024-03-18 10:32:20,345.345,__main___datalogs,INFO,JoyConState.PREP_SNS,-134.975000,-130.850000,9.040000,0.091547,-0.002289,0.013732,0.025176,0.000000,0.000000,0.000000,0.000000,0,0,0,0,0,0,0,0,0,0,0,0.045257568359375,-0.004302978515625,0,0,0,0,0,0,0,0,Object notstarted,Object notstarted,Object notstarted,Object notstarted,Object notstarted,Object notstarted,Object notstarted,Object notstarted,Object notstarted
2024-03-18 10:32:20,382.382,__main___datalogs,INFO,JoyConState.PREP_SNS,-134.975000,-130.850000,9.040000,0.091547,0.002289,0.013732,0.020598,0.000000,0.000000,0.000000,0.000000,0,0,0,0,0,0,0,0,0,0,0,0.045257568359375,-0.004302978515625,0,0,0,0,0,0,0,0,Object notstarted,Object notstarted,Object notstarted,Object notstarted,Object notstarted,Object notstarted,Object notstarted,Object notstarted,Object notstarted
2024-03-18 10:32:20,419.419,__main___datalogs,INFO,JoyConState.PREP_SNS,-134.975000,-130.850000,9.040000,0.091547,0.002289,0.013732,0.027464,0.000000,0.000000,0.000000,0.000000,0,0,0,0,0,0,0,0,0,0,0,0.045257568359375,-0.004302978515625,0,0,0,0,0,0,0,0,Object notstarted,Object notstarted,Object notstarted,Object notstarted,Object notstarted,Object notstarted,Object notstarted,Object notstarted,Object notstarted
2024-03-18 10:32:20,455.455,__main___datalogs,INFO,JoyConState.PREP_SNS,-134.975000,-130.850000,9.040000,0.089258,0.006866,0.013732,0.027464,0.000000,0.000000,0.000000,0.000000,0,0,0,0,0,0,0,0,0,0,0,0.045257568359375,-0.004302978515625,0,0,0,0,0,0,0,0,Object notstarted,Object notstarted,Object notstarted,Object notstarted,Object notstarted,Object notstarted,Object notstarted,Object notstarted,Object notstarted
2024-03-18 10:32:20,493.493,__main___datalogs,INFO,JoyConState.PREP_SNS,-134.975000,-130.850000,9.040000,0.091547,0.006866,0.013732,0.025176,0.000000,0.000000,0.000000,0.000000,0,0,0,0,0,0,0,0,0,0,0,0.045257568359375,-0.004302978515625,0,0,0,0,0,0,0,0,Object notstarted,Object notstarted,Object notstarted,Object notstarted,Object notstarted,Object notstarted,Object notstarted,Object notstarted,Object notstarted
2024-03-18 10:32:20,529.529,__main___datalogs,INFO,JoyConState.PREP_SNS,-134.975000,-130.850000,9.040000,0.091547,0.002289,0.013732,0.027464,0.000000,0.000000,0.000000,0.000000,0,0,0,0,0,0,0,0,0,0,0,0.045257568359375,-0.004302978515625,0,0,0,0,0,0,0,0,Object notstarted,Object notstarted,Object notstarted,Object notstarted,Object notstarted,Object notstarted,Object notstarted,Object notstarted,Object notstarted
2024-03-18 10:32:20,567.567,__main___datalogs,INFO,JoyConState.PREP_SNS,-134.975000,-130.850000,9.040000,0.096125,0.002289,0.013732,0.025176,0.000000,0.000000,0.000000,0.000000,0,0,0,0,0,0,0,0,0,0,0,0.045257568359375,-0.004302978515625,0,0,0,0,0,0,0,0,Object notstarted,Object notstarted,Object notstarted,Object notstarted,Object notstarted,Object notstarted,Object notstarted,Object notstarted,Object notstarted
2024-03-18 10:32:20,604.604,__main___datalogs,INFO,JoyConState.PREP_SNS,-134.975000,-130.850000,9.040000,0.091547,0.006866,0.013732,0.027464,0.000000,0.000000,0.000000,0.000000,0,0,0,0,0,0,0,0,0,0,0,0.045257568359375,-0.004302978515625,0,0,0,0,0,0,0,0,Object notstarted,Object notstarted,Object notstarted,Object notstarted,Object notstarted,Object notstarted,Object notstarted,Object notstarted,Object notstarted
2024-03-18 10:32:20,642.642,__main___datalogs,INFO,JoyConState.PREP_SNS,-134.975000,-130.850000,9.040000,0.091547,0.002289,0.013732,0.025176,0.000000,0.000000,0.000000,0.000000,0,0,0,0,0,0,0,0,0,0,0,0.045257568359375,-0.004302978515625,0,0,0,0,0,0,0,0,Object notstarted,Object notstarted,Object notstarted,Object notstarted,Object notstarted,Object notstarted,Object notstarted,Object notstarted,Object notstarted
2024-03-18 10:32:20,684.684,__main___datalogs,INFO,JoyConState.PREP_SNS,-134.975000,-130.850000,9.040000,0.091547,0.002289,0.013732,0.027464,0.000000,0.000000,0.000000,0.000000,0,0,0,0,0,0,0,0,0,0,0,0.045257568359375,-0.004302978515625,0,0,0,0,0,0,0,0,Object notstarted,Object notstarted,Object notstarted,Object notstarted,Object notstarted,Object notstarted,Object notstarted,Object notstarted,Object notstarted
2024-03-18 10:32:20,723.723,__main___datalogs,INFO,JoyConState.PREP_SNS,-134.975000,-130.850000,9.040000,0.091547,0.002289,0.013732,0.027464,0.000000,0.000000,0.000000,0.000000,0,0,0,0,0,0,0,0,0,0,0,0.045257568359375,-0.004302978515625,0,0,0,0,0,0,0,0,Object notstarted,Object notstarted,Object notstarted,Object notstarted,Object notstarted,Object notstarted,Object notstarted,Object notstarted,Object notstarted
2024-03-18 10:32:20,760.760,__main___datalogs,INFO,JoyConState.PREP_SNS,-134.975000,-130.850000,9.040000,0.091547,0.006866,0.013732,0.025176,0.000000,0.000000,0.000000,0.000000,0,0,0,0,0,0,0,0,0,0,0,0.045257568359375,-0.004302978515625,0,0,0,0,0,0,0,0,Object notstarted,Object notstarted,Object notstarted,Object notstarted,Object notstarted,Object notstarted,Object notstarted,Object notstarted,Object notstarted
2024-03-18 10:32:20,798.798,__main___datalogs,INFO,JoyConState.PREP_SNS,-134.975000,-130.850000,9.040000,0.091547,0.006866,0.013732,0.025176,0.000000,0.000000,0.000000,0.000000,0,0,0,0,0,0,0,0,0,0,0,0.045257568359375,-0.004302978515625,0,0,0,0,0,0,0,0,Object notstarted,Object notstarted,Object notstarted,Object notstarted,Object notstarted,Object notstarted,Object notstarted,Object notstarted,Object notstarted
2024-03-18 10:32:20,834.834,__main___datalogs,INFO,JoyConState.PREP_SNS,-134.975000,-130.850000,9.040000,0.091547,0.006866,0.013732,0.027464,0.000000,0.000000,0.000000,0.000000,0,0,0,0,0,0,0,0,0,0,0,0.045257568359375,-0.004302978515625,0,0,0,0,0,0,0,0,Object notstarted,Object notstarted,Object notstarted,Object notstarted,Object notstarted,Object notstarted,Object notstarted,Object notstarted,Object notstarted
2024-03-18 10:32:20,870.870,__main___datalogs,INFO,JoyConState.PREP_SNS,-134.975000,-130.850000,9.040000,0.091547,0.006866,0.013732,0.025176,0.000000,0.000000,0.000000,0.000000,0,0,0,0,0,0,0,0,0,0,0,0.045257568359375,-0.004302978515625,0,0,0,0,0,0,0,0,Object notstarted,Object notstarted,Object notstarted,Object notstarted,Object notstarted,Object notstarted,Object notstarted,Object notstarted,Object notstarted
2024-03-18 10:32:20,902.902,__main___datalogs,INFO,JoyConState.PREP_SNS,-134.975000,-130.850000,9.040000,0.091547,0.006866,0.013732,0.027464,0.000000,0.000000,0.000000,0.000000,0,0,0,0,0,0,0,0,0,0,0,0.045257568359375,-0.004302978515625,0,0,0,0,0,0,0,0,Object notstarted,Object notstarted,Object notstarted,Object notstarted,Object notstarted,Object notstarted,Object notstarted,Object notstarted,Object notstarted
2024-03-18 10:32:20,935.935,__main___datalogs,INFO,JoyConState.PREP_SNS,-134.975000,-130.850000,9.040000,0.091547,0.006866,0.013732,0.025176,0.000000,0.000000,0.000000,0.000000,0,0,0,0,0,0,0,0,0,0,0,0.045257568359375,-0.004302978515625,0,0,0,0,0,0,0,0,Object notstarted,Object notstarted,Object notstarted,Object notstarted,Object notstarted,Object notstarted,Object notstarted,Object notstarted,Object notstarted
2024-03-18 10:32:20,967.967,__main___datalogs,INFO,JoyConState.PREP_SNS,-134.975000,-130.850000,9.040000,0.091547,0.006866,0.013732,0.025176,0.000000,0.000000,0.000000,0.000000,0,0,0,0,0,0,0,0,0,0,0,0.045257568359375,-0.004302978515625,0,0,0,0,0,0,0,0,Object notstarted,Object notstarted,Object notstarted,Object notstarted,Object notstarted,Object notstarted,Object notstarted,Object notstarted,Object notstarted
2024-03-18 10:32:21,004.004,__main___datalogs,INFO,JoyConState.PREP_SNS,-134.975000,-130.850000,9.040000,0.091547,0.006866,0.013732,0.027464,0.000000,0.000000,0.000000,0.000000,0,0,0,0,0,0,0,0,0,0,0,0.045257568359375,-0.004302978515625,0,0,0,0,0,0,0,0,Object notstarted,Object notstarted,Object notstarted,Object notstarted,Object notstarted,Object notstarted,Object notstarted,Object notstarted,Object notstarted
2024-03-18 10:32:21,035.035,__main___datalogs,INFO,JoyConState.PREP_SNS,-134.975000,-130.850000,9.040000,0.091547,0.006866,0.011443,0.027464,0.000000,0.000000,0.000000,0.000000,0,0,0,0,0,0,0,0,0,0,0,0.045257568359375,-0.004302978515625,0,0,0,0,0,0,0,0,Object notstarted,Object notstarted,Object notstarted,Object notstarted,Object notstarted,Object notstarted,Object notstarted,Object notstarted,Object notstarted
2024-03-18 10:32:21,066.066,__main___datalogs,INFO,JoyConState.PREP_SNS,-134.975000,-130.850000,9.040000,0.091547,0.006866,0.013732,0.027464,0.000000,0.000000,0.000000,0.000000,0,0,0,0,0,0,0,0,0,0,0,0.045257568359375,-0.004302978515625,0,0,0,0,0,0,0,0,Object notstarted,Object notstarted,Object notstarted,Object notstarted,Object notstarted,Object notstarted,Object notstarted,Object notstarted,Object notstarted
2024-03-18 10:32:21,098.098,__main___datalogs,INFO,JoyConState.PREP_SNS,-134.975000,-130.850000,9.040000,0.091547,0.006866,0.013732,0.027464,0.000000,0.000000,0.000000,0.000000,0,0,0,0,0,0,0,0,0,0,0,0.045257568359375,-0.004302978515625,0,0,0,0,0,0,0,0,Object notstarted,Object notstarted,Object notstarted,Object notstarted,Object notstarted,Object notstarted,Object notstarted,Object notstarted,Object notstarted
2024-03-18 10:32:21,130.130,__main___datalogs,INFO,JoyConState.PREP_SNS,-134.975000,-130.850000,9.040000,0.091547,0.006866,0.013732,0.027464,0.000000,0.000000,0.000000,0.000000,0,0,0,0,0,0,0,0,0,0,0,0.045257568359375,-0.004302978515625,0,0,0,0,0,0,0,0,Object notstarted,Object notstarted,Object notstarted,Object notstarted,Object notstarted,Object notstarted,Object notstarted,Object notstarted,Object notstarted
2024-03-18 10:32:21,163.163,__main___datalogs,INFO,JoyConState.PREP_SNS,-134.975000,-130.850000,9.040000,0.091547,0.002289,0.013732,0.027464,0.000000,0.000000,0.000000,0.000000,0,0,0,0,0,0,0,0,0,0,0,0.045257568359375,-0.004302978515625,0,0,0,0,0,0,0,0,Object notstarted,Object notstarted,Object notstarted,Object notstarted,Object notstarted,Object notstarted,Object notstarted,Object notstarted,Object notstarted
2024-03-18 10:32:21,195.195,__main___datalogs,INFO,JoyConState.PREP_SNS,-134.975000,-130.850000,9.040000,0.091547,0.002289,0.013732,0.027464,0.000000,0.000000,0.000000,0.000000,0,0,0,0,0,0,0,0,0,0,0,0.045257568359375,-0.004302978515625,0,0,0,0,0,0,0,0,Object notstarted,Object notstarted,Object notstarted,Object notstarted,Object notstarted,Object notstarted,Object notstarted,Object notstarted,Object notstarted
2024-03-18 10:32:21,226.226,__main___datalogs,INFO,JoyConState.PREP_SNS,-134.975000,-130.850000,9.040000,0.091547,0.002289,0.013732,0.020598,0.000000,0.000000,0.000000,0.000000,0,0,0,0,0,0,0,0,0,0,0,0.045257568359375,-0.004302978515625,0,0,0,0,0,0,0,0,Object notstarted,Object notstarted,Object notstarted,Object notstarted,Object notstarted,Object notstarted,Object notstarted,Object notstarted,Object notstarted
2024-03-18 10:32:21,258.258,__main___datalogs,INFO,JoyConState.PREP_SNS,-134.975000,-130.850000,9.040000,0.089258,0.002289,0.013732,0.020598,0.000000,0.000000,0.000000,0.000000,0,0,0,0,0,0,0,0,0,0,0,0.045257568359375,-0.004302978515625,0,0,0,0,0,0,0,0,Object notstarted,Object notstarted,Object notstarted,Object notstarted,Object notstarted,Object notstarted,Object notstarted,Object notstarted,Object notstarted
2024-03-18 10:32:21,290.290,__main___datalogs,INFO,JoyConState.PREP_SNS,-134.975000,-130.850000,9.040000,0.089258,0.002289,0.013732,0.016021,0.000000,0.000000,0.000000,0.000000,0,0,0,0,0,0,0,0,0,0,0,0.045257568359375,-0.004302978515625,0,0,0,0,0,0,0,0,Object notstarted,Object notstarted,Object notstarted,Object notstarted,Object notstarted,Object notstarted,Object notstarted,Object notstarted,Object notstarted
2024-03-18 10:32:21,323.323,__main___datalogs,INFO,JoyConState.PREP_SNS,-134.975000,-130.850000,9.040000,0.089258,0.002289,0.013732,0.020598,0.000000,0.000000,0.000000,0.000000,0,0,0,0,0,0,0,0,0,0,0,0.045257568359375,-0.004302978515625,0,0,0,0,0,0,0,0,Object notstarted,Object notstarted,Object notstarted,Object notstarted,Object notstarted,Object notstarted,Object notstarted,Object notstarted,Object notstarted
2024-03-18 10:32:21,354.354,__main___datalogs,INFO,JoyConState.PREP_SNS,-134.975000,-130.850000,9.040000,0.091547,0.006866,0.013732,0.025176,0.000000,0.000000,0.000000,0.000000,0,0,0,0,0,0,0,0,0,0,0,0.045257568359375,-0.004302978515625,0,0,0,0,0,0,0,0,Object notstarted,Object notstarted,Object notstarted,Object notstarted,Object notstarted,Object notstarted,Object notstarted,Object notstarted,Object notstarted
2024-03-18 10:32:21,386.386,__main___datalogs,INFO,JoyConState.PREP_SNS,-134.975000,-130.850000,9.040000,0.091547,0.006866,0.018310,0.027464,0.000000,0.000000,0.000000,0.000000,0,0,0,0,0,0,0,0,0,0,0,0.045257568359375,-0.004302978515625,0,0,0,0,0,0,0,0,Object notstarted,Object notstarted,Object notstarted,Object notstarted,Object notstarted,Object notstarted,Object notstarted,Object notstarted,Object notstarted
2024-03-18 10:32:21,418.418,__main___datalogs,INFO,JoyConState.PREP_SNS,-134.975000,-130.850000,9.040000,0.091547,0.006866,0.013732,0.025176,0.000000,0.000000,0.000000,0.000000,0,0,0,0,0,0,0,0,0,0,0,0.045257568359375,-0.004302978515625,0,0,0,0,0,0,0,0,Object notstarted,Object notstarted,Object notstarted,Object notstarted,Object notstarted,Object notstarted,Object notstarted,Object notstarted,Object notstarted
2024-03-18 10:32:21,450.450,__main___datalogs,INFO,JoyConState.PREP_SNS,-134.975000,-130.850000,9.040000,0.091547,0.006866,0.013732,0.027464,0.000000,0.000000,0.000000,0.000000,0,0,0,0,0,0,0,0,0,0,0,0.045257568359375,-0.004302978515625,0,0,0,0,0,0,0,0,Object notstarted,Object notstarted,Object notstarted,Object notstarted,Object notstarted,Object notstarted,Object notstarted,Object notstarted,Object notstarted
2024-03-18 10:32:21,482.482,__main___datalogs,INFO,JoyConState.PREP_SNS,-134.975000,-130.850000,9.040000,0.091547,0.006866,0.013732,0.025176,0.000000,0.000000,0.000000,0.000000,0,0,0,0,0,0,0,0,0,0,0,0.045257568359375,-0.004302978515625,0,0,0,0,0,0,0,0,Object notstarted,Object notstarted,Object notstarted,Object notstarted,Object notstarted,Object notstarted,Object notstarted,Object notstarted,Object notstarted
2024-03-18 10:32:21,514.514,__main___datalogs,INFO,JoyConState.PREP_SNS,-134.975000,-130.850000,9.040000,0.091547,0.006866,0.013732,0.025176,0.000000,0.000000,0.000000,0.000000,0,0,0,0,0,0,0,0,0,0,0,0.045257568359375,-0.004302978515625,0,0,0,0,0,0,0,0,Object notstarted,Object notstarted,Object notstarted,Object notstarted,Object notstarted,Object notstarted,Object notstarted,Object notstarted,Object notstarted
2024-03-18 10:32:21,545.545,__main___datalogs,INFO,JoyConState.PREP_SNS,-134.975000,-130.850000,9.040000,0.096125,0.006866,0.013732,0.025176,0.000000,0.000000,0.000000,0.000000,0,0,0,0,0,0,0,0,0,0,0,0.045257568359375,-0.004302978515625,0,0,0,0,0,0,0,0,Object notstarted,Object notstarted,Object notstarted,Object notstarted,Object notstarted,Object notstarted,Object notstarted,Object notstarted,Object notstarted
2024-03-18 10:32:21,578.578,__main___datalogs,INFO,JoyConState.PREP_SNS,-134.975000,-130.850000,9.040000,0.091547,0.006866,0.011443,0.027464,0.000000,0.000000,0.000000,0.000000,0,0,0,0,0,0,0,0,0,0,0,0.045257568359375,-0.004302978515625,0,0,0,0,0,0,0,0,Object notstarted,Object notstarted,Object notstarted,Object notstarted,Object notstarted,Object notstarted,Object notstarted,Object notstarted,Object notstarted
2024-03-18 10:32:21,610.610,__main___datalogs,INFO,JoyConState.PREP_SNS,-134.975000,-130.850000,9.040000,0.091547,0.006866,0.011443,0.027464,0.000000,0.000000,0.000000,0.000000,0,0,0,0,0,0,0,0,0,0,0,0.045257568359375,-0.004302978515625,0,0,0,0,0,0,0,0,Object notstarted,Object notstarted,Object notstarted,Object notstarted,Object notstarted,Object notstarted,Object notstarted,Object notstarted,Object notstarted
2024-03-18 10:32:21,642.642,__main___datalogs,INFO,JoyConState.PREP_SNS,-134.975000,-130.850000,9.040000,0.091547,0.002289,0.013732,0.027464,0.000000,0.000000,0.000000,0.000000,0,0,0,0,0,0,0,0,0,0,0,0.045257568359375,-0.004302978515625,0,0,0,0,0,0,0,0,Object notstarted,Object notstarted,Object notstarted,Object notstarted,Object notstarted,Object notstarted,Object notstarted,Object notstarted,Object notstarted
2024-03-18 10:32:21,674.674,__main___datalogs,INFO,JoyConState.PREP_SNS,-134.975000,-130.850000,9.040000,0.091547,0.002289,0.018310,0.025176,0.000000,0.000000,0.000000,0.000000,0,0,0,0,0,0,0,0,0,0,0,0.045257568359375,-0.004302978515625,0,0,0,0,0,0,0,0,Object notstarted,Object notstarted,Object notstarted,Object notstarted,Object notstarted,Object notstarted,Object notstarted,Object notstarted,Object notstarted
2024-03-18 10:32:21,705.705,__main___datalogs,INFO,JoyConState.PREP_SNS,-134.975000,-130.850000,9.040000,0.091547,0.002289,0.018310,0.027464,0.000000,0.000000,0.000000,0.000000,0,0,0,0,0,0,0,0,0,0,0,0.045257568359375,-0.004302978515625,0,0,0,0,0,0,0,0,Object notstarted,Object notstarted,Object notstarted,Object notstarted,Object notstarted,Object notstarted,Object notstarted,Object notstarted,Object notstarted
2024-03-18 10:32:21,753.753,__main___datalogs,INFO,JoyConState.PREP_SNS,-134.975000,-130.850000,9.040000,0.091547,0.006866,0.018310,0.027464,0.000000,0.000000,0.000000,0.000000,0,0,0,0,0,0,0,0,0,0,0,0.045257568359375,-0.004302978515625,0,0,0,0,0,0,0,0,Object notstarted,Object notstarted,Object notstarted,Object notstarted,Object notstarted,Object notstarted,Object notstarted,Object notstarted,Object notstarted
2024-03-18 10:32:21,794.794,__main___datalogs,INFO,JoyConState.PREP_SNS,-134.975000,-130.850000,9.040000,0.096125,0.006866,0.011443,0.025176,0.000000,0.000000,0.000000,0.000000,0,0,0,0,0,0,0,0,0,0,0,0.045257568359375,-0.004302978515625,0,0,0,0,0,0,0,0,Object notstarted,Object notstarted,Object notstarted,Object notstarted,Object notstarted,Object notstarted,Object notstarted,Object notstarted,Object notstarted
2024-03-18 10:32:21,830.830,__main___datalogs,INFO,JoyConState.PREP_SNS,-134.975000,-130.850000,9.040000,0.091547,0.006866,0.011443,0.027464,0.000000,0.000000,0.000000,0.000000,0,0,0,0,0,0,0,0,0,0,0,0.045257568359375,-0.004302978515625,0,0,0,0,0,0,0,0,Object notstarted,Object notstarted,Object notstarted,Object notstarted,Object notstarted,Object notstarted,Object notstarted,Object notstarted,Object notstarted
2024-03-18 10:32:21,867.867,__main___datalogs,INFO,JoyConState.PREP_SNS,-134.975000,-130.850000,9.040000,0.091547,0.006866,0.011443,0.025176,0.000000,0.000000,0.000000,0.000000,0,0,0,0,0,0,0,0,0,0,0,0.045257568359375,-0.004302978515625,0,0,0,0,0,0,0,0,Object notstarted,Object notstarted,Object notstarted,Object notstarted,Object notstarted,Object notstarted,Object notstarted,Object notstarted,Object notstarted
2024-03-18 10:32:21,904.904,__main___datalogs,INFO,JoyConState.PREP_SNS,-134.975000,-130.850000,9.040000,0.091547,0.006866,0.013732,0.025176,0.000000,0.000000,0.000000,0.000000,0,0,0,0,0,0,0,0,0,0,0,0.045257568359375,-0.004302978515625,0,0,0,0,0,0,0,0,Object notstarted,Object notstarted,Object notstarted,Object notstarted,Object notstarted,Object notstarted,Object notstarted,Object notstarted,Object notstarted
2024-03-18 10:32:21,941.941,__main___datalogs,INFO,JoyConState.PREP_SNS,-134.975000,-130.850000,9.040000,0.091547,0.006866,0.013732,0.025176,0.000000,0.000000,0.000000,0.000000,0,0,0,0,0,0,0,0,0,0,0,0.045257568359375,-0.004302978515625,0,0,0,0,0,0,0,0,Object notstarted,Object notstarted,Object notstarted,Object notstarted,Object notstarted,Object notstarted,Object notstarted,Object notstarted,Object notstarted
2024-03-18 10:32:21,971.971,__main___datalogs,INFO,JoyConState.PREP_SNS,-134.975000,-130.850000,9.040000,0.091547,0.006866,0.013732,0.025176,0.000000,0.000000,0.000000,0.000000,0,0,0,0,0,0,0,0,0,0,0,0.045257568359375,-0.004302978515625,0,0,0,0,0,0,0,0,Object notstarted,Object notstarted,Object notstarted,Object notstarted,Object notstarted,Object notstarted,Object notstarted,Object notstarted,Object notstarted
2024-03-18 10:32:22,002.002,__main___datalogs,INFO,JoyConState.PREP_SNS,-134.975000,-130.850000,9.040000,0.091547,0.006866,0.013732,0.027464,0.000000,0.000000,0.000000,0.000000,0,0,0,0,0,0,0,0,0,0,0,0.045257568359375,-0.004302978515625,0,0,0,0,0,0,0,0,Object notstarted,Object notstarted,Object notstarted,Object notstarted,Object notstarted,Object notstarted,Object notstarted,Object notstarted,Object notstarted
2024-03-18 10:32:22,035.035,__main___datalogs,INFO,JoyConState.PREP_SNS,-134.975000,-130.850000,9.040000,0.091547,0.006866,0.013732,0.027464,0.000000,0.000000,0.000000,0.000000,0,0,0,0,0,0,0,0,0,0,0,0.045257568359375,-0.004302978515625,0,0,0,0,0,0,0,0,Object notstarted,Object notstarted,Object notstarted,Object notstarted,Object notstarted,Object notstarted,Object notstarted,Object notstarted,Object notstarted
2024-03-18 10:32:22,068.068,__main___datalogs,INFO,JoyConState.PREP_SNS,-134.975000,-130.850000,9.040000,0.091547,0.006866,0.013732,0.027464,0.000000,0.000000,0.000000,0.000000,0,0,0,0,0,0,0,0,0,0,0,0.045257568359375,-0.004302978515625,0,0,0,0,0,0,0,0,Object notstarted,Object notstarted,Object notstarted,Object notstarted,Object notstarted,Object notstarted,Object notstarted,Object notstarted,Object notstarted
2024-03-18 10:32:22,099.099,__main___datalogs,INFO,JoyConState.PREP_SNS,-134.975000,-130.850000,9.040000,0.091547,0.006866,0.013732,0.027464,0.000000,0.000000,0.000000,0.000000,0,0,0,0,0,0,0,0,0,0,0,0.045257568359375,-0.004302978515625,0,0,0,0,0,0,0,0,Object notstarted,Object notstarted,Object notstarted,Object notstarted,Object notstarted,Object notstarted,Object notstarted,Object notstarted,Object notstarted
2024-03-18 10:32:22,130.130,__main___datalogs,INFO,JoyConState.PREP_SNS,-134.975000,-130.850000,9.040000,0.091547,0.006866,0.013732,0.027464,0.000000,0.000000,0.000000,0.000000,0,0,0,0,0,0,0,0,0,0,0,0.045257568359375,-0.004302978515625,0,0,0,0,0,0,0,0,Object notstarted,Object notstarted,Object notstarted,Object notstarted,Object notstarted,Object notstarted,Object notstarted,Object notstarted,Object notstarted
2024-03-18 10:32:22,163.163,__main___datalogs,INFO,JoyConState.PREP_SNS,-134.975000,-130.850000,9.040000,0.089258,0.006866,0.013732,0.025176,0.000000,0.000000,0.000000,0.000000,0,0,0,0,0,0,0,0,0,0,0,0.045257568359375,-0.004302978515625,0,0,0,0,0,0,0,0,Object notstarted,Object notstarted,Object notstarted,Object notstarted,Object notstarted,Object notstarted,Object notstarted,Object notstarted,Object notstarted
2024-03-18 10:32:22,195.195,__main___datalogs,INFO,JoyConState.PREP_SNS,-134.975000,-130.850000,9.040000,0.089258,0.006866,0.013732,0.027464,0.000000,0.000000,0.000000,0.000000,0,0,0,0,0,0,0,0,0,0,0,0.045257568359375,-0.004302978515625,0,0,0,0,0,0,0,0,Object notstarted,Object notstarted,Object notstarted,Object notstarted,Object notstarted,Object notstarted,Object notstarted,Object notstarted,Object notstarted
2024-03-18 10:32:22,228.228,__main___datalogs,INFO,JoyConState.PREP_SNS,-134.975000,-130.850000,9.040000,0.089258,0.006866,0.013732,0.027464,0.000000,0.000000,0.000000,0.000000,0,0,0,0,0,0,0,0,0,0,0,0.045257568359375,-0.004302978515625,0,0,0,0,0,0,0,0,Object notstarted,Object notstarted,Object notstarted,Object notstarted,Object notstarted,Object notstarted,Object notstarted,Object notstarted,Object notstarted
2024-03-18 10:32:22,259.259,__main___datalogs,INFO,JoyConState.PREP_SNS,-134.975000,-130.850000,9.040000,0.089258,0.009155,0.013732,0.025176,0.000000,0.000000,0.000000,0.000000,0,0,0,0,0,0,0,0,0,0,0,0.045257568359375,-0.004302978515625,0,0,0,0,0,0,0,0,Object notstarted,Object notstarted,Object notstarted,Object notstarted,Object notstarted,Object notstarted,Object notstarted,Object notstarted,Object notstarted
2024-03-18 10:32:22,292.292,__main___datalogs,INFO,JoyConState.PREP_SNS,-134.975000,-130.850000,9.040000,0.089258,0.006866,0.013732,0.025176,0.000000,0.000000,0.000000,0.000000,0,0,0,0,0,0,0,0,0,0,0,0.045257568359375,-0.004302978515625,0,0,0,0,0,0,0,0,Object notstarted,Object notstarted,Object notstarted,Object notstarted,Object notstarted,Object notstarted,Object notstarted,Object notstarted,Object notstarted
2024-03-18 10:32:22,323.323,__main___datalogs,INFO,JoyConState.PREP_SNS,-134.975000,-130.850000,9.040000,0.091547,0.006866,0.013732,0.027464,0.000000,0.000000,0.000000,0.000000,0,0,0,0,0,0,0,0,0,0,0,0.045257568359375,-0.004302978515625,0,0,0,0,0,0,0,0,Object notstarted,Object notstarted,Object notstarted,Object notstarted,Object notstarted,Object notstarted,Object notstarted,Object notstarted,Object notstarted
2024-03-18 10:32:22,355.355,__main___datalogs,INFO,JoyConState.PREP_SNS,-134.975000,-130.850000,9.040000,0.091547,0.006866,0.013732,0.025176,0.000000,0.000000,0.000000,0.000000,0,0,0,0,0,0,0,0,0,0,0,0.045257568359375,-0.004302978515625,0,0,0,0,0,0,0,0,Object notstarted,Object notstarted,Object notstarted,Object notstarted,Object notstarted,Object notstarted,Object notstarted,Object notstarted,Object notstarted
2024-03-18 10:32:22,388.388,__main___datalogs,INFO,JoyConState.PREP_SNS,-134.975000,-130.850000,9.040000,0.089258,0.006866,0.013732,0.020598,0.000000,0.000000,0.000000,0.000000,0,0,0,0,0,0,0,0,0,0,0,0.045257568359375,-0.004302978515625,0,0,0,0,0,0,0,0,Object notstarted,Object notstarted,Object notstarted,Object notstarted,Object notstarted,Object notstarted,Object notstarted,Object notstarted,Object notstarted
2024-03-18 10:32:22,420.420,__main___datalogs,INFO,JoyConState.PREP_SNS,-134.975000,-130.850000,9.040000,0.091547,0.006866,0.013732,0.020598,0.000000,0.000000,0.000000,0.000000,0,0,0,0,0,0,0,0,0,0,0,0.045257568359375,-0.004302978515625,0,0,0,0,0,0,0,0,Object notstarted,Object notstarted,Object notstarted,Object notstarted,Object notstarted,Object notstarted,Object notstarted,Object notstarted,Object notstarted
2024-03-18 10:32:22,451.451,__main___datalogs,INFO,JoyConState.PREP_SNS,-134.975000,-130.850000,9.040000,0.089258,0.006866,0.013732,0.025176,0.000000,0.000000,0.000000,0.000000,0,0,0,0,0,0,0,0,0,0,0,0.045257568359375,-0.004302978515625,0,0,0,0,0,0,0,0,Object notstarted,Object notstarted,Object notstarted,Object notstarted,Object notstarted,Object notstarted,Object notstarted,Object notstarted,Object notstarted
2024-03-18 10:32:22,483.483,__main___datalogs,INFO,JoyConState.PREP_SNS,-134.975000,-130.850000,9.040000,0.089258,0.006866,0.013732,0.025176,0.000000,0.000000,0.000000,0.000000,0,0,0,0,0,0,0,0,0,0,0,0.045257568359375,-0.004302978515625,0,0,0,0,0,0,0,0,Object notstarted,Object notstarted,Object notstarted,Object notstarted,Object notstarted,Object notstarted,Object notstarted,Object notstarted,Object notstarted
2024-03-18 10:32:22,515.515,__main___datalogs,INFO,JoyConState.PREP_SNS,-134.975000,-130.850000,9.040000,0.089258,0.006866,0.013732,0.020598,0.000000,0.000000,0.000000,0.000000,0,0,0,0,0,0,0,0,0,0,0,0.045257568359375,-0.004302978515625,0,0,0,0,0,0,0,0,Object notstarted,Object notstarted,Object notstarted,Object notstarted,Object notstarted,Object notstarted,Object notstarted,Object notstarted,Object notstarted
2024-03-18 10:32:22,546.546,__main___datalogs,INFO,JoyConState.PREP_SNS,-134.975000,-130.850000,9.040000,0.084681,0.006866,0.013732,0.020598,0.000000,0.000000,0.000000,0.000000,0,0,0,0,0,0,0,0,0,0,0,0.045257568359375,-0.004302978515625,0,0,0,0,0,0,0,0,Object notstarted,Object notstarted,Object notstarted,Object notstarted,Object notstarted,Object notstarted,Object notstarted,Object notstarted,Object notstarted
2024-03-18 10:32:22,579.579,__main___datalogs,INFO,JoyConState.PREP_SNS,-134.975000,-130.850000,9.040000,0.091547,0.009155,0.013732,0.020598,0.000000,0.000000,0.000000,0.000000,0,0,0,0,0,0,0,0,0,0,0,0.045257568359375,-0.004302978515625,0,0,0,0,0,0,0,0,Object notstarted,Object notstarted,Object notstarted,Object notstarted,Object notstarted,Object notstarted,Object notstarted,Object notstarted,Object notstarted
2024-03-18 10:32:22,611.611,__main___datalogs,INFO,JoyConState.PREP_SNS,-134.975000,-130.850000,9.040000,0.091547,0.006866,0.011443,0.027464,0.000000,0.000000,0.000000,0.000000,0,0,0,0,0,0,0,0,0,0,0,0.045257568359375,-0.004302978515625,0,0,0,0,0,0,0,0,Object notstarted,Object notstarted,Object notstarted,Object notstarted,Object notstarted,Object notstarted,Object notstarted,Object notstarted,Object notstarted
2024-03-18 10:32:22,642.642,__main___datalogs,INFO,JoyConState.PREP_SNS,-134.975000,-130.850000,9.040000,0.091547,0.006866,0.013732,0.027464,0.000000,0.000000,0.000000,0.000000,0,0,0,0,0,0,0,0,0,0,0,0.045257568359375,-0.004302978515625,0,0,0,0,0,0,0,0,Object notstarted,Object notstarted,Object notstarted,Object notstarted,Object notstarted,Object notstarted,Object notstarted,Object notstarted,Object notstarted
2024-03-18 10:32:22,675.675,__main___datalogs,INFO,JoyConState.PREP_SNS,-134.975000,-130.850000,9.040000,0.091547,0.006866,0.011443,0.025176,0.000000,0.000000,0.000000,0.000000,0,0,0,0,0,0,0,0,0,0,0,0.045257568359375,-0.004302978515625,0,0,0,0,0,0,0,0,Object notstarted,Object notstarted,Object notstarted,Object notstarted,Object notstarted,Object notstarted,Object notstarted,Object notstarted,Object notstarted
2024-03-18 10:32:22,706.706,__main___datalogs,INFO,JoyConState.PREP_SNS,-134.975000,-130.850000,9.040000,0.091547,0.006866,0.013732,0.025176,0.000000,0.000000,0.000000,0.000000,0,0,0,0,0,0,0,0,0,0,0,0.045257568359375,-0.004302978515625,0,0,0,0,0,0,0,0,Object notstarted,Object notstarted,Object notstarted,Object notstarted,Object notstarted,Object notstarted,Object notstarted,Object notstarted,Object notstarted
2024-03-18 10:32:22,738.738,__main___datalogs,INFO,JoyConState.PREP_SNS,-134.975000,-130.850000,9.040000,0.091547,0.006866,0.013732,0.027464,0.000000,0.000000,0.000000,0.000000,0,0,0,0,0,0,0,0,0,0,0,0.045257568359375,-0.004302978515625,0,0,0,0,0,0,0,0,Object notstarted,Object notstarted,Object notstarted,Object notstarted,Object notstarted,Object notstarted,Object notstarted,Object notstarted,Object notstarted
2024-03-18 10:32:22,769.769,__main___datalogs,INFO,JoyConState.PREP_SNS,-134.975000,-130.850000,9.040000,0.091547,0.006866,0.013732,0.032042,0.000000,0.000000,0.000000,0.000000,0,0,0,0,0,0,0,0,0,0,0,0.045257568359375,-0.004302978515625,0,0,0,0,0,0,0,0,Object notstarted,Object notstarted,Object notstarted,Object notstarted,Object notstarted,Object notstarted,Object notstarted,Object notstarted,Object notstarted
2024-03-18 10:32:22,820.820,__main___datalogs,INFO,JoyConState.PREP_SNS,-134.975000,-130.850000,9.040000,0.091547,0.006866,0.013732,0.027464,0.000000,0.000000,0.000000,0.000000,0,0,0,0,0,0,0,0,0,0,0,0.045257568359375,-0.004302978515625,0,0,0,0,0,0,0,0,Object notstarted,Object notstarted,Object notstarted,Object notstarted,Object notstarted,Object notstarted,Object notstarted,Object notstarted,Object notstarted
2024-03-18 10:32:22,857.857,__main___datalogs,INFO,JoyConState.PREP_SNS,-134.975000,-130.850000,9.040000,0.091547,0.002289,0.013732,0.027464,0.000000,0.000000,0.000000,0.000000,0,0,0,0,0,0,0,0,0,0,0,0.045257568359375,-0.004302978515625,0,0,0,0,0,0,0,0,Object notstarted,Object notstarted,Object notstarted,Object notstarted,Object notstarted,Object notstarted,Object notstarted,Object notstarted,Object notstarted
2024-03-18 10:32:22,895.895,__main___datalogs,INFO,JoyConState.PREP_SNS,-134.975000,-130.850000,9.040000,0.096125,0.002289,0.013732,0.025176,0.000000,0.000000,0.000000,0.000000,0,0,0,0,0,0,0,0,0,0,0,0.045257568359375,-0.004302978515625,0,0,0,0,0,0,0,0,Object notstarted,Object notstarted,Object notstarted,Object notstarted,Object notstarted,Object notstarted,Object notstarted,Object notstarted,Object notstarted
2024-03-18 10:32:22,932.932,__main___datalogs,INFO,JoyConState.PREP_SNS,-134.975000,-130.850000,9.040000,0.091547,0.002289,0.013732,0.025176,0.000000,0.000000,0.000000,0.000000,0,0,0,0,0,0,0,0,0,0,0,0.045257568359375,-0.004302978515625,0,0,0,0,0,0,0,0,Object notstarted,Object notstarted,Object notstarted,Object notstarted,Object notstarted,Object notstarted,Object notstarted,Object notstarted,Object notstarted
2024-03-18 10:32:22,968.968,__main___datalogs,INFO,JoyConState.PREP_SNS,-134.975000,-130.850000,9.040000,0.091547,0.002289,0.013732,0.025176,0.000000,0.000000,0.000000,0.000000,0,0,0,0,0,0,0,0,0,0,0,0.045257568359375,-0.004302978515625,0,0,0,0,0,0,0,0,Object notstarted,Object notstarted,Object notstarted,Object notstarted,Object notstarted,Object notstarted,Object notstarted,Object notstarted,Object notstarted
2024-03-18 10:32:23,006.006,__main___datalogs,INFO,JoyConState.PREP_SNS,-134.975000,-130.850000,9.040000,0.091547,0.002289,0.013732,0.027464,0.000000,0.000000,0.000000,0.000000,0,0,0,0,0,0,0,0,0,0,0,0.045257568359375,-0.004302978515625,0,0,0,0,0,0,0,0,Object notstarted,Object notstarted,Object notstarted,Object notstarted,Object notstarted,Object notstarted,Object notstarted,Object notstarted,Object notstarted
2024-03-18 10:32:23,042.042,__main___datalogs,INFO,JoyConState.PREP_SNS,-134.975000,-130.850000,9.040000,0.091547,-0.002289,0.013732,0.027464,0.000000,0.000000,0.000000,0.000000,0,0,0,0,0,0,0,0,0,0,0,0.045257568359375,-0.004302978515625,0,0,0,0,0,0,0,0,Object notstarted,Object notstarted,Object notstarted,Object notstarted,Object notstarted,Object notstarted,Object notstarted,Object notstarted,Object notstarted
2024-03-18 10:32:23,079.079,__main___datalogs,INFO,JoyConState.PREP_SNS,-134.975000,-130.850000,9.040000,0.091547,0.006866,0.013732,0.025176,0.000000,0.000000,0.000000,0.000000,0,0,0,0,0,0,0,0,0,0,0,0.045257568359375,-0.004302978515625,0,0,0,0,0,0,0,0,Object notstarted,Object notstarted,Object notstarted,Object notstarted,Object notstarted,Object notstarted,Object notstarted,Object notstarted,Object notstarted
2024-03-18 10:32:23,110.110,__main___datalogs,INFO,JoyConState.PREP_SNS,-134.975000,-130.850000,9.040000,0.089258,0.006866,0.013732,0.025176,0.000000,0.000000,0.000000,0.000000,0,0,0,0,0,0,0,0,0,0,0,0.045257568359375,-0.004302978515625,0,0,0,0,0,0,0,0,Object notstarted,Object notstarted,Object notstarted,Object notstarted,Object notstarted,Object notstarted,Object notstarted,Object notstarted,Object notstarted
2024-03-18 10:32:23,142.142,__main___datalogs,INFO,JoyConState.PREP_SNS,-134.975000,-130.850000,9.040000,0.089258,0.006866,0.013732,0.025176,0.000000,0.000000,0.000000,0.000000,0,0,0,0,0,0,0,0,0,0,0,0.045257568359375,-0.004302978515625,0,0,0,0,0,0,0,0,Object notstarted,Object notstarted,Object notstarted,Object notstarted,Object notstarted,Object notstarted,Object notstarted,Object notstarted,Object notstarted
2024-03-18 10:32:23,174.174,__main___datalogs,INFO,JoyConState.PREP_SNS,-134.975000,-130.850000,9.040000,0.089258,0.006866,0.013732,0.025176,0.000000,0.000000,0.000000,0.000000,0,0,0,0,0,0,0,0,0,0,0,0.045257568359375,-0.004302978515625,0,0,0,0,0,0,0,0,Object notstarted,Object notstarted,Object notstarted,Object notstarted,Object notstarted,Object notstarted,Object notstarted,Object notstarted,Object notstarted
2024-03-18 10:32:23,205.205,__main___datalogs,INFO,JoyConState.PREP_SNS,-134.975000,-130.850000,9.040000,0.091547,0.006866,0.013732,0.025176,0.000000,0.000000,0.000000,0.000000,0,0,0,0,0,0,0,0,0,0,0,0.045257568359375,-0.004302978515625,0,0,0,0,0,0,0,0,Object notstarted,Object notstarted,Object notstarted,Object notstarted,Object notstarted,Object notstarted,Object notstarted,Object notstarted,Object notstarted
2024-03-18 10:32:23,237.237,__main___datalogs,INFO,JoyConState.PREP_SNS,-134.975000,-130.850000,9.040000,0.091547,0.006866,0.013732,0.025176,0.000000,0.000000,0.000000,0.000000,0,0,0,0,0,0,0,0,0,0,0,0.045257568359375,-0.004302978515625,0,0,0,0,0,0,0,0,Object notstarted,Object notstarted,Object notstarted,Object notstarted,Object notstarted,Object notstarted,Object notstarted,Object notstarted,Object notstarted
2024-03-18 10:32:23,269.269,__main___datalogs,INFO,JoyConState.PREP_SNS,-134.975000,-130.850000,9.040000,0.091547,0.002289,0.013732,0.025176,0.000000,0.000000,0.000000,0.000000,0,0,0,0,0,0,0,0,0,0,0,0.045257568359375,-0.004302978515625,0,0,0,0,0,0,0,0,Object notstarted,Object notstarted,Object notstarted,Object notstarted,Object notstarted,Object notstarted,Object notstarted,Object notstarted,Object notstarted
2024-03-18 10:32:23,302.302,__main___datalogs,INFO,JoyConState.PREP_SNS,-134.975000,-130.850000,9.040000,0.089258,0.002289,0.013732,0.027464,0.000000,0.000000,0.000000,0.000000,0,0,0,0,0,0,0,0,0,0,0,0.045257568359375,-0.004302978515625,0,0,0,0,0,0,0,0,Object notstarted,Object notstarted,Object notstarted,Object notstarted,Object notstarted,Object notstarted,Object notstarted,Object notstarted,Object notstarted
2024-03-18 10:32:23,335.335,__main___datalogs,INFO,JoyConState.PREP_SNS,-134.975000,-130.850000,9.040000,0.089258,0.002289,0.013732,0.027464,0.000000,0.000000,0.000000,0.000000,0,0,0,0,0,0,0,0,0,0,0,0.045257568359375,-0.004302978515625,0,0,0,0,0,0,0,0,Object notstarted,Object notstarted,Object notstarted,Object notstarted,Object notstarted,Object notstarted,Object notstarted,Object notstarted,Object notstarted
2024-03-18 10:32:23,367.367,__main___datalogs,INFO,JoyConState.PREP_SNS,-134.975000,-130.850000,9.040000,0.089258,0.002289,0.013732,0.027464,0.000000,0.000000,0.000000,0.000000,0,0,0,0,0,0,0,0,0,0,0,0.045257568359375,-0.004302978515625,0,0,0,0,0,0,0,0,Object notstarted,Object notstarted,Object notstarted,Object notstarted,Object notstarted,Object notstarted,Object notstarted,Object notstarted,Object notstarted
2024-03-18 10:32:23,404.404,__main___datalogs,INFO,JoyConState.PREP_SNS,-134.975000,-130.850000,9.040000,0.089258,0.002289,0.013732,0.025176,0.000000,0.000000,0.000000,0.000000,0,0,0,0,0,0,0,0,0,0,0,0.045257568359375,-0.004302978515625,0,0,0,0,0,0,0,0,Object notstarted,Object notstarted,Object notstarted,Object notstarted,Object notstarted,Object notstarted,Object notstarted,Object notstarted,Object notstarted
2024-03-18 10:32:23,441.441,__main___datalogs,INFO,JoyConState.PREP_SNS,-134.975000,-130.850000,9.040000,0.089258,0.002289,0.013732,0.027464,0.000000,0.000000,0.000000,0.000000,0,0,0,0,0,0,0,0,0,0,0,0.045257568359375,-0.004302978515625,0,0,0,0,0,0,0,0,Object notstarted,Object notstarted,Object notstarted,Object notstarted,Object notstarted,Object notstarted,Object notstarted,Object notstarted,Object notstarted
2024-03-18 10:32:23,478.478,__main___datalogs,INFO,JoyConState.PREP_SNS,-134.975000,-130.850000,9.040000,0.089258,0.009155,0.013732,0.025176,0.000000,0.000000,0.000000,0.000000,0,0,0,0,0,0,0,0,0,0,0,0.045257568359375,-0.004302978515625,0,0,0,0,0,0,0,0,Object notstarted,Object notstarted,Object notstarted,Object notstarted,Object notstarted,Object notstarted,Object notstarted,Object notstarted,Object notstarted
2024-03-18 10:32:23,515.515,__main___datalogs,INFO,JoyConState.PREP_SNS,-134.975000,-130.850000,9.040000,0.089258,0.009155,0.013732,0.027464,0.000000,0.000000,0.000000,0.000000,0,0,0,0,0,0,0,0,0,0,0,0.045257568359375,-0.004302978515625,0,0,0,0,0,0,0,0,Object notstarted,Object notstarted,Object notstarted,Object notstarted,Object notstarted,Object notstarted,Object notstarted,Object notstarted,Object notstarted
2024-03-18 10:32:23,552.552,__main___datalogs,INFO,JoyConState.PREP_SNS,-134.975000,-130.850000,9.040000,0.089258,0.006866,0.013732,0.027464,0.000000,0.000000,0.000000,0.000000,0,0,0,0,0,0,0,0,0,0,0,0.045257568359375,-0.004302978515625,0,0,0,0,0,0,0,0,Object notstarted,Object notstarted,Object notstarted,Object notstarted,Object notstarted,Object notstarted,Object notstarted,Object notstarted,Object notstarted
2024-03-18 10:32:23,583.583,__main___datalogs,INFO,JoyConState.PREP_SNS,-134.975000,-130.850000,9.040000,0.089258,0.002289,0.018310,0.027464,0.000000,0.000000,0.000000,0.000000,0,0,0,0,0,0,0,0,0,0,0,0.045257568359375,-0.004302978515625,0,0,0,0,0,0,0,0,Object notstarted,Object notstarted,Object notstarted,Object notstarted,Object notstarted,Object notstarted,Object notstarted,Object notstarted,Object notstarted
2024-03-18 10:32:23,620.620,__main___datalogs,INFO,JoyConState.PREP_SNS,-134.975000,-130.850000,9.040000,0.091547,0.002289,0.013732,0.027464,0.000000,0.000000,0.000000,0.000000,0,0,0,0,0,0,0,0,0,0,0,0.045257568359375,-0.004302978515625,0,0,0,0,0,0,0,0,Object notstarted,Object notstarted,Object notstarted,Object notstarted,Object notstarted,Object notstarted,Object notstarted,Object notstarted,Object notstarted
2024-03-18 10:32:23,651.651,__main___datalogs,INFO,JoyConState.PREP_SNS,-134.975000,-130.850000,9.040000,0.091547,0.006866,0.013732,0.027464,0.000000,0.000000,0.000000,0.000000,0,0,0,0,0,0,0,0,0,0,0,0.045257568359375,-0.004302978515625,0,0,0,0,0,0,0,0,Object notstarted,Object notstarted,Object notstarted,Object notstarted,Object notstarted,Object notstarted,Object notstarted,Object notstarted,Object notstarted
2024-03-18 10:32:23,684.684,__main___datalogs,INFO,JoyConState.PREP_SNS,-134.975000,-130.850000,9.040000,0.091547,0.006866,0.013732,0.025176,0.000000,0.000000,0.000000,0.000000,0,0,0,0,0,0,0,0,0,0,0,0.045257568359375,-0.004302978515625,0,0,0,0,0,0,0,0,Object notstarted,Object notstarted,Object notstarted,Object notstarted,Object notstarted,Object notstarted,Object notstarted,Object notstarted,Object notstarted
2024-03-18 10:32:23,714.714,__main___datalogs,INFO,JoyConState.PREP_SNS,-134.975000,-130.850000,9.040000,0.091547,0.006866,0.013732,0.025176,0.000000,0.000000,0.000000,0.000000,0,0,0,0,0,0,0,0,0,0,0,0.045257568359375,-0.004302978515625,0,0,0,0,0,0,0,0,Object notstarted,Object notstarted,Object notstarted,Object notstarted,Object notstarted,Object notstarted,Object notstarted,Object notstarted,Object notstarted
2024-03-18 10:32:23,747.747,__main___datalogs,INFO,JoyConState.PREP_SNS,-134.975000,-130.850000,9.040000,0.091547,0.006866,0.013732,0.025176,0.000000,0.000000,0.000000,0.000000,0,0,0,0,0,0,0,0,0,0,0,0.045257568359375,-0.004302978515625,0,0,0,0,0,0,0,0,Object notstarted,Object notstarted,Object notstarted,Object notstarted,Object notstarted,Object notstarted,Object notstarted,Object notstarted,Object notstarted
2024-03-18 10:32:23,779.779,__main___datalogs,INFO,JoyConState.PREP_SNS,-134.975000,-130.850000,9.040000,0.091547,0.006866,0.013732,0.027464,0.000000,0.000000,0.000000,0.000000,0,0,0,0,0,0,0,0,0,0,0,0.045257568359375,-0.004302978515625,0,0,0,0,0,0,0,0,Object notstarted,Object notstarted,Object notstarted,Object notstarted,Object notstarted,Object notstarted,Object notstarted,Object notstarted,Object notstarted
2024-03-18 10:32:23,811.811,__main___datalogs,INFO,JoyConState.PREP_SNS,-134.975000,-130.850000,9.040000,0.091547,0.006866,0.013732,0.025176,0.000000,0.000000,0.000000,0.000000,0,0,0,0,0,0,0,0,0,0,0,0.045257568359375,-0.004302978515625,0,0,0,0,0,0,0,0,Object notstarted,Object notstarted,Object notstarted,Object notstarted,Object notstarted,Object notstarted,Object notstarted,Object notstarted,Object notstarted
2024-03-18 10:32:23,863.863,__main___datalogs,INFO,JoyConState.PREP_SNS,-134.975000,-130.850000,9.040000,0.091547,0.006866,0.018310,0.027464,0.000000,0.000000,0.000000,0.000000,0,0,0,0,0,0,0,0,0,0,0,0.045257568359375,-0.004302978515625,0,0,0,0,0,0,0,0,Object notstarted,Object notstarted,Object notstarted,Object notstarted,Object notstarted,Object notstarted,Object notstarted,Object notstarted,Object notstarted
2024-03-18 10:32:23,909.909,__main___datalogs,INFO,JoyConState.PREP_SNS,-134.975000,-130.850000,9.040000,0.091547,0.006866,0.013732,0.025176,0.000000,0.000000,0.000000,0.000000,0,0,0,0,0,0,0,0,0,0,0,0.045257568359375,-0.004302978515625,0,0,0,0,0,0,0,0,Object notstarted,Object notstarted,Object notstarted,Object notstarted,Object notstarted,Object notstarted,Object notstarted,Object notstarted,Object notstarted
2024-03-18 10:32:23,944.944,__main___datalogs,INFO,JoyConState.PREP_SNS,-134.975000,-130.850000,9.040000,0.089258,0.006866,0.013732,0.027464,0.000000,0.000000,0.000000,0.000000,0,0,0,0,0,0,0,0,0,0,0,0.045257568359375,-0.004302978515625,0,0,0,0,0,0,0,0,Object notstarted,Object notstarted,Object notstarted,Object notstarted,Object notstarted,Object notstarted,Object notstarted,Object notstarted,Object notstarted
2024-03-18 10:32:23,981.981,__main___datalogs,INFO,JoyConState.PREP_SNS,-134.975000,-130.850000,9.040000,0.089258,0.006866,0.013732,0.027464,0.000000,0.000000,0.000000,0.000000,0,0,0,0,0,0,0,0,0,0,0,0.045257568359375,-0.004302978515625,0,0,0,0,0,0,0,0,Object notstarted,Object notstarted,Object notstarted,Object notstarted,Object notstarted,Object notstarted,Object notstarted,Object notstarted,Object notstarted
2024-03-18 10:32:24,018.018,__main___datalogs,INFO,JoyConState.PREP_SNS,-134.975000,-130.850000,9.040000,0.089258,0.006866,0.013732,0.025176,0.000000,0.000000,0.000000,0.000000,0,0,0,0,0,0,0,0,0,0,0,0.045257568359375,-0.004302978515625,0,0,0,0,0,0,0,0,Object notstarted,Object notstarted,Object notstarted,Object notstarted,Object notstarted,Object notstarted,Object notstarted,Object notstarted,Object notstarted
2024-03-18 10:32:24,055.055,__main___datalogs,INFO,JoyConState.PREP_SNS,-134.975000,-130.850000,9.040000,0.089258,0.006866,0.013732,0.025176,0.000000,0.000000,0.000000,0.000000,0,0,0,0,0,0,0,0,0,0,0,0.045257568359375,-0.004302978515625,0,0,0,0,0,0,0,0,Object notstarted,Object notstarted,Object notstarted,Object notstarted,Object notstarted,Object notstarted,Object notstarted,Object notstarted,Object notstarted
2024-03-18 10:32:24,092.092,__main___datalogs,INFO,JoyConState.PREP_SNS,-134.975000,-130.850000,9.040000,0.089258,0.002289,0.011443,0.027464,0.000000,0.000000,0.000000,0.000000,0,0,0,0,0,0,0,0,0,0,0,0.045257568359375,-0.004302978515625,0,0,0,0,0,0,0,0,Object notstarted,Object notstarted,Object notstarted,Object notstarted,Object notstarted,Object notstarted,Object notstarted,Object notstarted,Object notstarted
2024-03-18 10:32:24,129.129,__main___datalogs,INFO,JoyConState.PREP_SNS,-134.975000,-130.850000,9.040000,0.091547,0.006866,0.011443,0.025176,0.000000,0.000000,0.000000,0.000000,0,0,0,0,0,0,0,0,0,0,0,0.045257568359375,-0.004302978515625,0,0,0,0,0,0,0,0,Object notstarted,Object notstarted,Object notstarted,Object notstarted,Object notstarted,Object notstarted,Object notstarted,Object notstarted,Object notstarted
2024-03-18 10:32:24,166.166,__main___datalogs,INFO,JoyConState.PREP_SNS,-134.975000,-130.850000,9.040000,0.091547,0.006866,0.011443,0.025176,0.000000,0.000000,0.000000,0.000000,0,0,0,0,0,0,0,0,0,0,0,0.045257568359375,-0.004302978515625,0,0,0,0,0,0,0,0,Object notstarted,Object notstarted,Object notstarted,Object notstarted,Object notstarted,Object notstarted,Object notstarted,Object notstarted,Object notstarted
2024-03-18 10:32:24,202.202,__main___datalogs,INFO,JoyConState.PREP_SNS,-134.975000,-130.850000,9.040000,0.091547,0.009155,0.011443,0.020598,0.000000,0.000000,0.000000,0.000000,0,0,0,0,0,0,0,0,0,0,0,0.045257568359375,-0.004302978515625,0,0,0,0,0,0,0,0,Object notstarted,Object notstarted,Object notstarted,Object notstarted,Object notstarted,Object notstarted,Object notstarted,Object notstarted,Object notstarted
2024-03-18 10:32:24,234.234,__main___datalogs,INFO,JoyConState.PREP_SNS,-134.975000,-130.850000,9.040000,0.089258,0.009155,0.011443,0.025176,0.000000,0.000000,0.000000,0.000000,0,0,0,0,0,0,0,0,0,0,0,0.045257568359375,-0.004302978515625,0,0,0,0,0,0,0,0,Object notstarted,Object notstarted,Object notstarted,Object notstarted,Object notstarted,Object notstarted,Object notstarted,Object notstarted,Object notstarted
2024-03-18 10:32:24,266.266,__main___datalogs,INFO,JoyConState.PREP_SNS,-134.975000,-130.850000,9.040000,0.089258,0.002289,0.011443,0.025176,0.000000,0.000000,0.000000,0.000000,0,0,0,0,0,0,0,0,0,0,0,0.045257568359375,-0.004302978515625,0,0,0,0,0,0,0,0,Object notstarted,Object notstarted,Object notstarted,Object notstarted,Object notstarted,Object notstarted,Object notstarted,Object notstarted,Object notstarted
2024-03-18 10:32:24,297.297,__main___datalogs,INFO,JoyConState.PREP_SNS,-134.975000,-130.850000,9.040000,0.089258,0.002289,0.013732,0.027464,0.000000,0.000000,0.000000,0.000000,0,0,0,0,0,0,0,0,0,0,0,0.045257568359375,-0.004302978515625,0,0,0,0,0,0,0,0,Object notstarted,Object notstarted,Object notstarted,Object notstarted,Object notstarted,Object notstarted,Object notstarted,Object notstarted,Object notstarted
2024-03-18 10:32:24,329.329,__main___datalogs,INFO,JoyConState.PREP_SNS,-134.975000,-130.850000,9.040000,0.089258,0.002289,0.013732,0.027464,0.000000,0.000000,0.000000,0.000000,0,0,0,0,0,0,0,0,0,0,0,0.045257568359375,-0.004302978515625,0,0,0,0,0,0,0,0,Object notstarted,Object notstarted,Object notstarted,Object notstarted,Object notstarted,Object notstarted,Object notstarted,Object notstarted,Object notstarted
2024-03-18 10:32:24,361.361,__main___datalogs,INFO,JoyConState.PREP_SNS,-134.975000,-130.850000,9.040000,0.089258,0.002289,0.013732,0.027464,0.000000,0.000000,0.000000,0.000000,0,0,0,0,0,0,0,0,0,0,0,0.045257568359375,-0.004302978515625,0,0,0,0,0,0,0,0,Object notstarted,Object notstarted,Object notstarted,Object notstarted,Object notstarted,Object notstarted,Object notstarted,Object notstarted,Object notstarted
2024-03-18 10:32:24,394.394,__main___datalogs,INFO,JoyConState.PREP_SNS,-134.975000,-130.850000,9.040000,0.089258,0.002289,0.011443,0.027464,0.000000,0.000000,0.000000,0.000000,0,0,0,0,0,0,0,0,0,0,0,0.045257568359375,-0.004302978515625,0,0,0,0,0,0,0,0,Object notstarted,Object notstarted,Object notstarted,Object notstarted,Object notstarted,Object notstarted,Object notstarted,Object notstarted,Object notstarted
2024-03-18 10:32:24,425.425,__main___datalogs,INFO,JoyConState.PREP_SNS,-134.975000,-130.850000,9.040000,0.091547,0.002289,0.011443,0.027464,0.000000,0.000000,0.000000,0.000000,0,0,0,0,0,0,0,0,0,0,0,0.045257568359375,-0.004302978515625,0,0,0,0,0,0,0,0,Object notstarted,Object notstarted,Object notstarted,Object notstarted,Object notstarted,Object notstarted,Object notstarted,Object notstarted,Object notstarted
2024-03-18 10:32:24,457.457,__main___datalogs,INFO,JoyConState.PREP_SNS,-134.975000,-130.850000,9.040000,0.091547,0.002289,0.011443,0.027464,0.000000,0.000000,0.000000,0.000000,0,0,0,0,0,0,0,0,0,0,0,0.045257568359375,-0.004302978515625,0,0,0,0,0,0,0,0,Object notstarted,Object notstarted,Object notstarted,Object notstarted,Object notstarted,Object notstarted,Object notstarted,Object notstarted,Object notstarted
2024-03-18 10:32:24,489.489,__main___datalogs,INFO,JoyConState.PREP_SNS,-134.975000,-130.850000,9.040000,0.091547,0.002289,0.013732,0.020598,0.000000,0.000000,0.000000,0.000000,0,0,0,0,0,0,0,0,0,0,0,0.045257568359375,-0.004302978515625,0,0,0,0,0,0,0,0,Object notstarted,Object notstarted,Object notstarted,Object notstarted,Object notstarted,Object notstarted,Object notstarted,Object notstarted,Object notstarted
2024-03-18 10:32:24,521.521,__main___datalogs,INFO,JoyConState.PREP_SNS,-134.975000,-130.850000,9.040000,0.089258,0.002289,0.013732,0.025176,0.000000,0.000000,0.000000,0.000000,0,0,0,0,0,0,0,0,0,0,0,0.045257568359375,-0.004302978515625,0,0,0,0,0,0,0,0,Object notstarted,Object notstarted,Object notstarted,Object notstarted,Object notstarted,Object notstarted,Object notstarted,Object notstarted,Object notstarted
2024-03-18 10:32:24,553.553,__main___datalogs,INFO,JoyConState.PREP_SNS,-134.975000,-130.850000,9.040000,0.089258,0.006866,0.013732,0.025176,0.000000,0.000000,0.000000,0.000000,0,0,0,0,0,0,0,0,0,0,0,0.045257568359375,-0.004302978515625,0,0,0,0,0,0,0,0,Object notstarted,Object notstarted,Object notstarted,Object notstarted,Object notstarted,Object notstarted,Object notstarted,Object notstarted,Object notstarted
2024-03-18 10:32:24,585.585,__main___datalogs,INFO,JoyConState.PREP_SNS,-134.975000,-130.850000,9.040000,0.089258,0.006866,0.013732,0.025176,0.000000,0.000000,0.000000,0.000000,0,0,0,0,0,0,0,0,0,0,0,0.045257568359375,-0.004302978515625,0,0,0,0,0,0,0,0,Object notstarted,Object notstarted,Object notstarted,Object notstarted,Object notstarted,Object notstarted,Object notstarted,Object notstarted,Object notstarted
2024-03-18 10:32:24,617.617,__main___datalogs,INFO,JoyConState.PREP_SNS,-134.975000,-130.850000,9.040000,0.084681,0.006866,0.013732,0.025176,0.000000,0.000000,0.000000,0.000000,0,0,0,0,0,0,0,0,0,0,0,0.045257568359375,-0.004302978515625,0,0,0,0,0,0,0,0,Object notstarted,Object notstarted,Object notstarted,Object notstarted,Object notstarted,Object notstarted,Object notstarted,Object notstarted,Object notstarted
2024-03-18 10:32:24,649.649,__main___datalogs,INFO,JoyConState.PREP_SNS,-134.975000,-130.850000,9.040000,0.091547,0.006866,0.013732,0.025176,0.000000,0.000000,0.000000,0.000000,0,0,0,0,0,0,0,0,0,0,0,0.045257568359375,-0.004302978515625,0,0,0,0,0,0,0,0,Object notstarted,Object notstarted,Object notstarted,Object notstarted,Object notstarted,Object notstarted,Object notstarted,Object notstarted,Object notstarted
2024-03-18 10:32:24,681.681,__main___datalogs,INFO,JoyConState.PREP_SNS,-134.975000,-130.850000,9.040000,0.091547,0.006866,0.013732,0.027464,0.000000,0.000000,0.000000,0.000000,0,0,0,0,0,0,0,0,0,0,0,0.045257568359375,-0.004302978515625,0,0,0,0,0,0,0,0,Object notstarted,Object notstarted,Object notstarted,Object notstarted,Object notstarted,Object notstarted,Object notstarted,Object notstarted,Object notstarted
2024-03-18 10:32:24,713.713,__main___datalogs,INFO,JoyConState.PREP_SNS,-134.975000,-130.850000,9.040000,0.091547,0.006866,0.013732,0.027464,0.000000,0.000000,0.000000,0.000000,0,0,0,0,0,0,0,0,0,0,0,0.045257568359375,-0.004302978515625,0,0,0,0,0,0,0,0,Object notstarted,Object notstarted,Object notstarted,Object notstarted,Object notstarted,Object notstarted,Object notstarted,Object notstarted,Object notstarted
2024-03-18 10:32:24,744.744,__main___datalogs,INFO,JoyConState.PREP_SNS,-134.975000,-130.850000,9.040000,0.089258,0.006866,0.013732,0.027464,0.000000,0.000000,0.000000,0.000000,0,0,0,0,0,0,0,0,0,0,0,0.045257568359375,-0.004302978515625,0,0,0,0,0,0,0,0,Object notstarted,Object notstarted,Object notstarted,Object notstarted,Object notstarted,Object notstarted,Object notstarted,Object notstarted,Object notstarted
2024-03-18 10:32:24,777.777,__main___datalogs,INFO,JoyConState.PREP_SNS,-134.975000,-130.850000,9.040000,0.089258,-0.002289,0.013732,0.025176,0.000000,0.000000,0.000000,0.000000,0,0,0,0,0,0,0,0,0,0,0,0.045257568359375,-0.004302978515625,0,0,0,0,0,0,0,0,Object notstarted,Object notstarted,Object notstarted,Object notstarted,Object notstarted,Object notstarted,Object notstarted,Object notstarted,Object notstarted
2024-03-18 10:32:24,809.809,__main___datalogs,INFO,JoyConState.PREP_SNS,-134.975000,-130.850000,9.040000,0.089258,0.002289,0.013732,0.025176,0.000000,0.000000,0.000000,0.000000,0,0,0,0,0,0,0,0,0,0,0,0.045257568359375,-0.004302978515625,0,0,0,0,0,0,0,0,Object notstarted,Object notstarted,Object notstarted,Object notstarted,Object notstarted,Object notstarted,Object notstarted,Object notstarted,Object notstarted
2024-03-18 10:32:24,841.841,__main___datalogs,INFO,JoyConState.PREP_SNS,-134.975000,-130.850000,9.040000,0.091547,0.002289,0.013732,0.027464,0.000000,0.000000,0.000000,0.000000,0,0,0,0,0,0,0,0,0,0,0,0.045257568359375,-0.004302978515625,0,0,0,0,0,0,0,0,Object notstarted,Object notstarted,Object notstarted,Object notstarted,Object notstarted,Object notstarted,Object notstarted,Object notstarted,Object notstarted
2024-03-18 10:32:24,872.872,__main___datalogs,INFO,JoyConState.PREP_SNS,-134.975000,-130.850000,9.040000,0.091547,0.002289,0.013732,0.025176,0.000000,0.000000,0.000000,0.000000,0,0,0,0,0,0,0,0,0,0,0,0.045257568359375,-0.004302978515625,0,0,0,0,0,0,0,0,Object notstarted,Object notstarted,Object notstarted,Object notstarted,Object notstarted,Object notstarted,Object notstarted,Object notstarted,Object notstarted
2024-03-18 10:32:24,903.903,__main___datalogs,INFO,JoyConState.PREP_SNS,-134.975000,-130.850000,9.040000,0.091547,0.006866,0.013732,0.025176,0.000000,0.000000,0.000000,0.000000,0,0,0,0,0,0,0,0,0,0,0,0.045257568359375,-0.004302978515625,0,0,0,0,0,0,0,0,Object notstarted,Object notstarted,Object notstarted,Object notstarted,Object notstarted,Object notstarted,Object notstarted,Object notstarted,Object notstarted
2024-03-18 10:32:24,955.955,__main___datalogs,INFO,JoyConState.PREP_SNS,-134.975000,-130.850000,9.040000,0.091547,0.002289,0.013732,0.025176,0.000000,0.000000,0.000000,0.000000,0,0,0,0,0,0,0,0,0,0,0,0.045257568359375,-0.004302978515625,0,0,0,0,0,0,0,0,Object notstarted,Object notstarted,Object notstarted,Object notstarted,Object notstarted,Object notstarted,Object notstarted,Object notstarted,Object notstarted
2024-03-18 10:32:24,995.995,__main___datalogs,INFO,JoyConState.PREP_SNS,-134.975000,-130.850000,9.040000,0.091547,0.006866,0.013732,0.027464,0.000000,0.000000,0.000000,0.000000,0,0,0,0,0,0,0,0,0,0,0,0.045257568359375,-0.004302978515625,0,0,0,0,0,0,0,0,Object notstarted,Object notstarted,Object notstarted,Object notstarted,Object notstarted,Object notstarted,Object notstarted,Object notstarted,Object notstarted
2024-03-18 10:32:25,032.032,__main___datalogs,INFO,JoyConState.PREP_SNS,-134.975000,-130.850000,9.040000,0.091547,0.006866,0.013732,0.020598,0.000000,0.000000,0.000000,0.000000,0,0,0,0,0,0,0,0,0,0,0,0.045257568359375,-0.004302978515625,0,0,0,0,0,0,0,0,Object notstarted,Object notstarted,Object notstarted,Object notstarted,Object notstarted,Object notstarted,Object notstarted,Object notstarted,Object notstarted
2024-03-18 10:32:25,069.069,__main___datalogs,INFO,JoyConState.PREP_SNS,-134.975000,-130.850000,9.040000,0.091547,0.002289,0.013732,0.020598,0.000000,0.000000,0.000000,0.000000,0,0,0,0,0,0,0,0,0,0,0,0.045257568359375,-0.004302978515625,0,0,0,0,0,0,0,0,Object notstarted,Object notstarted,Object notstarted,Object notstarted,Object notstarted,Object notstarted,Object notstarted,Object notstarted,Object notstarted
2024-03-18 10:32:25,105.105,__main___datalogs,INFO,JoyConState.PREP_SNS,-134.975000,-130.850000,9.040000,0.091547,0.006866,0.013732,0.025176,0.000000,0.000000,0.000000,0.000000,0,0,0,0,0,0,0,0,0,0,0,0.045257568359375,-0.004302978515625,0,0,0,0,0,0,0,0,Object notstarted,Object notstarted,Object notstarted,Object notstarted,Object notstarted,Object notstarted,Object notstarted,Object notstarted,Object notstarted
2024-03-18 10:32:25,143.143,__main___datalogs,INFO,JoyConState.PREP_SNS,-134.975000,-130.850000,9.040000,0.091547,0.002289,0.013732,0.025176,0.000000,0.000000,0.000000,0.000000,0,0,0,0,0,0,0,0,0,0,0,0.045257568359375,-0.004302978515625,0,0,0,0,0,0,0,0,Object notstarted,Object notstarted,Object notstarted,Object notstarted,Object notstarted,Object notstarted,Object notstarted,Object notstarted,Object notstarted
2024-03-18 10:32:25,180.180,__main___datalogs,INFO,JoyConState.PREP_SNS,-134.975000,-130.850000,9.040000,0.089258,0.006866,0.013732,0.025176,0.000000,0.000000,0.000000,0.000000,0,0,0,0,0,0,0,0,0,0,0,0.045257568359375,-0.004302978515625,0,0,0,0,0,0,0,0,Object notstarted,Object notstarted,Object notstarted,Object notstarted,Object notstarted,Object notstarted,Object notstarted,Object notstarted,Object notstarted
2024-03-18 10:32:25,217.217,__main___datalogs,INFO,JoyConState.PREP_SNS,-134.975000,-130.850000,9.040000,0.089258,0.006866,0.013732,0.020598,0.000000,0.000000,0.000000,0.000000,0,0,0,0,0,0,0,0,0,0,0,0.045257568359375,-0.004302978515625,0,0,0,0,0,0,0,0,Object notstarted,Object notstarted,Object notstarted,Object notstarted,Object notstarted,Object notstarted,Object notstarted,Object notstarted,Object notstarted
2024-03-18 10:32:25,253.253,__main___datalogs,INFO,JoyConState.PREP_SNS,-134.975000,-130.850000,9.040000,0.091547,0.006866,0.011443,0.025176,0.000000,0.000000,0.000000,0.000000,0,0,0,0,0,0,0,0,0,0,0,0.045257568359375,-0.004302978515625,0,0,0,0,0,0,0,0,Object notstarted,Object notstarted,Object notstarted,Object notstarted,Object notstarted,Object notstarted,Object notstarted,Object notstarted,Object notstarted
2024-03-18 10:32:25,291.291,__main___datalogs,INFO,JoyConState.PREP_SNS,-134.975000,-130.850000,9.040000,0.091547,0.006866,0.011443,0.025176,0.000000,0.000000,0.000000,0.000000,0,0,0,0,0,0,0,0,0,0,0,0.045257568359375,-0.004302978515625,0,0,0,0,0,0,0,0,Object notstarted,Object notstarted,Object notstarted,Object notstarted,Object notstarted,Object notstarted,Object notstarted,Object notstarted,Object notstarted
2024-03-18 10:32:25,320.320,__main___datalogs,INFO,JoyConState.PREP_SNS,-134.975000,-130.850000,9.040000,0.091547,0.006866,0.013732,0.025176,0.000000,0.000000,0.000000,0.000000,0,0,0,0,0,0,0,0,0,0,0,0.045257568359375,-0.004302978515625,0,0,0,0,0,0,0,0,Object notstarted,Object notstarted,Object notstarted,Object notstarted,Object notstarted,Object notstarted,Object notstarted,Object notstarted,Object notstarted
2024-03-18 10:32:25,352.352,__main___datalogs,INFO,JoyConState.PREP_SNS,-134.975000,-130.850000,9.040000,0.084681,0.006866,0.013732,0.025176,0.000000,0.000000,0.000000,0.000000,0,0,0,0,0,0,0,0,0,0,0,0.045257568359375,-0.004302978515625,0,0,0,0,0,0,0,0,Object notstarted,Object notstarted,Object notstarted,Object notstarted,Object notstarted,Object notstarted,Object notstarted,Object notstarted,Object notstarted
2024-03-18 10:32:25,385.385,__main___datalogs,INFO,JoyConState.PREP_SNS,-134.975000,-130.850000,9.040000,0.084681,0.006866,0.013732,0.027464,0.000000,0.000000,0.000000,0.000000,0,0,0,0,0,0,0,0,0,0,0,0.045257568359375,-0.004302978515625,0,0,0,0,0,0,0,0,Object notstarted,Object notstarted,Object notstarted,Object notstarted,Object notstarted,Object notstarted,Object notstarted,Object notstarted,Object notstarted
2024-03-18 10:32:25,417.417,__main___datalogs,INFO,JoyConState.PREP_SNS,-134.975000,-130.850000,9.040000,0.089258,0.006866,0.013732,0.027464,0.000000,0.000000,0.000000,0.000000,0,0,0,0,0,0,0,0,0,0,0,0.045257568359375,-0.004302978515625,0,0,0,0,0,0,0,0,Object notstarted,Object notstarted,Object notstarted,Object notstarted,Object notstarted,Object notstarted,Object notstarted,Object notstarted,Object notstarted
2024-03-18 10:32:25,449.449,__main___datalogs,INFO,JoyConState.PREP_SNS,-134.975000,-130.850000,9.040000,0.089258,0.006866,0.011443,0.027464,0.000000,0.000000,0.000000,0.000000,0,0,0,0,0,0,0,0,0,0,0,0.045257568359375,-0.004302978515625,0,0,0,0,0,0,0,0,Object notstarted,Object notstarted,Object notstarted,Object notstarted,Object notstarted,Object notstarted,Object notstarted,Object notstarted,Object notstarted
2024-03-18 10:32:25,481.481,__main___datalogs,INFO,JoyConState.PREP_SNS,-134.975000,-130.850000,9.040000,0.089258,0.002289,0.011443,0.027464,0.000000,0.000000,0.000000,0.000000,0,0,0,0,0,0,0,0,0,0,0,0.045257568359375,-0.004302978515625,0,0,0,0,0,0,0,0,Object notstarted,Object notstarted,Object notstarted,Object notstarted,Object notstarted,Object notstarted,Object notstarted,Object notstarted,Object notstarted
2024-03-18 10:32:25,512.512,__main___datalogs,INFO,JoyConState.PREP_SNS,-134.975000,-130.850000,9.040000,0.089258,0.006866,0.011443,0.027464,0.000000,0.000000,0.000000,0.000000,0,0,0,0,0,0,0,0,0,0,0,0.045257568359375,-0.004302978515625,0,0,0,0,0,0,0,0,Object notstarted,Object notstarted,Object notstarted,Object notstarted,Object notstarted,Object notstarted,Object notstarted,Object notstarted,Object notstarted
2024-03-18 10:32:25,545.545,__main___datalogs,INFO,JoyConState.PREP_SNS,-134.975000,-130.850000,9.040000,0.091547,0.002289,0.013732,0.025176,0.000000,0.000000,0.000000,0.000000,0,0,0,0,0,0,0,0,0,0,0,0.045257568359375,-0.004302978515625,0,0,0,0,0,0,0,0,Object notstarted,Object notstarted,Object notstarted,Object notstarted,Object notstarted,Object notstarted,Object notstarted,Object notstarted,Object notstarted
2024-03-18 10:32:25,577.577,__main___datalogs,INFO,JoyConState.PREP_SNS,-134.975000,-130.850000,9.040000,0.091547,0.002289,0.013732,0.025176,0.000000,0.000000,0.000000,0.000000,0,0,0,0,0,0,0,0,0,0,0,0.045257568359375,-0.004302978515625,0,0,0,0,0,0,0,0,Object notstarted,Object notstarted,Object notstarted,Object notstarted,Object notstarted,Object notstarted,Object notstarted,Object notstarted,Object notstarted
2024-03-18 10:32:25,608.608,__main___datalogs,INFO,JoyConState.PREP_SNS,-134.975000,-130.850000,9.040000,0.091547,0.002289,0.013732,0.020598,0.000000,0.000000,0.000000,0.000000,0,0,0,0,0,0,0,0,0,0,0,0.045257568359375,-0.004302978515625,0,0,0,0,0,0,0,0,Object notstarted,Object notstarted,Object notstarted,Object notstarted,Object notstarted,Object notstarted,Object notstarted,Object notstarted,Object notstarted
2024-03-18 10:32:25,641.641,__main___datalogs,INFO,JoyConState.PREP_SNS,-134.975000,-130.850000,9.040000,0.091547,0.002289,0.013732,0.020598,0.000000,0.000000,0.000000,0.000000,0,0,0,0,0,0,0,0,0,0,0,0.045257568359375,-0.004302978515625,0,0,0,0,0,0,0,0,Object notstarted,Object notstarted,Object notstarted,Object notstarted,Object notstarted,Object notstarted,Object notstarted,Object notstarted,Object notstarted
2024-03-18 10:32:25,673.673,__main___datalogs,INFO,JoyConState.PREP_SNS,-134.975000,-130.850000,9.040000,0.091547,0.002289,0.013732,0.020598,0.000000,0.000000,0.000000,0.000000,0,0,0,0,0,0,0,0,0,0,0,0.045257568359375,-0.004302978515625,0,0,0,0,0,0,0,0,Object notstarted,Object notstarted,Object notstarted,Object notstarted,Object notstarted,Object notstarted,Object notstarted,Object notstarted,Object notstarted
2024-03-18 10:32:25,704.704,__main___datalogs,INFO,JoyConState.PREP_SNS,-134.975000,-130.850000,9.040000,0.091547,0.002289,0.013732,0.027464,0.000000,0.000000,0.000000,0.000000,0,0,0,0,0,0,0,0,0,0,0,0.045257568359375,-0.004302978515625,0,0,0,0,0,0,0,0,Object notstarted,Object notstarted,Object notstarted,Object notstarted,Object notstarted,Object notstarted,Object notstarted,Object notstarted,Object notstarted
2024-03-18 10:32:25,736.736,__main___datalogs,INFO,JoyConState.PREP_SNS,-134.975000,-130.850000,9.040000,0.091547,0.006866,0.013732,0.025176,0.000000,0.000000,0.000000,0.000000,0,0,0,0,0,0,0,0,0,0,0,0.045257568359375,-0.004302978515625,0,0,0,0,0,0,0,0,Object notstarted,Object notstarted,Object notstarted,Object notstarted,Object notstarted,Object notstarted,Object notstarted,Object notstarted,Object notstarted
2024-03-18 10:32:25,768.768,__main___datalogs,INFO,JoyConState.PREP_SNS,-134.975000,-130.850000,9.040000,0.089258,0.006866,0.013732,0.027464,0.000000,0.000000,0.000000,0.000000,0,0,0,0,0,0,0,0,0,0,0,0.045257568359375,-0.004302978515625,0,0,0,0,0,0,0,0,Object notstarted,Object notstarted,Object notstarted,Object notstarted,Object notstarted,Object notstarted,Object notstarted,Object notstarted,Object notstarted
2024-03-18 10:32:25,801.801,__main___datalogs,INFO,JoyConState.PREP_SNS,-134.975000,-130.850000,9.040000,0.089258,0.006866,0.013732,0.027464,0.000000,0.000000,0.000000,0.000000,0,0,0,0,0,0,0,0,0,0,0,0.045257568359375,-0.004302978515625,0,0,0,0,0,0,0,0,Object notstarted,Object notstarted,Object notstarted,Object notstarted,Object notstarted,Object notstarted,Object notstarted,Object notstarted,Object notstarted
2024-03-18 10:32:25,832.832,__main___datalogs,INFO,JoyConState.PREP_SNS,-134.975000,-130.850000,9.040000,0.089258,0.006866,0.013732,0.027464,0.000000,0.000000,0.000000,0.000000,0,0,0,0,0,0,0,0,0,0,0,0.045257568359375,-0.004302978515625,0,0,0,0,0,0,0,0,Object notstarted,Object notstarted,Object notstarted,Object notstarted,Object notstarted,Object notstarted,Object notstarted,Object notstarted,Object notstarted
2024-03-18 10:32:25,865.865,__main___datalogs,INFO,JoyConState.PREP_SNS,-134.975000,-130.850000,9.040000,0.091547,0.006866,0.013732,0.027464,0.000000,0.000000,0.000000,0.000000,0,0,0,0,0,0,0,0,0,0,0,0.045257568359375,-0.004302978515625,0,0,0,0,0,0,0,0,Object notstarted,Object notstarted,Object notstarted,Object notstarted,Object notstarted,Object notstarted,Object notstarted,Object notstarted,Object notstarted
2024-03-18 10:32:25,896.896,__main___datalogs,INFO,JoyConState.PREP_SNS,-134.975000,-130.850000,9.040000,0.091547,0.002289,0.013732,0.025176,0.000000,0.000000,0.000000,0.000000,0,0,0,0,0,0,0,0,0,0,0,0.045257568359375,-0.004302978515625,0,0,0,0,0,0,0,0,Object notstarted,Object notstarted,Object notstarted,Object notstarted,Object notstarted,Object notstarted,Object notstarted,Object notstarted,Object notstarted
2024-03-18 10:32:25,928.928,__main___datalogs,INFO,JoyConState.PREP_SNS,-134.975000,-130.850000,9.040000,0.091547,0.006866,0.013732,0.020598,0.000000,0.000000,0.000000,0.000000,0,0,0,0,0,0,0,0,0,0,0,0.045257568359375,-0.004302978515625,0,0,0,0,0,0,0,0,Object notstarted,Object notstarted,Object notstarted,Object notstarted,Object notstarted,Object notstarted,Object notstarted,Object notstarted,Object notstarted
2024-03-18 10:32:25,960.960,__main___datalogs,INFO,JoyConState.PREP_SNS,-134.975000,-130.850000,9.040000,0.089258,0.002289,0.013732,0.016021,0.000000,0.000000,0.000000,0.000000,0,0,0,0,0,0,0,0,0,0,0,0.045257568359375,-0.004302978515625,0,0,0,0,0,0,0,0,Object notstarted,Object notstarted,Object notstarted,Object notstarted,Object notstarted,Object notstarted,Object notstarted,Object notstarted,Object notstarted
2024-03-18 10:32:26,018.018,__main___datalogs,INFO,JoyConState.PREP_SNS,-134.975000,-130.850000,9.040000,0.089258,0.006866,0.013732,0.016021,0.000000,0.000000,0.000000,0.000000,0,0,0,0,0,0,0,0,0,0,0,0.045257568359375,-0.004302978515625,0,0,0,0,0,0,0,0,Object notstarted,Object notstarted,Object notstarted,Object notstarted,Object notstarted,Object notstarted,Object notstarted,Object notstarted,Object notstarted
2024-03-18 10:32:26,056.056,__main___datalogs,INFO,JoyConState.PREP_SNS,-134.975000,-130.850000,9.040000,0.089258,0.006866,0.011443,0.025176,0.000000,0.000000,0.000000,0.000000,0,0,0,0,0,0,0,0,0,0,0,0.045257568359375,-0.004302978515625,0,0,0,0,0,0,0,0,Object notstarted,Object notstarted,Object notstarted,Object notstarted,Object notstarted,Object notstarted,Object notstarted,Object notstarted,Object notstarted
2024-03-18 10:32:26,092.092,__main___datalogs,INFO,JoyConState.PREP_SNS,-134.975000,-130.850000,9.040000,0.091547,0.002289,0.013732,0.027464,0.000000,0.000000,0.000000,0.000000,0,0,0,0,0,0,0,0,0,0,0,0.045257568359375,-0.004302978515625,0,0,0,0,0,0,0,0,Object notstarted,Object notstarted,Object notstarted,Object notstarted,Object notstarted,Object notstarted,Object notstarted,Object notstarted,Object notstarted
2024-03-18 10:32:26,123.123,__main___datalogs,INFO,JoyConState.PREP_SNS,-134.975000,-130.850000,9.040000,0.091547,0.002289,0.013732,0.027464,0.000000,0.000000,0.000000,0.000000,0,0,0,0,0,0,0,0,0,0,0,0.045257568359375,-0.004302978515625,0,0,0,0,0,0,0,0,Object notstarted,Object notstarted,Object notstarted,Object notstarted,Object notstarted,Object notstarted,Object notstarted,Object notstarted,Object notstarted
2024-03-18 10:32:26,155.155,__main___datalogs,INFO,JoyConState.PREP_SNS,-134.975000,-130.850000,9.040000,0.091547,0.002289,0.011443,0.025176,0.000000,0.000000,0.000000,0.000000,0,0,0,0,0,0,0,0,0,0,0,0.045257568359375,-0.004302978515625,0,0,0,0,0,0,0,0,Object notstarted,Object notstarted,Object notstarted,Object notstarted,Object notstarted,Object notstarted,Object notstarted,Object notstarted,Object notstarted
2024-03-18 10:32:26,187.187,__main___datalogs,INFO,JoyConState.PREP_SNS,-134.975000,-130.850000,9.040000,0.091547,-0.002289,0.013732,0.025176,0.000000,0.000000,0.000000,0.000000,0,0,0,0,0,0,0,0,0,0,0,0.045257568359375,-0.004302978515625,0,0,0,0,0,0,0,0,Object notstarted,Object notstarted,Object notstarted,Object notstarted,Object notstarted,Object notstarted,Object notstarted,Object notstarted,Object notstarted
2024-03-18 10:32:26,219.219,__main___datalogs,INFO,JoyConState.PREP_SNS,-134.975000,-130.850000,9.040000,0.091547,0.002289,0.013732,0.025176,0.000000,0.000000,0.000000,0.000000,0,0,0,0,0,0,0,0,0,0,0,0.045257568359375,-0.004302978515625,0,0,0,0,0,0,0,0,Object notstarted,Object notstarted,Object notstarted,Object notstarted,Object notstarted,Object notstarted,Object notstarted,Object notstarted,Object notstarted
2024-03-18 10:32:26,251.251,__main___datalogs,INFO,JoyConState.PREP_SNS,-134.975000,-130.850000,9.040000,0.091547,0.002289,0.013732,0.027464,0.000000,0.000000,0.000000,0.000000,0,0,0,0,0,0,0,0,0,0,0,0.045257568359375,-0.004302978515625,0,0,0,0,0,0,0,0,Object notstarted,Object notstarted,Object notstarted,Object notstarted,Object notstarted,Object notstarted,Object notstarted,Object notstarted,Object notstarted
2024-03-18 10:32:26,283.283,__main___datalogs,INFO,JoyConState.PREP_SNS,-134.975000,-130.850000,9.040000,0.089258,0.006866,0.013732,0.020598,0.000000,0.000000,0.000000,0.000000,0,0,0,0,0,0,0,0,0,0,0,0.045257568359375,-0.004302978515625,0,0,0,0,0,0,0,0,Object notstarted,Object notstarted,Object notstarted,Object notstarted,Object notstarted,Object notstarted,Object notstarted,Object notstarted,Object notstarted
2024-03-18 10:32:26,315.315,__main___datalogs,INFO,JoyConState.PREP_SNS,-134.975000,-130.850000,9.040000,0.089258,0.006866,0.013732,0.025176,0.000000,0.000000,0.000000,0.000000,0,0,0,0,0,0,0,0,0,0,0,0.045257568359375,-0.004302978515625,0,0,0,0,0,0,0,0,Object notstarted,Object notstarted,Object notstarted,Object notstarted,Object notstarted,Object notstarted,Object notstarted,Object notstarted,Object notstarted
2024-03-18 10:32:26,347.347,__main___datalogs,INFO,JoyConState.PREP_SNS,-134.975000,-130.850000,9.040000,0.084681,0.006866,0.013732,0.025176,0.000000,0.000000,0.000000,0.000000,0,0,0,0,0,0,0,0,0,0,0,0.045257568359375,-0.004302978515625,0,0,0,0,0,0,0,0,Object notstarted,Object notstarted,Object notstarted,Object notstarted,Object notstarted,Object notstarted,Object notstarted,Object notstarted,Object notstarted
2024-03-18 10:32:26,378.378,__main___datalogs,INFO,JoyConState.PREP_SNS,-134.975000,-130.850000,9.040000,0.091547,0.006866,0.013732,0.027464,0.000000,0.000000,0.000000,0.000000,0,0,0,0,0,0,0,0,0,0,0,0.045257568359375,-0.004302978515625,0,0,0,0,0,0,0,0,Object notstarted,Object notstarted,Object notstarted,Object notstarted,Object notstarted,Object notstarted,Object notstarted,Object notstarted,Object notstarted
2024-03-18 10:32:26,411.411,__main___datalogs,INFO,JoyConState.PREP_SNS,-134.975000,-130.850000,9.040000,0.091547,0.006866,0.013732,0.027464,0.000000,0.000000,0.000000,0.000000,0,0,0,0,0,0,0,0,0,0,0,0.045257568359375,-0.004302978515625,0,0,0,0,0,0,0,0,Object notstarted,Object notstarted,Object notstarted,Object notstarted,Object notstarted,Object notstarted,Object notstarted,Object notstarted,Object notstarted
2024-03-18 10:32:26,443.443,__main___datalogs,INFO,JoyConState.PREP_SNS,-134.975000,-130.850000,9.040000,0.091547,0.006866,0.013732,0.027464,0.000000,0.000000,0.000000,0.000000,0,0,0,0,0,0,0,0,0,0,0,0.045257568359375,-0.004302978515625,0,0,0,0,0,0,0,0,Object notstarted,Object notstarted,Object notstarted,Object notstarted,Object notstarted,Object notstarted,Object notstarted,Object notstarted,Object notstarted
2024-03-18 10:32:26,475.475,__main___datalogs,INFO,JoyConState.PREP_SNS,-134.975000,-130.850000,9.040000,0.091547,0.002289,0.013732,0.027464,0.000000,0.000000,0.000000,0.000000,0,0,0,0,0,0,0,0,0,0,0,0.045257568359375,-0.004302978515625,0,0,0,0,0,0,0,0,Object notstarted,Object notstarted,Object notstarted,Object notstarted,Object notstarted,Object notstarted,Object notstarted,Object notstarted,Object notstarted
2024-03-18 10:32:26,506.506,__main___datalogs,INFO,JoyConState.PREP_SNS,-134.975000,-130.850000,9.040000,0.091547,0.002289,0.011443,0.027464,0.000000,0.000000,0.000000,0.000000,0,0,0,0,0,0,0,0,0,0,0,0.045257568359375,-0.004302978515625,0,0,0,0,0,0,0,0,Object notstarted,Object notstarted,Object notstarted,Object notstarted,Object notstarted,Object notstarted,Object notstarted,Object notstarted,Object notstarted
2024-03-18 10:32:26,538.538,__main___datalogs,INFO,JoyConState.PREP_SNS,-134.975000,-130.850000,9.040000,0.091547,0.002289,0.004577,0.025176,0.000000,0.000000,0.000000,0.000000,0,0,0,0,0,0,0,0,0,0,0,0.045257568359375,-0.004302978515625,0,0,0,0,0,0,0,0,Object notstarted,Object notstarted,Object notstarted,Object notstarted,Object notstarted,Object notstarted,Object notstarted,Object notstarted,Object notstarted
2024-03-18 10:32:26,570.570,__main___datalogs,INFO,JoyConState.PREP_SNS,-134.975000,-130.850000,9.040000,0.089258,0.002289,0.013732,0.025176,0.000000,0.000000,0.000000,0.000000,0,0,0,0,0,0,0,0,0,0,0,0.045257568359375,-0.004302978515625,0,0,0,0,0,0,0,0,Object notstarted,Object notstarted,Object notstarted,Object notstarted,Object notstarted,Object notstarted,Object notstarted,Object notstarted,Object notstarted
2024-03-18 10:32:26,603.603,__main___datalogs,INFO,JoyConState.PREP_SNS,-134.975000,-130.850000,9.040000,0.084681,0.002289,0.011443,0.025176,0.000000,0.000000,0.000000,0.000000,0,0,0,0,0,0,0,0,0,0,0,0.045257568359375,-0.004302978515625,0,0,0,0,0,0,0,0,Object notstarted,Object notstarted,Object notstarted,Object notstarted,Object notstarted,Object notstarted,Object notstarted,Object notstarted,Object notstarted
2024-03-18 10:32:26,635.635,__main___datalogs,INFO,JoyConState.PREP_SNS,-134.975000,-130.850000,9.040000,0.089258,0.002289,0.011443,0.025176,0.000000,0.000000,0.000000,0.000000,0,0,0,0,0,0,0,0,0,0,0,0.045257568359375,-0.004302978515625,0,0,0,0,0,0,0,0,Object notstarted,Object notstarted,Object notstarted,Object notstarted,Object notstarted,Object notstarted,Object notstarted,Object notstarted,Object notstarted
2024-03-18 10:32:26,667.667,__main___datalogs,INFO,JoyConState.PREP_SNS,-134.975000,-130.850000,9.040000,0.089258,0.006866,0.011443,0.025176,0.000000,0.000000,0.000000,0.000000,0,0,0,0,0,0,0,0,0,0,0,0.045257568359375,-0.004302978515625,0,0,0,0,0,0,0,0,Object notstarted,Object notstarted,Object notstarted,Object notstarted,Object notstarted,Object notstarted,Object notstarted,Object notstarted,Object notstarted
2024-03-18 10:32:26,698.698,__main___datalogs,INFO,JoyConState.PREP_SNS,-134.975000,-130.850000,9.040000,0.091547,0.002289,0.013732,0.025176,0.000000,0.000000,0.000000,0.000000,0,0,0,0,0,0,0,0,0,0,0,0.045257568359375,-0.004302978515625,0,0,0,0,0,0,0,0,Object notstarted,Object notstarted,Object notstarted,Object notstarted,Object notstarted,Object notstarted,Object notstarted,Object notstarted,Object notstarted
2024-03-18 10:32:26,730.730,__main___datalogs,INFO,JoyConState.PREP_SNS,-134.975000,-130.850000,9.040000,0.091547,0.002289,0.013732,0.020598,0.000000,0.000000,0.000000,0.000000,0,0,0,0,0,0,0,0,0,0,0,0.045257568359375,-0.004302978515625,0,0,0,0,0,0,0,0,Object notstarted,Object notstarted,Object notstarted,Object notstarted,Object notstarted,Object notstarted,Object notstarted,Object notstarted,Object notstarted
2024-03-18 10:32:26,762.762,__main___datalogs,INFO,JoyConState.PREP_SNS,-134.975000,-130.850000,9.040000,0.091547,0.002289,0.013732,0.025176,0.000000,0.000000,0.000000,0.000000,0,0,0,0,0,0,0,0,0,0,0,0.045257568359375,-0.004302978515625,0,0,0,0,0,0,0,0,Object notstarted,Object notstarted,Object notstarted,Object notstarted,Object notstarted,Object notstarted,Object notstarted,Object notstarted,Object notstarted
2024-03-18 10:32:26,794.794,__main___datalogs,INFO,JoyConState.PREP_SNS,-134.975000,-130.850000,9.040000,0.091547,0.006866,0.013732,0.027464,0.000000,0.000000,0.000000,0.000000,0,0,0,0,0,0,0,0,0,0,0,0.045257568359375,-0.004302978515625,0,0,0,0,0,0,0,0,Object notstarted,Object notstarted,Object notstarted,Object notstarted,Object notstarted,Object notstarted,Object notstarted,Object notstarted,Object notstarted
2024-03-18 10:32:26,826.826,__main___datalogs,INFO,JoyConState.PREP_SNS,-134.975000,-130.850000,9.040000,0.091547,0.006866,0.013732,0.027464,0.000000,0.000000,0.000000,0.000000,0,0,0,0,0,0,0,0,0,0,0,0.045257568359375,-0.004302978515625,0,0,0,0,0,0,0,0,Object notstarted,Object notstarted,Object notstarted,Object notstarted,Object notstarted,Object notstarted,Object notstarted,Object notstarted,Object notstarted
2024-03-18 10:32:26,859.859,__main___datalogs,INFO,JoyConState.PREP_SNS,-134.975000,-130.850000,9.040000,0.091547,0.006866,0.013732,0.027464,0.000000,0.000000,0.000000,0.000000,0,0,0,0,0,0,0,0,0,0,0,0.045257568359375,-0.004302978515625,0,0,0,0,0,0,0,0,Object notstarted,Object notstarted,Object notstarted,Object notstarted,Object notstarted,Object notstarted,Object notstarted,Object notstarted,Object notstarted
2024-03-18 10:32:26,890.890,__main___datalogs,INFO,JoyConState.PREP_SNS,-134.975000,-130.850000,9.040000,0.091547,0.006866,0.013732,0.025176,0.000000,0.000000,0.000000,0.000000,0,0,0,0,0,0,0,0,0,0,0,0.045257568359375,-0.004302978515625,0,0,0,0,0,0,0,0,Object notstarted,Object notstarted,Object notstarted,Object notstarted,Object notstarted,Object notstarted,Object notstarted,Object notstarted,Object notstarted
2024-03-18 10:32:26,923.923,__main___datalogs,INFO,JoyConState.PREP_SNS,-134.975000,-130.850000,9.040000,0.091547,0.006866,0.018310,0.020598,0.000000,0.000000,0.000000,0.000000,0,0,0,0,0,0,0,0,0,0,0,0.045257568359375,-0.004302978515625,0,0,0,0,0,0,0,0,Object notstarted,Object notstarted,Object notstarted,Object notstarted,Object notstarted,Object notstarted,Object notstarted,Object notstarted,Object notstarted
2024-03-18 10:32:26,954.954,__main___datalogs,INFO,JoyConState.PREP_SNS,-134.975000,-130.850000,9.040000,0.091547,0.006866,0.013732,0.025176,0.000000,0.000000,0.000000,0.000000,0,0,0,0,0,0,0,0,0,0,0,0.045257568359375,-0.004302978515625,0,0,0,0,0,0,0,0,Object notstarted,Object notstarted,Object notstarted,Object notstarted,Object notstarted,Object notstarted,Object notstarted,Object notstarted,Object notstarted
2024-03-18 10:32:26,985.985,__main___datalogs,INFO,JoyConState.PREP_SNS,-134.975000,-130.850000,9.040000,0.091547,0.002289,0.013732,0.025176,0.000000,0.000000,0.000000,0.000000,0,0,0,0,0,0,0,0,0,0,0,0.045257568359375,-0.004302978515625,0,0,0,0,0,0,0,0,Object notstarted,Object notstarted,Object notstarted,Object notstarted,Object notstarted,Object notstarted,Object notstarted,Object notstarted,Object notstarted
2024-03-18 10:32:27,017.017,__main___datalogs,INFO,JoyConState.PREP_SNS,-134.975000,-130.850000,9.040000,0.089258,0.002289,0.013732,0.025176,0.000000,0.000000,0.000000,0.000000,0,0,0,0,0,0,0,0,0,0,0,0.045257568359375,-0.004302978515625,0,0,0,0,0,0,0,0,Object notstarted,Object notstarted,Object notstarted,Object notstarted,Object notstarted,Object notstarted,Object notstarted,Object notstarted,Object notstarted
2024-03-18 10:32:27,056.056,__main___datalogs,INFO,JoyConState.PREP_SNS,-134.975000,-130.850000,9.040000,0.091547,0.002289,0.013732,0.020598,0.000000,0.000000,0.000000,0.000000,0,0,0,0,0,0,0,0,0,0,0,0.045257568359375,-0.004302978515625,0,0,0,0,0,0,0,0,Object notstarted,Object notstarted,Object notstarted,Object notstarted,Object notstarted,Object notstarted,Object notstarted,Object notstarted,Object notstarted
2024-03-18 10:32:27,103.103,__main___datalogs,INFO,JoyConState.PREP_SNS,-134.975000,-130.850000,9.040000,0.089258,0.006866,0.013732,0.025176,0.000000,0.000000,0.000000,0.000000,0,0,0,0,0,0,0,0,0,0,0,0.045257568359375,-0.004302978515625,0,0,0,0,0,0,0,0,Object notstarted,Object notstarted,Object notstarted,Object notstarted,Object notstarted,Object notstarted,Object notstarted,Object notstarted,Object notstarted
2024-03-18 10:32:27,140.140,__main___datalogs,INFO,JoyConState.PREP_SNS,-134.975000,-130.850000,9.040000,0.089258,0.006866,0.013732,0.025176,0.000000,0.000000,0.000000,0.000000,0,0,0,0,0,0,0,0,0,0,0,0.045257568359375,-0.004302978515625,0,0,0,0,0,0,0,0,Object notstarted,Object notstarted,Object notstarted,Object notstarted,Object notstarted,Object notstarted,Object notstarted,Object notstarted,Object notstarted
2024-03-18 10:32:27,183.183,__main___datalogs,INFO,JoyConState.PREP_SNS,-134.975000,-130.850000,9.040000,0.089258,0.006866,0.011443,0.027464,0.000000,0.000000,0.000000,0.000000,0,0,0,0,0,0,0,0,0,0,0,0.045257568359375,-0.004302978515625,0,0,0,0,0,0,0,0,Object notstarted,Object notstarted,Object notstarted,Object notstarted,Object notstarted,Object notstarted,Object notstarted,Object notstarted,Object notstarted
2024-03-18 10:32:27,223.223,__main___datalogs,INFO,JoyConState.PREP_SNS,-134.975000,-130.850000,9.040000,0.091547,0.006866,0.011443,0.027464,0.000000,0.000000,0.000000,0.000000,0,0,0,0,0,0,0,0,0,0,0,0.045257568359375,-0.004302978515625,0,0,0,0,0,0,0,0,Object notstarted,Object notstarted,Object notstarted,Object notstarted,Object notstarted,Object notstarted,Object notstarted,Object notstarted,Object notstarted
2024-03-18 10:32:27,261.261,__main___datalogs,INFO,JoyConState.PREP_SNS,-134.975000,-130.850000,9.040000,0.091547,0.006866,0.011443,0.027464,0.000000,0.000000,0.000000,0.000000,0,0,0,0,0,0,0,0,0,0,0,0.045257568359375,-0.004302978515625,0,0,0,0,0,0,0,0,Object notstarted,Object notstarted,Object notstarted,Object notstarted,Object notstarted,Object notstarted,Object notstarted,Object notstarted,Object notstarted
2024-03-18 10:32:27,299.299,__main___datalogs,INFO,JoyConState.PREP_SNS,-134.975000,-130.850000,9.040000,0.089258,0.002289,0.013732,0.025176,0.000000,0.000000,0.000000,0.000000,0,0,0,0,0,0,0,0,0,0,0,0.045257568359375,-0.004302978515625,0,0,0,0,0,0,0,0,Object notstarted,Object notstarted,Object notstarted,Object notstarted,Object notstarted,Object notstarted,Object notstarted,Object notstarted,Object notstarted
2024-03-18 10:32:27,335.335,__main___datalogs,INFO,JoyConState.PREP_SNS,-134.975000,-130.850000,9.040000,0.089258,0.002289,0.013732,0.020598,0.000000,0.000000,0.000000,0.000000,0,0,0,0,0,0,0,0,0,0,0,0.045257568359375,-0.004302978515625,0,0,0,0,0,0,0,0,Object notstarted,Object notstarted,Object notstarted,Object notstarted,Object notstarted,Object notstarted,Object notstarted,Object notstarted,Object notstarted
2024-03-18 10:32:27,373.373,__main___datalogs,INFO,JoyConState.PREP_SNS,-134.975000,-130.850000,9.040000,0.089258,0.002289,0.013732,0.020598,0.000000,0.000000,0.000000,0.000000,0,0,0,0,0,0,0,0,0,0,0,0.045257568359375,-0.004302978515625,0,0,0,0,0,0,0,0,Object notstarted,Object notstarted,Object notstarted,Object notstarted,Object notstarted,Object notstarted,Object notstarted,Object notstarted,Object notstarted
2024-03-18 10:32:27,409.409,__main___datalogs,INFO,JoyConState.PREP_SNS,-134.975000,-130.850000,9.040000,0.091547,0.006866,0.013732,0.025176,0.000000,0.000000,0.000000,0.000000,0,0,0,0,0,0,0,0,0,0,0,0.045257568359375,-0.004302978515625,0,0,0,0,0,0,0,0,Object notstarted,Object notstarted,Object notstarted,Object notstarted,Object notstarted,Object notstarted,Object notstarted,Object notstarted,Object notstarted
2024-03-18 10:32:27,447.447,__main___datalogs,INFO,JoyConState.PREP_SNS,-134.975000,-130.850000,9.040000,0.091547,0.006866,0.013732,0.025176,0.000000,0.000000,0.000000,0.000000,0,0,0,0,0,0,0,0,0,0,0,0.045257568359375,-0.004302978515625,0,0,0,0,0,0,0,0,Object notstarted,Object notstarted,Object notstarted,Object notstarted,Object notstarted,Object notstarted,Object notstarted,Object notstarted,Object notstarted
2024-03-18 10:32:27,484.484,__main___datalogs,INFO,JoyConState.PREP_SNS,-134.975000,-130.850000,9.040000,0.091547,0.006866,0.013732,0.027464,0.000000,0.000000,0.000000,0.000000,0,0,0,0,0,0,0,0,0,0,0,0.045257568359375,-0.004302978515625,0,0,0,0,0,0,0,0,Object notstarted,Object notstarted,Object notstarted,Object notstarted,Object notstarted,Object notstarted,Object notstarted,Object notstarted,Object notstarted
2024-03-18 10:32:27,520.520,__main___datalogs,INFO,JoyConState.PREP_SNS,-134.975000,-130.850000,9.040000,0.091547,0.006866,0.013732,0.027464,0.000000,0.000000,0.000000,0.000000,0,0,0,0,0,0,0,0,0,0,0,0.045257568359375,-0.004302978515625,0,0,0,0,0,0,0,0,Object notstarted,Object notstarted,Object notstarted,Object notstarted,Object notstarted,Object notstarted,Object notstarted,Object notstarted,Object notstarted
2024-03-18 10:32:27,551.551,__main___datalogs,INFO,JoyConState.PREP_SNS,-134.975000,-130.850000,9.040000,0.091547,0.006866,0.013732,0.025176,0.000000,0.000000,0.000000,0.000000,0,0,0,0,0,0,0,0,0,0,0,0.045257568359375,-0.004302978515625,0,0,0,0,0,0,0,0,Object notstarted,Object notstarted,Object notstarted,Object notstarted,Object notstarted,Object notstarted,Object notstarted,Object notstarted,Object notstarted
2024-03-18 10:32:27,582.582,__main___datalogs,INFO,JoyConState.PREP_SNS,-134.975000,-130.850000,9.040000,0.091547,0.006866,0.013732,0.027464,0.000000,0.000000,0.000000,0.000000,0,0,0,0,0,0,0,0,0,0,0,0.045257568359375,-0.004302978515625,0,0,0,0,0,0,0,0,Object notstarted,Object notstarted,Object notstarted,Object notstarted,Object notstarted,Object notstarted,Object notstarted,Object notstarted,Object notstarted
2024-03-18 10:32:27,614.614,__main___datalogs,INFO,JoyConState.PREP_SNS,-134.975000,-130.850000,9.040000,0.089258,0.006866,0.013732,0.027464,0.000000,0.000000,0.000000,0.000000,0,0,0,0,0,0,0,0,0,0,0,0.045257568359375,-0.004302978515625,0,0,0,0,0,0,0,0,Object notstarted,Object notstarted,Object notstarted,Object notstarted,Object notstarted,Object notstarted,Object notstarted,Object notstarted,Object notstarted
2024-03-18 10:32:27,646.646,__main___datalogs,INFO,JoyConState.PREP_SNS,-134.975000,-130.850000,9.040000,0.089258,0.006866,0.013732,0.027464,0.000000,0.000000,0.000000,0.000000,0,0,0,0,0,0,0,0,0,0,0,0.045257568359375,-0.004302978515625,0,0,0,0,0,0,0,0,Object notstarted,Object notstarted,Object notstarted,Object notstarted,Object notstarted,Object notstarted,Object notstarted,Object notstarted,Object notstarted
2024-03-18 10:32:27,678.678,__main___datalogs,INFO,JoyConState.PREP_SNS,-134.975000,-130.850000,9.040000,0.084681,0.006866,0.013732,0.027464,0.000000,0.000000,0.000000,0.000000,0,0,0,0,0,0,0,0,0,0,0,0.045257568359375,-0.004302978515625,0,0,0,0,0,0,0,0,Object notstarted,Object notstarted,Object notstarted,Object notstarted,Object notstarted,Object notstarted,Object notstarted,Object notstarted,Object notstarted
2024-03-18 10:32:27,711.711,__main___datalogs,INFO,JoyConState.PREP_SNS,-134.975000,-130.850000,9.040000,0.091547,0.006866,0.013732,0.025176,0.000000,0.000000,0.000000,0.000000,0,0,0,0,0,0,0,0,0,0,0,0.045257568359375,-0.004302978515625,0,0,0,0,0,0,0,0,Object notstarted,Object notstarted,Object notstarted,Object notstarted,Object notstarted,Object notstarted,Object notstarted,Object notstarted,Object notstarted
2024-03-18 10:32:27,743.743,__main___datalogs,INFO,JoyConState.PREP_SNS,-134.975000,-130.850000,9.040000,0.091547,0.006866,0.013732,0.027464,0.000000,0.000000,0.000000,0.000000,0,0,0,0,0,0,0,0,0,0,0,0.045257568359375,-0.004302978515625,0,0,0,0,0,0,0,0,Object notstarted,Object notstarted,Object notstarted,Object notstarted,Object notstarted,Object notstarted,Object notstarted,Object notstarted,Object notstarted
2024-03-18 10:32:27,775.775,__main___datalogs,INFO,JoyConState.PREP_SNS,-134.975000,-130.850000,9.040000,0.091547,0.006866,0.013732,0.020598,0.000000,0.000000,0.000000,0.000000,0,0,0,0,0,0,0,0,0,0,0,0.045257568359375,-0.004302978515625,0,0,0,0,0,0,0,0,Object notstarted,Object notstarted,Object notstarted,Object notstarted,Object notstarted,Object notstarted,Object notstarted,Object notstarted,Object notstarted
2024-03-18 10:32:27,807.807,__main___datalogs,INFO,JoyConState.PREP_SNS,-134.975000,-130.850000,9.040000,0.091547,0.006866,0.013732,0.016021,0.000000,0.000000,0.000000,0.000000,0,0,0,0,0,0,0,0,0,0,0,0.045257568359375,-0.004302978515625,0,0,0,0,0,0,0,0,Object notstarted,Object notstarted,Object notstarted,Object notstarted,Object notstarted,Object notstarted,Object notstarted,Object notstarted,Object notstarted
2024-03-18 10:32:27,845.845,__main___datalogs,INFO,JoyConState.PREP_SNS,-134.975000,-130.850000,9.040000,0.091547,0.006866,0.013732,0.020598,0.000000,0.000000,0.000000,0.000000,0,0,0,0,0,0,0,0,0,0,0,0.045257568359375,-0.004302978515625,0,0,0,0,0,0,0,0,Object notstarted,Object notstarted,Object notstarted,Object notstarted,Object notstarted,Object notstarted,Object notstarted,Object notstarted,Object notstarted
2024-03-18 10:32:27,883.883,__main___datalogs,INFO,JoyConState.PREP_SNS,-134.975000,-130.850000,9.040000,0.091547,0.006866,0.013732,0.016021,0.000000,0.000000,0.000000,0.000000,0,0,0,0,0,0,0,0,0,0,0,0.045257568359375,-0.004302978515625,0,0,0,0,0,0,0,0,Object notstarted,Object notstarted,Object notstarted,Object notstarted,Object notstarted,Object notstarted,Object notstarted,Object notstarted,Object notstarted
2024-03-18 10:32:27,918.918,__main___datalogs,INFO,JoyConState.PREP_SNS,-134.975000,-130.850000,9.040000,0.096125,0.006866,0.013732,0.025176,0.000000,0.000000,0.000000,0.000000,0,0,0,0,0,0,0,0,0,0,0,0.045257568359375,-0.004302978515625,0,0,0,0,0,0,0,0,Object notstarted,Object notstarted,Object notstarted,Object notstarted,Object notstarted,Object notstarted,Object notstarted,Object notstarted,Object notstarted
2024-03-18 10:32:27,950.950,__main___datalogs,INFO,JoyConState.PREP_SNS,-134.975000,-130.850000,9.040000,0.091547,0.006866,0.013732,0.025176,0.000000,0.000000,0.000000,0.000000,0,0,0,0,0,0,0,0,0,0,0,0.045257568359375,-0.004302978515625,0,0,0,0,0,0,0,0,Object notstarted,Object notstarted,Object notstarted,Object notstarted,Object notstarted,Object notstarted,Object notstarted,Object notstarted,Object notstarted
2024-03-18 10:32:27,982.982,__main___datalogs,INFO,JoyConState.PREP_SNS,-134.975000,-130.850000,9.040000,0.091547,0.006866,0.013732,0.025176,0.000000,0.000000,0.000000,0.000000,0,0,0,0,0,0,0,0,0,0,0,0.045257568359375,-0.004302978515625,0,0,0,0,0,0,0,0,Object notstarted,Object notstarted,Object notstarted,Object notstarted,Object notstarted,Object notstarted,Object notstarted,Object notstarted,Object notstarted
2024-03-18 10:32:28,014.014,__main___datalogs,INFO,JoyConState.PREP_SNS,-134.975000,-130.850000,9.040000,0.091547,0.006866,0.013732,0.020598,0.000000,0.000000,0.000000,0.000000,0,0,0,0,0,0,0,0,0,0,0,0.045257568359375,-0.004302978515625,0,0,0,0,0,0,0,0,Object notstarted,Object notstarted,Object notstarted,Object notstarted,Object notstarted,Object notstarted,Object notstarted,Object notstarted,Object notstarted
2024-03-18 10:32:28,046.046,__main___datalogs,INFO,JoyConState.PREP_SNS,-134.975000,-130.850000,9.040000,0.091547,0.006866,0.013732,0.020598,0.000000,0.000000,0.000000,0.000000,0,0,0,0,0,0,0,0,0,0,0,0.045257568359375,-0.004302978515625,0,0,0,0,0,0,0,0,Object notstarted,Object notstarted,Object notstarted,Object notstarted,Object notstarted,Object notstarted,Object notstarted,Object notstarted,Object notstarted
2024-03-18 10:32:28,078.078,__main___datalogs,INFO,JoyConState.PREP_SNS,-134.975000,-130.850000,9.040000,0.089258,0.006866,0.013732,0.025176,0.000000,0.000000,0.000000,0.000000,0,0,0,0,0,0,0,0,0,0,0,0.045257568359375,-0.004302978515625,0,0,0,0,0,0,0,0,Object notstarted,Object notstarted,Object notstarted,Object notstarted,Object notstarted,Object notstarted,Object notstarted,Object notstarted,Object notstarted
2024-03-18 10:32:28,124.124,__main___datalogs,INFO,JoyConState.PREP_SNS,-134.975000,-130.850000,9.040000,0.091547,0.006866,0.013732,0.025176,0.000000,0.000000,0.000000,0.000000,0,0,0,0,0,0,0,0,0,0,0,0.045257568359375,-0.004302978515625,0,0,0,0,0,0,0,0,Object notstarted,Object notstarted,Object notstarted,Object notstarted,Object notstarted,Object notstarted,Object notstarted,Object notstarted,Object notstarted
2024-03-18 10:32:28,168.168,__main___datalogs,INFO,JoyConState.PREP_SNS,-134.975000,-130.850000,9.040000,0.091547,0.006866,0.013732,0.027464,0.000000,0.000000,0.000000,0.000000,0,0,0,0,0,0,0,0,0,0,0,0.045257568359375,-0.004302978515625,0,0,0,0,0,0,0,0,Object notstarted,Object notstarted,Object notstarted,Object notstarted,Object notstarted,Object notstarted,Object notstarted,Object notstarted,Object notstarted
2024-03-18 10:32:28,205.205,__main___datalogs,INFO,JoyConState.PREP_SNS,-134.975000,-130.850000,9.040000,0.091547,0.006866,0.013732,0.027464,0.000000,0.000000,0.000000,0.000000,0,0,0,0,0,0,0,0,0,0,0,0.045257568359375,-0.004302978515625,0,0,0,0,0,0,0,0,Object notstarted,Object notstarted,Object notstarted,Object notstarted,Object notstarted,Object notstarted,Object notstarted,Object notstarted,Object notstarted
2024-03-18 10:32:28,243.243,__main___datalogs,INFO,JoyConState.PREP_SNS,-134.975000,-130.850000,9.040000,0.089258,0.006866,0.013732,0.027464,0.000000,0.000000,0.000000,0.000000,0,0,0,0,0,0,0,0,0,0,0,0.045257568359375,-0.004302978515625,0,0,0,0,0,0,0,0,Object notstarted,Object notstarted,Object notstarted,Object notstarted,Object notstarted,Object notstarted,Object notstarted,Object notstarted,Object notstarted
2024-03-18 10:32:28,279.279,__main___datalogs,INFO,JoyConState.PREP_SNS,-134.975000,-130.850000,9.040000,0.089258,0.006866,0.013732,0.027464,0.000000,0.000000,0.000000,0.000000,0,0,0,0,0,0,0,0,0,0,0,0.045257568359375,-0.004302978515625,0,0,0,0,0,0,0,0,Object notstarted,Object notstarted,Object notstarted,Object notstarted,Object notstarted,Object notstarted,Object notstarted,Object notstarted,Object notstarted
2024-03-18 10:32:28,311.311,__main___datalogs,INFO,JoyConState.PREP_SNS,-134.975000,-130.850000,9.040000,0.091547,0.006866,0.013732,0.025176,0.000000,0.000000,0.000000,0.000000,0,0,0,0,0,0,0,0,0,0,0,0.045257568359375,-0.004302978515625,0,0,0,0,0,0,0,0,Object notstarted,Object notstarted,Object notstarted,Object notstarted,Object notstarted,Object notstarted,Object notstarted,Object notstarted,Object notstarted
2024-03-18 10:32:28,343.343,__main___datalogs,INFO,JoyConState.PREP_SNS,-134.975000,-130.850000,9.040000,0.091547,0.006866,0.013732,0.027464,0.000000,0.000000,0.000000,0.000000,0,0,0,0,0,0,0,0,0,0,0,0.045257568359375,-0.004302978515625,0,0,0,0,0,0,0,0,Object notstarted,Object notstarted,Object notstarted,Object notstarted,Object notstarted,Object notstarted,Object notstarted,Object notstarted,Object notstarted
2024-03-18 10:32:28,375.375,__main___datalogs,INFO,JoyConState.PREP_SNS,-134.975000,-130.850000,9.040000,0.091547,0.006866,0.011443,0.027464,0.000000,0.000000,0.000000,0.000000,0,0,0,0,0,0,0,0,0,0,0,0.045257568359375,-0.004302978515625,0,0,0,0,0,0,0,0,Object notstarted,Object notstarted,Object notstarted,Object notstarted,Object notstarted,Object notstarted,Object notstarted,Object notstarted,Object notstarted
2024-03-18 10:32:28,406.406,__main___datalogs,INFO,JoyConState.PREP_SNS,-134.975000,-130.850000,9.040000,0.091547,0.006866,0.013732,0.027464,0.000000,0.000000,0.000000,0.000000,0,0,0,0,0,0,0,0,0,0,0,0.045257568359375,-0.004302978515625,0,0,0,0,0,0,0,0,Object notstarted,Object notstarted,Object notstarted,Object notstarted,Object notstarted,Object notstarted,Object notstarted,Object notstarted,Object notstarted
2024-03-18 10:32:28,439.439,__main___datalogs,INFO,JoyConState.PREP_SNS,-134.975000,-130.850000,9.040000,0.089258,0.006866,0.013732,0.027464,0.000000,0.000000,0.000000,0.000000,0,0,0,0,0,0,0,0,0,0,0,0.045257568359375,-0.004302978515625,0,0,0,0,0,0,0,0,Object notstarted,Object notstarted,Object notstarted,Object notstarted,Object notstarted,Object notstarted,Object notstarted,Object notstarted,Object notstarted
2024-03-18 10:32:28,476.476,__main___datalogs,INFO,JoyConState.PREP_SNS,-134.975000,-130.850000,9.040000,0.089258,0.006866,0.013732,0.027464,0.000000,0.000000,0.000000,0.000000,0,0,0,0,0,0,0,0,0,0,0,0.045257568359375,-0.004302978515625,0,0,0,0,0,0,0,0,Object notstarted,Object notstarted,Object notstarted,Object notstarted,Object notstarted,Object notstarted,Object notstarted,Object notstarted,Object notstarted
2024-03-18 10:32:28,507.507,__main___datalogs,INFO,JoyConState.PREP_SNS,-134.975000,-130.850000,9.040000,0.089258,0.006866,0.013732,0.025176,0.000000,0.000000,0.000000,0.000000,0,0,0,0,0,0,0,0,0,0,0,0.045257568359375,-0.004302978515625,0,0,0,0,0,0,0,0,Object notstarted,Object notstarted,Object notstarted,Object notstarted,Object notstarted,Object notstarted,Object notstarted,Object notstarted,Object notstarted
2024-03-18 10:32:28,538.538,__main___datalogs,INFO,JoyConState.PREP_SNS,-134.975000,-130.850000,9.040000,0.091547,0.006866,0.013732,0.027464,0.000000,0.000000,0.000000,0.000000,0,0,0,0,0,0,0,0,0,0,0,0.045257568359375,-0.004302978515625,0,0,0,0,0,0,0,0,Object notstarted,Object notstarted,Object notstarted,Object notstarted,Object notstarted,Object notstarted,Object notstarted,Object notstarted,Object notstarted
2024-03-18 10:32:28,570.570,__main___datalogs,INFO,JoyConState.PREP_SNS,-134.975000,-130.850000,9.040000,0.091547,0.006866,0.013732,0.025176,0.000000,0.000000,0.000000,0.000000,0,0,0,0,0,0,0,0,0,0,0,0.045257568359375,-0.004302978515625,0,0,0,0,0,0,0,0,Object notstarted,Object notstarted,Object notstarted,Object notstarted,Object notstarted,Object notstarted,Object notstarted,Object notstarted,Object notstarted
2024-03-18 10:32:28,602.602,__main___datalogs,INFO,JoyConState.PREP_SNS,-134.975000,-130.850000,9.040000,0.091547,0.002289,0.013732,0.027464,0.000000,0.000000,0.000000,0.000000,0,0,0,0,0,0,0,0,0,0,0,0.045257568359375,-0.004302978515625,0,0,0,0,0,0,0,0,Object notstarted,Object notstarted,Object notstarted,Object notstarted,Object notstarted,Object notstarted,Object notstarted,Object notstarted,Object notstarted
2024-03-18 10:32:28,635.635,__main___datalogs,INFO,JoyConState.PREP_SNS,-134.975000,-130.850000,9.040000,0.091547,0.002289,0.013732,0.027464,0.000000,0.000000,0.000000,0.000000,0,0,0,0,0,0,0,0,0,0,0,0.045257568359375,-0.004302978515625,0,0,0,0,0,0,0,0,Object notstarted,Object notstarted,Object notstarted,Object notstarted,Object notstarted,Object notstarted,Object notstarted,Object notstarted,Object notstarted
2024-03-18 10:32:28,668.668,__main___datalogs,INFO,JoyConState.PREP_SNS,-134.975000,-130.850000,9.040000,0.089258,0.002289,0.013732,0.027464,0.000000,0.000000,0.000000,0.000000,0,0,0,0,0,0,0,0,0,0,0,0.045257568359375,-0.004302978515625,0,0,0,0,0,0,0,0,Object notstarted,Object notstarted,Object notstarted,Object notstarted,Object notstarted,Object notstarted,Object notstarted,Object notstarted,Object notstarted
2024-03-18 10:32:28,706.706,__main___datalogs,INFO,JoyConState.PREP_SNS,-134.975000,-130.850000,9.040000,0.091547,0.006866,0.013732,0.020598,0.000000,0.000000,0.000000,0.000000,0,0,0,0,0,0,0,0,0,0,0,0.045257568359375,-0.004302978515625,0,0,0,0,0,0,0,0,Object notstarted,Object notstarted,Object notstarted,Object notstarted,Object notstarted,Object notstarted,Object notstarted,Object notstarted,Object notstarted
2024-03-18 10:32:28,743.743,__main___datalogs,INFO,JoyConState.PREP_SNS,-134.975000,-130.850000,9.040000,0.089258,0.006866,0.013732,0.025176,0.000000,0.000000,0.000000,0.000000,0,0,0,0,0,0,0,0,0,0,0,0.045257568359375,-0.004302978515625,0,0,0,0,0,0,0,0,Object notstarted,Object notstarted,Object notstarted,Object notstarted,Object notstarted,Object notstarted,Object notstarted,Object notstarted,Object notstarted
2024-03-18 10:32:28,780.780,__main___datalogs,INFO,JoyConState.PREP_SNS,-134.975000,-130.850000,9.040000,0.089258,0.006866,0.013732,0.025176,0.000000,0.000000,0.000000,0.000000,0,0,0,0,0,0,0,0,0,0,0,0.045257568359375,-0.004302978515625,0,0,0,0,0,0,0,0,Object notstarted,Object notstarted,Object notstarted,Object notstarted,Object notstarted,Object notstarted,Object notstarted,Object notstarted,Object notstarted
2024-03-18 10:32:28,817.817,__main___datalogs,INFO,JoyConState.PREP_SNS,-134.975000,-130.850000,9.040000,0.089258,0.006866,0.013732,0.027464,0.000000,0.000000,0.000000,0.000000,0,0,0,0,0,0,0,0,0,0,0,0.045257568359375,-0.004302978515625,0,0,0,0,0,0,0,0,Object notstarted,Object notstarted,Object notstarted,Object notstarted,Object notstarted,Object notstarted,Object notstarted,Object notstarted,Object notstarted
2024-03-18 10:32:28,848.848,__main___datalogs,INFO,JoyConState.PREP_SNS,-134.975000,-130.850000,9.040000,0.089258,0.006866,0.013732,0.025176,0.000000,0.000000,0.000000,0.000000,0,0,0,0,0,0,0,0,0,0,0,0.045257568359375,-0.004302978515625,0,0,0,0,0,0,0,0,Object notstarted,Object notstarted,Object notstarted,Object notstarted,Object notstarted,Object notstarted,Object notstarted,Object notstarted,Object notstarted
2024-03-18 10:32:28,879.879,__main___datalogs,INFO,JoyConState.PREP_SNS,-134.975000,-130.850000,9.040000,0.089258,0.006866,0.013732,0.025176,0.000000,0.000000,0.000000,0.000000,0,0,0,0,0,0,0,0,0,0,0,0.045257568359375,-0.004302978515625,0,0,0,0,0,0,0,0,Object notstarted,Object notstarted,Object notstarted,Object notstarted,Object notstarted,Object notstarted,Object notstarted,Object notstarted,Object notstarted
2024-03-18 10:32:28,911.911,__main___datalogs,INFO,JoyConState.PREP_SNS,-134.975000,-130.850000,9.040000,0.089258,0.006866,0.011443,0.020598,0.000000,0.000000,0.000000,0.000000,0,0,0,0,0,0,0,0,0,0,0,0.045257568359375,-0.004302978515625,0,0,0,0,0,0,0,0,Object notstarted,Object notstarted,Object notstarted,Object notstarted,Object notstarted,Object notstarted,Object notstarted,Object notstarted,Object notstarted
2024-03-18 10:32:28,944.944,__main___datalogs,INFO,JoyConState.PREP_SNS,-134.975000,-130.850000,9.040000,0.091547,0.006866,0.013732,0.025176,0.000000,0.000000,0.000000,0.000000,0,0,0,0,0,0,0,0,0,0,0,0.045257568359375,-0.004302978515625,0,0,0,0,0,0,0,0,Object notstarted,Object notstarted,Object notstarted,Object notstarted,Object notstarted,Object notstarted,Object notstarted,Object notstarted,Object notstarted
2024-03-18 10:32:28,976.976,__main___datalogs,INFO,JoyConState.PREP_SNS,-134.975000,-130.850000,9.040000,0.091547,0.006866,0.013732,0.027464,0.000000,0.000000,0.000000,0.000000,0,0,0,0,0,0,0,0,0,0,0,0.045257568359375,-0.004302978515625,0,0,0,0,0,0,0,0,Object notstarted,Object notstarted,Object notstarted,Object notstarted,Object notstarted,Object notstarted,Object notstarted,Object notstarted,Object notstarted
2024-03-18 10:32:29,008.008,__main___datalogs,INFO,JoyConState.PREP_SNS,-134.975000,-130.850000,9.040000,0.091547,0.002289,0.013732,0.020598,0.000000,0.000000,0.000000,0.000000,0,0,0,0,0,0,0,0,0,0,0,0.045257568359375,-0.004302978515625,0,0,0,0,0,0,0,0,Object notstarted,Object notstarted,Object notstarted,Object notstarted,Object notstarted,Object notstarted,Object notstarted,Object notstarted,Object notstarted
2024-03-18 10:32:29,039.039,__main___datalogs,INFO,JoyConState.PREP_SNS,-134.975000,-130.850000,9.040000,0.089258,0.002289,0.013732,0.025176,0.000000,0.000000,0.000000,0.000000,0,0,0,0,0,0,0,0,0,0,0,0.045257568359375,-0.004302978515625,0,0,0,0,0,0,0,0,Object notstarted,Object notstarted,Object notstarted,Object notstarted,Object notstarted,Object notstarted,Object notstarted,Object notstarted,Object notstarted
2024-03-18 10:32:29,072.072,__main___datalogs,INFO,JoyConState.PREP_SNS,-134.975000,-130.850000,9.040000,0.089258,0.002289,0.013732,0.025176,0.000000,0.000000,0.000000,0.000000,0,0,0,0,0,0,0,0,0,0,0,0.045257568359375,-0.004302978515625,0,0,0,0,0,0,0,0,Object notstarted,Object notstarted,Object notstarted,Object notstarted,Object notstarted,Object notstarted,Object notstarted,Object notstarted,Object notstarted
2024-03-18 10:32:29,104.104,__main___datalogs,INFO,JoyConState.PREP_SNS,-134.975000,-130.850000,9.040000,0.089258,0.006866,0.011443,0.027464,0.000000,0.000000,0.000000,0.000000,0,0,0,0,0,0,0,0,0,0,0,0.045257568359375,-0.004302978515625,0,0,0,0,0,0,0,0,Object notstarted,Object notstarted,Object notstarted,Object notstarted,Object notstarted,Object notstarted,Object notstarted,Object notstarted,Object notstarted
2024-03-18 10:32:29,135.135,__main___datalogs,INFO,JoyConState.PREP_SNS,-134.975000,-130.850000,9.040000,0.089258,0.006866,0.011443,0.027464,0.000000,0.000000,0.000000,0.000000,0,0,0,0,0,0,0,0,0,0,0,0.045257568359375,-0.004302978515625,0,0,0,0,0,0,0,0,Object notstarted,Object notstarted,Object notstarted,Object notstarted,Object notstarted,Object notstarted,Object notstarted,Object notstarted,Object notstarted
2024-03-18 10:32:29,167.167,__main___datalogs,INFO,JoyConState.PREP_SNS,-134.975000,-130.850000,9.040000,0.089258,0.006866,0.011443,0.025176,0.000000,0.000000,0.000000,0.000000,0,0,0,0,0,0,0,0,0,0,0,0.045257568359375,-0.004302978515625,0,0,0,0,0,0,0,0,Object notstarted,Object notstarted,Object notstarted,Object notstarted,Object notstarted,Object notstarted,Object notstarted,Object notstarted,Object notstarted
2024-03-18 10:32:29,219.219,__main___datalogs,INFO,JoyConState.PREP_SNS,-134.975000,-130.850000,9.040000,0.089258,0.006866,0.013732,0.027464,0.000000,0.000000,0.000000,0.000000,0,0,0,0,0,0,0,0,0,0,0,0.045257568359375,-0.004302978515625,0,0,0,0,0,0,0,0,Object notstarted,Object notstarted,Object notstarted,Object notstarted,Object notstarted,Object notstarted,Object notstarted,Object notstarted,Object notstarted
2024-03-18 10:32:29,262.262,__main___datalogs,INFO,JoyConState.PREP_SNS,-134.975000,-130.850000,9.040000,0.089258,0.006866,0.013732,0.027464,0.000000,0.000000,0.000000,0.000000,0,0,0,0,0,0,0,0,0,0,0,0.045257568359375,-0.004302978515625,0,0,0,0,0,0,0,0,Object notstarted,Object notstarted,Object notstarted,Object notstarted,Object notstarted,Object notstarted,Object notstarted,Object notstarted,Object notstarted
2024-03-18 10:32:29,298.298,__main___datalogs,INFO,JoyConState.PREP_SNS,-134.975000,-130.850000,9.040000,0.089258,0.006866,0.013732,0.027464,0.000000,0.000000,0.000000,0.000000,0,0,0,0,0,0,0,0,0,0,0,0.045257568359375,-0.004302978515625,0,0,0,0,0,0,0,0,Object notstarted,Object notstarted,Object notstarted,Object notstarted,Object notstarted,Object notstarted,Object notstarted,Object notstarted,Object notstarted
2024-03-18 10:32:29,336.336,__main___datalogs,INFO,JoyConState.PREP_SNS,-134.975000,-130.850000,9.040000,0.089258,0.006866,0.013732,0.025176,0.000000,0.000000,0.000000,0.000000,0,0,0,0,0,0,0,0,0,0,0,0.045257568359375,-0.004302978515625,0,0,0,0,0,0,0,0,Object notstarted,Object notstarted,Object notstarted,Object notstarted,Object notstarted,Object notstarted,Object notstarted,Object notstarted,Object notstarted
2024-03-18 10:32:29,372.372,__main___datalogs,INFO,JoyConState.PREP_SNS,-134.975000,-130.850000,9.040000,0.089258,0.006866,0.013732,0.025176,0.000000,0.000000,0.000000,0.000000,0,0,0,0,0,0,0,0,0,0,0,0.045257568359375,-0.004302978515625,0,0,0,0,0,0,0,0,Object notstarted,Object notstarted,Object notstarted,Object notstarted,Object notstarted,Object notstarted,Object notstarted,Object notstarted,Object notstarted
2024-03-18 10:32:29,410.410,__main___datalogs,INFO,JoyConState.PREP_SNS,-134.975000,-130.850000,9.040000,0.089258,0.002289,0.013732,0.027464,0.000000,0.000000,0.000000,0.000000,0,0,0,0,0,0,0,0,0,0,0,0.045257568359375,-0.004302978515625,0,0,0,0,0,0,0,0,Object notstarted,Object notstarted,Object notstarted,Object notstarted,Object notstarted,Object notstarted,Object notstarted,Object notstarted,Object notstarted
2024-03-18 10:32:29,447.447,__main___datalogs,INFO,JoyConState.PREP_SNS,-134.975000,-130.850000,9.040000,0.089258,0.006866,0.013732,0.025176,0.000000,0.000000,0.000000,0.000000,0,0,0,0,0,0,0,0,0,0,0,0.045257568359375,-0.004302978515625,0,0,0,0,0,0,0,0,Object notstarted,Object notstarted,Object notstarted,Object notstarted,Object notstarted,Object notstarted,Object notstarted,Object notstarted,Object notstarted
2024-03-18 10:32:29,485.485,__main___datalogs,INFO,JoyConState.PREP_SNS,-134.975000,-130.850000,9.040000,0.089258,0.002289,0.013732,0.025176,0.000000,0.000000,0.000000,0.000000,0,0,0,0,0,0,0,0,0,0,0,0.045257568359375,-0.004302978515625,0,0,0,0,0,0,0,0,Object notstarted,Object notstarted,Object notstarted,Object notstarted,Object notstarted,Object notstarted,Object notstarted,Object notstarted,Object notstarted
2024-03-18 10:32:29,521.521,__main___datalogs,INFO,JoyConState.PREP_SNS,-134.975000,-130.850000,9.040000,0.091547,0.002289,0.013732,0.025176,0.000000,0.000000,0.000000,0.000000,0,0,0,0,0,0,0,0,0,0,0,0.045257568359375,-0.004302978515625,0,0,0,0,0,0,0,0,Object notstarted,Object notstarted,Object notstarted,Object notstarted,Object notstarted,Object notstarted,Object notstarted,Object notstarted,Object notstarted
2024-03-18 10:32:29,558.558,__main___datalogs,INFO,JoyConState.PREP_SNS,-134.975000,-130.850000,9.040000,0.089258,0.002289,0.013732,0.027464,0.000000,0.000000,0.000000,0.000000,0,0,0,0,0,0,0,0,0,0,0,0.045257568359375,-0.004302978515625,0,0,0,0,0,0,0,0,Object notstarted,Object notstarted,Object notstarted,Object notstarted,Object notstarted,Object notstarted,Object notstarted,Object notstarted,Object notstarted
2024-03-18 10:32:29,595.595,__main___datalogs,INFO,JoyConState.PREP_SNS,-134.975000,-130.850000,9.040000,0.089258,0.006866,0.013732,0.027464,0.000000,0.000000,0.000000,0.000000,0,0,0,0,0,0,0,0,0,0,0,0.045257568359375,-0.004302978515625,0,0,0,0,0,0,0,0,Object notstarted,Object notstarted,Object notstarted,Object notstarted,Object notstarted,Object notstarted,Object notstarted,Object notstarted,Object notstarted
2024-03-18 10:32:29,633.633,__main___datalogs,INFO,JoyConState.PREP_SNS,-134.975000,-130.850000,9.040000,0.089258,0.006866,0.013732,0.025176,0.000000,0.000000,0.000000,0.000000,0,0,0,0,0,0,0,0,0,0,0,0.045257568359375,-0.004302978515625,0,0,0,0,0,0,0,0,Object notstarted,Object notstarted,Object notstarted,Object notstarted,Object notstarted,Object notstarted,Object notstarted,Object notstarted,Object notstarted
2024-03-18 10:32:29,670.670,__main___datalogs,INFO,JoyConState.PREP_SNS,-134.975000,-130.850000,9.040000,0.089258,0.006866,0.018310,0.025176,0.000000,0.000000,0.000000,0.000000,0,0,0,0,0,0,0,0,0,0,0,0.045257568359375,-0.004302978515625,0,0,0,0,0,0,0,0,Object notstarted,Object notstarted,Object notstarted,Object notstarted,Object notstarted,Object notstarted,Object notstarted,Object notstarted,Object notstarted
2024-03-18 10:32:29,706.706,__main___datalogs,INFO,JoyConState.PREP_SNS,-134.975000,-130.850000,9.040000,0.089258,0.006866,0.018310,0.020598,0.000000,0.000000,0.000000,0.000000,0,0,0,0,0,0,0,0,0,0,0,0.045257568359375,-0.004302978515625,0,0,0,0,0,0,0,0,Object notstarted,Object notstarted,Object notstarted,Object notstarted,Object notstarted,Object notstarted,Object notstarted,Object notstarted,Object notstarted
2024-03-18 10:32:29,744.744,__main___datalogs,INFO,JoyConState.PREP_SNS,-134.975000,-130.850000,9.040000,0.089258,0.006866,0.018310,0.027464,0.000000,0.000000,0.000000,0.000000,0,0,0,0,0,0,0,0,0,0,0,0.045257568359375,-0.004302978515625,0,0,0,0,0,0,0,0,Object notstarted,Object notstarted,Object notstarted,Object notstarted,Object notstarted,Object notstarted,Object notstarted,Object notstarted,Object notstarted
2024-03-18 10:32:29,781.781,__main___datalogs,INFO,JoyConState.PREP_SNS,-134.975000,-130.850000,9.040000,0.089258,0.006866,0.013732,0.027464,0.000000,0.000000,0.000000,0.000000,0,0,0,0,0,0,0,0,0,0,0,0.045257568359375,-0.004302978515625,0,0,0,0,0,0,0,0,Object notstarted,Object notstarted,Object notstarted,Object notstarted,Object notstarted,Object notstarted,Object notstarted,Object notstarted,Object notstarted
2024-03-18 10:32:29,817.817,__main___datalogs,INFO,JoyConState.PREP_SNS,-134.975000,-130.850000,9.040000,0.089258,0.006866,0.013732,0.027464,0.000000,0.000000,0.000000,0.000000,0,0,0,0,0,0,0,0,0,0,0,0.045257568359375,-0.004302978515625,0,0,0,0,0,0,0,0,Object notstarted,Object notstarted,Object notstarted,Object notstarted,Object notstarted,Object notstarted,Object notstarted,Object notstarted,Object notstarted
2024-03-18 10:32:29,849.849,__main___datalogs,INFO,JoyConState.PREP_SNS,-134.975000,-130.850000,9.040000,0.089258,0.006866,0.013732,0.025176,0.000000,0.000000,0.000000,0.000000,0,0,0,0,0,0,0,0,0,0,0,0.045257568359375,-0.004302978515625,0,0,0,0,0,0,0,0,Object notstarted,Object notstarted,Object notstarted,Object notstarted,Object notstarted,Object notstarted,Object notstarted,Object notstarted,Object notstarted
2024-03-18 10:32:29,881.881,__main___datalogs,INFO,JoyConState.PREP_SNS,-134.975000,-130.850000,9.040000,0.089258,0.006866,0.013732,0.025176,0.000000,0.000000,0.000000,0.000000,0,0,0,0,0,0,0,0,0,0,0,0.045257568359375,-0.004302978515625,0,0,0,0,0,0,0,0,Object notstarted,Object notstarted,Object notstarted,Object notstarted,Object notstarted,Object notstarted,Object notstarted,Object notstarted,Object notstarted
2024-03-18 10:32:29,913.913,__main___datalogs,INFO,JoyConState.PREP_SNS,-134.975000,-130.850000,9.040000,0.089258,0.006866,0.013732,0.025176,0.000000,0.000000,0.000000,0.000000,0,0,0,0,0,0,0,0,0,0,0,0.045257568359375,-0.004302978515625,0,0,0,0,0,0,0,0,Object notstarted,Object notstarted,Object notstarted,Object notstarted,Object notstarted,Object notstarted,Object notstarted,Object notstarted,Object notstarted
2024-03-18 10:32:29,943.943,__main___datalogs,INFO,JoyConState.PREP_SNS,-134.975000,-130.850000,9.040000,0.089258,0.006866,0.013732,0.025176,0.000000,0.000000,0.000000,0.000000,0,0,0,0,0,0,0,0,0,0,0,0.045257568359375,-0.004302978515625,0,0,0,0,0,0,0,0,Object notstarted,Object notstarted,Object notstarted,Object notstarted,Object notstarted,Object notstarted,Object notstarted,Object notstarted,Object notstarted
2024-03-18 10:32:29,975.975,__main___datalogs,INFO,JoyConState.PREP_SNS,-134.975000,-130.850000,9.040000,0.084681,0.006866,0.013732,0.025176,0.000000,0.000000,0.000000,0.000000,0,0,0,0,0,0,0,0,0,0,0,0.045257568359375,-0.004302978515625,0,0,0,0,0,0,0,0,Object notstarted,Object notstarted,Object notstarted,Object notstarted,Object notstarted,Object notstarted,Object notstarted,Object notstarted,Object notstarted
2024-03-18 10:32:30,008.008,__main___datalogs,INFO,JoyConState.PREP_SNS,-134.975000,-130.850000,9.040000,0.089258,0.002289,0.013732,0.025176,0.000000,0.000000,0.000000,0.000000,0,0,0,0,0,0,0,0,0,0,0,0.045257568359375,-0.004302978515625,0,0,0,0,0,0,0,0,Object notstarted,Object notstarted,Object notstarted,Object notstarted,Object notstarted,Object notstarted,Object notstarted,Object notstarted,Object notstarted
2024-03-18 10:32:30,040.040,__main___datalogs,INFO,JoyConState.PREP_SNS,-134.975000,-130.850000,9.040000,0.089258,0.002289,0.013732,0.020598,0.000000,0.000000,0.000000,0.000000,0,0,0,0,0,0,0,0,0,0,0,0.045257568359375,-0.004302978515625,0,0,0,0,0,0,0,0,Object notstarted,Object notstarted,Object notstarted,Object notstarted,Object notstarted,Object notstarted,Object notstarted,Object notstarted,Object notstarted
2024-03-18 10:32:30,072.072,__main___datalogs,INFO,JoyConState.PREP_SNS,-134.975000,-130.850000,9.040000,0.091547,0.002289,0.013732,0.020598,0.000000,0.000000,0.000000,0.000000,0,0,0,0,0,0,0,0,0,0,0,0.045257568359375,-0.004302978515625,0,0,0,0,0,0,0,0,Object notstarted,Object notstarted,Object notstarted,Object notstarted,Object notstarted,Object notstarted,Object notstarted,Object notstarted,Object notstarted
2024-03-18 10:32:30,104.104,__main___datalogs,INFO,JoyConState.PREP_SNS,-134.975000,-130.850000,9.040000,0.096125,0.002289,0.013732,0.020598,0.000000,0.000000,0.000000,0.000000,0,0,0,0,0,0,0,0,0,0,0,0.045257568359375,-0.004302978515625,0,0,0,0,0,0,0,0,Object notstarted,Object notstarted,Object notstarted,Object notstarted,Object notstarted,Object notstarted,Object notstarted,Object notstarted,Object notstarted
2024-03-18 10:32:30,135.135,__main___datalogs,INFO,JoyConState.PREP_SNS,-134.975000,-130.850000,9.040000,0.091547,0.009155,0.013732,0.027464,0.000000,0.000000,0.000000,0.000000,0,0,0,0,0,0,0,0,0,0,0,0.045257568359375,-0.004302978515625,0,0,0,0,0,0,0,0,Object notstarted,Object notstarted,Object notstarted,Object notstarted,Object notstarted,Object notstarted,Object notstarted,Object notstarted,Object notstarted
2024-03-18 10:32:30,168.168,__main___datalogs,INFO,JoyConState.PREP_SNS,-134.975000,-130.850000,9.040000,0.091547,0.006866,0.013732,0.027464,0.000000,0.000000,0.000000,0.000000,0,0,0,0,0,0,0,0,0,0,0,0.045257568359375,-0.004302978515625,0,0,0,0,0,0,0,0,Object notstarted,Object notstarted,Object notstarted,Object notstarted,Object notstarted,Object notstarted,Object notstarted,Object notstarted,Object notstarted
2024-03-18 10:32:30,200.200,__main___datalogs,INFO,JoyConState.PREP_SNS,-134.975000,-130.850000,9.040000,0.089258,0.006866,0.013732,0.027464,0.000000,0.000000,0.000000,0.000000,0,0,0,0,0,0,0,0,0,0,0,0.045257568359375,-0.004302978515625,0,0,0,0,0,0,0,0,Object notstarted,Object notstarted,Object notstarted,Object notstarted,Object notstarted,Object notstarted,Object notstarted,Object notstarted,Object notstarted
2024-03-18 10:32:30,232.232,__main___datalogs,INFO,JoyConState.PREP_SNS,-134.975000,-130.850000,9.040000,0.091547,0.006866,0.013732,0.025176,0.000000,0.000000,0.000000,0.000000,0,0,0,0,0,0,0,0,0,0,0,0.045257568359375,-0.004302978515625,0,0,0,0,0,0,0,0,Object notstarted,Object notstarted,Object notstarted,Object notstarted,Object notstarted,Object notstarted,Object notstarted,Object notstarted,Object notstarted
2024-03-18 10:32:30,283.283,__main___datalogs,INFO,JoyConState.PREP_SNS,-134.975000,-130.850000,9.040000,0.091547,0.006866,0.013732,0.020598,0.000000,0.000000,0.000000,0.000000,0,0,0,0,0,0,0,0,0,0,0,0.045257568359375,-0.004302978515625,0,0,0,0,0,0,0,0,Object notstarted,Object notstarted,Object notstarted,Object notstarted,Object notstarted,Object notstarted,Object notstarted,Object notstarted,Object notstarted
2024-03-18 10:32:30,321.321,__main___datalogs,INFO,JoyConState.PREP_SNS,-134.975000,-130.850000,9.040000,0.091547,0.006866,0.018310,0.025176,0.000000,0.000000,0.000000,0.000000,0,0,0,0,0,0,0,0,0,0,0,0.045257568359375,-0.004302978515625,0,0,0,0,0,0,0,0,Object notstarted,Object notstarted,Object notstarted,Object notstarted,Object notstarted,Object notstarted,Object notstarted,Object notstarted,Object notstarted
2024-03-18 10:32:30,359.359,__main___datalogs,INFO,JoyConState.PREP_SNS,-134.975000,-130.850000,9.040000,0.091547,0.006866,0.013732,0.025176,0.000000,0.000000,0.000000,0.000000,0,0,0,0,0,0,0,0,0,0,0,0.045257568359375,-0.004302978515625,0,0,0,0,0,0,0,0,Object notstarted,Object notstarted,Object notstarted,Object notstarted,Object notstarted,Object notstarted,Object notstarted,Object notstarted,Object notstarted
2024-03-18 10:32:30,395.395,__main___datalogs,INFO,JoyConState.PREP_SNS,-134.975000,-130.850000,9.040000,0.091547,0.006866,0.013732,0.027464,0.000000,0.000000,0.000000,0.000000,0,0,0,0,0,0,0,0,0,0,0,0.045257568359375,-0.004302978515625,0,0,0,0,0,0,0,0,Object notstarted,Object notstarted,Object notstarted,Object notstarted,Object notstarted,Object notstarted,Object notstarted,Object notstarted,Object notstarted
2024-03-18 10:32:30,433.433,__main___datalogs,INFO,JoyConState.PREP_SNS,-134.975000,-130.850000,9.040000,0.091547,0.006866,0.013732,0.025176,0.000000,0.000000,0.000000,0.000000,0,0,0,0,0,0,0,0,0,0,0,0.045257568359375,-0.004302978515625,0,0,0,0,0,0,0,0,Object notstarted,Object notstarted,Object notstarted,Object notstarted,Object notstarted,Object notstarted,Object notstarted,Object notstarted,Object notstarted
2024-03-18 10:32:30,470.470,__main___datalogs,INFO,JoyConState.PREP_SNS,-134.975000,-130.850000,9.040000,0.089258,0.006866,0.013732,0.025176,0.000000,0.000000,0.000000,0.000000,0,0,0,0,0,0,0,0,0,0,0,0.045257568359375,-0.004302978515625,0,0,0,0,0,0,0,0,Object notstarted,Object notstarted,Object notstarted,Object notstarted,Object notstarted,Object notstarted,Object notstarted,Object notstarted,Object notstarted
2024-03-18 10:32:30,506.506,__main___datalogs,INFO,JoyConState.PREP_SNS,-134.975000,-130.850000,9.040000,0.089258,0.006866,0.013732,0.025176,0.000000,0.000000,0.000000,0.000000,0,0,0,0,0,0,0,0,0,0,0,0.045257568359375,-0.004302978515625,0,0,0,0,0,0,0,0,Object notstarted,Object notstarted,Object notstarted,Object notstarted,Object notstarted,Object notstarted,Object notstarted,Object notstarted,Object notstarted
2024-03-18 10:32:30,538.538,__main___datalogs,INFO,JoyConState.PREP_SNS,-134.975000,-130.850000,9.040000,0.089258,0.006866,0.013732,0.025176,0.000000,0.000000,0.000000,0.000000,0,0,0,0,0,0,0,0,0,0,0,0.045257568359375,-0.004302978515625,0,0,0,0,0,0,0,0,Object notstarted,Object notstarted,Object notstarted,Object notstarted,Object notstarted,Object notstarted,Object notstarted,Object notstarted,Object notstarted
2024-03-18 10:32:30,569.569,__main___datalogs,INFO,JoyConState.PREP_SNS,-134.975000,-130.850000,9.040000,0.089258,0.006866,0.013732,0.025176,0.000000,0.000000,0.000000,0.000000,0,0,0,0,0,0,0,0,0,0,0,0.045257568359375,-0.004302978515625,0,0,0,0,0,0,0,0,Object notstarted,Object notstarted,Object notstarted,Object notstarted,Object notstarted,Object notstarted,Object notstarted,Object notstarted,Object notstarted
2024-03-18 10:32:30,600.600,__main___datalogs,INFO,JoyConState.PREP_SNS,-134.975000,-130.850000,9.040000,0.089258,0.006866,0.013732,0.020598,0.000000,0.000000,0.000000,0.000000,0,0,0,0,0,0,0,0,0,0,0,0.045257568359375,-0.004302978515625,0,0,0,0,0,0,0,0,Object notstarted,Object notstarted,Object notstarted,Object notstarted,Object notstarted,Object notstarted,Object notstarted,Object notstarted,Object notstarted
2024-03-18 10:32:30,633.633,__main___datalogs,INFO,JoyConState.PREP_SNS,-134.975000,-130.850000,9.040000,0.091547,0.006866,0.018310,0.020598,0.000000,0.000000,0.000000,0.000000,0,0,0,0,0,0,0,0,0,0,0,0.045257568359375,-0.004302978515625,0,0,0,0,0,0,0,0,Object notstarted,Object notstarted,Object notstarted,Object notstarted,Object notstarted,Object notstarted,Object notstarted,Object notstarted,Object notstarted
2024-03-18 10:32:30,665.665,__main___datalogs,INFO,JoyConState.PREP_SNS,-134.975000,-130.850000,9.040000,0.091547,0.006866,0.013732,0.020598,0.000000,0.000000,0.000000,0.000000,0,0,0,0,0,0,0,0,0,0,0,0.045257568359375,-0.004302978515625,0,0,0,0,0,0,0,0,Object notstarted,Object notstarted,Object notstarted,Object notstarted,Object notstarted,Object notstarted,Object notstarted,Object notstarted,Object notstarted
2024-03-18 10:32:30,698.698,__main___datalogs,INFO,JoyConState.PREP_SNS,-134.975000,-130.850000,9.040000,0.091547,0.006866,0.013732,0.025176,0.000000,0.000000,0.000000,0.000000,0,0,0,0,0,0,0,0,0,0,0,0.045257568359375,-0.004302978515625,0,0,0,0,0,0,0,0,Object notstarted,Object notstarted,Object notstarted,Object notstarted,Object notstarted,Object notstarted,Object notstarted,Object notstarted,Object notstarted
2024-03-18 10:32:30,729.729,__main___datalogs,INFO,JoyConState.PREP_SNS,-134.975000,-130.850000,9.040000,0.091547,0.006866,0.013732,0.020598,0.000000,0.000000,0.000000,0.000000,0,0,0,0,0,0,0,0,0,0,0,0.045257568359375,-0.004302978515625,0,0,0,0,0,0,0,0,Object notstarted,Object notstarted,Object notstarted,Object notstarted,Object notstarted,Object notstarted,Object notstarted,Object notstarted,Object notstarted
2024-03-18 10:32:30,761.761,__main___datalogs,INFO,JoyConState.PREP_SNS,-134.975000,-130.850000,9.040000,0.091547,0.006866,0.013732,0.025176,0.000000,0.000000,0.000000,0.000000,0,0,0,0,0,0,0,0,0,0,0,0.045257568359375,-0.004302978515625,0,0,0,0,0,0,0,0,Object notstarted,Object notstarted,Object notstarted,Object notstarted,Object notstarted,Object notstarted,Object notstarted,Object notstarted,Object notstarted
2024-03-18 10:32:30,793.793,__main___datalogs,INFO,JoyConState.PREP_SNS,-134.975000,-130.850000,9.040000,0.091547,0.006866,0.013732,0.025176,0.000000,0.000000,0.000000,0.000000,0,0,0,0,0,0,0,0,0,0,0,0.045257568359375,-0.004302978515625,0,0,0,0,0,0,0,0,Object notstarted,Object notstarted,Object notstarted,Object notstarted,Object notstarted,Object notstarted,Object notstarted,Object notstarted,Object notstarted
2024-03-18 10:32:30,825.825,__main___datalogs,INFO,JoyConState.PREP_SNS,-134.975000,-130.850000,9.040000,0.091547,0.006866,0.011443,0.020598,0.000000,0.000000,0.000000,0.000000,0,0,0,0,0,0,0,0,0,0,0,0.045257568359375,-0.004302978515625,0,0,0,0,0,0,0,0,Object notstarted,Object notstarted,Object notstarted,Object notstarted,Object notstarted,Object notstarted,Object notstarted,Object notstarted,Object notstarted
2024-03-18 10:32:30,857.857,__main___datalogs,INFO,JoyConState.PREP_SNS,-134.975000,-130.850000,9.040000,0.091547,0.006866,0.011443,0.025176,0.000000,0.000000,0.000000,0.000000,0,0,0,0,0,0,0,0,0,0,0,0.045257568359375,-0.004302978515625,0,0,0,0,0,0,0,0,Object notstarted,Object notstarted,Object notstarted,Object notstarted,Object notstarted,Object notstarted,Object notstarted,Object notstarted,Object notstarted
2024-03-18 10:32:30,889.889,__main___datalogs,INFO,JoyConState.PREP_SNS,-134.975000,-130.850000,9.040000,0.091547,0.006866,0.013732,0.020598,0.000000,0.000000,0.000000,0.000000,0,0,0,0,0,0,0,0,0,0,0,0.045257568359375,-0.004302978515625,0,0,0,0,0,0,0,0,Object notstarted,Object notstarted,Object notstarted,Object notstarted,Object notstarted,Object notstarted,Object notstarted,Object notstarted,Object notstarted
2024-03-18 10:32:30,941.941,__main___datalogs,INFO,JoyConState.GO_HOME,-134.975000,-130.850000,9.040000,0.091547,0.006866,0.011443,0.025176,0.000000,0.000000,0.000000,0.000000,0,0,0,0,0,0,0,0,0,0,0,0.045257568359375,-0.004302978515625,0,0,0,0,0,0,0,0,Object notstarted,Object notstarted,Object notstarted,Object notstarted,Object notstarted,Object notstarted,Object notstarted,Object notstarted,Object notstarted
2024-03-18 10:32:30,981.981,__main___datalogs,INFO,JoyConState.GO_HOME,-134.750000,-130.637500,9.025000,0.091547,0.006866,0.011443,0.025176,0.000000,0.000000,0.000000,0.000000,0,0,0,0,0,0,0,0,0,0,0,0.045257568359375,-0.004302978515625,0,0,0,0,0,0,0,0,Object notstarted,Object notstarted,Object notstarted,Object notstarted,Object notstarted,Object notstarted,Object notstarted,Object notstarted,Object notstarted
2024-03-18 10:32:31,019.019,__main___datalogs,INFO,JoyConState.GO_HOME,-133.662500,-129.575000,8.952500,0.089258,0.006866,0.011443,0.025176,0.000000,0.000000,0.000000,0.000000,0,0,0,0,0,0,0,0,0,0,0,0.045257568359375,-0.004302978515625,0,0,0,0,0,0,0,0,Object notstarted,Object notstarted,Object notstarted,Object notstarted,Object notstarted,Object notstarted,Object notstarted,Object notstarted,Object notstarted
2024-03-18 10:32:31,057.057,__main___datalogs,INFO,JoyConState.GO_HOME,-132.325000,-128.275000,8.862500,0.089258,0.006866,0.013732,0.025176,0.000000,0.000000,0.000000,0.000000,0,0,0,0,0,0,0,0,0,0,0,0.045257568359375,-0.004302978515625,0,0,0,0,0,0,0,0,Object notstarted,Object notstarted,Object notstarted,Object notstarted,Object notstarted,Object notstarted,Object notstarted,Object notstarted,Object notstarted
2024-03-18 10:32:31,094.094,__main___datalogs,INFO,JoyConState.GO_HOME,-130.962500,-126.962500,8.772500,0.089258,0.006866,0.013732,0.025176,0.000000,0.000000,0.000000,0.000000,0,0,0,0,0,0,0,0,0,0,0,0.045257568359375,-0.004302978515625,0,0,0,0,0,0,0,0,Object notstarted,Object notstarted,Object notstarted,Object notstarted,Object notstarted,Object notstarted,Object notstarted,Object notstarted,Object notstarted
2024-03-18 10:32:31,131.131,__main___datalogs,INFO,JoyConState.GO_HOME,-129.625000,-125.662500,8.682500,0.089258,0.006866,0.013732,0.025176,0.000000,0.000000,0.000000,0.000000,0,0,0,0,0,0,0,0,0,0,0,0.045257568359375,-0.004302978515625,0,0,0,0,0,0,0,0,Object notstarted,Object notstarted,Object notstarted,Object notstarted,Object notstarted,Object notstarted,Object notstarted,Object notstarted,Object notstarted
2024-03-18 10:32:31,168.168,__main___datalogs,INFO,JoyConState.GO_HOME,-128.300000,-124.375000,8.592500,0.089258,0.006866,0.013732,0.025176,0.000000,0.000000,0.000000,0.000000,0,0,0,0,0,0,0,0,0,0,0,0.045257568359375,-0.004302978515625,0,0,0,0,0,0,0,0,Object notstarted,Object notstarted,Object notstarted,Object notstarted,Object notstarted,Object notstarted,Object notstarted,Object notstarted,Object notstarted
2024-03-18 10:32:31,205.205,__main___datalogs,INFO,JoyConState.GO_HOME,-126.987500,-123.112500,8.505000,0.089258,0.006866,0.013732,0.025176,0.000000,0.000000,0.000000,0.000000,0,0,0,0,0,0,0,0,0,0,0,0.045257568359375,-0.004302978515625,0,0,0,0,0,0,0,0,Object notstarted,Object notstarted,Object notstarted,Object notstarted,Object notstarted,Object notstarted,Object notstarted,Object notstarted,Object notstarted
2024-03-18 10:32:31,242.242,__main___datalogs,INFO,JoyConState.GO_HOME,-125.687500,-121.850000,8.417500,0.089258,0.006866,0.013732,0.025176,0.000000,0.000000,0.000000,0.000000,0,0,0,0,0,0,0,0,0,0,0,0.045257568359375,-0.004302978515625,0,0,0,0,0,0,0,0,Object notstarted,Object notstarted,Object notstarted,Object notstarted,Object notstarted,Object notstarted,Object notstarted,Object notstarted,Object notstarted
2024-03-18 10:32:31,278.278,__main___datalogs,INFO,JoyConState.GO_HOME,-124.350000,-120.550000,8.327500,0.084681,0.006866,0.013732,0.020598,0.000000,0.000000,0.000000,0.000000,0,0,0,0,0,0,0,0,0,0,0,0.045257568359375,-0.004302978515625,0,0,0,0,0,0,0,0,Object notstarted,Object notstarted,Object notstarted,Object notstarted,Object notstarted,Object notstarted,Object notstarted,Object notstarted,Object notstarted
2024-03-18 10:32:31,329.329,__main___datalogs,INFO,JoyConState.GO_HOME,-122.500000,-118.762500,8.205000,0.089258,0.006866,0.011443,0.025176,0.000000,0.000000,0.000000,0.000000,0,0,0,0,0,0,0,0,0,0,0,0.045257568359375,-0.004302978515625,0,0,0,0,0,0,0,0,Object notstarted,Object notstarted,Object notstarted,Object notstarted,Object notstarted,Object notstarted,Object notstarted,Object notstarted,Object notstarted
2024-03-18 10:32:31,383.383,__main___datalogs,INFO,JoyConState.GO_HOME,-120.725000,-117.037500,8.085000,0.089258,0.006866,0.011443,0.027464,0.000000,0.000000,0.000000,0.000000,0,0,0,0,0,0,0,0,0,0,0,0.045257568359375,-0.004302978515625,0,0,0,0,0,0,0,0,Object notstarted,Object notstarted,Object notstarted,Object notstarted,Object notstarted,Object notstarted,Object notstarted,Object notstarted,Object notstarted
2024-03-18 10:32:31,421.421,__main___datalogs,INFO,JoyConState.GO_HOME,-119.312500,-115.662500,7.990000,0.091547,0.006866,0.011443,0.027464,0.000000,0.000000,0.000000,0.000000,0,0,0,0,0,0,0,0,0,0,0,0.045257568359375,-0.004302978515625,0,0,0,0,0,0,0,0,Object notstarted,Object notstarted,Object notstarted,Object notstarted,Object notstarted,Object notstarted,Object notstarted,Object notstarted,Object notstarted
2024-03-18 10:32:31,457.457,__main___datalogs,INFO,JoyConState.GO_HOME,-117.950000,-114.350000,7.900000,0.091547,0.006866,0.011443,0.025176,0.000000,0.000000,0.000000,0.000000,0,0,0,0,0,0,0,0,0,0,0,0.045257568359375,-0.004302978515625,0,0,0,0,0,0,0,0,Object notstarted,Object notstarted,Object notstarted,Object notstarted,Object notstarted,Object notstarted,Object notstarted,Object notstarted,Object notstarted
2024-03-18 10:32:31,496.496,__main___datalogs,INFO,JoyConState.GO_HOME,-116.650000,-113.087500,7.812500,0.091547,0.006866,0.011443,0.025176,0.000000,0.000000,0.000000,0.000000,0,0,0,0,0,0,0,0,0,0,0,0.045257568359375,-0.004302978515625,0,0,0,0,0,0,0,0,Object notstarted,Object notstarted,Object notstarted,Object notstarted,Object notstarted,Object notstarted,Object notstarted,Object notstarted,Object notstarted
2024-03-18 10:32:31,532.532,__main___datalogs,INFO,JoyConState.GO_HOME,-115.275000,-111.750000,7.720000,0.089258,0.006866,0.013732,0.020598,0.000000,0.000000,0.000000,0.000000,0,0,0,0,0,0,0,0,0,0,0,0.045257568359375,-0.004302978515625,0,0,0,0,0,0,0,0,Object notstarted,Object notstarted,Object notstarted,Object notstarted,Object notstarted,Object notstarted,Object notstarted,Object notstarted,Object notstarted
2024-03-18 10:32:31,568.568,__main___datalogs,INFO,JoyConState.GO_HOME,-113.975000,-110.487500,7.632500,0.091547,0.006866,0.013732,0.025176,0.000000,0.000000,0.000000,0.000000,0,0,0,0,0,0,0,0,0,0,0,0.045257568359375,-0.004302978515625,0,0,0,0,0,0,0,0,Object notstarted,Object notstarted,Object notstarted,Object notstarted,Object notstarted,Object notstarted,Object notstarted,Object notstarted,Object notstarted
2024-03-18 10:32:31,606.606,__main___datalogs,INFO,JoyConState.GO_HOME,-112.650000,-109.212500,7.545000,0.089258,0.006866,0.011443,0.025176,0.000000,0.000000,0.000000,0.000000,0,0,0,0,0,0,0,0,0,0,0,0.045257568359375,-0.004302978515625,0,0,0,0,0,0,0,0,Object notstarted,Object notstarted,Object notstarted,Object notstarted,Object notstarted,Object notstarted,Object notstarted,Object notstarted,Object notstarted
2024-03-18 10:32:31,643.643,__main___datalogs,INFO,JoyConState.GO_HOME,-111.337500,-107.937500,7.457500,0.089258,0.006866,0.013732,0.020598,0.000000,0.000000,0.000000,0.000000,0,0,0,0,0,0,0,0,0,0,0,0.045257568359375,-0.004302978515625,0,0,0,0,0,0,0,0,Object notstarted,Object notstarted,Object notstarted,Object notstarted,Object notstarted,Object notstarted,Object notstarted,Object notstarted,Object notstarted
2024-03-18 10:32:31,680.680,__main___datalogs,INFO,JoyConState.GO_HOME,-109.987500,-106.625000,7.367500,0.089258,0.006866,0.013732,0.025176,0.000000,0.000000,0.000000,0.000000,0,0,0,0,0,0,0,0,0,0,0,0.045257568359375,-0.004302978515625,0,0,0,0,0,0,0,0,Object notstarted,Object notstarted,Object notstarted,Object notstarted,Object notstarted,Object notstarted,Object notstarted,Object notstarted,Object notstarted
2024-03-18 10:32:31,711.711,__main___datalogs,INFO,JoyConState.GO_HOME,-108.700000,-105.375000,7.280000,0.091547,0.006866,0.013732,0.027464,0.000000,0.000000,0.000000,0.000000,0,0,0,0,0,0,0,0,0,0,0,0.045257568359375,-0.004302978515625,0,0,0,0,0,0,0,0,Object notstarted,Object notstarted,Object notstarted,Object notstarted,Object notstarted,Object notstarted,Object notstarted,Object notstarted,Object notstarted
2024-03-18 10:32:31,743.743,__main___datalogs,INFO,JoyConState.GO_HOME,-107.575000,-104.287500,7.205000,0.091547,0.006866,0.013732,0.027464,0.000000,0.000000,0.000000,0.000000,0,0,0,0,0,0,0,0,0,0,0,0.045257568359375,-0.004302978515625,0,0,0,0,0,0,0,0,Object notstarted,Object notstarted,Object notstarted,Object notstarted,Object notstarted,Object notstarted,Object notstarted,Object notstarted,Object notstarted
2024-03-18 10:32:31,776.776,__main___datalogs,INFO,JoyConState.GO_HOME,-106.462500,-103.212500,7.130000,0.091547,0.006866,0.013732,0.027464,0.000000,0.000000,0.000000,0.000000,0,0,0,0,0,0,0,0,0,0,0,0.045257568359375,-0.004302978515625,0,0,0,0,0,0,0,0,Object notstarted,Object notstarted,Object notstarted,Object notstarted,Object notstarted,Object notstarted,Object notstarted,Object notstarted,Object notstarted
2024-03-18 10:32:31,806.806,__main___datalogs,INFO,JoyConState.GO_HOME,-105.262500,-102.050000,7.050000,0.091547,0.006866,0.013732,0.025176,0.000000,0.000000,0.000000,0.000000,0,0,0,0,0,0,0,0,0,0,0,0.045257568359375,-0.004302978515625,0,0,0,0,0,0,0,0,Object notstarted,Object notstarted,Object notstarted,Object notstarted,Object notstarted,Object notstarted,Object notstarted,Object notstarted,Object notstarted
2024-03-18 10:32:31,839.839,__main___datalogs,INFO,JoyConState.GO_HOME,-104.162500,-100.975000,6.977500,0.091547,0.006866,0.011443,0.027464,0.000000,0.000000,0.000000,0.000000,0,0,0,0,0,0,0,0,0,0,0,0.045257568359375,-0.004302978515625,0,0,0,0,0,0,0,0,Object notstarted,Object notstarted,Object notstarted,Object notstarted,Object notstarted,Object notstarted,Object notstarted,Object notstarted,Object notstarted
2024-03-18 10:32:31,871.871,__main___datalogs,INFO,JoyConState.GO_HOME,-102.987500,-99.837500,6.897500,0.091547,0.006866,0.013732,0.025176,0.000000,0.000000,0.000000,0.000000,0,0,0,0,0,0,0,0,0,0,0,0.045257568359375,-0.004302978515625,0,0,0,0,0,0,0,0,Object notstarted,Object notstarted,Object notstarted,Object notstarted,Object notstarted,Object notstarted,Object notstarted,Object notstarted,Object notstarted
2024-03-18 10:32:31,902.902,__main___datalogs,INFO,JoyConState.GO_HOME,-101.850000,-98.737500,6.822500,0.091547,0.006866,0.013732,0.027464,0.000000,0.000000,0.000000,0.000000,0,0,0,0,0,0,0,0,0,0,0,0.045257568359375,-0.004302978515625,0,0,0,0,0,0,0,0,Object notstarted,Object notstarted,Object notstarted,Object notstarted,Object notstarted,Object notstarted,Object notstarted,Object notstarted,Object notstarted
2024-03-18 10:32:31,935.935,__main___datalogs,INFO,JoyConState.GO_HOME,-100.737500,-97.662500,6.747500,0.091547,0.006866,0.013732,0.025176,0.000000,0.000000,0.000000,0.000000,0,0,0,0,0,0,0,0,0,0,0,0.045257568359375,-0.004302978515625,0,0,0,0,0,0,0,0,Object notstarted,Object notstarted,Object notstarted,Object notstarted,Object notstarted,Object notstarted,Object notstarted,Object notstarted,Object notstarted
2024-03-18 10:32:31,966.966,__main___datalogs,INFO,JoyConState.GO_HOME,-99.587500,-96.550000,6.670000,0.091547,0.006866,0.013732,0.020598,0.000000,0.000000,0.000000,0.000000,0,0,0,0,0,0,0,0,0,0,0,0.045257568359375,-0.004302978515625,0,0,0,0,0,0,0,0,Object notstarted,Object notstarted,Object notstarted,Object notstarted,Object notstarted,Object notstarted,Object notstarted,Object notstarted,Object notstarted
2024-03-18 10:32:31,998.998,__main___datalogs,INFO,JoyConState.GO_HOME,-98.425000,-95.412500,6.592500,0.089258,0.006866,0.013732,0.020598,0.000000,0.000000,0.000000,0.000000,0,0,0,0,0,0,0,0,0,0,0,0.045257568359375,-0.004302978515625,0,0,0,0,0,0,0,0,Object notstarted,Object notstarted,Object notstarted,Object notstarted,Object notstarted,Object notstarted,Object notstarted,Object notstarted,Object notstarted
2024-03-18 10:32:32,030.030,__main___datalogs,INFO,JoyConState.GO_HOME,-97.312500,-94.337500,6.517500,0.089258,0.006866,0.013732,0.020598,0.000000,0.000000,0.000000,0.000000,0,0,0,0,0,0,0,0,0,0,0,0.045257568359375,-0.004302978515625,0,0,0,0,0,0,0,0,Object notstarted,Object notstarted,Object notstarted,Object notstarted,Object notstarted,Object notstarted,Object notstarted,Object notstarted,Object notstarted
2024-03-18 10:32:32,063.063,__main___datalogs,INFO,JoyConState.GO_HOME,-96.137500,-93.200000,6.440000,0.089258,0.006866,0.013732,0.025176,0.000000,0.000000,0.000000,0.000000,0,0,0,0,0,0,0,0,0,0,0,0.045257568359375,-0.004302978515625,0,0,0,0,0,0,0,0,Object notstarted,Object notstarted,Object notstarted,Object notstarted,Object notstarted,Object notstarted,Object notstarted,Object notstarted,Object notstarted
2024-03-18 10:32:32,100.100,__main___datalogs,INFO,JoyConState.GO_HOME,-94.962500,-92.062500,6.360000,0.089258,0.006866,0.013732,0.025176,0.000000,0.000000,0.000000,0.000000,0,0,0,0,0,0,0,0,0,0,0,0.045257568359375,-0.004302978515625,0,0,0,0,0,0,0,0,Object notstarted,Object notstarted,Object notstarted,Object notstarted,Object notstarted,Object notstarted,Object notstarted,Object notstarted,Object notstarted
2024-03-18 10:32:32,137.137,__main___datalogs,INFO,JoyConState.GO_HOME,-93.662500,-90.800000,6.272500,0.089258,0.006866,0.013732,0.020598,0.000000,0.000000,0.000000,0.000000,0,0,0,0,0,0,0,0,0,0,0,0.045257568359375,-0.004302978515625,0,0,0,0,0,0,0,0,Object notstarted,Object notstarted,Object notstarted,Object notstarted,Object notstarted,Object notstarted,Object notstarted,Object notstarted,Object notstarted
2024-03-18 10:32:32,175.175,__main___datalogs,INFO,JoyConState.GO_HOME,-92.312500,-89.487500,6.182500,0.089258,0.006866,0.013732,0.025176,0.000000,0.000000,0.000000,0.000000,0,0,0,0,0,0,0,0,0,0,0,0.045257568359375,-0.004302978515625,0,0,0,0,0,0,0,0,Object notstarted,Object notstarted,Object notstarted,Object notstarted,Object notstarted,Object notstarted,Object notstarted,Object notstarted,Object notstarted
2024-03-18 10:32:32,211.211,__main___datalogs,INFO,JoyConState.GO_HOME,-90.975000,-88.200000,6.092500,0.091547,0.006866,0.011443,0.025176,0.000000,0.000000,0.000000,0.000000,0,0,0,0,0,0,0,0,0,0,0,0.045257568359375,-0.004302978515625,0,0,0,0,0,0,0,0,Object notstarted,Object notstarted,Object notstarted,Object notstarted,Object notstarted,Object notstarted,Object notstarted,Object notstarted,Object notstarted
2024-03-18 10:32:32,249.249,__main___datalogs,INFO,JoyConState.GO_HOME,-89.675000,-86.937500,6.005000,0.091547,0.006866,0.013732,0.025176,0.000000,0.000000,0.000000,0.000000,0,0,0,0,0,0,0,0,0,0,0,0.045257568359375,-0.004302978515625,0,0,0,0,0,0,0,0,Object notstarted,Object notstarted,Object notstarted,Object notstarted,Object notstarted,Object notstarted,Object notstarted,Object notstarted,Object notstarted
2024-03-18 10:32:32,286.286,__main___datalogs,INFO,JoyConState.GO_HOME,-88.300000,-85.600000,5.915000,0.091547,0.006866,0.011443,0.025176,0.000000,0.000000,0.000000,0.000000,0,0,0,0,0,0,0,0,0,0,0,0.045257568359375,-0.004302978515625,0,0,0,0,0,0,0,0,Object notstarted,Object notstarted,Object notstarted,Object notstarted,Object notstarted,Object notstarted,Object notstarted,Object notstarted,Object notstarted
2024-03-18 10:32:32,324.324,__main___datalogs,INFO,JoyConState.GO_HOME,-86.987500,-84.325000,5.825000,0.091547,0.006866,0.013732,0.025176,0.000000,0.000000,0.000000,0.000000,0,0,0,0,0,0,0,0,0,0,0,0.045257568359375,-0.004302978515625,0,0,0,0,0,0,0,0,Object notstarted,Object notstarted,Object notstarted,Object notstarted,Object notstarted,Object notstarted,Object notstarted,Object notstarted,Object notstarted
2024-03-18 10:32:32,361.361,__main___datalogs,INFO,JoyConState.GO_HOME,-85.612500,-83.000000,5.735000,0.091547,0.006866,0.013732,0.025176,0.000000,0.000000,0.000000,0.000000,0,0,0,0,0,0,0,0,0,0,0,0.045257568359375,-0.004302978515625,0,0,0,0,0,0,0,0,Object notstarted,Object notstarted,Object notstarted,Object notstarted,Object notstarted,Object notstarted,Object notstarted,Object notstarted,Object notstarted
2024-03-18 10:32:32,412.412,__main___datalogs,INFO,JoyConState.GO_HOME,-83.862500,-81.300000,5.617500,0.091547,0.006866,0.013732,0.025176,0.000000,0.000000,0.000000,0.000000,0,0,0,0,0,0,0,0,0,0,0,0.045257568359375,-0.004302978515625,0,0,0,0,0,0,0,0,Object notstarted,Object notstarted,Object notstarted,Object notstarted,Object notstarted,Object notstarted,Object notstarted,Object notstarted,Object notstarted
2024-03-18 10:32:32,460.460,__main___datalogs,INFO,JoyConState.GO_HOME,-82.112500,-79.600000,5.500000,0.091547,0.002289,0.013732,0.025176,0.000000,0.000000,0.000000,0.000000,0,0,0,0,0,0,0,0,0,0,0,0.045257568359375,-0.004302978515625,0,0,0,0,0,0,0,0,Object notstarted,Object notstarted,Object notstarted,Object notstarted,Object notstarted,Object notstarted,Object notstarted,Object notstarted,Object notstarted
2024-03-18 10:32:32,497.497,__main___datalogs,INFO,JoyConState.GO_HOME,-80.800000,-78.325000,5.412500,0.091547,0.002289,0.013732,0.025176,0.000000,0.000000,0.000000,0.000000,0,0,0,0,0,0,0,0,0,0,0,0.045257568359375,-0.004302978515625,0,0,0,0,0,0,0,0,Object notstarted,Object notstarted,Object notstarted,Object notstarted,Object notstarted,Object notstarted,Object notstarted,Object notstarted,Object notstarted
2024-03-18 10:32:32,533.533,__main___datalogs,INFO,JoyConState.GO_HOME,-79.475000,-77.050000,5.322500,0.096125,0.002289,0.013732,0.025176,0.000000,0.000000,0.000000,0.000000,0,0,0,0,0,0,0,0,0,0,0,0.045257568359375,-0.004302978515625,0,0,0,0,0,0,0,0,Object notstarted,Object notstarted,Object notstarted,Object notstarted,Object notstarted,Object notstarted,Object notstarted,Object notstarted,Object notstarted
2024-03-18 10:32:32,570.570,__main___datalogs,INFO,JoyConState.GO_HOME,-78.175000,-75.787500,5.235000,0.091547,0.002289,0.013732,0.025176,0.000000,0.000000,0.000000,0.000000,0,0,0,0,0,0,0,0,0,0,0,0.045257568359375,-0.004302978515625,0,0,0,0,0,0,0,0,Object notstarted,Object notstarted,Object notstarted,Object notstarted,Object notstarted,Object notstarted,Object notstarted,Object notstarted,Object notstarted
2024-03-18 10:32:32,608.608,__main___datalogs,INFO,JoyConState.GO_HOME,-76.837500,-74.487500,5.145000,0.091547,0.002289,0.013732,0.025176,0.000000,0.000000,0.000000,0.000000,0,0,0,0,0,0,0,0,0,0,0,0.045257568359375,-0.004302978515625,0,0,0,0,0,0,0,0,Object notstarted,Object notstarted,Object notstarted,Object notstarted,Object notstarted,Object notstarted,Object notstarted,Object notstarted,Object notstarted
2024-03-18 10:32:32,647.647,__main___datalogs,INFO,JoyConState.GO_HOME,-75.512500,-73.200000,5.057500,0.089258,0.002289,0.013732,0.025176,0.000000,0.000000,0.000000,0.000000,0,0,0,0,0,0,0,0,0,0,0,0.045257568359375,-0.004302978515625,0,0,0,0,0,0,0,0,Object notstarted,Object notstarted,Object notstarted,Object notstarted,Object notstarted,Object notstarted,Object notstarted,Object notstarted,Object notstarted
2024-03-18 10:32:32,685.685,__main___datalogs,INFO,JoyConState.GO_HOME,-74.087500,-71.825000,4.962500,0.089258,0.006866,0.013732,0.025176,0.000000,0.000000,0.000000,0.000000,0,0,0,0,0,0,0,0,0,0,0,0.045257568359375,-0.004302978515625,0,0,0,0,0,0,0,0,Object notstarted,Object notstarted,Object notstarted,Object notstarted,Object notstarted,Object notstarted,Object notstarted,Object notstarted,Object notstarted
2024-03-18 10:32:32,722.722,__main___datalogs,INFO,JoyConState.GO_HOME,-72.750000,-70.525000,4.872500,0.091547,0.002289,0.013732,0.025176,0.000000,0.000000,0.000000,0.000000,0,0,0,0,0,0,0,0,0,0,0,0.045257568359375,-0.004302978515625,0,0,0,0,0,0,0,0,Object notstarted,Object notstarted,Object notstarted,Object notstarted,Object notstarted,Object notstarted,Object notstarted,Object notstarted,Object notstarted
2024-03-18 10:32:32,759.759,__main___datalogs,INFO,JoyConState.GO_HOME,-71.400000,-69.212500,4.782500,0.091547,0.002289,0.013732,0.025176,0.000000,0.000000,0.000000,0.000000,0,0,0,0,0,0,0,0,0,0,0,0.045257568359375,-0.004302978515625,0,0,0,0,0,0,0,0,Object notstarted,Object notstarted,Object notstarted,Object notstarted,Object notstarted,Object notstarted,Object notstarted,Object notstarted,Object notstarted
2024-03-18 10:32:32,796.796,__main___datalogs,INFO,JoyConState.GO_HOME,-70.087500,-67.950000,4.695000,0.091547,0.002289,0.013732,0.025176,0.000000,0.000000,0.000000,0.000000,0,0,0,0,0,0,0,0,0,0,0,0.045257568359375,-0.004302978515625,0,0,0,0,0,0,0,0,Object notstarted,Object notstarted,Object notstarted,Object notstarted,Object notstarted,Object notstarted,Object notstarted,Object notstarted,Object notstarted
2024-03-18 10:32:32,832.832,__main___datalogs,INFO,JoyConState.GO_HOME,-68.787500,-66.687500,4.607500,0.091547,0.002289,0.013732,0.025176,0.000000,0.000000,0.000000,0.000000,0,0,0,0,0,0,0,0,0,0,0,0.045257568359375,-0.004302978515625,0,0,0,0,0,0,0,0,Object notstarted,Object notstarted,Object notstarted,Object notstarted,Object notstarted,Object notstarted,Object notstarted,Object notstarted,Object notstarted
2024-03-18 10:32:32,865.865,__main___datalogs,INFO,JoyConState.GO_HOME,-67.475000,-65.412500,4.520000,0.091547,0.002289,0.013732,0.025176,0.000000,0.000000,0.000000,0.000000,0,0,0,0,0,0,0,0,0,0,0,0.045257568359375,-0.004302978515625,0,0,0,0,0,0,0,0,Object notstarted,Object notstarted,Object notstarted,Object notstarted,Object notstarted,Object notstarted,Object notstarted,Object notstarted,Object notstarted
2024-03-18 10:32:32,901.901,__main___datalogs,INFO,JoyConState.GO_HOME,-66.300000,-64.275000,4.440000,0.091547,0.002289,0.011443,0.025176,0.000000,0.000000,0.000000,0.000000,0,0,0,0,0,0,0,0,0,0,0,0.045257568359375,-0.004302978515625,0,0,0,0,0,0,0,0,Object notstarted,Object notstarted,Object notstarted,Object notstarted,Object notstarted,Object notstarted,Object notstarted,Object notstarted,Object notstarted
2024-03-18 10:32:32,932.932,__main___datalogs,INFO,JoyConState.GO_HOME,-65.012500,-63.025000,4.355000,0.091547,0.002289,0.013732,0.027464,0.000000,0.000000,0.000000,0.000000,0,0,0,0,0,0,0,0,0,0,0,0.045257568359375,-0.004302978515625,0,0,0,0,0,0,0,0,Object notstarted,Object notstarted,Object notstarted,Object notstarted,Object notstarted,Object notstarted,Object notstarted,Object notstarted,Object notstarted
2024-03-18 10:32:32,971.971,__main___datalogs,INFO,JoyConState.GO_HOME,-63.862500,-61.912500,4.277500,0.091547,0.006866,0.013732,0.027464,0.000000,0.000000,0.000000,0.000000,0,0,0,0,0,0,0,0,0,0,0,0.045257568359375,-0.004302978515625,0,0,0,0,0,0,0,0,Object notstarted,Object notstarted,Object notstarted,Object notstarted,Object notstarted,Object notstarted,Object notstarted,Object notstarted,Object notstarted
2024-03-18 10:32:33,007.007,__main___datalogs,INFO,JoyConState.GO_HOME,-62.537500,-60.625000,4.187500,0.091547,0.006866,0.013732,0.025176,0.000000,0.000000,0.000000,0.000000,0,0,0,0,0,0,0,0,0,0,0,0.045257568359375,-0.004302978515625,0,0,0,0,0,0,0,0,Object notstarted,Object notstarted,Object notstarted,Object notstarted,Object notstarted,Object notstarted,Object notstarted,Object notstarted,Object notstarted
2024-03-18 10:32:33,044.044,__main___datalogs,INFO,JoyConState.GO_HOME,-61.200000,-59.325000,4.100000,0.084681,-0.002289,0.011443,0.025176,0.000000,0.000000,0.000000,0.000000,0,0,0,0,0,0,0,0,0,0,0,0.045257568359375,-0.004302978515625,0,0,0,0,0,0,0,0,Object notstarted,Object notstarted,Object notstarted,Object notstarted,Object notstarted,Object notstarted,Object notstarted,Object notstarted,Object notstarted
2024-03-18 10:32:33,083.083,__main___datalogs,INFO,JoyConState.GO_HOME,-59.887500,-58.062500,4.010000,0.089258,0.002289,0.011443,0.020598,0.000000,0.000000,0.000000,0.000000,0,0,0,0,0,0,0,0,0,0,0,0.045257568359375,-0.004302978515625,0,0,0,0,0,0,0,0,Object notstarted,Object notstarted,Object notstarted,Object notstarted,Object notstarted,Object notstarted,Object notstarted,Object notstarted,Object notstarted
2024-03-18 10:32:33,120.120,__main___datalogs,INFO,JoyConState.GO_HOME,-58.500000,-56.712500,3.917500,0.084681,0.002289,0.011443,0.025176,0.000000,0.000000,0.000000,0.000000,0,0,0,0,0,0,0,0,0,0,0,0.045257568359375,-0.004302978515625,0,0,0,0,0,0,0,0,Object notstarted,Object notstarted,Object notstarted,Object notstarted,Object notstarted,Object notstarted,Object notstarted,Object notstarted,Object notstarted
2024-03-18 10:32:33,156.156,__main___datalogs,INFO,JoyConState.GO_HOME,-57.187500,-55.437500,3.830000,0.091547,0.006866,0.013732,0.027464,0.000000,0.000000,0.000000,0.000000,0,0,0,0,0,0,0,0,0,0,0,0.045257568359375,-0.004302978515625,0,0,0,0,0,0,0,0,Object notstarted,Object notstarted,Object notstarted,Object notstarted,Object notstarted,Object notstarted,Object notstarted,Object notstarted,Object notstarted
2024-03-18 10:32:33,193.193,__main___datalogs,INFO,JoyConState.GO_HOME,-55.875000,-54.162500,3.742500,0.091547,0.006866,0.013732,0.027464,0.000000,0.000000,0.000000,0.000000,0,0,0,0,0,0,0,0,0,0,0,0.045257568359375,-0.004302978515625,0,0,0,0,0,0,0,0,Object notstarted,Object notstarted,Object notstarted,Object notstarted,Object notstarted,Object notstarted,Object notstarted,Object notstarted,Object notstarted
2024-03-18 10:32:33,230.230,__main___datalogs,INFO,JoyConState.GO_HOME,-54.575000,-52.912500,3.655000,0.091547,0.006866,0.013732,0.025176,0.000000,0.000000,0.000000,0.000000,0,0,0,0,0,0,0,0,0,0,0,0.045257568359375,-0.004302978515625,0,0,0,0,0,0,0,0,Object notstarted,Object notstarted,Object notstarted,Object notstarted,Object notstarted,Object notstarted,Object notstarted,Object notstarted,Object notstarted
2024-03-18 10:32:33,267.267,__main___datalogs,INFO,JoyConState.GO_HOME,-53.225000,-51.600000,3.565000,0.089258,0.002289,0.013732,0.025176,0.000000,0.000000,0.000000,0.000000,0,0,0,0,0,0,0,0,0,0,0,0.045257568359375,-0.004302978515625,0,0,0,0,0,0,0,0,Object notstarted,Object notstarted,Object notstarted,Object notstarted,Object notstarted,Object notstarted,Object notstarted,Object notstarted,Object notstarted
2024-03-18 10:32:33,304.304,__main___datalogs,INFO,JoyConState.GO_HOME,-51.912500,-50.325000,3.477500,0.089258,0.002289,0.013732,0.027464,0.000000,0.000000,0.000000,0.000000,0,0,0,0,0,0,0,0,0,0,0,0.045257568359375,-0.004302978515625,0,0,0,0,0,0,0,0,Object notstarted,Object notstarted,Object notstarted,Object notstarted,Object notstarted,Object notstarted,Object notstarted,Object notstarted,Object notstarted
2024-03-18 10:32:33,341.341,__main___datalogs,INFO,JoyConState.GO_HOME,-50.575000,-49.025000,3.387500,0.091547,0.002289,0.013732,0.027464,0.000000,0.000000,0.000000,0.000000,0,0,0,0,0,0,0,0,0,0,0,0.045257568359375,-0.004302978515625,0,0,0,0,0,0,0,0,Object notstarted,Object notstarted,Object notstarted,Object notstarted,Object notstarted,Object notstarted,Object notstarted,Object notstarted,Object notstarted
2024-03-18 10:32:33,377.377,__main___datalogs,INFO,JoyConState.GO_HOME,-49.275000,-47.775000,3.300000,0.089258,0.006866,0.013732,0.025176,0.000000,0.000000,0.000000,0.000000,0,0,0,0,0,0,0,0,0,0,0,0.045257568359375,-0.004302978515625,0,0,0,0,0,0,0,0,Object notstarted,Object notstarted,Object notstarted,Object notstarted,Object notstarted,Object notstarted,Object notstarted,Object notstarted,Object notstarted
2024-03-18 10:32:33,415.415,__main___datalogs,INFO,JoyConState.GO_HOME,-47.975000,-46.512500,3.212500,0.089258,0.006866,0.013732,0.027464,0.000000,0.000000,0.000000,0.000000,0,0,0,0,0,0,0,0,0,0,0,0.045257568359375,-0.004302978515625,0,0,0,0,0,0,0,0,Object notstarted,Object notstarted,Object notstarted,Object notstarted,Object notstarted,Object notstarted,Object notstarted,Object notstarted,Object notstarted
2024-03-18 10:32:33,452.452,__main___datalogs,INFO,JoyConState.GO_HOME,-46.625000,-45.200000,3.122500,0.091547,0.006866,0.013732,0.025176,0.000000,0.000000,0.000000,0.000000,0,0,0,0,0,0,0,0,0,0,0,0.045257568359375,-0.004302978515625,0,0,0,0,0,0,0,0,Object notstarted,Object notstarted,Object notstarted,Object notstarted,Object notstarted,Object notstarted,Object notstarted,Object notstarted,Object notstarted
2024-03-18 10:32:33,511.511,__main___datalogs,INFO,JoyConState.GO_HOME,-44.650000,-43.287500,2.990000,0.091547,0.006866,0.013732,0.025176,0.000000,0.000000,0.000000,0.000000,0,0,0,0,0,0,0,0,0,0,0,0.045257568359375,-0.004302978515625,0,0,0,0,0,0,0,0,Object notstarted,Object notstarted,Object notstarted,Object notstarted,Object notstarted,Object notstarted,Object notstarted,Object notstarted,Object notstarted
2024-03-18 10:32:33,552.552,__main___datalogs,INFO,JoyConState.GO_HOME,-43.062500,-41.750000,2.885000,0.089258,0.006866,0.013732,0.025176,0.000000,0.000000,0.000000,0.000000,0,0,0,0,0,0,0,0,0,0,0,0.045257568359375,-0.004302978515625,0,0,0,0,0,0,0,0,Object notstarted,Object notstarted,Object notstarted,Object notstarted,Object notstarted,Object notstarted,Object notstarted,Object notstarted,Object notstarted
2024-03-18 10:32:33,588.588,__main___datalogs,INFO,JoyConState.GO_HOME,-41.712500,-40.437500,2.792500,0.091547,0.002289,0.013732,0.025176,0.000000,0.000000,0.000000,0.000000,0,0,0,0,0,0,0,0,0,0,0,0.045257568359375,-0.004302978515625,0,0,0,0,0,0,0,0,Object notstarted,Object notstarted,Object notstarted,Object notstarted,Object notstarted,Object notstarted,Object notstarted,Object notstarted,Object notstarted
2024-03-18 10:32:33,625.625,__main___datalogs,INFO,JoyConState.GO_HOME,-40.412500,-39.175000,2.707500,0.091547,0.006866,0.013732,0.020598,0.000000,0.000000,0.000000,0.000000,0,0,0,0,0,0,0,0,0,0,0,0.045257568359375,-0.004302978515625,0,0,0,0,0,0,0,0,Object notstarted,Object notstarted,Object notstarted,Object notstarted,Object notstarted,Object notstarted,Object notstarted,Object notstarted,Object notstarted
2024-03-18 10:32:33,664.664,__main___datalogs,INFO,JoyConState.GO_HOME,-39.100000,-37.900000,2.617500,0.091547,0.006866,0.013732,0.025176,0.000000,0.000000,0.000000,0.000000,0,0,0,0,0,0,0,0,0,0,0,0.045257568359375,-0.004302978515625,0,0,0,0,0,0,0,0,Object notstarted,Object notstarted,Object notstarted,Object notstarted,Object notstarted,Object notstarted,Object notstarted,Object notstarted,Object notstarted
2024-03-18 10:32:33,702.702,__main___datalogs,INFO,JoyConState.GO_HOME,-37.700000,-36.550000,2.525000,0.091547,0.006866,0.013732,0.027464,0.000000,0.000000,0.000000,0.000000,0,0,0,0,0,0,0,0,0,0,0,0.045257568359375,-0.004302978515625,0,0,0,0,0,0,0,0,Object notstarted,Object notstarted,Object notstarted,Object notstarted,Object notstarted,Object notstarted,Object notstarted,Object notstarted,Object notstarted
2024-03-18 10:32:33,740.740,__main___datalogs,INFO,JoyConState.GO_HOME,-36.350000,-35.237500,2.435000,0.091547,0.006866,0.011443,0.027464,0.000000,0.000000,0.000000,0.000000,0,0,0,0,0,0,0,0,0,0,0,0.045257568359375,-0.004302978515625,0,0,0,0,0,0,0,0,Object notstarted,Object notstarted,Object notstarted,Object notstarted,Object notstarted,Object notstarted,Object notstarted,Object notstarted,Object notstarted
2024-03-18 10:32:33,777.777,__main___datalogs,INFO,JoyConState.GO_HOME,-35.012500,-33.937500,2.345000,0.091547,0.006866,0.011443,0.027464,0.000000,0.000000,0.000000,0.000000,0,0,0,0,0,0,0,0,0,0,0,0.045257568359375,-0.004302978515625,0,0,0,0,0,0,0,0,Object notstarted,Object notstarted,Object notstarted,Object notstarted,Object notstarted,Object notstarted,Object notstarted,Object notstarted,Object notstarted
2024-03-18 10:32:33,814.814,__main___datalogs,INFO,JoyConState.GO_HOME,-33.700000,-32.675000,2.257500,0.091547,0.006866,0.011443,0.025176,0.000000,0.000000,0.000000,0.000000,0,0,0,0,0,0,0,0,0,0,0,0.045257568359375,-0.004302978515625,0,0,0,0,0,0,0,0,Object notstarted,Object notstarted,Object notstarted,Object notstarted,Object notstarted,Object notstarted,Object notstarted,Object notstarted,Object notstarted
2024-03-18 10:32:33,852.852,__main___datalogs,INFO,JoyConState.GO_HOME,-32.375000,-31.387500,2.167500,0.089258,0.002289,0.011443,0.025176,0.000000,0.000000,0.000000,0.000000,0,0,0,0,0,0,0,0,0,0,0,0.045257568359375,-0.004302978515625,0,0,0,0,0,0,0,0,Object notstarted,Object notstarted,Object notstarted,Object notstarted,Object notstarted,Object notstarted,Object notstarted,Object notstarted,Object notstarted
2024-03-18 10:32:33,889.889,__main___datalogs,INFO,JoyConState.GO_HOME,-30.975000,-30.025000,2.075000,0.091547,0.002289,0.011443,0.025176,0.000000,0.000000,0.000000,0.000000,0,0,0,0,0,0,0,0,0,0,0,0.045257568359375,-0.004302978515625,0,0,0,0,0,0,0,0,Object notstarted,Object notstarted,Object notstarted,Object notstarted,Object notstarted,Object notstarted,Object notstarted,Object notstarted,Object notstarted
2024-03-18 10:32:33,927.927,__main___datalogs,INFO,JoyConState.GO_HOME,-29.662500,-28.750000,1.987500,0.089258,0.002289,0.011443,0.025176,0.000000,0.000000,0.000000,0.000000,0,0,0,0,0,0,0,0,0,0,0,0.045257568359375,-0.004302978515625,0,0,0,0,0,0,0,0,Object notstarted,Object notstarted,Object notstarted,Object notstarted,Object notstarted,Object notstarted,Object notstarted,Object notstarted,Object notstarted
2024-03-18 10:32:33,964.964,__main___datalogs,INFO,JoyConState.GO_HOME,-28.300000,-27.437500,1.895000,0.091547,0.002289,0.011443,0.020598,0.000000,0.000000,0.000000,0.000000,0,0,0,0,0,0,0,0,0,0,0,0.045257568359375,-0.004302978515625,0,0,0,0,0,0,0,0,Object notstarted,Object notstarted,Object notstarted,Object notstarted,Object notstarted,Object notstarted,Object notstarted,Object notstarted,Object notstarted
2024-03-18 10:32:34,002.002,__main___datalogs,INFO,JoyConState.GO_HOME,-27.000000,-26.175000,1.807500,0.091547,0.006866,0.011443,0.025176,0.000000,0.000000,0.000000,0.000000,0,0,0,0,0,0,0,0,0,0,0,0.045257568359375,-0.004302978515625,0,0,0,0,0,0,0,0,Object notstarted,Object notstarted,Object notstarted,Object notstarted,Object notstarted,Object notstarted,Object notstarted,Object notstarted,Object notstarted
2024-03-18 10:32:34,038.038,__main___datalogs,INFO,JoyConState.GO_HOME,-25.637500,-24.850000,1.717500,0.091547,0.006866,0.013732,0.025176,0.000000,0.000000,0.000000,0.000000,0,0,0,0,0,0,0,0,0,0,0,0.045257568359375,-0.004302978515625,0,0,0,0,0,0,0,0,Object notstarted,Object notstarted,Object notstarted,Object notstarted,Object notstarted,Object notstarted,Object notstarted,Object notstarted,Object notstarted
2024-03-18 10:32:34,075.075,__main___datalogs,INFO,JoyConState.GO_HOME,-24.325000,-23.587500,1.630000,0.091547,0.006866,0.013732,0.025176,0.000000,0.000000,0.000000,0.000000,0,0,0,0,0,0,0,0,0,0,0,0.045257568359375,-0.004302978515625,0,0,0,0,0,0,0,0,Object notstarted,Object notstarted,Object notstarted,Object notstarted,Object notstarted,Object notstarted,Object notstarted,Object notstarted,Object notstarted
2024-03-18 10:32:34,112.112,__main___datalogs,INFO,JoyConState.GO_HOME,-23.012500,-22.312500,1.542500,0.091547,0.006866,0.013732,0.025176,0.000000,0.000000,0.000000,0.000000,0,0,0,0,0,0,0,0,0,0,0,0.045257568359375,-0.004302978515625,0,0,0,0,0,0,0,0,Object notstarted,Object notstarted,Object notstarted,Object notstarted,Object notstarted,Object notstarted,Object notstarted,Object notstarted,Object notstarted
2024-03-18 10:32:34,149.149,__main___datalogs,INFO,JoyConState.GO_HOME,-21.687500,-21.025000,1.452500,0.091547,0.009155,0.013732,0.020598,0.000000,0.000000,0.000000,0.000000,0,0,0,0,0,0,0,0,0,0,0,0.045257568359375,-0.004302978515625,0,0,0,0,0,0,0,0,Object notstarted,Object notstarted,Object notstarted,Object notstarted,Object notstarted,Object notstarted,Object notstarted,Object notstarted,Object notstarted
2024-03-18 10:32:34,187.187,__main___datalogs,INFO,JoyConState.GO_HOME,-20.375000,-19.750000,1.365000,0.091547,0.006866,0.013732,0.020598,0.000000,0.000000,0.000000,0.000000,0,0,0,0,0,0,0,0,0,0,0,0.045257568359375,-0.004302978515625,0,0,0,0,0,0,0,0,Object notstarted,Object notstarted,Object notstarted,Object notstarted,Object notstarted,Object notstarted,Object notstarted,Object notstarted,Object notstarted
2024-03-18 10:32:34,223.223,__main___datalogs,INFO,JoyConState.GO_HOME,-19.050000,-18.462500,1.275000,0.091547,0.006866,0.018310,0.020598,0.000000,0.000000,0.000000,0.000000,0,0,0,0,0,0,0,0,0,0,0,0.045257568359375,-0.004302978515625,0,0,0,0,0,0,0,0,Object notstarted,Object notstarted,Object notstarted,Object notstarted,Object notstarted,Object notstarted,Object notstarted,Object notstarted,Object notstarted
2024-03-18 10:32:34,260.260,__main___datalogs,INFO,JoyConState.GO_HOME,-17.725000,-17.187500,1.187500,0.089258,0.006866,0.013732,0.025176,0.000000,0.000000,0.000000,0.000000,0,0,0,0,0,0,0,0,0,0,0,0.045257568359375,-0.004302978515625,0,0,0,0,0,0,0,0,Object notstarted,Object notstarted,Object notstarted,Object notstarted,Object notstarted,Object notstarted,Object notstarted,Object notstarted,Object notstarted
2024-03-18 10:32:34,291.291,__main___datalogs,INFO,JoyConState.GO_HOME,-16.437500,-15.937500,1.100000,0.089258,0.006866,0.013732,0.027464,0.000000,0.000000,0.000000,0.000000,0,0,0,0,0,0,0,0,0,0,0,0.045257568359375,-0.004302978515625,0,0,0,0,0,0,0,0,Object notstarted,Object notstarted,Object notstarted,Object notstarted,Object notstarted,Object notstarted,Object notstarted,Object notstarted,Object notstarted
2024-03-18 10:32:34,323.323,__main___datalogs,INFO,JoyConState.GO_HOME,-15.312500,-14.850000,1.025000,0.089258,0.006866,0.018310,0.027464,0.000000,0.000000,0.000000,0.000000,0,0,0,0,0,0,0,0,0,0,0,0.045257568359375,-0.004302978515625,0,0,0,0,0,0,0,0,Object notstarted,Object notstarted,Object notstarted,Object notstarted,Object notstarted,Object notstarted,Object notstarted,Object notstarted,Object notstarted
2024-03-18 10:32:34,354.354,__main___datalogs,INFO,JoyConState.GO_HOME,-14.175000,-13.737500,0.950000,0.091547,0.006866,0.013732,0.025176,0.000000,0.000000,0.000000,0.000000,0,0,0,0,0,0,0,0,0,0,0,0.045257568359375,-0.004302978515625,0,0,0,0,0,0,0,0,Object notstarted,Object notstarted,Object notstarted,Object notstarted,Object notstarted,Object notstarted,Object notstarted,Object notstarted,Object notstarted
2024-03-18 10:32:34,386.386,__main___datalogs,INFO,JoyConState.GO_HOME,-13.025000,-12.625000,0.872500,0.089258,0.006866,0.013732,0.020598,0.000000,0.000000,0.000000,0.000000,0,0,0,0,0,0,0,0,0,0,0,0.045257568359375,-0.004302978515625,0,0,0,0,0,0,0,0,Object notstarted,Object notstarted,Object notstarted,Object notstarted,Object notstarted,Object notstarted,Object notstarted,Object notstarted,Object notstarted
2024-03-18 10:32:34,419.419,__main___datalogs,INFO,JoyConState.GO_HOME,-11.900000,-11.537500,0.797500,0.091547,0.006866,0.013732,0.025176,0.000000,0.000000,0.000000,0.000000,0,0,0,0,0,0,0,0,0,0,0,0.045257568359375,-0.004302978515625,0,0,0,0,0,0,0,0,Object notstarted,Object notstarted,Object notstarted,Object notstarted,Object notstarted,Object notstarted,Object notstarted,Object notstarted,Object notstarted
2024-03-18 10:32:34,450.450,__main___datalogs,INFO,JoyConState.GO_HOME,-10.712500,-10.387500,0.717500,0.091547,0.002289,0.018310,0.025176,0.000000,0.000000,0.000000,0.000000,0,0,0,0,0,0,0,0,0,0,0,0.045257568359375,-0.004302978515625,0,0,0,0,0,0,0,0,Object notstarted,Object notstarted,Object notstarted,Object notstarted,Object notstarted,Object notstarted,Object notstarted,Object notstarted,Object notstarted
2024-03-18 10:32:34,483.483,__main___datalogs,INFO,JoyConState.GO_HOME,-9.600000,-9.312500,0.642500,0.089258,0.002289,0.013732,0.020598,0.000000,0.000000,0.000000,0.000000,0,0,0,0,0,0,0,0,0,0,0,0.045257568359375,-0.004302978515625,0,0,0,0,0,0,0,0,Object notstarted,Object notstarted,Object notstarted,Object notstarted,Object notstarted,Object notstarted,Object notstarted,Object notstarted,Object notstarted
2024-03-18 10:32:34,520.520,__main___datalogs,INFO,JoyConState.GO_HOME,-8.412500,-8.150000,0.562500,0.091547,0.002289,0.013732,0.020598,0.000000,0.000000,0.000000,0.000000,0,0,0,0,0,0,0,0,0,0,0,0.045257568359375,-0.004302978515625,0,0,0,0,0,0,0,0,Object notstarted,Object notstarted,Object notstarted,Object notstarted,Object notstarted,Object notstarted,Object notstarted,Object notstarted,Object notstarted
2024-03-18 10:32:34,578.578,__main___datalogs,INFO,JoyConState.GO_HOME,-6.450000,-6.250000,0.432500,0.091547,0.002289,0.013732,0.025176,0.000000,0.000000,0.000000,0.000000,0,0,0,0,0,0,0,0,0,0,0,0.045257568359375,-0.004302978515625,0,0,0,0,0,0,0,0,Object notstarted,Object notstarted,Object notstarted,Object notstarted,Object notstarted,Object notstarted,Object notstarted,Object notstarted,Object notstarted
2024-03-18 10:32:34,623.623,__main___datalogs,INFO,JoyConState.GO_HOME,-4.837500,-4.687500,0.325000,0.089258,0.002289,0.013732,0.027464,0.000000,0.000000,0.000000,0.000000,0,0,0,0,0,0,0,0,0,0,0,0.045257568359375,-0.004302978515625,0,0,0,0,0,0,0,0,Object notstarted,Object notstarted,Object notstarted,Object notstarted,Object notstarted,Object notstarted,Object notstarted,Object notstarted,Object notstarted
2024-03-18 10:32:34,660.660,__main___datalogs,INFO,JoyConState.GO_HOME,-3.437500,-3.337500,0.230000,0.089258,0.006866,0.013732,0.025176,0.000000,0.000000,0.000000,0.000000,0,0,0,0,0,0,0,0,0,0,0,0.045257568359375,-0.004302978515625,0,0,0,0,0,0,0,0,Object notstarted,Object notstarted,Object notstarted,Object notstarted,Object notstarted,Object notstarted,Object notstarted,Object notstarted,Object notstarted
2024-03-18 10:32:34,696.696,__main___datalogs,INFO,JoyConState.GO_HOME,-2.112500,-2.050000,0.142500,0.096125,0.006866,0.013732,0.025176,0.000000,0.000000,0.000000,0.000000,0,0,0,0,0,0,0,0,0,0,0,0.045257568359375,-0.004302978515625,0,0,0,0,0,0,0,0,Object notstarted,Object notstarted,Object notstarted,Object notstarted,Object notstarted,Object notstarted,Object notstarted,Object notstarted,Object notstarted
2024-03-18 10:32:34,734.734,__main___datalogs,INFO,JoyConState.GO_HOME,-0.837500,-0.812500,0.055000,0.091547,0.006866,0.013732,0.020598,0.000000,0.000000,0.000000,0.000000,0,0,0,0,0,0,0,0,0,0,0,0.045257568359375,-0.004302978515625,0,0,0,0,0,0,0,0,Object notstarted,Object notstarted,Object notstarted,Object notstarted,Object notstarted,Object notstarted,Object notstarted,Object notstarted,Object notstarted
2024-03-18 10:32:34,772.772,__main___datalogs,INFO,JoyConState.GO_HOME,-0.062500,-0.062500,0.005000,0.089258,0.006866,0.018310,0.027464,0.000000,0.000000,0.000000,0.000000,0,0,0,0,0,0,0,0,0,0,0,0.045257568359375,-0.004302978515625,0,0,0,0,0,0,0,0,Object notstarted,Object notstarted,Object notstarted,Object notstarted,Object notstarted,Object notstarted,Object notstarted,Object notstarted,Object notstarted
2024-03-18 10:32:34,808.808,__main___datalogs,INFO,JoyConState.GO_HOME,0.000000,0.000000,0.000000,0.089258,0.006866,0.013732,0.020598,0.000000,0.000000,0.000000,0.000000,0,0,0,0,0,0,0,0,0,0,0,0.045257568359375,-0.004302978515625,0,0,0,0,0,0,0,0,Object notstarted,Object notstarted,Object notstarted,Object notstarted,Object notstarted,Object notstarted,Object notstarted,Object notstarted,Object notstarted
2024-03-18 10:32:34,845.845,__main___datalogs,INFO,JoyConState.GO_HOME,0.000000,0.000000,0.000000,0.089258,0.006866,0.013732,0.020598,0.000000,0.000000,0.000000,0.000000,0,0,0,0,0,0,0,0,0,0,0,0.045257568359375,-0.004302978515625,0,0,0,0,0,0,0,0,Object notstarted,Object notstarted,Object notstarted,Object notstarted,Object notstarted,Object notstarted,Object notstarted,Object notstarted,Object notstarted
2024-03-18 10:32:34,883.883,__main___datalogs,INFO,JoyConState.GO_HOME,0.000000,0.000000,0.000000,0.089258,0.006866,0.013732,0.020598,0.000000,0.000000,0.000000,0.000000,0,0,0,0,0,0,0,0,0,0,0,0.045257568359375,-0.004302978515625,0,0,0,0,0,0,0,0,Object notstarted,Object notstarted,Object notstarted,Object notstarted,Object notstarted,Object notstarted,Object notstarted,Object notstarted,Object notstarted
2024-03-18 10:32:34,920.920,__main___datalogs,INFO,JoyConState.GO_HOME,0.000000,0.000000,0.000000,0.084681,0.006866,0.013732,0.027464,0.000000,0.000000,0.000000,0.000000,0,0,0,0,0,0,0,0,0,0,0,0.045257568359375,-0.004302978515625,0,0,0,0,0,0,0,0,Object notstarted,Object notstarted,Object notstarted,Object notstarted,Object notstarted,Object notstarted,Object notstarted,Object notstarted,Object notstarted
2024-03-18 10:32:34,957.957,__main___datalogs,INFO,JoyConState.GO_HOME,0.000000,0.000000,0.000000,0.084681,0.006866,0.013732,0.027464,0.000000,0.000000,0.000000,0.000000,0,0,0,0,0,0,0,0,0,0,0,0.045257568359375,-0.004302978515625,0,0,0,0,0,0,0,0,Object notstarted,Object notstarted,Object notstarted,Object notstarted,Object notstarted,Object notstarted,Object notstarted,Object notstarted,Object notstarted
2024-03-18 10:32:34,995.995,__main___datalogs,INFO,JoyConState.GO_HOME,0.000000,0.000000,0.000000,0.091547,0.002289,0.013732,0.025176,0.000000,0.000000,0.000000,0.000000,0,0,0,0,0,0,0,0,0,0,0,0.045257568359375,-0.004302978515625,0,0,0,0,0,0,0,0,Object notstarted,Object notstarted,Object notstarted,Object notstarted,Object notstarted,Object notstarted,Object notstarted,Object notstarted,Object notstarted
2024-03-18 10:32:35,032.032,__main___datalogs,INFO,JoyConState.GO_HOME,0.000000,0.000000,0.000000,0.091547,0.006866,0.013732,0.025176,0.000000,0.000000,0.000000,0.000000,0,0,0,0,0,0,0,0,0,0,0,0.045257568359375,-0.004302978515625,0,0,0,0,0,0,0,0,Object notstarted,Object notstarted,Object notstarted,Object notstarted,Object notstarted,Object notstarted,Object notstarted,Object notstarted,Object notstarted
2024-03-18 10:32:35,069.069,__main___datalogs,INFO,JoyConState.GO_HOME,0.000000,0.000000,0.000000,0.091547,0.006866,0.013732,0.027464,0.000000,0.000000,0.000000,0.000000,0,0,0,0,0,0,0,0,0,0,0,0.045257568359375,-0.004302978515625,0,0,0,0,0,0,0,0,Object notstarted,Object notstarted,Object notstarted,Object notstarted,Object notstarted,Object notstarted,Object notstarted,Object notstarted,Object notstarted
2024-03-18 10:32:35,107.107,__main___datalogs,INFO,JoyConState.GO_HOME,0.000000,0.000000,0.000000,0.091547,0.006866,0.013732,0.025176,0.000000,0.000000,0.000000,0.000000,0,0,0,0,0,0,0,0,0,0,0,0.045257568359375,-0.004302978515625,0,0,0,0,0,0,0,0,Object notstarted,Object notstarted,Object notstarted,Object notstarted,Object notstarted,Object notstarted,Object notstarted,Object notstarted,Object notstarted
2024-03-18 10:32:35,143.143,__main___datalogs,INFO,JoyConState.GO_HOME,0.000000,0.000000,0.000000,0.091547,0.009155,0.013732,0.020598,0.000000,0.000000,0.000000,0.000000,0,0,0,0,0,0,0,0,0,0,0,0.045257568359375,-0.004302978515625,0,0,0,0,0,0,0,0,Object notstarted,Object notstarted,Object notstarted,Object notstarted,Object notstarted,Object notstarted,Object notstarted,Object notstarted,Object notstarted
2024-03-18 10:32:35,180.180,__main___datalogs,INFO,JoyConState.GO_HOME,0.000000,0.000000,0.000000,0.091547,0.006866,0.013732,0.020598,0.000000,0.000000,0.000000,0.000000,0,0,0,0,0,0,0,0,0,0,0,0.045257568359375,-0.004302978515625,0,0,0,0,0,0,0,0,Object notstarted,Object notstarted,Object notstarted,Object notstarted,Object notstarted,Object notstarted,Object notstarted,Object notstarted,Object notstarted
2024-03-18 10:32:35,216.216,__main___datalogs,INFO,JoyConState.GO_HOME,0.000000,0.000000,0.000000,0.091547,0.006866,0.013732,0.020598,0.000000,0.000000,0.000000,0.000000,0,0,0,0,0,0,0,0,0,0,0,0.045257568359375,-0.004302978515625,0,0,0,0,0,0,0,0,Object notstarted,Object notstarted,Object notstarted,Object notstarted,Object notstarted,Object notstarted,Object notstarted,Object notstarted,Object notstarted
2024-03-18 10:32:35,254.254,__main___datalogs,INFO,JoyConState.GO_HOME,0.000000,0.000000,0.000000,0.091547,0.006866,0.013732,0.025176,0.000000,0.000000,0.000000,0.000000,0,0,0,0,0,0,0,0,0,0,0,0.045257568359375,-0.004302978515625,0,0,0,0,0,0,0,0,Object notstarted,Object notstarted,Object notstarted,Object notstarted,Object notstarted,Object notstarted,Object notstarted,Object notstarted,Object notstarted
2024-03-18 10:32:35,292.292,__main___datalogs,INFO,JoyConState.GO_HOME,0.000000,0.000000,0.000000,0.089258,0.006866,0.011443,0.025176,0.000000,0.000000,0.000000,0.000000,0,0,0,0,0,0,0,0,0,0,0,0.045257568359375,-0.004302978515625,0,0,0,0,0,0,0,0,Object notstarted,Object notstarted,Object notstarted,Object notstarted,Object notstarted,Object notstarted,Object notstarted,Object notstarted,Object notstarted
2024-03-18 10:32:35,329.329,__main___datalogs,INFO,JoyConState.GO_HOME,0.000000,0.000000,0.000000,0.091547,0.006866,0.011443,0.025176,0.000000,0.000000,0.000000,0.000000,0,0,0,0,0,0,0,0,0,0,0,0.045257568359375,-0.004302978515625,0,0,0,0,0,0,0,0,Object notstarted,Object notstarted,Object notstarted,Object notstarted,Object notstarted,Object notstarted,Object notstarted,Object notstarted,Object notstarted
2024-03-18 10:32:35,367.367,__main___datalogs,INFO,JoyConState.GO_HOME,0.000000,0.000000,0.000000,0.091547,0.002289,0.013732,0.027464,0.000000,0.000000,0.000000,0.000000,0,0,0,0,0,0,0,0,0,0,0,0.045257568359375,-0.004302978515625,0,0,0,0,0,0,0,0,Object notstarted,Object notstarted,Object notstarted,Object notstarted,Object notstarted,Object notstarted,Object notstarted,Object notstarted,Object notstarted
2024-03-18 10:32:35,403.403,__main___datalogs,INFO,JoyConState.GO_HOME,0.000000,0.000000,0.000000,0.091547,0.002289,0.013732,0.025176,0.000000,0.000000,0.000000,0.000000,0,0,0,0,0,0,0,0,0,0,0,0.045257568359375,-0.004302978515625,0,0,0,0,0,0,0,0,Object notstarted,Object notstarted,Object notstarted,Object notstarted,Object notstarted,Object notstarted,Object notstarted,Object notstarted,Object notstarted
2024-03-18 10:32:35,441.441,__main___datalogs,INFO,JoyConState.GO_HOME,0.000000,0.000000,0.000000,0.091547,0.002289,0.013732,0.025176,0.000000,0.000000,0.000000,0.000000,0,0,0,0,0,0,0,0,0,0,0,0.045257568359375,-0.004302978515625,0,0,0,0,0,0,0,0,Object notstarted,Object notstarted,Object notstarted,Object notstarted,Object notstarted,Object notstarted,Object notstarted,Object notstarted,Object notstarted
2024-03-18 10:32:35,477.477,__main___datalogs,INFO,JoyConState.GO_HOME,0.000000,0.000000,0.000000,0.091547,0.002289,0.013732,0.027464,0.000000,0.000000,0.000000,0.000000,0,0,0,0,0,0,0,0,0,0,0,0.045257568359375,-0.004302978515625,0,0,0,0,0,0,0,0,Object notstarted,Object notstarted,Object notstarted,Object notstarted,Object notstarted,Object notstarted,Object notstarted,Object notstarted,Object notstarted
2024-03-18 10:32:35,515.515,__main___datalogs,INFO,JoyConState.GO_HOME,0.000000,0.000000,0.000000,0.091547,0.006866,0.013732,0.027464,0.000000,0.000000,0.000000,0.000000,0,0,0,0,0,0,0,0,0,0,0,0.045257568359375,-0.004302978515625,0,0,0,0,0,0,0,0,Object notstarted,Object notstarted,Object notstarted,Object notstarted,Object notstarted,Object notstarted,Object notstarted,Object notstarted,Object notstarted
2024-03-18 10:32:35,551.551,__main___datalogs,INFO,JoyConState.GO_HOME,0.000000,0.000000,0.000000,0.089258,0.002289,0.011443,0.027464,0.000000,0.000000,0.000000,0.000000,0,0,0,0,0,0,0,0,0,0,0,0.045257568359375,-0.004302978515625,0,0,0,0,0,0,0,0,Object notstarted,Object notstarted,Object notstarted,Object notstarted,Object notstarted,Object notstarted,Object notstarted,Object notstarted,Object notstarted
2024-03-18 10:32:35,590.590,__main___datalogs,INFO,JoyConState.GO_HOME,0.000000,0.000000,0.000000,0.091547,0.006866,0.011443,0.020598,0.000000,0.000000,0.000000,0.000000,0,0,0,0,0,0,0,0,0,0,0,0.045257568359375,-0.004302978515625,0,0,0,0,0,0,0,0,Object notstarted,Object notstarted,Object notstarted,Object notstarted,Object notstarted,Object notstarted,Object notstarted,Object notstarted,Object notstarted
2024-03-18 10:32:35,649.649,__main___datalogs,INFO,JoyConState.GO_HOME,0.000000,0.000000,0.000000,0.091547,0.006866,0.011443,0.025176,0.000000,0.000000,0.000000,0.000000,0,0,0,0,0,0,0,0,0,0,0,0.045257568359375,-0.004302978515625,0,0,0,0,0,0,0,0,Object notstarted,Object notstarted,Object notstarted,Object notstarted,Object notstarted,Object notstarted,Object notstarted,Object notstarted,Object notstarted
2024-03-18 10:32:35,690.690,__main___datalogs,INFO,JoyConState.GO_HOME,0.000000,0.000000,0.000000,0.091547,0.006866,0.013732,0.027464,0.000000,0.000000,0.000000,0.000000,0,0,0,0,0,0,0,0,0,0,0,0.045257568359375,-0.004302978515625,0,0,0,0,0,0,0,0,Object notstarted,Object notstarted,Object notstarted,Object notstarted,Object notstarted,Object notstarted,Object notstarted,Object notstarted,Object notstarted
2024-03-18 10:32:35,727.727,__main___datalogs,INFO,JoyConState.GO_HOME,0.000000,0.000000,0.000000,0.096125,0.006866,0.013732,0.025176,0.000000,0.000000,0.000000,0.000000,0,0,0,0,0,0,0,0,0,0,0,0.045257568359375,-0.004302978515625,0,0,0,0,0,0,0,0,Object notstarted,Object notstarted,Object notstarted,Object notstarted,Object notstarted,Object notstarted,Object notstarted,Object notstarted,Object notstarted
2024-03-18 10:32:35,765.765,__main___datalogs,INFO,JoyConState.GO_HOME,0.000000,0.000000,0.000000,0.091547,0.006866,0.013732,0.027464,0.000000,0.000000,0.000000,0.000000,0,0,0,0,0,0,0,0,0,0,0,0.045257568359375,-0.004302978515625,0,0,0,0,0,0,0,0,Object notstarted,Object notstarted,Object notstarted,Object notstarted,Object notstarted,Object notstarted,Object notstarted,Object notstarted,Object notstarted
2024-03-18 10:32:35,802.802,__main___datalogs,INFO,JoyConState.GO_HOME,0.000000,0.000000,0.000000,0.091547,0.006866,0.018310,0.027464,0.000000,0.000000,0.000000,0.000000,0,0,0,0,0,0,0,0,0,0,0,0.045257568359375,-0.004302978515625,0,0,0,0,0,0,0,0,Object notstarted,Object notstarted,Object notstarted,Object notstarted,Object notstarted,Object notstarted,Object notstarted,Object notstarted,Object notstarted
2024-03-18 10:32:35,840.840,__main___datalogs,INFO,JoyConState.GO_HOME,0.000000,0.000000,0.000000,0.091547,0.006866,0.013732,0.027464,0.000000,0.000000,0.000000,0.000000,0,0,0,0,0,0,0,0,0,0,0,0.045257568359375,-0.004302978515625,0,0,0,0,0,0,0,0,Object notstarted,Object notstarted,Object notstarted,Object notstarted,Object notstarted,Object notstarted,Object notstarted,Object notstarted,Object notstarted
2024-03-18 10:32:35,882.882,__main___datalogs,INFO,JoyConState.GO_HOME,0.000000,0.000000,0.000000,0.091547,0.006866,0.013732,0.025176,0.000000,0.000000,0.000000,0.000000,0,0,0,0,0,0,0,0,0,0,0,0.045257568359375,-0.004302978515625,0,0,0,0,0,0,0,0,Object notstarted,Object notstarted,Object notstarted,Object notstarted,Object notstarted,Object notstarted,Object notstarted,Object notstarted,Object notstarted
2024-03-18 10:32:35,920.920,__main___datalogs,INFO,JoyConState.GO_HOME,0.000000,0.000000,0.000000,0.089258,0.006866,0.013732,0.025176,0.000000,0.000000,0.000000,0.000000,0,0,0,0,0,0,0,0,0,0,0,0.045257568359375,-0.004302978515625,0,0,0,0,0,0,0,0,Object notstarted,Object notstarted,Object notstarted,Object notstarted,Object notstarted,Object notstarted,Object notstarted,Object notstarted,Object notstarted
2024-03-18 10:32:35,956.956,__main___datalogs,INFO,JoyConState.GO_HOME,0.000000,0.000000,0.000000,0.089258,0.006866,0.013732,0.027464,0.000000,0.000000,0.000000,0.000000,0,0,0,0,0,0,0,0,0,0,0,0.045257568359375,-0.004302978515625,0,0,0,0,0,0,0,0,Object notstarted,Object notstarted,Object notstarted,Object notstarted,Object notstarted,Object notstarted,Object notstarted,Object notstarted,Object notstarted
2024-03-18 10:32:35,996.996,__main___datalogs,INFO,JoyConState.GO_HOME,0.000000,0.000000,0.000000,0.089258,0.006866,0.018310,0.020598,0.000000,0.000000,0.000000,0.000000,0,0,0,0,0,0,0,0,0,0,0,0.045257568359375,-0.004302978515625,0,0,0,0,0,0,0,0,Object notstarted,Object notstarted,Object notstarted,Object notstarted,Object notstarted,Object notstarted,Object notstarted,Object notstarted,Object notstarted
2024-03-18 10:32:36,032.032,__main___datalogs,INFO,JoyConState.GO_HOME,0.000000,0.000000,0.000000,0.089258,0.006866,0.013732,0.020598,0.000000,0.000000,0.000000,0.000000,0,0,0,0,0,0,0,0,0,0,0,0.045257568359375,-0.004302978515625,0,0,0,0,0,0,0,0,Object notstarted,Object notstarted,Object notstarted,Object notstarted,Object notstarted,Object notstarted,Object notstarted,Object notstarted,Object notstarted
2024-03-18 10:32:36,069.069,__main___datalogs,INFO,JoyConState.GO_HOME,0.000000,0.000000,0.000000,0.089258,0.006866,0.013732,0.025176,0.000000,0.000000,0.000000,0.000000,0,0,0,0,0,0,0,0,0,0,0,0.045257568359375,-0.004302978515625,0,0,0,0,0,0,0,0,Object notstarted,Object notstarted,Object notstarted,Object notstarted,Object notstarted,Object notstarted,Object notstarted,Object notstarted,Object notstarted
2024-03-18 10:32:36,106.106,__main___datalogs,INFO,JoyConState.GO_HOME,0.000000,0.000000,0.000000,0.089258,0.006866,0.013732,0.027464,0.000000,0.000000,0.000000,0.000000,0,0,0,0,0,0,0,0,0,0,0,0.045257568359375,-0.004302978515625,0,0,0,0,0,0,0,0,Object notstarted,Object notstarted,Object notstarted,Object notstarted,Object notstarted,Object notstarted,Object notstarted,Object notstarted,Object notstarted
2024-03-18 10:32:36,143.143,__main___datalogs,INFO,JoyConState.GO_HOME,0.000000,0.000000,0.000000,0.089258,0.006866,0.013732,0.025176,0.000000,0.000000,0.000000,0.000000,0,0,0,0,0,0,0,0,0,0,0,0.045257568359375,-0.004302978515625,0,0,0,0,0,0,0,0,Object notstarted,Object notstarted,Object notstarted,Object notstarted,Object notstarted,Object notstarted,Object notstarted,Object notstarted,Object notstarted
2024-03-18 10:32:36,180.180,__main___datalogs,INFO,JoyConState.GO_HOME,0.000000,0.000000,0.000000,0.084681,0.006866,0.013732,0.027464,0.000000,0.000000,0.000000,0.000000,0,0,0,0,0,0,0,0,0,0,0,0.045257568359375,-0.004302978515625,0,0,0,0,0,0,0,0,Object notstarted,Object notstarted,Object notstarted,Object notstarted,Object notstarted,Object notstarted,Object notstarted,Object notstarted,Object notstarted
2024-03-18 10:32:36,216.216,__main___datalogs,INFO,JoyConState.GO_HOME,0.000000,0.000000,0.000000,0.084681,0.006866,0.013732,0.025176,0.000000,0.000000,0.000000,0.000000,0,0,0,0,0,0,0,0,0,0,0,0.045257568359375,-0.004302978515625,0,0,0,0,0,0,0,0,Object notstarted,Object notstarted,Object notstarted,Object notstarted,Object notstarted,Object notstarted,Object notstarted,Object notstarted,Object notstarted
2024-03-18 10:32:36,254.254,__main___datalogs,INFO,JoyConState.GO_HOME,0.000000,0.000000,0.000000,0.089258,0.006866,0.011443,0.025176,0.000000,0.000000,0.000000,0.000000,0,0,0,0,0,0,0,0,0,0,0,0.045257568359375,-0.004302978515625,0,0,0,0,0,0,0,0,Object notstarted,Object notstarted,Object notstarted,Object notstarted,Object notstarted,Object notstarted,Object notstarted,Object notstarted,Object notstarted
2024-03-18 10:32:36,291.291,__main___datalogs,INFO,JoyConState.GO_HOME,0.000000,0.000000,0.000000,0.084681,0.006866,0.011443,0.025176,0.000000,0.000000,0.000000,0.000000,0,0,0,0,0,0,0,0,0,0,0,0.045257568359375,-0.004302978515625,0,0,0,0,0,0,0,0,Object notstarted,Object notstarted,Object notstarted,Object notstarted,Object notstarted,Object notstarted,Object notstarted,Object notstarted,Object notstarted
2024-03-18 10:32:36,327.327,__main___datalogs,INFO,JoyConState.GO_HOME,0.000000,0.000000,0.000000,0.091547,0.006866,0.013732,0.025176,0.000000,0.000000,0.000000,0.000000,0,0,0,0,0,0,0,0,0,0,0,0.045257568359375,-0.004302978515625,0,0,0,0,0,0,0,0,Object notstarted,Object notstarted,Object notstarted,Object notstarted,Object notstarted,Object notstarted,Object notstarted,Object notstarted,Object notstarted
2024-03-18 10:32:36,365.365,__main___datalogs,INFO,JoyConState.GO_HOME,0.000000,0.000000,0.000000,0.091547,0.009155,0.013732,0.027464,0.000000,0.000000,0.000000,0.000000,0,0,0,0,0,0,0,0,0,0,0,0.045257568359375,-0.004302978515625,0,0,0,0,0,0,0,0,Object notstarted,Object notstarted,Object notstarted,Object notstarted,Object notstarted,Object notstarted,Object notstarted,Object notstarted,Object notstarted
2024-03-18 10:32:36,402.402,__main___datalogs,INFO,JoyConState.GO_HOME,0.000000,0.000000,0.000000,0.091547,0.006866,0.013732,0.027464,0.000000,0.000000,0.000000,0.000000,0,0,0,0,0,0,0,0,0,0,0,0.045257568359375,-0.004302978515625,0,0,0,0,0,0,0,0,Object notstarted,Object notstarted,Object notstarted,Object notstarted,Object notstarted,Object notstarted,Object notstarted,Object notstarted,Object notstarted
2024-03-18 10:32:36,439.439,__main___datalogs,INFO,JoyConState.GO_HOME,0.000000,0.000000,0.000000,0.091547,0.006866,0.013732,0.027464,0.000000,0.000000,0.000000,0.000000,0,0,0,0,0,0,0,0,0,0,0,0.045257568359375,-0.004302978515625,0,0,0,0,0,0,0,0,Object notstarted,Object notstarted,Object notstarted,Object notstarted,Object notstarted,Object notstarted,Object notstarted,Object notstarted,Object notstarted
2024-03-18 10:32:36,475.475,__main___datalogs,INFO,JoyConState.GO_HOME,0.000000,0.000000,0.000000,0.091547,0.002289,0.013732,0.027464,0.000000,0.000000,0.000000,0.000000,0,0,0,0,0,0,0,0,0,0,0,0.045257568359375,-0.004302978515625,0,0,0,0,0,0,0,0,Object notstarted,Object notstarted,Object notstarted,Object notstarted,Object notstarted,Object notstarted,Object notstarted,Object notstarted,Object notstarted
2024-03-18 10:32:36,512.512,__main___datalogs,INFO,JoyConState.GO_HOME,0.000000,0.000000,0.000000,0.091547,0.006866,0.013732,0.027464,0.000000,0.000000,0.000000,0.000000,0,0,0,0,0,0,0,0,0,0,0,0.045257568359375,-0.004302978515625,0,0,0,0,0,0,0,0,Object notstarted,Object notstarted,Object notstarted,Object notstarted,Object notstarted,Object notstarted,Object notstarted,Object notstarted,Object notstarted
2024-03-18 10:32:36,550.550,__main___datalogs,INFO,JoyConState.GO_HOME,0.000000,0.000000,0.000000,0.091547,0.006866,0.013732,0.027464,0.000000,0.000000,0.000000,0.000000,0,0,0,0,0,0,0,0,0,0,0,0.045257568359375,-0.004302978515625,0,0,0,0,0,0,0,0,Object notstarted,Object notstarted,Object notstarted,Object notstarted,Object notstarted,Object notstarted,Object notstarted,Object notstarted,Object notstarted
2024-03-18 10:32:36,586.586,__main___datalogs,INFO,JoyConState.GO_HOME,0.000000,0.000000,0.000000,0.089258,0.006866,0.013732,0.027464,0.000000,0.000000,0.000000,0.000000,0,0,0,0,0,0,0,0,0,0,0,0.045257568359375,-0.004302978515625,0,0,0,0,0,0,0,0,Object notstarted,Object notstarted,Object notstarted,Object notstarted,Object notstarted,Object notstarted,Object notstarted,Object notstarted,Object notstarted
2024-03-18 10:32:36,618.618,__main___datalogs,INFO,JoyConState.GO_HOME,0.000000,0.000000,0.000000,0.089258,0.006866,0.011443,0.025176,0.000000,0.000000,0.000000,0.000000,0,0,0,0,0,0,0,0,0,0,0,0.045257568359375,-0.004302978515625,0,0,0,0,0,0,0,0,Object notstarted,Object notstarted,Object notstarted,Object notstarted,Object notstarted,Object notstarted,Object notstarted,Object notstarted,Object notstarted
2024-03-18 10:32:36,655.655,__main___datalogs,INFO,JoyConState.GO_HOME,0.000000,0.000000,0.000000,0.091547,0.006866,0.004577,0.027464,0.000000,0.000000,0.000000,0.000000,0,0,0,0,0,0,0,0,0,0,0,0.045257568359375,-0.004302978515625,0,0,0,0,0,0,0,0,Object notstarted,Object notstarted,Object notstarted,Object notstarted,Object notstarted,Object notstarted,Object notstarted,Object notstarted,Object notstarted
2024-03-18 10:32:36,701.701,__main___datalogs,INFO,JoyConState.GO_HOME,0.000000,0.000000,0.000000,0.089258,0.006866,0.011443,0.020598,0.000000,0.000000,0.000000,0.000000,0,0,0,0,0,0,0,0,0,0,0,0.045257568359375,-0.004302978515625,0,0,0,0,0,0,0,0,Object notstarted,Object notstarted,Object notstarted,Object notstarted,Object notstarted,Object notstarted,Object notstarted,Object notstarted,Object notstarted
2024-03-18 10:32:36,745.745,__main___datalogs,INFO,JoyConState.GO_HOME,0.000000,0.000000,0.000000,0.089258,0.006866,0.013732,0.025176,0.000000,0.000000,0.000000,0.000000,0,0,0,0,0,0,0,0,0,0,0,0.045257568359375,-0.004302978515625,0,0,0,0,0,0,0,0,Object notstarted,Object notstarted,Object notstarted,Object notstarted,Object notstarted,Object notstarted,Object notstarted,Object notstarted,Object notstarted
2024-03-18 10:32:36,781.781,__main___datalogs,INFO,JoyConState.GO_HOME,0.000000,0.000000,0.000000,0.091547,0.006866,0.013732,0.020598,0.000000,0.000000,0.000000,0.000000,0,0,0,0,0,0,0,0,0,0,0,0.045257568359375,-0.004302978515625,0,0,0,0,0,0,0,0,Object notstarted,Object notstarted,Object notstarted,Object notstarted,Object notstarted,Object notstarted,Object notstarted,Object notstarted,Object notstarted
2024-03-18 10:32:36,818.818,__main___datalogs,INFO,JoyConState.GO_HOME,0.000000,0.000000,0.000000,0.091547,0.006866,0.011443,0.020598,0.000000,0.000000,0.000000,0.000000,0,0,0,0,0,0,0,0,0,0,0,0.045257568359375,-0.004302978515625,0,0,0,0,0,0,0,0,Object notstarted,Object notstarted,Object notstarted,Object notstarted,Object notstarted,Object notstarted,Object notstarted,Object notstarted,Object notstarted
2024-03-18 10:32:36,855.855,__main___datalogs,INFO,JoyConState.GO_HOME,0.000000,0.000000,0.000000,0.089258,0.006866,0.011443,0.025176,0.000000,0.000000,0.000000,0.000000,0,0,0,0,0,0,0,0,0,0,0,0.045257568359375,-0.004302978515625,0,0,0,0,0,0,0,0,Object notstarted,Object notstarted,Object notstarted,Object notstarted,Object notstarted,Object notstarted,Object notstarted,Object notstarted,Object notstarted
2024-03-18 10:32:36,892.892,__main___datalogs,INFO,JoyConState.GO_HOME,0.000000,0.000000,0.000000,0.089258,0.002289,0.013732,0.025176,0.000000,0.000000,0.000000,0.000000,0,0,0,0,0,0,0,0,0,0,0,0.045257568359375,-0.004302978515625,0,0,0,0,0,0,0,0,Object notstarted,Object notstarted,Object notstarted,Object notstarted,Object notstarted,Object notstarted,Object notstarted,Object notstarted,Object notstarted
2024-03-18 10:32:36,928.928,__main___datalogs,INFO,JoyConState.GO_HOME,0.000000,0.000000,0.000000,0.091547,0.002289,0.013732,0.027464,0.000000,0.000000,0.000000,0.000000,0,0,0,0,0,0,0,0,0,0,0,0.045257568359375,-0.004302978515625,0,0,0,0,0,0,0,0,Object notstarted,Object notstarted,Object notstarted,Object notstarted,Object notstarted,Object notstarted,Object notstarted,Object notstarted,Object notstarted
2024-03-18 10:32:36,966.966,__main___datalogs,INFO,JoyConState.GO_HOME,0.000000,0.000000,0.000000,0.091547,0.002289,0.013732,0.027464,0.000000,0.000000,0.000000,0.000000,0,0,0,0,0,0,0,0,0,0,0,0.045257568359375,-0.004302978515625,0,0,0,0,0,0,0,0,Object notstarted,Object notstarted,Object notstarted,Object notstarted,Object notstarted,Object notstarted,Object notstarted,Object notstarted,Object notstarted
2024-03-18 10:32:37,003.003,__main___datalogs,INFO,JoyConState.GO_HOME,0.000000,0.000000,0.000000,0.091547,0.002289,0.013732,0.025176,0.000000,0.000000,0.000000,0.000000,0,0,0,0,0,0,0,0,0,0,0,0.045257568359375,-0.004302978515625,0,0,0,0,0,0,0,0,Object notstarted,Object notstarted,Object notstarted,Object notstarted,Object notstarted,Object notstarted,Object notstarted,Object notstarted,Object notstarted
2024-03-18 10:32:37,039.039,__main___datalogs,INFO,JoyConState.GO_HOME,0.000000,0.000000,0.000000,0.089258,0.002289,0.013732,0.027464,0.000000,0.000000,0.000000,0.000000,0,0,0,0,0,0,0,0,0,0,0,0.045257568359375,-0.004302978515625,0,0,0,0,0,0,0,0,Object notstarted,Object notstarted,Object notstarted,Object notstarted,Object notstarted,Object notstarted,Object notstarted,Object notstarted,Object notstarted
2024-03-18 10:32:37,077.077,__main___datalogs,INFO,JoyConState.GO_HOME,0.000000,0.000000,0.000000,0.091547,0.002289,0.013732,0.020598,0.000000,0.000000,0.000000,0.000000,0,0,0,0,0,0,0,0,0,0,0,0.045257568359375,-0.004302978515625,0,0,0,0,0,0,0,0,Object notstarted,Object notstarted,Object notstarted,Object notstarted,Object notstarted,Object notstarted,Object notstarted,Object notstarted,Object notstarted
2024-03-18 10:32:37,115.115,__main___datalogs,INFO,JoyConState.GO_HOME,0.000000,0.000000,0.000000,0.089258,0.002289,0.013732,0.025176,0.000000,0.000000,0.000000,0.000000,0,0,0,0,0,0,0,0,0,0,0,0.045257568359375,-0.004302978515625,0,0,0,0,0,0,0,0,Object notstarted,Object notstarted,Object notstarted,Object notstarted,Object notstarted,Object notstarted,Object notstarted,Object notstarted,Object notstarted
2024-03-18 10:32:37,152.152,__main___datalogs,INFO,JoyConState.GO_HOME,0.000000,0.000000,0.000000,0.089258,0.006866,0.011443,0.020598,0.000000,0.000000,0.000000,0.000000,0,0,0,0,0,0,0,0,0,0,0,0.045257568359375,-0.004302978515625,0,0,0,0,0,0,0,0,Object notstarted,Object notstarted,Object notstarted,Object notstarted,Object notstarted,Object notstarted,Object notstarted,Object notstarted,Object notstarted
2024-03-18 10:32:37,189.189,__main___datalogs,INFO,JoyConState.GO_HOME,0.000000,0.000000,0.000000,0.089258,0.002289,0.013732,0.027464,0.000000,0.000000,0.000000,0.000000,0,0,0,0,0,0,0,0,0,0,0,0.045257568359375,-0.004302978515625,0,0,0,0,0,0,0,0,Object notstarted,Object notstarted,Object notstarted,Object notstarted,Object notstarted,Object notstarted,Object notstarted,Object notstarted,Object notstarted
2024-03-18 10:32:37,225.225,__main___datalogs,INFO,JoyConState.GO_HOME,0.000000,0.000000,0.000000,0.089258,0.002289,0.013732,0.025176,0.000000,0.000000,0.000000,0.000000,0,0,0,0,0,0,0,0,0,0,0,0.045257568359375,-0.004302978515625,0,0,0,0,0,0,0,0,Object notstarted,Object notstarted,Object notstarted,Object notstarted,Object notstarted,Object notstarted,Object notstarted,Object notstarted,Object notstarted
2024-03-18 10:32:37,262.262,__main___datalogs,INFO,JoyConState.GO_HOME,0.000000,0.000000,0.000000,0.091547,0.002289,0.013732,0.025176,0.000000,0.000000,0.000000,0.000000,0,0,0,0,0,0,0,0,0,0,0,0.045257568359375,-0.004302978515625,0,0,0,0,0,0,0,0,Object notstarted,Object notstarted,Object notstarted,Object notstarted,Object notstarted,Object notstarted,Object notstarted,Object notstarted,Object notstarted
2024-03-18 10:32:37,300.300,__main___datalogs,INFO,JoyConState.GO_HOME,0.000000,0.000000,0.000000,0.091547,0.006866,0.013732,0.027464,0.000000,0.000000,0.000000,0.000000,0,0,0,0,0,0,0,0,0,0,0,0.045257568359375,-0.004302978515625,0,0,0,0,0,0,0,0,Object notstarted,Object notstarted,Object notstarted,Object notstarted,Object notstarted,Object notstarted,Object notstarted,Object notstarted,Object notstarted
2024-03-18 10:32:37,338.338,__main___datalogs,INFO,JoyConState.GO_HOME,0.000000,0.000000,0.000000,0.089258,0.006866,0.013732,0.025176,0.000000,0.000000,0.000000,0.000000,0,0,0,0,0,0,0,0,0,0,0,0.045257568359375,-0.004302978515625,0,0,0,0,0,0,0,0,Object notstarted,Object notstarted,Object notstarted,Object notstarted,Object notstarted,Object notstarted,Object notstarted,Object notstarted,Object notstarted
2024-03-18 10:32:37,373.373,__main___datalogs,INFO,JoyConState.GO_HOME,0.000000,0.000000,0.000000,0.084681,0.006866,0.013732,0.025176,0.000000,0.000000,0.000000,0.000000,0,0,0,0,0,0,0,0,0,0,0,0.045257568359375,-0.004302978515625,0,0,0,0,0,0,0,0,Object notstarted,Object notstarted,Object notstarted,Object notstarted,Object notstarted,Object notstarted,Object notstarted,Object notstarted,Object notstarted
2024-03-18 10:32:37,410.410,__main___datalogs,INFO,JoyConState.GO_HOME,0.000000,0.000000,0.000000,0.089258,0.006866,0.013732,0.027464,0.000000,0.000000,0.000000,0.000000,0,0,0,0,0,0,0,0,0,0,0,0.045257568359375,-0.004302978515625,0,0,0,0,0,0,0,0,Object notstarted,Object notstarted,Object notstarted,Object notstarted,Object notstarted,Object notstarted,Object notstarted,Object notstarted,Object notstarted
2024-03-18 10:32:37,442.442,__main___datalogs,INFO,JoyConState.GO_HOME,0.000000,0.000000,0.000000,0.091547,0.002289,0.013732,0.027464,0.000000,0.000000,0.000000,0.000000,0,0,0,0,0,0,0,0,0,0,0,0.045257568359375,-0.004302978515625,0,0,0,0,0,0,0,0,Object notstarted,Object notstarted,Object notstarted,Object notstarted,Object notstarted,Object notstarted,Object notstarted,Object notstarted,Object notstarted
2024-03-18 10:32:37,474.474,__main___datalogs,INFO,JoyConState.GO_HOME,0.000000,0.000000,0.000000,0.091547,0.002289,0.011443,0.027464,0.000000,0.000000,0.000000,0.000000,0,0,0,0,0,0,0,0,0,0,0,0.045257568359375,-0.004302978515625,0,0,0,0,0,0,0,0,Object notstarted,Object notstarted,Object notstarted,Object notstarted,Object notstarted,Object notstarted,Object notstarted,Object notstarted,Object notstarted
2024-03-18 10:32:37,506.506,__main___datalogs,INFO,JoyConState.GO_HOME,0.000000,0.000000,0.000000,0.091547,0.002289,0.011443,0.027464,0.000000,0.000000,0.000000,0.000000,0,0,0,0,0,0,0,0,0,0,0,0.045257568359375,-0.004302978515625,0,0,0,0,0,0,0,0,Object notstarted,Object notstarted,Object notstarted,Object notstarted,Object notstarted,Object notstarted,Object notstarted,Object notstarted,Object notstarted
2024-03-18 10:32:37,538.538,__main___datalogs,INFO,JoyConState.GO_HOME,0.000000,0.000000,0.000000,0.089258,0.002289,0.011443,0.025176,0.000000,0.000000,0.000000,0.000000,0,0,0,0,0,0,0,0,0,0,0,0.045257568359375,-0.004302978515625,0,0,0,0,0,0,0,0,Object notstarted,Object notstarted,Object notstarted,Object notstarted,Object notstarted,Object notstarted,Object notstarted,Object notstarted,Object notstarted
2024-03-18 10:32:37,570.570,__main___datalogs,INFO,JoyConState.GO_HOME,0.000000,0.000000,0.000000,0.089258,-0.002289,0.013732,0.027464,0.000000,0.000000,0.000000,0.000000,0,0,0,0,0,0,0,0,0,0,0,0.045257568359375,-0.004302978515625,0,0,0,0,0,0,0,0,Object notstarted,Object notstarted,Object notstarted,Object notstarted,Object notstarted,Object notstarted,Object notstarted,Object notstarted,Object notstarted
2024-03-18 10:32:37,602.602,__main___datalogs,INFO,JoyConState.GO_HOME,0.000000,0.000000,0.000000,0.089258,0.002289,0.013732,0.025176,0.000000,0.000000,0.000000,0.000000,0,0,0,0,0,0,0,0,0,0,0,0.045257568359375,-0.004302978515625,0,0,0,0,0,0,0,0,Object notstarted,Object notstarted,Object notstarted,Object notstarted,Object notstarted,Object notstarted,Object notstarted,Object notstarted,Object notstarted
2024-03-18 10:32:37,634.634,__main___datalogs,INFO,JoyConState.GO_HOME,0.000000,0.000000,0.000000,0.089258,0.002289,0.013732,0.027464,0.000000,0.000000,0.000000,0.000000,0,0,0,0,0,0,0,0,0,0,0,0.045257568359375,-0.004302978515625,0,0,0,0,0,0,0,0,Object notstarted,Object notstarted,Object notstarted,Object notstarted,Object notstarted,Object notstarted,Object notstarted,Object notstarted,Object notstarted
2024-03-18 10:32:37,666.666,__main___datalogs,INFO,JoyConState.GO_HOME,0.000000,0.000000,0.000000,0.091547,0.006866,0.013732,0.025176,0.000000,0.000000,0.000000,0.000000,0,0,0,0,0,0,0,0,0,0,0,0.045257568359375,-0.004302978515625,0,0,0,0,0,0,0,0,Object notstarted,Object notstarted,Object notstarted,Object notstarted,Object notstarted,Object notstarted,Object notstarted,Object notstarted,Object notstarted
2024-03-18 10:32:37,698.698,__main___datalogs,INFO,JoyConState.GO_HOME,0.000000,0.000000,0.000000,0.091547,0.006866,0.013732,0.025176,0.000000,0.000000,0.000000,0.000000,0,0,0,0,0,0,0,0,0,0,0,0.045257568359375,-0.004302978515625,0,0,0,0,0,0,0,0,Object notstarted,Object notstarted,Object notstarted,Object notstarted,Object notstarted,Object notstarted,Object notstarted,Object notstarted,Object notstarted
2024-03-18 10:32:37,729.729,__main___datalogs,INFO,JoyConState.GO_HOME,0.000000,0.000000,0.000000,0.091547,0.006866,0.013732,0.020598,0.000000,0.000000,0.000000,0.000000,0,0,0,0,0,0,0,0,0,0,0,0.045257568359375,-0.004302978515625,0,0,0,0,0,0,0,0,Object notstarted,Object notstarted,Object notstarted,Object notstarted,Object notstarted,Object notstarted,Object notstarted,Object notstarted,Object notstarted
2024-03-18 10:32:37,769.769,__main___datalogs,INFO,JoyConState.GO_HOME,0.000000,0.000000,0.000000,0.089258,0.006866,0.013732,0.020598,0.000000,0.000000,0.000000,0.000000,0,0,0,0,0,0,0,0,0,0,0,0.045257568359375,-0.004302978515625,0,0,0,0,0,0,0,0,Object notstarted,Object notstarted,Object notstarted,Object notstarted,Object notstarted,Object notstarted,Object notstarted,Object notstarted,Object notstarted
2024-03-18 10:32:37,814.814,__main___datalogs,INFO,JoyConState.GO_HOME,0.000000,0.000000,0.000000,0.089258,0.006866,0.011443,0.020598,0.000000,0.000000,0.000000,0.000000,0,0,0,0,0,0,0,0,0,0,0,0.045257568359375,-0.004302978515625,0,0,0,0,0,0,0,0,Object notstarted,Object notstarted,Object notstarted,Object notstarted,Object notstarted,Object notstarted,Object notstarted,Object notstarted,Object notstarted
2024-03-18 10:32:37,851.851,__main___datalogs,INFO,JoyConState.GO_HOME,0.000000,0.000000,0.000000,0.091547,0.009155,0.013732,0.016021,0.000000,0.000000,0.000000,0.000000,0,0,0,0,0,0,0,0,0,0,0,0.045257568359375,-0.004302978515625,0,0,0,0,0,0,0,0,Object notstarted,Object notstarted,Object notstarted,Object notstarted,Object notstarted,Object notstarted,Object notstarted,Object notstarted,Object notstarted
2024-03-18 10:32:37,889.889,__main___datalogs,INFO,JoyConState.GO_HOME,0.000000,0.000000,0.000000,0.091547,0.006866,0.013732,0.025176,0.000000,0.000000,0.000000,0.000000,0,0,0,0,0,0,0,0,0,0,0,0.045257568359375,-0.004302978515625,0,0,0,0,0,0,0,0,Object notstarted,Object notstarted,Object notstarted,Object notstarted,Object notstarted,Object notstarted,Object notstarted,Object notstarted,Object notstarted
2024-03-18 10:32:37,925.925,__main___datalogs,INFO,JoyConState.GO_HOME,0.000000,0.000000,0.000000,0.091547,0.006866,0.013732,0.025176,0.000000,0.000000,0.000000,0.000000,0,0,0,0,0,0,0,0,0,0,0,0.045257568359375,-0.004302978515625,0,0,0,0,0,0,0,0,Object notstarted,Object notstarted,Object notstarted,Object notstarted,Object notstarted,Object notstarted,Object notstarted,Object notstarted,Object notstarted
2024-03-18 10:32:37,963.963,__main___datalogs,INFO,JoyConState.GO_HOME,0.000000,0.000000,0.000000,0.091547,0.009155,0.013732,0.025176,0.000000,0.000000,0.000000,0.000000,0,0,0,0,0,0,0,0,0,0,0,0.045257568359375,-0.004302978515625,0,0,0,0,0,0,0,0,Object notstarted,Object notstarted,Object notstarted,Object notstarted,Object notstarted,Object notstarted,Object notstarted,Object notstarted,Object notstarted
2024-03-18 10:32:37,999.999,__main___datalogs,INFO,JoyConState.GO_HOME,0.000000,0.000000,0.000000,0.091547,0.006866,0.013732,0.025176,0.000000,0.000000,0.000000,0.000000,0,0,0,0,0,0,0,0,0,0,0,0.045257568359375,-0.004302978515625,0,0,0,0,0,0,0,0,Object notstarted,Object notstarted,Object notstarted,Object notstarted,Object notstarted,Object notstarted,Object notstarted,Object notstarted,Object notstarted
2024-03-18 10:32:38,037.037,__main___datalogs,INFO,JoyConState.GO_HOME,0.000000,0.000000,0.000000,0.091547,0.006866,0.013732,0.025176,0.000000,0.000000,0.000000,0.000000,0,0,0,0,0,0,0,0,0,0,0,0.045257568359375,-0.004302978515625,0,0,0,0,0,0,0,0,Object notstarted,Object notstarted,Object notstarted,Object notstarted,Object notstarted,Object notstarted,Object notstarted,Object notstarted,Object notstarted
2024-03-18 10:32:38,073.073,__main___datalogs,INFO,JoyConState.GO_HOME,0.000000,0.000000,0.000000,0.091547,0.006866,0.013732,0.025176,0.000000,0.000000,0.000000,0.000000,0,0,0,0,0,0,0,0,0,0,0,0.045257568359375,-0.004302978515625,0,0,0,0,0,0,0,0,Object notstarted,Object notstarted,Object notstarted,Object notstarted,Object notstarted,Object notstarted,Object notstarted,Object notstarted,Object notstarted
2024-03-18 10:32:38,110.110,__main___datalogs,INFO,JoyConState.GO_HOME,0.000000,0.000000,0.000000,0.091547,0.006866,0.013732,0.025176,0.000000,0.000000,0.000000,0.000000,0,0,0,0,0,0,0,0,0,0,0,0.045257568359375,-0.004302978515625,0,0,0,0,0,0,0,0,Object notstarted,Object notstarted,Object notstarted,Object notstarted,Object notstarted,Object notstarted,Object notstarted,Object notstarted,Object notstarted
2024-03-18 10:32:38,149.149,__main___datalogs,INFO,JoyConState.GO_HOME,0.000000,0.000000,0.000000,0.091547,0.006866,0.013732,0.025176,0.000000,0.000000,0.000000,0.000000,0,0,0,0,0,0,0,0,0,0,0,0.045257568359375,-0.004302978515625,0,0,0,0,0,0,0,0,Object notstarted,Object notstarted,Object notstarted,Object notstarted,Object notstarted,Object notstarted,Object notstarted,Object notstarted,Object notstarted
2024-03-18 10:32:38,186.186,__main___datalogs,INFO,JoyConState.GO_HOME,0.000000,0.000000,0.000000,0.091547,0.009155,0.013732,0.020598,0.000000,0.000000,0.000000,0.000000,0,0,0,0,0,0,0,0,0,0,0,0.045257568359375,-0.004302978515625,0,0,0,0,0,0,0,0,Object notstarted,Object notstarted,Object notstarted,Object notstarted,Object notstarted,Object notstarted,Object notstarted,Object notstarted,Object notstarted
2024-03-18 10:32:38,223.223,__main___datalogs,INFO,JoyConState.GO_HOME,0.000000,0.000000,0.000000,0.091547,0.006866,0.013732,0.020598,0.000000,0.000000,0.000000,0.000000,0,0,0,0,0,0,0,0,0,0,0,0.045257568359375,-0.004302978515625,0,0,0,0,0,0,0,0,Object notstarted,Object notstarted,Object notstarted,Object notstarted,Object notstarted,Object notstarted,Object notstarted,Object notstarted,Object notstarted
2024-03-18 10:32:38,259.259,__main___datalogs,INFO,JoyConState.GO_HOME,0.000000,0.000000,0.000000,0.091547,0.006866,0.013732,0.025176,0.000000,0.000000,0.000000,0.000000,0,0,0,0,0,0,0,0,0,0,0,0.045257568359375,-0.004302978515625,0,0,0,0,0,0,0,0,Object notstarted,Object notstarted,Object notstarted,Object notstarted,Object notstarted,Object notstarted,Object notstarted,Object notstarted,Object notstarted
2024-03-18 10:32:38,296.296,__main___datalogs,INFO,JoyConState.GO_HOME,0.000000,0.000000,0.000000,0.091547,0.002289,0.013732,0.025176,0.000000,0.000000,0.000000,0.000000,0,0,0,0,0,0,0,0,0,0,0,0.045257568359375,-0.004302978515625,0,0,0,0,0,0,0,0,Object notstarted,Object notstarted,Object notstarted,Object notstarted,Object notstarted,Object notstarted,Object notstarted,Object notstarted,Object notstarted
2024-03-18 10:32:38,332.332,__main___datalogs,INFO,JoyConState.GO_HOME,0.000000,0.000000,0.000000,0.091547,0.002289,0.013732,0.027464,0.000000,0.000000,0.000000,0.000000,0,0,0,0,0,0,0,0,0,0,0,0.045257568359375,-0.004302978515625,0,0,0,0,0,0,0,0,Object notstarted,Object notstarted,Object notstarted,Object notstarted,Object notstarted,Object notstarted,Object notstarted,Object notstarted,Object notstarted
2024-03-18 10:32:38,370.370,__main___datalogs,INFO,JoyConState.GO_HOME,0.000000,0.000000,0.000000,0.089258,0.002289,0.018310,0.020598,0.000000,0.000000,0.000000,0.000000,0,0,0,0,0,0,0,0,0,0,0,0.045257568359375,-0.004302978515625,0,0,0,0,0,0,0,0,Object notstarted,Object notstarted,Object notstarted,Object notstarted,Object notstarted,Object notstarted,Object notstarted,Object notstarted,Object notstarted
2024-03-18 10:32:38,408.408,__main___datalogs,INFO,JoyConState.GO_HOME,0.000000,0.000000,0.000000,0.089258,0.002289,0.013732,0.025176,0.000000,0.000000,0.000000,0.000000,0,0,0,0,0,0,0,0,0,0,0,0.045257568359375,-0.004302978515625,0,0,0,0,0,0,0,0,Object notstarted,Object notstarted,Object notstarted,Object notstarted,Object notstarted,Object notstarted,Object notstarted,Object notstarted,Object notstarted
2024-03-18 10:32:38,444.444,__main___datalogs,INFO,JoyConState.GO_HOME,0.000000,0.000000,0.000000,0.084681,0.002289,0.013732,0.025176,0.000000,0.000000,0.000000,0.000000,0,0,0,0,0,0,0,0,0,0,0,0.045257568359375,-0.004302978515625,0,0,0,0,0,0,0,0,Object notstarted,Object notstarted,Object notstarted,Object notstarted,Object notstarted,Object notstarted,Object notstarted,Object notstarted,Object notstarted
2024-03-18 10:32:38,481.481,__main___datalogs,INFO,JoyConState.GO_HOME,0.000000,0.000000,0.000000,0.091547,0.002289,0.013732,0.027464,0.000000,0.000000,0.000000,0.000000,0,0,0,0,0,0,0,0,0,0,0,0.045257568359375,-0.004302978515625,0,0,0,0,0,0,0,0,Object notstarted,Object notstarted,Object notstarted,Object notstarted,Object notstarted,Object notstarted,Object notstarted,Object notstarted,Object notstarted
2024-03-18 10:32:38,519.519,__main___datalogs,INFO,JoyConState.GO_HOME,0.000000,0.000000,0.000000,0.091547,0.002289,0.013732,0.027464,0.000000,0.000000,0.000000,0.000000,0,0,0,0,0,0,0,0,0,0,0,0.045257568359375,-0.004302978515625,0,0,0,0,0,0,0,0,Object notstarted,Object notstarted,Object notstarted,Object notstarted,Object notstarted,Object notstarted,Object notstarted,Object notstarted,Object notstarted
2024-03-18 10:32:38,555.555,__main___datalogs,INFO,JoyConState.GO_HOME,0.000000,0.000000,0.000000,0.091547,0.002289,0.013732,0.025176,0.000000,0.000000,0.000000,0.000000,0,0,0,0,0,0,0,0,0,0,0,0.045257568359375,-0.004302978515625,0,0,0,0,0,0,0,0,Object notstarted,Object notstarted,Object notstarted,Object notstarted,Object notstarted,Object notstarted,Object notstarted,Object notstarted,Object notstarted
2024-03-18 10:32:38,593.593,__main___datalogs,INFO,JoyConState.GO_HOME,0.000000,0.000000,0.000000,0.089258,0.006866,0.013732,0.025176,0.000000,0.000000,0.000000,0.000000,0,0,0,0,0,0,0,0,0,0,0,0.045257568359375,-0.004302978515625,0,0,0,0,0,0,0,0,Object notstarted,Object notstarted,Object notstarted,Object notstarted,Object notstarted,Object notstarted,Object notstarted,Object notstarted,Object notstarted
2024-03-18 10:32:38,631.631,__main___datalogs,INFO,JoyConState.GO_HOME,0.000000,0.000000,0.000000,0.091547,0.006866,0.011443,0.025176,0.000000,0.000000,0.000000,0.000000,0,0,0,0,0,0,0,0,0,0,0,0.045257568359375,-0.004302978515625,0,0,0,0,0,0,0,0,Object notstarted,Object notstarted,Object notstarted,Object notstarted,Object notstarted,Object notstarted,Object notstarted,Object notstarted,Object notstarted
2024-03-18 10:32:38,668.668,__main___datalogs,INFO,JoyConState.GO_HOME,0.000000,0.000000,0.000000,0.091547,0.002289,0.011443,0.025176,0.000000,0.000000,0.000000,0.000000,0,0,0,0,0,0,0,0,0,0,0,0.045257568359375,-0.004302978515625,0,0,0,0,0,0,0,0,Object notstarted,Object notstarted,Object notstarted,Object notstarted,Object notstarted,Object notstarted,Object notstarted,Object notstarted,Object notstarted
2024-03-18 10:32:38,709.709,__main___datalogs,INFO,JoyConState.GO_HOME,0.000000,0.000000,0.000000,0.089258,0.002289,0.011443,0.027464,0.000000,0.000000,0.000000,0.000000,0,0,0,0,0,0,0,0,0,0,0,0.045257568359375,-0.004302978515625,0,0,0,0,0,0,0,0,Object notstarted,Object notstarted,Object notstarted,Object notstarted,Object notstarted,Object notstarted,Object notstarted,Object notstarted,Object notstarted
2024-03-18 10:32:38,746.746,__main___datalogs,INFO,JoyConState.GO_HOME,0.000000,0.000000,0.000000,0.091547,0.002289,0.013732,0.025176,0.000000,0.000000,0.000000,0.000000,0,0,0,0,0,0,0,0,0,0,0,0.045257568359375,-0.004302978515625,0,0,0,0,0,0,0,0,Object notstarted,Object notstarted,Object notstarted,Object notstarted,Object notstarted,Object notstarted,Object notstarted,Object notstarted,Object notstarted
2024-03-18 10:32:38,782.782,__main___datalogs,INFO,JoyConState.GO_HOME,0.000000,0.000000,0.000000,0.091547,0.002289,0.013732,0.027464,0.000000,0.000000,0.000000,0.000000,0,0,0,0,0,0,0,0,0,0,0,0.045257568359375,-0.004302978515625,0,0,0,0,0,0,0,0,Object notstarted,Object notstarted,Object notstarted,Object notstarted,Object notstarted,Object notstarted,Object notstarted,Object notstarted,Object notstarted
2024-03-18 10:32:38,820.820,__main___datalogs,INFO,JoyConState.GO_HOME,0.000000,0.000000,0.000000,0.089258,0.006866,0.013732,0.027464,0.000000,0.000000,0.000000,0.000000,0,0,0,0,0,0,0,0,0,0,0,0.045257568359375,-0.004302978515625,0,0,0,0,0,0,0,0,Object notstarted,Object notstarted,Object notstarted,Object notstarted,Object notstarted,Object notstarted,Object notstarted,Object notstarted,Object notstarted
2024-03-18 10:32:38,863.863,__main___datalogs,INFO,JoyConState.GO_HOME,0.000000,0.000000,0.000000,0.089258,0.006866,0.013732,0.025176,0.000000,0.000000,0.000000,0.000000,0,0,0,0,0,0,0,0,0,0,0,0.045257568359375,-0.004302978515625,0,0,0,0,0,0,0,0,Object notstarted,Object notstarted,Object notstarted,Object notstarted,Object notstarted,Object notstarted,Object notstarted,Object notstarted,Object notstarted
2024-03-18 10:32:38,903.903,__main___datalogs,INFO,JoyConState.GO_HOME,0.000000,0.000000,0.000000,0.091547,0.006866,0.013732,0.025176,0.000000,0.000000,0.000000,0.000000,0,0,0,0,0,0,0,0,0,0,0,0.045257568359375,-0.004302978515625,0,0,0,0,0,0,0,0,Object notstarted,Object notstarted,Object notstarted,Object notstarted,Object notstarted,Object notstarted,Object notstarted,Object notstarted,Object notstarted
2024-03-18 10:32:38,941.941,__main___datalogs,INFO,JoyConState.GO_HOME,0.000000,0.000000,0.000000,0.091547,0.002289,0.013732,0.025176,0.000000,0.000000,0.000000,0.000000,0,0,0,0,0,0,0,0,0,0,0,0.045257568359375,-0.004302978515625,0,0,0,0,0,0,0,0,Object notstarted,Object notstarted,Object notstarted,Object notstarted,Object notstarted,Object notstarted,Object notstarted,Object notstarted,Object notstarted
2024-03-18 10:32:38,977.977,__main___datalogs,INFO,JoyConState.GO_HOME,0.000000,0.000000,0.000000,0.089258,0.006866,0.013732,0.020598,0.000000,0.000000,0.000000,0.000000,0,0,0,0,0,0,0,0,0,0,0,0.045257568359375,-0.004302978515625,0,0,0,0,0,0,0,0,Object notstarted,Object notstarted,Object notstarted,Object notstarted,Object notstarted,Object notstarted,Object notstarted,Object notstarted,Object notstarted
2024-03-18 10:32:39,015.015,__main___datalogs,INFO,JoyConState.GO_HOME,0.000000,0.000000,0.000000,0.089258,0.002289,0.013732,0.020598,0.000000,0.000000,0.000000,0.000000,0,0,0,0,0,0,0,0,0,0,0,0.045257568359375,-0.004302978515625,0,0,0,0,0,0,0,0,Object notstarted,Object notstarted,Object notstarted,Object notstarted,Object notstarted,Object notstarted,Object notstarted,Object notstarted,Object notstarted
2024-03-18 10:32:39,052.052,__main___datalogs,INFO,JoyConState.GO_HOME,0.000000,0.000000,0.000000,0.089258,0.002289,0.013732,0.025176,0.000000,0.000000,0.000000,0.000000,0,0,0,0,0,0,0,0,0,0,0,0.045257568359375,-0.004302978515625,0,0,0,0,0,0,0,0,Object notstarted,Object notstarted,Object notstarted,Object notstarted,Object notstarted,Object notstarted,Object notstarted,Object notstarted,Object notstarted
2024-03-18 10:32:39,089.089,__main___datalogs,INFO,JoyConState.GO_HOME,0.000000,0.000000,0.000000,0.089258,0.002289,0.013732,0.025176,0.000000,0.000000,0.000000,0.000000,0,0,0,0,0,0,0,0,0,0,0,0.045257568359375,-0.004302978515625,0,0,0,0,0,0,0,0,Object notstarted,Object notstarted,Object notstarted,Object notstarted,Object notstarted,Object notstarted,Object notstarted,Object notstarted,Object notstarted
2024-03-18 10:32:39,126.126,__main___datalogs,INFO,JoyConState.GO_HOME,0.000000,0.000000,0.000000,0.089258,0.002289,0.011443,0.020598,0.000000,0.000000,0.000000,0.000000,0,0,0,0,0,0,0,0,0,0,0,0.045257568359375,-0.004302978515625,0,0,0,0,0,0,0,0,Object notstarted,Object notstarted,Object notstarted,Object notstarted,Object notstarted,Object notstarted,Object notstarted,Object notstarted,Object notstarted
2024-03-18 10:32:39,163.163,__main___datalogs,INFO,JoyConState.GO_HOME,0.000000,0.000000,0.000000,0.089258,0.002289,0.013732,0.025176,0.000000,0.000000,0.000000,0.000000,0,0,0,0,0,0,0,0,0,0,0,0.045257568359375,-0.004302978515625,0,0,0,0,0,0,0,0,Object notstarted,Object notstarted,Object notstarted,Object notstarted,Object notstarted,Object notstarted,Object notstarted,Object notstarted,Object notstarted
2024-03-18 10:32:39,200.200,__main___datalogs,INFO,JoyConState.GO_HOME,0.000000,0.000000,0.000000,0.089258,0.002289,0.013732,0.027464,0.000000,0.000000,0.000000,0.000000,0,0,0,0,0,0,0,0,0,0,0,0.045257568359375,-0.004302978515625,0,0,0,0,0,0,0,0,Object notstarted,Object notstarted,Object notstarted,Object notstarted,Object notstarted,Object notstarted,Object notstarted,Object notstarted,Object notstarted
2024-03-18 10:32:39,236.236,__main___datalogs,INFO,JoyConState.GO_HOME,0.000000,0.000000,0.000000,0.091547,0.002289,0.011443,0.025176,0.000000,0.000000,0.000000,0.000000,0,0,0,0,0,0,0,0,0,0,0,0.045257568359375,-0.004302978515625,0,0,0,0,0,0,0,0,Object notstarted,Object notstarted,Object notstarted,Object notstarted,Object notstarted,Object notstarted,Object notstarted,Object notstarted,Object notstarted
2024-03-18 10:32:39,273.273,__main___datalogs,INFO,JoyConState.GO_HOME,0.000000,0.000000,0.000000,0.091547,0.006866,0.011443,0.025176,0.000000,0.000000,0.000000,0.000000,0,0,0,0,0,0,0,0,0,0,0,0.045257568359375,-0.004302978515625,0,0,0,0,0,0,0,0,Object notstarted,Object notstarted,Object notstarted,Object notstarted,Object notstarted,Object notstarted,Object notstarted,Object notstarted,Object notstarted
2024-03-18 10:32:39,310.310,__main___datalogs,INFO,JoyConState.GO_HOME,0.000000,0.000000,0.000000,0.091547,0.002289,0.013732,0.025176,0.000000,0.000000,0.000000,0.000000,0,0,0,0,0,0,0,0,0,0,0,0.045257568359375,-0.004302978515625,0,0,0,0,0,0,0,0,Object notstarted,Object notstarted,Object notstarted,Object notstarted,Object notstarted,Object notstarted,Object notstarted,Object notstarted,Object notstarted
2024-03-18 10:32:39,348.348,__main___datalogs,INFO,JoyConState.GO_HOME,0.000000,0.000000,0.000000,0.091547,0.002289,0.018310,0.027464,0.000000,0.000000,0.000000,0.000000,0,0,0,0,0,0,0,0,0,0,0,0.045257568359375,-0.004302978515625,0,0,0,0,0,0,0,0,Object notstarted,Object notstarted,Object notstarted,Object notstarted,Object notstarted,Object notstarted,Object notstarted,Object notstarted,Object notstarted
2024-03-18 10:32:39,385.385,__main___datalogs,INFO,JoyConState.GO_HOME,0.000000,0.000000,0.000000,0.091547,0.002289,0.013732,0.025176,0.000000,0.000000,0.000000,0.000000,0,0,0,0,0,0,0,0,0,0,0,0.045257568359375,-0.004302978515625,0,0,0,0,0,0,0,0,Object notstarted,Object notstarted,Object notstarted,Object notstarted,Object notstarted,Object notstarted,Object notstarted,Object notstarted,Object notstarted
2024-03-18 10:32:39,422.422,__main___datalogs,INFO,JoyConState.GO_HOME,0.000000,0.000000,0.000000,0.091547,0.006866,0.013732,0.027464,0.000000,0.000000,0.000000,0.000000,0,0,0,0,0,0,0,0,0,0,0,0.045257568359375,-0.004302978515625,0,0,0,0,0,0,0,0,Object notstarted,Object notstarted,Object notstarted,Object notstarted,Object notstarted,Object notstarted,Object notstarted,Object notstarted,Object notstarted
2024-03-18 10:32:39,459.459,__main___datalogs,INFO,JoyConState.GO_HOME,0.000000,0.000000,0.000000,0.091547,0.009155,0.011443,0.027464,0.000000,0.000000,0.000000,0.000000,0,0,0,0,0,0,0,0,0,0,0,0.045257568359375,-0.004302978515625,0,0,0,0,0,0,0,0,Object notstarted,Object notstarted,Object notstarted,Object notstarted,Object notstarted,Object notstarted,Object notstarted,Object notstarted,Object notstarted
2024-03-18 10:32:39,495.495,__main___datalogs,INFO,JoyConState.GO_HOME,0.000000,0.000000,0.000000,0.091547,0.009155,0.011443,0.025176,0.000000,0.000000,0.000000,0.000000,0,0,0,0,0,0,0,0,0,0,0,0.045257568359375,-0.004302978515625,0,0,0,0,0,0,0,0,Object notstarted,Object notstarted,Object notstarted,Object notstarted,Object notstarted,Object notstarted,Object notstarted,Object notstarted,Object notstarted
2024-03-18 10:32:39,532.532,__main___datalogs,INFO,JoyConState.GO_HOME,0.000000,0.000000,0.000000,0.091547,0.009155,0.011443,0.027464,0.000000,0.000000,0.000000,0.000000,0,0,0,0,0,0,0,0,0,0,0,0.045257568359375,-0.004302978515625,0,0,0,0,0,0,0,0,Object notstarted,Object notstarted,Object notstarted,Object notstarted,Object notstarted,Object notstarted,Object notstarted,Object notstarted,Object notstarted
2024-03-18 10:32:39,569.569,__main___datalogs,INFO,JoyConState.GO_HOME,0.000000,0.000000,0.000000,0.089258,0.006866,0.011443,0.027464,0.000000,0.000000,0.000000,0.000000,0,0,0,0,0,0,0,0,0,0,0,0.045257568359375,-0.004302978515625,0,0,0,0,0,0,0,0,Object notstarted,Object notstarted,Object notstarted,Object notstarted,Object notstarted,Object notstarted,Object notstarted,Object notstarted,Object notstarted
2024-03-18 10:32:39,606.606,__main___datalogs,INFO,JoyConState.GO_HOME,0.000000,0.000000,0.000000,0.091547,0.002289,0.011443,0.027464,0.000000,0.000000,0.000000,0.000000,0,0,0,0,0,0,0,0,0,0,0,0.045257568359375,-0.004302978515625,0,0,0,0,0,0,0,0,Object notstarted,Object notstarted,Object notstarted,Object notstarted,Object notstarted,Object notstarted,Object notstarted,Object notstarted,Object notstarted
2024-03-18 10:32:39,643.643,__main___datalogs,INFO,JoyConState.GO_HOME,0.000000,0.000000,0.000000,0.091547,0.002289,0.011443,0.025176,0.000000,0.000000,0.000000,0.000000,0,0,0,0,0,0,0,0,0,0,0,0.045257568359375,-0.004302978515625,0,0,0,0,0,0,0,0,Object notstarted,Object notstarted,Object notstarted,Object notstarted,Object notstarted,Object notstarted,Object notstarted,Object notstarted,Object notstarted
2024-03-18 10:32:39,680.680,__main___datalogs,INFO,JoyConState.GO_HOME,0.000000,0.000000,0.000000,0.089258,0.002289,0.011443,0.025176,0.000000,0.000000,0.000000,0.000000,0,0,0,0,0,0,0,0,0,0,0,0.045257568359375,-0.004302978515625,0,0,0,0,0,0,0,0,Object notstarted,Object notstarted,Object notstarted,Object notstarted,Object notstarted,Object notstarted,Object notstarted,Object notstarted,Object notstarted
2024-03-18 10:32:39,718.718,__main___datalogs,INFO,JoyConState.GO_HOME,0.000000,0.000000,0.000000,0.091547,0.006866,0.011443,0.027464,0.000000,0.000000,0.000000,0.000000,0,0,0,0,0,0,0,0,0,0,0,0.045257568359375,-0.004302978515625,0,0,0,0,0,0,0,0,Object notstarted,Object notstarted,Object notstarted,Object notstarted,Object notstarted,Object notstarted,Object notstarted,Object notstarted,Object notstarted
2024-03-18 10:32:39,756.756,__main___datalogs,INFO,JoyConState.GO_HOME,0.000000,0.000000,0.000000,0.091547,0.006866,0.011443,0.025176,0.000000,0.000000,0.000000,0.000000,0,0,0,0,0,0,0,0,0,0,0,0.045257568359375,-0.004302978515625,0,0,0,0,0,0,0,0,Object notstarted,Object notstarted,Object notstarted,Object notstarted,Object notstarted,Object notstarted,Object notstarted,Object notstarted,Object notstarted
2024-03-18 10:32:39,792.792,__main___datalogs,INFO,JoyConState.GO_HOME,0.000000,0.000000,0.000000,0.084681,0.006866,0.011443,0.025176,0.000000,0.000000,0.000000,0.000000,0,0,0,0,0,0,0,0,0,0,0,0.045257568359375,-0.004302978515625,0,0,0,0,0,0,0,0,Object notstarted,Object notstarted,Object notstarted,Object notstarted,Object notstarted,Object notstarted,Object notstarted,Object notstarted,Object notstarted
2024-03-18 10:32:39,830.830,__main___datalogs,INFO,JoyConState.GO_HOME,0.000000,0.000000,0.000000,0.089258,0.006866,0.011443,0.025176,0.000000,0.000000,0.000000,0.000000,0,0,0,0,0,0,0,0,0,0,0,0.045257568359375,-0.004302978515625,0,0,0,0,0,0,0,0,Object notstarted,Object notstarted,Object notstarted,Object notstarted,Object notstarted,Object notstarted,Object notstarted,Object notstarted,Object notstarted
2024-03-18 10:32:39,867.867,__main___datalogs,INFO,JoyConState.GO_HOME,0.000000,0.000000,0.000000,0.089258,0.006866,0.011443,0.027464,0.000000,0.000000,0.000000,0.000000,0,0,0,0,0,0,0,0,0,0,0,0.045257568359375,-0.004302978515625,0,0,0,0,0,0,0,0,Object notstarted,Object notstarted,Object notstarted,Object notstarted,Object notstarted,Object notstarted,Object notstarted,Object notstarted,Object notstarted
2024-03-18 10:32:39,909.909,__main___datalogs,INFO,JoyConState.GO_HOME,0.000000,0.000000,0.000000,0.089258,0.009155,0.013732,0.025176,0.000000,0.000000,0.000000,0.000000,0,0,0,0,0,0,0,0,0,0,0,0.045257568359375,-0.004302978515625,0,0,0,0,0,0,0,0,Object notstarted,Object notstarted,Object notstarted,Object notstarted,Object notstarted,Object notstarted,Object notstarted,Object notstarted,Object notstarted
2024-03-18 10:32:39,953.953,__main___datalogs,INFO,JoyConState.GO_HOME,0.000000,0.000000,0.000000,0.091547,0.006866,0.013732,0.025176,0.000000,0.000000,0.000000,0.000000,0,0,0,0,0,0,0,0,0,0,0,0.045257568359375,-0.004302978515625,0,0,0,0,0,0,0,0,Object notstarted,Object notstarted,Object notstarted,Object notstarted,Object notstarted,Object notstarted,Object notstarted,Object notstarted,Object notstarted
2024-03-18 10:32:39,992.992,__main___datalogs,INFO,JoyConState.GO_HOME,0.000000,0.000000,0.000000,0.091547,0.009155,0.013732,0.027464,0.000000,0.000000,0.000000,0.000000,0,0,0,0,0,0,0,0,0,0,0,0.045257568359375,-0.004302978515625,0,0,0,0,0,0,0,0,Object notstarted,Object notstarted,Object notstarted,Object notstarted,Object notstarted,Object notstarted,Object notstarted,Object notstarted,Object notstarted
2024-03-18 10:32:40,027.027,__main___datalogs,INFO,JoyConState.GO_HOME,0.000000,0.000000,0.000000,0.091547,0.009155,0.013732,0.025176,0.000000,0.000000,0.000000,0.000000,0,0,0,0,0,0,0,0,0,0,0,0.045257568359375,-0.004302978515625,0,0,0,0,0,0,0,0,Object notstarted,Object notstarted,Object notstarted,Object notstarted,Object notstarted,Object notstarted,Object notstarted,Object notstarted,Object notstarted
2024-03-18 10:32:40,064.064,__main___datalogs,INFO,JoyConState.GO_HOME,0.000000,0.000000,0.000000,0.091547,0.006866,0.013732,0.025176,0.000000,0.000000,0.000000,0.000000,0,0,0,0,0,0,0,0,0,0,0,0.045257568359375,-0.004302978515625,0,0,0,0,0,0,0,0,Object notstarted,Object notstarted,Object notstarted,Object notstarted,Object notstarted,Object notstarted,Object notstarted,Object notstarted,Object notstarted
2024-03-18 10:32:40,103.103,__main___datalogs,INFO,JoyConState.GO_HOME,0.000000,0.000000,0.000000,0.089258,0.006866,0.013732,0.025176,0.000000,0.000000,0.000000,0.000000,0,0,0,0,0,0,0,0,0,0,0,0.045257568359375,-0.004302978515625,0,0,0,0,0,0,0,0,Object notstarted,Object notstarted,Object notstarted,Object notstarted,Object notstarted,Object notstarted,Object notstarted,Object notstarted,Object notstarted
2024-03-18 10:32:40,139.139,__main___datalogs,INFO,JoyConState.GO_HOME,0.000000,0.000000,0.000000,0.089258,0.006866,0.013732,0.025176,0.000000,0.000000,0.000000,0.000000,0,0,0,0,0,0,0,0,0,0,0,0.045257568359375,-0.004302978515625,0,0,0,0,0,0,0,0,Object notstarted,Object notstarted,Object notstarted,Object notstarted,Object notstarted,Object notstarted,Object notstarted,Object notstarted,Object notstarted
2024-03-18 10:32:40,176.176,__main___datalogs,INFO,JoyConState.GO_HOME,0.000000,0.000000,0.000000,0.089258,0.006866,0.013732,0.027464,0.000000,0.000000,0.000000,0.000000,0,0,0,0,0,0,0,0,0,0,0,0.045257568359375,-0.004302978515625,0,0,0,0,0,0,0,0,Object notstarted,Object notstarted,Object notstarted,Object notstarted,Object notstarted,Object notstarted,Object notstarted,Object notstarted,Object notstarted
2024-03-18 10:32:40,213.213,__main___datalogs,INFO,JoyConState.GO_HOME,0.000000,0.000000,0.000000,0.089258,0.006866,0.013732,0.027464,0.000000,0.000000,0.000000,0.000000,0,0,0,0,0,0,0,0,0,0,0,0.045257568359375,-0.004302978515625,0,0,0,0,0,0,0,0,Object notstarted,Object notstarted,Object notstarted,Object notstarted,Object notstarted,Object notstarted,Object notstarted,Object notstarted,Object notstarted
2024-03-18 10:32:40,250.250,__main___datalogs,INFO,JoyConState.GO_HOME,0.000000,0.000000,0.000000,0.084681,0.006866,0.013732,0.027464,0.000000,0.000000,0.000000,0.000000,0,0,0,0,0,0,0,0,0,0,0,0.045257568359375,-0.004302978515625,0,0,0,0,0,0,0,0,Object notstarted,Object notstarted,Object notstarted,Object notstarted,Object notstarted,Object notstarted,Object notstarted,Object notstarted,Object notstarted
2024-03-18 10:32:40,287.287,__main___datalogs,INFO,JoyConState.GO_HOME,0.000000,0.000000,0.000000,0.089258,0.006866,0.013732,0.025176,0.000000,0.000000,0.000000,0.000000,0,0,0,0,0,0,0,0,0,0,0,0.045257568359375,-0.004302978515625,0,0,0,0,0,0,0,0,Object notstarted,Object notstarted,Object notstarted,Object notstarted,Object notstarted,Object notstarted,Object notstarted,Object notstarted,Object notstarted
2024-03-18 10:32:40,323.323,__main___datalogs,INFO,JoyConState.GO_HOME,0.000000,0.000000,0.000000,0.091547,0.006866,0.013732,0.027464,0.000000,0.000000,0.000000,0.000000,0,0,0,0,0,0,0,0,0,0,0,0.045257568359375,-0.004302978515625,0,0,0,0,0,0,0,0,Object notstarted,Object notstarted,Object notstarted,Object notstarted,Object notstarted,Object notstarted,Object notstarted,Object notstarted,Object notstarted
2024-03-18 10:32:40,361.361,__main___datalogs,INFO,JoyConState.GO_HOME,0.000000,0.000000,0.000000,0.091547,0.006866,0.011443,0.020598,0.000000,0.000000,0.000000,0.000000,0,0,0,0,0,0,0,0,0,0,0,0.045257568359375,-0.004302978515625,0,0,0,0,0,0,0,0,Object notstarted,Object notstarted,Object notstarted,Object notstarted,Object notstarted,Object notstarted,Object notstarted,Object notstarted,Object notstarted
2024-03-18 10:32:40,399.399,__main___datalogs,INFO,JoyConState.GO_HOME,0.000000,0.000000,0.000000,0.091547,0.006866,0.011443,0.025176,0.000000,0.000000,0.000000,0.000000,0,0,0,0,0,0,0,0,0,0,0,0.045257568359375,-0.004302978515625,0,0,0,0,0,0,0,0,Object notstarted,Object notstarted,Object notstarted,Object notstarted,Object notstarted,Object notstarted,Object notstarted,Object notstarted,Object notstarted
2024-03-18 10:32:40,436.436,__main___datalogs,INFO,JoyConState.GO_HOME,0.000000,0.000000,0.000000,0.091547,0.006866,0.013732,0.025176,0.000000,0.000000,0.000000,0.000000,0,0,0,0,0,0,0,0,0,0,0,0.045257568359375,-0.004302978515625,0,0,0,0,0,0,0,0,Object notstarted,Object notstarted,Object notstarted,Object notstarted,Object notstarted,Object notstarted,Object notstarted,Object notstarted,Object notstarted
2024-03-18 10:32:40,473.473,__main___datalogs,INFO,JoyConState.GO_HOME,0.000000,0.000000,0.000000,0.089258,0.006866,0.013732,0.027464,0.000000,0.000000,0.000000,0.000000,0,0,0,0,0,0,0,0,0,0,0,0.045257568359375,-0.004302978515625,0,0,0,0,0,0,0,0,Object notstarted,Object notstarted,Object notstarted,Object notstarted,Object notstarted,Object notstarted,Object notstarted,Object notstarted,Object notstarted
2024-03-18 10:32:40,509.509,__main___datalogs,INFO,JoyConState.GO_HOME,0.000000,0.000000,0.000000,0.091547,0.009155,0.013732,0.025176,0.000000,0.000000,0.000000,0.000000,0,0,0,0,0,0,0,0,0,0,0,0.045257568359375,-0.004302978515625,0,0,0,0,0,0,0,0,Object notstarted,Object notstarted,Object notstarted,Object notstarted,Object notstarted,Object notstarted,Object notstarted,Object notstarted,Object notstarted
2024-03-18 10:32:40,540.540,__main___datalogs,INFO,JoyConState.GO_HOME,0.000000,0.000000,0.000000,0.091547,0.006866,0.013732,0.027464,0.000000,0.000000,0.000000,0.000000,0,0,0,0,0,0,0,0,0,0,0,0.045257568359375,-0.004302978515625,0,0,0,0,0,0,0,0,Object notstarted,Object notstarted,Object notstarted,Object notstarted,Object notstarted,Object notstarted,Object notstarted,Object notstarted,Object notstarted
2024-03-18 10:32:40,572.572,__main___datalogs,INFO,JoyConState.GO_HOME,0.000000,0.000000,0.000000,0.091547,0.006866,0.011443,0.025176,0.000000,0.000000,0.000000,0.000000,0,0,0,0,0,0,0,0,0,0,0,0.045257568359375,-0.004302978515625,0,0,0,0,0,0,0,0,Object notstarted,Object notstarted,Object notstarted,Object notstarted,Object notstarted,Object notstarted,Object notstarted,Object notstarted,Object notstarted
2024-03-18 10:32:40,604.604,__main___datalogs,INFO,JoyConState.GO_HOME,0.000000,0.000000,0.000000,0.089258,0.006866,0.011443,0.020598,0.000000,0.000000,0.000000,0.000000,0,0,0,0,0,0,0,0,0,0,0,0.045257568359375,-0.004302978515625,0,0,0,0,0,0,0,0,Object notstarted,Object notstarted,Object notstarted,Object notstarted,Object notstarted,Object notstarted,Object notstarted,Object notstarted,Object notstarted
2024-03-18 10:32:40,636.636,__main___datalogs,INFO,JoyConState.GO_HOME,0.000000,0.000000,0.000000,0.089258,0.006866,0.011443,0.020598,0.000000,0.000000,0.000000,0.000000,0,0,0,0,0,0,0,0,0,0,0,0.045257568359375,-0.004302978515625,0,0,0,0,0,0,0,0,Object notstarted,Object notstarted,Object notstarted,Object notstarted,Object notstarted,Object notstarted,Object notstarted,Object notstarted,Object notstarted
2024-03-18 10:32:40,668.668,__main___datalogs,INFO,JoyConState.GO_HOME,0.000000,0.000000,0.000000,0.089258,0.006866,0.011443,0.025176,0.000000,0.000000,0.000000,0.000000,0,0,0,0,0,0,0,0,0,0,0,0.045257568359375,-0.004302978515625,0,0,0,0,0,0,0,0,Object notstarted,Object notstarted,Object notstarted,Object notstarted,Object notstarted,Object notstarted,Object notstarted,Object notstarted,Object notstarted
2024-03-18 10:32:40,699.699,__main___datalogs,INFO,JoyConState.GO_HOME,0.000000,0.000000,0.000000,0.089258,0.006866,0.011443,0.020598,0.000000,0.000000,0.000000,0.000000,0,0,0,0,0,0,0,0,0,0,0,0.045257568359375,-0.004302978515625,0,0,0,0,0,0,0,0,Object notstarted,Object notstarted,Object notstarted,Object notstarted,Object notstarted,Object notstarted,Object notstarted,Object notstarted,Object notstarted
2024-03-18 10:32:40,732.732,__main___datalogs,INFO,JoyConState.GO_HOME,0.000000,0.000000,0.000000,0.089258,0.006866,0.011443,0.025176,0.000000,0.000000,0.000000,0.000000,0,0,0,0,0,0,0,0,0,0,0,0.045257568359375,-0.004302978515625,0,0,0,0,0,0,0,0,Object notstarted,Object notstarted,Object notstarted,Object notstarted,Object notstarted,Object notstarted,Object notstarted,Object notstarted,Object notstarted
2024-03-18 10:32:40,763.763,__main___datalogs,INFO,JoyConState.GO_HOME,0.000000,0.000000,0.000000,0.089258,0.006866,0.011443,0.020598,0.000000,0.000000,0.000000,0.000000,0,0,0,0,0,0,0,0,0,0,0,0.045257568359375,-0.004302978515625,0,0,0,0,0,0,0,0,Object notstarted,Object notstarted,Object notstarted,Object notstarted,Object notstarted,Object notstarted,Object notstarted,Object notstarted,Object notstarted
2024-03-18 10:32:40,796.796,__main___datalogs,INFO,JoyConState.GO_HOME,0.000000,0.000000,0.000000,0.089258,0.006866,0.011443,0.020598,0.000000,0.000000,0.000000,0.000000,0,0,0,0,0,0,0,0,0,0,0,0.045257568359375,-0.004302978515625,0,0,0,0,0,0,0,0,Object notstarted,Object notstarted,Object notstarted,Object notstarted,Object notstarted,Object notstarted,Object notstarted,Object notstarted,Object notstarted
2024-03-18 10:32:40,828.828,__main___datalogs,INFO,JoyConState.GO_HOME,0.000000,0.000000,0.000000,0.089258,0.002289,0.011443,0.025176,0.000000,0.000000,0.000000,0.000000,0,0,0,0,0,0,0,0,0,0,0,0.045257568359375,-0.004302978515625,0,0,0,0,0,0,0,0,Object notstarted,Object notstarted,Object notstarted,Object notstarted,Object notstarted,Object notstarted,Object notstarted,Object notstarted,Object notstarted
2024-03-18 10:32:40,859.859,__main___datalogs,INFO,JoyConState.GO_HOME,0.000000,0.000000,0.000000,0.089258,0.009155,0.013732,0.025176,0.000000,0.000000,0.000000,0.000000,0,0,0,0,0,0,0,0,0,0,0,0.045257568359375,-0.004302978515625,0,0,0,0,0,0,0,0,Object notstarted,Object notstarted,Object notstarted,Object notstarted,Object notstarted,Object notstarted,Object notstarted,Object notstarted,Object notstarted
2024-03-18 10:32:40,891.891,__main___datalogs,INFO,JoyConState.GO_HOME,0.000000,0.000000,0.000000,0.089258,0.006866,0.013732,0.025176,0.000000,0.000000,0.000000,0.000000,0,0,0,0,0,0,0,0,0,0,0,0.045257568359375,-0.004302978515625,0,0,0,0,0,0,0,0,Object notstarted,Object notstarted,Object notstarted,Object notstarted,Object notstarted,Object notstarted,Object notstarted,Object notstarted,Object notstarted
2024-03-18 10:32:40,923.923,__main___datalogs,INFO,JoyConState.GO_HOME,0.000000,0.000000,0.000000,0.089258,0.002289,0.013732,0.027464,0.000000,0.000000,0.000000,0.000000,0,0,0,0,0,0,0,0,0,0,0,0.045257568359375,-0.004302978515625,0,0,0,0,0,0,0,0,Object notstarted,Object notstarted,Object notstarted,Object notstarted,Object notstarted,Object notstarted,Object notstarted,Object notstarted,Object notstarted
2024-03-18 10:32:40,974.974,__main___datalogs,INFO,JoyConState.GO_HOME,0.000000,0.000000,0.000000,0.084681,0.006866,0.013732,0.025176,0.000000,0.000000,0.000000,0.000000,0,0,0,0,0,0,0,0,0,0,0,0.045257568359375,-0.004302978515625,0,0,0,0,0,0,0,0,Object notstarted,Object notstarted,Object notstarted,Object notstarted,Object notstarted,Object notstarted,Object notstarted,Object notstarted,Object notstarted
2024-03-18 10:32:41,022.022,__main___datalogs,INFO,JoyConState.GO_HOME,0.000000,0.000000,0.000000,0.089258,0.002289,0.013732,0.025176,0.000000,0.000000,0.000000,0.000000,0,0,0,0,0,0,0,0,0,0,0,0.045257568359375,-0.004302978515625,0,0,0,0,0,0,0,0,Object notstarted,Object notstarted,Object notstarted,Object notstarted,Object notstarted,Object notstarted,Object notstarted,Object notstarted,Object notstarted
2024-03-18 10:32:41,059.059,__main___datalogs,INFO,JoyConState.GO_HOME,0.000000,0.000000,0.000000,0.084681,0.002289,0.013732,0.016021,0.000000,0.000000,0.000000,0.000000,0,0,0,0,0,0,0,0,0,0,0,0.045257568359375,-0.004302978515625,0,0,0,0,0,0,0,0,Object notstarted,Object notstarted,Object notstarted,Object notstarted,Object notstarted,Object notstarted,Object notstarted,Object notstarted,Object notstarted
2024-03-18 10:32:41,095.095,__main___datalogs,INFO,JoyConState.GO_HOME,0.000000,0.000000,0.000000,0.084681,0.002289,0.018310,0.025176,0.000000,0.000000,0.000000,0.000000,0,0,0,0,0,0,0,0,0,0,0,0.045257568359375,-0.004302978515625,0,0,0,0,0,0,0,0,Object notstarted,Object notstarted,Object notstarted,Object notstarted,Object notstarted,Object notstarted,Object notstarted,Object notstarted,Object notstarted
2024-03-18 10:32:41,133.133,__main___datalogs,INFO,JoyConState.GO_HOME,0.000000,0.000000,0.000000,0.089258,0.009155,0.013732,0.020598,0.000000,0.000000,0.000000,0.000000,0,0,0,0,0,0,0,0,0,0,0,0.045257568359375,-0.004302978515625,0,0,0,0,0,0,0,0,Object notstarted,Object notstarted,Object notstarted,Object notstarted,Object notstarted,Object notstarted,Object notstarted,Object notstarted,Object notstarted
2024-03-18 10:32:41,170.170,__main___datalogs,INFO,JoyConState.GO_HOME,0.000000,0.000000,0.000000,0.089258,0.006866,0.013732,0.020598,0.000000,0.000000,0.000000,0.000000,0,0,0,0,0,0,0,0,0,0,0,0.045257568359375,-0.004302978515625,0,0,0,0,0,0,0,0,Object notstarted,Object notstarted,Object notstarted,Object notstarted,Object notstarted,Object notstarted,Object notstarted,Object notstarted,Object notstarted
2024-03-18 10:32:41,206.206,__main___datalogs,INFO,JoyConState.GO_HOME,0.000000,0.000000,0.000000,0.091547,0.006866,0.013732,0.025176,0.000000,0.000000,0.000000,0.000000,0,0,0,0,0,0,0,0,0,0,0,0.045257568359375,-0.004302978515625,0,0,0,0,0,0,0,0,Object notstarted,Object notstarted,Object notstarted,Object notstarted,Object notstarted,Object notstarted,Object notstarted,Object notstarted,Object notstarted
2024-03-18 10:32:41,244.244,__main___datalogs,INFO,JoyConState.GO_HOME,0.000000,0.000000,0.000000,0.084681,0.009155,0.013732,0.025176,0.000000,0.000000,0.000000,0.000000,0,0,0,0,0,0,0,0,0,0,0,0.045257568359375,-0.004302978515625,0,0,0,0,0,0,0,0,Object notstarted,Object notstarted,Object notstarted,Object notstarted,Object notstarted,Object notstarted,Object notstarted,Object notstarted,Object notstarted
2024-03-18 10:32:41,280.280,__main___datalogs,INFO,JoyConState.GO_HOME,0.000000,0.000000,0.000000,0.089258,0.006866,0.013732,0.025176,0.000000,0.000000,0.000000,0.000000,0,0,0,0,0,0,0,0,0,0,0,0.045257568359375,-0.004302978515625,0,0,0,0,0,0,0,0,Object notstarted,Object notstarted,Object notstarted,Object notstarted,Object notstarted,Object notstarted,Object notstarted,Object notstarted,Object notstarted
2024-03-18 10:32:41,310.310,__main___datalogs,INFO,JoyConState.GO_HOME,0.000000,0.000000,0.000000,0.089258,0.006866,0.013732,0.025176,0.000000,0.000000,0.000000,0.000000,0,0,0,0,0,0,0,0,0,0,0,0.045257568359375,-0.004302978515625,0,0,0,0,0,0,0,0,Object notstarted,Object notstarted,Object notstarted,Object notstarted,Object notstarted,Object notstarted,Object notstarted,Object notstarted,Object notstarted
2024-03-18 10:32:41,344.344,__main___datalogs,INFO,JoyConState.GO_HOME,0.000000,0.000000,0.000000,0.084681,0.006866,0.013732,0.020598,0.000000,0.000000,0.000000,0.000000,0,0,0,0,0,0,0,0,0,0,0,0.045257568359375,-0.004302978515625,0,0,0,0,0,0,0,0,Object notstarted,Object notstarted,Object notstarted,Object notstarted,Object notstarted,Object notstarted,Object notstarted,Object notstarted,Object notstarted
2024-03-18 10:32:41,376.376,__main___datalogs,INFO,JoyConState.GO_HOME,0.000000,0.000000,0.000000,0.084681,0.006866,0.013732,0.025176,0.000000,0.000000,0.000000,0.000000,0,0,0,0,0,0,0,0,0,0,0,0.045257568359375,-0.004302978515625,0,0,0,0,0,0,0,0,Object notstarted,Object notstarted,Object notstarted,Object notstarted,Object notstarted,Object notstarted,Object notstarted,Object notstarted,Object notstarted
2024-03-18 10:32:41,407.407,__main___datalogs,INFO,JoyConState.GO_HOME,0.000000,0.000000,0.000000,0.084681,0.006866,0.013732,0.025176,0.000000,0.000000,0.000000,0.000000,0,0,0,0,0,0,0,0,0,0,0,0.045257568359375,-0.004302978515625,0,0,0,0,0,0,0,0,Object notstarted,Object notstarted,Object notstarted,Object notstarted,Object notstarted,Object notstarted,Object notstarted,Object notstarted,Object notstarted
2024-03-18 10:32:41,439.439,__main___datalogs,INFO,JoyConState.GO_HOME,0.000000,0.000000,0.000000,0.091547,0.006866,0.013732,0.025176,0.000000,0.000000,0.000000,0.000000,0,0,0,0,0,0,0,0,0,0,0,0.045257568359375,-0.004302978515625,0,0,0,0,0,0,0,0,Object notstarted,Object notstarted,Object notstarted,Object notstarted,Object notstarted,Object notstarted,Object notstarted,Object notstarted,Object notstarted
2024-03-18 10:32:41,471.471,__main___datalogs,INFO,JoyConState.GO_HOME,0.000000,0.000000,0.000000,0.091547,0.002289,0.013732,0.025176,0.000000,0.000000,0.000000,0.000000,0,0,0,0,0,0,0,0,0,0,0,0.045257568359375,-0.004302978515625,0,0,0,0,0,0,0,0,Object notstarted,Object notstarted,Object notstarted,Object notstarted,Object notstarted,Object notstarted,Object notstarted,Object notstarted,Object notstarted
2024-03-18 10:32:41,503.503,__main___datalogs,INFO,JoyConState.GO_HOME,0.000000,0.000000,0.000000,0.091547,0.006866,0.013732,0.020598,0.000000,0.000000,0.000000,0.000000,0,0,0,0,0,0,0,0,0,0,0,0.045257568359375,-0.004302978515625,0,0,0,0,0,0,0,0,Object notstarted,Object notstarted,Object notstarted,Object notstarted,Object notstarted,Object notstarted,Object notstarted,Object notstarted,Object notstarted
2024-03-18 10:32:41,535.535,__main___datalogs,INFO,JoyConState.GO_HOME,0.000000,0.000000,0.000000,0.089258,0.006866,0.011443,0.020598,0.000000,0.000000,0.000000,0.000000,0,0,0,0,0,0,0,0,0,0,0,0.045257568359375,-0.004302978515625,0,0,0,0,0,0,0,0,Object notstarted,Object notstarted,Object notstarted,Object notstarted,Object notstarted,Object notstarted,Object notstarted,Object notstarted,Object notstarted
2024-03-18 10:32:41,568.568,__main___datalogs,INFO,JoyConState.GO_HOME,0.000000,0.000000,0.000000,0.089258,0.006866,0.011443,0.020598,0.000000,0.000000,0.000000,0.000000,0,0,0,0,0,0,0,0,0,0,0,0.045257568359375,-0.004302978515625,0,0,0,0,0,0,0,0,Object notstarted,Object notstarted,Object notstarted,Object notstarted,Object notstarted,Object notstarted,Object notstarted,Object notstarted,Object notstarted
2024-03-18 10:32:41,605.605,__main___datalogs,INFO,JoyConState.GO_HOME,0.000000,0.000000,0.000000,0.089258,0.006866,0.011443,0.020598,0.000000,0.000000,0.000000,0.000000,0,0,0,0,0,0,0,0,0,0,0,0.045257568359375,-0.004302978515625,0,0,0,0,0,0,0,0,Object notstarted,Object notstarted,Object notstarted,Object notstarted,Object notstarted,Object notstarted,Object notstarted,Object notstarted,Object notstarted
2024-03-18 10:32:41,641.641,__main___datalogs,INFO,JoyConState.GO_HOME,0.000000,0.000000,0.000000,0.091547,0.006866,0.013732,0.027464,0.000000,0.000000,0.000000,0.000000,0,0,0,0,0,0,0,0,0,0,0,0.045257568359375,-0.004302978515625,0,0,0,0,0,0,0,0,Object notstarted,Object notstarted,Object notstarted,Object notstarted,Object notstarted,Object notstarted,Object notstarted,Object notstarted,Object notstarted
2024-03-18 10:32:41,680.680,__main___datalogs,INFO,JoyConState.GO_HOME,0.000000,0.000000,0.000000,0.089258,0.006866,0.013732,0.027464,0.000000,0.000000,0.000000,0.000000,0,0,0,0,0,0,0,0,0,0,0,0.045257568359375,-0.004302978515625,0,0,0,0,0,0,0,0,Object notstarted,Object notstarted,Object notstarted,Object notstarted,Object notstarted,Object notstarted,Object notstarted,Object notstarted,Object notstarted
2024-03-18 10:32:41,716.716,__main___datalogs,INFO,JoyConState.GO_HOME,0.000000,0.000000,0.000000,0.091547,0.006866,0.013732,0.020598,0.000000,0.000000,0.000000,0.000000,0,0,0,0,0,0,0,0,0,0,0,0.045257568359375,-0.004302978515625,0,0,0,0,0,0,0,0,Object notstarted,Object notstarted,Object notstarted,Object notstarted,Object notstarted,Object notstarted,Object notstarted,Object notstarted,Object notstarted
2024-03-18 10:32:41,753.753,__main___datalogs,INFO,JoyConState.GO_HOME,0.000000,0.000000,0.000000,0.089258,0.006866,0.013732,0.020598,0.000000,0.000000,0.000000,0.000000,0,0,0,0,0,0,0,0,0,0,0,0.045257568359375,-0.004302978515625,0,0,0,0,0,0,0,0,Object notstarted,Object notstarted,Object notstarted,Object notstarted,Object notstarted,Object notstarted,Object notstarted,Object notstarted,Object notstarted
2024-03-18 10:32:41,790.790,__main___datalogs,INFO,JoyConState.GO_HOME,0.000000,0.000000,0.000000,0.084681,0.002289,0.013732,0.020598,0.000000,0.000000,0.000000,0.000000,0,0,0,0,0,0,0,0,0,0,0,0.045257568359375,-0.004302978515625,0,0,0,0,0,0,0,0,Object notstarted,Object notstarted,Object notstarted,Object notstarted,Object notstarted,Object notstarted,Object notstarted,Object notstarted,Object notstarted
2024-03-18 10:32:41,827.827,__main___datalogs,INFO,JoyConState.GO_HOME,0.000000,0.000000,0.000000,0.089258,0.006866,0.013732,0.027464,0.000000,0.000000,0.000000,0.000000,0,0,0,0,0,0,0,0,0,0,0,0.045257568359375,-0.004302978515625,0,0,0,0,0,0,0,0,Object notstarted,Object notstarted,Object notstarted,Object notstarted,Object notstarted,Object notstarted,Object notstarted,Object notstarted,Object notstarted
2024-03-18 10:32:41,863.863,__main___datalogs,INFO,JoyConState.GO_HOME,0.000000,0.000000,0.000000,0.089258,0.006866,0.013732,0.025176,0.000000,0.000000,0.000000,0.000000,0,0,0,0,0,0,0,0,0,0,0,0.045257568359375,-0.004302978515625,0,0,0,0,0,0,0,0,Object notstarted,Object notstarted,Object notstarted,Object notstarted,Object notstarted,Object notstarted,Object notstarted,Object notstarted,Object notstarted
2024-03-18 10:32:41,901.901,__main___datalogs,INFO,JoyConState.GO_HOME,0.000000,0.000000,0.000000,0.091547,0.006866,0.013732,0.027464,0.000000,0.000000,0.000000,0.000000,0,0,0,0,0,0,0,0,0,0,0,0.045257568359375,-0.004302978515625,0,0,0,0,0,0,0,0,Object notstarted,Object notstarted,Object notstarted,Object notstarted,Object notstarted,Object notstarted,Object notstarted,Object notstarted,Object notstarted
2024-03-18 10:32:41,938.938,__main___datalogs,INFO,JoyConState.GO_HOME,0.000000,0.000000,0.000000,0.091547,0.006866,0.011443,0.025176,0.000000,0.000000,0.000000,0.000000,0,0,0,0,0,0,0,0,0,0,0,0.045257568359375,-0.004302978515625,0,0,0,0,0,0,0,0,Object notstarted,Object notstarted,Object notstarted,Object notstarted,Object notstarted,Object notstarted,Object notstarted,Object notstarted,Object notstarted
2024-03-18 10:32:41,974.974,__main___datalogs,INFO,JoyConState.GO_HOME,0.000000,0.000000,0.000000,0.089258,0.006866,0.011443,0.027464,0.000000,0.000000,0.000000,0.000000,0,0,0,0,0,0,0,0,0,0,0,0.045257568359375,-0.004302978515625,0,0,0,0,0,0,0,0,Object notstarted,Object notstarted,Object notstarted,Object notstarted,Object notstarted,Object notstarted,Object notstarted,Object notstarted,Object notstarted
2024-03-18 10:32:42,005.005,__main___datalogs,INFO,JoyConState.GO_HOME,0.000000,0.000000,0.000000,0.084681,0.006866,0.013732,0.027464,0.000000,0.000000,0.000000,0.000000,0,0,0,0,0,0,0,0,0,0,0,0.045257568359375,-0.004302978515625,0,0,0,0,0,0,0,0,Object notstarted,Object notstarted,Object notstarted,Object notstarted,Object notstarted,Object notstarted,Object notstarted,Object notstarted,Object notstarted
2024-03-18 10:32:42,038.038,__main___datalogs,INFO,JoyConState.GO_HOME,0.000000,0.000000,0.000000,0.089258,0.006866,0.013732,0.027464,0.000000,0.000000,0.000000,0.000000,0,0,0,0,0,0,0,0,0,0,0,0.045257568359375,-0.004302978515625,0,0,0,0,0,0,0,0,Object notstarted,Object notstarted,Object notstarted,Object notstarted,Object notstarted,Object notstarted,Object notstarted,Object notstarted,Object notstarted
2024-03-18 10:32:42,088.088,__main___datalogs,INFO,JoyConState.GO_HOME,0.000000,0.000000,0.000000,0.089258,0.006866,0.013732,0.027464,0.000000,0.000000,0.000000,0.000000,0,0,0,0,0,0,0,0,0,0,0,0.045257568359375,-0.004302978515625,0,0,0,0,0,0,0,0,Object notstarted,Object notstarted,Object notstarted,Object notstarted,Object notstarted,Object notstarted,Object notstarted,Object notstarted,Object notstarted
2024-03-18 10:32:42,126.126,__main___datalogs,INFO,JoyConState.GO_HOME,0.000000,0.000000,0.000000,0.089258,0.006866,0.011443,0.027464,0.000000,0.000000,0.000000,0.000000,0,0,0,0,0,0,0,0,0,0,0,0.045257568359375,-0.004302978515625,0,0,0,0,0,0,0,0,Object notstarted,Object notstarted,Object notstarted,Object notstarted,Object notstarted,Object notstarted,Object notstarted,Object notstarted,Object notstarted
2024-03-18 10:32:42,163.163,__main___datalogs,INFO,JoyConState.GO_HOME,0.000000,0.000000,0.000000,0.089258,0.006866,0.011443,0.025176,0.000000,0.000000,0.000000,0.000000,0,0,0,0,0,0,0,0,0,0,0,0.045257568359375,-0.004302978515625,0,0,0,0,0,0,0,0,Object notstarted,Object notstarted,Object notstarted,Object notstarted,Object notstarted,Object notstarted,Object notstarted,Object notstarted,Object notstarted
2024-03-18 10:32:42,201.201,__main___datalogs,INFO,JoyConState.GO_HOME,0.000000,0.000000,0.000000,0.089258,0.006866,0.018310,0.027464,0.000000,0.000000,0.000000,0.000000,0,0,0,0,0,0,0,0,0,0,0,0.045257568359375,-0.004302978515625,0,0,0,0,0,0,0,0,Object notstarted,Object notstarted,Object notstarted,Object notstarted,Object notstarted,Object notstarted,Object notstarted,Object notstarted,Object notstarted
2024-03-18 10:32:42,237.237,__main___datalogs,INFO,JoyConState.GO_HOME,0.000000,0.000000,0.000000,0.091547,0.006866,0.013732,0.027464,0.000000,0.000000,0.000000,0.000000,0,0,0,0,0,0,0,0,0,0,0,0.045257568359375,-0.004302978515625,0,0,0,0,0,0,0,0,Object notstarted,Object notstarted,Object notstarted,Object notstarted,Object notstarted,Object notstarted,Object notstarted,Object notstarted,Object notstarted
2024-03-18 10:32:42,274.274,__main___datalogs,INFO,JoyConState.GO_HOME,0.000000,0.000000,0.000000,0.089258,0.006866,0.013732,0.027464,0.000000,0.000000,0.000000,0.000000,0,0,0,0,0,0,0,0,0,0,0,0.045257568359375,-0.004302978515625,0,0,0,0,0,0,0,0,Object notstarted,Object notstarted,Object notstarted,Object notstarted,Object notstarted,Object notstarted,Object notstarted,Object notstarted,Object notstarted
2024-03-18 10:32:42,310.310,__main___datalogs,INFO,JoyConState.GO_HOME,0.000000,0.000000,0.000000,0.089258,0.006866,0.011443,0.020598,0.000000,0.000000,0.000000,0.000000,0,0,0,0,0,0,0,0,0,0,0,0.045257568359375,-0.004302978515625,0,0,0,0,0,0,0,0,Object notstarted,Object notstarted,Object notstarted,Object notstarted,Object notstarted,Object notstarted,Object notstarted,Object notstarted,Object notstarted
2024-03-18 10:32:42,349.349,__main___datalogs,INFO,JoyConState.GO_HOME,0.000000,0.000000,0.000000,0.084681,0.006866,0.013732,0.025176,0.000000,0.000000,0.000000,0.000000,0,0,0,0,0,0,0,0,0,0,0,0.045257568359375,-0.004302978515625,0,0,0,0,0,0,0,0,Object notstarted,Object notstarted,Object notstarted,Object notstarted,Object notstarted,Object notstarted,Object notstarted,Object notstarted,Object notstarted
2024-03-18 10:32:42,386.386,__main___datalogs,INFO,JoyConState.GO_HOME,0.000000,0.000000,0.000000,0.089258,0.006866,0.013732,0.025176,0.000000,0.000000,0.000000,0.000000,0,0,0,0,0,0,0,0,0,0,0,0.045257568359375,-0.004302978515625,0,0,0,0,0,0,0,0,Object notstarted,Object notstarted,Object notstarted,Object notstarted,Object notstarted,Object notstarted,Object notstarted,Object notstarted,Object notstarted
2024-03-18 10:32:42,423.423,__main___datalogs,INFO,JoyConState.GO_HOME,0.000000,0.000000,0.000000,0.091547,0.006866,0.013732,0.025176,0.000000,0.000000,0.000000,0.000000,0,0,0,0,0,0,0,0,0,0,0,0.045257568359375,-0.004302978515625,0,0,0,0,0,0,0,0,Object notstarted,Object notstarted,Object notstarted,Object notstarted,Object notstarted,Object notstarted,Object notstarted,Object notstarted,Object notstarted
2024-03-18 10:32:42,460.460,__main___datalogs,INFO,JoyConState.GO_HOME,0.000000,0.000000,0.000000,0.084681,0.002289,0.013732,0.025176,0.000000,0.000000,0.000000,0.000000,0,0,0,0,0,0,0,0,0,0,0,0.045257568359375,-0.004302978515625,0,0,0,0,0,0,0,0,Object notstarted,Object notstarted,Object notstarted,Object notstarted,Object notstarted,Object notstarted,Object notstarted,Object notstarted,Object notstarted
2024-03-18 10:32:42,497.497,__main___datalogs,INFO,JoyConState.GO_HOME,0.000000,0.000000,0.000000,0.089258,0.006866,0.011443,0.020598,0.000000,0.000000,0.000000,0.000000,0,0,0,0,0,0,0,0,0,0,0,0.045257568359375,-0.004302978515625,0,0,0,0,0,0,0,0,Object notstarted,Object notstarted,Object notstarted,Object notstarted,Object notstarted,Object notstarted,Object notstarted,Object notstarted,Object notstarted
2024-03-18 10:32:42,534.534,__main___datalogs,INFO,JoyConState.GO_HOME,0.000000,0.000000,0.000000,0.089258,0.002289,0.011443,0.025176,0.000000,0.000000,0.000000,0.000000,0,0,0,0,0,0,0,0,0,0,0,0.045257568359375,-0.004302978515625,0,0,0,0,0,0,0,0,Object notstarted,Object notstarted,Object notstarted,Object notstarted,Object notstarted,Object notstarted,Object notstarted,Object notstarted,Object notstarted
2024-03-18 10:32:42,571.571,__main___datalogs,INFO,JoyConState.GO_HOME,0.000000,0.000000,0.000000,0.089258,0.002289,0.011443,0.020598,0.000000,0.000000,0.000000,0.000000,0,0,0,0,0,0,0,0,0,0,0,0.045257568359375,-0.004302978515625,0,0,0,0,0,0,0,0,Object notstarted,Object notstarted,Object notstarted,Object notstarted,Object notstarted,Object notstarted,Object notstarted,Object notstarted,Object notstarted
2024-03-18 10:32:42,608.608,__main___datalogs,INFO,JoyConState.GO_HOME,0.000000,0.000000,0.000000,0.091547,0.002289,0.011443,0.027464,0.000000,0.000000,0.000000,0.000000,0,0,0,0,0,0,0,0,0,0,0,0.045257568359375,-0.004302978515625,0,0,0,0,0,0,0,0,Object notstarted,Object notstarted,Object notstarted,Object notstarted,Object notstarted,Object notstarted,Object notstarted,Object notstarted,Object notstarted
2024-03-18 10:32:42,645.645,__main___datalogs,INFO,JoyConState.GO_HOME,0.000000,0.000000,0.000000,0.089258,0.006866,0.011443,0.025176,0.000000,0.000000,0.000000,0.000000,0,0,0,0,0,0,0,0,0,0,0,0.045257568359375,-0.004302978515625,0,0,0,0,0,0,0,0,Object notstarted,Object notstarted,Object notstarted,Object notstarted,Object notstarted,Object notstarted,Object notstarted,Object notstarted,Object notstarted
2024-03-18 10:32:42,681.681,__main___datalogs,INFO,JoyConState.GO_HOME,0.000000,0.000000,0.000000,0.089258,0.006866,0.013732,0.025176,0.000000,0.000000,0.000000,0.000000,0,0,0,0,0,0,0,0,0,0,0,0.045257568359375,-0.004302978515625,0,0,0,0,0,0,0,0,Object notstarted,Object notstarted,Object notstarted,Object notstarted,Object notstarted,Object notstarted,Object notstarted,Object notstarted,Object notstarted
2024-03-18 10:32:42,719.719,__main___datalogs,INFO,JoyConState.GO_HOME,0.000000,0.000000,0.000000,0.091547,0.006866,0.018310,0.027464,0.000000,0.000000,0.000000,0.000000,0,0,0,0,0,0,0,0,0,0,0,0.045257568359375,-0.004302978515625,0,0,0,0,0,0,0,0,Object notstarted,Object notstarted,Object notstarted,Object notstarted,Object notstarted,Object notstarted,Object notstarted,Object notstarted,Object notstarted
2024-03-18 10:32:42,755.755,__main___datalogs,INFO,JoyConState.GO_HOME,0.000000,0.000000,0.000000,0.091547,0.006866,0.011443,0.027464,0.000000,0.000000,0.000000,0.000000,0,0,0,0,0,0,0,0,0,0,0,0.045257568359375,-0.004302978515625,0,0,0,0,0,0,0,0,Object notstarted,Object notstarted,Object notstarted,Object notstarted,Object notstarted,Object notstarted,Object notstarted,Object notstarted,Object notstarted
2024-03-18 10:32:42,793.793,__main___datalogs,INFO,JoyConState.GO_HOME,0.000000,0.000000,0.000000,0.084681,0.006866,0.004577,0.027464,0.000000,0.000000,0.000000,0.000000,0,0,0,0,0,0,0,0,0,0,0,0.045257568359375,-0.004302978515625,0,0,0,0,0,0,0,0,Object notstarted,Object notstarted,Object notstarted,Object notstarted,Object notstarted,Object notstarted,Object notstarted,Object notstarted,Object notstarted
2024-03-18 10:32:42,829.829,__main___datalogs,INFO,JoyConState.GO_HOME,0.000000,0.000000,0.000000,0.089258,0.006866,0.013732,0.020598,0.000000,0.000000,0.000000,0.000000,0,0,0,0,0,0,0,0,0,0,0,0.045257568359375,-0.004302978515625,0,0,0,0,0,0,0,0,Object notstarted,Object notstarted,Object notstarted,Object notstarted,Object notstarted,Object notstarted,Object notstarted,Object notstarted,Object notstarted
2024-03-18 10:32:42,867.867,__main___datalogs,INFO,JoyConState.GO_HOME,0.000000,0.000000,0.000000,0.091547,0.006866,0.013732,0.020598,0.000000,0.000000,0.000000,0.000000,0,0,0,0,0,0,0,0,0,0,0,0.045257568359375,-0.004302978515625,0,0,0,0,0,0,0,0,Object notstarted,Object notstarted,Object notstarted,Object notstarted,Object notstarted,Object notstarted,Object notstarted,Object notstarted,Object notstarted
2024-03-18 10:32:42,906.906,__main___datalogs,INFO,JoyConState.GO_HOME,0.000000,0.000000,0.000000,0.091547,0.006866,0.013732,0.020598,0.000000,0.000000,0.000000,0.000000,0,0,0,0,0,0,0,0,0,0,0,0.045257568359375,-0.004302978515625,0,0,0,0,0,0,0,0,Object notstarted,Object notstarted,Object notstarted,Object notstarted,Object notstarted,Object notstarted,Object notstarted,Object notstarted,Object notstarted
2024-03-18 10:32:42,943.943,__main___datalogs,INFO,JoyConState.GO_HOME,0.000000,0.000000,0.000000,0.089258,0.006866,0.011443,0.025176,0.000000,0.000000,0.000000,0.000000,0,0,0,0,0,0,0,0,0,0,0,0.045257568359375,-0.004302978515625,0,0,0,0,0,0,0,0,Object notstarted,Object notstarted,Object notstarted,Object notstarted,Object notstarted,Object notstarted,Object notstarted,Object notstarted,Object notstarted
2024-03-18 10:32:42,979.979,__main___datalogs,INFO,JoyConState.GO_HOME,0.000000,0.000000,0.000000,0.089258,0.006866,0.011443,0.025176,0.000000,0.000000,0.000000,0.000000,0,0,0,0,0,0,0,0,0,0,0,0.045257568359375,-0.004302978515625,0,0,0,0,0,0,0,0,Object notstarted,Object notstarted,Object notstarted,Object notstarted,Object notstarted,Object notstarted,Object notstarted,Object notstarted,Object notstarted
2024-03-18 10:32:43,015.015,__main___datalogs,INFO,JoyConState.GO_HOME,0.000000,0.000000,0.000000,0.089258,0.006866,0.013732,0.025176,0.000000,0.000000,0.000000,0.000000,0,0,0,0,0,0,0,0,0,0,0,0.045257568359375,-0.004302978515625,0,0,0,0,0,0,0,0,Object notstarted,Object notstarted,Object notstarted,Object notstarted,Object notstarted,Object notstarted,Object notstarted,Object notstarted,Object notstarted
2024-03-18 10:32:43,053.053,__main___datalogs,INFO,JoyConState.GO_HOME,0.000000,0.000000,0.000000,0.089258,0.006866,0.013732,0.025176,0.000000,0.000000,0.000000,0.000000,0,0,0,0,0,0,0,0,0,0,0,0.045257568359375,-0.004302978515625,0,0,0,0,0,0,0,0,Object notstarted,Object notstarted,Object notstarted,Object notstarted,Object notstarted,Object notstarted,Object notstarted,Object notstarted,Object notstarted
2024-03-18 10:32:43,090.090,__main___datalogs,INFO,JoyConState.GO_HOME,0.000000,0.000000,0.000000,0.089258,0.006866,0.013732,0.025176,0.000000,0.000000,0.000000,0.000000,0,0,0,0,0,0,0,0,0,0,0,0.045257568359375,-0.004302978515625,0,0,0,0,0,0,0,0,Object notstarted,Object notstarted,Object notstarted,Object notstarted,Object notstarted,Object notstarted,Object notstarted,Object notstarted,Object notstarted
2024-03-18 10:32:43,135.135,__main___datalogs,INFO,JoyConState.GO_HOME,0.000000,0.000000,0.000000,0.091547,0.006866,0.011443,0.025176,0.000000,0.000000,0.000000,0.000000,0,0,0,0,0,0,0,0,0,0,0,0.045257568359375,-0.004302978515625,0,0,0,0,0,0,0,0,Object notstarted,Object notstarted,Object notstarted,Object notstarted,Object notstarted,Object notstarted,Object notstarted,Object notstarted,Object notstarted
2024-03-18 10:32:43,174.174,__main___datalogs,INFO,JoyConState.GO_HOME,0.000000,0.000000,0.000000,0.089258,0.006866,0.011443,0.027464,0.000000,0.000000,0.000000,0.000000,0,0,0,0,0,0,0,0,0,0,0,0.045257568359375,-0.004302978515625,0,0,0,0,0,0,0,0,Object notstarted,Object notstarted,Object notstarted,Object notstarted,Object notstarted,Object notstarted,Object notstarted,Object notstarted,Object notstarted
2024-03-18 10:32:43,210.210,__main___datalogs,INFO,JoyConState.GO_HOME,0.000000,0.000000,0.000000,0.091547,0.006866,0.018310,0.020598,0.000000,0.000000,0.000000,0.000000,0,0,0,0,0,0,0,0,0,0,0,0.045257568359375,-0.004302978515625,0,0,0,0,0,0,0,0,Object notstarted,Object notstarted,Object notstarted,Object notstarted,Object notstarted,Object notstarted,Object notstarted,Object notstarted,Object notstarted
2024-03-18 10:32:43,247.247,__main___datalogs,INFO,JoyConState.GO_HOME,0.000000,0.000000,0.000000,0.091547,0.006866,0.013732,0.020598,0.000000,0.000000,0.000000,0.000000,0,0,0,0,0,0,0,0,0,0,0,0.045257568359375,-0.004302978515625,0,0,0,0,0,0,0,0,Object notstarted,Object notstarted,Object notstarted,Object notstarted,Object notstarted,Object notstarted,Object notstarted,Object notstarted,Object notstarted
2024-03-18 10:32:43,278.278,__main___datalogs,INFO,JoyConState.GO_HOME,0.000000,0.000000,0.000000,0.089258,0.006866,0.013732,0.020598,0.000000,0.000000,0.000000,0.000000,0,0,0,0,0,0,0,0,0,0,0,0.045257568359375,-0.004302978515625,0,0,0,0,0,0,0,0,Object notstarted,Object notstarted,Object notstarted,Object notstarted,Object notstarted,Object notstarted,Object notstarted,Object notstarted,Object notstarted
2024-03-18 10:32:43,310.310,__main___datalogs,INFO,JoyConState.GO_HOME,0.000000,0.000000,0.000000,0.089258,0.006866,0.013732,0.025176,0.000000,0.000000,0.000000,0.000000,0,0,0,0,0,0,0,0,0,0,0,0.045257568359375,-0.004302978515625,0,0,0,0,0,0,0,0,Object notstarted,Object notstarted,Object notstarted,Object notstarted,Object notstarted,Object notstarted,Object notstarted,Object notstarted,Object notstarted
2024-03-18 10:32:43,342.342,__main___datalogs,INFO,JoyConState.GO_HOME,0.000000,0.000000,0.000000,0.089258,0.002289,0.013732,0.020598,0.000000,0.000000,0.000000,0.000000,0,0,0,0,0,0,0,0,0,0,0,0.045257568359375,-0.004302978515625,0,0,0,0,0,0,0,0,Object notstarted,Object notstarted,Object notstarted,Object notstarted,Object notstarted,Object notstarted,Object notstarted,Object notstarted,Object notstarted
2024-03-18 10:32:43,374.374,__main___datalogs,INFO,JoyConState.GO_HOME,0.000000,0.000000,0.000000,0.084681,0.002289,0.013732,0.025176,0.000000,0.000000,0.000000,0.000000,0,0,0,0,0,0,0,0,0,0,0,0.045257568359375,-0.004302978515625,0,0,0,0,0,0,0,0,Object notstarted,Object notstarted,Object notstarted,Object notstarted,Object notstarted,Object notstarted,Object notstarted,Object notstarted,Object notstarted
2024-03-18 10:32:43,406.406,__main___datalogs,INFO,JoyConState.GO_HOME,0.000000,0.000000,0.000000,0.084681,0.002289,0.013732,0.027464,0.000000,0.000000,0.000000,0.000000,0,0,0,0,0,0,0,0,0,0,0,0.045257568359375,-0.004302978515625,0,0,0,0,0,0,0,0,Object notstarted,Object notstarted,Object notstarted,Object notstarted,Object notstarted,Object notstarted,Object notstarted,Object notstarted,Object notstarted
2024-03-18 10:32:43,438.438,__main___datalogs,INFO,JoyConState.GO_HOME,0.000000,0.000000,0.000000,0.084681,0.006866,0.013732,0.027464,0.000000,0.000000,0.000000,0.000000,0,0,0,0,0,0,0,0,0,0,0,0.045257568359375,-0.004302978515625,0,0,0,0,0,0,0,0,Object notstarted,Object notstarted,Object notstarted,Object notstarted,Object notstarted,Object notstarted,Object notstarted,Object notstarted,Object notstarted
2024-03-18 10:32:43,470.470,__main___datalogs,INFO,JoyConState.GO_HOME,0.000000,0.000000,0.000000,0.089258,0.006866,0.013732,0.025176,0.000000,0.000000,0.000000,0.000000,0,0,0,0,0,0,0,0,0,0,0,0.045257568359375,-0.004302978515625,0,0,0,0,0,0,0,0,Object notstarted,Object notstarted,Object notstarted,Object notstarted,Object notstarted,Object notstarted,Object notstarted,Object notstarted,Object notstarted
2024-03-18 10:32:43,503.503,__main___datalogs,INFO,JoyConState.GO_HOME,0.000000,0.000000,0.000000,0.084681,0.006866,0.013732,0.025176,0.000000,0.000000,0.000000,0.000000,0,0,0,0,0,0,0,0,0,0,0,0.045257568359375,-0.004302978515625,0,0,0,0,0,0,0,0,Object notstarted,Object notstarted,Object notstarted,Object notstarted,Object notstarted,Object notstarted,Object notstarted,Object notstarted,Object notstarted
2024-03-18 10:32:43,540.540,__main___datalogs,INFO,JoyConState.GO_HOME,0.000000,0.000000,0.000000,0.084681,0.006866,0.013732,0.025176,0.000000,0.000000,0.000000,0.000000,0,0,0,0,0,0,0,0,0,0,0,0.045257568359375,-0.004302978515625,0,0,0,0,0,0,0,0,Object notstarted,Object notstarted,Object notstarted,Object notstarted,Object notstarted,Object notstarted,Object notstarted,Object notstarted,Object notstarted
2024-03-18 10:32:43,577.577,__main___datalogs,INFO,JoyConState.GO_HOME,0.000000,0.000000,0.000000,0.089258,0.009155,0.013732,0.025176,0.000000,0.000000,0.000000,0.000000,0,0,0,0,0,0,0,0,0,0,0,0.045257568359375,-0.004302978515625,0,0,0,0,0,0,0,0,Object notstarted,Object notstarted,Object notstarted,Object notstarted,Object notstarted,Object notstarted,Object notstarted,Object notstarted,Object notstarted
2024-03-18 10:32:43,614.614,__main___datalogs,INFO,JoyConState.GO_HOME,0.000000,0.000000,0.000000,0.091547,0.006866,0.013732,0.025176,0.000000,0.000000,0.000000,0.000000,0,0,0,0,0,0,0,0,0,0,0,0.045257568359375,-0.004302978515625,0,0,0,0,0,0,0,0,Object notstarted,Object notstarted,Object notstarted,Object notstarted,Object notstarted,Object notstarted,Object notstarted,Object notstarted,Object notstarted
2024-03-18 10:32:43,652.652,__main___datalogs,INFO,JoyConState.GO_HOME,0.000000,0.000000,0.000000,0.091547,0.006866,0.013732,0.027464,0.000000,0.000000,0.000000,0.000000,0,0,0,0,0,0,0,0,0,0,0,0.045257568359375,-0.004302978515625,0,0,0,0,0,0,0,0,Object notstarted,Object notstarted,Object notstarted,Object notstarted,Object notstarted,Object notstarted,Object notstarted,Object notstarted,Object notstarted
2024-03-18 10:32:43,689.689,__main___datalogs,INFO,JoyConState.GO_HOME,0.000000,0.000000,0.000000,0.089258,0.006866,0.013732,0.025176,0.000000,0.000000,0.000000,0.000000,0,0,0,0,0,0,0,0,0,0,0,0.045257568359375,-0.004302978515625,0,0,0,0,0,0,0,0,Object notstarted,Object notstarted,Object notstarted,Object notstarted,Object notstarted,Object notstarted,Object notstarted,Object notstarted,Object notstarted
2024-03-18 10:32:43,725.725,__main___datalogs,INFO,JoyConState.GO_HOME,0.000000,0.000000,0.000000,0.091547,0.006866,0.013732,0.025176,0.000000,0.000000,0.000000,0.000000,0,0,0,0,0,0,0,0,0,0,0,0.045257568359375,-0.004302978515625,0,0,0,0,0,0,0,0,Object notstarted,Object notstarted,Object notstarted,Object notstarted,Object notstarted,Object notstarted,Object notstarted,Object notstarted,Object notstarted
2024-03-18 10:32:43,762.762,__main___datalogs,INFO,JoyConState.GO_HOME,0.000000,0.000000,0.000000,0.091547,0.006866,0.013732,0.027464,0.000000,0.000000,0.000000,0.000000,0,0,0,0,0,0,0,0,0,0,0,0.045257568359375,-0.004302978515625,0,0,0,0,0,0,0,0,Object notstarted,Object notstarted,Object notstarted,Object notstarted,Object notstarted,Object notstarted,Object notstarted,Object notstarted,Object notstarted
2024-03-18 10:32:43,800.800,__main___datalogs,INFO,JoyConState.GO_HOME,0.000000,0.000000,0.000000,0.089258,0.006866,0.013732,0.025176,0.000000,0.000000,0.000000,0.000000,0,0,0,0,0,0,0,0,0,0,0,0.045257568359375,-0.004302978515625,0,0,0,0,0,0,0,0,Object notstarted,Object notstarted,Object notstarted,Object notstarted,Object notstarted,Object notstarted,Object notstarted,Object notstarted,Object notstarted
2024-03-18 10:32:43,836.836,__main___datalogs,INFO,JoyConState.GO_HOME,0.000000,0.000000,0.000000,0.091547,0.006866,0.013732,0.025176,0.000000,0.000000,0.000000,0.000000,0,0,0,0,0,0,0,0,0,0,0,0.045257568359375,-0.004302978515625,0,0,0,0,0,0,0,0,Object notstarted,Object notstarted,Object notstarted,Object notstarted,Object notstarted,Object notstarted,Object notstarted,Object notstarted,Object notstarted
2024-03-18 10:32:43,874.874,__main___datalogs,INFO,JoyConState.GO_HOME,0.000000,0.000000,0.000000,0.089258,0.006866,0.011443,0.025176,0.000000,0.000000,0.000000,0.000000,0,0,0,0,0,0,0,0,0,0,0,0.045257568359375,-0.004302978515625,0,0,0,0,0,0,0,0,Object notstarted,Object notstarted,Object notstarted,Object notstarted,Object notstarted,Object notstarted,Object notstarted,Object notstarted,Object notstarted
2024-03-18 10:32:43,913.913,__main___datalogs,INFO,JoyConState.GO_HOME,0.000000,0.000000,0.000000,0.089258,0.006866,0.013732,0.020598,0.000000,0.000000,0.000000,0.000000,0,0,0,0,0,0,0,0,0,0,0,0.045257568359375,-0.004302978515625,0,0,0,0,0,0,0,0,Object notstarted,Object notstarted,Object notstarted,Object notstarted,Object notstarted,Object notstarted,Object notstarted,Object notstarted,Object notstarted
2024-03-18 10:32:43,951.951,__main___datalogs,INFO,JoyConState.GO_HOME,0.000000,0.000000,0.000000,0.089258,0.002289,0.013732,0.025176,0.000000,0.000000,0.000000,0.000000,0,0,0,0,0,0,0,0,0,0,0,0.045257568359375,-0.004302978515625,0,0,0,0,0,0,0,0,Object notstarted,Object notstarted,Object notstarted,Object notstarted,Object notstarted,Object notstarted,Object notstarted,Object notstarted,Object notstarted
2024-03-18 10:32:43,988.988,__main___datalogs,INFO,JoyConState.GO_HOME,0.000000,0.000000,0.000000,0.084681,0.002289,0.013732,0.027464,0.000000,0.000000,0.000000,0.000000,0,0,0,0,0,0,0,0,0,0,0,0.045257568359375,-0.004302978515625,0,0,0,0,0,0,0,0,Object notstarted,Object notstarted,Object notstarted,Object notstarted,Object notstarted,Object notstarted,Object notstarted,Object notstarted,Object notstarted
2024-03-18 10:32:44,025.025,__main___datalogs,INFO,JoyConState.GO_HOME,0.000000,0.000000,0.000000,0.089258,0.006866,0.018310,0.027464,0.000000,0.000000,0.000000,0.000000,0,0,0,0,0,0,0,0,0,0,0,0.045257568359375,-0.004302978515625,0,0,0,0,0,0,0,0,Object notstarted,Object notstarted,Object notstarted,Object notstarted,Object notstarted,Object notstarted,Object notstarted,Object notstarted,Object notstarted
2024-03-18 10:32:44,061.061,__main___datalogs,INFO,JoyConState.GO_HOME,0.000000,0.000000,0.000000,0.091547,0.009155,0.013732,0.025176,0.000000,0.000000,0.000000,0.000000,0,0,0,0,0,0,0,0,0,0,0,0.045257568359375,-0.004302978515625,0,0,0,0,0,0,0,0,Object notstarted,Object notstarted,Object notstarted,Object notstarted,Object notstarted,Object notstarted,Object notstarted,Object notstarted,Object notstarted
2024-03-18 10:32:44,098.098,__main___datalogs,INFO,JoyConState.GO_HOME,0.000000,0.000000,0.000000,0.091547,0.006866,0.013732,0.025176,0.000000,0.000000,0.000000,0.000000,0,0,0,0,0,0,0,0,0,0,0,0.045257568359375,-0.004302978515625,0,0,0,0,0,0,0,0,Object notstarted,Object notstarted,Object notstarted,Object notstarted,Object notstarted,Object notstarted,Object notstarted,Object notstarted,Object notstarted
2024-03-18 10:32:44,136.136,__main___datalogs,INFO,JoyConState.GO_HOME,0.000000,0.000000,0.000000,0.091547,0.006866,0.013732,0.025176,0.000000,0.000000,0.000000,0.000000,0,0,0,0,0,0,0,0,0,0,0,0.045257568359375,-0.004302978515625,0,0,0,0,0,0,0,0,Object notstarted,Object notstarted,Object notstarted,Object notstarted,Object notstarted,Object notstarted,Object notstarted,Object notstarted,Object notstarted
2024-03-18 10:32:44,175.175,__main___datalogs,INFO,JoyConState.GO_HOME,0.000000,0.000000,0.000000,0.091547,0.006866,0.013732,0.025176,0.000000,0.000000,0.000000,0.000000,0,0,0,0,0,0,0,0,0,0,0,0.045257568359375,-0.004302978515625,0,0,0,0,0,0,0,0,Object notstarted,Object notstarted,Object notstarted,Object notstarted,Object notstarted,Object notstarted,Object notstarted,Object notstarted,Object notstarted
2024-03-18 10:32:44,221.221,__main___datalogs,INFO,JoyConState.GO_HOME,0.000000,0.000000,0.000000,0.089258,0.006866,0.013732,0.025176,0.000000,0.000000,0.000000,0.000000,0,0,0,0,0,0,0,0,0,0,0,0.045257568359375,-0.004302978515625,0,0,0,0,0,0,0,0,Object notstarted,Object notstarted,Object notstarted,Object notstarted,Object notstarted,Object notstarted,Object notstarted,Object notstarted,Object notstarted
2024-03-18 10:32:44,258.258,__main___datalogs,INFO,JoyConState.GO_HOME,0.000000,0.000000,0.000000,0.084681,0.009155,0.013732,0.025176,0.000000,0.000000,0.000000,0.000000,0,0,0,0,0,0,0,0,0,0,0,0.045257568359375,-0.004302978515625,0,0,0,0,0,0,0,0,Object notstarted,Object notstarted,Object notstarted,Object notstarted,Object notstarted,Object notstarted,Object notstarted,Object notstarted,Object notstarted
2024-03-18 10:32:44,295.295,__main___datalogs,INFO,JoyConState.GO_HOME,0.000000,0.000000,0.000000,0.084681,0.009155,0.013732,0.027464,0.000000,0.000000,0.000000,0.000000,0,0,0,0,0,0,0,0,0,0,0,0.045257568359375,-0.004302978515625,0,0,0,0,0,0,0,0,Object notstarted,Object notstarted,Object notstarted,Object notstarted,Object notstarted,Object notstarted,Object notstarted,Object notstarted,Object notstarted
2024-03-18 10:32:44,332.332,__main___datalogs,INFO,JoyConState.GO_HOME,0.000000,0.000000,0.000000,0.091547,0.006866,0.011443,0.025176,0.000000,0.000000,0.000000,0.000000,0,0,0,0,0,0,0,0,0,0,0,0.045257568359375,-0.004302978515625,0,0,0,0,0,0,0,0,Object notstarted,Object notstarted,Object notstarted,Object notstarted,Object notstarted,Object notstarted,Object notstarted,Object notstarted,Object notstarted
2024-03-18 10:32:44,369.369,__main___datalogs,INFO,JoyConState.GO_HOME,0.000000,0.000000,0.000000,0.091547,0.006866,0.011443,0.027464,0.000000,0.000000,0.000000,0.000000,0,0,0,0,0,0,0,0,0,0,0,0.045257568359375,-0.004302978515625,0,0,0,0,0,0,0,0,Object notstarted,Object notstarted,Object notstarted,Object notstarted,Object notstarted,Object notstarted,Object notstarted,Object notstarted,Object notstarted
2024-03-18 10:32:44,406.406,__main___datalogs,INFO,JoyConState.GO_HOME,0.000000,0.000000,0.000000,0.091547,0.006866,0.013732,0.025176,0.000000,0.000000,0.000000,0.000000,0,0,0,0,0,0,0,0,0,0,0,0.045257568359375,-0.004302978515625,0,0,0,0,0,0,0,0,Object notstarted,Object notstarted,Object notstarted,Object notstarted,Object notstarted,Object notstarted,Object notstarted,Object notstarted,Object notstarted
2024-03-18 10:32:44,443.443,__main___datalogs,INFO,JoyConState.GO_HOME,0.000000,0.000000,0.000000,0.089258,0.009155,0.013732,0.020598,0.000000,0.000000,0.000000,0.000000,0,0,0,0,0,0,0,0,0,0,0,0.045257568359375,-0.004302978515625,0,0,0,0,0,0,0,0,Object notstarted,Object notstarted,Object notstarted,Object notstarted,Object notstarted,Object notstarted,Object notstarted,Object notstarted,Object notstarted
2024-03-18 10:32:44,479.479,__main___datalogs,INFO,JoyConState.GO_HOME,0.000000,0.000000,0.000000,0.091547,0.009155,0.013732,0.020598,0.000000,0.000000,0.000000,0.000000,0,0,0,0,0,0,0,0,0,0,0,0.045257568359375,-0.004302978515625,0,0,0,0,0,0,0,0,Object notstarted,Object notstarted,Object notstarted,Object notstarted,Object notstarted,Object notstarted,Object notstarted,Object notstarted,Object notstarted
2024-03-18 10:32:44,516.516,__main___datalogs,INFO,JoyConState.GO_HOME,0.000000,0.000000,0.000000,0.091547,0.006866,0.013732,0.025176,0.000000,0.000000,0.000000,0.000000,0,0,0,0,0,0,0,0,0,0,0,0.045257568359375,-0.004302978515625,0,0,0,0,0,0,0,0,Object notstarted,Object notstarted,Object notstarted,Object notstarted,Object notstarted,Object notstarted,Object notstarted,Object notstarted,Object notstarted
2024-03-18 10:32:44,553.553,__main___datalogs,INFO,JoyConState.GO_HOME,0.000000,0.000000,0.000000,0.091547,0.006866,0.013732,0.020598,0.000000,0.000000,0.000000,0.000000,0,0,0,0,0,0,0,0,0,0,0,0.045257568359375,-0.004302978515625,0,0,0,0,0,0,0,0,Object notstarted,Object notstarted,Object notstarted,Object notstarted,Object notstarted,Object notstarted,Object notstarted,Object notstarted,Object notstarted
2024-03-18 10:32:44,590.590,__main___datalogs,INFO,JoyConState.GO_HOME,0.000000,0.000000,0.000000,0.091547,0.006866,0.013732,0.020598,0.000000,0.000000,0.000000,0.000000,0,0,0,0,0,0,0,0,0,0,0,0.045257568359375,-0.004302978515625,0,0,0,0,0,0,0,0,Object notstarted,Object notstarted,Object notstarted,Object notstarted,Object notstarted,Object notstarted,Object notstarted,Object notstarted,Object notstarted
2024-03-18 10:32:44,627.627,__main___datalogs,INFO,JoyConState.GO_HOME,0.000000,0.000000,0.000000,0.091547,0.002289,0.013732,0.025176,0.000000,0.000000,0.000000,0.000000,0,0,0,0,0,0,0,0,0,0,0,0.045257568359375,-0.004302978515625,0,0,0,0,0,0,0,0,Object notstarted,Object notstarted,Object notstarted,Object notstarted,Object notstarted,Object notstarted,Object notstarted,Object notstarted,Object notstarted
2024-03-18 10:32:44,663.663,__main___datalogs,INFO,JoyConState.GO_HOME,0.000000,0.000000,0.000000,0.091547,0.006866,0.013732,0.020598,0.000000,0.000000,0.000000,0.000000,0,0,0,0,0,0,0,0,0,0,0,0.045257568359375,-0.004302978515625,0,0,0,0,0,0,0,0,Object notstarted,Object notstarted,Object notstarted,Object notstarted,Object notstarted,Object notstarted,Object notstarted,Object notstarted,Object notstarted
2024-03-18 10:32:44,701.701,__main___datalogs,INFO,JoyConState.GO_HOME,0.000000,0.000000,0.000000,0.091547,0.006866,0.013732,0.025176,0.000000,0.000000,0.000000,0.000000,0,0,0,0,0,0,0,0,0,0,0,0.045257568359375,-0.004302978515625,0,0,0,0,0,0,0,0,Object notstarted,Object notstarted,Object notstarted,Object notstarted,Object notstarted,Object notstarted,Object notstarted,Object notstarted,Object notstarted
2024-03-18 10:32:44,738.738,__main___datalogs,INFO,JoyConState.GO_HOME,0.000000,0.000000,0.000000,0.089258,0.006866,0.011443,0.020598,0.000000,0.000000,0.000000,0.000000,0,0,0,0,0,0,0,0,0,0,0,0.045257568359375,-0.004302978515625,0,0,0,0,0,0,0,0,Object notstarted,Object notstarted,Object notstarted,Object notstarted,Object notstarted,Object notstarted,Object notstarted,Object notstarted,Object notstarted
2024-03-18 10:32:44,775.775,__main___datalogs,INFO,JoyConState.GO_HOME,0.000000,0.000000,0.000000,0.089258,0.002289,0.013732,0.025176,0.000000,0.000000,0.000000,0.000000,0,0,0,0,0,0,0,0,0,0,0,0.045257568359375,-0.004302978515625,0,0,0,0,0,0,0,0,Object notstarted,Object notstarted,Object notstarted,Object notstarted,Object notstarted,Object notstarted,Object notstarted,Object notstarted,Object notstarted
2024-03-18 10:32:44,811.811,__main___datalogs,INFO,JoyConState.GO_HOME,0.000000,0.000000,0.000000,0.084681,0.002289,0.013732,0.025176,0.000000,0.000000,0.000000,0.000000,0,0,0,0,0,0,0,0,0,0,0,0.045257568359375,-0.004302978515625,0,0,0,0,0,0,0,0,Object notstarted,Object notstarted,Object notstarted,Object notstarted,Object notstarted,Object notstarted,Object notstarted,Object notstarted,Object notstarted
2024-03-18 10:32:44,849.849,__main___datalogs,INFO,JoyConState.GO_HOME,0.000000,0.000000,0.000000,0.089258,0.002289,0.013732,0.020598,0.000000,0.000000,0.000000,0.000000,0,0,0,0,0,0,0,0,0,0,0,0.045257568359375,-0.004302978515625,0,0,0,0,0,0,0,0,Object notstarted,Object notstarted,Object notstarted,Object notstarted,Object notstarted,Object notstarted,Object notstarted,Object notstarted,Object notstarted
2024-03-18 10:32:44,886.886,__main___datalogs,INFO,JoyConState.GO_HOME,0.000000,0.000000,0.000000,0.089258,0.002289,0.013732,0.020598,0.000000,0.000000,0.000000,0.000000,0,0,0,0,0,0,0,0,0,0,0,0.045257568359375,-0.004302978515625,0,0,0,0,0,0,0,0,Object notstarted,Object notstarted,Object notstarted,Object notstarted,Object notstarted,Object notstarted,Object notstarted,Object notstarted,Object notstarted
2024-03-18 10:32:44,923.923,__main___datalogs,INFO,JoyConState.GO_HOME,0.000000,0.000000,0.000000,0.091547,0.002289,0.013732,0.025176,0.000000,0.000000,0.000000,0.000000,0,0,0,0,0,0,0,0,0,0,0,0.045257568359375,-0.004302978515625,0,0,0,0,0,0,0,0,Object notstarted,Object notstarted,Object notstarted,Object notstarted,Object notstarted,Object notstarted,Object notstarted,Object notstarted,Object notstarted
2024-03-18 10:32:44,961.961,__main___datalogs,INFO,JoyConState.GO_HOME,0.000000,0.000000,0.000000,0.091547,0.006866,0.013732,0.025176,0.000000,0.000000,0.000000,0.000000,0,0,0,0,0,0,0,0,0,0,0,0.045257568359375,-0.004302978515625,0,0,0,0,0,0,0,0,Object notstarted,Object notstarted,Object notstarted,Object notstarted,Object notstarted,Object notstarted,Object notstarted,Object notstarted,Object notstarted
2024-03-18 10:32:44,998.998,__main___datalogs,INFO,JoyConState.GO_HOME,0.000000,0.000000,0.000000,0.089258,0.006866,0.013732,0.025176,0.000000,0.000000,0.000000,0.000000,0,0,0,0,0,0,0,0,0,0,0,0.045257568359375,-0.004302978515625,0,0,0,0,0,0,0,0,Object notstarted,Object notstarted,Object notstarted,Object notstarted,Object notstarted,Object notstarted,Object notstarted,Object notstarted,Object notstarted
2024-03-18 10:32:45,035.035,__main___datalogs,INFO,JoyConState.GO_HOME,0.000000,0.000000,0.000000,0.089258,0.006866,0.018310,0.027464,0.000000,0.000000,0.000000,0.000000,0,0,0,0,0,0,0,0,0,0,0,0.045257568359375,-0.004302978515625,0,0,0,0,0,0,0,0,Object notstarted,Object notstarted,Object notstarted,Object notstarted,Object notstarted,Object notstarted,Object notstarted,Object notstarted,Object notstarted
2024-03-18 10:32:45,072.072,__main___datalogs,INFO,JoyConState.GO_HOME,0.000000,0.000000,0.000000,0.089258,0.002289,0.013732,0.025176,0.000000,0.000000,0.000000,0.000000,0,0,0,0,0,0,0,0,0,0,0,0.045257568359375,-0.004302978515625,0,0,0,0,0,0,0,0,Object notstarted,Object notstarted,Object notstarted,Object notstarted,Object notstarted,Object notstarted,Object notstarted,Object notstarted,Object notstarted
2024-03-18 10:32:45,108.108,__main___datalogs,INFO,JoyConState.GO_HOME,0.000000,0.000000,0.000000,0.089258,0.002289,0.011443,0.020598,0.000000,0.000000,0.000000,0.000000,0,0,0,0,0,0,0,0,0,0,0,0.045257568359375,-0.004302978515625,0,0,0,0,0,0,0,0,Object notstarted,Object notstarted,Object notstarted,Object notstarted,Object notstarted,Object notstarted,Object notstarted,Object notstarted,Object notstarted
2024-03-18 10:32:45,146.146,__main___datalogs,INFO,JoyConState.GO_HOME,0.000000,0.000000,0.000000,0.091547,0.002289,0.011443,0.025176,0.000000,0.000000,0.000000,0.000000,0,0,0,0,0,0,0,0,0,0,0,0.045257568359375,-0.004302978515625,0,0,0,0,0,0,0,0,Object notstarted,Object notstarted,Object notstarted,Object notstarted,Object notstarted,Object notstarted,Object notstarted,Object notstarted,Object notstarted
2024-03-18 10:32:45,184.184,__main___datalogs,INFO,JoyConState.GO_HOME,0.000000,0.000000,0.000000,0.091547,0.006866,0.011443,0.020598,0.000000,0.000000,0.000000,0.000000,0,0,0,0,0,0,0,0,0,0,0,0.045257568359375,-0.004302978515625,0,0,0,0,0,0,0,0,Object notstarted,Object notstarted,Object notstarted,Object notstarted,Object notstarted,Object notstarted,Object notstarted,Object notstarted,Object notstarted
2024-03-18 10:32:45,220.220,__main___datalogs,INFO,JoyConState.GO_HOME,0.000000,0.000000,0.000000,0.091547,0.006866,0.011443,0.025176,0.000000,0.000000,0.000000,0.000000,0,0,0,0,0,0,0,0,0,0,0,0.045257568359375,-0.004302978515625,0,0,0,0,0,0,0,0,Object notstarted,Object notstarted,Object notstarted,Object notstarted,Object notstarted,Object notstarted,Object notstarted,Object notstarted,Object notstarted
2024-03-18 10:32:45,269.269,__main___datalogs,INFO,JoyConState.GO_HOME,0.000000,0.000000,0.000000,0.084681,0.006866,0.011443,0.025176,0.000000,0.000000,0.000000,0.000000,0,0,0,0,0,0,0,0,0,0,0,0.045257568359375,-0.004302978515625,0,0,0,0,0,0,0,0,Object notstarted,Object notstarted,Object notstarted,Object notstarted,Object notstarted,Object notstarted,Object notstarted,Object notstarted,Object notstarted
2024-03-18 10:32:45,306.306,__main___datalogs,INFO,JoyConState.GO_HOME,0.000000,0.000000,0.000000,0.089258,0.006866,0.013732,0.025176,0.000000,0.000000,0.000000,0.000000,0,0,0,0,0,0,0,0,0,0,0,0.045257568359375,-0.004302978515625,0,0,0,0,0,0,0,0,Object notstarted,Object notstarted,Object notstarted,Object notstarted,Object notstarted,Object notstarted,Object notstarted,Object notstarted,Object notstarted
2024-03-18 10:32:45,343.343,__main___datalogs,INFO,JoyConState.GO_HOME,0.000000,0.000000,0.000000,0.084681,0.006866,0.013732,0.020598,0.000000,0.000000,0.000000,0.000000,0,0,0,0,0,0,0,0,0,0,0,0.045257568359375,-0.004302978515625,0,0,0,0,0,0,0,0,Object notstarted,Object notstarted,Object notstarted,Object notstarted,Object notstarted,Object notstarted,Object notstarted,Object notstarted,Object notstarted
2024-03-18 10:32:45,381.381,__main___datalogs,INFO,JoyConState.GO_HOME,0.000000,0.000000,0.000000,0.089258,0.006866,0.013732,0.025176,0.000000,0.000000,0.000000,0.000000,0,0,0,0,0,0,0,0,0,0,0,0.045257568359375,-0.004302978515625,0,0,0,0,0,0,0,0,Object notstarted,Object notstarted,Object notstarted,Object notstarted,Object notstarted,Object notstarted,Object notstarted,Object notstarted,Object notstarted
2024-03-18 10:32:45,418.418,__main___datalogs,INFO,JoyConState.GO_HOME,0.000000,0.000000,0.000000,0.089258,0.006866,0.018310,0.025176,0.000000,0.000000,0.000000,0.000000,0,0,0,0,0,0,0,0,0,0,0,0.045257568359375,-0.004302978515625,0,0,0,0,0,0,0,0,Object notstarted,Object notstarted,Object notstarted,Object notstarted,Object notstarted,Object notstarted,Object notstarted,Object notstarted,Object notstarted
2024-03-18 10:32:45,454.454,__main___datalogs,INFO,JoyConState.GO_HOME,0.000000,0.000000,0.000000,0.089258,0.002289,0.018310,0.020598,0.000000,0.000000,0.000000,0.000000,0,0,0,0,0,0,0,0,0,0,0,0.045257568359375,-0.004302978515625,0,0,0,0,0,0,0,0,Object notstarted,Object notstarted,Object notstarted,Object notstarted,Object notstarted,Object notstarted,Object notstarted,Object notstarted,Object notstarted
2024-03-18 10:32:45,490.490,__main___datalogs,INFO,JoyConState.GO_HOME,0.000000,0.000000,0.000000,0.084681,0.002289,0.011443,0.020598,0.000000,0.000000,0.000000,0.000000,0,0,0,0,0,0,0,0,0,0,0,0.045257568359375,-0.004302978515625,0,0,0,0,0,0,0,0,Object notstarted,Object notstarted,Object notstarted,Object notstarted,Object notstarted,Object notstarted,Object notstarted,Object notstarted,Object notstarted
2024-03-18 10:32:45,527.527,__main___datalogs,INFO,JoyConState.GO_HOME,0.000000,0.000000,0.000000,0.089258,0.006866,0.013732,0.020598,0.000000,0.000000,0.000000,0.000000,0,0,0,0,0,0,0,0,0,0,0,0.045257568359375,-0.004302978515625,0,0,0,0,0,0,0,0,Object notstarted,Object notstarted,Object notstarted,Object notstarted,Object notstarted,Object notstarted,Object notstarted,Object notstarted,Object notstarted
2024-03-18 10:32:45,565.565,__main___datalogs,INFO,JoyConState.GO_HOME,0.000000,0.000000,0.000000,0.089258,0.006866,0.013732,0.020598,0.000000,0.000000,0.000000,0.000000,0,0,0,0,0,0,0,0,0,0,0,0.045257568359375,-0.004302978515625,0,0,0,0,0,0,0,0,Object notstarted,Object notstarted,Object notstarted,Object notstarted,Object notstarted,Object notstarted,Object notstarted,Object notstarted,Object notstarted
2024-03-18 10:32:45,603.603,__main___datalogs,INFO,JoyConState.GO_HOME,0.000000,0.000000,0.000000,0.089258,0.006866,0.013732,0.020598,0.000000,0.000000,0.000000,0.000000,0,0,0,0,0,0,0,0,0,0,0,0.045257568359375,-0.004302978515625,0,0,0,0,0,0,0,0,Object notstarted,Object notstarted,Object notstarted,Object notstarted,Object notstarted,Object notstarted,Object notstarted,Object notstarted,Object notstarted
2024-03-18 10:32:45,639.639,__main___datalogs,INFO,JoyConState.GO_HOME,0.000000,0.000000,0.000000,0.089258,0.006866,0.013732,0.025176,0.000000,0.000000,0.000000,0.000000,0,0,0,0,0,0,0,0,0,0,0,0.045257568359375,-0.004302978515625,0,0,0,0,0,0,0,0,Object notstarted,Object notstarted,Object notstarted,Object notstarted,Object notstarted,Object notstarted,Object notstarted,Object notstarted,Object notstarted
2024-03-18 10:32:45,676.676,__main___datalogs,INFO,JoyConState.GO_HOME,0.000000,0.000000,0.000000,0.089258,0.006866,0.013732,0.025176,0.000000,0.000000,0.000000,0.000000,0,0,0,0,0,0,0,0,0,0,0,0.045257568359375,-0.004302978515625,0,0,0,0,0,0,0,0,Object notstarted,Object notstarted,Object notstarted,Object notstarted,Object notstarted,Object notstarted,Object notstarted,Object notstarted,Object notstarted
2024-03-18 10:32:45,715.715,__main___datalogs,INFO,JoyConState.GO_HOME,0.000000,0.000000,0.000000,0.089258,0.006866,0.013732,0.025176,0.000000,0.000000,0.000000,0.000000,0,0,0,0,0,0,0,0,0,0,0,0.045257568359375,-0.004302978515625,0,0,0,0,0,0,0,0,Object notstarted,Object notstarted,Object notstarted,Object notstarted,Object notstarted,Object notstarted,Object notstarted,Object notstarted,Object notstarted
2024-03-18 10:32:45,752.752,__main___datalogs,INFO,JoyConState.GO_HOME,0.000000,0.000000,0.000000,0.089258,0.006866,0.013732,0.025176,0.000000,0.000000,0.000000,0.000000,0,0,0,0,0,0,0,0,0,0,0,0.045257568359375,-0.004302978515625,0,0,0,0,0,0,0,0,Object notstarted,Object notstarted,Object notstarted,Object notstarted,Object notstarted,Object notstarted,Object notstarted,Object notstarted,Object notstarted
2024-03-18 10:32:45,789.789,__main___datalogs,INFO,JoyConState.GO_HOME,0.000000,0.000000,0.000000,0.089258,0.002289,0.013732,0.025176,0.000000,0.000000,0.000000,0.000000,0,0,0,0,0,0,0,0,0,0,0,0.045257568359375,-0.004302978515625,0,0,0,0,0,0,0,0,Object notstarted,Object notstarted,Object notstarted,Object notstarted,Object notstarted,Object notstarted,Object notstarted,Object notstarted,Object notstarted
2024-03-18 10:32:45,826.826,__main___datalogs,INFO,JoyConState.GO_HOME,0.000000,0.000000,0.000000,0.089258,0.006866,0.013732,0.025176,0.000000,0.000000,0.000000,0.000000,0,0,0,0,0,0,0,0,0,0,0,0.045257568359375,-0.004302978515625,0,0,0,0,0,0,0,0,Object notstarted,Object notstarted,Object notstarted,Object notstarted,Object notstarted,Object notstarted,Object notstarted,Object notstarted,Object notstarted
2024-03-18 10:32:45,862.862,__main___datalogs,INFO,JoyConState.GO_HOME,0.000000,0.000000,0.000000,0.091547,0.002289,0.011443,0.025176,0.000000,0.000000,0.000000,0.000000,0,0,0,0,0,0,0,0,0,0,0,0.045257568359375,-0.004302978515625,0,0,0,0,0,0,0,0,Object notstarted,Object notstarted,Object notstarted,Object notstarted,Object notstarted,Object notstarted,Object notstarted,Object notstarted,Object notstarted
2024-03-18 10:32:45,901.901,__main___datalogs,INFO,JoyConState.GO_HOME,0.000000,0.000000,0.000000,0.089258,0.002289,0.013732,0.025176,0.000000,0.000000,0.000000,0.000000,0,0,0,0,0,0,0,0,0,0,0,0.045257568359375,-0.004302978515625,0,0,0,0,0,0,0,0,Object notstarted,Object notstarted,Object notstarted,Object notstarted,Object notstarted,Object notstarted,Object notstarted,Object notstarted,Object notstarted
2024-03-18 10:32:45,937.937,__main___datalogs,INFO,JoyConState.GO_HOME,0.000000,0.000000,0.000000,0.091547,0.006866,0.013732,0.025176,0.000000,0.000000,0.000000,0.000000,0,0,0,0,0,0,0,0,0,0,0,0.045257568359375,-0.004302978515625,0,0,0,0,0,0,0,0,Object notstarted,Object notstarted,Object notstarted,Object notstarted,Object notstarted,Object notstarted,Object notstarted,Object notstarted,Object notstarted
2024-03-18 10:32:45,974.974,__main___datalogs,INFO,JoyConState.GO_HOME,0.000000,0.000000,0.000000,0.091547,0.006866,0.013732,0.027464,0.000000,0.000000,0.000000,0.000000,0,0,0,0,0,0,0,0,0,0,0,0.045257568359375,-0.004302978515625,0,0,0,0,0,0,0,0,Object notstarted,Object notstarted,Object notstarted,Object notstarted,Object notstarted,Object notstarted,Object notstarted,Object notstarted,Object notstarted
2024-03-18 10:32:46,012.012,__main___datalogs,INFO,JoyConState.GO_HOME,0.000000,0.000000,0.000000,0.091547,0.009155,0.013732,0.025176,0.000000,0.000000,0.000000,0.000000,0,0,0,0,0,0,0,0,0,0,0,0.045257568359375,-0.004302978515625,0,0,0,0,0,0,0,0,Object notstarted,Object notstarted,Object notstarted,Object notstarted,Object notstarted,Object notstarted,Object notstarted,Object notstarted,Object notstarted
2024-03-18 10:32:46,050.050,__main___datalogs,INFO,JoyConState.GO_HOME,0.000000,0.000000,0.000000,0.091547,0.006866,0.013732,0.025176,0.000000,0.000000,0.000000,0.000000,0,0,0,0,0,0,0,0,0,0,0,0.045257568359375,-0.004302978515625,0,0,0,0,0,0,0,0,Object notstarted,Object notstarted,Object notstarted,Object notstarted,Object notstarted,Object notstarted,Object notstarted,Object notstarted,Object notstarted
2024-03-18 10:32:46,086.086,__main___datalogs,INFO,JoyConState.GO_HOME,0.000000,0.000000,0.000000,0.091547,0.002289,0.013732,0.027464,0.000000,0.000000,0.000000,0.000000,0,0,0,0,0,0,0,0,0,0,0,0.045257568359375,-0.004302978515625,0,0,0,0,0,0,0,0,Object notstarted,Object notstarted,Object notstarted,Object notstarted,Object notstarted,Object notstarted,Object notstarted,Object notstarted,Object notstarted
2024-03-18 10:32:46,124.124,__main___datalogs,INFO,JoyConState.GO_HOME,0.000000,0.000000,0.000000,0.089258,0.002289,0.013732,0.025176,0.000000,0.000000,0.000000,0.000000,0,0,0,0,0,0,0,0,0,0,0,0.045257568359375,-0.004302978515625,0,0,0,0,0,0,0,0,Object notstarted,Object notstarted,Object notstarted,Object notstarted,Object notstarted,Object notstarted,Object notstarted,Object notstarted,Object notstarted
2024-03-18 10:32:46,161.161,__main___datalogs,INFO,JoyConState.GO_HOME,0.000000,0.000000,0.000000,0.091547,0.002289,0.013732,0.025176,0.000000,0.000000,0.000000,0.000000,0,0,0,0,0,0,0,0,0,0,0,0.045257568359375,-0.004302978515625,0,0,0,0,0,0,0,0,Object notstarted,Object notstarted,Object notstarted,Object notstarted,Object notstarted,Object notstarted,Object notstarted,Object notstarted,Object notstarted
2024-03-18 10:32:46,198.198,__main___datalogs,INFO,JoyConState.GO_HOME,0.000000,0.000000,0.000000,0.091547,0.002289,0.013732,0.025176,0.000000,0.000000,0.000000,0.000000,0,0,0,0,0,0,0,0,0,0,0,0.045257568359375,-0.004302978515625,0,0,0,0,0,0,0,0,Object notstarted,Object notstarted,Object notstarted,Object notstarted,Object notstarted,Object notstarted,Object notstarted,Object notstarted,Object notstarted
2024-03-18 10:32:46,235.235,__main___datalogs,INFO,JoyConState.GO_HOME,0.000000,0.000000,0.000000,0.091547,0.002289,0.013732,0.027464,0.000000,0.000000,0.000000,0.000000,0,0,0,0,0,0,0,0,0,0,0,0.045257568359375,-0.004302978515625,0,0,0,0,0,0,0,0,Object notstarted,Object notstarted,Object notstarted,Object notstarted,Object notstarted,Object notstarted,Object notstarted,Object notstarted,Object notstarted
2024-03-18 10:32:46,271.271,__main___datalogs,INFO,JoyConState.GO_HOME,0.000000,0.000000,0.000000,0.089258,0.006866,0.013732,0.025176,0.000000,0.000000,0.000000,0.000000,0,0,0,0,0,0,0,0,0,0,0,0.045257568359375,-0.004302978515625,0,0,0,0,0,0,0,0,Object notstarted,Object notstarted,Object notstarted,Object notstarted,Object notstarted,Object notstarted,Object notstarted,Object notstarted,Object notstarted
2024-03-18 10:32:46,310.310,__main___datalogs,INFO,JoyConState.GO_HOME,0.000000,0.000000,0.000000,0.089258,0.006866,0.013732,0.027464,0.000000,0.000000,0.000000,0.000000,0,0,0,0,0,0,0,0,0,0,0,0.045257568359375,-0.004302978515625,0,0,0,0,0,0,0,0,Object notstarted,Object notstarted,Object notstarted,Object notstarted,Object notstarted,Object notstarted,Object notstarted,Object notstarted,Object notstarted
2024-03-18 10:32:46,356.356,__main___datalogs,INFO,JoyConState.GO_HOME,0.000000,0.000000,0.000000,0.091547,0.006866,0.013732,0.027464,0.000000,0.000000,0.000000,0.000000,0,0,0,0,0,0,0,0,0,0,0,0.045257568359375,-0.004302978515625,0,0,0,0,0,0,0,0,Object notstarted,Object notstarted,Object notstarted,Object notstarted,Object notstarted,Object notstarted,Object notstarted,Object notstarted,Object notstarted
2024-03-18 10:32:46,393.393,__main___datalogs,INFO,JoyConState.GO_HOME,0.000000,0.000000,0.000000,0.091547,0.002289,0.013732,0.025176,0.000000,0.000000,0.000000,0.000000,0,0,0,0,0,0,0,0,0,0,0,0.045257568359375,-0.004302978515625,0,0,0,0,0,0,0,0,Object notstarted,Object notstarted,Object notstarted,Object notstarted,Object notstarted,Object notstarted,Object notstarted,Object notstarted,Object notstarted
2024-03-18 10:32:46,430.430,__main___datalogs,INFO,JoyConState.GO_HOME,0.000000,0.000000,0.000000,0.089258,0.002289,0.013732,0.025176,0.000000,0.000000,0.000000,0.000000,0,0,0,0,0,0,0,0,0,0,0,0.045257568359375,-0.004302978515625,0,0,0,0,0,0,0,0,Object notstarted,Object notstarted,Object notstarted,Object notstarted,Object notstarted,Object notstarted,Object notstarted,Object notstarted,Object notstarted
2024-03-18 10:32:46,467.467,__main___datalogs,INFO,JoyConState.GO_HOME,0.000000,0.000000,0.000000,0.091547,0.006866,0.013732,0.016021,0.000000,0.000000,0.000000,0.000000,0,0,0,0,0,0,0,0,0,0,0,0.045257568359375,-0.004302978515625,0,0,0,0,0,0,0,0,Object notstarted,Object notstarted,Object notstarted,Object notstarted,Object notstarted,Object notstarted,Object notstarted,Object notstarted,Object notstarted
2024-03-18 10:32:46,503.503,__main___datalogs,INFO,JoyConState.GO_HOME,0.000000,0.000000,0.000000,0.089258,0.006866,0.013732,0.020598,0.000000,0.000000,0.000000,0.000000,0,0,0,0,0,0,0,0,0,0,0,0.045257568359375,-0.004302978515625,0,0,0,0,0,0,0,0,Object notstarted,Object notstarted,Object notstarted,Object notstarted,Object notstarted,Object notstarted,Object notstarted,Object notstarted,Object notstarted
2024-03-18 10:32:46,540.540,__main___datalogs,INFO,JoyConState.GO_HOME,0.000000,0.000000,0.000000,0.089258,0.006866,0.013732,0.020598,0.000000,0.000000,0.000000,0.000000,0,0,0,0,0,0,0,0,0,0,0,0.045257568359375,-0.004302978515625,0,0,0,0,0,0,0,0,Object notstarted,Object notstarted,Object notstarted,Object notstarted,Object notstarted,Object notstarted,Object notstarted,Object notstarted,Object notstarted
2024-03-18 10:32:46,577.577,__main___datalogs,INFO,JoyConState.GO_HOME,0.000000,0.000000,0.000000,0.091547,0.006866,0.013732,0.025176,0.000000,0.000000,0.000000,0.000000,0,0,0,0,0,0,0,0,0,0,0,0.045257568359375,-0.004302978515625,0,0,0,0,0,0,0,0,Object notstarted,Object notstarted,Object notstarted,Object notstarted,Object notstarted,Object notstarted,Object notstarted,Object notstarted,Object notstarted
2024-03-18 10:32:46,614.614,__main___datalogs,INFO,JoyConState.GO_HOME,0.000000,0.000000,0.000000,0.091547,0.006866,0.013732,0.025176,0.000000,0.000000,0.000000,0.000000,0,0,0,0,0,0,0,0,0,0,0,0.045257568359375,-0.004302978515625,0,0,0,0,0,0,0,0,Object notstarted,Object notstarted,Object notstarted,Object notstarted,Object notstarted,Object notstarted,Object notstarted,Object notstarted,Object notstarted
2024-03-18 10:32:46,652.652,__main___datalogs,INFO,JoyConState.GO_HOME,0.000000,0.000000,0.000000,0.091547,0.006866,0.013732,0.025176,0.000000,0.000000,0.000000,0.000000,0,0,0,0,0,0,0,0,0,0,0,0.045257568359375,-0.004302978515625,0,0,0,0,0,0,0,0,Object notstarted,Object notstarted,Object notstarted,Object notstarted,Object notstarted,Object notstarted,Object notstarted,Object notstarted,Object notstarted
2024-03-18 10:32:46,689.689,__main___datalogs,INFO,JoyConState.GO_HOME,0.000000,0.000000,0.000000,0.091547,0.006866,0.013732,0.025176,0.000000,0.000000,0.000000,0.000000,0,0,0,0,0,0,0,0,0,0,0,0.045257568359375,-0.004302978515625,0,0,0,0,0,0,0,0,Object notstarted,Object notstarted,Object notstarted,Object notstarted,Object notstarted,Object notstarted,Object notstarted,Object notstarted,Object notstarted
2024-03-18 10:32:46,727.727,__main___datalogs,INFO,JoyConState.GO_HOME,0.000000,0.000000,0.000000,0.091547,0.006866,0.011443,0.025176,0.000000,0.000000,0.000000,0.000000,0,0,0,0,0,0,0,0,0,0,0,0.045257568359375,-0.004302978515625,0,0,0,0,0,0,0,0,Object notstarted,Object notstarted,Object notstarted,Object notstarted,Object notstarted,Object notstarted,Object notstarted,Object notstarted,Object notstarted
2024-03-18 10:32:46,764.764,__main___datalogs,INFO,JoyConState.GO_HOME,0.000000,0.000000,0.000000,0.089258,0.002289,0.013732,0.027464,0.000000,0.000000,0.000000,0.000000,0,0,0,0,0,0,0,0,0,0,0,0.045257568359375,-0.004302978515625,0,0,0,0,0,0,0,0,Object notstarted,Object notstarted,Object notstarted,Object notstarted,Object notstarted,Object notstarted,Object notstarted,Object notstarted,Object notstarted
2024-03-18 10:32:46,801.801,__main___datalogs,INFO,JoyConState.GO_HOME,0.000000,0.000000,0.000000,0.084681,0.002289,0.013732,0.027464,0.000000,0.000000,0.000000,0.000000,0,0,0,0,0,0,0,0,0,0,0,0.045257568359375,-0.004302978515625,0,0,0,0,0,0,0,0,Object notstarted,Object notstarted,Object notstarted,Object notstarted,Object notstarted,Object notstarted,Object notstarted,Object notstarted,Object notstarted
2024-03-18 10:32:46,837.837,__main___datalogs,INFO,JoyConState.GO_HOME,0.000000,0.000000,0.000000,0.089258,0.002289,0.013732,0.027464,0.000000,0.000000,0.000000,0.000000,0,0,0,0,0,0,0,0,0,0,0,0.045257568359375,-0.004302978515625,0,0,0,0,0,0,0,0,Object notstarted,Object notstarted,Object notstarted,Object notstarted,Object notstarted,Object notstarted,Object notstarted,Object notstarted,Object notstarted
2024-03-18 10:32:46,874.874,__main___datalogs,INFO,JoyConState.GO_HOME,0.000000,0.000000,0.000000,0.089258,0.006866,0.013732,0.025176,0.000000,0.000000,0.000000,0.000000,0,0,0,0,0,0,0,0,0,0,0,0.045257568359375,-0.004302978515625,0,0,0,0,0,0,0,0,Object notstarted,Object notstarted,Object notstarted,Object notstarted,Object notstarted,Object notstarted,Object notstarted,Object notstarted,Object notstarted
2024-03-18 10:32:46,911.911,__main___datalogs,INFO,JoyConState.GO_HOME,0.000000,0.000000,0.000000,0.089258,0.006866,0.013732,0.025176,0.000000,0.000000,0.000000,0.000000,0,0,0,0,0,0,0,0,0,0,0,0.045257568359375,-0.004302978515625,0,0,0,0,0,0,0,0,Object notstarted,Object notstarted,Object notstarted,Object notstarted,Object notstarted,Object notstarted,Object notstarted,Object notstarted,Object notstarted
2024-03-18 10:32:46,949.949,__main___datalogs,INFO,JoyConState.GO_HOME,0.000000,0.000000,0.000000,0.089258,0.006866,0.013732,0.025176,0.000000,0.000000,0.000000,0.000000,0,0,0,0,0,0,0,0,0,0,0,0.045257568359375,-0.004302978515625,0,0,0,0,0,0,0,0,Object notstarted,Object notstarted,Object notstarted,Object notstarted,Object notstarted,Object notstarted,Object notstarted,Object notstarted,Object notstarted
2024-03-18 10:32:46,985.985,__main___datalogs,INFO,JoyConState.GO_HOME,0.000000,0.000000,0.000000,0.089258,0.006866,0.013732,0.025176,0.000000,0.000000,0.000000,0.000000,0,0,0,0,0,0,0,0,0,0,0,0.045257568359375,-0.004302978515625,0,0,0,0,0,0,0,0,Object notstarted,Object notstarted,Object notstarted,Object notstarted,Object notstarted,Object notstarted,Object notstarted,Object notstarted,Object notstarted
2024-03-18 10:32:47,023.023,__main___datalogs,INFO,JoyConState.GO_HOME,0.000000,0.000000,0.000000,0.089258,0.009155,0.013732,0.025176,0.000000,0.000000,0.000000,0.000000,0,0,0,0,0,0,0,0,0,0,0,0.045257568359375,-0.004302978515625,0,0,0,0,0,0,0,0,Object notstarted,Object notstarted,Object notstarted,Object notstarted,Object notstarted,Object notstarted,Object notstarted,Object notstarted,Object notstarted
2024-03-18 10:32:47,059.059,__main___datalogs,INFO,JoyConState.GO_HOME,0.000000,0.000000,0.000000,0.091547,0.009155,0.013732,0.027464,0.000000,0.000000,0.000000,0.000000,0,0,0,0,0,0,0,0,0,0,0,0.045257568359375,-0.004302978515625,0,0,0,0,0,0,0,0,Object notstarted,Object notstarted,Object notstarted,Object notstarted,Object notstarted,Object notstarted,Object notstarted,Object notstarted,Object notstarted
2024-03-18 10:32:47,096.096,__main___datalogs,INFO,JoyConState.GO_HOME,0.000000,0.000000,0.000000,0.091547,0.002289,0.013732,0.025176,0.000000,0.000000,0.000000,0.000000,0,0,0,0,0,0,0,0,0,0,0,0.045257568359375,-0.004302978515625,0,0,0,0,0,0,0,0,Object notstarted,Object notstarted,Object notstarted,Object notstarted,Object notstarted,Object notstarted,Object notstarted,Object notstarted,Object notstarted
2024-03-18 10:32:47,134.134,__main___datalogs,INFO,JoyConState.GO_HOME,0.000000,0.000000,0.000000,0.089258,0.002289,0.013732,0.027464,0.000000,0.000000,0.000000,0.000000,0,0,0,0,0,0,0,0,0,0,0,0.045257568359375,-0.004302978515625,0,0,0,0,0,0,0,0,Object notstarted,Object notstarted,Object notstarted,Object notstarted,Object notstarted,Object notstarted,Object notstarted,Object notstarted,Object notstarted
2024-03-18 10:32:47,171.171,__main___datalogs,INFO,JoyConState.GO_HOME,0.000000,0.000000,0.000000,0.089258,0.006866,0.013732,0.027464,0.000000,0.000000,0.000000,0.000000,0,0,0,0,0,0,0,0,0,0,0,0.045257568359375,-0.004302978515625,0,0,0,0,0,0,0,0,Object notstarted,Object notstarted,Object notstarted,Object notstarted,Object notstarted,Object notstarted,Object notstarted,Object notstarted,Object notstarted
2024-03-18 10:32:47,206.206,__main___datalogs,INFO,JoyConState.GO_HOME,0.000000,0.000000,0.000000,0.089258,0.006866,0.013732,0.027464,0.000000,0.000000,0.000000,0.000000,0,0,0,0,0,0,0,0,0,0,0,0.045257568359375,-0.004302978515625,0,0,0,0,0,0,0,0,Object notstarted,Object notstarted,Object notstarted,Object notstarted,Object notstarted,Object notstarted,Object notstarted,Object notstarted,Object notstarted
2024-03-18 10:32:47,244.244,__main___datalogs,INFO,JoyConState.GO_HOME,0.000000,0.000000,0.000000,0.089258,0.002289,0.013732,0.027464,0.000000,0.000000,0.000000,0.000000,0,0,0,0,0,0,0,0,0,0,0,0.045257568359375,-0.004302978515625,0,0,0,0,0,0,0,0,Object notstarted,Object notstarted,Object notstarted,Object notstarted,Object notstarted,Object notstarted,Object notstarted,Object notstarted,Object notstarted
2024-03-18 10:32:47,281.281,__main___datalogs,INFO,JoyConState.GO_HOME,0.000000,0.000000,0.000000,0.089258,0.006866,0.013732,0.025176,0.000000,0.000000,0.000000,0.000000,0,0,0,0,0,0,0,0,0,0,0,0.045257568359375,-0.004302978515625,0,0,0,0,0,0,0,0,Object notstarted,Object notstarted,Object notstarted,Object notstarted,Object notstarted,Object notstarted,Object notstarted,Object notstarted,Object notstarted
2024-03-18 10:32:47,319.319,__main___datalogs,INFO,JoyConState.GO_HOME,0.000000,0.000000,0.000000,0.089258,0.006866,0.011443,0.025176,0.000000,0.000000,0.000000,0.000000,0,0,0,0,0,0,0,0,0,0,0,0.045257568359375,-0.004302978515625,0,0,0,0,0,0,0,0,Object notstarted,Object notstarted,Object notstarted,Object notstarted,Object notstarted,Object notstarted,Object notstarted,Object notstarted,Object notstarted
2024-03-18 10:32:47,357.357,__main___datalogs,INFO,JoyConState.GO_HOME,0.000000,0.000000,0.000000,0.089258,0.006866,0.011443,0.025176,0.000000,0.000000,0.000000,0.000000,0,0,0,0,0,0,0,0,0,0,0,0.045257568359375,-0.004302978515625,0,0,0,0,0,0,0,0,Object notstarted,Object notstarted,Object notstarted,Object notstarted,Object notstarted,Object notstarted,Object notstarted,Object notstarted,Object notstarted
2024-03-18 10:32:47,405.405,__main___datalogs,INFO,JoyConState.GO_HOME,0.000000,0.000000,0.000000,0.091547,0.009155,0.011443,0.025176,0.000000,0.000000,0.000000,0.000000,0,0,0,0,0,0,0,0,0,0,0,0.045257568359375,-0.004302978515625,0,0,0,0,0,0,0,0,Object notstarted,Object notstarted,Object notstarted,Object notstarted,Object notstarted,Object notstarted,Object notstarted,Object notstarted,Object notstarted
2024-03-18 10:32:47,442.442,__main___datalogs,INFO,JoyConState.GO_HOME,0.000000,0.000000,0.000000,0.091547,0.006866,0.011443,0.027464,0.000000,0.000000,0.000000,0.000000,0,0,0,0,0,0,0,0,0,0,0,0.045257568359375,-0.004302978515625,0,0,0,0,0,0,0,0,Object notstarted,Object notstarted,Object notstarted,Object notstarted,Object notstarted,Object notstarted,Object notstarted,Object notstarted,Object notstarted
2024-03-18 10:32:47,480.480,__main___datalogs,INFO,JoyConState.GO_HOME,0.000000,0.000000,0.000000,0.091547,0.006866,0.011443,0.027464,0.000000,0.000000,0.000000,0.000000,0,0,0,0,0,0,0,0,0,0,0,0.045257568359375,-0.004302978515625,0,0,0,0,0,0,0,0,Object notstarted,Object notstarted,Object notstarted,Object notstarted,Object notstarted,Object notstarted,Object notstarted,Object notstarted,Object notstarted
2024-03-18 10:32:47,518.518,__main___datalogs,INFO,JoyConState.GO_HOME,0.000000,0.000000,0.000000,0.091547,0.006866,0.011443,0.025176,0.000000,0.000000,0.000000,0.000000,0,0,0,0,0,0,0,0,0,0,0,0.045257568359375,-0.004302978515625,0,0,0,0,0,0,0,0,Object notstarted,Object notstarted,Object notstarted,Object notstarted,Object notstarted,Object notstarted,Object notstarted,Object notstarted,Object notstarted
2024-03-18 10:32:47,555.555,__main___datalogs,INFO,JoyConState.GO_HOME,0.000000,0.000000,0.000000,0.089258,0.006866,0.013732,0.027464,0.000000,0.000000,0.000000,0.000000,0,0,0,0,0,0,0,0,0,0,0,0.045257568359375,-0.004302978515625,0,0,0,0,0,0,0,0,Object notstarted,Object notstarted,Object notstarted,Object notstarted,Object notstarted,Object notstarted,Object notstarted,Object notstarted,Object notstarted
2024-03-18 10:32:47,591.591,__main___datalogs,INFO,JoyConState.GO_HOME,0.000000,0.000000,0.000000,0.084681,0.006866,0.013732,0.025176,0.000000,0.000000,0.000000,0.000000,0,0,0,0,0,0,0,0,0,0,0,0.045257568359375,-0.004302978515625,0,0,0,0,0,0,0,0,Object notstarted,Object notstarted,Object notstarted,Object notstarted,Object notstarted,Object notstarted,Object notstarted,Object notstarted,Object notstarted
2024-03-18 10:32:47,629.629,__main___datalogs,INFO,JoyConState.GO_HOME,0.000000,0.000000,0.000000,0.089258,0.006866,0.013732,0.025176,0.000000,0.000000,0.000000,0.000000,0,0,0,0,0,0,0,0,0,0,0,0.045257568359375,-0.004302978515625,0,0,0,0,0,0,0,0,Object notstarted,Object notstarted,Object notstarted,Object notstarted,Object notstarted,Object notstarted,Object notstarted,Object notstarted,Object notstarted
2024-03-18 10:32:47,667.667,__main___datalogs,INFO,JoyConState.GO_HOME,0.000000,0.000000,0.000000,0.089258,0.006866,0.013732,0.025176,0.000000,0.000000,0.000000,0.000000,0,0,0,0,0,0,0,0,0,0,0,0.045257568359375,-0.004302978515625,0,0,0,0,0,0,0,0,Object notstarted,Object notstarted,Object notstarted,Object notstarted,Object notstarted,Object notstarted,Object notstarted,Object notstarted,Object notstarted
2024-03-18 10:32:47,703.703,__main___datalogs,INFO,JoyConState.GO_HOME,0.000000,0.000000,0.000000,0.089258,0.002289,0.013732,0.025176,0.000000,0.000000,0.000000,0.000000,0,0,0,0,0,0,0,0,0,0,0,0.045257568359375,-0.004302978515625,0,0,0,0,0,0,0,0,Object notstarted,Object notstarted,Object notstarted,Object notstarted,Object notstarted,Object notstarted,Object notstarted,Object notstarted,Object notstarted
2024-03-18 10:32:47,739.739,__main___datalogs,INFO,JoyConState.GO_HOME,0.000000,0.000000,0.000000,0.089258,0.006866,0.013732,0.025176,0.000000,0.000000,0.000000,0.000000,0,0,0,0,0,0,0,0,0,0,0,0.045257568359375,-0.004302978515625,0,0,0,0,0,0,0,0,Object notstarted,Object notstarted,Object notstarted,Object notstarted,Object notstarted,Object notstarted,Object notstarted,Object notstarted,Object notstarted
2024-03-18 10:32:47,777.777,__main___datalogs,INFO,JoyConState.GO_HOME,0.000000,0.000000,0.000000,0.089258,0.002289,0.013732,0.020598,0.000000,0.000000,0.000000,0.000000,0,0,0,0,0,0,0,0,0,0,0,0.045257568359375,-0.004302978515625,0,0,0,0,0,0,0,0,Object notstarted,Object notstarted,Object notstarted,Object notstarted,Object notstarted,Object notstarted,Object notstarted,Object notstarted,Object notstarted
2024-03-18 10:32:47,815.815,__main___datalogs,INFO,JoyConState.GO_HOME,0.000000,0.000000,0.000000,0.091547,0.002289,0.013732,0.020598,0.000000,0.000000,0.000000,0.000000,0,0,0,0,0,0,0,0,0,0,0,0.045257568359375,-0.004302978515625,0,0,0,0,0,0,0,0,Object notstarted,Object notstarted,Object notstarted,Object notstarted,Object notstarted,Object notstarted,Object notstarted,Object notstarted,Object notstarted
2024-03-18 10:32:47,853.853,__main___datalogs,INFO,JoyConState.GO_HOME,0.000000,0.000000,0.000000,0.091547,0.002289,0.013732,0.020598,0.000000,0.000000,0.000000,0.000000,0,0,0,0,0,0,0,0,0,0,0,0.045257568359375,-0.004302978515625,0,0,0,0,0,0,0,0,Object notstarted,Object notstarted,Object notstarted,Object notstarted,Object notstarted,Object notstarted,Object notstarted,Object notstarted,Object notstarted
2024-03-18 10:32:47,888.888,__main___datalogs,INFO,JoyConState.GO_HOME,0.000000,0.000000,0.000000,0.089258,0.002289,0.004577,0.020598,0.000000,0.000000,0.000000,0.000000,0,0,0,0,0,0,0,0,0,0,0,0.045257568359375,-0.004302978515625,0,0,0,0,0,0,0,0,Object notstarted,Object notstarted,Object notstarted,Object notstarted,Object notstarted,Object notstarted,Object notstarted,Object notstarted,Object notstarted
2024-03-18 10:32:47,927.927,__main___datalogs,INFO,JoyConState.GO_HOME,0.000000,0.000000,0.000000,0.091547,0.006866,0.011443,0.025176,0.000000,0.000000,0.000000,0.000000,0,0,0,0,0,0,0,0,0,0,0,0.045257568359375,-0.004302978515625,0,0,0,0,0,0,0,0,Object notstarted,Object notstarted,Object notstarted,Object notstarted,Object notstarted,Object notstarted,Object notstarted,Object notstarted,Object notstarted
2024-03-18 10:32:47,962.962,__main___datalogs,INFO,JoyConState.GO_HOME,0.000000,0.000000,0.000000,0.091547,0.002289,0.011443,0.020598,0.000000,0.000000,0.000000,0.000000,0,0,0,0,0,0,0,0,0,0,0,0.045257568359375,-0.004302978515625,0,0,0,0,0,0,0,0,Object notstarted,Object notstarted,Object notstarted,Object notstarted,Object notstarted,Object notstarted,Object notstarted,Object notstarted,Object notstarted
2024-03-18 10:32:47,999.999,__main___datalogs,INFO,JoyConState.GO_HOME,0.000000,0.000000,0.000000,0.089258,0.002289,0.013732,0.025176,0.000000,0.000000,0.000000,0.000000,0,0,0,0,0,0,0,0,0,0,0,0.045257568359375,-0.004302978515625,0,0,0,0,0,0,0,0,Object notstarted,Object notstarted,Object notstarted,Object notstarted,Object notstarted,Object notstarted,Object notstarted,Object notstarted,Object notstarted
2024-03-18 10:32:48,036.036,__main___datalogs,INFO,JoyConState.GO_HOME,0.000000,0.000000,0.000000,0.091547,0.002289,0.013732,0.020598,0.000000,0.000000,0.000000,0.000000,0,0,0,0,0,0,0,0,0,0,0,0.045257568359375,-0.004302978515625,0,0,0,0,0,0,0,0,Object notstarted,Object notstarted,Object notstarted,Object notstarted,Object notstarted,Object notstarted,Object notstarted,Object notstarted,Object notstarted
2024-03-18 10:32:48,073.073,__main___datalogs,INFO,JoyConState.GO_HOME,0.000000,0.000000,0.000000,0.089258,0.002289,0.013732,0.025176,0.000000,0.000000,0.000000,0.000000,0,0,0,0,0,0,0,0,0,0,0,0.045257568359375,-0.004302978515625,0,0,0,0,0,0,0,0,Object notstarted,Object notstarted,Object notstarted,Object notstarted,Object notstarted,Object notstarted,Object notstarted,Object notstarted,Object notstarted
2024-03-18 10:32:48,111.111,__main___datalogs,INFO,JoyConState.GO_HOME,0.000000,0.000000,0.000000,0.084681,0.002289,0.013732,0.020598,0.000000,0.000000,0.000000,0.000000,0,0,0,0,0,0,0,0,0,0,0,0.045257568359375,-0.004302978515625,0,0,0,0,0,0,0,0,Object notstarted,Object notstarted,Object notstarted,Object notstarted,Object notstarted,Object notstarted,Object notstarted,Object notstarted,Object notstarted
2024-03-18 10:32:48,148.148,__main___datalogs,INFO,JoyConState.GO_HOME,0.000000,0.000000,0.000000,0.089258,0.002289,0.013732,0.025176,0.000000,0.000000,0.000000,0.000000,0,0,0,0,0,0,0,0,0,0,0,0.045257568359375,-0.004302978515625,0,0,0,0,0,0,0,0,Object notstarted,Object notstarted,Object notstarted,Object notstarted,Object notstarted,Object notstarted,Object notstarted,Object notstarted,Object notstarted
2024-03-18 10:32:48,186.186,__main___datalogs,INFO,JoyConState.GO_HOME,0.000000,0.000000,0.000000,0.089258,0.002289,0.018310,0.025176,0.000000,0.000000,0.000000,0.000000,0,0,0,0,0,0,0,0,0,0,0,0.045257568359375,-0.004302978515625,0,0,0,0,0,0,0,0,Object notstarted,Object notstarted,Object notstarted,Object notstarted,Object notstarted,Object notstarted,Object notstarted,Object notstarted,Object notstarted
2024-03-18 10:32:48,224.224,__main___datalogs,INFO,JoyConState.GO_HOME,0.000000,0.000000,0.000000,0.089258,0.002289,0.013732,0.020598,0.000000,0.000000,0.000000,0.000000,0,0,0,0,0,0,0,0,0,0,0,0.045257568359375,-0.004302978515625,0,0,0,0,0,0,0,0,Object notstarted,Object notstarted,Object notstarted,Object notstarted,Object notstarted,Object notstarted,Object notstarted,Object notstarted,Object notstarted
2024-03-18 10:32:48,261.261,__main___datalogs,INFO,JoyConState.GO_HOME,0.000000,0.000000,0.000000,0.084681,0.002289,0.013732,0.025176,0.000000,0.000000,0.000000,0.000000,0,0,0,0,0,0,0,0,0,0,0,0.045257568359375,-0.004302978515625,0,0,0,0,0,0,0,0,Object notstarted,Object notstarted,Object notstarted,Object notstarted,Object notstarted,Object notstarted,Object notstarted,Object notstarted,Object notstarted
2024-03-18 10:32:48,299.299,__main___datalogs,INFO,JoyConState.GO_HOME,0.000000,0.000000,0.000000,0.089258,0.006866,0.013732,0.025176,0.000000,0.000000,0.000000,0.000000,0,0,0,0,0,0,0,0,0,0,0,0.045257568359375,-0.004302978515625,0,0,0,0,0,0,0,0,Object notstarted,Object notstarted,Object notstarted,Object notstarted,Object notstarted,Object notstarted,Object notstarted,Object notstarted,Object notstarted
2024-03-18 10:32:48,336.336,__main___datalogs,INFO,JoyConState.GO_HOME,0.000000,0.000000,0.000000,0.089258,0.006866,0.013732,0.020598,0.000000,0.000000,0.000000,0.000000,0,0,0,0,0,0,0,0,0,0,0,0.045257568359375,-0.004302978515625,0,0,0,0,0,0,0,0,Object notstarted,Object notstarted,Object notstarted,Object notstarted,Object notstarted,Object notstarted,Object notstarted,Object notstarted,Object notstarted
2024-03-18 10:32:48,372.372,__main___datalogs,INFO,JoyConState.GO_HOME,0.000000,0.000000,0.000000,0.089258,0.006866,0.013732,0.020598,0.000000,0.000000,0.000000,0.000000,0,0,0,0,0,0,0,0,0,0,0,0.045257568359375,-0.004302978515625,0,0,0,0,0,0,0,0,Object notstarted,Object notstarted,Object notstarted,Object notstarted,Object notstarted,Object notstarted,Object notstarted,Object notstarted,Object notstarted
2024-03-18 10:32:48,411.411,__main___datalogs,INFO,JoyConState.GO_HOME,0.000000,0.000000,0.000000,0.089258,0.006866,0.013732,0.025176,0.000000,0.000000,0.000000,0.000000,0,0,0,0,0,0,0,0,0,0,0,0.045257568359375,-0.004302978515625,0,0,0,0,0,0,0,0,Object notstarted,Object notstarted,Object notstarted,Object notstarted,Object notstarted,Object notstarted,Object notstarted,Object notstarted,Object notstarted
2024-03-18 10:32:48,472.472,__main___datalogs,INFO,JoyConState.GO_HOME,0.000000,0.000000,0.000000,0.089258,0.009155,0.013732,0.020598,0.000000,0.000000,0.000000,0.000000,0,0,0,0,0,0,0,0,0,0,0,0.045257568359375,-0.004302978515625,0,0,0,0,0,0,0,0,Object notstarted,Object notstarted,Object notstarted,Object notstarted,Object notstarted,Object notstarted,Object notstarted,Object notstarted,Object notstarted
2024-03-18 10:32:48,511.511,__main___datalogs,INFO,JoyConState.GO_HOME,0.000000,0.000000,0.000000,0.089258,0.006866,0.013732,0.020598,0.000000,0.000000,0.000000,0.000000,0,0,0,0,0,0,0,0,0,0,0,0.045257568359375,-0.004302978515625,0,0,0,0,0,0,0,0,Object notstarted,Object notstarted,Object notstarted,Object notstarted,Object notstarted,Object notstarted,Object notstarted,Object notstarted,Object notstarted
2024-03-18 10:32:48,547.547,__main___datalogs,INFO,JoyConState.GO_HOME,0.000000,0.000000,0.000000,0.089258,0.006866,0.013732,0.020598,0.000000,0.000000,0.000000,0.000000,0,0,0,0,0,0,0,0,0,0,0,0.045257568359375,-0.004302978515625,0,0,0,0,0,0,0,0,Object notstarted,Object notstarted,Object notstarted,Object notstarted,Object notstarted,Object notstarted,Object notstarted,Object notstarted,Object notstarted
2024-03-18 10:32:48,584.584,__main___datalogs,INFO,JoyConState.GO_HOME,0.000000,0.000000,0.000000,0.089258,0.006866,0.013732,0.020598,0.000000,0.000000,0.000000,0.000000,0,0,0,0,0,0,0,0,0,0,0,0.045257568359375,-0.004302978515625,0,0,0,0,0,0,0,0,Object notstarted,Object notstarted,Object notstarted,Object notstarted,Object notstarted,Object notstarted,Object notstarted,Object notstarted,Object notstarted
2024-03-18 10:32:48,623.623,__main___datalogs,INFO,JoyConState.GO_HOME,0.000000,0.000000,0.000000,0.091547,0.006866,0.013732,0.020598,0.000000,0.000000,0.000000,0.000000,0,0,0,0,0,0,0,0,0,0,0,0.045257568359375,-0.004302978515625,0,0,0,0,0,0,0,0,Object notstarted,Object notstarted,Object notstarted,Object notstarted,Object notstarted,Object notstarted,Object notstarted,Object notstarted,Object notstarted
2024-03-18 10:32:48,661.661,__main___datalogs,INFO,JoyConState.GO_HOME,0.000000,0.000000,0.000000,0.091547,0.006866,0.011443,0.025176,0.000000,0.000000,0.000000,0.000000,0,0,0,0,0,0,0,0,0,0,0,0.045257568359375,-0.004302978515625,0,0,0,0,0,0,0,0,Object notstarted,Object notstarted,Object notstarted,Object notstarted,Object notstarted,Object notstarted,Object notstarted,Object notstarted,Object notstarted
2024-03-18 10:32:48,699.699,__main___datalogs,INFO,JoyConState.GO_HOME,0.000000,0.000000,0.000000,0.091547,0.006866,0.011443,0.020598,0.000000,0.000000,0.000000,0.000000,0,0,0,0,0,0,0,0,0,0,0,0.045257568359375,-0.004302978515625,0,0,0,0,0,0,0,0,Object notstarted,Object notstarted,Object notstarted,Object notstarted,Object notstarted,Object notstarted,Object notstarted,Object notstarted,Object notstarted
2024-03-18 10:32:48,736.736,__main___datalogs,INFO,JoyConState.GO_HOME,0.000000,0.000000,0.000000,0.089258,0.006866,0.013732,0.025176,0.000000,0.000000,0.000000,0.000000,0,0,0,0,0,0,0,0,0,0,0,0.045257568359375,-0.004302978515625,0,0,0,0,0,0,0,0,Object notstarted,Object notstarted,Object notstarted,Object notstarted,Object notstarted,Object notstarted,Object notstarted,Object notstarted,Object notstarted
2024-03-18 10:32:48,772.772,__main___datalogs,INFO,JoyConState.GO_HOME,0.000000,0.000000,0.000000,0.089258,0.009155,0.013732,0.025176,0.000000,0.000000,0.000000,0.000000,0,0,0,0,0,0,0,0,0,0,0,0.045257568359375,-0.004302978515625,0,0,0,0,0,0,0,0,Object notstarted,Object notstarted,Object notstarted,Object notstarted,Object notstarted,Object notstarted,Object notstarted,Object notstarted,Object notstarted
2024-03-18 10:32:48,809.809,__main___datalogs,INFO,JoyConState.GO_HOME,0.000000,0.000000,0.000000,0.091547,0.006866,0.013732,0.020598,0.000000,0.000000,0.000000,0.000000,0,0,0,0,0,0,0,0,0,0,0,0.045257568359375,-0.004302978515625,0,0,0,0,0,0,0,0,Object notstarted,Object notstarted,Object notstarted,Object notstarted,Object notstarted,Object notstarted,Object notstarted,Object notstarted,Object notstarted
2024-03-18 10:32:48,846.846,__main___datalogs,INFO,JoyConState.GO_HOME,0.000000,0.000000,0.000000,0.089258,0.006866,0.013732,0.020598,0.000000,0.000000,0.000000,0.000000,0,0,0,0,0,0,0,0,0,0,0,0.045257568359375,-0.004302978515625,0,0,0,0,0,0,0,0,Object notstarted,Object notstarted,Object notstarted,Object notstarted,Object notstarted,Object notstarted,Object notstarted,Object notstarted,Object notstarted
2024-03-18 10:32:48,883.883,__main___datalogs,INFO,JoyConState.GO_HOME,0.000000,0.000000,0.000000,0.089258,0.006866,0.013732,0.025176,0.000000,0.000000,0.000000,0.000000,0,0,0,0,0,0,0,0,0,0,0,0.045257568359375,-0.004302978515625,0,0,0,0,0,0,0,0,Object notstarted,Object notstarted,Object notstarted,Object notstarted,Object notstarted,Object notstarted,Object notstarted,Object notstarted,Object notstarted
2024-03-18 10:32:48,920.920,__main___datalogs,INFO,JoyConState.GO_HOME,0.000000,0.000000,0.000000,0.089258,0.006866,0.011443,0.025176,0.000000,0.000000,0.000000,0.000000,0,0,0,0,0,0,0,0,0,0,0,0.045257568359375,-0.004302978515625,0,0,0,0,0,0,0,0,Object notstarted,Object notstarted,Object notstarted,Object notstarted,Object notstarted,Object notstarted,Object notstarted,Object notstarted,Object notstarted
2024-03-18 10:32:48,956.956,__main___datalogs,INFO,JoyConState.GO_HOME,0.000000,0.000000,0.000000,0.091547,0.006866,0.011443,0.020598,0.000000,0.000000,0.000000,0.000000,0,0,0,0,0,0,0,0,0,0,0,0.045257568359375,-0.004302978515625,0,0,0,0,0,0,0,0,Object notstarted,Object notstarted,Object notstarted,Object notstarted,Object notstarted,Object notstarted,Object notstarted,Object notstarted,Object notstarted
2024-03-18 10:32:48,994.994,__main___datalogs,INFO,JoyConState.GO_HOME,0.000000,0.000000,0.000000,0.089258,0.002289,0.013732,0.020598,0.000000,0.000000,0.000000,0.000000,0,0,0,0,0,0,0,0,0,0,0,0.045257568359375,-0.004302978515625,0,0,0,0,0,0,0,0,Object notstarted,Object notstarted,Object notstarted,Object notstarted,Object notstarted,Object notstarted,Object notstarted,Object notstarted,Object notstarted
2024-03-18 10:32:49,031.031,__main___datalogs,INFO,JoyConState.GO_HOME,0.000000,0.000000,0.000000,0.084681,0.002289,0.013732,0.020598,0.000000,0.000000,0.000000,0.000000,0,0,0,0,0,0,0,0,0,0,0,0.045257568359375,-0.004302978515625,0,0,0,0,0,0,0,0,Object notstarted,Object notstarted,Object notstarted,Object notstarted,Object notstarted,Object notstarted,Object notstarted,Object notstarted,Object notstarted
2024-03-18 10:32:49,068.068,__main___datalogs,INFO,JoyConState.GO_HOME,0.000000,0.000000,0.000000,0.089258,0.002289,0.013732,0.020598,0.000000,0.000000,0.000000,0.000000,0,0,0,0,0,0,0,0,0,0,0,0.045257568359375,-0.004302978515625,0,0,0,0,0,0,0,0,Object notstarted,Object notstarted,Object notstarted,Object notstarted,Object notstarted,Object notstarted,Object notstarted,Object notstarted,Object notstarted
2024-03-18 10:32:49,105.105,__main___datalogs,INFO,JoyConState.GO_HOME,0.000000,0.000000,0.000000,0.084681,0.002289,0.013732,0.020598,0.000000,0.000000,0.000000,0.000000,0,0,0,0,0,0,0,0,0,0,0,0.045257568359375,-0.004302978515625,0,0,0,0,0,0,0,0,Object notstarted,Object notstarted,Object notstarted,Object notstarted,Object notstarted,Object notstarted,Object notstarted,Object notstarted,Object notstarted
2024-03-18 10:32:49,141.141,__main___datalogs,INFO,JoyConState.GO_HOME,0.000000,0.000000,0.000000,0.089258,0.002289,0.011443,0.020598,0.000000,0.000000,0.000000,0.000000,0,0,0,0,0,0,0,0,0,0,0,0.045257568359375,-0.004302978515625,0,0,0,0,0,0,0,0,Object notstarted,Object notstarted,Object notstarted,Object notstarted,Object notstarted,Object notstarted,Object notstarted,Object notstarted,Object notstarted
2024-03-18 10:32:49,172.172,__main___datalogs,INFO,JoyConState.GO_HOME,0.000000,0.000000,0.000000,0.089258,0.002289,0.011443,0.025176,0.000000,0.000000,0.000000,0.000000,0,0,0,0,0,0,0,0,0,0,0,0.045257568359375,-0.004302978515625,0,0,0,0,0,0,0,0,Object notstarted,Object notstarted,Object notstarted,Object notstarted,Object notstarted,Object notstarted,Object notstarted,Object notstarted,Object notstarted
2024-03-18 10:32:49,203.203,__main___datalogs,INFO,JoyConState.GO_HOME,0.000000,0.000000,0.000000,0.089258,0.006866,0.004577,0.025176,0.000000,0.000000,0.000000,0.000000,0,0,0,0,0,0,0,0,0,0,0,0.045257568359375,-0.004302978515625,0,0,0,0,0,0,0,0,Object notstarted,Object notstarted,Object notstarted,Object notstarted,Object notstarted,Object notstarted,Object notstarted,Object notstarted,Object notstarted
2024-03-18 10:32:49,236.236,__main___datalogs,INFO,JoyConState.GO_HOME,0.000000,0.000000,0.000000,0.089258,0.006866,0.013732,0.020598,0.000000,0.000000,0.000000,0.000000,0,0,0,0,0,0,0,0,0,0,0,0.045257568359375,-0.004302978515625,0,0,0,0,0,0,0,0,Object notstarted,Object notstarted,Object notstarted,Object notstarted,Object notstarted,Object notstarted,Object notstarted,Object notstarted,Object notstarted
2024-03-18 10:32:49,268.268,__main___datalogs,INFO,JoyConState.GO_HOME,0.000000,0.000000,0.000000,0.089258,0.006866,0.013732,0.025176,0.000000,0.000000,0.000000,0.000000,0,0,0,0,0,0,0,0,0,0,0,0.045257568359375,-0.004302978515625,0,0,0,0,0,0,0,0,Object notstarted,Object notstarted,Object notstarted,Object notstarted,Object notstarted,Object notstarted,Object notstarted,Object notstarted,Object notstarted
2024-03-18 10:32:49,300.300,__main___datalogs,INFO,JoyConState.GO_HOME,0.000000,0.000000,0.000000,0.089258,0.002289,0.018310,0.020598,0.000000,0.000000,0.000000,0.000000,0,0,0,0,0,0,0,0,0,0,0,0.045257568359375,-0.004302978515625,0,0,0,0,0,0,0,0,Object notstarted,Object notstarted,Object notstarted,Object notstarted,Object notstarted,Object notstarted,Object notstarted,Object notstarted,Object notstarted
2024-03-18 10:32:49,338.338,__main___datalogs,INFO,JoyConState.GO_HOME,0.000000,0.000000,0.000000,0.089258,0.002289,0.013732,0.025176,0.000000,0.000000,0.000000,0.000000,0,0,0,0,0,0,0,0,0,0,0,0.045257568359375,-0.004302978515625,0,0,0,0,0,0,0,0,Object notstarted,Object notstarted,Object notstarted,Object notstarted,Object notstarted,Object notstarted,Object notstarted,Object notstarted,Object notstarted
2024-03-18 10:32:49,376.376,__main___datalogs,INFO,JoyConState.GO_HOME,0.000000,0.000000,0.000000,0.089258,0.002289,0.013732,0.025176,0.000000,0.000000,0.000000,0.000000,0,0,0,0,0,0,0,0,0,0,0,0.045257568359375,-0.004302978515625,0,0,0,0,0,0,0,0,Object notstarted,Object notstarted,Object notstarted,Object notstarted,Object notstarted,Object notstarted,Object notstarted,Object notstarted,Object notstarted
2024-03-18 10:32:49,415.415,__main___datalogs,INFO,JoyConState.GO_HOME,0.000000,0.000000,0.000000,0.089258,0.002289,0.013732,0.020598,0.000000,0.000000,0.000000,0.000000,0,0,0,0,0,0,0,0,0,0,0,0.045257568359375,-0.004302978515625,0,0,0,0,0,0,0,0,Object notstarted,Object notstarted,Object notstarted,Object notstarted,Object notstarted,Object notstarted,Object notstarted,Object notstarted,Object notstarted
2024-03-18 10:32:49,451.451,__main___datalogs,INFO,JoyConState.GO_HOME,0.000000,0.000000,0.000000,0.089258,0.002289,0.013732,0.025176,0.000000,0.000000,0.000000,0.000000,0,0,0,0,0,0,0,0,0,0,0,0.045257568359375,-0.004302978515625,0,0,0,0,0,0,0,0,Object notstarted,Object notstarted,Object notstarted,Object notstarted,Object notstarted,Object notstarted,Object notstarted,Object notstarted,Object notstarted
2024-03-18 10:32:49,490.490,__main___datalogs,INFO,JoyConState.GO_HOME,0.000000,0.000000,0.000000,0.091547,0.006866,0.011443,0.025176,0.000000,0.000000,0.000000,0.000000,0,0,0,0,0,0,0,0,0,0,0,0.045257568359375,-0.004302978515625,0,0,0,0,0,0,0,0,Object notstarted,Object notstarted,Object notstarted,Object notstarted,Object notstarted,Object notstarted,Object notstarted,Object notstarted,Object notstarted
2024-03-18 10:32:49,534.534,__main___datalogs,INFO,JoyConState.GO_HOME,0.000000,0.000000,0.000000,0.089258,0.006866,0.011443,0.025176,0.000000,0.000000,0.000000,0.000000,0,0,0,0,0,0,0,0,0,0,0,0.045257568359375,-0.004302978515625,0,0,0,0,0,0,0,0,Object notstarted,Object notstarted,Object notstarted,Object notstarted,Object notstarted,Object notstarted,Object notstarted,Object notstarted,Object notstarted
2024-03-18 10:32:49,571.571,__main___datalogs,INFO,JoyConState.GO_HOME,0.000000,0.000000,0.000000,0.089258,0.006866,0.013732,0.020598,0.000000,0.000000,0.000000,0.000000,0,0,0,0,0,0,0,0,0,0,0,0.045257568359375,-0.004302978515625,0,0,0,0,0,0,0,0,Object notstarted,Object notstarted,Object notstarted,Object notstarted,Object notstarted,Object notstarted,Object notstarted,Object notstarted,Object notstarted
2024-03-18 10:32:49,610.610,__main___datalogs,INFO,JoyConState.GO_HOME,0.000000,0.000000,0.000000,0.091547,0.006866,0.013732,0.020598,0.000000,0.000000,0.000000,0.000000,0,0,0,0,0,0,0,0,0,0,0,0.045257568359375,-0.004302978515625,0,0,0,0,0,0,0,0,Object notstarted,Object notstarted,Object notstarted,Object notstarted,Object notstarted,Object notstarted,Object notstarted,Object notstarted,Object notstarted
2024-03-18 10:32:49,648.648,__main___datalogs,INFO,JoyConState.GO_HOME,0.000000,0.000000,0.000000,0.084681,0.006866,0.013732,0.025176,0.000000,0.000000,0.000000,0.000000,0,0,0,0,0,0,0,0,0,0,0,0.045257568359375,-0.004302978515625,0,0,0,0,0,0,0,0,Object notstarted,Object notstarted,Object notstarted,Object notstarted,Object notstarted,Object notstarted,Object notstarted,Object notstarted,Object notstarted
2024-03-18 10:32:49,685.685,__main___datalogs,INFO,JoyConState.GO_HOME,0.000000,0.000000,0.000000,0.084681,0.006866,0.013732,0.020598,0.000000,0.000000,0.000000,0.000000,0,0,0,0,0,0,0,0,0,0,0,0.045257568359375,-0.004302978515625,0,0,0,0,0,0,0,0,Object notstarted,Object notstarted,Object notstarted,Object notstarted,Object notstarted,Object notstarted,Object notstarted,Object notstarted,Object notstarted
2024-03-18 10:32:49,721.721,__main___datalogs,INFO,JoyConState.GO_HOME,0.000000,0.000000,0.000000,0.084681,0.006866,0.013732,0.025176,0.000000,0.000000,0.000000,0.000000,0,0,0,0,0,0,0,0,0,0,0,0.045257568359375,-0.004302978515625,0,0,0,0,0,0,0,0,Object notstarted,Object notstarted,Object notstarted,Object notstarted,Object notstarted,Object notstarted,Object notstarted,Object notstarted,Object notstarted
2024-03-18 10:32:49,759.759,__main___datalogs,INFO,JoyConState.GO_HOME,0.000000,0.000000,0.000000,0.089258,0.006866,0.013732,0.025176,0.000000,0.000000,0.000000,0.000000,0,0,0,0,0,0,0,0,0,0,0,0.045257568359375,-0.004302978515625,0,0,0,0,0,0,0,0,Object notstarted,Object notstarted,Object notstarted,Object notstarted,Object notstarted,Object notstarted,Object notstarted,Object notstarted,Object notstarted
2024-03-18 10:32:49,797.797,__main___datalogs,INFO,JoyConState.GO_HOME,0.000000,0.000000,0.000000,0.091547,0.006866,0.013732,0.025176,0.000000,0.000000,0.000000,0.000000,0,0,0,0,0,0,0,0,0,0,0,0.045257568359375,-0.004302978515625,0,0,0,0,0,0,0,0,Object notstarted,Object notstarted,Object notstarted,Object notstarted,Object notstarted,Object notstarted,Object notstarted,Object notstarted,Object notstarted
2024-03-18 10:32:49,835.835,__main___datalogs,INFO,JoyConState.GO_HOME,0.000000,0.000000,0.000000,0.089258,0.006866,0.013732,0.027464,0.000000,0.000000,0.000000,0.000000,0,0,0,0,0,0,0,0,0,0,0,0.045257568359375,-0.004302978515625,0,0,0,0,0,0,0,0,Object notstarted,Object notstarted,Object notstarted,Object notstarted,Object notstarted,Object notstarted,Object notstarted,Object notstarted,Object notstarted
2024-03-18 10:32:49,872.872,__main___datalogs,INFO,JoyConState.GO_HOME,0.000000,0.000000,0.000000,0.089258,0.006866,0.011443,0.027464,0.000000,0.000000,0.000000,0.000000,0,0,0,0,0,0,0,0,0,0,0,0.045257568359375,-0.004302978515625,0,0,0,0,0,0,0,0,Object notstarted,Object notstarted,Object notstarted,Object notstarted,Object notstarted,Object notstarted,Object notstarted,Object notstarted,Object notstarted
2024-03-18 10:32:49,908.908,__main___datalogs,INFO,JoyConState.GO_HOME,0.000000,0.000000,0.000000,0.089258,0.006866,0.011443,0.025176,0.000000,0.000000,0.000000,0.000000,0,0,0,0,0,0,0,0,0,0,0,0.045257568359375,-0.004302978515625,0,0,0,0,0,0,0,0,Object notstarted,Object notstarted,Object notstarted,Object notstarted,Object notstarted,Object notstarted,Object notstarted,Object notstarted,Object notstarted
2024-03-18 10:32:49,946.946,__main___datalogs,INFO,JoyConState.GO_HOME,0.000000,0.000000,0.000000,0.089258,0.006866,0.013732,0.025176,0.000000,0.000000,0.000000,0.000000,0,0,0,0,0,0,0,0,0,0,0,0.045257568359375,-0.004302978515625,0,0,0,0,0,0,0,0,Object notstarted,Object notstarted,Object notstarted,Object notstarted,Object notstarted,Object notstarted,Object notstarted,Object notstarted,Object notstarted
2024-03-18 10:32:49,982.982,__main___datalogs,INFO,JoyConState.GO_HOME,0.000000,0.000000,0.000000,0.089258,0.006866,0.013732,0.025176,0.000000,0.000000,0.000000,0.000000,0,0,0,0,0,0,0,0,0,0,0,0.045257568359375,-0.004302978515625,0,0,0,0,0,0,0,0,Object notstarted,Object notstarted,Object notstarted,Object notstarted,Object notstarted,Object notstarted,Object notstarted,Object notstarted,Object notstarted
2024-03-18 10:32:50,019.019,__main___datalogs,INFO,JoyConState.GO_HOME,0.000000,0.000000,0.000000,0.091547,0.006866,0.011443,0.027464,0.000000,0.000000,0.000000,0.000000,0,0,0,0,0,0,0,0,0,0,0,0.045257568359375,-0.004302978515625,0,0,0,0,0,0,0,0,Object notstarted,Object notstarted,Object notstarted,Object notstarted,Object notstarted,Object notstarted,Object notstarted,Object notstarted,Object notstarted
2024-03-18 10:32:50,058.058,__main___datalogs,INFO,JoyConState.GO_HOME,0.000000,0.000000,0.000000,0.089258,0.006866,0.011443,0.025176,0.000000,0.000000,0.000000,0.000000,0,0,0,0,0,0,0,0,0,0,0,0.045257568359375,-0.004302978515625,0,0,0,0,0,0,0,0,Object notstarted,Object notstarted,Object notstarted,Object notstarted,Object notstarted,Object notstarted,Object notstarted,Object notstarted,Object notstarted
2024-03-18 10:32:50,095.095,__main___datalogs,INFO,JoyConState.GO_HOME,0.000000,0.000000,0.000000,0.089258,0.006866,0.013732,0.025176,0.000000,0.000000,0.000000,0.000000,0,0,0,0,0,0,0,0,0,0,0,0.045257568359375,-0.004302978515625,0,0,0,0,0,0,0,0,Object notstarted,Object notstarted,Object notstarted,Object notstarted,Object notstarted,Object notstarted,Object notstarted,Object notstarted,Object notstarted
2024-03-18 10:32:50,133.133,__main___datalogs,INFO,JoyConState.GO_HOME,0.000000,0.000000,0.000000,0.089258,0.006866,0.013732,0.025176,0.000000,0.000000,0.000000,0.000000,0,0,0,0,0,0,0,0,0,0,0,0.045257568359375,-0.004302978515625,0,0,0,0,0,0,0,0,Object notstarted,Object notstarted,Object notstarted,Object notstarted,Object notstarted,Object notstarted,Object notstarted,Object notstarted,Object notstarted
2024-03-18 10:32:50,171.171,__main___datalogs,INFO,JoyConState.GO_HOME,0.000000,0.000000,0.000000,0.089258,0.006866,0.011443,0.027464,0.000000,0.000000,0.000000,0.000000,0,0,0,0,0,0,0,0,0,0,0,0.045257568359375,-0.004302978515625,0,0,0,0,0,0,0,0,Object notstarted,Object notstarted,Object notstarted,Object notstarted,Object notstarted,Object notstarted,Object notstarted,Object notstarted,Object notstarted
2024-03-18 10:32:50,207.207,__main___datalogs,INFO,JoyConState.GO_HOME,0.000000,0.000000,0.000000,0.089258,0.006866,0.011443,0.025176,0.000000,0.000000,0.000000,0.000000,0,0,0,0,0,0,0,0,0,0,0,0.045257568359375,-0.004302978515625,0,0,0,0,0,0,0,0,Object notstarted,Object notstarted,Object notstarted,Object notstarted,Object notstarted,Object notstarted,Object notstarted,Object notstarted,Object notstarted
2024-03-18 10:32:50,243.243,__main___datalogs,INFO,JoyConState.GO_HOME,0.000000,0.000000,0.000000,0.091547,0.006866,0.013732,0.025176,0.000000,0.000000,0.000000,0.000000,0,0,0,0,0,0,0,0,0,0,0,0.045257568359375,-0.004302978515625,0,0,0,0,0,0,0,0,Object notstarted,Object notstarted,Object notstarted,Object notstarted,Object notstarted,Object notstarted,Object notstarted,Object notstarted,Object notstarted
2024-03-18 10:32:50,274.274,__main___datalogs,INFO,JoyConState.GO_HOME,0.000000,0.000000,0.000000,0.089258,0.002289,0.013732,0.025176,0.000000,0.000000,0.000000,0.000000,0,0,0,0,0,0,0,0,0,0,0,0.045257568359375,-0.004302978515625,0,0,0,0,0,0,0,0,Object notstarted,Object notstarted,Object notstarted,Object notstarted,Object notstarted,Object notstarted,Object notstarted,Object notstarted,Object notstarted
2024-03-18 10:32:50,306.306,__main___datalogs,INFO,JoyConState.GO_HOME,0.000000,0.000000,0.000000,0.089258,0.006866,0.013732,0.020598,0.000000,0.000000,0.000000,0.000000,0,0,0,0,0,0,0,0,0,0,0,0.045257568359375,-0.004302978515625,0,0,0,0,0,0,0,0,Object notstarted,Object notstarted,Object notstarted,Object notstarted,Object notstarted,Object notstarted,Object notstarted,Object notstarted,Object notstarted
2024-03-18 10:32:50,338.338,__main___datalogs,INFO,JoyConState.GO_HOME,0.000000,0.000000,0.000000,0.089258,0.006866,0.013732,0.025176,0.000000,0.000000,0.000000,0.000000,0,0,0,0,0,0,0,0,0,0,0,0.045257568359375,-0.004302978515625,0,0,0,0,0,0,0,0,Object notstarted,Object notstarted,Object notstarted,Object notstarted,Object notstarted,Object notstarted,Object notstarted,Object notstarted,Object notstarted
2024-03-18 10:32:50,370.370,__main___datalogs,INFO,JoyConState.GO_HOME,0.000000,0.000000,0.000000,0.084681,0.006866,0.011443,0.025176,0.000000,0.000000,0.000000,0.000000,0,0,0,0,0,0,0,0,0,0,0,0.045257568359375,-0.004302978515625,0,0,0,0,0,0,0,0,Object notstarted,Object notstarted,Object notstarted,Object notstarted,Object notstarted,Object notstarted,Object notstarted,Object notstarted,Object notstarted
2024-03-18 10:32:50,402.402,__main___datalogs,INFO,JoyConState.GO_HOME,0.000000,0.000000,0.000000,0.089258,0.006866,0.011443,0.025176,0.000000,0.000000,0.000000,0.000000,0,0,0,0,0,0,0,0,0,0,0,0.045257568359375,-0.004302978515625,0,0,0,0,0,0,0,0,Object notstarted,Object notstarted,Object notstarted,Object notstarted,Object notstarted,Object notstarted,Object notstarted,Object notstarted,Object notstarted
2024-03-18 10:32:50,435.435,__main___datalogs,INFO,JoyConState.GO_HOME,0.000000,0.000000,0.000000,0.084681,0.006866,0.011443,0.025176,0.000000,0.000000,0.000000,0.000000,0,0,0,0,0,0,0,0,0,0,0,0.045257568359375,-0.004302978515625,0,0,0,0,0,0,0,0,Object notstarted,Object notstarted,Object notstarted,Object notstarted,Object notstarted,Object notstarted,Object notstarted,Object notstarted,Object notstarted
2024-03-18 10:32:50,467.467,__main___datalogs,INFO,JoyConState.GO_HOME,0.000000,0.000000,0.000000,0.089258,0.006866,0.011443,0.025176,0.000000,0.000000,0.000000,0.000000,0,0,0,0,0,0,0,0,0,0,0,0.045257568359375,-0.004302978515625,0,0,0,0,0,0,0,0,Object notstarted,Object notstarted,Object notstarted,Object notstarted,Object notstarted,Object notstarted,Object notstarted,Object notstarted,Object notstarted
2024-03-18 10:32:50,499.499,__main___datalogs,INFO,JoyConState.GO_HOME,0.000000,0.000000,0.000000,0.089258,0.006866,0.013732,0.020598,0.000000,0.000000,0.000000,0.000000,0,0,0,0,0,0,0,0,0,0,0,0.045257568359375,-0.004302978515625,0,0,0,0,0,0,0,0,Object notstarted,Object notstarted,Object notstarted,Object notstarted,Object notstarted,Object notstarted,Object notstarted,Object notstarted,Object notstarted
2024-03-18 10:32:50,532.532,__main___datalogs,INFO,JoyConState.GO_HOME,0.000000,0.000000,0.000000,0.089258,0.006866,0.013732,0.027464,0.000000,0.000000,0.000000,0.000000,0,0,0,0,0,0,0,0,0,0,0,0.045257568359375,-0.004302978515625,0,0,0,0,0,0,0,0,Object notstarted,Object notstarted,Object notstarted,Object notstarted,Object notstarted,Object notstarted,Object notstarted,Object notstarted,Object notstarted
2024-03-18 10:32:50,574.574,__main___datalogs,INFO,JoyConState.GO_HOME,0.000000,0.000000,0.000000,0.091547,0.006866,0.013732,0.025176,0.000000,0.000000,0.000000,0.000000,0,0,0,0,0,0,0,0,0,0,0,0.045257568359375,-0.004302978515625,0,0,0,0,0,0,0,0,Object notstarted,Object notstarted,Object notstarted,Object notstarted,Object notstarted,Object notstarted,Object notstarted,Object notstarted,Object notstarted
2024-03-18 10:32:50,619.619,__main___datalogs,INFO,JoyConState.GO_HOME,0.000000,0.000000,0.000000,0.091547,0.006866,0.013732,0.027464,0.000000,0.000000,0.000000,0.000000,0,0,0,0,0,0,0,0,0,0,0,0.045257568359375,-0.004302978515625,0,0,0,0,0,0,0,0,Object notstarted,Object notstarted,Object notstarted,Object notstarted,Object notstarted,Object notstarted,Object notstarted,Object notstarted,Object notstarted
2024-03-18 10:32:50,656.656,__main___datalogs,INFO,JoyConState.GO_HOME,0.000000,0.000000,0.000000,0.084681,0.002289,0.013732,0.020598,0.000000,0.000000,0.000000,0.000000,0,0,0,0,0,0,0,0,0,0,0,0.045257568359375,-0.004302978515625,0,0,0,0,0,0,0,0,Object notstarted,Object notstarted,Object notstarted,Object notstarted,Object notstarted,Object notstarted,Object notstarted,Object notstarted,Object notstarted
2024-03-18 10:32:50,694.694,__main___datalogs,INFO,JoyConState.GO_HOME,0.000000,0.000000,0.000000,0.084681,0.002289,0.004577,0.025176,0.000000,0.000000,0.000000,0.000000,0,0,0,0,0,0,0,0,0,0,0,0.045257568359375,-0.004302978515625,0,0,0,0,0,0,0,0,Object notstarted,Object notstarted,Object notstarted,Object notstarted,Object notstarted,Object notstarted,Object notstarted,Object notstarted,Object notstarted
2024-03-18 10:32:50,731.731,__main___datalogs,INFO,JoyConState.GO_HOME,0.000000,0.000000,0.000000,0.084681,0.002289,0.013732,0.027464,0.000000,0.000000,0.000000,0.000000,0,0,0,0,0,0,0,0,0,0,0,0.045257568359375,-0.004302978515625,0,0,0,0,0,0,0,0,Object notstarted,Object notstarted,Object notstarted,Object notstarted,Object notstarted,Object notstarted,Object notstarted,Object notstarted,Object notstarted
2024-03-18 10:32:50,768.768,__main___datalogs,INFO,JoyConState.GO_HOME,0.000000,0.000000,0.000000,0.091547,0.002289,0.013732,0.025176,0.000000,0.000000,0.000000,0.000000,0,0,0,0,0,0,0,0,0,0,0,0.045257568359375,-0.004302978515625,0,0,0,0,0,0,0,0,Object notstarted,Object notstarted,Object notstarted,Object notstarted,Object notstarted,Object notstarted,Object notstarted,Object notstarted,Object notstarted
2024-03-18 10:32:50,805.805,__main___datalogs,INFO,JoyConState.GO_HOME,0.000000,0.000000,0.000000,0.089258,0.006866,0.013732,0.027464,0.000000,0.000000,0.000000,0.000000,0,0,0,0,0,0,0,0,0,0,0,0.045257568359375,-0.004302978515625,0,0,0,0,0,0,0,0,Object notstarted,Object notstarted,Object notstarted,Object notstarted,Object notstarted,Object notstarted,Object notstarted,Object notstarted,Object notstarted
2024-03-18 10:32:50,841.841,__main___datalogs,INFO,JoyConState.GO_HOME,0.000000,0.000000,0.000000,0.091547,0.006866,0.013732,0.020598,0.000000,0.000000,0.000000,0.000000,0,0,0,0,0,0,0,0,0,0,0,0.045257568359375,-0.004302978515625,0,0,0,0,0,0,0,0,Object notstarted,Object notstarted,Object notstarted,Object notstarted,Object notstarted,Object notstarted,Object notstarted,Object notstarted,Object notstarted
2024-03-18 10:32:50,878.878,__main___datalogs,INFO,JoyConState.GO_HOME,0.000000,0.000000,0.000000,0.089258,0.006866,0.013732,0.025176,0.000000,0.000000,0.000000,0.000000,0,0,0,0,0,0,0,0,0,0,0,0.045257568359375,-0.004302978515625,0,0,0,0,0,0,0,0,Object notstarted,Object notstarted,Object notstarted,Object notstarted,Object notstarted,Object notstarted,Object notstarted,Object notstarted,Object notstarted
2024-03-18 10:32:50,934.934,__main___datalogs,INFO,JoyConState.USE_SNS,0.000000,0.000000,0.000000,0.084681,0.006866,0.013732,0.025176,0.000000,0.000000,0.000000,0.000000,0,0,0,0,0,0,0,0,0,0,0,0.045257568359375,-0.004302978515625,-5.882353,5.882353,0.0,0.0,-11.764706,0.0,-5.882353,-8.235294,Object notstarted,Object notstarted,Object notstarted,Object notstarted,Object notstarted,Object notstarted,Object notstarted,Object notstarted,Object notstarted
2024-03-18 10:32:51,042.042,__main___datalogs,INFO,JoyConState.USE_SNS,-0.125000,0.237500,-0.005000,0.090327,0.006561,0.013427,0.024260,0.000000,0.000000,0.000000,0.000000,0,0,0,0,0,0,0,0,0,0,0,0.045257568359375,-0.004302978515625,-2.9309995,12.965601,0.0,0.0,-15.896601,-10.034602,-12.965601,-4.1033993,Object notstarted,Object notstarted,Object notstarted,Object notstarted,Object notstarted,Object notstarted,Object notstarted,Object notstarted,Object notstarted
2024-03-18 10:32:51,150.150,__main___datalogs,INFO,JoyConState.USE_SNS,-2.312500,4.325000,-0.105000,0.089716,0.006561,0.011443,0.023650,0.000000,0.000000,0.000000,0.000000,0,0,0,0,0,0,0,0,0,0,0,0.045257568359375,-0.004302978515625,8.574173,6.460369,0.0,-10.034602,-7.9207983,-15.034542,-16.494972,-2.0446005,Object notstarted,Object notstarted,Object notstarted,Object notstarted,Object notstarted,Object notstarted,Object notstarted,Object notstarted,Object notstarted
2024-03-18 10:32:51,246.246,__main___datalogs,INFO,JoyConState.USE_SNS,-4.812500,9.025000,-0.220000,0.089716,0.006866,0.013274,0.023650,0.000000,0.000000,0.000000,0.000000,0,0,0,0,0,0,0,0,0,0,0,0.045257568359375,-0.004302978515625,14.306854,3.2190077,0.0,-15.034542,-3.9466953,-17.525864,-18.253551,-1.018763,Object notstarted,Object notstarted,Object notstarted,Object notstarted,Object notstarted,Object notstarted,Object notstarted,Object notstarted,Object notstarted
2024-03-18 10:32:51,329.329,__main___datalogs,INFO,JoyConState.USE_SNS,-6.525000,12.237500,-0.297500,0.089716,0.006561,0.013580,0.024565,0.000000,0.000000,0.000000,0.000000,0,0,0,0,0,0,0,0,0,0,0,0.045257568359375,-0.004302978515625,17.163277,1.6039348,0.0,-17.525864,-1.9665196,-18.767212,-19.129797,-0.50761896,Object notstarted,Object notstarted,Object notstarted,Object notstarted,Object notstarted,Object notstarted,Object notstarted,Object notstarted,Object notstarted
2024-03-18 10:32:51,437.437,__main___datalogs,INFO,JoyConState.USE_SNS,-6.587500,12.337500,-0.610000,0.090479,0.002136,0.013580,0.022734,0.000000,0.000000,0.000000,0.000000,0,0,0,0,0,0,0,0,0,0,0,0.045257568359375,-0.004302978515625,18.586548,0.7991924,0.0,-18.767212,-0.97985756,-19.385738,-19.566402,-0.25293127,Object notstarted,Object notstarted,Object notstarted,Object notstarted,Object notstarted,Object notstarted,Object notstarted,Object notstarted,Object notstarted
2024-03-18 10:32:51,545.545,__main___datalogs,INFO,JoyConState.USE_SNS,-6.587500,12.262500,-2.035000,0.089869,0.001984,0.013580,0.024565,0.000000,0.000000,0.000000,0.000000,0,0,0,0,0,0,0,0,0,0,0,0.045257568359375,-0.004302978515625,19.29572,0.39821357,0.0,-19.385738,-0.48823354,-19.693932,-19.78395,-0.12602805,Object notstarted,Object notstarted,Object notstarted,Object notstarted,Object notstarted,Object notstarted,Object notstarted,Object notstarted,Object notstarted
2024-03-18 10:32:51,637.637,__main___datalogs,INFO,JoyConState.USE_SNS,-6.587500,12.175000,-3.550000,0.087428,0.006561,0.013885,0.022124,0.000000,0.000000,0.000000,0.000000,0,0,0,0,0,0,0,0,0,0,0,0.045257568359375,-0.004302978515625,19.649078,0.19841784,0.0,-19.693932,-0.2432721,-19.847496,-19.89235,-0.06279598,Object notstarted,Object notstarted,Object notstarted,Object notstarted,Object notstarted,Object notstarted,Object notstarted,Object notstarted,Object notstarted
2024-03-18 10:32:51,731.731,__main___datalogs,INFO,JoyConState.USE_SNS,-6.587500,12.150000,-3.962500,0.087428,0.006866,0.013427,0.025633,0.000000,0.000000,0.000000,0.000000,0,0,0,0,0,0,0,0,0,0,0,0.045257568359375,-0.004302978515625,19.825146,0.098865636,0.0,-19.847496,-0.12121517,-19.924011,-19.946362,-0.03128935,Object notstarted,Object notstarted,Object notstarted,Object notstarted,Object notstarted,Object notstarted,Object notstarted,Object notstarted,Object notstarted
2024-03-18 10:32:51,819.819,__main___datalogs,INFO,JoyConState.USE_SNS,-6.587500,12.087500,-4.655000,0.090174,0.006714,0.013580,0.022887,0.000000,0.000000,0.000000,0.000000,0,0,0,0,0,0,0,0,0,0,0,0.045257568359375,-0.004302978515625,19.912876,0.04926177,0.0,-19.924011,-0.060397875,-19.96214,-19.973274,-0.015590541,Object notstarted,Object notstarted,Object notstarted,Object notstarted,Object notstarted,Object notstarted,Object notstarted,Object notstarted,Object notstarted
2024-03-18 10:32:51,997.997,__main___datalogs,INFO,JoyConState.USE_SNS,-6.587500,11.962500,-6.102500,0.090327,0.006103,0.011596,0.023345,0.000000,0.000000,0.000000,0.000000,0,0,0,0,0,0,0,0,0,0,0,0.045257568359375,-0.004302978515625,19.956589,0.024545658,0.0,-19.96214,-0.030094443,-19.981136,-19.986685,-0.0077682976,Object notstarted,Object notstarted,Object notstarted,Object notstarted,Object notstarted,Object notstarted,Object notstarted,Object notstarted,Object notstarted
2024-03-18 10:32:52,120.120,__main___datalogs,INFO,JoyConState.USE_SNS,-6.587500,11.500000,-11.430000,0.088801,0.004120,0.013732,0.025938,0.000000,0.000000,0.000000,0.000000,0,0,0,0,0,0,0,0,0,0,0,0.045257568359375,-0.004302978515625,19.97837,0.012230364,0.0,-19.981136,-0.014995156,-19.9906,-19.993366,-0.003870709,Object notstarted,Object notstarted,Object notstarted,Object notstarted,Object notstarted,Object notstarted,Object notstarted,Object notstarted,Object notstarted
2024-03-18 10:32:52,214.214,__main___datalogs,INFO,JoyConState.USE_SNS,-6.587500,11.162500,-15.120000,0.086207,0.005951,0.013580,0.026091,0.000000,0.000000,0.000000,0.000000,0,0,0,0,0,0,0,0,0,0,0,0.045257568359375,-0.004302978515625,19.989223,0.0060940227,0.0,-19.9906,-0.0074716355,-19.995317,-19.996695,-0.0019286579,Object notstarted,Object notstarted,Object notstarted,Object notstarted,Object notstarted,Object notstarted,Object notstarted,Object notstarted,Object notstarted
2024-03-18 10:32:52,341.341,__main___datalogs,INFO,JoyConState.USE_SNS,-6.587500,10.825000,-18.500000,0.087428,0.006866,0.010375,0.026396,0.000000,0.000000,0.000000,0.000000,0,0,0,0,0,0,0,0,0,0,0,0.045257568359375,-0.004302978515625,19.99463,0.003036468,0.0,-19.995317,-0.003722891,-19.997667,-19.998354,-0.0009609922,Object notstarted,Object notstarted,Object notstarted,Object notstarted,Object notstarted,Object notstarted,Object notstarted,Object notstarted,Object notstarted
2024-03-18 10:32:52,448.448,__main___datalogs,INFO,JoyConState.USE_SNS,-6.587500,10.437500,-22.297500,0.090174,0.006866,0.012664,0.026244,0.000000,0.000000,0.000000,0.000000,0,0,0,0,0,0,0,0,0,0,0,0.045257568359375,-0.004302978515625,19.997326,0.0015129807,0.0,-19.997667,-0.0018550046,-19.998838,-19.99918,-0.00047883348,Object notstarted,Object notstarted,Object notstarted,Object notstarted,Object notstarted,Object notstarted,Object notstarted,Object notstarted,Object notstarted
2024-03-18 10:32:52,533.533,__main___datalogs,INFO,JoyConState.USE_SNS,-6.587500,10.225000,-24.355000,0.087428,0.006561,0.013732,0.025938,0.000000,0.000000,0.000000,0.000000,0,0,0,0,0,0,0,0,0,0,0,0.045257568359375,-0.004302978515625,19.998669,0.00075387274,0.0,-19.998838,-0.00092429295,-19.99942,-19.999592,-0.00023858831,Object notstarted,Object notstarted,Object notstarted,Object notstarted,Object notstarted,Object notstarted,Object notstarted,Object notstarted,Object notstarted
2024-03-18 10:32:52,623.623,__main___datalogs,INFO,JoyConState.USE_SNS,-6.587500,10.137500,-25.182500,0.086207,0.003509,0.014037,0.022429,0.000000,0.000000,0.000000,0.000000,0,0,0,0,0,0,0,0,0,0,0,0.045257568359375,-0.004302978515625,19.999338,0.0003756321,0.0,-19.99942,-0.00046054737,-19.999712,-19.999798,-0.00011888138,Object notstarted,Object notstarted,Object notstarted,Object notstarted,Object notstarted,Object notstarted,Object notstarted,Object notstarted,Object notstarted
2024-03-18 10:32:52,762.762,__main___datalogs,INFO,JoyConState.USE_SNS,-6.587500,10.112500,-25.487500,0.086512,0.006714,0.007629,0.026701,0.000000,0.000000,0.000000,0.000000,0,0,0,0,0,0,0,0,0,0,0,0.045257568359375,-0.004302978515625,19.99967,0.00018716618,0.0,-19.999712,-0.0002294769,-19.999859,-19.9999,-5.9235015e-05,Object notstarted,Object notstarted,Object notstarted,Object notstarted,Object notstarted,Object notstarted,Object notstarted,Object notstarted,Object notstarted
2024-03-18 10:32:52,876.876,__main___datalogs,INFO,JoyConState.USE_SNS,-6.587500,9.937500,-27.280000,0.086512,0.006866,0.010986,0.026396,0.000000,0.000000,0.000000,0.000000,0,0,0,0,0,0,0,0,0,0,0,0.045257568359375,-0.004302978515625,19.999836,9.3259274e-05,0.0,-19.999859,-0.000114341434,-19.999931,-19.99995,-2.9515026e-05,Object notstarted,Object notstarted,Object notstarted,Object notstarted,Object notstarted,Object notstarted,Object notstarted,Object notstarted,Object notstarted
2024-03-18 10:32:52,956.956,__main___datalogs,INFO,JoyConState.USE_SNS,-6.587500,9.662500,-30.190000,0.086207,0.007019,0.005493,0.025786,0.000000,0.000000,0.000000,0.000000,0,0,0,0,0,0,0,0,0,0,0,0.045257568359375,-0.004302978515625,19.99992,4.6468293e-05,0.0,-19.999931,-5.6972898e-05,-19.999966,-19.999977,-1.470645e-05,Object notstarted,Object notstarted,Object notstarted,Object notstarted,Object notstarted,Object notstarted,Object notstarted,Object notstarted,Object notstarted
2024-03-18 10:32:53,038.038,__main___datalogs,INFO,JoyConState.USE_SNS,-6.587500,9.412500,-32.885000,0.090021,0.007019,0.005951,0.026549,0.000000,0.000000,0.000000,0.000000,0,0,0,0,0,0,0,0,0,0,0,0.045257568359375,-0.004302978515625,19.99996,2.3153752e-05,0.0,-19.999966,-2.8387882e-05,-19.999985,-19.999989,-7.327782e-06,Object notstarted,Object notstarted,Object notstarted,Object notstarted,Object notstarted,Object notstarted,Object notstarted,Object notstarted,Object notstarted
2024-03-18 10:32:53,118.118,__main___datalogs,INFO,JoyConState.USE_SNS,-6.587500,9.150000,-35.685000,0.087275,0.007019,0.013580,0.026549,0.000000,0.000000,0.000000,0.000000,0,0,0,0,0,0,0,0,0,0,0,0.045257568359375,-0.004302978515625,19.99998,1.1536818e-05,0.0,-19.999985,-1.4144828e-05,-19.999992,-19.999996,-3.6512133e-06,Object notstarted,Object notstarted,Object notstarted,Object notstarted,Object notstarted,Object notstarted,Object notstarted,Object notstarted,Object notstarted
2024-03-18 10:32:53,210.210,__main___datalogs,INFO,JoyConState.USE_SNS,-6.587500,8.887500,-38.435000,0.086817,0.007171,0.011596,0.022887,0.000000,0.000000,0.000000,0.000000,0,0,0,0,0,0,0,0,0,0,0,0.045257568359375,-0.004302978515625,19.99999,5.7484494e-06,0.0,-19.999992,-7.0479423e-06,-19.999996,-19.999996,-1.8192899e-06,Object notstarted,Object notstarted,Object notstarted,Object notstarted,Object notstarted,Object notstarted,Object notstarted,Object notstarted,Object notstarted
2024-03-18 10:32:53,296.296,__main___datalogs,INFO,JoyConState.USE_SNS,-6.587500,8.587500,-41.595000,0.088038,0.007171,0.007934,0.023955,0.000000,0.000000,0.000000,0.000000,0,0,0,0,0,0,0,0,0,0,0,0.045257568359375,-0.004302978515625,19.999996,2.8642796e-06,0.0,-19.999996,-3.5117778e-06,-19.999996,-19.999996,-9.0649746e-07,Object notstarted,Object notstarted,Object notstarted,Object notstarted,Object notstarted,Object notstarted,Object notstarted,Object notstarted,Object notstarted
2024-03-18 10:32:53,405.405,__main___datalogs,INFO,JoyConState.USE_SNS,-6.587500,8.362500,-44.295000,0.090021,0.006714,0.011443,0.025938,0.000000,0.000000,0.000000,0.000000,0,0,0,0,0,0,0,0,0,0,0,0.045257568359375,-0.004302978515625,19.999996,1.4271843e-06,0.0,-19.999996,-1.7498131e-06,-19.999996,-19.999996,-4.5168042e-07,Object notstarted,Object notstarted,Object notstarted,Object notstarted,Object notstarted,Object notstarted,Object notstarted,Object notstarted,Object notstarted
2024-03-18 10:32:53,529.529,__main___datalogs,INFO,JoyConState.USE_SNS,-6.587500,8.075000,-48.040000,0.089716,0.007171,0.011291,0.027159,0.000000,0.000000,0.000000,0.000000,0,0,0,0,0,0,0,0,0,0,0,0.045257568359375,-0.004302978515625,19.999996,7.11123e-07,0.0,-19.999996,-8.7187925e-07,-19.999996,-19.999996,-2.2505877e-07,Object notstarted,Object notstarted,Object notstarted,Object notstarted,Object notstarted,Object notstarted,Object notstarted,Object notstarted,Object notstarted
2024-03-18 10:32:53,617.617,__main___datalogs,INFO,JoyConState.USE_SNS,-6.587500,7.762500,-52.370000,0.086665,0.006561,0.013885,0.025023,0.000000,0.000000,0.000000,0.000000,0,0,0,0,0,0,0,0,0,0,0,0.045257568359375,-0.004302978515625,19.999996,3.5433118e-07,0.0,-19.999996,-4.3443123e-07,-19.999996,-19.999996,-1.12140015e-07,Object notstarted,Object notstarted,Object notstarted,Object notstarted,Object notstarted,Object notstarted,Object notstarted,Object notstarted,Object notstarted
2024-03-18 10:32:53,723.723,__main___datalogs,INFO,JoyConState.USE_SNS,-6.587500,7.537500,-55.475000,0.089106,0.007171,0.010833,0.026244,0.000000,0.000000,0.000000,0.000000,0,0,0,0,0,0,0,0,0,0,0,0.045257568359375,-0.004302978515625,19.999996,1.7655256e-07,0.0,-19.999996,-2.1646402e-07,-19.999996,-19.999996,-5.5875997e-08,Object notstarted,Object notstarted,Object notstarted,Object notstarted,Object notstarted,Object notstarted,Object notstarted,Object notstarted,Object notstarted
2024-03-18 10:32:53,817.817,__main___datalogs,INFO,JoyConState.USE_SNS,-6.587500,7.325000,-58.525000,0.089869,0.006561,0.013732,0.023345,0.000000,0.000000,0.000000,0.000000,0,0,0,0,0,0,0,0,0,0,0,0.045257568359375,-0.004302978515625,19.999996,8.797083e-08,0.0,-19.999996,-1.0785751e-07,-19.999996,-19.999996,-2.784133e-08,Object notstarted,Object notstarted,Object notstarted,Object notstarted,Object notstarted,Object notstarted,Object notstarted,Object notstarted,Object notstarted
2024-03-18 10:32:53,925.925,__main___datalogs,INFO,JoyConState.USE_SNS,-6.587500,7.187500,-60.415000,0.089716,0.006714,0.014343,0.025176,0.000000,0.000000,0.000000,0.000000,0,0,0,0,0,0,0,0,0,0,0,0.045257568359375,-0.004302978515625,19.999996,4.3833218e-08,0.0,-19.999996,-5.3742156e-08,-19.999996,-19.999996,-1.3872498e-08,Object notstarted,Object notstarted,Object notstarted,Object notstarted,Object notstarted,Object notstarted,Object notstarted,Object notstarted,Object notstarted
2024-03-18 10:32:54,030.030,__main___datalogs,INFO,JoyConState.USE_SNS,-6.587500,7.125000,-61.307500,0.090632,0.006866,0.013732,0.026091,0.000000,0.000000,0.000000,0.000000,0,0,0,0,0,0,0,0,0,0,0,0.045257568359375,-0.004302978515625,19.999996,2.1840773e-08,0.0,-19.999996,-2.6778098e-08,-19.999996,-19.999996,-6.9122486e-09,Object notstarted,Object notstarted,Object notstarted,Object notstarted,Object notstarted,Object notstarted,Object notstarted,Object notstarted,Object notstarted
2024-03-18 10:32:54,170.170,__main___datalogs,INFO,JoyConState.USE_SNS,-6.587500,7.112500,-61.767500,0.090479,0.002594,0.013732,0.024870,0.000000,0.000000,0.000000,0.000000,0,0,0,0,0,0,0,0,0,0,0,0.045257568359375,-0.004302978515625,19.999996,1.0882601e-08,0.0,-19.999996,-1.334272e-08,-19.999996,-19.999996,-3.4441656e-09,Object notstarted,Object notstarted,Object notstarted,Object notstarted,Object notstarted,Object notstarted,Object notstarted,Object notstarted,Object notstarted
2024-03-18 10:32:54,277.277,__main___datalogs,INFO,JoyConState.USE_SNS,-6.587500,7.025000,-64.020000,0.087428,0.005951,0.013885,0.023650,0.000000,0.000000,0.000000,0.000000,0,0,0,0,0,0,0,0,0,0,0,0.045257568359375,-0.004302978515625,19.999996,5.4224722e-09,0.0,-19.999996,-6.6482757e-09,-19.999996,-19.999996,-1.716124e-09,Object notstarted,Object notstarted,Object notstarted,Object notstarted,Object notstarted,Object notstarted,Object notstarted,Object notstarted,Object notstarted
2024-03-18 10:32:54,362.362,__main___datalogs,INFO,JoyConState.USE_SNS,-6.587500,6.912500,-67.235000,0.089869,0.009613,0.013580,0.025786,0.000000,0.000000,0.000000,0.000000,0,0,0,0,0,0,0,0,0,0,0,0.045257568359375,-0.004302978515625,19.999996,2.7018547e-09,0.0,-19.999996,-3.312636e-09,-19.999996,-19.999996,-8.5509294e-10,Object notstarted,Object notstarted,Object notstarted,Object notstarted,Object notstarted,Object notstarted,Object notstarted,Object notstarted,Object notstarted
2024-03-18 10:32:54,457.457,__main___datalogs,INFO,JoyConState.USE_SNS,-6.587500,6.812500,-70.210000,0.086817,0.007782,0.014190,0.025633,0.000000,0.000000,0.000000,0.000000,0,0,0,0,0,0,0,0,0,0,0,0.045257568359375,-0.004302978515625,19.999996,1.346253e-09,0.0,-19.999996,-1.6505869e-09,-19.999996,-19.999996,-4.2606707e-10,Object notstarted,Object notstarted,Object notstarted,Object notstarted,Object notstarted,Object notstarted,Object notstarted,Object notstarted,Object notstarted
2024-03-18 10:32:54,537.537,__main___datalogs,INFO,JoyConState.USE_SNS,-6.587500,6.700000,-73.365000,0.086207,0.003204,0.013885,0.023497,0.000000,0.000000,0.000000,0.000000,0,0,0,0,0,0,0,0,0,0,0,0.045257568359375,-0.004302978515625,19.999996,6.707974e-10,0.0,-19.999996,-8.2243784e-10,-19.999996,-19.999996,-2.122964e-10,Object notstarted,Object notstarted,Object notstarted,Object notstarted,Object notstarted,Object notstarted,Object notstarted,Object notstarted,Object notstarted
2024-03-18 10:32:54,623.623,__main___datalogs,INFO,JoyConState.USE_SNS,-6.587500,6.600000,-76.120000,0.087733,0.002594,0.014037,0.026701,0.000000,0.000000,0.000000,0.000000,0,0,0,0,0,0,0,0,0,0,0,0.045257568359375,-0.004302978515625,19.999996,3.3423816e-10,0.0,-19.999996,-4.0979606e-10,-19.999996,-19.999996,-1.0578092e-10,Object notstarted,Object notstarted,Object notstarted,Object notstarted,Object notstarted,Object notstarted,Object notstarted,Object notstarted,Object notstarted
2024-03-18 10:32:54,709.709,__main___datalogs,INFO,JoyConState.USE_SNS,-6.587500,6.500000,-79.130000,0.089411,0.002594,0.013885,0.023955,0.000000,0.000000,0.000000,0.000000,0,0,0,0,0,0,0,0,0,0,0,0.045257568359375,-0.004302978515625,19.999996,1.6654082e-10,0.0,-19.999996,-2.0418904e-10,-19.999996,-19.999996,-5.2707453e-11,Object notstarted,Object notstarted,Object notstarted,Object notstarted,Object notstarted,Object notstarted,Object notstarted,Object notstarted,Object notstarted
2024-03-18 10:32:54,799.799,__main___datalogs,INFO,JoyConState.USE_SNS,-6.587500,6.400000,-82.105000,0.089716,0.003509,0.012206,0.023345,0.000000,0.000000,0.000000,0.000000,0,0,0,0,0,0,0,0,0,0,0,0.045257568359375,-0.004302978515625,19.999996,8.298228e-11,0.0,-19.999996,-1.01741254e-10,-19.999996,-19.999996,-2.6262539e-11,Object notstarted,Object notstarted,Object notstarted,Object notstarted,Object notstarted,Object notstarted,Object notstarted,Object notstarted,Object notstarted
2024-03-18 10:32:54,922.922,__main___datalogs,INFO,JoyConState.USE_SNS,-6.587500,6.325000,-84.447500,0.090021,0.003204,0.009918,0.026244,0.000000,0.000000,0.000000,0.000000,0,0,0,0,0,0,0,0,0,0,0,0.045257568359375,-0.004302978515625,19.999996,4.1347575e-11,0.0,-19.999996,-5.0694608e-11,-19.999996,-19.999996,-1.3085833e-11,Object notstarted,Object notstarted,Object notstarted,Object notstarted,Object notstarted,Object notstarted,Object notstarted,Object notstarted,Object notstarted
2024-03-18 10:32:55,066.066,__main___datalogs,INFO,JoyConState.USE_SNS,-6.587500,6.350000,-89.015000,0.088496,0.003357,0.006256,0.024565,0.000000,0.000000,0.000000,0.000000,0,0,0,0,0,0,0,0,0,0,0,0.045257568359375,-0.004302978515625,19.999996,2.0602253e-11,0.0,-19.999996,-2.5259598e-11,-19.999996,-19.999996,-6.520277e-12,Object notstarted,Object notstarted,Object notstarted,Object notstarted,Object notstarted,Object notstarted,Object notstarted,Object notstarted,Object notstarted
2024-03-18 10:32:55,169.169,__main___datalogs,INFO,JoyConState.USE_SNS,-6.587500,6.437500,-93.265000,0.086207,0.001984,0.011749,0.024260,0.000000,0.000000,0.000000,0.000000,0,0,0,0,0,0,0,0,0,0,0,0.045257568359375,-0.004302978515625,19.999996,1.0265483e-11,0.0,-19.999996,-1.2586098e-11,-19.999996,-19.999996,-3.2488578e-12,Object notstarted,Object notstarted,Object notstarted,Object notstarted,Object notstarted,Object notstarted,Object notstarted,Object notstarted,Object notstarted
2024-03-18 10:32:55,263.263,__main___datalogs,INFO,JoyConState.USE_SNS,-6.587500,6.500000,-96.660000,0.086817,0.006561,0.011749,0.024565,0.000000,0.000000,0.000000,0.000000,0,0,0,0,0,0,0,0,0,0,0,0.045257568359375,-0.004302978515625,19.999996,5.1149814e-12,0.0,-19.999996,-6.2712743e-12,-19.999996,-19.999996,-1.6188081e-12,Object notstarted,Object notstarted,Object notstarted,Object notstarted,Object notstarted,Object notstarted,Object notstarted,Object notstarted,Object notstarted
2024-03-18 10:32:55,356.356,__main___datalogs,INFO,JoyConState.USE_SNS,-6.587500,6.550000,-98.967500,0.088343,0.002899,0.013427,0.024870,0.000000,0.000000,0.000000,0.000000,0,0,0,0,0,0,0,0,0,0,0,0.045257568359375,-0.004302978515625,19.999996,2.5486414e-12,0.0,-19.999996,-3.1247873e-12,-19.999996,-19.999996,-8.066034e-13,Object notstarted,Object notstarted,Object notstarted,Object notstarted,Object notstarted,Object notstarted,Object notstarted,Object notstarted,Object notstarted
2024-03-18 10:32:55,437.437,__main___datalogs,INFO,JoyConState.USE_SNS,-6.587500,6.575000,-100.387500,0.089716,0.006408,0.014037,0.019683,0.000000,0.000000,0.000000,0.000000,0,0,0,0,0,0,0,0,0,0,0,0.045257568359375,-0.004302978515625,19.999996,1.2699114e-12,0.0,-19.999996,-1.5569876e-12,-19.999996,-19.999996,-4.0190618e-13,Object notstarted,Object notstarted,Object notstarted,Object notstarted,Object notstarted,Object notstarted,Object notstarted,Object notstarted,Object notstarted
2024-03-18 10:32:55,519.519,__main___datalogs,INFO,JoyConState.USE_SNS,-6.587500,6.587500,-100.897500,0.090327,0.006866,0.011596,0.023039,0.000000,0.000000,0.000000,0.000000,0,0,0,0,0,0,0,0,0,0,0,0.045257568359375,-0.004302978515625,19.999996,6.3275866e-13,0.0,-19.999996,-7.758001e-13,-19.999996,-19.999996,-2.0025777e-13,Object notstarted,Object notstarted,Object notstarted,Object notstarted,Object notstarted,Object notstarted,Object notstarted,Object notstarted,Object notstarted
2024-03-18 10:32:55,609.609,__main___datalogs,INFO,JoyConState.USE_SNS,-6.587500,6.612500,-101.227500,0.089716,0.006408,0.013885,0.023955,0.000000,0.000000,0.000000,0.000000,0,0,0,0,0,0,0,0,0,0,0,0.045257568359375,-0.004302978515625,19.999996,3.152846e-13,0.0,-19.999996,-3.8655786e-13,-19.999996,-19.999996,-9.978242e-14,Object notstarted,Object notstarted,Object notstarted,Object notstarted,Object notstarted,Object notstarted,Object notstarted,Object notstarted,Object notstarted
2024-03-18 10:32:55,708.708,__main___datalogs,INFO,JoyConState.USE_SNS,-6.587500,6.700000,-102.397500,0.089564,0.006561,0.012664,0.027006,0.000000,0.000000,0.000000,0.000000,0,0,0,0,0,0,0,0,0,0,0,0.045257568359375,-0.004302978515625,19.999996,1.5709683e-13,0.0,-19.999996,-1.9261016e-13,-19.999996,-19.999996,-4.9718578e-14,Object notstarted,Object notstarted,Object notstarted,Object notstarted,Object notstarted,Object notstarted,Object notstarted,Object notstarted,Object notstarted
2024-03-18 10:32:55,793.793,__main___datalogs,INFO,JoyConState.USE_SNS,-6.587500,6.862500,-104.580000,0.089564,0.002594,0.011901,0.023345,0.000000,0.000000,0.000000,0.000000,0,0,0,0,0,0,0,0,0,0,0,0.045257568359375,-0.004302978515625,19.999996,7.8276625e-14,0.0,-19.999996,-9.597185e-14,-19.999996,-19.999996,-2.4773273e-14,Object notstarted,Object notstarted,Object notstarted,Object notstarted,Object notstarted,Object notstarted,Object notstarted,Object notstarted,Object notstarted
2024-03-18 10:32:55,898.898,__main___datalogs,INFO,JoyConState.USE_SNS,-6.587500,7.062500,-107.250000,0.089716,0.006714,0.011749,0.025481,0.000000,0.000000,0.000000,0.000000,0,0,0,0,0,0,0,0,0,0,0,0.045257568359375,-0.004302978515625,19.999996,3.900289e-14,0.0,-19.999996,-4.7819885e-14,-19.999996,-19.999996,-1.23437756e-14,Object notstarted,Object notstarted,Object notstarted,Object notstarted,Object notstarted,Object notstarted,Object notstarted,Object notstarted,Object notstarted
2024-03-18 10:32:56,002.002,__main___datalogs,INFO,JoyConState.USE_SNS,-6.587500,7.312500,-110.740000,0.089564,0.007171,0.013122,0.023039,0.000000,0.000000,0.000000,0.000000,0,0,0,0,0,0,0,0,0,0,0,0.045257568359375,-0.004302978515625,19.999996,1.9433966e-14,0.0,-19.999996,-2.3827211e-14,-19.999996,-19.999996,-6.150532e-15,Object notstarted,Object notstarted,Object notstarted,Object notstarted,Object notstarted,Object notstarted,Object notstarted,Object notstarted,Object notstarted
2024-03-18 10:32:56,115.115,__main___datalogs,INFO,JoyConState.USE_SNS,-6.587500,7.537500,-113.680000,0.085292,0.002289,0.014343,0.025786,0.000000,0.000000,0.000000,0.000000,0,0,0,0,0,0,0,0,0,0,0,0.045257568359375,-0.004302978515625,19.999996,9.683361e-15,0.0,-19.999996,-1.1872382e-14,-19.999996,-19.999996,-3.0646251e-15,Object notstarted,Object notstarted,Object notstarted,Object notstarted,Object notstarted,Object notstarted,Object notstarted,Object notstarted,Object notstarted
2024-03-18 10:32:56,239.239,__main___datalogs,INFO,JoyConState.USE_SNS,-6.587500,7.725000,-115.455000,0.089106,0.001984,0.006408,0.026701,0.000000,0.000000,0.000000,0.000000,0,0,0,0,0,0,0,0,0,0,0,0.045257568359375,-0.004302978515625,19.999996,4.8249275e-15,0.0,-19.999996,-5.9156506e-15,-19.999996,-19.999996,-1.5270105e-15,Object notstarted,Object notstarted,Object notstarted,Object notstarted,Object notstarted,Object notstarted,Object notstarted,Object notstarted,Object notstarted
2024-03-18 10:32:56,364.364,__main___datalogs,INFO,JoyConState.USE_SNS,-6.587500,8.187500,-118.735000,0.089869,0.002594,0.011291,0.022429,0.000000,0.000000,0.000000,0.000000,0,0,0,0,0,0,0,0,0,0,0,0.045257568359375,-0.004302978515625,9.965396,10.034602,0.0,-9.965396,-10.034602,-19.999996,-19.999996,-7.608634e-16,Object notstarted,Object notstarted,Object notstarted,Object notstarted,Object notstarted,Object notstarted,Object notstarted,Object notstarted,Object notstarted
2024-03-18 10:32:56,448.448,__main___datalogs,INFO,JoyConState.USE_SNS,-6.587500,8.475000,-120.860000,0.085902,0.002594,0.011596,0.023345,0.000000,0.000000,0.000000,0.000000,0,0,0,0,0,0,0,0,0,0,0,0.045257568359375,-0.004302978515625,4.965457,15.034542,0.0,-4.965457,-15.034542,-19.999996,-19.999996,-3.7911532e-16,Object notstarted,Object notstarted,Object notstarted,Object notstarted,Object notstarted,Object notstarted,Object notstarted,Object notstarted,Object notstarted
2024-03-18 10:32:56,540.540,__main___datalogs,INFO,JoyConState.USE_SNS,-6.587500,8.562500,-121.442500,0.089564,0.002289,0.014343,0.023650,0.000000,0.000000,0.000000,0.000000,0,0,0,0,0,0,0,0,0,0,0,0.045257568359375,-0.004302978515625,2.4741378,17.525864,0.0,-2.4741378,-17.525864,-19.999996,-19.999996,-1.8890177e-16,Object notstarted,Object notstarted,Object notstarted,Object notstarted,Object notstarted,Object notstarted,Object notstarted,Object notstarted,Object notstarted
2024-03-18 10:32:56,647.647,__main___datalogs,INFO,JoyConState.USE_SNS,-6.587500,8.637500,-121.860000,0.089564,0.003204,0.012664,0.024870,0.000000,0.000000,0.000000,0.000000,0,0,0,0,0,0,0,0,0,0,0,0.045257568359375,-0.004302978515625,1.2327884,18.767212,0.0,-1.2327884,-18.767212,-19.999996,-19.999996,-9.412407e-17,Object notstarted,Object notstarted,Object notstarted,Object notstarted,Object notstarted,Object notstarted,Object notstarted,Object notstarted,Object notstarted
2024-03-18 10:32:56,748.748,__main___datalogs,INFO,JoyConState.USE_SNS,-6.587500,8.925000,-123.382500,0.090021,0.006408,0.005493,0.024413,0.000000,0.000000,0.000000,0.000000,0,0,0,0,0,0,0,0,0,0,0,0.045257568359375,-0.004302978515625,0.6142614,19.385738,0.0,-0.6142614,-19.385738,-19.999996,-19.999996,-4.6899195e-17,Object notstarted,Object notstarted,Object notstarted,Object notstarted,Object notstarted,Object notstarted,Object notstarted,Object notstarted,Object notstarted
2024-03-18 10:32:56,834.834,__main___datalogs,INFO,JoyConState.USE_SNS,-6.587500,9.287500,-125.310000,0.085749,0.004730,0.014037,0.023039,0.000000,0.000000,0.000000,0.000000,0,0,0,0,0,0,0,0,0,0,0,0.045257568359375,-0.004302978515625,0.30606797,19.693932,0.0,-0.30606797,-19.693932,-19.999996,-19.999996,-2.336846e-17,Object notstarted,Object notstarted,Object notstarted,Object notstarted,Object notstarted,Object notstarted,Object notstarted,Object notstarted,Object notstarted
2024-03-18 10:32:56,940.940,__main___datalogs,INFO,JoyConState.USE_SNS,-6.587500,9.475000,-126.315000,0.089258,0.005798,0.014037,0.023345,0.000000,0.000000,0.000000,0.000000,0,0,0,0,0,0,0,0,0,0,0,0.045257568359375,-0.004302978515625,0.15250446,19.847496,0.0,-0.15250446,-19.847496,-19.999996,-19.999996,-1.1643801e-17,Object notstarted,Object notstarted,Object notstarted,Object notstarted,Object notstarted,Object notstarted,Object notstarted,Object notstarted,Object notstarted
2024-03-18 10:32:57,050.050,__main___datalogs,INFO,JoyConState.USE_SNS,-6.587500,9.637500,-127.495000,0.085292,0.007324,0.013580,0.023955,0.000000,0.000000,0.000000,0.000000,0,0,0,0,0,0,0,0,0,0,0,0.045257568359375,-0.004302978515625,0.07598838,19.924011,0.0,-0.07598838,-19.924011,-19.999996,-19.999996,-5.8017563e-18,Object notstarted,Object notstarted,Object notstarted,Object notstarted,Object notstarted,Object notstarted,Object notstarted,Object notstarted,Object notstarted
2024-03-18 10:32:57,166.166,__main___datalogs,INFO,JoyConState.USE_SNS,-6.587500,9.812500,-128.977500,0.088953,0.003815,0.013732,0.024260,0.000000,0.000000,0.000000,0.000000,0,0,0,0,0,0,0,0,0,0,0,0.045257568359375,-0.004302978515625,0.037862726,19.96214,0.0,-0.037862726,-19.96214,-19.999996,-19.999996,-2.8908407e-18,Object notstarted,Object notstarted,Object notstarted,Object notstarted,Object notstarted,Object notstarted,Object notstarted,Object notstarted,Object notstarted
2024-03-18 10:32:57,269.269,__main___datalogs,INFO,JoyConState.USE_SNS,-6.587500,9.875000,-129.485000,0.085902,0.005798,0.007934,0.024870,0.000000,0.000000,0.000000,0.000000,0,0,0,0,0,0,0,0,0,0,0,0.045257568359375,-0.004302978515625,0.018865857,19.981136,0.0,-0.018865857,-19.981136,-19.999996,-19.999996,-1.440419e-18,Object notstarted,Object notstarted,Object notstarted,Object notstarted,Object notstarted,Object notstarted,Object notstarted,Object notstarted,Object notstarted
2024-03-18 10:32:57,359.359,__main___datalogs,INFO,JoyConState.USE_SNS,-6.587500,9.950000,-130.530000,0.089869,0.007477,0.013427,0.023345,0.000000,0.000000,0.000000,0.000000,0,0,0,0,0,0,0,0,0,0,0,0.045257568359375,-0.004302978515625,0.0094002895,19.9906,0.0,-0.0094002895,-19.9906,-19.999996,-19.999996,-7.177175e-19,Object notstarted,Object notstarted,Object notstarted,Object notstarted,Object notstarted,Object notstarted,Object notstarted,Object notstarted,Object notstarted
2024-03-18 10:32:57,456.456,__main___datalogs,INFO,JoyConState.USE_SNS,-6.587500,10.075000,-132.355000,0.090021,0.007019,0.012206,0.023345,0.000000,0.000000,0.000000,0.000000,0,0,0,0,0,0,0,0,0,0,0,0.045257568359375,-0.004302978515625,0.0046838815,19.995317,0.0,-0.0046838815,-19.995317,-19.999996,-19.999996,-3.5761704e-19,Object notstarted,Object notstarted,Object notstarted,Object notstarted,Object notstarted,Object notstarted,Object notstarted,Object notstarted,Object notstarted
2024-03-18 10:32:57,565.565,__main___datalogs,INFO,JoyConState.USE_SNS,-6.587500,10.212500,-134.297500,0.090174,0.005188,0.013274,0.023650,0.000000,0.000000,0.000000,0.000000,0,0,0,0,0,0,0,0,0,0,0,0.045257568359375,-0.004302978515625,0.0023338373,19.997667,0.0,-0.0023338373,-19.997667,-19.999996,-19.999996,-1.7818981e-19,Object notstarted,Object notstarted,Object notstarted,Object notstarted,Object notstarted,Object notstarted,Object notstarted,Object notstarted,Object notstarted
2024-03-18 10:32:57,688.688,__main___datalogs,INFO,JoyConState.USE_SNS,-6.587500,10.362500,-136.765000,0.089869,0.006408,0.013732,0.022429,0.000000,0.000000,0.000000,0.000000,0,0,0,0,0,0,0,0,0,0,0,0.045257568359375,-0.004302978515625,0.0011628809,19.998838,0.0,-0.0011628809,-19.998838,-19.999996,-19.999996,-8.878662e-20,Object notstarted,Object notstarted,Object notstarted,Object notstarted,Object notstarted,Object notstarted,Object notstarted,Object notstarted,Object notstarted
2024-03-18 10:32:57,799.799,__main___datalogs,INFO,JoyConState.USE_SNS,-6.587500,10.462500,-138.415000,0.088801,0.006561,0.011901,0.022582,0.000000,0.000000,0.000000,0.000000,0,0,0,0,0,0,0,0,0,0,0,0.045257568359375,-0.004302978515625,0.00057942857,19.99942,0.0,-0.00057942857,-19.99942,-19.999996,-19.999996,-4.4239703e-20,Object notstarted,Object notstarted,Object notstarted,Object notstarted,Object notstarted,Object notstarted,Object notstarted,Object notstarted,Object notstarted
2024-03-18 10:32:57,905.905,__main___datalogs,INFO,JoyConState.USE_SNS,-6.587500,10.487500,-138.842500,0.086512,0.006714,0.014037,0.026244,0.000000,0.000000,0.000000,0.000000,0,0,0,0,0,0,0,0,0,0,0,0.045257568359375,-0.004302978515625,0.00028871183,19.999712,0.0,-0.00028871183,-19.999712,-19.999996,-19.999996,-2.2043313e-20,Object notstarted,Object notstarted,Object notstarted,Object notstarted,Object notstarted,Object notstarted,Object notstarted,Object notstarted,Object notstarted
2024-03-18 10:32:58,000.000,__main___datalogs,INFO,JoyConState.USE_SNS,-6.587500,10.550000,-140.105000,0.089259,0.006866,0.005951,0.023650,0.000000,0.000000,0.000000,0.000000,0,0,0,0,0,0,0,0,0,0,0,0.045257568359375,-0.004302978515625,0.00014385642,19.999859,0.0,-0.00014385642,-19.999859,-19.999996,-19.999996,-1.098352e-20,Object notstarted,Object notstarted,Object notstarted,Object notstarted,Object notstarted,Object notstarted,Object notstarted,Object notstarted,Object notstarted
2024-03-18 10:32:58,082.082,__main___datalogs,INFO,JoyConState.USE_SNS,-6.587500,10.650000,-142.105000,0.086512,0.007019,0.010528,0.022429,0.000000,0.000000,0.000000,0.000000,0,0,0,0,0,0,0,0,0,0,0,0.045257568359375,-0.004302978515625,7.167933e-05,19.999931,0.0,-7.167933e-05,-19.999931,-19.999996,-19.999996,-5.4727578e-21,Object notstarted,Object notstarted,Object notstarted,Object notstarted,Object notstarted,Object notstarted,Object notstarted,Object notstarted,Object notstarted
2024-03-18 10:32:58,202.202,__main___datalogs,INFO,JoyConState.USE_SNS,-6.587500,10.737500,-143.940000,0.090021,0.006561,0.014037,0.022124,0.000000,0.000000,0.000000,0.000000,0,0,0,0,0,0,0,0,0,0,0,0.045257568359375,-0.004302978515625,3.5715653e-05,19.999966,0.0,-3.5715653e-05,-19.999966,-19.999996,-19.999996,-2.7269105e-21,Object notstarted,Object notstarted,Object notstarted,Object notstarted,Object notstarted,Object notstarted,Object notstarted,Object notstarted,Object notstarted
2024-03-18 10:32:58,347.347,__main___datalogs,INFO,JoyConState.USE_SNS,-6.587500,10.900000,-147.220000,0.089869,0.003509,0.013580,0.025481,0.000000,0.000000,0.000000,0.000000,0,0,0,0,0,0,0,0,0,0,0,0.045257568359375,-0.004302978515625,1.7796036e-05,19.999985,0.0,-1.7796036e-05,-19.999985,-19.999996,-19.999996,-1.3587376e-21,Object notstarted,Object notstarted,Object notstarted,Object notstarted,Object notstarted,Object notstarted,Object notstarted,Object notstarted,Object notstarted
2024-03-18 10:32:58,468.468,__main___datalogs,INFO,JoyConState.USE_SNS,-6.587500,10.962500,-148.777500,0.086512,0.003509,0.005951,0.022887,0.000000,0.000000,0.000000,0.000000,0,0,0,0,0,0,0,0,0,0,0,0.045257568359375,-0.004302978515625,8.86723e-06,19.999992,0.0,-8.86723e-06,-19.999992,-19.999996,-19.999996,-6.7701805e-22,Object notstarted,Object notstarted,Object notstarted,Object notstarted,Object notstarted,Object notstarted,Object notstarted,Object notstarted,Object notstarted
2024-03-18 10:32:58,575.575,__main___datalogs,INFO,JoyConState.USE_SNS,-6.587500,10.987500,-149.282500,0.085902,0.002899,0.010681,0.026854,0.000000,0.000000,0.000000,0.000000,0,0,0,0,0,0,0,0,0,0,0,0.045257568359375,-0.004302978515625,4.418274e-06,19.999996,0.0,-4.418274e-06,-19.999996,-19.999996,-19.999996,-3.3733775e-22,Object notstarted,Object notstarted,Object notstarted,Object notstarted,Object notstarted,Object notstarted,Object notstarted,Object notstarted,Object notstarted
2024-03-18 10:32:58,686.686,__main___datalogs,INFO,JoyConState.USE_SNS,-6.587500,11.050000,-150.700000,0.089564,0.005646,0.011443,0.024108,0.000000,0.000000,0.000000,0.000000,0,0,0,0,0,0,0,0,0,0,0,0.045257568359375,-0.004302978515625,2.201493e-06,19.999996,0.0,-2.201493e-06,-19.999996,-19.999996,-19.999996,-1.6808526e-22,Object notstarted,Object notstarted,Object notstarted,Object notstarted,Object notstarted,Object notstarted,Object notstarted,Object notstarted,Object notstarted
2024-03-18 10:32:58,796.796,__main___datalogs,INFO,JoyConState.USE_SNS,-6.587500,11.137500,-153.087500,0.090021,0.006866,0.011901,0.025481,0.000000,0.000000,0.000000,0.000000,0,0,0,0,0,0,0,0,0,0,0,0.045257568359375,-0.004302978515625,1.0969378e-06,19.999996,0.0,-1.0969378e-06,-19.999996,-19.999996,-19.999996,-8.375182e-23,Object notstarted,Object notstarted,Object notstarted,Object notstarted,Object notstarted,Object notstarted,Object notstarted,Object notstarted,Object notstarted
2024-03-18 10:32:58,905.905,__main___datalogs,INFO,JoyConState.USE_SNS,-6.587500,11.225000,-155.335000,0.085902,0.007477,0.009612,0.026701,0.000000,0.000000,0.000000,0.000000,0,0,0,0,0,0,0,0,0,0,0,0.045257568359375,-0.004302978515625,5.4657113e-07,19.999996,0.0,-5.4657113e-07,-19.999996,-19.999996,-19.999996,-4.1731013e-23,Object notstarted,Object notstarted,Object notstarted,Object notstarted,Object notstarted,Object notstarted,Object notstarted,Object notstarted,Object notstarted
2024-03-18 10:32:59,030.030,__main___datalogs,INFO,JoyConState.USE_SNS,-6.587500,11.312500,-157.372500,0.090479,0.006256,0.005493,0.025481,0.000000,0.000000,0.000000,0.000000,0,0,0,0,0,0,0,0,0,0,0,0.045257568359375,-0.004302978515625,2.7233995e-07,19.999996,0.0,-2.7233995e-07,-19.999996,-19.999996,-19.999996,-2.0793308e-23,Object notstarted,Object notstarted,Object notstarted,Object notstarted,Object notstarted,Object notstarted,Object notstarted,Object notstarted,Object notstarted
2024-03-18 10:32:59,152.152,__main___datalogs,INFO,JoyConState.USE_SNS,-6.587500,11.350000,-158.265000,0.090327,0.006866,0.008697,0.024565,0.000000,0.000000,0.000000,0.000000,0,0,0,0,0,0,0,0,0,0,0,0.045257568359375,-0.004302978515625,1.356988e-07,19.999996,0.0,-1.356988e-07,-19.999996,-19.999996,-19.999996,-1.036068e-23,Object notstarted,Object notstarted,Object notstarted,Object notstarted,Object notstarted,Object notstarted,Object notstarted,Object notstarted,Object notstarted
2024-03-18 10:32:59,249.249,__main___datalogs,INFO,JoyConState.USE_SNS,-6.587500,11.387500,-159.182500,0.087122,0.007019,0.011596,0.026396,0.000000,0.000000,0.000000,0.000000,0,0,0,0,0,0,0,0,0,0,0,0.045257568359375,-0.004302978515625,6.761463e-08,19.999996,0.0,-6.761463e-08,-19.999996,-19.999996,-19.999996,-5.1624154e-24,Object notstarted,Object notstarted,Object notstarted,Object notstarted,Object notstarted,Object notstarted,Object notstarted,Object notstarted,Object notstarted
2024-03-18 10:32:59,380.380,__main___datalogs,INFO,JoyConState.USE_SNS,-6.587500,11.475000,-161.432500,0.089411,0.003662,0.011596,0.020446,0.000000,0.000000,0.000000,0.000000,0,0,0,0,0,0,0,0,0,0,0,0.045257568359375,-0.004302978515625,3.3690334e-08,19.999996,0.0,-3.3690334e-08,-19.999996,-19.999996,-19.999996,-2.5722764e-24,Object notstarted,Object notstarted,Object notstarted,Object notstarted,Object notstarted,Object notstarted,Object notstarted,Object notstarted,Object notstarted
2024-03-18 10:32:59,503.503,__main___datalogs,INFO,JoyConState.USE_SNS,-6.587500,11.550000,-163.320000,0.087580,0.005951,0.013580,0.022887,0.000000,0.000000,0.000000,0.000000,0,0,0,0,0,0,0,0,0,0,0,0.045257568359375,-0.004302978515625,1.678688e-08,19.999996,0.0,-1.678688e-08,-19.999996,-19.999996,-19.999996,-1.28168795e-24,Object notstarted,Object notstarted,Object notstarted,Object notstarted,Object notstarted,Object notstarted,Object notstarted,Object notstarted,Object notstarted
2024-03-18 10:32:59,610.610,__main___datalogs,INFO,JoyConState.USE_SNS,-6.587500,11.587500,-164.520000,0.090021,0.007019,0.014037,0.023039,0.000000,0.000000,0.000000,0.000000,0,0,0,0,0,0,0,0,0,0,0,0.045257568359375,-0.004302978515625,8.364397e-09,19.999996,0.0,-8.364397e-09,-19.999996,-19.999996,-19.999996,-6.3862654e-25,Object notstarted,Object notstarted,Object notstarted,Object notstarted,Object notstarted,Object notstarted,Object notstarted,Object notstarted,Object notstarted
2024-03-18 10:32:59,721.721,__main___datalogs,INFO,JoyConState.USE_SNS,-6.587500,11.600000,-165.045000,0.086665,0.006561,0.011596,0.025938,0.000000,0.000000,0.000000,0.000000,0,0,0,0,0,0,0,0,0,0,0,0.045257568359375,-0.004302978515625,4.1677275e-09,19.999996,0.0,-4.1677275e-09,-19.999996,-19.999996,-19.999996,-3.182084e-25,Object notstarted,Object notstarted,Object notstarted,Object notstarted,Object notstarted,Object notstarted,Object notstarted,Object notstarted,Object notstarted
2024-03-18 10:32:59,829.829,__main___datalogs,INFO,JoyConState.USE_SNS,-6.587500,11.662500,-166.600000,0.086207,0.005951,0.013732,0.023039,0.000000,0.000000,0.000000,0.000000,0,0,0,0,0,0,0,0,0,0,0,0.045257568359375,-0.004302978515625,2.0766533e-09,19.999996,0.0,-2.0766533e-09,-19.999996,-19.999996,-19.999996,-1.5855367e-25,Object notstarted,Object notstarted,Object notstarted,Object notstarted,Object notstarted,Object notstarted,Object notstarted,Object notstarted,Object notstarted
2024-03-18 10:32:59,917.917,__main___datalogs,INFO,JoyConState.USE_SNS,-6.587500,11.712500,-167.657500,0.089564,0.006714,0.014037,0.023345,0.000000,0.000000,0.000000,0.000000,0,0,0,0,0,0,0,0,0,0,0,0.045257568359375,-0.004302978515625,1.0347339e-09,19.999996,0.0,-1.0347339e-09,-19.999996,-19.999996,-19.999996,-7.900253e-26,Object notstarted,Object notstarted,Object notstarted,Object notstarted,Object notstarted,Object notstarted,Object notstarted,Object notstarted,Object notstarted
2024-03-18 10:33:00,022.022,__main___datalogs,INFO,JoyConState.USE_SNS,-6.587500,11.725000,-167.952500,0.089258,0.006866,0.012206,0.025481,0.000000,0.000000,0.000000,0.000000,0,0,0,0,0,0,0,0,0,0,0,0.045257568359375,-0.004302978515625,5.1557675e-10,19.999996,0.0,-5.1557675e-10,-19.999996,-19.999996,-19.999996,-3.9364584e-26,Object notstarted,Object notstarted,Object notstarted,Object notstarted,Object notstarted,Object notstarted,Object notstarted,Object notstarted,Object notstarted
2024-03-18 10:33:00,164.164,__main___datalogs,INFO,JoyConState.USE_SNS,-6.587500,11.762500,-169.125000,0.090021,0.006561,0.011138,0.026244,0.000000,0.000000,0.000000,0.000000,0,0,0,0,0,0,0,0,0,0,0,0.045257568359375,-0.004302978515625,2.568964e-10,19.999996,0.0,-2.568964e-10,-19.999996,-19.999996,-19.999996,-1.9614188e-26,Object notstarted,Object notstarted,Object notstarted,Object notstarted,Object notstarted,Object notstarted,Object notstarted,Object notstarted,Object notstarted
2024-03-18 10:33:00,306.306,__main___datalogs,INFO,JoyConState.USE_SNS,-6.587500,11.787500,-169.817500,0.087275,0.007171,0.013732,0.024260,0.000000,0.000000,0.000000,0.000000,0,0,0,0,0,0,0,0,0,0,0,0.045257568359375,-0.004302978515625,1.2800375e-10,19.999996,0.0,-1.2800375e-10,-19.999996,-19.999996,-19.999996,-9.77316e-27,Object notstarted,Object notstarted,Object notstarted,Object notstarted,Object notstarted,Object notstarted,Object notstarted,Object notstarted,Object notstarted
2024-03-18 10:33:00,411.411,__main___datalogs,INFO,JoyConState.USE_SNS,-6.587500,11.850000,-171.505000,0.085597,0.007019,0.013732,0.023650,0.000000,0.000000,0.000000,0.000000,0,0,0,0,0,0,0,0,0,0,0,0.045257568359375,-0.004302978515625,6.378042e-11,19.999996,0.0,-6.378042e-11,-19.999996,-19.999996,-19.999996,-4.8696715e-27,Object notstarted,Object notstarted,Object notstarted,Object notstarted,Object notstarted,Object notstarted,Object notstarted,Object notstarted,Object notstarted
2024-03-18 10:33:00,523.523,__main___datalogs,INFO,JoyConState.USE_SNS,-6.587500,11.875000,-172.115000,0.087428,0.007324,0.011443,0.024565,0.000000,0.000000,0.000000,0.000000,0,0,0,0,0,0,0,0,0,0,0,0.045257568359375,-0.004302978515625,3.1779863e-11,19.999996,0.0,-3.1779863e-11,-19.999996,-19.999996,-19.999996,-2.4264108e-27,Object notstarted,Object notstarted,Object notstarted,Object notstarted,Object notstarted,Object notstarted,Object notstarted,Object notstarted,Object notstarted
2024-03-18 10:33:00,647.647,__main___datalogs,INFO,JoyConState.USE_SNS,-6.587500,11.900000,-172.902500,0.089564,0.007171,0.011138,0.023650,0.000000,0.000000,0.000000,0.000000,0,0,0,0,0,0,0,0,0,0,0,0.045257568359375,-0.004302978515625,1.583495e-11,19.999996,0.0,-1.583495e-11,-19.999996,-19.999996,-19.999996,-1.2090074e-27,Object notstarted,Object notstarted,Object notstarted,Object notstarted,Object notstarted,Object notstarted,Object notstarted,Object notstarted,Object notstarted
2024-03-18 10:33:00,786.786,__main___datalogs,INFO,JoyConState.USE_SNS,-6.587500,11.962500,-174.505000,0.090174,0.004425,0.011596,0.024565,0.000000,0.000000,0.000000,0.000000,0,0,0,0,0,0,0,0,0,0,0,0.045257568359375,-0.004302978515625,7.890079e-12,19.999996,0.0,-7.890079e-12,-19.999996,-19.999996,-19.999996,-6.02412e-28,Object notstarted,Object notstarted,Object notstarted,Object notstarted,Object notstarted,Object notstarted,Object notstarted,Object notstarted,Object notstarted
2024-03-18 10:33:00,925.925,__main___datalogs,INFO,JoyConState.USE_SNS,-6.587500,11.987500,-175.147500,0.087428,0.005646,0.011596,0.023650,0.000000,0.000000,0.000000,0.000000,0,0,0,0,0,0,0,0,0,0,0,0.045257568359375,-0.004302978515625,3.931389e-12,19.999996,0.0,-3.931389e-12,-19.999996,-19.999996,-19.999996,-3.0016381e-28,Object notstarted,Object notstarted,Object notstarted,Object notstarted,Object notstarted,Object notstarted,Object notstarted,Object notstarted,Object notstarted
2024-03-18 10:33:01,034.034,__main___datalogs,INFO,JoyConState.USE_SNS,-6.587500,12.012500,-175.787500,0.084986,0.006714,0.012054,0.026701,0.000000,0.000000,0.000000,0.000000,0,0,0,0,0,0,0,0,0,0,0,0.045257568359375,-0.004302978515625,1.958893e-12,19.999996,0.0,-1.958893e-12,-19.999996,-19.999996,-19.999996,-1.4956259e-28,Object notstarted,Object notstarted,Object notstarted,Object notstarted,Object notstarted,Object notstarted,Object notstarted,Object notstarted,Object notstarted
2024-03-18 10:33:01,140.140,__main___datalogs,INFO,JoyConState.USE_SNS,-6.587500,12.025000,-176.195000,0.086207,0.006561,0.010681,0.026854,0.000000,0.000000,0.000000,0.000000,0,0,0,0,0,0,0,0,0,0,0,0.045257568359375,-0.004302978515625,9.760575e-13,19.999996,0.0,-9.760575e-13,-19.999996,-19.999996,-19.999996,-7.452254e-29,Object notstarted,Object notstarted,Object notstarted,Object notstarted,Object notstarted,Object notstarted,Object notstarted,Object notstarted,Object notstarted
2024-03-18 10:33:01,265.265,__main___datalogs,INFO,JoyConState.USE_SNS,-6.587500,12.037500,-176.630000,0.085597,0.002594,0.006866,0.027159,0.000091,0.000000,0.000000,0.000000,0,0,0,0,0,0,0,0,0,0,0,0.045257568359375,-0.004302978515625,4.863401e-13,9.965396,30.103806,-5.190311,-19.999996,-19.999996,-19.999996,-3.713234e-29,Object notstarted,Object notstarted,Object notstarted,Object notstarted,Object notstarted,Object notstarted,Object notstarted,Object notstarted,Object notstarted
2024-03-18 10:33:01,373.373,__main___datalogs,INFO,JoyConState.USE_SNS,-6.587500,12.062500,-177.142500,0.085292,0.005951,0.010681,0.026396,0.000454,0.000000,0.000000,0.000000,0,0,0,0,0,0,0,0,0,0,0,0.045257568359375,-0.004302978515625,2.4232862e-13,4.965457,45.10363,-12.620777,-19.999996,-19.999996,-19.999996,-1.8501927e-29,Object notstarted,Object notstarted,Object notstarted,Object notstarted,Object notstarted,Object notstarted,Object notstarted,Object notstarted,Object notstarted
2024-03-18 10:33:01,514.514,__main___datalogs,INFO,JoyConState.USE_SNS,-6.587500,12.075000,-177.575000,0.087122,0.006256,0.012359,0.023650,0.001243,0.000000,0.000000,0.000000,0,0,0,0,0,0,0,0,0,0,0,0.045257568359375,-0.004302978515625,1.2074506e-13,2.4741378,52.57759,-16.323154,-19.999996,-19.999996,-19.999996,-9.2189534e-30,Object notstarted,Object notstarted,Object notstarted,Object notstarted,Object notstarted,Object notstarted,Object notstarted,Object notstarted,Object notstarted
2024-03-18 10:33:01,604.604,__main___datalogs,INFO,JoyConState.USE_SNS,-6.587500,12.100000,-178.160000,0.086512,0.002899,0.010833,0.024260,0.002585,0.000000,0.000000,0.000000,0,0,0,0,0,0,0,0,0,0,0,0.045257568359375,-0.004302978515625,6.016363e-14,1.2327884,56.301636,-18.167938,-19.999996,-19.999996,-19.999996,-4.5935272e-30,Object notstarted,Object notstarted,Object notstarted,Object notstarted,Object notstarted,Object notstarted,Object notstarted,Object notstarted,Object notstarted
2024-03-18 10:33:01,714.714,__main___datalogs,INFO,JoyConState.USE_SNS,-6.587500,12.112500,-178.482500,0.087428,0.005951,0.011749,0.022429,0.004587,0.000000,0.000000,0.000000,0,0,0,0,0,0,0,0,0,0,0,0.045257568359375,-0.004302978515625,2.997773e-14,0.6142614,58.15722,-19.08714,-19.999996,-19.999996,-19.999996,-2.2888165e-30,Object notstarted,Object notstarted,Object notstarted,Object notstarted,Object notstarted,Object notstarted,Object notstarted,Object notstarted,Object notstarted
2024-03-18 10:33:01,838.838,__main___datalogs,INFO,JoyConState.USE_SNS,-6.587500,12.125000,-178.897500,0.090174,0.006866,0.005493,0.026701,0.007334,0.000000,0.000000,0.000000,0,0,0,0,0,0,0,0,0,0,0,0.045257568359375,-0.004302978515625,1.4937e-14,0.30606797,59.081795,-19.54515,-19.999996,-19.999996,-19.999996,-1.14044835e-30,Object notstarted,Object notstarted,Object notstarted,Object notstarted,Object notstarted,Object notstarted,Object notstarted,Object notstarted,Object notstarted
2024-03-18 10:33:01,962.962,__main___datalogs,INFO,JoyConState.USE_SNS,-6.587500,12.150000,-179.385000,0.090174,0.007324,0.010223,0.025938,0.010893,0.000000,0.000000,0.000000,0,0,0,0,0,0,0,0,0,0,0,0.045257568359375,-0.004302978515625,7.442658e-15,0.15250446,59.54249,-19.773363,-19.999996,-19.999996,-19.999996,-5.682511e-31,Object notstarted,Object notstarted,Object notstarted,Object notstarted,Object notstarted,Object notstarted,Object notstarted,Object notstarted,Object notstarted
2024-03-18 10:33:02,090.090,__main___datalogs,INFO,JoyConState.USE_SNS,-6.587500,12.175000,-179.802500,0.089869,0.002899,0.011596,0.025481,0.015317,0.000000,0.000000,0.000000,0,0,0,0,0,0,0,0,0,0,0,0.045257568359375,-0.004302978515625,3.708453e-15,0.07598838,59.772034,-19.887074,-19.999996,-19.999996,-19.999996,-2.831424e-31,Object notstarted,Object notstarted,Object notstarted,Object notstarted,Object notstarted,Object notstarted,Object notstarted,Object notstarted,Object notstarted
2024-03-18 10:33:02,231.231,__main___datalogs,INFO,JoyConState.USE_SNS,-6.587500,12.175000,-180.132500,0.089411,0.005646,0.012054,0.024870,0.020647,0.000000,0.000000,0.000000,0,0,0,0,0,0,0,0,0,0,0,0.045257568359375,-0.004302978515625,1.8478106e-15,0.037862726,59.886414,-19.943733,-19.999996,-19.999996,-19.999996,-1.4108135e-31,Object notstarted,Object notstarted,Object notstarted,Object notstarted,Object notstarted,Object notstarted,Object notstarted,Object notstarted,Object notstarted
2024-03-18 10:33:02,355.355,__main___datalogs,INFO,JoyConState.USE_SNS,-6.587500,12.187500,-180.415000,0.086360,0.002289,0.013732,0.026701,0.026909,0.000000,0.000000,0.000000,0,0,0,0,0,0,0,0,0,0,0,0.045257568359375,-0.004302978515625,9.207084e-16,0.018865857,59.943405,-19.971964,-19.999996,-19.999996,-19.999996,-7.029659e-32,Object notstarted,Object notstarted,Object notstarted,Object notstarted,Object notstarted,Object notstarted,Object notstarted,Object notstarted,Object notstarted
2024-03-18 10:33:02,477.477,__main___datalogs,INFO,JoyConState.USE_SNS,-6.587500,12.200000,-180.695000,0.089106,0.006866,0.013732,0.026549,0.034122,0.000000,0.000000,0.000000,0,0,0,0,0,0,0,0,0,0,0,0.045257568359375,-0.004302978515625,4.587613e-16,0.0094002895,59.9718,-19.98603,-19.999996,-19.999996,-19.999996,-3.5026678e-32,Object notstarted,Object notstarted,Object notstarted,Object notstarted,Object notstarted,Object notstarted,Object notstarted,Object notstarted,Object notstarted
2024-03-18 10:33:02,618.618,__main___datalogs,INFO,JoyConState.USE_SNS,-6.587500,12.212500,-180.977500,0.089716,0.005951,0.011596,0.023497,0.042296,0.000000,0.000000,0.000000,0,0,0,0,0,0,0,0,0,0,0,0.045257568359375,-0.004302978515625,2.2858696e-16,0.0046838815,59.985947,-19.993038,-19.999996,-19.999996,-19.999996,-1.745274e-32,Object notstarted,Object notstarted,Object notstarted,Object notstarted,Object notstarted,Object notstarted,Object notstarted,Object notstarted,Object notstarted
2024-03-18 10:33:02,742.742,__main___datalogs,INFO,JoyConState.USE_SNS,-6.587500,12.225000,-181.182500,0.089564,0.006714,0.012512,0.025633,0.051433,0.000000,0.000000,0.000000,0,0,0,0,0,0,0,0,0,0,0,0.045257568359375,-0.004302978515625,1.13898e-16,0.0023338373,59.992996,-19.996532,-19.999996,-19.999996,-19.999996,-8.696175e-33,Object notstarted,Object notstarted,Object notstarted,Object notstarted,Object notstarted,Object notstarted,Object notstarted,Object notstarted,Object notstarted
2024-03-18 10:33:02,885.885,__main___datalogs,INFO,JoyConState.USE_SNS,-6.587500,12.225000,-181.415000,0.089716,0.006561,0.012206,0.023650,0.061528,0.000000,0.000000,0.000000,0,0,0,0,0,0,0,0,0,0,0,0.045257568359375,-0.004302978515625,5.675195e-17,0.0011628809,59.996513,-19.998272,-19.999996,-19.999996,-19.999996,-4.3330426e-33,Object notstarted,Object notstarted,Object notstarted,Object notstarted,Object notstarted,Object notstarted,Object notstarted,Object notstarted,Object notstarted
2024-03-18 10:33:02,993.993,__main___datalogs,INFO,JoyConState.USE_SNS,-6.587500,12.237500,-181.645000,0.086665,0.005646,0.013122,0.026091,0.072572,0.000000,0.000000,0.000000,0,0,0,0,0,0,0,0,0,0,0,0.045257568359375,-0.004302978515625,2.827779e-17,0.00057942857,59.99827,-19.999138,-19.999996,-19.999996,-19.999996,-2.1590248e-33,Object notstarted,Object notstarted,Object notstarted,Object notstarted,Object notstarted,Object notstarted,Object notstarted,Object notstarted,Object notstarted
2024-03-18 10:33:03,116.116,__main___datalogs,INFO,JoyConState.USE_SNS,-6.587500,12.237500,-181.855000,0.089106,0.005646,0.013732,0.026091,0.084551,0.000000,0.000000,0.000000,0,0,0,0,0,0,0,0,0,0,0,0.045257568359375,-0.004302978515625,1.4089973e-17,0.00028871183,59.999138,-19.99957,-19.999996,-19.999996,-19.999996,-1.0757771e-33,Object notstarted,Object notstarted,Object notstarted,Object notstarted,Object notstarted,Object notstarted,Object notstarted,Object notstarted,Object notstarted
2024-03-18 10:33:03,239.239,__main___datalogs,INFO,JoyConState.USE_SNS,-6.587500,12.250000,-182.012500,0.089411,0.007019,0.014190,0.023955,0.097448,0.000000,0.000000,0.000000,0,0,0,0,0,0,0,0,0,0,0,0.045257568359375,-0.004302978515625,7.0206094e-18,0.00014385642,59.999573,-19.999786,-19.999996,-19.999996,-19.999996,-5.3602735e-34,Object notstarted,Object notstarted,Object notstarted,Object notstarted,Object notstarted,Object notstarted,Object notstarted,Object notstarted,Object notstarted
2024-03-18 10:33:03,381.381,__main___datalogs,INFO,JoyConState.USE_SNS,-6.587500,12.262500,-182.195000,0.089564,0.006408,0.014037,0.023955,0.111242,0.000000,0.000000,0.000000,0,0,0,0,0,0,0,0,0,0,0,0.045257568359375,-0.004302978515625,3.4981584e-18,7.167933e-05,59.999794,-19.999893,-19.999996,-19.999996,-19.999996,-2.670863e-34,Object notstarted,Object notstarted,Object notstarted,Object notstarted,Object notstarted,Object notstarted,Object notstarted,Object notstarted,Object notstarted
2024-03-18 10:33:03,504.504,__main___datalogs,INFO,JoyConState.USE_SNS,-6.587500,12.275000,-182.345000,0.089564,0.007019,0.013732,0.025328,0.125911,0.000000,0.000000,0.000000,0,0,0,0,0,0,0,0,0,0,0,0.045257568359375,-0.004302978515625,1.7430271e-18,3.5715653e-05,59.9999,-19.999947,-19.999996,-19.999996,-19.999996,-1.3308107e-34,Object notstarted,Object notstarted,Object notstarted,Object notstarted,Object notstarted,Object notstarted,Object notstarted,Object notstarted,Object notstarted
2024-03-18 10:33:03,612.612,__main___datalogs,INFO,JoyConState.USE_SNS,-6.587500,12.275000,-182.500000,0.089258,0.003815,0.014037,0.023955,0.141430,0.000000,0.000000,0.000000,0,0,0,0,0,0,0,0,0,0,0,0.045257568359375,-0.004302978515625,8.68498e-19,1.7796036e-05,59.999954,-19.999973,-19.999996,-19.999996,-19.999996,-6.631029e-35,Object notstarted,Object notstarted,Object notstarted,Object notstarted,Object notstarted,Object notstarted,Object notstarted,Object notstarted,Object notstarted
2024-03-18 10:33:03,751.751,__main___datalogs,INFO,JoyConState.USE_SNS,-6.587500,12.275000,-182.645000,0.404944,0.005035,0.012206,0.027159,0.157771,0.000000,0.000000,0.000000,0,0,0,0,0,0,0,0,0,0,0,0.045257568359375,-0.004302978515625,4.3274641e-19,8.86723e-06,59.999977,-19.999987,-19.999996,-19.999996,-19.999996,-3.3040423e-35,Object notstarted,Object notstarted,Object notstarted,Object notstarted,Object notstarted,Object notstarted,Object notstarted,Object notstarted,Object notstarted
2024-03-18 10:33:03,874.874,__main___datalogs,INFO,JoyConState.USE_SNS,-6.587500,12.275000,-182.802500,0.166616,0.007019,0.009612,0.023955,0.174908,0.000000,0.000000,0.000000,0,0,0,0,0,0,0,0,0,0,0,0.045257568359375,-0.004302978515625,2.1562452e-19,4.418274e-06,59.999992,-19.999992,-19.999996,-19.999996,-19.999996,-1.6463048e-35,Object notstarted,Object notstarted,Object notstarted,Object notstarted,Object notstarted,Object notstarted,Object notstarted,Object notstarted,Object notstarted
2024-03-18 10:33:03,997.997,__main___datalogs,INFO,JoyConState.USE_SNS,-6.587500,12.287500,-182.910000,0.433018,-0.000458,0.012359,0.025176,0.192812,0.000000,0.000000,0.000000,0,0,0,0,0,0,0,0,0,0,0,0.045257568359375,-0.004302978515625,1.07439213e-19,2.201493e-06,59.999992,-19.999996,-19.999996,-19.999996,-19.999996,-8.203042e-36,Object notstarted,Object notstarted,Object notstarted,Object notstarted,Object notstarted,Object notstarted,Object notstarted,Object notstarted,Object notstarted
2024-03-18 10:33:04,154.154,__main___datalogs,INFO,JoyConState.USE_SNS,-6.587500,12.287500,-183.032500,0.546384,0.006408,0.014495,0.024260,0.211456,0.000000,0.000000,0.000000,0,0,0,0,0,0,0,0,0,0,0,0.045257568359375,-0.004302978515625,5.353373e-20,1.0969378e-06,59.999992,-19.999996,-19.999996,-19.999996,-19.999996,-4.087329e-36,Object notstarted,Object notstarted,Object notstarted,Object notstarted,Object notstarted,Object notstarted,Object notstarted,Object notstarted,Object notstarted
2024-03-18 10:33:04,261.261,__main___datalogs,INFO,JoyConState.USE_SNS,-6.587500,12.300000,-183.137500,0.785017,0.006256,0.015563,0.025328,0.230810,0.000000,0.000000,0.000000,0,0,0,0,0,0,0,0,0,0,0,0.045257568359375,-0.004302978515625,2.6674247e-20,5.4657113e-07,59.999992,-19.999996,-19.999996,-19.999996,-19.999996,-2.036593e-36,Object notstarted,Object notstarted,Object notstarted,Object notstarted,Object notstarted,Object notstarted,Object notstarted,Object notstarted,Object notstarted
2024-03-18 10:33:04,384.384,__main___datalogs,INFO,JoyConState.USE_SNS,-6.587500,12.300000,-183.255000,0.736039,0.008850,0.013427,0.026854,0.250845,0.000000,0.000000,0.000000,0,0,0,0,0,0,0,0,0,0,0,0.045257568359375,-0.004302978515625,1.3290976e-20,2.7233995e-07,59.999992,-19.999996,-19.999996,-19.999996,-19.999996,-1.014773e-36,Object notstarted,Object notstarted,Object notstarted,Object notstarted,Object notstarted,Object notstarted,Object notstarted,Object notstarted,Object notstarted
2024-03-18 10:33:04,507.507,__main___datalogs,INFO,JoyConState.USE_SNS,-6.587500,12.312500,-183.340000,0.973299,0.005646,0.012511,0.022277,0.271532,0.000000,0.000000,0.000000,0,0,0,0,0,0,0,0,0,0,0,0.045257568359375,-0.004302978515625,6.6224936e-21,1.356988e-07,59.999992,-19.999996,-19.999996,-19.999996,-19.999996,-5.0563086e-37,Object notstarted,Object notstarted,Object notstarted,Object notstarted,Object notstarted,Object notstarted,Object notstarted,Object notstarted,Object notstarted
2024-03-18 10:33:04,629.629,__main___datalogs,INFO,JoyConState.USE_SNS,-6.587500,12.312500,-183.445000,0.844523,0.005340,0.013885,0.026396,0.292844,0.000000,0.000000,0.000000,0,0,0,0,0,0,0,0,0,0,0,0.045257568359375,-0.004302978515625,3.2997893e-21,6.761463e-08,59.999992,-19.999996,-19.999996,-19.999996,-19.999996,-2.5194066e-37,Object notstarted,Object notstarted,Object notstarted,Object notstarted,Object notstarted,Object notstarted,Object notstarted,Object notstarted,Object notstarted
2024-03-18 10:33:04,763.763,__main___datalogs,INFO,JoyConState.USE_SNS,-6.587500,12.325000,-183.527500,0.947666,0.005035,0.016784,0.027312,0.314751,0.000000,0.000000,0.000000,0,0,0,0,0,0,0,0,0,0,0,0.045257568359375,-0.004302978515625,1.6441858e-21,3.3690334e-08,59.999992,-19.999996,-19.999996,-19.999996,-19.999996,-1.2553445e-37,Object notstarted,Object notstarted,Object notstarted,Object notstarted,Object notstarted,Object notstarted,Object notstarted,Object notstarted,Object notstarted
2024-03-18 10:33:04,886.886,__main___datalogs,INFO,JoyConState.USE_SNS,-6.587500,12.325000,-183.595000,0.746567,0.005493,0.012664,0.026396,0.337226,0.000000,0.000000,0.000000,0,0,0,0,0,0,0,0,0,0,0,0.045257568359375,-0.004302978515625,-10.034602,-10.034602,59.999992,-9.965396,-9.965396,-9.965396,-9.965396,-10.034602,Object notstarted,Object notstarted,Object notstarted,Object notstarted,Object notstarted,Object notstarted,Object notstarted,Object notstarted,Object notstarted
2024-03-18 10:33:05,042.042,__main___datalogs,INFO,JoyConState.USE_SNS,-6.587500,12.325000,-183.647500,0.943546,0.004730,0.012664,0.024565,0.360244,0.000000,0.000000,0.000000,0,0,0,0,0,0,0,0,0,0,0,0.045257568359375,-0.004302978515625,-4.9999404,-4.9999404,59.999992,-15.000059,-15.000059,-15.000059,-15.000059,-4.9999404,Object notstarted,Object notstarted,Object notstarted,Object notstarted,Object notstarted,Object notstarted,Object notstarted,Object notstarted,Object notstarted
2024-03-18 10:33:05,165.165,__main___datalogs,INFO,JoyConState.USE_SNS,-6.587500,12.325000,-183.727500,1.040128,0.005035,0.016479,0.027312,0.383778,0.000000,0.000000,0.000000,0,0,0,0,0,0,0,0,0,0,0,0.045257568359375,-0.004302978515625,-8.3736725,-8.3736725,59.999992,-11.6263275,-11.6263275,-11.6263275,-11.6263275,-8.3736725,Object notstarted,Object notstarted,Object notstarted,Object notstarted,Object notstarted,Object notstarted,Object notstarted,Object notstarted,Object notstarted
2024-03-18 10:33:05,304.304,__main___datalogs,INFO,JoyConState.USE_SNS,-6.587500,12.325000,-183.807500,1.111993,0.004730,0.016479,0.027312,0.407802,0.000000,0.000000,0.000000,0,0,0,0,0,0,0,0,0,0,0,0.045257568359375,-0.004302978515625,-14.206951,-14.206951,59.999992,-5.7930493,-5.7930493,-5.7930493,-5.7930493,-14.206951,Object notstarted,Object notstarted,Object notstarted,Object notstarted,Object notstarted,Object notstarted,Object notstarted,Object notstarted,Object notstarted
2024-03-18 10:33:05,444.444,__main___datalogs,INFO,JoyConState.USE_SNS,-6.587500,12.325000,-183.840000,0.909063,0.004883,0.012664,0.025633,0.432293,0.000000,0.000000,0.000000,0,0,0,0,0,0,0,0,0,0,0,0.045257568359375,-0.004302978515625,-17.113499,-17.113499,59.999992,-2.8865023,-2.8865023,-2.8865023,-2.8865023,-17.113499,Object notstarted,Object notstarted,Object notstarted,Object notstarted,Object notstarted,Object notstarted,Object notstarted,Object notstarted,Object notstarted
2024-03-18 10:33:05,567.567,__main___datalogs,INFO,JoyConState.USE_SNS,-6.587500,12.325000,-183.925000,1.347879,0.006256,0.016021,0.027312,0.457227,0.000000,0.000000,0.000000,0,0,0,0,0,0,0,0,0,0,0,0.045257568359375,-0.004302978515625,-18.561745,-18.561745,59.999992,-1.4382573,-1.4382573,-1.4382573,-1.4382573,-18.561745,Object notstarted,Object notstarted,Object notstarted,Object notstarted,Object notstarted,Object notstarted,Object notstarted,Object notstarted,Object notstarted
2024-03-18 10:33:05,707.707,__main___datalogs,INFO,JoyConState.USE_SNS,-6.587500,12.325000,-183.957500,1.339182,0.005646,0.014495,0.024413,0.482580,0.000000,0.000000,0.000000,0,0,0,0,0,0,0,0,0,0,0,0.045257568359375,-0.004302978515625,-19.28336,-19.28336,59.999992,-0.7166404,-0.7166404,-0.7166404,-0.7166404,-19.28336,Object notstarted,Object notstarted,Object notstarted,Object notstarted,Object notstarted,Object notstarted,Object notstarted,Object notstarted,Object notstarted
2024-03-18 10:33:05,878.878,__main___datalogs,INFO,JoyConState.USE_SNS,-6.587500,12.337500,-184.020000,1.260604,0.005646,0.012664,0.027159,0.508331,0.000000,0.000000,0.000000,0,0,0,0,0,0,0,0,0,0,0,0.045257568359375,-0.004302978515625,-19.642921,-19.642921,59.999992,-0.35708037,-0.35708037,-0.35708037,-0.35708037,-19.642921,Object notstarted,Object notstarted,Object notstarted,Object notstarted,Object notstarted,Object notstarted,Object notstarted,Object notstarted,Object notstarted
2024-03-18 10:33:06,001.001,__main___datalogs,INFO,JoyConState.USE_SNS,-6.587500,12.337500,-184.055000,1.137321,0.008545,0.015868,0.025633,0.534457,0.000000,0.000000,0.000000,0,0,0,0,0,0,0,0,0,0,0,0.045257568359375,-0.004302978515625,-13.939726,-13.939726,59.999992,-6.060275,-6.060275,-6.060275,-6.060275,-13.939726,Object notstarted,Object notstarted,Object notstarted,Object notstarted,Object notstarted,Object notstarted,Object notstarted,Object notstarted,Object notstarted
2024-03-18 10:33:06,124.124,__main___datalogs,INFO,JoyConState.USE_SNS,-6.587500,12.337500,-184.087500,1.550809,0.006561,0.010681,0.024870,0.560938,0.000000,0.000000,0.000000,0,0,0,0,0,0,0,0,0,0,0,0.045257568359375,-0.004302978515625,-6.945746,-6.945746,59.999992,-13.054255,-13.054255,-13.054255,-13.054255,-6.945746,Object notstarted,Object notstarted,Object notstarted,Object notstarted,Object notstarted,Object notstarted,Object notstarted,Object notstarted,Object notstarted
2024-03-18 10:33:06,247.247,__main___datalogs,INFO,JoyConState.USE_SNS,-6.587500,12.337500,-184.127500,1.351999,0.005798,0.015258,0.026854,0.587756,0.000000,0.000000,0.000000,0,0,0,0,0,0,0,0,0,0,0,0.045257568359375,-0.004302978515625,-3.4608564,-3.4608564,59.999992,-16.539145,-16.539145,-16.539145,-16.539145,-3.4608564,Object notstarted,Object notstarted,Object notstarted,Object notstarted,Object notstarted,Object notstarted,Object notstarted,Object notstarted,Object notstarted
2024-03-18 10:33:06,388.388,__main___datalogs,INFO,JoyConState.USE_SNS,-6.587500,12.337500,-184.167500,1.261978,0.004883,0.012511,0.027464,0.614891,0.000000,0.000000,0.000000,0,0,0,0,0,0,0,0,0,0,0,0.045257568359375,-0.004302978515625,-7.6067934,-7.6067934,59.999992,-12.393208,-12.393208,-12.393208,-12.393208,-7.6067934,Object notstarted,Object notstarted,Object notstarted,Object notstarted,Object notstarted,Object notstarted,Object notstarted,Object notstarted,Object notstarted
2024-03-18 10:33:06,497.497,__main___datalogs,INFO,JoyConState.USE_SNS,-6.587500,12.337500,-184.210000,1.544553,0.006103,0.012359,0.025176,0.642326,0.000000,0.000000,0.000000,0,0,0,0,0,0,0,0,0,0,0,0.045257568359375,-0.004302978515625,-13.824839,-13.824839,59.999992,-6.175163,-6.175163,-6.175163,-6.175163,-13.824839,Object notstarted,Object notstarted,Object notstarted,Object notstarted,Object notstarted,Object notstarted,Object notstarted,Object notstarted,Object notstarted
2024-03-18 10:33:06,619.619,__main___datalogs,INFO,JoyConState.USE_SNS,-6.587500,12.337500,-184.237500,1.380226,0.006408,0.012359,0.027006,0.670044,0.000000,0.000000,0.000000,0,0,0,0,0,0,0,0,0,0,0,0.045257568359375,-0.004302978515625,-11.0407505,-11.0407505,59.999992,-8.95925,-8.95925,-8.95925,-8.95925,-11.0407505,Object notstarted,Object notstarted,Object notstarted,Object notstarted,Object notstarted,Object notstarted,Object notstarted,Object notstarted,Object notstarted
2024-03-18 10:33:06,761.761,__main___datalogs,INFO,JoyConState.USE_SNS,-6.587500,12.350000,-184.260000,1.078273,0.006561,0.012359,0.027006,0.698029,0.000000,0.000000,0.000000,0,0,0,0,0,0,0,0,0,0,0,0.045257568359375,-0.004302978515625,-5.501274,-5.501274,59.999992,-14.498727,-14.498727,-14.498727,-14.498727,-5.501274,Object notstarted,Object notstarted,Object notstarted,Object notstarted,Object notstarted,Object notstarted,Object notstarted,Object notstarted,Object notstarted
2024-03-18 10:33:06,872.872,__main___datalogs,INFO,JoyConState.USE_SNS,-6.587500,12.350000,-184.290000,1.534788,0.005188,0.015105,0.023192,0.726266,0.000000,0.000000,0.000000,0,0,0,0,0,0,0,0,0,0,0,0.045257568359375,-0.004302978515625,-2.7411194,-2.7411194,59.999992,-17.25888,-17.25888,-17.25888,-17.25888,-2.7411194,Object notstarted,Object notstarted,Object notstarted,Object notstarted,Object notstarted,Object notstarted,Object notstarted,Object notstarted,Object notstarted
2024-03-18 10:33:06,996.996,__main___datalogs,INFO,JoyConState.USE_SNS,-6.587500,12.350000,-184.310000,1.570339,0.006256,0.012511,0.026091,0.754741,0.000000,0.000000,0.000000,0,0,0,0,0,0,0,0,0,0,0,0.045257568359375,-0.004302978515625,-1.3658173,-1.3658173,59.999992,-18.634182,-18.634182,-18.634182,-18.634182,-1.3658173,Object notstarted,Object notstarted,Object notstarted,Object notstarted,Object notstarted,Object notstarted,Object notstarted,Object notstarted,Object notstarted
2024-03-18 10:33:07,103.103,__main___datalogs,INFO,JoyConState.USE_SNS,-6.587500,12.350000,-184.337500,1.802258,0.006561,0.011901,0.026854,0.783439,0.000000,0.000000,0.000000,0,0,0,0,0,0,0,0,0,0,0,0.045257568359375,-0.004302978515625,-0.6805457,-0.6805457,59.999992,-19.319454,-19.319454,-19.319454,-19.319454,-0.6805457,Object notstarted,Object notstarted,Object notstarted,Object notstarted,Object notstarted,Object notstarted,Object notstarted,Object notstarted,Object notstarted
2024-03-18 10:33:07,210.210,__main___datalogs,INFO,JoyConState.USE_SNS,-6.587500,12.350000,-184.360000,1.880684,0.005798,0.012969,0.026396,0.812348,0.000000,0.000000,0.000000,0,0,0,0,0,0,0,0,0,0,0,0.045257568359375,-0.004302978515625,-0.33909544,-0.33909544,59.999992,-19.660904,-19.660904,-19.660904,-19.660904,-0.33909544,Object notstarted,Object notstarted,Object notstarted,Object notstarted,Object notstarted,Object notstarted,Object notstarted,Object notstarted,Object notstarted
2024-03-18 10:33:07,350.350,__main___datalogs,INFO,JoyConState.USE_SNS,-6.587500,12.350000,-184.380000,1.521056,0.005646,0.012817,0.024718,0.841456,0.000000,0.000000,0.000000,0,0,0,0,0,0,0,0,0,0,0,0.045257568359375,-0.004302978515625,-0.16896106,-0.16896106,59.999992,-19.83104,-19.83104,-19.83104,-19.83104,-0.16896106,Object notstarted,Object notstarted,Object notstarted,Object notstarted,Object notstarted,Object notstarted,Object notstarted,Object notstarted,Object notstarted
2024-03-18 10:33:07,489.489,__main___datalogs,INFO,JoyConState.USE_SNS,-6.587500,12.350000,-184.400000,1.891364,0.005035,0.012054,0.027312,0.870750,0.000000,0.000000,0.000000,0,0,0,0,0,0,0,0,0,0,0,0.045257568359375,-0.004302978515625,-0.084188215,-0.084188215,59.999992,-19.915813,-19.915813,-19.915813,-19.915813,-0.084188215,Object notstarted,Object notstarted,Object notstarted,Object notstarted,Object notstarted,Object notstarted,Object notstarted,Object notstarted,Object notstarted
2024-03-18 10:33:07,630.630,__main___datalogs,INFO,JoyConState.USE_SNS,-6.587500,12.350000,-184.400000,1.525938,0.005951,0.014648,0.027159,0.900219,0.000000,0.000000,0.000000,0,0,0,0,0,0,0,0,0,0,0,0.045257568359375,-0.004302978515625,-10.0765505,-10.0765505,59.999992,-9.92345,-9.92345,-9.92345,-9.92345,-10.0765505,Object notstarted,Object notstarted,Object notstarted,Object notstarted,Object notstarted,Object notstarted,Object notstarted,Object notstarted,Object notstarted
2024-03-18 10:33:07,768.768,__main___datalogs,INFO,JoyConState.USE_SNS,-6.587500,12.350000,-184.427500,2.302563,0.006256,0.012511,0.026854,0.929853,0.000000,0.000000,0.000000,0,0,0,0,0,0,0,0,0,0,0,0.045257568359375,-0.004302978515625,-15.055445,-15.055445,59.999992,-4.944557,-4.944557,-4.944557,-4.944557,-15.055445,Object notstarted,Object notstarted,Object notstarted,Object notstarted,Object notstarted,Object notstarted,Object notstarted,Object notstarted,Object notstarted
2024-03-18 10:33:07,892.892,__main___datalogs,INFO,JoyConState.USE_SNS,-6.587500,12.350000,-184.430000,2.010986,0.002289,0.016479,0.026701,0.959643,0.000000,0.000000,0.000000,0,0,0,0,0,0,0,0,0,0,0,0.045257568359375,-0.004302978515625,-7.501675,-7.501675,59.999992,-12.498326,-12.498326,-12.498326,-12.498326,-7.501675,Object notstarted,Object notstarted,Object notstarted,Object notstarted,Object notstarted,Object notstarted,Object notstarted,Object notstarted,Object notstarted
2024-03-18 10:33:08,014.014,__main___datalogs,INFO,JoyConState.USE_SNS,-6.587500,12.350000,-184.455000,2.340708,0.005951,0.012359,0.024260,0.989577,0.000000,0.000000,0.000000,0,0,0,0,0,0,0,0,0,0,0,0.045257568359375,-0.004302978515625,-3.737859,-3.737859,59.999992,-16.262142,-16.262142,-16.262142,-16.262142,-3.737859,Object notstarted,Object notstarted,Object notstarted,Object notstarted,Object notstarted,Object notstarted,Object notstarted,Object notstarted,Object notstarted
2024-03-18 10:33:08,154.154,__main___datalogs,INFO,JoyConState.USE_SNS,-6.587500,12.350000,-184.460000,2.110009,0.005951,0.012664,0.020140,1.019647,0.000000,0.000000,0.000000,0,0,0,0,0,0,0,0,0,0,0,0.045257568359375,-0.004302978515625,-1.8624628,-1.8624628,59.999992,-18.137539,-18.137539,-18.137539,-18.137539,-1.8624628,Object notstarted,Object notstarted,Object notstarted,Object notstarted,Object notstarted,Object notstarted,Object notstarted,Object notstarted,Object notstarted
2024-03-18 10:33:08,293.293,__main___datalogs,INFO,JoyConState.USE_SNS,-6.587500,12.362500,-184.480000,2.177449,0.007019,0.012511,0.027006,1.049846,0.000000,0.000000,0.000000,0,0,0,0,0,0,0,0,0,0,0,0.045257568359375,-0.004302978515625,-0.92800915,-0.92800915,59.999992,-19.071991,-19.071991,-19.071991,-19.071991,-0.92800915,Object notstarted,Object notstarted,Object notstarted,Object notstarted,Object notstarted,Object notstarted,Object notstarted,Object notstarted,Object notstarted
2024-03-18 10:33:08,385.385,__main___datalogs,INFO,JoyConState.USE_SNS,-6.587500,12.362500,-184.480000,1.986421,0.006256,0.014190,0.025176,1.080165,0.000000,0.000000,0.000000,0,0,0,0,0,0,0,0,0,0,0,0.045257568359375,-0.004302978515625,-0.46239904,-0.46239904,59.999992,-19.537601,-19.537601,-19.537601,-19.537601,-0.46239904,Object notstarted,Object notstarted,Object notstarted,Object notstarted,Object notstarted,Object notstarted,Object notstarted,Object notstarted,Object notstarted
2024-03-18 10:33:08,492.492,__main___datalogs,INFO,JoyConState.USE_SNS,-6.587500,12.362500,-184.495000,2.142508,0.005951,0.016479,0.027006,1.110597,0.000000,0.000000,0.000000,0,0,0,0,0,0,0,0,0,0,0,0.045257568359375,-0.004302978515625,-0.23039953,-0.23039953,59.999992,-19.7696,-19.7696,-19.7696,-19.7696,-0.23039953,Object notstarted,Object notstarted,Object notstarted,Object notstarted,Object notstarted,Object notstarted,Object notstarted,Object notstarted,Object notstarted
2024-03-18 10:33:08,599.599,__main___datalogs,INFO,JoyConState.USE_SNS,-6.587500,12.362500,-184.500000,1.889381,0.006103,0.012511,0.026854,1.141135,0.000000,0.000000,0.000000,0,0,0,0,0,0,0,0,0,0,0,0.045257568359375,-0.004302978515625,-0.11480116,-0.11480116,59.999992,-19.885199,-19.885199,-19.885199,-19.885199,-0.11480116,Object notstarted,Object notstarted,Object notstarted,Object notstarted,Object notstarted,Object notstarted,Object notstarted,Object notstarted,Object notstarted
2024-03-18 10:33:08,706.706,__main___datalogs,INFO,JoyConState.USE_SNS,-6.587500,12.362500,-184.520000,2.339945,0.006103,0.012206,0.026549,1.171773,0.000000,0.000000,0.000000,0,0,0,0,0,0,0,0,0,0,0,0.045257568359375,-0.004302978515625,-0.057201963,-0.057201963,59.999992,-19.942799,-19.942799,-19.942799,-19.942799,-0.057201963,Object notstarted,Object notstarted,Object notstarted,Object notstarted,Object notstarted,Object notstarted,Object notstarted,Object notstarted,Object notstarted
2024-03-18 10:33:08,817.817,__main___datalogs,INFO,JoyConState.USE_SNS,-6.587500,12.362500,-184.520000,2.456210,0.005646,0.012969,0.027464,1.202504,0.000000,0.000000,0.000000,0,0,0,0,0,0,0,0,0,0,0,0.045257568359375,-0.004302978515625,-5.910855,-5.910855,59.999992,-14.089145,-14.089145,-14.089145,-14.089145,-5.910855,Object notstarted,Object notstarted,Object notstarted,Object notstarted,Object notstarted,Object notstarted,Object notstarted,Object notstarted,Object notstarted
2024-03-18 10:33:08,925.925,__main___datalogs,INFO,JoyConState.USE_SNS,-6.587500,12.362500,-184.540000,2.479860,0.005493,0.012206,0.024718,1.233321,0.000000,0.000000,0.000000,0,0,0,0,0,0,0,0,0,0,0,0.045257568359375,-0.004302978515625,-12.979803,-12.979803,59.999992,-7.0201974,-7.0201974,-7.0201974,-7.0201974,-12.979803,Object notstarted,Object notstarted,Object notstarted,Object notstarted,Object notstarted,Object notstarted,Object notstarted,Object notstarted,Object notstarted
2024-03-18 10:33:09,032.032,__main___datalogs,INFO,JoyConState.USE_SNS,-6.587500,12.362500,-184.540000,2.707812,0.005646,0.008850,0.027464,1.264221,0.000000,0.000000,0.000000,0,0,0,0,0,0,0,0,0,0,0,0.045257568359375,-0.004302978515625,-16.502048,-16.502048,59.999992,-3.497953,-3.497953,-3.497953,-3.497953,-16.502048,Object notstarted,Object notstarted,Object notstarted,Object notstarted,Object notstarted,Object notstarted,Object notstarted,Object notstarted,Object notstarted
2024-03-18 10:33:09,140.140,__main___datalogs,INFO,JoyConState.USE_SNS,-6.587500,12.362500,-184.540000,2.242295,0.006256,0.012206,0.027006,1.295196,0.000000,0.000000,0.000000,0,0,0,0,0,0,0,0,0,0,0,0.045257568359375,-0.004302978515625,-18.257076,-18.257076,59.999992,-1.7429248,-1.7429248,-1.7429248,-1.7429248,-18.257076,Object notstarted,Object notstarted,Object notstarted,Object notstarted,Object notstarted,Object notstarted,Object notstarted,Object notstarted,Object notstarted
2024-03-18 10:33:09,265.265,__main___datalogs,INFO,JoyConState.USE_SNS,-6.587500,12.362500,-184.560000,2.494660,0.006256,0.012664,0.022582,1.326243,0.000000,0.000000,0.000000,0,0,0,0,0,0,0,0,0,0,0,0.045257568359375,-0.004302978515625,-19.131554,-19.131554,59.999992,-0.86844707,-0.86844707,-0.86844707,-0.86844707,-19.131554,Object notstarted,Object notstarted,Object notstarted,Object notstarted,Object notstarted,Object notstarted,Object notstarted,Object notstarted,Object notstarted
2024-03-18 10:33:09,388.388,__main___datalogs,INFO,JoyConState.USE_SNS,-6.587500,12.362500,-184.560000,2.112603,0.005035,0.012969,0.026091,1.357356,0.000000,0.000000,0.000000,0,0,0,0,0,0,0,0,0,0,0,0.045257568359375,-0.004302978515625,-9.532678,-9.532678,59.999992,-10.467323,-10.467323,-10.467323,-10.467323,-9.532678,Object notstarted,Object notstarted,Object notstarted,Object notstarted,Object notstarted,Object notstarted,Object notstarted,Object notstarted,Object notstarted
2024-03-18 10:33:09,497.497,__main___datalogs,INFO,JoyConState.USE_SNS,-6.587500,12.362500,-184.560000,2.361916,0.004883,0.015411,0.025786,1.388532,0.000000,0.000000,0.000000,0,0,0,0,0,0,0,0,0,0,0,0.045257568359375,-0.004302978515625,-4.7498465,-4.7498465,59.999992,-15.2501545,-15.2501545,-15.2501545,-15.2501545,-4.7498465,Object notstarted,Object notstarted,Object notstarted,Object notstarted,Object notstarted,Object notstarted,Object notstarted,Object notstarted,Object notstarted
2024-03-18 10:33:09,621.621,__main___datalogs,INFO,JoyConState.USE_SNS,-6.587500,12.362500,-184.560000,2.337046,0.005646,0.014953,0.027159,1.419768,0.000000,0.000000,0.000000,0,0,0,0,0,0,0,0,0,0,0,0.045257568359375,-0.004302978515625,-2.3667057,-2.3667057,59.999992,-17.633295,-17.633295,-17.633295,-17.633295,-2.3667057,Object notstarted,Object notstarted,Object notstarted,Object notstarted,Object notstarted,Object notstarted,Object notstarted,Object notstarted,Object notstarted
2024-03-18 10:33:09,762.762,__main___datalogs,INFO,JoyConState.USE_SNS,-6.587500,12.362500,-184.580000,2.397009,0.005951,0.014800,0.026091,1.451058,0.000000,0.000000,0.000000,0,0,0,0,0,0,0,0,0,0,0,0.045257568359375,-0.004302978515625,-1.1792582,-1.1792582,59.999992,-18.820742,-18.820742,-18.820742,-18.820742,-1.1792582,Object notstarted,Object notstarted,Object notstarted,Object notstarted,Object notstarted,Object notstarted,Object notstarted,Object notstarted,Object notstarted
2024-03-18 10:33:09,874.874,__main___datalogs,INFO,JoyConState.USE_SNS,-6.587500,12.362500,-184.580000,2.855813,0.004730,0.012664,0.027159,1.482400,0.000000,0.000000,0.000000,0,0,0,0,0,0,0,0,0,0,0,0.045257568359375,-0.004302978515625,-0.5875889,-0.5875889,59.999992,-19.41241,-19.41241,-19.41241,-19.41241,-0.5875889,Object notstarted,Object notstarted,Object notstarted,Object notstarted,Object notstarted,Object notstarted,Object notstarted,Object notstarted,Object notstarted
2024-03-18 10:33:09,981.981,__main___datalogs,INFO,JoyConState.USE_SNS,-6.587500,12.362500,-184.580000,2.941257,0.005951,0.014343,0.025176,1.513790,0.000000,0.000000,0.000000,0,0,0,0,0,0,0,0,0,0,0,0.045257568359375,-0.004302978515625,-4.445027,-4.445027,59.999992,-15.554974,-15.554974,-15.554974,-15.554974,-4.445027,Object notstarted,Object notstarted,Object notstarted,Object notstarted,Object notstarted,Object notstarted,Object notstarted,Object notstarted,Object notstarted
2024-03-18 10:33:10,089.089,__main___datalogs,INFO,JoyConState.USE_SNS,-6.587500,12.362500,-184.580000,2.792646,0.000763,0.011291,0.027312,1.545224,0.000000,0.000000,0.000000,0,0,0,0,0,0,0,0,0,0,0,0.045257568359375,-0.004302978515625,-8.097176,-8.097176,59.999992,-11.902825,-11.902825,-11.902825,-11.902825,-8.097176,Object notstarted,Object notstarted,Object notstarted,Object notstarted,Object notstarted,Object notstarted,Object notstarted,Object notstarted,Object notstarted
2024-03-18 10:33:10,197.197,__main___datalogs,INFO,JoyConState.USE_SNS,-6.587500,12.362500,-184.580000,2.821331,0.005035,0.014953,0.027006,1.576700,0.000000,0.000000,0.000000,0,0,0,0,0,0,0,0,0,0,0,0.045257568359375,-0.004302978515625,-14.069181,-14.069181,59.999992,-5.93082,-5.93082,-5.93082,-5.93082,-14.069181,Object notstarted,Object notstarted,Object notstarted,Object notstarted,Object notstarted,Object notstarted,Object notstarted,Object notstarted,Object notstarted
2024-03-18 10:33:10,335.335,__main___datalogs,INFO,JoyConState.USE_SNS,-6.587500,12.362500,-184.600000,3.045163,0.005340,0.011901,0.025023,1.608215,0.000000,0.000000,0.000000,0,0,0,0,0,0,0,0,0,0,0,0.045257568359375,-0.004302978515625,-7.0102496,-7.0102496,59.999992,-12.989752,-12.989752,-12.989752,-12.989752,-7.0102496,Object notstarted,Object notstarted,Object notstarted,Object notstarted,Object notstarted,Object notstarted,Object notstarted,Object notstarted,Object notstarted
2024-03-18 10:33:10,445.445,__main___datalogs,INFO,JoyConState.USE_SNS,-6.587500,12.362500,-184.600000,3.110772,0.001678,0.014343,0.027159,1.639766,0.000000,0.000000,0.000000,0,0,0,0,0,0,0,0,0,0,0,0.045257568359375,-0.004302978515625,-3.4929965,-3.4929965,59.999992,-16.507004,-16.507004,-16.507004,-16.507004,-3.4929965,Object notstarted,Object notstarted,Object notstarted,Object notstarted,Object notstarted,Object notstarted,Object notstarted,Object notstarted,Object notstarted
2024-03-18 10:33:10,552.552,__main___datalogs,INFO,JoyConState.USE_SNS,-6.587500,12.362500,-184.600000,3.094904,0.005035,0.015258,0.026854,1.671352,0.000000,0.000000,0.000000,0,0,0,0,0,0,0,0,0,0,0,0.045257568359375,-0.004302978515625,-5.8927045,-5.8927045,59.999992,-14.107297,-14.107297,-14.107297,-14.107297,-5.8927045,Object notstarted,Object notstarted,Object notstarted,Object notstarted,Object notstarted,Object notstarted,Object notstarted,Object notstarted,Object notstarted
2024-03-18 10:33:10,677.677,__main___datalogs,INFO,JoyConState.USE_SNS,-6.587500,12.362500,-184.600000,2.939426,0.004425,0.012359,0.025481,1.702969,0.000000,0.000000,0.000000,0,0,0,0,0,0,0,0,0,0,0,0.045257568359375,-0.004302978515625,-2.9361575,-2.9361575,59.999992,-17.063843,-17.063843,-17.063843,-17.063843,-2.9361575,Object notstarted,Object notstarted,Object notstarted,Object notstarted,Object notstarted,Object notstarted,Object notstarted,Object notstarted,Object notstarted
2024-03-18 10:33:10,784.784,__main___datalogs,INFO,JoyConState.USE_SNS,-6.587500,12.362500,-184.600000,3.355203,0.005646,0.014495,0.026854,1.734618,0.000000,0.000000,0.000000,0,0,0,0,0,0,0,0,0,0,0,0.045257568359375,-0.004302978515625,-1.462999,-1.462999,59.999992,-18.537,-18.537,-18.537,-18.537,-1.462999,Object notstarted,Object notstarted,Object notstarted,Object notstarted,Object notstarted,Object notstarted,Object notstarted,Object notstarted,Object notstarted
2024-03-18 10:33:10,911.911,__main___datalogs,INFO,JoyConState.USE_SNS,-6.587500,12.362500,-184.600000,3.765487,0.005798,0.012359,0.027312,1.766294,0.000000,0.000000,0.000000,0,0,0,0,0,0,0,0,0,0,0,0.045257568359375,-0.004302978515625,-6.6113214,-6.6113214,59.999992,-13.388679,-13.388679,-13.388679,-13.388679,-6.6113214,Object notstarted,Object notstarted,Object notstarted,Object notstarted,Object notstarted,Object notstarted,Object notstarted,Object notstarted,Object notstarted
2024-03-18 10:33:11,019.019,__main___datalogs,INFO,JoyConState.USE_SNS,-6.587500,12.362500,-184.600000,3.463381,0.004272,0.012054,0.026244,1.797996,0.000000,0.000000,0.000000,0,0,0,0,0,0,0,0,0,0,0,0.045257568359375,-0.004302978515625,-13.328825,-13.328825,59.999992,-6.671176,-6.671176,-6.671176,-6.671176,-13.328825,Object notstarted,Object notstarted,Object notstarted,Object notstarted,Object notstarted,Object notstarted,Object notstarted,Object notstarted,Object notstarted
2024-03-18 10:33:11,160.160,__main___datalogs,INFO,JoyConState.USE_SNS,-6.587500,12.362500,-184.600000,3.385261,0.007934,0.011443,0.027006,1.829723,0.000000,0.000000,0.000000,0,0,0,0,0,0,0,0,0,0,0,0.045257568359375,-0.004302978515625,-6.6413527,-6.6413527,59.999992,-13.358648,-13.358648,-13.358648,-13.358648,-6.6413527,Object notstarted,Object notstarted,Object notstarted,Object notstarted,Object notstarted,Object notstarted,Object notstarted,Object notstarted,Object notstarted
2024-03-18 10:33:11,266.266,__main___datalogs,INFO,JoyConState.USE_SNS,-6.587500,12.362500,-184.620000,3.330028,0.005951,0.012206,0.024565,1.861471,0.000000,0.000000,0.000000,0,0,0,0,0,0,0,0,0,0,0,0.045257568359375,-0.004302978515625,-3.3091862,-3.3091862,59.999992,-16.690815,-16.690815,-16.690815,-16.690815,-3.3091862,Object notstarted,Object notstarted,Object notstarted,Object notstarted,Object notstarted,Object notstarted,Object notstarted,Object notstarted,Object notstarted
2024-03-18 10:33:11,389.389,__main___datalogs,INFO,JoyConState.USE_SNS,-6.587500,12.362500,-184.620000,3.607263,0.004730,0.012817,0.026701,1.893242,0.000000,0.000000,0.000000,0,0,0,0,0,0,0,0,0,0,0,0.045257568359375,-0.004302978515625,-1.648868,-1.648868,59.999992,-18.351131,-18.351131,-18.351131,-18.351131,-1.648868,Object notstarted,Object notstarted,Object notstarted,Object notstarted,Object notstarted,Object notstarted,Object notstarted,Object notstarted,Object notstarted
2024-03-18 10:33:11,513.513,__main___datalogs,INFO,JoyConState.USE_SNS,-6.587500,12.362500,-184.620000,3.068966,0.007629,0.016631,0.023802,1.925031,0.000000,0.000000,0.000000,0,0,0,0,0,0,0,0,0,0,0,0.045257568359375,-0.004302978515625,-0.8215813,-0.8215813,59.999992,-19.17842,-19.17842,-19.17842,-19.17842,-0.8215813,Object notstarted,Object notstarted,Object notstarted,Object notstarted,Object notstarted,Object notstarted,Object notstarted,Object notstarted,Object notstarted
2024-03-18 10:33:11,637.637,__main___datalogs,INFO,JoyConState.USE_SNS,-6.587500,12.362500,-184.620000,3.337962,0.005951,0.012206,0.026854,1.956839,0.000000,0.000000,0.000000,0,0,0,0,0,0,0,0,0,0,0,0.045257568359375,-0.004302978515625,-0.40936926,-0.40936926,59.999992,-19.590631,-19.590631,-19.590631,-19.590631,-0.40936926,Object notstarted,Object notstarted,Object notstarted,Object notstarted,Object notstarted,Object notstarted,Object notstarted,Object notstarted,Object notstarted
2024-03-18 10:33:11,761.761,__main___datalogs,INFO,JoyConState.USE_SNS,-6.587500,12.362500,-184.620000,3.404638,0.005340,0.012359,0.027159,1.988665,0.000000,0.000000,0.000000,0,0,0,0,0,0,0,0,0,0,0,0.045257568359375,-0.004302978515625,-0.20397638,-0.20397638,59.999992,-19.796024,-19.796024,-19.796024,-19.796024,-0.20397638,Object notstarted,Object notstarted,Object notstarted,Object notstarted,Object notstarted,Object notstarted,Object notstarted,Object notstarted,Object notstarted
2024-03-18 10:33:11,869.869,__main___datalogs,INFO,JoyConState.USE_SNS,-6.587500,12.362500,-184.620000,3.592615,0.004120,0.012359,0.024260,2.020507,0.000000,0.000000,0.000000,0,0,0,0,0,0,0,0,0,0,0,0.045257568359375,-0.004302978515625,-0.1016353,-0.1016353,59.999992,-19.898365,-19.898365,-19.898365,-19.898365,-0.1016353,Object notstarted,Object notstarted,Object notstarted,Object notstarted,Object notstarted,Object notstarted,Object notstarted,Object notstarted,Object notstarted
2024-03-18 10:33:11,992.992,__main___datalogs,INFO,JoyConState.USE_SNS,-6.587500,12.362500,-184.620000,3.487946,0.004730,0.014648,0.025023,2.052365,0.000000,0.000000,0.000000,0,0,0,0,0,0,0,0,0,0,0,0.045257568359375,-0.004302978515625,-0.050641812,-0.050641812,59.999992,-19.949358,-19.949358,-19.949358,-19.949358,-0.050641812,Object notstarted,Object notstarted,Object notstarted,Object notstarted,Object notstarted,Object notstarted,Object notstarted,Object notstarted,Object notstarted
2024-03-18 10:33:12,128.128,__main___datalogs,INFO,JoyConState.USE_SNS,-6.587500,12.362500,-184.620000,3.923711,0.005340,0.014648,0.026701,2.084236,0.000000,0.000000,0.000000,0,0,0,0,0,0,0,0,0,0,0,0.045257568359375,-0.004302978515625,-0.025233293,-0.025233293,59.999992,-19.974766,-19.974766,-19.974766,-19.974766,-0.025233293,Object notstarted,Object notstarted,Object notstarted,Object notstarted,Object notstarted,Object notstarted,Object notstarted,Object notstarted,Object notstarted
2024-03-18 10:33:12,235.235,__main___datalogs,INFO,JoyConState.USE_SNS,-6.587500,12.362500,-184.620000,3.435917,0.003815,0.013274,0.026854,2.116120,0.000000,0.000000,0.000000,0,0,0,0,0,0,0,0,0,0,0,0.045257568359375,-0.004302978515625,-0.012572991,-0.012572991,59.999992,-19.987427,-19.987427,-19.987427,-19.987427,-0.012572991,Object notstarted,Object notstarted,Object notstarted,Object notstarted,Object notstarted,Object notstarted,Object notstarted,Object notstarted,Object notstarted
2024-03-18 10:33:12,327.327,__main___datalogs,INFO,JoyConState.USE_SNS,-6.587500,12.362500,-184.620000,3.966738,0.006103,0.012511,0.025481,2.148017,0.000000,0.000000,0.000000,0,0,0,0,0,0,0,0,0,0,0,0.045257568359375,-0.004302978515625,-0.006264743,-0.006264743,59.999992,-19.993736,-19.993736,-19.993736,-19.993736,-0.006264743,Object notstarted,Object notstarted,Object notstarted,Object notstarted,Object notstarted,Object notstarted,Object notstarted,Object notstarted,Object notstarted
2024-03-18 10:33:12,451.451,__main___datalogs,INFO,JoyConState.USE_SNS,-6.587500,12.362500,-184.620000,3.675313,0.005798,0.012054,0.025328,2.179924,0.000000,0.000000,0.000000,0,0,0,0,0,0,0,0,0,0,0,0.045257568359375,-0.004302978515625,-0.003121533,-0.003121533,59.999992,-19.99688,-19.99688,-19.99688,-19.99688,-0.003121533,Object notstarted,Object notstarted,Object notstarted,Object notstarted,Object notstarted,Object notstarted,Object notstarted,Object notstarted,Object notstarted
2024-03-18 10:33:12,574.574,__main___datalogs,INFO,JoyConState.USE_SNS,-6.587500,12.362500,-184.620000,3.926915,0.004883,0.012054,0.026549,2.211842,0.000000,0.000000,0.000000,0,0,0,0,0,0,0,0,0,0,0,0.045257568359375,-0.004302978515625,-0.0015553661,-0.0015553661,59.999992,-19.998447,-19.998447,-19.998447,-19.998447,-0.0015553661,Object notstarted,Object notstarted,Object notstarted,Object notstarted,Object notstarted,Object notstarted,Object notstarted,Object notstarted,Object notstarted
2024-03-18 10:33:12,680.680,__main___datalogs,INFO,JoyConState.USE_SNS,-6.587500,12.362500,-184.620000,3.780440,0.005035,0.014342,0.025938,2.243768,0.000000,0.000000,0.000000,0,0,0,0,0,0,0,0,0,0,0,0.045257568359375,-0.004302978515625,-0.0007749921,-0.0007749921,59.999992,-19.999228,-19.999228,-19.999228,-19.999228,-0.0007749921,Object notstarted,Object notstarted,Object notstarted,Object notstarted,Object notstarted,Object notstarted,Object notstarted,Object notstarted,Object notstarted
2024-03-18 10:33:12,819.819,__main___datalogs,INFO,JoyConState.USE_SNS,-6.587500,12.362500,-184.620000,4.080714,0.005188,0.012054,0.026854,2.275704,0.000000,0.000000,0.000000,0,0,0,0,0,0,0,0,0,0,0,0.045257568359375,-0.004302978515625,-0.00038615527,-0.00038615527,59.999992,-19.999615,-19.999615,-19.999615,-19.999615,-0.00038615527,Object notstarted,Object notstarted,Object notstarted,Object notstarted,Object notstarted,Object notstarted,Object notstarted,Object notstarted,Object notstarted
2024-03-18 10:33:12,977.977,__main___datalogs,INFO,JoyConState.USE_SNS,-6.587500,12.362500,-184.620000,3.670583,0.008545,0.013732,0.023345,2.307649,0.000000,0.000000,0.000000,0,0,0,0,0,0,0,0,0,0,0,0.045257568359375,-0.004302978515625,-0.00019240956,-0.00019240956,59.999992,-19.99981,-19.99981,-19.99981,-19.99981,-0.00019240956,Object notstarted,Object notstarted,Object notstarted,Object notstarted,Object notstarted,Object notstarted,Object notstarted,Object notstarted,Object notstarted
2024-03-18 10:33:13,100.100,__main___datalogs,INFO,JoyConState.USE_SNS,-6.587500,12.362500,-184.620000,3.866494,0.006256,0.012511,0.027006,2.339600,0.000000,0.000000,0.000000,0,0,0,0,0,0,0,0,0,0,0,0.045257568359375,-0.004302978515625,-9.5871896e-05,-9.5871896e-05,59.999992,-19.999905,-19.999905,-19.999905,-19.999905,-9.5871896e-05,Object notstarted,Object notstarted,Object notstarted,Object notstarted,Object notstarted,Object notstarted,Object notstarted,Object notstarted,Object notstarted
2024-03-18 10:33:13,211.211,__main___datalogs,INFO,JoyConState.USE_SNS,-6.587500,12.362500,-184.620000,4.003509,0.005340,0.012664,0.026701,2.371559,0.000000,0.000000,0.000000,0,0,0,0,0,0,0,0,0,0,0,0.045257568359375,-0.004302978515625,-4.777008e-05,-4.777008e-05,59.999992,-19.999954,-19.999954,-19.999954,-19.999954,-4.777008e-05,Object notstarted,Object notstarted,Object notstarted,Object notstarted,Object notstarted,Object notstarted,Object notstarted,Object notstarted,Object notstarted
2024-03-18 10:33:13,351.351,__main___datalogs,INFO,JoyConState.USE_SNS,-6.587500,12.362500,-184.620000,4.428746,0.004120,0.014342,0.027464,2.403525,0.000000,0.000000,0.000000,0,0,0,0,0,0,0,0,0,0,0,0.045257568359375,-0.004302978515625,-5.8823767,-5.8823767,59.999992,-14.117624,-14.117624,-14.117624,-14.117624,-5.8823767,Object notstarted,Object notstarted,Object notstarted,Object notstarted,Object notstarted,Object notstarted,Object notstarted,Object notstarted,Object notstarted
2024-03-18 10:33:13,459.459,__main___datalogs,INFO,JoyConState.USE_SNS,-6.587500,12.362500,-184.620000,4.234361,0.003509,0.012206,0.026091,2.435496,0.000000,0.000000,0.000000,0,0,0,0,0,0,0,0,0,0,0,0.045257568359375,-0.004302978515625,-12.965612,-12.965612,59.999992,-7.034387,-7.034387,-7.034387,-7.034387,-12.965612,Object notstarted,Object notstarted,Object notstarted,Object notstarted,Object notstarted,Object notstarted,Object notstarted,Object notstarted,Object notstarted
2024-03-18 10:33:13,567.567,__main___datalogs,INFO,JoyConState.USE_SNS,-6.587500,12.362500,-184.620000,4.160513,0.003509,0.012359,0.027312,2.467473,0.000000,0.000000,0.000000,0,0,0,0,0,0,0,0,0,0,0,0.045257568359375,-0.004302978515625,-16.494976,-16.494976,59.999992,-3.5050235,-3.5050235,-3.5050235,-3.5050235,-16.494976,Object notstarted,Object notstarted,Object notstarted,Object notstarted,Object notstarted,Object notstarted,Object notstarted,Object notstarted,Object notstarted
2024-03-18 10:33:13,706.706,__main___datalogs,INFO,JoyConState.USE_SNS,-6.587500,12.362500,-184.620000,4.309887,0.004425,0.011901,0.026396,2.499455,0.000000,0.000000,0.000000,0,0,0,0,0,0,0,0,0,0,0,0.045257568359375,-0.004302978515625,-18.253551,-18.253551,59.999992,-1.7464477,-1.7464477,-1.7464477,-1.7464477,-18.253551,Object notstarted,Object notstarted,Object notstarted,Object notstarted,Object notstarted,Object notstarted,Object notstarted,Object notstarted,Object notstarted
2024-03-18 10:33:13,830.830,__main___datalogs,INFO,JoyConState.USE_SNS,-6.587500,12.362500,-184.620000,3.717425,0.005340,0.011901,0.026396,2.531441,0.000000,0.000000,0.000000,0,0,0,0,0,0,0,0,0,0,0,0.045257568359375,-0.004302978515625,-13.247444,-13.247444,59.999992,-6.7525554,-6.7525554,-6.7525554,-6.7525554,-13.247444,Object notstarted,Object notstarted,Object notstarted,Object notstarted,Object notstarted,Object notstarted,Object notstarted,Object notstarted,Object notstarted
2024-03-18 10:33:13,973.973,__main___datalogs,INFO,JoyConState.USE_SNS,-6.587500,12.362500,-184.640000,4.156241,0.007629,0.014953,0.025481,2.563432,0.000000,0.000000,0.000000,0,0,0,0,0,0,0,0,0,0,0,0.045257568359375,-0.004302978515625,-6.600803,-6.600803,59.999992,-13.399198,-13.399198,-13.399198,-13.399198,-6.600803,Object notstarted,Object notstarted,Object notstarted,Object notstarted,Object notstarted,Object notstarted,Object notstarted,Object notstarted,Object notstarted
2024-03-18 10:33:14,096.096,__main___datalogs,INFO,JoyConState.USE_SNS,-6.587500,12.362500,-184.640000,4.398383,0.005951,0.012054,0.026854,2.595428,0.000000,0.000000,0.000000,0,0,0,0,0,0,0,0,0,0,0,0.045257568359375,-0.004302978515625,-3.2889817,-3.2889817,59.999992,-16.71102,-16.71102,-16.71102,-16.71102,-3.2889817,Object notstarted,Object notstarted,Object notstarted,Object notstarted,Object notstarted,Object notstarted,Object notstarted,Object notstarted,Object notstarted
2024-03-18 10:33:14,224.224,__main___datalogs,INFO,JoyConState.USE_SNS,-6.587500,12.362500,-184.640000,4.366952,0.005340,0.014953,0.026854,2.627429,0.000000,0.000000,0.000000,0,0,0,0,0,0,0,0,0,0,0,0.045257568359375,-0.004302978515625,-1.6388007,-1.6388007,59.999992,-18.361202,-18.361202,-18.361202,-18.361202,-1.6388007,Object notstarted,Object notstarted,Object notstarted,Object notstarted,Object notstarted,Object notstarted,Object notstarted,Object notstarted,Object notstarted
2024-03-18 10:33:14,330.330,__main___datalogs,INFO,JoyConState.USE_SNS,-6.587500,12.362500,-184.640000,4.303326,0.005340,0.014648,0.026091,2.659434,0.000000,0.000000,0.000000,0,0,0,0,0,0,0,0,0,0,0,0.045257568359375,-0.004302978515625,-0.8165651,-0.8165651,59.999992,-19.183437,-19.183437,-19.183437,-19.183437,-0.8165651,Object notstarted,Object notstarted,Object notstarted,Object notstarted,Object notstarted,Object notstarted,Object notstarted,Object notstarted,Object notstarted
2024-03-18 10:33:14,454.454,__main___datalogs,INFO,JoyConState.USE_SNS,-6.587500,12.362500,-184.640000,4.098566,0.005646,0.011901,0.026854,2.691442,0.000000,0.000000,0.000000,0,0,0,0,0,0,0,0,0,0,0,0.045257568359375,-0.004302978515625,-0.40686983,-0.40686983,59.999992,-19.593132,-19.593132,-19.593132,-19.593132,-0.40686983,Object notstarted,Object notstarted,Object notstarted,Object notstarted,Object notstarted,Object notstarted,Object notstarted,Object notstarted,Object notstarted
2024-03-18 10:33:14,561.561,__main___datalogs,INFO,JoyConState.USE_SNS,-6.587500,12.362500,-184.640000,4.302716,0.003509,0.013427,0.023650,2.723454,0.000000,0.000000,0.000000,0,0,0,0,0,0,0,0,0,0,0,0.045257568359375,-0.004302978515625,-0.202731,-0.202731,59.999992,-19.79727,-19.79727,-19.79727,-19.79727,-0.202731,Object notstarted,Object notstarted,Object notstarted,Object notstarted,Object notstarted,Object notstarted,Object notstarted,Object notstarted,Object notstarted
2024-03-18 10:33:14,669.669,__main___datalogs,INFO,JoyConState.USE_SNS,-6.587500,12.362500,-184.640000,4.195606,0.000153,0.014648,0.026701,2.755470,0.000000,0.000000,0.000000,0,0,0,0,0,0,0,0,0,0,0,0.045257568359375,-0.004302978515625,-0.10101476,-0.10101476,59.999992,-19.898985,-19.898985,-19.898985,-19.898985,-0.10101476,Object notstarted,Object notstarted,Object notstarted,Object notstarted,Object notstarted,Object notstarted,Object notstarted,Object notstarted,Object notstarted
2024-03-18 10:33:14,794.794,__main___datalogs,INFO,JoyConState.USE_SNS,-6.587500,12.362500,-184.640000,4.542875,0.004425,0.012511,0.023345,2.787487,0.000000,0.000000,0.000000,0,0,0,0,0,0,0,0,0,0,0,0.045257568359375,-0.004302978515625,-0.050332617,-0.050332617,59.999992,-19.949669,-19.949669,-19.949669,-19.949669,-0.050332617,Object notstarted,Object notstarted,Object notstarted,Object notstarted,Object notstarted,Object notstarted,Object notstarted,Object notstarted,Object notstarted
2024-03-18 10:33:14,906.906,__main___datalogs,INFO,JoyConState.USE_SNS,-6.587500,12.362500,-184.640000,4.314007,0.004425,0.012817,0.022582,2.819507,0.000000,0.000000,0.000000,0,0,0,0,0,0,0,0,0,0,0,0.045257568359375,-0.004302978515625,-0.025079228,-0.025079228,59.999992,-19.974922,-19.974922,-19.974922,-19.974922,-0.025079228,Object notstarted,Object notstarted,Object notstarted,Object notstarted,Object notstarted,Object notstarted,Object notstarted,Object notstarted,Object notstarted
2024-03-18 10:33:15,029.029,__main___datalogs,INFO,JoyConState.USE_SNS,-6.587500,12.362500,-184.640000,4.770064,0.005340,0.009460,0.023955,2.851529,0.000000,0.000000,0.000000,0,0,0,0,0,0,0,0,0,0,0,0.045257568359375,-0.004302978515625,-0.012496226,-0.012496226,59.999992,-19.987505,-19.987505,-19.987505,-19.987505,-0.012496226,Object notstarted,Object notstarted,Object notstarted,Object notstarted,Object notstarted,Object notstarted,Object notstarted,Object notstarted,Object notstarted
2024-03-18 10:33:15,135.135,__main___datalogs,INFO,JoyConState.USE_SNS,-6.587500,12.362500,-184.640000,4.649222,0.004272,0.009307,0.024870,2.883553,0.000000,0.000000,0.000000,0,0,0,0,0,0,0,0,0,0,0,0.045257568359375,-0.004302978515625,-0.0062264935,-0.0062264935,59.999992,-19.993774,-19.993774,-19.993774,-19.993774,-0.0062264935,Object notstarted,Object notstarted,Object notstarted,Object notstarted,Object notstarted,Object notstarted,Object notstarted,Object notstarted,Object notstarted
2024-03-18 10:33:15,260.260,__main___datalogs,INFO,JoyConState.USE_SNS,-6.587500,12.362500,-184.640000,4.874733,0.007324,0.015105,0.025023,2.915579,0.000000,0.000000,0.000000,0,0,0,0,0,0,0,0,0,0,0,0.045257568359375,-0.004302978515625,-0.0031024744,-0.0031024744,59.999992,-19.996899,-19.996899,-19.996899,-19.996899,-0.0031024744,Object notstarted,Object notstarted,Object notstarted,Object notstarted,Object notstarted,Object notstarted,Object notstarted,Object notstarted,Object notstarted
2024-03-18 10:33:15,399.399,__main___datalogs,INFO,JoyConState.USE_SNS,-6.587500,12.362500,-184.640000,4.990693,0.000916,0.012664,0.027312,2.947607,0.000000,0.000000,0.000000,0,0,0,0,0,0,0,0,0,0,0,0.045257568359375,-0.004302978515625,-0.0015458696,-0.0015458696,59.999992,-19.998455,-19.998455,-19.998455,-19.998455,-0.0015458696,Object notstarted,Object notstarted,Object notstarted,Object notstarted,Object notstarted,Object notstarted,Object notstarted,Object notstarted,Object notstarted
2024-03-18 10:33:15,506.506,__main___datalogs,INFO,JoyConState.USE_SNS,-6.587500,12.362500,-184.640000,4.664327,0.004730,0.012511,0.024565,2.979637,0.000000,0.000000,0.000000,0,0,0,0,0,0,0,0,0,0,0,0.045257568359375,-0.004302978515625,-10.035372,-10.035372,59.999992,-9.964629,-9.964629,-9.964629,-9.964629,-10.035372,Object notstarted,Object notstarted,Object notstarted,Object notstarted,Object notstarted,Object notstarted,Object notstarted,Object notstarted,Object notstarted
2024-03-18 10:33:15,613.613,__main___datalogs,INFO,JoyConState.USE_SNS,-6.587500,12.362500,-184.640000,4.699268,0.006561,0.011596,0.027006,3.011669,0.000000,0.000000,0.000000,0,0,0,0,0,0,0,0,0,0,0,0.045257568359375,-0.004302978515625,-5.0003242,-5.0003242,59.999992,-14.999677,-14.999677,-14.999677,-14.999677,-5.0003242,Object notstarted,Object notstarted,Object notstarted,Object notstarted,Object notstarted,Object notstarted,Object notstarted,Object notstarted,Object notstarted
2024-03-18 10:33:15,737.737,__main___datalogs,INFO,JoyConState.USE_SNS,-6.587500,12.362500,-184.640000,4.493897,0.004730,0.013885,0.027159,3.043704,0.000000,0.000000,0.000000,0,0,0,0,0,0,0,0,0,0,0,0.045257568359375,-0.004302978515625,-2.491511,-2.491511,59.999992,-17.50849,-17.50849,-17.50849,-17.50849,-2.491511,Object notstarted,Object notstarted,Object notstarted,Object notstarted,Object notstarted,Object notstarted,Object notstarted,Object notstarted,Object notstarted
2024-03-18 10:33:15,878.878,__main___datalogs,INFO,JoyConState.USE_SNS,-6.587500,12.362500,-184.640000,4.789289,0.005493,0.012206,0.025023,3.075741,0.000000,0.000000,0.000000,0,0,0,0,0,0,0,0,0,0,0,0.045257568359375,-0.004302978515625,-5.3936944,-5.3936944,59.999992,-14.606307,-14.606307,-14.606307,-14.606307,-5.3936944,Object notstarted,Object notstarted,Object notstarted,Object notstarted,Object notstarted,Object notstarted,Object notstarted,Object notstarted,Object notstarted
2024-03-18 10:33:16,000.000,__main___datalogs,INFO,JoyConState.USE_SNS,-6.587500,12.362500,-184.640000,5.222918,0.005951,0.011901,0.027159,3.107780,0.000000,0.000000,0.000000,0,0,0,0,0,0,0,0,0,0,0,0.045257568359375,-0.004302978515625,-2.6875155,-2.6875155,59.999992,-17.312485,-17.312485,-17.312485,-17.312485,-2.6875155,Object notstarted,Object notstarted,Object notstarted,Object notstarted,Object notstarted,Object notstarted,Object notstarted,Object notstarted,Object notstarted
2024-03-18 10:33:16,124.124,__main___datalogs,INFO,JoyConState.USE_SNS,-6.587500,12.362500,-184.640000,5.424016,0.005340,0.014800,0.026701,3.139820,0.000000,0.000000,0.000000,0,0,0,0,0,0,0,0,0,0,0,0.045257568359375,-0.004302978515625,-5.4913573,-5.4913573,59.999992,-14.508643,-14.508643,-14.508643,-14.508643,-5.4913573,Object notstarted,Object notstarted,Object notstarted,Object notstarted,Object notstarted,Object notstarted,Object notstarted,Object notstarted,Object notstarted
2024-03-18 10:33:16,231.231,__main___datalogs,INFO,JoyConState.USE_SNS,-6.587500,12.362500,-184.640000,4.933781,0.005951,0.015716,0.024870,3.171862,0.000000,0.000000,0.000000,0,0,0,0,0,0,0,0,0,0,0,0.045257568359375,-0.004302978515625,-2.7361782,-2.7361782,59.999992,-17.263823,-17.263823,-17.263823,-17.263823,-2.7361782,Object notstarted,Object notstarted,Object notstarted,Object notstarted,Object notstarted,Object notstarted,Object notstarted,Object notstarted,Object notstarted
2024-03-18 10:33:16,360.360,__main___datalogs,INFO,JoyConState.USE_SNS,-6.587500,12.362500,-184.640000,4.946903,0.006866,0.014953,0.026549,3.203905,0.000000,0.000000,0.000000,0,0,0,0,0,0,0,0,0,0,0,0.045257568359375,-0.004302978515625,-1.3633553,-1.3633553,59.999992,-18.636646,-18.636646,-18.636646,-18.636646,-1.3633553,Object notstarted,Object notstarted,Object notstarted,Object notstarted,Object notstarted,Object notstarted,Object notstarted,Object notstarted,Object notstarted
2024-03-18 10:33:16,467.467,__main___datalogs,INFO,JoyConState.USE_SNS,-6.587500,12.362500,-184.640000,4.904333,0.005951,0.012359,0.027159,3.235949,0.000000,0.000000,0.000000,0,0,0,0,0,0,0,0,0,0,0,0.045257568359375,-0.004302978515625,-0.6793189,-0.6793189,59.999992,-19.320683,-19.320683,-19.320683,-19.320683,-0.6793189,Object notstarted,Object notstarted,Object notstarted,Object notstarted,Object notstarted,Object notstarted,Object notstarted,Object notstarted,Object notstarted
2024-03-18 10:33:16,575.575,__main___datalogs,INFO,JoyConState.USE_SNS,-6.587500,12.362500,-184.640000,5.069118,0.005951,0.012969,0.020598,3.267993,0.000000,0.000000,0.000000,0,0,0,0,0,0,0,0,0,0,0,0.045257568359375,-0.004302978515625,-0.3384842,-0.3384842,59.999992,-19.661516,-19.661516,-19.661516,-19.661516,-0.3384842,Object notstarted,Object notstarted,Object notstarted,Object notstarted,Object notstarted,Object notstarted,Object notstarted,Object notstarted,Object notstarted
2024-03-18 10:33:16,698.698,__main___datalogs,INFO,JoyConState.USE_SNS,-6.587500,12.362500,-184.640000,4.629539,0.005035,0.012817,0.024260,3.300037,0.000000,0.000000,0.000000,0,0,0,0,0,0,0,0,0,0,0,0.045257568359375,-0.004302978515625,-0.1686565,-0.1686565,59.999992,-19.831345,-19.831345,-19.831345,-19.831345,-0.1686565,Object notstarted,Object notstarted,Object notstarted,Object notstarted,Object notstarted,Object notstarted,Object notstarted,Object notstarted,Object notstarted
2024-03-18 10:33:16,807.807,__main___datalogs,INFO,JoyConState.USE_SNS,-6.587500,12.362500,-184.640000,4.749924,0.006256,0.012359,0.025023,3.332081,0.000000,0.000000,0.000000,0,0,0,0,0,0,0,0,0,0,0,0.045257568359375,-0.004302978515625,-0.08403646,-0.08403646,59.999992,-19.915964,-19.915964,-19.915964,-19.915964,-0.08403646,Object notstarted,Object notstarted,Object notstarted,Object notstarted,Object notstarted,Object notstarted,Object notstarted,Object notstarted,Object notstarted
2024-03-18 10:33:16,915.915,__main___datalogs,INFO,JoyConState.USE_SNS,-6.587500,12.362500,-184.640000,5.089411,0.005798,0.012054,0.027006,3.364126,0.000000,0.000000,0.000000,0,0,0,0,0,0,0,0,0,0,0,0.045257568359375,-0.004302978515625,-0.04187284,-0.04187284,59.999992,-19.958128,-19.958128,-19.958128,-19.958128,-0.04187284,Object notstarted,Object notstarted,Object notstarted,Object notstarted,Object notstarted,Object notstarted,Object notstarted,Object notstarted,Object notstarted
2024-03-18 10:33:17,021.021,__main___datalogs,INFO,JoyConState.USE_SNS,-6.587500,12.362500,-184.640000,4.843454,0.007019,0.014495,0.026701,3.396172,0.000000,0.000000,0.000000,0,0,0,0,0,0,0,0,0,0,0,0.045257568359375,-0.004302978515625,-0.020863978,-0.020863978,59.999992,-19.979137,-19.979137,-19.979137,-19.979137,-0.020863978,Object notstarted,Object notstarted,Object notstarted,Object notstarted,Object notstarted,Object notstarted,Object notstarted,Object notstarted,Object notstarted
2024-03-18 10:33:17,145.145,__main___datalogs,INFO,JoyConState.USE_SNS,-6.587500,12.362500,-184.640000,5.592310,0.004730,0.014648,0.027312,3.428218,0.000000,0.000000,0.000000,0,0,0,0,0,0,0,0,0,0,0,0.045257568359375,-0.004302978515625,-0.010395893,-0.010395893,59.999992,-19.989605,-19.989605,-19.989605,-19.989605,-0.010395893,Object notstarted,Object notstarted,Object notstarted,Object notstarted,Object notstarted,Object notstarted,Object notstarted,Object notstarted,Object notstarted
2024-03-18 10:33:17,252.252,__main___datalogs,INFO,JoyConState.USE_SNS,-6.587500,12.362500,-184.640000,5.144492,0.005340,0.012511,0.024260,3.460265,0.000000,0.000000,0.000000,0,0,0,0,0,0,0,0,0,0,0,0.045257568359375,-0.004302978515625,-10.039782,-10.039782,59.999992,-9.960218,-9.960218,-9.960218,-9.960218,-10.039782,Object notstarted,Object notstarted,Object notstarted,Object notstarted,Object notstarted,Object notstarted,Object notstarted,Object notstarted,Object notstarted
2024-03-18 10:33:17,394.394,__main___datalogs,INFO,JoyConState.USE_SNS,-6.587500,12.362500,-184.640000,5.347574,0.004425,0.014037,0.025633,3.492312,0.000000,0.000000,0.000000,0,0,0,0,0,0,0,0,0,0,0,0.045257568359375,-0.004302978515625,-5.0025215,-5.0025215,59.999992,-14.997479,-14.997479,-14.997479,-14.997479,-5.0025215,Object notstarted,Object notstarted,Object notstarted,Object notstarted,Object notstarted,Object notstarted,Object notstarted,Object notstarted,Object notstarted
2024-03-18 10:33:17,505.505,__main___datalogs,INFO,JoyConState.USE_SNS,-6.587500,12.362500,-184.640000,5.297681,0.004425,0.012664,0.025328,3.524360,0.000000,0.000000,0.000000,0,0,0,0,0,0,0,0,0,0,0,0.045257568359375,-0.004302978515625,-2.4926062,-2.4926062,59.999992,-17.507395,-17.507395,-17.507395,-17.507395,-2.4926062,Object notstarted,Object notstarted,Object notstarted,Object notstarted,Object notstarted,Object notstarted,Object notstarted,Object notstarted,Object notstarted
2024-03-18 10:33:17,627.627,__main___datalogs,INFO,JoyConState.USE_SNS,-6.587500,12.362500,-184.640000,5.147544,0.004425,0.012511,0.026854,3.556408,0.000000,0.000000,0.000000,0,0,0,0,0,0,0,0,0,0,0,0.045257568359375,-0.004302978515625,-1.2419907,-1.2419907,59.999992,-18.758009,-18.758009,-18.758009,-18.758009,-1.2419907,Object notstarted,Object notstarted,Object notstarted,Object notstarted,Object notstarted,Object notstarted,Object notstarted,Object notstarted,Object notstarted
2024-03-18 10:33:17,751.751,__main___datalogs,INFO,JoyConState.USE_SNS,-6.587500,12.362500,-184.640000,5.034330,0.003204,0.012206,0.026396,3.588457,0.000000,0.000000,0.000000,0,0,0,0,0,0,0,0,0,0,0,0.045257568359375,-0.004302978515625,-0.6188466,-0.6188466,59.999992,-19.381153,-19.381153,-19.381153,-19.381153,-0.6188466,Object notstarted,Object notstarted,Object notstarted,Object notstarted,Object notstarted,Object notstarted,Object notstarted,Object notstarted,Object notstarted
2024-03-18 10:33:17,875.875,__main___datalogs,INFO,JoyConState.USE_SNS,-6.587500,12.362500,-184.640000,5.232072,0.004425,0.013274,0.024870,3.620505,0.000000,0.000000,0.000000,0,0,0,0,0,0,0,0,0,0,0,0.045257568359375,-0.004302978515625,-0.30835265,-0.30835265,59.999992,-19.691647,-19.691647,-19.691647,-19.691647,-0.30835265,Object notstarted,Object notstarted,Object notstarted,Object notstarted,Object notstarted,Object notstarted,Object notstarted,Object notstarted,Object notstarted
2024-03-18 10:33:17,981.981,__main___datalogs,INFO,JoyConState.USE_SNS,-6.587500,12.362500,-184.640000,5.072627,0.004730,0.012359,0.025786,3.652553,0.000000,0.000000,0.000000,0,0,0,0,0,0,0,0,0,0,0,0.045257568359375,-0.004302978515625,-0.15364285,-0.15364285,59.999992,-19.846357,-19.846357,-19.846357,-19.846357,-0.15364285,Object notstarted,Object notstarted,Object notstarted,Object notstarted,Object notstarted,Object notstarted,Object notstarted,Object notstarted,Object notstarted
2024-03-18 10:33:18,121.121,__main___datalogs,INFO,JoyConState.USE_SNS,-6.587500,12.362500,-184.640000,5.323009,0.005035,0.012511,0.026396,3.684602,0.000000,0.000000,0.000000,0,0,0,0,0,0,0,0,0,0,0,0.045257568359375,-0.004302978515625,-0.07655561,-0.07655561,59.999992,-19.923445,-19.923445,-19.923445,-19.923445,-0.07655561,Object notstarted,Object notstarted,Object notstarted,Object notstarted,Object notstarted,Object notstarted,Object notstarted,Object notstarted,Object notstarted
2024-03-18 10:33:18,229.229,__main___datalogs,INFO,JoyConState.USE_SNS,-6.587500,12.362500,-184.640000,5.113366,0.004883,0.007782,0.020446,3.716651,0.000000,0.000000,0.000000,0,0,0,0,0,0,0,0,0,0,0,0.045257568359375,-0.004302978515625,-0.038145356,-0.038145356,59.999992,-19.961855,-19.961855,-19.961855,-19.961855,-0.038145356,Object notstarted,Object notstarted,Object notstarted,Object notstarted,Object notstarted,Object notstarted,Object notstarted,Object notstarted,Object notstarted
2024-03-18 10:33:18,321.321,__main___datalogs,INFO,JoyConState.USE_SNS,-6.587500,12.362500,-184.640000,5.634880,0.007629,0.012511,0.025938,3.748701,0.000000,0.000000,0.000000,0,0,0,0,0,0,0,0,0,0,0,0.045257568359375,-0.004302978515625,-0.019006683,-0.019006683,59.999992,-19.980993,-19.980993,-19.980993,-19.980993,-0.019006683,Object notstarted,Object notstarted,Object notstarted,Object notstarted,Object notstarted,Object notstarted,Object notstarted,Object notstarted,Object notstarted
2024-03-18 10:33:18,428.428,__main___datalogs,INFO,JoyConState.USE_SNS,-6.587500,12.362500,-184.640000,5.390296,0.005035,0.011749,0.024565,3.780752,0.000000,0.000000,0.000000,0,0,0,0,0,0,0,0,0,0,0,0.045257568359375,-0.004302978515625,-0.009470458,-0.009470458,59.999992,-19.99053,-19.99053,-19.99053,-19.99053,-0.009470458,Object notstarted,Object notstarted,Object notstarted,Object notstarted,Object notstarted,Object notstarted,Object notstarted,Object notstarted,Object notstarted
2024-03-18 10:33:18,524.524,__main___datalogs,INFO,JoyConState.USE_SNS,-6.587500,12.362500,-184.640000,5.212237,0.005340,0.016326,0.026549,3.812804,0.000000,0.000000,0.000000,0,0,0,0,0,0,0,0,0,0,0,0.045257568359375,-0.004302978515625,-0.0047188443,-0.0047188443,59.999992,-19.995281,-19.995281,-19.995281,-19.995281,-0.0047188443,Object notstarted,Object notstarted,Object notstarted,Object notstarted,Object notstarted,Object notstarted,Object notstarted,Object notstarted,Object notstarted
2024-03-18 10:33:18,651.651,__main___datalogs,INFO,JoyConState.USE_SNS,-6.587500,12.362500,-184.640000,4.984590,0.004120,0.015105,0.026396,3.844857,0.000000,0.000000,0.000000,0,0,0,0,0,0,0,0,0,0,0,0.045257568359375,-0.004302978515625,-0.0023512582,-0.0023512582,59.999992,-19.99765,-19.99765,-19.99765,-19.99765,-0.0023512582,Object notstarted,Object notstarted,Object notstarted,Object notstarted,Object notstarted,Object notstarted,Object notstarted,Object notstarted,Object notstarted
2024-03-18 10:33:18,776.776,__main___datalogs,INFO,JoyConState.USE_SNS,-6.587500,12.362500,-184.640000,5.490998,0.004272,0.012817,0.021971,3.876910,0.000000,0.000000,0.000000,0,0,0,0,0,0,0,0,0,0,0,0.045257568359375,-0.004302978515625,-0.0011715612,-0.0011715612,59.999992,-19.998829,-19.998829,-19.998829,-19.998829,-0.0011715612,Object notstarted,Object notstarted,Object notstarted,Object notstarted,Object notstarted,Object notstarted,Object notstarted,Object notstarted,Object notstarted
2024-03-18 10:33:18,904.904,__main___datalogs,INFO,JoyConState.USE_SNS,-6.587500,12.362500,-184.640000,5.665395,0.004425,0.012359,0.021514,3.908964,0.000000,0.000000,0.000000,0,0,0,0,0,0,0,0,0,0,0,0.045257568359375,-0.004302978515625,-0.0005837537,-0.0005837537,59.999992,-19.999416,-19.999416,-19.999416,-19.999416,-0.0005837537,Object notstarted,Object notstarted,Object notstarted,Object notstarted,Object notstarted,Object notstarted,Object notstarted,Object notstarted,Object notstarted
2024-03-18 10:33:19,030.030,__main___datalogs,INFO,JoyConState.USE_SNS,-6.587500,12.362500,-184.640000,5.657461,0.005035,0.015411,0.025328,3.941019,0.000000,0.000000,0.000000,0,0,0,0,0,0,0,0,0,0,0,0.045257568359375,-0.004302978515625,-0.0002908669,-0.0002908669,59.999992,-19.99971,-19.99971,-19.99971,-19.99971,-0.0002908669,Object notstarted,Object notstarted,Object notstarted,Object notstarted,Object notstarted,Object notstarted,Object notstarted,Object notstarted,Object notstarted
2024-03-18 10:33:19,170.170,__main___datalogs,INFO,JoyConState.USE_SNS,-6.587500,12.362500,-184.640000,5.495118,0.004425,0.012359,0.027006,3.973074,0.000000,0.000000,0.000000,0,0,0,0,0,0,0,0,0,0,0,0.045257568359375,-0.004302978515625,-0.00014493024,-0.00014493024,59.999992,-19.999855,-19.999855,-19.999855,-19.999855,-0.00014493024,Object notstarted,Object notstarted,Object notstarted,Object notstarted,Object notstarted,Object notstarted,Object notstarted,Object notstarted,Object notstarted
2024-03-18 10:33:19,278.278,__main___datalogs,INFO,JoyConState.USE_SNS,-6.587500,12.362500,-184.640000,5.323772,0.005951,0.012664,0.026854,4.005129,0.000000,0.000000,0.000000,0,0,0,0,0,0,0,0,0,0,0,0.045257568359375,-0.004302978515625,-7.2214374e-05,-7.2214374e-05,59.999992,-19.999928,-19.999928,-19.999928,-19.999928,-7.2214374e-05,Object notstarted,Object notstarted,Object notstarted,Object notstarted,Object notstarted,Object notstarted,Object notstarted,Object notstarted,Object notstarted
2024-03-18 10:33:19,385.385,__main___datalogs,INFO,JoyConState.USE_SNS,-6.587500,12.362500,-184.640000,5.503357,0.004425,0.012206,0.027312,4.037185,0.000000,0.000000,0.000000,0,0,0,0,0,0,0,0,0,0,0,0.045257568359375,-0.004302978515625,-3.598225e-05,-3.598225e-05,59.999992,-19.999966,-19.999966,-19.999966,-19.999966,-3.598225e-05,Object notstarted,Object notstarted,Object notstarted,Object notstarted,Object notstarted,Object notstarted,Object notstarted,Object notstarted,Object notstarted
2024-03-18 10:33:19,508.508,__main___datalogs,INFO,JoyConState.USE_SNS,-6.587500,12.362500,-184.640000,4.957431,0.004730,0.012664,0.027159,4.069239,0.000000,0.000000,0.000000,0,0,0,0,0,0,0,0,0,0,0,0.045257568359375,-0.004302978515625,-10.03462,-10.03462,59.999992,-9.965382,-9.965382,-9.965382,-9.965382,-10.03462,Object notstarted,Object notstarted,Object notstarted,Object notstarted,Object notstarted,Object notstarted,Object notstarted,Object notstarted,Object notstarted
2024-03-18 10:33:19,615.615,__main___datalogs,INFO,JoyConState.USE_SNS,-6.587500,12.362500,-184.640000,5.435002,0.004425,0.011749,0.025023,4.101294,0.000000,0.000000,0.000000,0,0,0,0,0,0,0,0,0,0,0,0.045257568359375,-0.004302978515625,-15.034552,-15.034552,59.999992,-4.96545,-4.96545,-4.96545,-4.96545,-15.034552,Object notstarted,Object notstarted,Object notstarted,Object notstarted,Object notstarted,Object notstarted,Object notstarted,Object notstarted,Object notstarted
2024-03-18 10:33:19,723.723,__main___datalogs,INFO,JoyConState.USE_SNS,-6.587500,12.362500,-184.640000,5.568203,0.005798,0.012511,0.026549,4.133347,0.000000,0.000000,0.000000,0,0,0,0,0,0,0,0,0,0,0,0.045257568359375,-0.004302978515625,-7.491265,-7.491265,59.999992,-12.508737,-12.508737,-12.508737,-12.508737,-7.491265,Object notstarted,Object notstarted,Object notstarted,Object notstarted,Object notstarted,Object notstarted,Object notstarted,Object notstarted,Object notstarted
2024-03-18 10:33:19,830.830,__main___datalogs,INFO,JoyConState.USE_SNS,-6.587500,12.362500,-184.640000,5.505035,0.005798,0.015868,0.023955,4.165401,0.000000,0.000000,0.000000,0,0,0,0,0,0,0,0,0,0,0,0.045257568359375,-0.004302978515625,-3.732672,-3.732672,59.999992,-16.26733,-16.26733,-16.26733,-16.26733,-3.732672,Object notstarted,Object notstarted,Object notstarted,Object notstarted,Object notstarted,Object notstarted,Object notstarted,Object notstarted,Object notstarted
2024-03-18 10:33:19,954.954,__main___datalogs,INFO,JoyConState.USE_SNS,-6.587500,12.362500,-184.640000,5.747025,0.006103,0.012664,0.025786,4.197454,0.000000,0.000000,0.000000,0,0,0,0,0,0,0,0,0,0,0,0.045257568359375,-0.004302978515625,-1.8598782,-1.8598782,59.999992,-18.140121,-18.140121,-18.140121,-18.140121,-1.8598782,Object notstarted,Object notstarted,Object notstarted,Object notstarted,Object notstarted,Object notstarted,Object notstarted,Object notstarted,Object notstarted
2024-03-18 10:33:20,077.077,__main___datalogs,INFO,JoyConState.USE_SNS,-6.587500,12.362500,-184.640000,6.147086,0.004730,0.010986,0.026244,4.229506,0.000000,0.000000,0.000000,0,0,0,0,0,0,0,0,0,0,0,0.045257568359375,-0.004302978515625,-0.9267214,-0.9267214,59.999992,-19.07328,-19.07328,-19.07328,-19.07328,-0.9267214,Object notstarted,Object notstarted,Object notstarted,Object notstarted,Object notstarted,Object notstarted,Object notstarted,Object notstarted,Object notstarted
2024-03-18 10:33:20,203.203,__main___datalogs,INFO,JoyConState.USE_SNS,-6.587500,12.362500,-184.640000,5.712084,0.004730,0.010070,0.024870,4.261557,0.000000,0.000000,0.000000,0,0,0,0,0,0,0,0,0,0,0,0.045257568359375,-0.004302978515625,-0.4617574,-0.4617574,59.999992,-19.538242,-19.538242,-19.538242,-19.538242,-0.4617574,Object notstarted,Object notstarted,Object notstarted,Object notstarted,Object notstarted,Object notstarted,Object notstarted,Object notstarted,Object notstarted
2024-03-18 10:33:20,326.326,__main___datalogs,INFO,JoyConState.USE_SNS,-6.587500,12.362500,-184.640000,5.693470,0.005035,0.011901,0.026701,4.293609,0.000000,0.000000,0.000000,0,0,0,0,0,0,0,0,0,0,0,0.045257568359375,-0.004302978515625,-0.23007981,-0.23007981,59.999992,-19.76992,-19.76992,-19.76992,-19.76992,-0.23007981,Object notstarted,Object notstarted,Object notstarted,Object notstarted,Object notstarted,Object notstarted,Object notstarted,Object notstarted,Object notstarted
2024-03-18 10:33:20,450.450,__main___datalogs,INFO,JoyConState.USE_SNS,-6.587500,12.362500,-184.640000,6.019835,0.007629,0.012664,0.027006,4.325661,0.000000,0.000000,0.000000,0,0,0,0,0,0,0,0,0,0,0,0.045257568359375,-0.004302978515625,-0.11464185,-0.11464185,59.999992,-19.885359,-19.885359,-19.885359,-19.885359,-0.11464185,Object notstarted,Object notstarted,Object notstarted,Object notstarted,Object notstarted,Object notstarted,Object notstarted,Object notstarted,Object notstarted
2024-03-18 10:33:20,566.566,__main___datalogs,INFO,JoyConState.USE_SNS,-6.587500,12.362500,-184.640000,5.729936,0.004578,0.014953,0.024870,4.357714,0.000000,0.000000,0.000000,0,0,0,0,0,0,0,0,0,0,0,0.045257568359375,-0.004302978515625,-0.057122584,-0.057122584,59.999992,-19.942879,-19.942879,-19.942879,-19.942879,-0.057122584,Object notstarted,Object notstarted,Object notstarted,Object notstarted,Object notstarted,Object notstarted,Object notstarted,Object notstarted,Object notstarted
2024-03-18 10:33:20,675.675,__main___datalogs,INFO,JoyConState.USE_SNS,-6.587500,12.362500,-184.640000,5.693470,0.004730,0.013122,0.026701,4.389767,0.000000,0.000000,0.000000,0,0,0,0,0,0,0,0,0,0,0,0.045257568359375,-0.004302978515625,-0.028462466,-0.028462466,59.999992,-19.971539,-19.971539,-19.971539,-19.971539,-0.028462466,Object notstarted,Object notstarted,Object notstarted,Object notstarted,Object notstarted,Object notstarted,Object notstarted,Object notstarted,Object notstarted
2024-03-18 10:33:20,814.814,__main___datalogs,INFO,JoyConState.USE_SNS,-6.587500,12.362500,-184.640000,5.531126,0.004883,0.013122,0.024718,4.421821,0.000000,0.000000,0.000000,0,0,0,0,0,0,0,0,0,0,0,0.045257568359375,-0.004302978515625,-0.014181991,-0.014181991,59.999992,-19.985819,-19.985819,-19.985819,-19.985819,-0.014181991,Object notstarted,Object notstarted,Object notstarted,Object notstarted,Object notstarted,Object notstarted,Object notstarted,Object notstarted,Object notstarted
2024-03-18 10:33:20,920.920,__main___datalogs,INFO,JoyConState.USE_SNS,-6.587500,12.362500,-184.640000,5.725969,0.003815,0.015411,0.023955,4.453876,0.000000,0.000000,0.000000,0,0,0,0,0,0,0,0,0,0,0,0.045257568359375,-0.004302978515625,-0.0070664594,-0.0070664594,59.999992,-19.992935,-19.992935,-19.992935,-19.992935,-0.0070664594,Object notstarted,Object notstarted,Object notstarted,Object notstarted,Object notstarted,Object notstarted,Object notstarted,Object notstarted,Object notstarted
2024-03-18 10:33:21,043.043,__main___datalogs,INFO,JoyConState.USE_SNS,-6.587500,12.362500,-184.640000,5.529753,0.004120,0.013274,0.026244,4.485931,0.000000,0.000000,0.000000,0,0,0,0,0,0,0,0,0,0,0,0.045257568359375,-0.004302978515625,-0.0035210042,-0.0035210042,59.999992,-19.99648,-19.99648,-19.99648,-19.99648,-0.0035210042,Object notstarted,Object notstarted,Object notstarted,Object notstarted,Object notstarted,Object notstarted,Object notstarted,Object notstarted,Object notstarted
2024-03-18 10:33:21,171.171,__main___datalogs,INFO,JoyConState.USE_SNS,-6.587500,12.362500,-184.640000,5.358102,0.003815,0.012359,0.027159,4.517987,0.000000,0.000000,0.000000,0,0,0,0,0,0,0,0,0,0,0,0.045257568359375,-0.004302978515625,-0.0017544104,-0.0017544104,59.999992,-19.998247,-19.998247,-19.998247,-19.998247,-0.0017544104,Object notstarted,Object notstarted,Object notstarted,Object notstarted,Object notstarted,Object notstarted,Object notstarted,Object notstarted,Object notstarted
2024-03-18 10:33:21,298.298,__main___datalogs,INFO,JoyConState.USE_SNS,-6.587500,12.362500,-184.640000,5.613824,0.003204,0.012969,0.024108,4.550043,0.000000,0.000000,0.000000,0,0,0,0,0,0,0,0,0,0,0,0.045257568359375,-0.004302978515625,-0.00087417,-0.00087417,59.999992,-19.999126,-19.999126,-19.999126,-19.999126,-0.00087417,Object notstarted,Object notstarted,Object notstarted,Object notstarted,Object notstarted,Object notstarted,Object notstarted,Object notstarted,Object notstarted
2024-03-18 10:33:21,439.439,__main___datalogs,INFO,JoyConState.USE_SNS,-6.587500,12.362500,-184.640000,5.353219,0.005493,0.012359,0.027159,4.582100,0.000000,0.000000,0.000000,0,0,0,0,0,0,0,0,0,0,0,0.045257568359375,-0.004302978515625,-0.00043557258,-0.00043557258,59.999992,-19.999565,-19.999565,-19.999565,-19.999565,-0.00043557258,Object notstarted,Object notstarted,Object notstarted,Object notstarted,Object notstarted,Object notstarted,Object notstarted,Object notstarted,Object notstarted
2024-03-18 10:33:21,561.561,__main___datalogs,INFO,JoyConState.USE_SNS,-6.587500,12.362500,-184.640000,5.803174,0.001373,0.012817,0.027006,4.614156,0.000000,0.000000,0.000000,0,0,0,0,0,0,0,0,0,0,0,0.045257568359375,-0.004302978515625,-4.1524663,-4.1524663,59.999992,-15.847534,-15.847534,-15.847534,-15.847534,-4.1524663,Object notstarted,Object notstarted,Object notstarted,Object notstarted,Object notstarted,Object notstarted,Object notstarted,Object notstarted,Object notstarted
2024-03-18 10:33:21,699.699,__main___datalogs,INFO,JoyConState.USE_SNS,-6.587500,12.362500,-184.640000,6.059964,0.005798,0.010223,0.025786,4.646213,0.000000,0.000000,0.000000,0,0,0,0,0,0,0,0,0,0,0,0.045257568359375,-0.004302978515625,-2.0690491,-2.0690491,59.999992,-17.93095,-17.93095,-17.93095,-17.93095,-2.0690491,Object notstarted,Object notstarted,Object notstarted,Object notstarted,Object notstarted,Object notstarted,Object notstarted,Object notstarted,Object notstarted
2024-03-18 10:33:21,806.806,__main___datalogs,INFO,JoyConState.USE_SNS,-6.587500,12.362500,-184.640000,5.862374,0.005646,0.012969,0.025328,4.678269,0.000000,0.000000,0.000000,0,0,0,0,0,0,0,0,0,0,0,0.045257568359375,-0.004302978515625,-1.030945,-1.030945,59.999992,-18.969055,-18.969055,-18.969055,-18.969055,-1.030945,Object notstarted,Object notstarted,Object notstarted,Object notstarted,Object notstarted,Object notstarted,Object notstarted,Object notstarted,Object notstarted
2024-03-18 10:33:21,931.931,__main___datalogs,INFO,JoyConState.USE_SNS,-6.587500,12.362500,-184.640000,5.801038,0.004425,0.012511,0.023192,4.710325,0.000000,0.000000,0.000000,0,0,0,0,0,0,0,0,0,0,0,0.045257568359375,-0.004302978515625,-0.51368886,-0.51368886,59.999992,-19.486311,-19.486311,-19.486311,-19.486311,-0.51368886,Object notstarted,Object notstarted,Object notstarted,Object notstarted,Object notstarted,Object notstarted,Object notstarted,Object notstarted,Object notstarted
2024-03-18 10:33:22,055.055,__main___datalogs,INFO,JoyConState.USE_SNS,-6.587500,12.362500,-184.640000,5.604516,0.006866,0.014037,0.026701,4.742380,0.000000,0.000000,0.000000,0,0,0,0,0,0,0,0,0,0,0,0.045257568359375,-0.004302978515625,-0.2559557,-0.2559557,59.999992,-19.744045,-19.744045,-19.744045,-19.744045,-0.2559557,Object notstarted,Object notstarted,Object notstarted,Object notstarted,Object notstarted,Object notstarted,Object notstarted,Object notstarted,Object notstarted
2024-03-18 10:33:22,195.195,__main___datalogs,INFO,JoyConState.USE_SNS,-6.587500,12.362500,-184.640000,5.783033,0.004425,0.012969,0.025328,4.774434,0.000000,0.000000,0.000000,0,0,0,0,0,0,0,0,0,0,0,0.045257568359375,-0.004302978515625,-0.12753503,-0.12753503,59.999992,-19.872467,-19.872467,-19.872467,-19.872467,-0.12753503,Object notstarted,Object notstarted,Object notstarted,Object notstarted,Object notstarted,Object notstarted,Object notstarted,Object notstarted,Object notstarted
2024-03-18 10:33:22,305.305,__main___datalogs,INFO,JoyConState.USE_SNS,-6.587500,12.362500,-184.640000,6.045926,0.005188,0.015868,0.024718,4.806488,0.000000,0.000000,0.000000,0,0,0,0,0,0,0,0,0,0,0,0.045257568359375,-0.004302978515625,-0.06354687,-0.06354687,59.999992,-19.936455,-19.936455,-19.936455,-19.936455,-0.06354687,Object notstarted,Object notstarted,Object notstarted,Object notstarted,Object notstarted,Object notstarted,Object notstarted,Object notstarted,Object notstarted
2024-03-18 10:33:22,430.430,__main___datalogs,INFO,JoyConState.USE_SNS,-6.587500,12.362500,-184.640000,5.666463,0.001068,0.012817,0.026701,4.838542,0.000000,0.000000,0.000000,0,0,0,0,0,0,0,0,0,0,0,0.045257568359375,-0.004302978515625,-0.031663496,-0.031663496,59.999992,-19.968338,-19.968338,-19.968338,-19.968338,-0.031663496,Object notstarted,Object notstarted,Object notstarted,Object notstarted,Object notstarted,Object notstarted,Object notstarted,Object notstarted,Object notstarted
2024-03-18 10:33:22,554.554,__main___datalogs,INFO,JoyConState.USE_SNS,-6.587500,12.362500,-184.640000,5.592005,0.005951,0.012206,0.026396,4.870595,0.000000,0.000000,0.000000,0,0,0,0,0,0,0,0,0,0,0,0.045257568359375,-0.004302978515625,-0.015776968,-0.015776968,59.999992,-19.984222,-19.984222,-19.984222,-19.984222,-0.015776968,Object notstarted,Object notstarted,Object notstarted,Object notstarted,Object notstarted,Object notstarted,Object notstarted,Object notstarted,Object notstarted
2024-03-18 10:33:22,660.660,__main___datalogs,INFO,JoyConState.USE_SNS,-6.587500,12.362500,-184.640000,5.801190,0.004120,0.014953,0.026396,4.902648,0.000000,0.000000,0.000000,0,0,0,0,0,0,0,0,0,0,0,0.045257568359375,-0.004302978515625,-0.007861189,-0.007861189,59.999992,-19.992138,-19.992138,-19.992138,-19.992138,-0.007861189,Object notstarted,Object notstarted,Object notstarted,Object notstarted,Object notstarted,Object notstarted,Object notstarted,Object notstarted,Object notstarted
2024-03-18 10:33:22,802.802,__main___datalogs,INFO,JoyConState.USE_SNS,-6.587500,12.362500,-184.640000,6.143271,0.004883,0.016784,0.027464,4.934701,0.000000,0.000000,0.000000,0,0,0,0,0,0,0,0,0,0,0,0.045257568359375,-0.004302978515625,-5.88627,-5.88627,59.999992,-14.1137295,-14.1137295,-14.1137295,-14.1137295,-5.88627,Object notstarted,Object notstarted,Object notstarted,Object notstarted,Object notstarted,Object notstarted,Object notstarted,Object notstarted,Object notstarted
2024-03-18 10:33:22,944.944,__main___datalogs,INFO,JoyConState.USE_SNS,-6.587500,12.362500,-184.640000,5.783033,0.005340,0.012969,0.027159,4.966754,0.000000,0.000000,0.000000,0,0,0,0,0,0,0,0,0,0,0,0.045257568359375,-0.004302978515625,-12.967553,-12.967553,59.999992,-7.032447,-7.032447,-7.032447,-7.032447,-12.967553,Object notstarted,Object notstarted,Object notstarted,Object notstarted,Object notstarted,Object notstarted,Object notstarted,Object notstarted,Object notstarted
2024-03-18 10:33:23,050.050,__main___datalogs,INFO,JoyConState.USE_SNS,-6.587500,12.362500,-184.640000,6.058895,0.005035,0.013274,0.027312,4.998808,0.000000,0.000000,0.000000,0,0,0,0,0,0,0,0,0,0,0,0.045257568359375,-0.004302978515625,-16.495945,-16.495945,59.999992,-3.5040567,-3.5040567,-3.5040567,-3.5040567,-16.495945,Object notstarted,Object notstarted,Object notstarted,Object notstarted,Object notstarted,Object notstarted,Object notstarted,Object notstarted,Object notstarted
2024-03-18 10:33:23,175.175,__main___datalogs,INFO,JoyConState.USE_SNS,-6.587500,12.362500,-184.640000,5.860543,0.008239,0.010528,0.027464,5.030863,0.000000,0.000000,0.000000,0,0,0,0,0,0,0,0,0,0,0,0.045257568359375,-0.004302978515625,-18.254036,-18.254036,59.999992,-1.7459661,-1.7459661,-1.7459661,-1.7459661,-18.254036,Object notstarted,Object notstarted,Object notstarted,Object notstarted,Object notstarted,Object notstarted,Object notstarted,Object notstarted,Object notstarted
2024-03-18 10:33:23,288.288,__main___datalogs,INFO,JoyConState.USE_SNS,-6.587500,12.362500,-184.640000,5.861154,0.004120,0.012511,0.024107,5.062919,0.000000,0.000000,0.000000,0,0,0,0,0,0,0,0,0,0,0,0.045257568359375,-0.004302978515625,-19.13004,-19.13004,59.999992,-0.8699624,-0.8699624,-0.8699624,-0.8699624,-19.13004,Object notstarted,Object notstarted,Object notstarted,Object notstarted,Object notstarted,Object notstarted,Object notstarted,Object notstarted,Object notstarted
2024-03-18 10:33:23,411.411,__main___datalogs,INFO,JoyConState.USE_SNS,-6.587500,12.362500,-184.640000,5.790204,0.005798,0.008850,0.021819,5.094974,0.000000,0.000000,0.000000,0,0,0,0,0,0,0,0,0,0,0,0.045257568359375,-0.004302978515625,-19.566525,-19.566525,59.999992,-0.4334761,-0.4334761,-0.4334761,-0.4334761,-19.566525,Object notstarted,Object notstarted,Object notstarted,Object notstarted,Object notstarted,Object notstarted,Object notstarted,Object notstarted,Object notstarted
2024-03-18 10:33:23,535.535,__main___datalogs,INFO,JoyConState.USE_SNS,-6.587500,12.362500,-184.640000,5.666311,0.005035,0.012664,0.023345,5.127030,0.000000,0.000000,0.000000,0,0,0,0,0,0,0,0,0,0,0,0.045257568359375,-0.004302978515625,-9.749411,-9.749411,59.999992,-10.250589,-10.250589,-10.250589,-10.250589,-9.749411,Object notstarted,Object notstarted,Object notstarted,Object notstarted,Object notstarted,Object notstarted,Object notstarted,Object notstarted,Object notstarted
2024-03-18 10:33:23,643.643,__main___datalogs,INFO,JoyConState.USE_SNS,-6.587500,12.362500,-184.640000,5.946750,0.008087,0.012817,0.026701,5.159087,0.000000,0.000000,0.000000,0,0,0,0,0,0,0,0,0,0,0,0.045257568359375,-0.004302978515625,-4.857838,-4.857838,59.999992,-15.142162,-15.142162,-15.142162,-15.142162,-4.857838,Object notstarted,Object notstarted,Object notstarted,Object notstarted,Object notstarted,Object notstarted,Object notstarted,Object notstarted,Object notstarted
2024-03-18 10:33:23,762.762,__main___datalogs,INFO,JoyConState.USE_SNS,-6.587500,12.362500,-184.640000,6.182942,0.006103,0.012359,0.025176,5.191145,0.000000,0.000000,0.000000,0,0,0,0,0,0,0,0,0,0,0,0.045257568359375,-0.004302978515625,-2.4205146,-2.4205146,59.999992,-17.579487,-17.579487,-17.579487,-17.579487,-2.4205146,Object notstarted,Object notstarted,Object notstarted,Object notstarted,Object notstarted,Object notstarted,Object notstarted,Object notstarted,Object notstarted
2024-03-18 10:33:23,887.887,__main___datalogs,INFO,JoyConState.USE_SNS,-6.587500,12.362500,-184.640000,6.389838,0.006714,0.014190,0.024565,5.223203,0.000000,0.000000,0.000000,0,0,0,0,0,0,0,0,0,0,0,0.045257568359375,-0.004302978515625,-1.2060696,-1.2060696,59.999992,-18.793932,-18.793932,-18.793932,-18.793932,-1.2060696,Object notstarted,Object notstarted,Object notstarted,Object notstarted,Object notstarted,Object notstarted,Object notstarted,Object notstarted,Object notstarted
2024-03-18 10:33:24,010.010,__main___datalogs,INFO,JoyConState.USE_SNS,-6.587500,12.362500,-184.640000,6.243058,0.005493,0.013427,0.023650,5.255260,0.000000,0.000000,0.000000,0,0,0,0,0,0,0,0,0,0,0,0.045257568359375,-0.004302978515625,-0.6009482,-0.6009482,59.999992,-19.399054,-19.399054,-19.399054,-19.399054,-0.6009482,Object notstarted,Object notstarted,Object notstarted,Object notstarted,Object notstarted,Object notstarted,Object notstarted,Object notstarted,Object notstarted
2024-03-18 10:33:24,230.230,__main___datalogs,INFO,JoyConState.USE_SNS,-6.587500,12.362500,-184.640000,6.364510,0.004425,0.012511,0.026549,5.287316,0.000000,0.000000,0.000000,0,0,0,0,0,0,0,0,0,0,0,0.045257568359375,-0.004302978515625,-0.29943442,-0.29943442,59.999992,-19.700565,-19.700565,-19.700565,-19.700565,-0.29943442,Object notstarted,Object notstarted,Object notstarted,Object notstarted,Object notstarted,Object notstarted,Object notstarted,Object notstarted,Object notstarted
2024-03-18 10:33:24,357.357,__main___datalogs,INFO,JoyConState.USE_SNS,-6.587500,12.362500,-184.640000,6.380684,0.004425,0.012817,0.022887,5.319372,0.000000,0.000000,0.000000,0,0,0,0,0,0,0,0,0,0,0,0.045257568359375,-0.004302978515625,-0.14919916,-0.14919916,59.999992,-19.850801,-19.850801,-19.850801,-19.850801,-0.14919916,Object notstarted,Object notstarted,Object notstarted,Object notstarted,Object notstarted,Object notstarted,Object notstarted,Object notstarted,Object notstarted
2024-03-18 10:33:24,464.464,__main___datalogs,INFO,JoyConState.USE_SNS,-6.587500,12.362500,-184.640000,6.129844,0.004730,0.013122,0.026701,5.351428,0.000000,0.000000,0.000000,0,0,0,0,0,0,0,0,0,0,0,0.045257568359375,-0.004302978515625,-0.07434145,-0.07434145,59.999992,-19.92566,-19.92566,-19.92566,-19.92566,-0.07434145,Object notstarted,Object notstarted,Object notstarted,Object notstarted,Object notstarted,Object notstarted,Object notstarted,Object notstarted,Object notstarted
2024-03-18 10:33:24,604.604,__main___datalogs,INFO,JoyConState.USE_SNS,-6.587500,12.362500,-184.640000,6.214983,0.004883,0.012969,0.024870,5.383483,0.000000,0.000000,0.000000,0,0,0,0,0,0,0,0,0,0,0,0.045257568359375,-0.004302978515625,-0.03704211,-0.03704211,59.999992,-19.96296,-19.96296,-19.96296,-19.96296,-0.03704211,Object notstarted,Object notstarted,Object notstarted,Object notstarted,Object notstarted,Object notstarted,Object notstarted,Object notstarted,Object notstarted
2024-03-18 10:33:24,731.731,__main___datalogs,INFO,JoyConState.USE_SNS,-6.587500,12.362500,-184.640000,6.298901,0.000305,0.012359,0.026701,5.415537,0.000000,0.000000,0.000000,0,0,0,0,0,0,0,0,0,0,0,0.045257568359375,-0.004302978515625,-0.01845697,-0.01845697,59.999992,-19.981544,-19.981544,-19.981544,-19.981544,-0.01845697,Object notstarted,Object notstarted,Object notstarted,Object notstarted,Object notstarted,Object notstarted,Object notstarted,Object notstarted,Object notstarted
2024-03-18 10:33:24,858.858,__main___datalogs,INFO,JoyConState.USE_SNS,-6.587500,12.362500,-184.640000,5.969484,0.007171,0.014342,0.027159,5.447591,0.000000,0.000000,0.000000,0,0,0,0,0,0,0,0,0,0,0,0.045257568359375,-0.004302978515625,-0.009196552,-0.009196552,59.999992,-19.990805,-19.990805,-19.990805,-19.990805,-0.009196552,Object notstarted,Object notstarted,Object notstarted,Object notstarted,Object notstarted,Object notstarted,Object notstarted,Object notstarted,Object notstarted
2024-03-18 10:33:24,967.967,__main___datalogs,INFO,JoyConState.USE_SNS,-6.587500,12.362500,-184.640000,5.990083,0.008087,0.012664,0.024870,5.479645,0.000000,0.000000,0.000000,0,0,0,0,0,0,0,0,0,0,0,0.045257568359375,-0.004302978515625,-0.0045823655,-0.0045823655,59.999992,-19.995419,-19.995419,-19.995419,-19.995419,-0.0045823655,Object notstarted,Object notstarted,Object notstarted,Object notstarted,Object notstarted,Object notstarted,Object notstarted,Object notstarted,Object notstarted
2024-03-18 10:33:25,075.075,__main___datalogs,INFO,JoyConState.USE_SNS,-6.587500,12.362500,-184.640000,6.417150,0.005646,0.012054,0.026396,5.511698,0.000000,0.000000,0.000000,0,0,0,0,0,0,0,0,0,0,0,0.045257568359375,-0.004302978515625,-0.0022832549,-0.0022832549,59.999992,-19.997717,-19.997717,-19.997717,-19.997717,-0.0022832549,Object notstarted,Object notstarted,Object notstarted,Object notstarted,Object notstarted,Object notstarted,Object notstarted,Object notstarted,Object notstarted
2024-03-18 10:33:25,182.182,__main___datalogs,INFO,JoyConState.USE_SNS,-6.587500,12.362500,-184.640000,6.068660,0.004120,0.012206,0.026854,5.543751,0.000000,0.000000,0.000000,0,0,0,0,0,0,0,0,0,0,0,0.045257568359375,-0.004302978515625,-0.0011376772,-0.0011376772,59.999992,-19.998863,-19.998863,-19.998863,-19.998863,-0.0011376772,Object notstarted,Object notstarted,Object notstarted,Object notstarted,Object notstarted,Object notstarted,Object notstarted,Object notstarted,Object notstarted
2024-03-18 10:33:25,290.290,__main___datalogs,INFO,JoyConState.USE_SNS,-6.587500,12.362500,-184.640000,6.243058,0.005646,0.012511,0.026854,5.575804,0.000000,0.000000,0.000000,0,0,0,0,0,0,0,0,0,0,0,0.045257568359375,-0.004302978515625,-0.0005668703,-0.0005668703,59.999992,-19.999435,-19.999435,-19.999435,-19.999435,-0.0005668703,Object notstarted,Object notstarted,Object notstarted,Object notstarted,Object notstarted,Object notstarted,Object notstarted,Object notstarted,Object notstarted
2024-03-18 10:33:25,413.413,__main___datalogs,INFO,JoyConState.USE_SNS,-6.587500,12.362500,-184.640000,5.888160,0.004425,0.015563,0.025328,5.607857,0.000000,0.000000,0.000000,0,0,0,0,0,0,0,0,0,0,0,0.045257568359375,-0.004302978515625,-0.00028245442,-0.00028245442,59.999992,-19.999718,-19.999718,-19.999718,-19.999718,-0.00028245442,Object notstarted,Object notstarted,Object notstarted,Object notstarted,Object notstarted,Object notstarted,Object notstarted,Object notstarted,Object notstarted
2024-03-18 10:33:25,541.541,__main___datalogs,INFO,JoyConState.USE_SNS,-6.587500,12.362500,-184.640000,5.856576,0.005188,0.015411,0.026396,5.639912,0.000000,0.000000,0.000000,0,0,0,0,0,0,0,0,0,0,0,0.045257568359375,-0.004302978515625,-0.00014073854,-0.00014073854,59.999992,-19.999859,-19.999859,-19.999859,-19.999859,-0.00014073854,Object notstarted,Object notstarted,Object notstarted,Object notstarted,Object notstarted,Object notstarted,Object notstarted,Object notstarted,Object notstarted
2024-03-18 10:33:25,649.649,__main___datalogs,INFO,JoyConState.USE_SNS,-6.587500,12.362500,-184.640000,6.178975,0.005188,0.017089,0.024565,5.671966,0.000000,0.000000,0.000000,0,0,0,0,0,0,0,0,0,0,0,0.045257568359375,-0.004302978515625,-7.012578e-05,-7.012578e-05,59.999992,-19.999931,-19.999931,-19.999931,-19.999931,-7.012578e-05,Object notstarted,Object notstarted,Object notstarted,Object notstarted,Object notstarted,Object notstarted,Object notstarted,Object notstarted,Object notstarted
2024-03-18 10:33:25,805.805,__main___datalogs,INFO,JoyConState.USE_SNS,-6.587500,12.362500,-184.640000,6.431187,0.005188,0.013122,0.023650,5.704022,0.000000,0.000000,0.000000,0,0,0,0,0,0,0,0,0,0,0,0.045257568359375,-0.004302978515625,-3.4941568e-05,-3.4941568e-05,59.999992,-19.999966,-19.999966,-19.999966,-19.999966,-3.4941568e-05,Object notstarted,Object notstarted,Object notstarted,Object notstarted,Object notstarted,Object notstarted,Object notstarted,Object notstarted,Object notstarted
2024-03-18 10:33:25,926.926,__main___datalogs,INFO,JoyConState.USE_SNS,-6.587500,12.362500,-184.640000,5.967348,0.005340,0.012206,0.026854,5.736078,0.000000,0.000000,0.000000,0,0,0,0,0,0,0,0,0,0,0,0.045257568359375,-0.004302978515625,-1.7410332e-05,-1.7410332e-05,59.999992,-19.999985,-19.999985,-19.999985,-19.999985,-1.7410332e-05,Object notstarted,Object notstarted,Object notstarted,Object notstarted,Object notstarted,Object notstarted,Object notstarted,Object notstarted,Object notstarted
2024-03-18 10:33:26,033.033,__main___datalogs,INFO,JoyConState.USE_SNS,-6.587500,12.362500,-184.640000,6.209643,0.005493,0.012206,0.023497,5.768134,0.000000,0.000000,0.000000,0,0,0,0,0,0,0,0,0,0,0,0.045257568359375,-0.004302978515625,-8.675044e-06,-8.675044e-06,59.999992,-19.999992,-19.999992,-19.999992,-19.999992,-8.675044e-06,Object notstarted,Object notstarted,Object notstarted,Object notstarted,Object notstarted,Object notstarted,Object notstarted,Object notstarted,Object notstarted
2024-03-18 10:33:26,157.157,__main___datalogs,INFO,JoyConState.USE_SNS,-6.587500,12.362500,-184.640000,5.914556,0.005035,0.016021,0.026091,5.800191,0.000000,0.000000,0.000000,0,0,0,0,0,0,0,0,0,0,0,0.045257568359375,-0.004302978515625,-4.3225136e-06,-4.3225136e-06,59.999992,-19.999996,-19.999996,-19.999996,-19.999996,-4.3225136e-06,Object notstarted,Object notstarted,Object notstarted,Object notstarted,Object notstarted,Object notstarted,Object notstarted,Object notstarted,Object notstarted
2024-03-18 10:33:26,280.280,__main___datalogs,INFO,JoyConState.USE_SNS,-6.587500,12.362500,-184.640000,5.979402,0.000763,0.012664,0.025176,5.832247,0.000000,0.000000,0.000000,0,0,0,0,0,0,0,0,0,0,0,0.045257568359375,-0.004302978515625,-2.1537785e-06,-2.1537785e-06,59.999992,-19.999996,-19.999996,-19.999996,-19.999996,-2.1537785e-06,Object notstarted,Object notstarted,Object notstarted,Object notstarted,Object notstarted,Object notstarted,Object notstarted,Object notstarted,Object notstarted
2024-03-18 10:33:26,404.404,__main___datalogs,INFO,JoyConState.USE_SNS,-6.587500,12.362500,-184.640000,6.048062,0.003204,0.014953,0.027006,5.864304,0.000000,0.000000,0.000000,0,0,0,0,0,0,0,0,0,0,0,0.045257568359375,-0.004302978515625,-1.073163e-06,-1.073163e-06,59.999992,-19.999996,-19.999996,-19.999996,-19.999996,-1.073163e-06,Object notstarted,Object notstarted,Object notstarted,Object notstarted,Object notstarted,Object notstarted,Object notstarted,Object notstarted,Object notstarted
2024-03-18 10:33:26,512.512,__main___datalogs,INFO,JoyConState.USE_SNS,-6.587500,12.362500,-184.640000,5.988099,0.003509,0.015258,0.023345,5.896359,0.000000,0.000000,0.000000,0,0,0,0,0,0,0,0,0,0,0,0.045257568359375,-0.004302978515625,-5.347249e-07,-5.347249e-07,59.999992,-19.999996,-19.999996,-19.999996,-19.999996,-5.347249e-07,Object notstarted,Object notstarted,Object notstarted,Object notstarted,Object notstarted,Object notstarted,Object notstarted,Object notstarted,Object notstarted
2024-03-18 10:33:26,650.650,__main___datalogs,INFO,JoyConState.USE_SNS,-6.587500,12.362500,-184.640000,6.172261,0.004730,0.013274,0.027159,5.928414,0.000000,0.000000,0.000000,0,0,0,0,0,0,0,0,0,0,0,0.045257568359375,-0.004302978515625,-2.6643735e-07,-2.6643735e-07,59.999992,-19.999996,-19.999996,-19.999996,-19.999996,-2.6643735e-07,Object notstarted,Object notstarted,Object notstarted,Object notstarted,Object notstarted,Object notstarted,Object notstarted,Object notstarted,Object notstarted
2024-03-18 10:33:26,789.789,__main___datalogs,INFO,JoyConState.USE_SNS,-6.587500,12.362500,-184.640000,6.357797,0.004425,0.013885,0.026549,5.960470,0.000000,0.000000,0.000000,0,0,0,0,0,0,0,0,0,0,0,0.045257568359375,-0.004302978515625,-1.3275772e-07,-1.3275772e-07,59.999992,-19.999996,-19.999996,-19.999996,-19.999996,-1.3275772e-07,Object notstarted,Object notstarted,Object notstarted,Object notstarted,Object notstarted,Object notstarted,Object notstarted,Object notstarted,Object notstarted
2024-03-18 10:33:26,896.896,__main___datalogs,INFO,JoyConState.USE_SNS,-6.587500,12.362500,-184.640000,6.370461,0.005035,0.014495,0.025786,5.992524,0.000000,0.000000,0.000000,0,0,0,0,0,0,0,0,0,0,0,0.045257568359375,-0.004302978515625,-6.614918e-08,-6.614918e-08,59.999992,-19.999996,-19.999996,-19.999996,-19.999996,-6.614918e-08,Object notstarted,Object notstarted,Object notstarted,Object notstarted,Object notstarted,Object notstarted,Object notstarted,Object notstarted,Object notstarted
2024-03-18 10:33:27,021.021,__main___datalogs,INFO,JoyConState.USE_SNS,-6.587500,12.362500,-184.640000,6.056759,0.005035,0.013122,0.026854,6.024580,0.000000,0.000000,0.000000,0,0,0,0,0,0,0,0,0,0,0,0.045257568359375,-0.004302978515625,-3.2960145e-08,-3.2960145e-08,59.999992,-19.999996,-19.999996,-19.999996,-19.999996,-3.2960145e-08,Object notstarted,Object notstarted,Object notstarted,Object notstarted,Object notstarted,Object notstarted,Object notstarted,Object notstarted,Object notstarted
2024-03-18 10:33:27,159.159,__main___datalogs,INFO,JoyConState.USE_SNS,-6.587500,12.362500,-184.640000,6.391974,0.005035,0.013427,0.026701,6.056635,0.000000,0.000000,0.000000,0,0,0,0,0,0,0,0,0,0,0,0.045257568359375,-0.004302978515625,-1.6423048e-08,-1.6423048e-08,59.999992,-19.999996,-19.999996,-19.999996,-19.999996,-1.6423048e-08,Object notstarted,Object notstarted,Object notstarted,Object notstarted,Object notstarted,Object notstarted,Object notstarted,Object notstarted,Object notstarted
2024-03-18 10:33:27,300.300,__main___datalogs,INFO,JoyConState.USE_SNS,-6.587500,12.362500,-184.640000,6.800732,0.008087,0.012817,0.026854,6.088691,0.000000,0.000000,0.000000,0,0,0,0,0,0,0,0,0,0,0,0.045257568359375,-0.004302978515625,-8.183111e-09,-8.183111e-09,59.999992,-19.999996,-19.999996,-19.999996,-19.999996,-8.183111e-09,Object notstarted,Object notstarted,Object notstarted,Object notstarted,Object notstarted,Object notstarted,Object notstarted,Object notstarted,Object notstarted
2024-03-18 10:33:27,409.409,__main___datalogs,INFO,JoyConState.USE_SNS,-6.587500,12.362500,-184.640000,6.114739,0.005798,0.012511,0.027617,6.120747,0.000000,0.000000,0.000000,0,0,0,0,0,0,0,0,0,0,0,0.045257568359375,-0.004302978515625,-5.882353,-5.882353,59.999992,-14.117644,-14.117644,-14.117644,-14.117644,-5.882353,Object notstarted,Object notstarted,Object notstarted,Object notstarted,Object notstarted,Object notstarted,Object notstarted,Object notstarted,Object notstarted
2024-03-18 10:33:27,515.515,__main___datalogs,INFO,JoyConState.USE_SNS,-6.587500,12.362500,-184.640000,6.675923,0.007934,0.012206,0.027312,6.152804,0.000000,0.000000,0.000000,0,0,0,0,0,0,0,0,0,0,0,0.045257568359375,-0.004302978515625,-12.965601,-12.965601,59.999992,-7.034397,-7.034397,-7.034397,-7.034397,-12.965601,Object notstarted,Object notstarted,Object notstarted,Object notstarted,Object notstarted,Object notstarted,Object notstarted,Object notstarted,Object notstarted
2024-03-18 10:33:27,640.640,__main___datalogs,INFO,JoyConState.USE_SNS,-6.587500,12.362500,-184.640000,6.286085,0.006408,0.013122,0.024108,6.184862,0.000000,0.000000,0.000000,0,0,0,0,0,0,0,0,0,0,0,0.045257568359375,-0.004302978515625,-16.494972,-16.494972,59.999992,-3.5050285,-3.5050285,-3.5050285,-3.5050285,-16.494972,Object notstarted,Object notstarted,Object notstarted,Object notstarted,Object notstarted,Object notstarted,Object notstarted,Object notstarted,Object notstarted
2024-03-18 10:33:27,765.765,__main___datalogs,INFO,JoyConState.USE_SNS,-6.587500,12.362500,-184.640000,5.988709,0.005035,0.011901,0.026701,6.216920,0.000000,0.000000,0.000000,0,0,0,0,0,0,0,0,0,0,0,0.045257568359375,-0.004302978515625,-18.253551,-18.253551,59.999992,-1.7464502,-1.7464502,-1.7464502,-1.7464502,-18.253551,Object notstarted,Object notstarted,Object notstarted,Object notstarted,Object notstarted,Object notstarted,Object notstarted,Object notstarted,Object notstarted
2024-03-18 10:33:27,888.888,__main___datalogs,INFO,JoyConState.USE_SNS,-6.587500,12.362500,-184.640000,6.206286,0.005035,0.010528,0.023345,6.248977,0.000000,0.000000,0.000000,0,0,0,0,0,0,0,0,0,0,0,0.045257568359375,-0.004302978515625,-9.095196,-9.095196,59.999992,-10.904806,-10.904806,-10.904806,-10.904806,-9.095196,Object notstarted,Object notstarted,Object notstarted,Object notstarted,Object notstarted,Object notstarted,Object notstarted,Object notstarted,Object notstarted
2024-03-18 10:33:28,000.000,__main___datalogs,INFO,JoyConState.USE_SNS,-6.587500,12.362500,-184.640000,6.134727,0.004730,0.014495,0.025786,6.281035,0.000000,0.000000,0.000000,0,0,0,0,0,0,0,0,0,0,0,0.045257568359375,-0.004302978515625,-4.5318623,-4.5318623,59.999992,-15.468139,-15.468139,-15.468139,-15.468139,-4.5318623,Object notstarted,Object notstarted,Object notstarted,Object notstarted,Object notstarted,Object notstarted,Object notstarted,Object notstarted,Object notstarted
2024-03-18 10:33:28,139.139,__main___datalogs,INFO,JoyConState.USE_SNS,-6.587500,12.362500,-184.640000,6.399603,0.004730,0.012664,0.026701,6.313093,0.000000,0.000000,0.000000,0,0,0,0,0,0,0,0,0,0,0,0.045257568359375,-0.004302978515625,-2.2580907,-2.2580907,59.999992,-17.74191,-17.74191,-17.74191,-17.74191,-2.2580907,Object notstarted,Object notstarted,Object notstarted,Object notstarted,Object notstarted,Object notstarted,Object notstarted,Object notstarted,Object notstarted
2024-03-18 10:33:28,246.246,__main___datalogs,INFO,JoyConState.USE_SNS,-6.587500,12.362500,-184.640000,6.255111,0.004120,0.012206,0.026549,6.345149,0.000000,0.000000,0.000000,0,0,0,0,0,0,0,0,0,0,0,0.045257568359375,-0.004302978515625,-1.1251388,-1.1251388,59.999992,-18.874863,-18.874863,-18.874863,-18.874863,-1.1251388,Object notstarted,Object notstarted,Object notstarted,Object notstarted,Object notstarted,Object notstarted,Object notstarted,Object notstarted,Object notstarted
2024-03-18 10:33:28,355.355,__main___datalogs,INFO,JoyConState.USE_SNS,-6.587500,12.362500,-184.640000,6.424626,0.005340,0.012054,0.027312,6.377204,0.000000,0.000000,0.000000,0,0,0,0,0,0,0,0,0,0,0,0.045257568359375,-0.004302978515625,-0.5606228,-0.5606228,59.999992,-19.439379,-19.439379,-19.439379,-19.439379,-0.5606228,Object notstarted,Object notstarted,Object notstarted,Object notstarted,Object notstarted,Object notstarted,Object notstarted,Object notstarted,Object notstarted
2024-03-18 10:33:28,446.446,__main___datalogs,INFO,JoyConState.USE_SNS,-6.587500,12.362500,-184.640000,6.682179,0.005951,0.012969,0.025023,6.409260,0.000000,0.000000,0.000000,0,0,0,0,0,0,0,0,0,0,0,0.045257568359375,-0.004302978515625,-10.313944,-10.313944,59.999992,-9.686057,-9.686057,-9.686057,-9.686057,-10.313944,Object notstarted,Object notstarted,Object notstarted,Object notstarted,Object notstarted,Object notstarted,Object notstarted,Object notstarted,Object notstarted
2024-03-18 10:33:28,568.568,__main___datalogs,INFO,JoyConState.USE_SNS,-6.587500,12.362500,-184.640000,6.489167,0.005493,0.013885,0.026854,6.441315,0.000000,0.000000,0.000000,0,0,0,0,0,0,0,0,0,0,0,0.045257568359375,-0.004302978515625,-5.139128,-5.139128,59.999992,-14.860873,-14.860873,-14.860873,-14.860873,-5.139128,Object notstarted,Object notstarted,Object notstarted,Object notstarted,Object notstarted,Object notstarted,Object notstarted,Object notstarted,Object notstarted
2024-03-18 10:33:28,691.691,__main___datalogs,INFO,JoyConState.USE_SNS,-6.587500,12.362500,-184.640000,6.525328,0.006103,0.016326,0.024870,6.473369,0.000000,0.000000,0.000000,0,0,0,0,0,0,0,0,0,0,0,0.045257568359375,-0.004302978515625,-2.560673,-2.560673,59.999992,-17.439327,-17.439327,-17.439327,-17.439327,-2.560673,Object notstarted,Object notstarted,Object notstarted,Object notstarted,Object notstarted,Object notstarted,Object notstarted,Object notstarted,Object notstarted
2024-03-18 10:33:28,797.797,__main___datalogs,INFO,JoyConState.USE_SNS,-6.587500,12.362500,-184.640000,6.497101,0.005798,0.012054,0.023039,6.505423,0.000000,0.000000,0.000000,0,0,0,0,0,0,0,0,0,0,0,0.045257568359375,-0.004302978515625,-1.2759063,-1.2759063,59.999992,-18.724094,-18.724094,-18.724094,-18.724094,-1.2759063,Object notstarted,Object notstarted,Object notstarted,Object notstarted,Object notstarted,Object notstarted,Object notstarted,Object notstarted,Object notstarted
2024-03-18 10:33:28,906.906,__main___datalogs,INFO,JoyConState.USE_SNS,-6.587500,12.362500,-184.640000,6.577663,0.005951,0.013427,0.027006,6.537477,0.000000,0.000000,0.000000,0,0,0,0,0,0,0,0,0,0,0,0.045257568359375,-0.004302978515625,-0.63574576,-0.63574576,59.999992,-19.364254,-19.364254,-19.364254,-19.364254,-0.63574576,Object notstarted,Object notstarted,Object notstarted,Object notstarted,Object notstarted,Object notstarted,Object notstarted,Object notstarted,Object notstarted
2024-03-18 10:33:29,029.029,__main___datalogs,INFO,JoyConState.USE_SNS,-6.587500,12.362500,-184.640000,6.573085,0.008850,0.013580,0.025786,6.569531,0.000000,0.000000,0.000000,0,0,0,0,0,0,0,0,0,0,0,0.045257568359375,-0.004302978515625,-0.316773,-0.316773,59.999992,-19.683228,-19.683228,-19.683228,-19.683228,-0.316773,Object notstarted,Object notstarted,Object notstarted,Object notstarted,Object notstarted,Object notstarted,Object notstarted,Object notstarted,Object notstarted
2024-03-18 10:33:29,138.138,__main___datalogs,INFO,JoyConState.USE_SNS,-6.587500,12.362500,-184.640000,6.493287,0.007782,0.013427,0.026396,6.601586,0.000000,0.000000,0.000000,0,0,0,0,0,0,0,0,0,0,0,0.045257568359375,-0.004302978515625,-0.15783845,-0.15783845,59.999992,-19.842163,-19.842163,-19.842163,-19.842163,-0.15783845,Object notstarted,Object notstarted,Object notstarted,Object notstarted,Object notstarted,Object notstarted,Object notstarted,Object notstarted,Object notstarted
2024-03-18 10:33:29,228.228,__main___datalogs,INFO,JoyConState.USE_SNS,-6.587500,12.362500,-184.640000,6.125420,0.005340,0.012664,0.026701,6.633640,0.000000,0.000000,0.000000,0,0,0,0,0,0,0,0,0,0,0,0.045257568359375,-0.004302978515625,-0.07864615,-0.07864615,59.999992,-19.921356,-19.921356,-19.921356,-19.921356,-0.07864615,Object notstarted,Object notstarted,Object notstarted,Object notstarted,Object notstarted,Object notstarted,Object notstarted,Object notstarted,Object notstarted
2024-03-18 10:33:29,335.335,__main___datalogs,INFO,JoyConState.USE_SNS,-6.587500,12.362500,-184.640000,6.487946,0.003815,0.010833,0.027159,6.665696,0.000000,0.000000,0.000000,0,0,0,0,0,0,0,0,0,0,0,0.045257568359375,-0.004302978515625,-0.03918701,-0.03918701,59.999992,-19.960815,-19.960815,-19.960815,-19.960815,-0.03918701,Object notstarted,Object notstarted,Object notstarted,Object notstarted,Object notstarted,Object notstarted,Object notstarted,Object notstarted,Object notstarted
2024-03-18 10:33:29,490.490,__main___datalogs,INFO,JoyConState.USE_SNS,-6.587500,12.362500,-184.640000,6.890296,0.007477,0.013122,0.026549,6.697751,0.000000,0.000000,0.000000,0,0,0,0,0,0,0,0,0,0,0,0.045257568359375,-0.004302978515625,-0.019525709,-0.019525709,59.999992,-19.980476,-19.980476,-19.980476,-19.980476,-0.019525709,Object notstarted,Object notstarted,Object notstarted,Object notstarted,Object notstarted,Object notstarted,Object notstarted,Object notstarted,Object notstarted
2024-03-18 10:33:29,599.599,__main___datalogs,INFO,JoyConState.USE_SNS,-6.587500,12.362500,-184.640000,6.477876,0.006714,0.011901,0.027159,6.729806,0.000000,0.000000,0.000000,0,0,0,0,0,0,0,0,0,0,0,0.045257568359375,-0.004302978515625,-0.009729073,-0.009729073,59.999992,-19.990273,-19.990273,-19.990273,-19.990273,-0.009729073,Object notstarted,Object notstarted,Object notstarted,Object notstarted,Object notstarted,Object notstarted,Object notstarted,Object notstarted,Object notstarted
2024-03-18 10:33:29,706.706,__main___datalogs,INFO,JoyConState.USE_SNS,-6.587500,12.362500,-184.640000,6.277235,0.007019,0.014342,0.026701,6.761861,0.000000,0.000000,0.000000,0,0,0,0,0,0,0,0,0,0,0,0.045257568359375,-0.004302978515625,-4.157097,-4.157097,59.999992,-15.842904,-15.842904,-15.842904,-15.842904,-4.157097,Object notstarted,Object notstarted,Object notstarted,Object notstarted,Object notstarted,Object notstarted,Object notstarted,Object notstarted,Object notstarted
2024-03-18 10:33:29,830.830,__main___datalogs,INFO,JoyConState.USE_SNS,-6.587500,12.362500,-184.640000,6.836894,0.009765,0.012969,0.026701,6.793915,0.000000,0.000000,0.000000,0,0,0,0,0,0,0,0,0,0,0,0.045257568359375,-0.004302978515625,-2.0713563,-2.0713563,59.999992,-17.928644,-17.928644,-17.928644,-17.928644,-2.0713563,Object notstarted,Object notstarted,Object notstarted,Object notstarted,Object notstarted,Object notstarted,Object notstarted,Object notstarted,Object notstarted
2024-03-18 10:33:29,954.954,__main___datalogs,INFO,JoyConState.USE_SNS,-6.587500,12.362500,-184.640000,6.776015,0.007782,0.014648,0.024718,6.825970,0.000000,0.000000,0.000000,0,0,0,0,0,0,0,0,0,0,0,0.045257568359375,-0.004302978515625,-1.0320945,-1.0320945,59.999992,-18.967907,-18.967907,-18.967907,-18.967907,-1.0320945,Object notstarted,Object notstarted,Object notstarted,Object notstarted,Object notstarted,Object notstarted,Object notstarted,Object notstarted,Object notstarted
2024-03-18 10:33:30,093.093,__main___datalogs,INFO,JoyConState.USE_SNS,-6.587500,12.362500,-184.640000,6.472383,0.007019,0.014800,0.025633,6.858023,0.000000,0.000000,0.000000,0,0,0,0,0,0,0,0,0,0,0,0.045257568359375,-0.004302978515625,-0.51426166,-0.51426166,59.999992,-19.48574,-19.48574,-19.48574,-19.48574,-0.51426166,Object notstarted,Object notstarted,Object notstarted,Object notstarted,Object notstarted,Object notstarted,Object notstarted,Object notstarted,Object notstarted
2024-03-18 10:33:30,217.217,__main___datalogs,INFO,JoyConState.USE_SNS,-6.587500,12.362500,-184.640000,6.219256,0.007019,0.012969,0.024718,6.890076,0.000000,0.000000,0.000000,0,0,0,0,0,0,0,0,0,0,0,0.045257568359375,-0.004302978515625,-0.2562411,-0.2562411,59.999992,-19.74376,-19.74376,-19.74376,-19.74376,-0.2562411,Object notstarted,Object notstarted,Object notstarted,Object notstarted,Object notstarted,Object notstarted,Object notstarted,Object notstarted,Object notstarted
2024-03-18 10:33:30,360.360,__main___datalogs,INFO,JoyConState.USE_SNS,-6.587500,12.362500,-184.640000,6.514190,0.008697,0.015258,0.024260,6.922129,0.000000,0.000000,0.000000,0,0,0,0,0,0,0,0,0,0,0,0.045257568359375,-0.004302978515625,-0.12767725,-0.12767725,59.999992,-19.872322,-19.872322,-19.872322,-19.872322,-0.12767725,Object notstarted,Object notstarted,Object notstarted,Object notstarted,Object notstarted,Object notstarted,Object notstarted,Object notstarted,Object notstarted
2024-03-18 10:33:30,517.517,__main___datalogs,INFO,JoyConState.USE_SNS,-6.587500,12.362500,-184.640000,6.653341,0.005035,0.012817,0.023497,6.954181,0.000000,0.000000,0.000000,0,0,0,0,0,0,0,0,0,0,0,0.045257568359375,-0.004302978515625,-0.063617736,-0.063617736,59.999992,-19.936382,-19.936382,-19.936382,-19.936382,-0.063617736,Object notstarted,Object notstarted,Object notstarted,Object notstarted,Object notstarted,Object notstarted,Object notstarted,Object notstarted,Object notstarted
2024-03-18 10:33:30,624.624,__main___datalogs,INFO,JoyConState.USE_SNS,-6.587500,12.362500,-184.640000,6.548367,0.008087,0.012359,0.027006,6.986234,0.000000,0.000000,0.000000,0,0,0,0,0,0,0,0,0,0,0,0.045257568359375,-0.004302978515625,-0.031698804,-0.031698804,59.999992,-19.968302,-19.968302,-19.968302,-19.968302,-0.031698804,Object notstarted,Object notstarted,Object notstarted,Object notstarted,Object notstarted,Object notstarted,Object notstarted,Object notstarted,Object notstarted
2024-03-18 10:33:30,746.746,__main___datalogs,INFO,JoyConState.USE_SNS,-6.587500,12.362500,-184.640000,6.590021,0.007782,0.012664,0.027006,7.018287,0.000000,0.000000,0.000000,0,0,0,0,0,0,0,0,0,0,0,0.045257568359375,-0.004302978515625,-0.01579456,-0.01579456,59.999992,-19.984207,-19.984207,-19.984207,-19.984207,-0.01579456,Object notstarted,Object notstarted,Object notstarted,Object notstarted,Object notstarted,Object notstarted,Object notstarted,Object notstarted,Object notstarted
2024-03-18 10:33:30,855.855,__main___datalogs,INFO,JoyConState.USE_SNS,-6.587500,12.362500,-184.640000,6.734513,0.007782,0.014495,0.025023,7.050341,0.000000,0.000000,0.000000,0,0,0,0,0,0,0,0,0,0,0,0.045257568359375,-0.004302978515625,-0.007869954,-0.007869954,59.999992,-19.992132,-19.992132,-19.992132,-19.992132,-0.007869954,Object notstarted,Object notstarted,Object notstarted,Object notstarted,Object notstarted,Object notstarted,Object notstarted,Object notstarted,Object notstarted
2024-03-18 10:33:30,978.978,__main___datalogs,INFO,JoyConState.USE_SNS,-6.587500,12.362500,-184.640000,6.095667,0.008239,0.012664,0.023039,7.082394,0.000000,0.000000,0.000000,0,0,0,0,0,0,0,0,0,0,0,0.045257568359375,-0.004302978515625,-0.0039213616,-0.0039213616,59.999992,-19.996078,-19.996078,-19.996078,-19.996078,-0.0039213616,Object notstarted,Object notstarted,Object notstarted,Object notstarted,Object notstarted,Object notstarted,Object notstarted,Object notstarted,Object notstarted
2024-03-18 10:33:31,103.103,__main___datalogs,INFO,JoyConState.USE_SNS,-6.587500,12.362500,-184.640000,6.077968,0.007934,0.011901,0.026549,7.114448,0.000000,0.000000,0.000000,0,0,0,0,0,0,0,0,0,0,0,0.045257568359375,-0.004302978515625,-0.0019538966,-0.0019538966,59.999992,-19.998047,-19.998047,-19.998047,-19.998047,-0.0019538966,Object notstarted,Object notstarted,Object notstarted,Object notstarted,Object notstarted,Object notstarted,Object notstarted,Object notstarted,Object notstarted
2024-03-18 10:33:31,230.230,__main___datalogs,INFO,JoyConState.USE_SNS,-6.587500,12.362500,-184.640000,6.369088,0.008239,0.014190,0.027006,7.146502,0.000000,0.000000,0.000000,0,0,0,0,0,0,0,0,0,0,0,0.045257568359375,-0.004302978515625,-0.00097356795,-0.00097356795,59.999992,-19.999027,-19.999027,-19.999027,-19.999027,-0.00097356795,Object notstarted,Object notstarted,Object notstarted,Object notstarted,Object notstarted,Object notstarted,Object notstarted,Object notstarted,Object notstarted
2024-03-18 10:33:31,341.341,__main___datalogs,INFO,JoyConState.USE_SNS,-6.587500,12.362500,-184.640000,6.476808,0.004120,0.009307,0.025481,7.178557,0.000000,0.000000,0.000000,0,0,0,0,0,0,0,0,0,0,0,0.045257568359375,-0.004302978515625,-0.00048509962,-0.00048509962,59.999992,-19.999516,-19.999516,-19.999516,-19.999516,-0.00048509962,Object notstarted,Object notstarted,Object notstarted,Object notstarted,Object notstarted,Object notstarted,Object notstarted,Object notstarted,Object notstarted
2024-03-18 10:33:31,447.447,__main___datalogs,INFO,JoyConState.USE_SNS,-6.587500,12.362500,-184.640000,6.530974,0.011596,0.015258,0.019683,7.210611,0.000000,0.000000,0.000000,0,0,0,0,0,0,0,0,0,0,0,0.045257568359375,-0.004302978515625,-5.8825946,-5.8825946,59.999992,-14.117407,-14.117407,-14.117407,-14.117407,-5.8825946,Object notstarted,Object notstarted,Object notstarted,Object notstarted,Object notstarted,Object notstarted,Object notstarted,Object notstarted,Object notstarted
2024-03-18 10:33:31,571.571,__main___datalogs,INFO,JoyConState.USE_SNS,-6.587500,12.362500,-184.640000,6.615502,0.009307,0.012511,0.026396,7.242665,0.000000,0.000000,0.000000,0,0,0,0,0,0,0,0,0,0,0,0.045257568359375,-0.004302978515625,-12.965722,-12.965722,59.999992,-7.0342793,-7.0342793,-7.0342793,-7.0342793,-12.965722,Object notstarted,Object notstarted,Object notstarted,Object notstarted,Object notstarted,Object notstarted,Object notstarted,Object notstarted,Object notstarted
2024-03-18 10:33:31,715.715,__main___datalogs,INFO,JoyConState.USE_SNS,-6.587500,12.362500,-184.640000,6.416082,0.008392,0.012817,0.026701,7.274718,0.000000,0.000000,0.000000,0,0,0,0,0,0,0,0,0,0,0,0.045257568359375,-0.004302978515625,-16.495031,-16.495031,59.999992,-3.50497,-3.50497,-3.50497,-3.50497,-16.495031,Object notstarted,Object notstarted,Object notstarted,Object notstarted,Object notstarted,Object notstarted,Object notstarted,Object notstarted,Object notstarted
2024-03-18 10:33:31,824.824,__main___datalogs,INFO,JoyConState.USE_SNS,-6.587500,12.362500,-184.640000,6.375648,0.007782,0.012664,0.027464,7.306771,0.000000,0.000000,0.000000,0,0,0,0,0,0,0,0,0,0,0,0.045257568359375,-0.004302978515625,-18.253582,-18.253582,59.999992,-1.7464211,-1.7464211,-1.7464211,-1.7464211,-18.253582,Object notstarted,Object notstarted,Object notstarted,Object notstarted,Object notstarted,Object notstarted,Object notstarted,Object notstarted,Object notstarted
2024-03-18 10:33:31,929.929,__main___datalogs,INFO,JoyConState.USE_SNS,-6.587500,12.362500,-184.640000,6.773573,0.008239,0.012359,0.026854,7.338824,0.000000,0.000000,0.000000,0,0,0,0,0,0,0,0,0,0,0,0.045257568359375,-0.004302978515625,-19.129814,-19.129814,59.999992,-0.8701891,-0.8701891,-0.8701891,-0.8701891,-19.129814,Object notstarted,Object notstarted,Object notstarted,Object notstarted,Object notstarted,Object notstarted,Object notstarted,Object notstarted,Object notstarted
2024-03-18 10:33:32,070.070,__main___datalogs,INFO,JoyConState.USE_SNS,-6.587500,12.362500,-184.640000,6.494355,0.008850,0.009460,0.026854,7.370877,0.000000,0.000000,0.000000,0,0,0,0,0,0,0,0,0,0,0,0.045257568359375,-0.004302978515625,-19.566414,-19.566414,59.999992,-0.43358904,-0.43358904,-0.43358904,-0.43358904,-19.566414,Object notstarted,Object notstarted,Object notstarted,Object notstarted,Object notstarted,Object notstarted,Object notstarted,Object notstarted,Object notstarted
2024-03-18 10:33:32,192.192,__main___datalogs,INFO,JoyConState.USE_SNS,-6.587500,12.362500,-184.640000,6.329875,0.007782,0.014190,0.027159,7.402929,0.000000,0.000000,0.000000,0,0,0,0,0,0,0,0,0,0,0,0.045257568359375,-0.004302978515625,-15.631708,-15.631708,59.999992,-4.3682933,-4.3682933,-4.3682933,-4.3682933,-15.631708,Object notstarted,Object notstarted,Object notstarted,Object notstarted,Object notstarted,Object notstarted,Object notstarted,Object notstarted,Object notstarted
2024-03-18 10:33:32,331.331,__main___datalogs,INFO,JoyConState.USE_SNS,-6.587500,12.362500,-184.640000,6.646018,0.008392,0.012664,0.027006,7.434982,0.000000,0.000000,0.000000,0,0,0,0,0,0,0,0,0,0,0,0.045257568359375,-0.004302978515625,-11.941059,-11.941059,59.999992,-8.058942,-8.058942,-8.058942,-8.058942,-11.941059,Object notstarted,Object notstarted,Object notstarted,Object notstarted,Object notstarted,Object notstarted,Object notstarted,Object notstarted,Object notstarted
2024-03-18 10:33:32,471.471,__main___datalogs,INFO,JoyConState.USE_SNS,-6.587500,12.362500,-184.640000,6.366189,0.010223,0.012664,0.026549,7.467035,0.000000,0.000000,0.000000,0,0,0,0,0,0,0,0,0,0,0,0.045257568359375,-0.004302978515625,-11.832223,-11.832223,59.999992,-8.167778,-8.167778,-8.167778,-8.167778,-11.832223,Object notstarted,Object notstarted,Object notstarted,Object notstarted,Object notstarted,Object notstarted,Object notstarted,Object notstarted,Object notstarted
2024-03-18 10:33:32,594.594,__main___datalogs,INFO,JoyConState.USE_SNS,-6.587500,12.362500,-184.640000,6.408300,0.008850,0.012817,0.024108,7.499088,0.000000,0.000000,0.000000,0,0,0,0,0,0,0,0,0,0,0,0.045257568359375,-0.004302978515625,-15.930243,-15.930243,59.999992,-4.069758,-4.069758,-4.069758,-4.069758,-15.930243,Object notstarted,Object notstarted,Object notstarted,Object notstarted,Object notstarted,Object notstarted,Object notstarted,Object notstarted,Object notstarted
2024-03-18 10:33:32,701.701,__main___datalogs,INFO,JoyConState.USE_SNS,-6.587500,12.362500,-184.640000,6.692402,0.008392,0.012817,0.023650,7.531141,0.000000,0.000000,0.000000,0,0,0,0,0,0,0,0,0,0,0,0.045257568359375,-0.004302978515625,-7.937561,-7.937561,59.999992,-12.06244,-12.06244,-12.06244,-12.06244,-7.937561,Object notstarted,Object notstarted,Object notstarted,Object notstarted,Object notstarted,Object notstarted,Object notstarted,Object notstarted,Object notstarted
2024-03-18 10:33:32,824.824,__main___datalogs,INFO,JoyConState.USE_SNS,-6.587500,12.362500,-184.640000,6.349100,0.007171,0.016021,0.022429,7.563195,0.000000,0.000000,0.000000,0,0,0,0,0,0,0,0,0,0,0,0.045257568359375,-0.004302978515625,-3.9550478,-3.9550478,59.999992,-16.044952,-16.044952,-16.044952,-16.044952,-3.9550478,Object notstarted,Object notstarted,Object notstarted,Object notstarted,Object notstarted,Object notstarted,Object notstarted,Object notstarted,Object notstarted
2024-03-18 10:33:32,962.962,__main___datalogs,INFO,JoyConState.USE_SNS,-6.587500,12.362500,-184.640000,6.226732,0.007934,0.012664,0.026549,7.595249,0.000000,0.000000,0.000000,0,0,0,0,0,0,0,0,0,0,0,0.045257568359375,-0.004302978515625,-1.9706814,-1.9706814,59.999992,-18.02932,-18.02932,-18.02932,-18.02932,-1.9706814,Object notstarted,Object notstarted,Object notstarted,Object notstarted,Object notstarted,Object notstarted,Object notstarted,Object notstarted,Object notstarted
2024-03-18 10:33:33,072.072,__main___datalogs,INFO,JoyConState.USE_SNS,-6.587500,12.362500,-184.640000,6.550809,0.008239,0.015258,0.027006,7.627303,0.000000,0.000000,0.000000,0,0,0,0,0,0,0,0,0,0,0,0.045257568359375,-0.004302978515625,-0.98193127,-0.98193127,59.999992,-19.01807,-19.01807,-19.01807,-19.01807,-0.98193127,Object notstarted,Object notstarted,Object notstarted,Object notstarted,Object notstarted,Object notstarted,Object notstarted,Object notstarted,Object notstarted
2024-03-18 10:33:33,196.196,__main___datalogs,INFO,JoyConState.USE_SNS,-6.587500,12.362500,-184.640000,6.323161,0.007782,0.012664,0.025176,7.659357,0.000000,0.000000,0.000000,0,0,0,0,0,0,0,0,0,0,0,0.045257568359375,-0.004302978515625,-0.48926684,-0.48926684,59.999992,-19.510735,-19.510735,-19.510735,-19.510735,-0.48926684,Object notstarted,Object notstarted,Object notstarted,Object notstarted,Object notstarted,Object notstarted,Object notstarted,Object notstarted,Object notstarted
2024-03-18 10:33:33,316.316,__main___datalogs,INFO,JoyConState.USE_SNS,-6.587500,12.362500,-184.640000,6.726884,0.008239,0.012817,0.025481,7.691410,0.000000,0.000000,0.000000,0,0,0,0,0,0,0,0,0,0,0,0.045257568359375,-0.004302978515625,-0.24378695,-0.24378695,59.999992,-19.756214,-19.756214,-19.756214,-19.756214,-0.24378695,Object notstarted,Object notstarted,Object notstarted,Object notstarted,Object notstarted,Object notstarted,Object notstarted,Object notstarted,Object notstarted
2024-03-18 10:33:33,424.424,__main___datalogs,INFO,JoyConState.USE_SNS,-6.587500,12.362500,-184.640000,6.238328,0.008239,0.012206,0.026244,7.723462,0.000000,0.000000,0.000000,0,0,0,0,0,0,0,0,0,0,0,0.045257568359375,-0.004302978515625,-0.1214717,-0.1214717,59.999992,-19.878529,-19.878529,-19.878529,-19.878529,-0.1214717,Object notstarted,Object notstarted,Object notstarted,Object notstarted,Object notstarted,Object notstarted,Object notstarted,Object notstarted,Object notstarted
2024-03-18 10:33:33,547.547,__main___datalogs,INFO,JoyConState.USE_SNS,-6.587500,12.362500,-184.640000,6.814770,0.008697,0.014648,0.027464,7.755514,0.000000,0.000000,0.000000,0,0,0,0,0,0,0,0,0,0,0,0.045257568359375,-0.004302978515625,-5.9428787,-5.9428787,59.999992,-14.057123,-14.057123,-14.057123,-14.057123,-5.9428787,Object notstarted,Object notstarted,Object notstarted,Object notstarted,Object notstarted,Object notstarted,Object notstarted,Object notstarted,Object notstarted
2024-03-18 10:33:33,655.655,__main___datalogs,INFO,JoyConState.USE_SNS,-6.587500,12.362500,-184.640000,6.673329,0.007934,0.013885,0.027464,7.787566,0.000000,0.000000,0.000000,0,0,0,0,0,0,0,0,0,0,0,0.045257568359375,-0.004302978515625,-12.99576,-12.99576,59.999992,-7.0042415,-7.0042415,-7.0042415,-7.0042415,-12.99576,Object notstarted,Object notstarted,Object notstarted,Object notstarted,Object notstarted,Object notstarted,Object notstarted,Object notstarted,Object notstarted
2024-03-18 10:33:33,763.763,__main___datalogs,INFO,JoyConState.USE_SNS,-6.587500,12.362500,-184.640000,6.229020,0.008087,0.012817,0.027312,7.819618,0.000000,0.000000,0.000000,0,0,0,0,0,0,0,0,0,0,0,0.045257568359375,-0.004302978515625,-16.509998,-16.509998,59.999992,-3.4900029,-3.4900029,-3.4900029,-3.4900029,-16.509998,Object notstarted,Object notstarted,Object notstarted,Object notstarted,Object notstarted,Object notstarted,Object notstarted,Object notstarted,Object notstarted
2024-03-18 10:33:33,871.871,__main___datalogs,INFO,JoyConState.USE_SNS,-6.587500,12.362500,-184.640000,6.650900,0.008850,0.014190,0.024108,7.851671,0.000000,0.000000,0.000000,0,0,0,0,0,0,0,0,0,0,0,0.045257568359375,-0.004302978515625,-18.261036,-18.261036,59.999992,-1.7389635,-1.7389635,-1.7389635,-1.7389635,-18.261036,Object notstarted,Object notstarted,Object notstarted,Object notstarted,Object notstarted,Object notstarted,Object notstarted,Object notstarted,Object notstarted
2024-03-18 10:33:34,026.026,__main___datalogs,INFO,JoyConState.USE_SNS,-6.587500,12.362500,-184.640000,5.818889,0.007019,0.012206,0.025938,7.883725,0.000000,0.000000,0.000000,0,0,0,0,0,0,0,0,0,0,0,0.045257568359375,-0.004302978515625,-19.133526,-19.133526,59.999992,-0.8664732,-0.8664732,-0.8664732,-0.8664732,-19.133526,Object notstarted,Object notstarted,Object notstarted,Object notstarted,Object notstarted,Object notstarted,Object notstarted,Object notstarted,Object notstarted
2024-03-18 10:33:34,153.153,__main___datalogs,INFO,JoyConState.USE_SNS,-6.587500,12.362500,-184.640000,6.804852,0.012054,0.010986,0.026549,7.915777,0.000000,0.000000,0.000000,0,0,0,0,0,0,0,0,0,0,0,0.045257568359375,-0.004302978515625,-15.416014,-15.416014,59.999992,-4.5839868,-4.5839868,-4.5839868,-4.5839868,-15.416014,Object notstarted,Object notstarted,Object notstarted,Object notstarted,Object notstarted,Object notstarted,Object notstarted,Object notstarted,Object notstarted
2024-03-18 10:33:34,276.276,__main___datalogs,INFO,JoyConState.USE_SNS,-6.587500,12.362500,-184.640000,6.552182,0.007629,0.015563,0.027006,7.947831,0.000000,0.000000,0.000000,0,0,0,0,0,0,0,0,0,0,0,0.045257568359375,-0.004302978515625,-17.715939,-17.715939,59.999992,-2.2840626,-2.2840626,-2.2840626,-2.2840626,-17.715939,Object notstarted,Object notstarted,Object notstarted,Object notstarted,Object notstarted,Object notstarted,Object notstarted,Object notstarted,Object notstarted
2024-03-18 10:33:34,415.415,__main___datalogs,INFO,JoyConState.USE_SNS,-6.587500,12.362500,-184.640000,6.411504,0.009307,0.011901,0.027006,7.979886,0.000000,0.000000,0.000000,0,0,0,0,0,0,0,0,0,0,0,0.045257568359375,-0.004302978515625,-18.861921,-18.861921,59.999992,-1.1380796,-1.1380796,-1.1380796,-1.1380796,-18.861921,Object notstarted,Object notstarted,Object notstarted,Object notstarted,Object notstarted,Object notstarted,Object notstarted,Object notstarted,Object notstarted
2024-03-18 10:33:34,522.522,__main___datalogs,INFO,JoyConState.USE_SNS,-6.587500,12.362500,-184.640000,6.514495,0.009307,0.015105,0.024565,8.011940,0.000000,0.000000,0.000000,0,0,0,0,0,0,0,0,0,0,0,0.045257568359375,-0.004302978515625,-19.43293,-19.43293,59.999992,-0.56707084,-0.56707084,-0.56707084,-0.56707084,-19.43293,Object notstarted,Object notstarted,Object notstarted,Object notstarted,Object notstarted,Object notstarted,Object notstarted,Object notstarted,Object notstarted
2024-03-18 10:33:34,629.629,__main___datalogs,INFO,JoyConState.USE_SNS,-6.587500,12.362500,-184.640000,6.572170,0.013122,0.013122,0.027769,8.043993,0.000000,0.000000,0.000000,0,0,0,0,0,0,0,0,0,0,0,0.045257568359375,-0.004302978515625,-19.717447,-19.717447,59.999992,-0.28255433,-0.28255433,-0.28255433,-0.28255433,-19.717447,Object notstarted,Object notstarted,Object notstarted,Object notstarted,Object notstarted,Object notstarted,Object notstarted,Object notstarted,Object notstarted
2024-03-18 10:33:34,754.754,__main___datalogs,INFO,JoyConState.USE_SNS,-6.587500,12.362500,-184.640000,6.163870,0.009155,0.012969,0.027159,8.076047,0.000000,0.000000,0.000000,0,0,0,0,0,0,0,0,0,0,0,0.045257568359375,-0.004302978515625,-19.859215,-19.859215,59.999992,-0.14078832,-0.14078832,-0.14078832,-0.14078832,-19.859215,Object notstarted,Object notstarted,Object notstarted,Object notstarted,Object notstarted,Object notstarted,Object notstarted,Object notstarted,Object notstarted
2024-03-18 10:33:34,877.877,__main___datalogs,INFO,JoyConState.USE_SNS,-6.587500,12.362500,-184.640000,6.191486,0.009460,0.014037,0.026854,8.108099,0.000000,0.000000,0.000000,0,0,0,0,0,0,0,0,0,0,0,0.045257568359375,-0.004302978515625,-19.929852,-19.929852,59.999992,-0.070150584,-0.070150584,-0.070150584,-0.070150584,-19.929852,Object notstarted,Object notstarted,Object notstarted,Object notstarted,Object notstarted,Object notstarted,Object notstarted,Object notstarted,Object notstarted
2024-03-18 10:33:35,001.001,__main___datalogs,INFO,JoyConState.USE_SNS,-6.587500,12.362500,-184.640000,6.114892,0.009765,0.012054,0.025328,8.140151,0.000000,0.000000,0.000000,0,0,0,0,0,0,0,0,0,0,0,0.045257568359375,-0.004302978515625,-19.965046,-19.965046,59.999992,-0.034953926,-0.034953926,-0.034953926,-0.034953926,-19.965046,Object notstarted,Object notstarted,Object notstarted,Object notstarted,Object notstarted,Object notstarted,Object notstarted,Object notstarted,Object notstarted
2024-03-18 10:33:35,126.126,__main___datalogs,INFO,JoyConState.USE_SNS,-6.587500,12.362500,-184.640000,6.429204,0.007171,0.012664,0.024870,8.172203,0.000000,0.000000,0.000000,0,0,0,0,0,0,0,0,0,0,0,0.045257568359375,-0.004302978515625,-19.982584,-19.982584,59.999992,-0.01741649,-0.01741649,-0.01741649,-0.01741649,-19.982584,Object notstarted,Object notstarted,Object notstarted,Object notstarted,Object notstarted,Object notstarted,Object notstarted,Object notstarted,Object notstarted
2024-03-18 10:33:35,250.250,__main___datalogs,INFO,JoyConState.USE_SNS,-6.587500,12.362500,-184.640000,6.657309,0.009155,0.015258,0.027464,8.204255,0.000000,0.000000,0.000000,0,0,0,0,0,0,0,0,0,0,0,0.045257568359375,-0.004302978515625,-19.991322,-19.991322,59.999992,-0.008678113,-0.008678113,-0.008678113,-0.008678113,-19.991322,Object notstarted,Object notstarted,Object notstarted,Object notstarted,Object notstarted,Object notstarted,Object notstarted,Object notstarted,Object notstarted
2024-03-18 10:33:35,387.387,__main___datalogs,INFO,JoyConState.USE_SNS,-6.587500,12.362500,-184.640000,6.714220,0.009155,0.012817,0.024870,8.236308,0.000000,0.000000,0.000000,0,0,0,0,0,0,0,0,0,0,0,0.045257568359375,-0.004302978515625,-19.995676,-19.995676,59.999992,-0.0043240427,-0.0043240427,-0.0043240427,-0.0043240427,-19.995676,Object notstarted,Object notstarted,Object notstarted,Object notstarted,Object notstarted,Object notstarted,Object notstarted,Object notstarted,Object notstarted
2024-03-18 10:33:35,495.495,__main___datalogs,INFO,JoyConState.USE_SNS,-6.587500,12.362500,-184.640000,6.576442,0.009002,0.010833,0.027159,8.268361,0.000000,0.000000,0.000000,0,0,0,0,0,0,0,0,0,0,0,0.045257568359375,-0.004302978515625,-19.997845,-19.997845,59.999992,-0.0021545405,-0.0021545405,-0.0021545405,-0.0021545405,-19.997845,Object notstarted,Object notstarted,Object notstarted,Object notstarted,Object notstarted,Object notstarted,Object notstarted,Object notstarted,Object notstarted
2024-03-18 10:33:35,633.633,__main___datalogs,INFO,JoyConState.USE_SNS,-6.587500,12.362500,-184.640000,6.195759,0.008850,0.014648,0.027006,8.300414,0.000000,0.000000,0.000000,0,0,0,0,0,0,0,0,0,0,0,0.045257568359375,-0.004302978515625,-19.998926,-19.998926,59.999992,-0.0010735427,-0.0010735427,-0.0010735427,-0.0010735427,-19.998926,Object notstarted,Object notstarted,Object notstarted,Object notstarted,Object notstarted,Object notstarted,Object notstarted,Object notstarted,Object notstarted
2024-03-18 10:33:35,757.757,__main___datalogs,INFO,JoyConState.USE_SNS,-6.587500,12.362500,-184.640000,6.721087,0.007477,0.012817,0.026854,8.332468,0.000000,0.000000,0.000000,0,0,0,0,0,0,0,0,0,0,0,0.045257568359375,-0.004302978515625,-9.964863,-9.964863,59.999992,-10.035137,-10.035137,-10.035137,-10.035137,-9.964863,Object notstarted,Object notstarted,Object notstarted,Object notstarted,Object notstarted,Object notstarted,Object notstarted,Object notstarted,Object notstarted
2024-03-18 10:33:35,896.896,__main___datalogs,INFO,JoyConState.USE_SNS,-6.587500,12.362500,-184.640000,6.555234,0.009765,0.012664,0.027159,8.364522,0.000000,0.000000,0.000000,0,0,0,0,0,0,0,0,0,0,0,0.045257568359375,-0.004302978515625,-4.9651914,-4.9651914,59.999992,-15.034808,-15.034808,-15.034808,-15.034808,-4.9651914,Object notstarted,Object notstarted,Object notstarted,Object notstarted,Object notstarted,Object notstarted,Object notstarted,Object notstarted,Object notstarted
2024-03-18 10:33:36,005.005,__main___datalogs,INFO,JoyConState.USE_SNS,-6.587500,12.362500,-184.640000,6.525328,0.011138,0.014953,0.026854,8.396576,0.000000,0.000000,0.000000,0,0,0,0,0,0,0,0,0,0,0,0.045257568359375,-0.004302978515625,-12.508608,-12.508608,59.999992,-7.491393,-7.491393,-7.491393,-7.491393,-12.508608,Object notstarted,Object notstarted,Object notstarted,Object notstarted,Object notstarted,Object notstarted,Object notstarted,Object notstarted,Object notstarted
2024-03-18 10:33:36,127.127,__main___datalogs,INFO,JoyConState.USE_SNS,-6.587500,12.362500,-184.640000,6.792035,0.011291,0.012511,0.026396,8.428629,0.000000,0.000000,0.000000,0,0,0,0,0,0,0,0,0,0,0,0.045257568359375,-0.004302978515625,-16.267265,-16.267265,59.999992,-3.732736,-3.732736,-3.732736,-3.732736,-16.267265,Object notstarted,Object notstarted,Object notstarted,Object notstarted,Object notstarted,Object notstarted,Object notstarted,Object notstarted,Object notstarted
2024-03-18 10:33:36,239.239,__main___datalogs,INFO,JoyConState.USE_SNS,-6.587500,12.362500,-184.640000,6.365578,0.009460,0.016021,0.026549,8.460682,0.000000,0.000000,0.000000,0,0,0,0,0,0,0,0,0,0,0,0.045257568359375,-0.004302978515625,-18.14009,-18.14009,59.999992,-1.8599101,-1.8599101,-1.8599101,-1.8599101,-18.14009,Object notstarted,Object notstarted,Object notstarted,Object notstarted,Object notstarted,Object notstarted,Object notstarted,Object notstarted,Object notstarted
2024-03-18 10:33:36,364.364,__main___datalogs,INFO,JoyConState.USE_SNS,-6.587500,12.362500,-184.640000,6.888465,0.009613,0.012359,0.027006,8.492734,0.000000,0.000000,0.000000,0,0,0,0,0,0,0,0,0,0,0,0.045257568359375,-0.004302978515625,-19.073263,-19.073263,59.999992,-0.92673725,-0.92673725,-0.92673725,-0.92673725,-19.073263,Object notstarted,Object notstarted,Object notstarted,Object notstarted,Object notstarted,Object notstarted,Object notstarted,Object notstarted,Object notstarted
2024-03-18 10:33:36,505.505,__main___datalogs,INFO,JoyConState.USE_SNS,-6.587500,12.362500,-184.640000,6.575679,0.008850,0.012206,0.024718,8.524787,0.000000,0.000000,0.000000,0,0,0,0,0,0,0,0,0,0,0,0.045257568359375,-0.004302978515625,-19.538235,-19.538235,59.999992,-0.4617653,-0.4617653,-0.4617653,-0.4617653,-19.538235,Object notstarted,Object notstarted,Object notstarted,Object notstarted,Object notstarted,Object notstarted,Object notstarted,Object notstarted,Object notstarted
2024-03-18 10:33:36,612.612,__main___datalogs,INFO,JoyConState.USE_SNS,-6.587500,12.362500,-184.640000,6.079036,0.008545,0.012817,0.023955,8.556838,0.000000,0.000000,0.000000,0,0,0,0,0,0,0,0,0,0,0,0.045257568359375,-0.004302978515625,-13.887565,-13.887565,59.999992,-6.112437,-6.112437,-6.112437,-6.112437,-13.887565,Object notstarted,Object notstarted,Object notstarted,Object notstarted,Object notstarted,Object notstarted,Object notstarted,Object notstarted,Object notstarted
2024-03-18 10:33:36,721.721,__main___datalogs,INFO,JoyConState.USE_SNS,-6.587500,12.362500,-184.640000,6.465212,0.007019,0.012206,0.023955,8.588891,0.000000,0.000000,0.000000,0,0,0,0,0,0,0,0,0,0,0,0.045257568359375,-0.004302978515625,-6.919756,-6.919756,59.999992,-13.080245,-13.080245,-13.080245,-13.080245,-6.919756,Object notstarted,Object notstarted,Object notstarted,Object notstarted,Object notstarted,Object notstarted,Object notstarted,Object notstarted,Object notstarted
2024-03-18 10:33:36,844.844,__main___datalogs,INFO,JoyConState.USE_SNS,-6.587500,12.362500,-184.640000,6.327891,0.008392,0.012664,0.024260,8.620945,0.000000,0.000000,0.000000,0,0,0,0,0,0,0,0,0,0,0,0.045257568359375,-0.004302978515625,-3.4479063,-3.4479063,59.999992,-16.552094,-16.552094,-16.552094,-16.552094,-3.4479063,Object notstarted,Object notstarted,Object notstarted,Object notstarted,Object notstarted,Object notstarted,Object notstarted,Object notstarted,Object notstarted
2024-03-18 10:33:36,968.968,__main___datalogs,INFO,JoyConState.USE_SNS,-6.587500,12.362500,-184.640000,6.539213,0.009307,0.015868,0.027464,8.652999,0.000000,0.000000,0.000000,0,0,0,0,0,0,0,0,0,0,0,0.045257568359375,-0.004302978515625,-7.600341,-7.600341,59.999992,-12.39966,-12.39966,-12.39966,-12.39966,-7.600341,Object notstarted,Object notstarted,Object notstarted,Object notstarted,Object notstarted,Object notstarted,Object notstarted,Object notstarted,Object notstarted
2024-03-18 10:33:37,075.075,__main___datalogs,INFO,JoyConState.USE_SNS,-6.587500,12.362500,-184.640000,6.357492,0.009765,0.014495,0.025328,8.685054,0.000000,0.000000,0.000000,0,0,0,0,0,0,0,0,0,0,0,0.045257568359375,-0.004302978515625,-13.821623,-13.821623,59.999992,-6.1783776,-6.1783776,-6.1783776,-6.1783776,-13.821623,Object notstarted,Object notstarted,Object notstarted,Object notstarted,Object notstarted,Object notstarted,Object notstarted,Object notstarted,Object notstarted
2024-03-18 10:33:37,183.183,__main___datalogs,INFO,JoyConState.USE_SNS,-6.587500,12.362500,-184.640000,6.741227,0.009155,0.012359,0.027464,8.717111,0.000000,0.000000,0.000000,0,0,0,0,0,0,0,0,0,0,0,0.045257568359375,-0.004302978515625,-16.921501,-16.921501,59.999992,-3.0784998,-3.0784998,-3.0784998,-3.0784998,-16.921501,Object notstarted,Object notstarted,Object notstarted,Object notstarted,Object notstarted,Object notstarted,Object notstarted,Object notstarted,Object notstarted
2024-03-18 10:33:37,290.290,__main___datalogs,INFO,JoyConState.USE_SNS,-6.587500,12.362500,-184.640000,6.621453,0.006408,0.012359,0.025328,8.749167,0.000000,0.000000,0.000000,0,0,0,0,0,0,0,0,0,0,0,0.045257568359375,-0.004302978515625,-18.466076,-18.466076,59.999992,-1.5339239,-1.5339239,-1.5339239,-1.5339239,-18.466076,Object notstarted,Object notstarted,Object notstarted,Object notstarted,Object notstarted,Object notstarted,Object notstarted,Object notstarted,Object notstarted
2024-03-18 10:33:37,430.430,__main___datalogs,INFO,JoyConState.USE_SNS,-6.587500,12.362500,-184.640000,6.320720,0.009002,0.012664,0.025176,8.781223,0.000000,0.000000,0.000000,0,0,0,0,0,0,0,0,0,0,0,0.045257568359375,-0.004302978515625,-19.235691,-19.235691,59.999992,-0.76430815,-0.76430815,-0.76430815,-0.76430815,-19.235691,Object notstarted,Object notstarted,Object notstarted,Object notstarted,Object notstarted,Object notstarted,Object notstarted,Object notstarted,Object notstarted
2024-03-18 10:33:37,590.590,__main___datalogs,INFO,JoyConState.USE_SNS,-6.587500,12.362500,-184.640000,7.193775,0.009155,0.013122,0.026854,8.813279,0.000000,0.000000,0.000000,0,0,0,0,0,0,0,0,0,0,0,0.045257568359375,-0.004302978515625,-9.584566,-9.584566,59.999992,-10.415434,-10.415434,-10.415434,-10.415434,-9.584566,Object notstarted,Object notstarted,Object notstarted,Object notstarted,Object notstarted,Object notstarted,Object notstarted,Object notstarted,Object notstarted
2024-03-18 10:33:37,696.696,__main___datalogs,INFO,JoyConState.USE_SNS,-6.587500,12.362500,-184.640000,6.875954,0.009155,0.011443,0.022887,8.845335,0.000000,0.000000,0.000000,0,0,0,0,0,0,0,0,0,0,0,0.045257568359375,-0.004302978515625,-4.775701,-4.775701,59.999992,-15.224299,-15.224299,-15.224299,-15.224299,-4.775701,Object notstarted,Object notstarted,Object notstarted,Object notstarted,Object notstarted,Object notstarted,Object notstarted,Object notstarted,Object notstarted
2024-03-18 10:33:37,822.822,__main___datalogs,INFO,JoyConState.USE_SNS,-6.587500,12.362500,-184.640000,6.020903,0.008850,0.012206,0.026854,8.877390,0.000000,0.000000,0.000000,0,0,0,0,0,0,0,0,0,0,0,0.045257568359375,-0.004302978515625,-2.3795881,-2.3795881,59.999992,-17.620413,-17.620413,-17.620413,-17.620413,-2.3795881,Object notstarted,Object notstarted,Object notstarted,Object notstarted,Object notstarted,Object notstarted,Object notstarted,Object notstarted,Object notstarted
2024-03-18 10:33:37,945.945,__main___datalogs,INFO,JoyConState.USE_SNS,-6.587500,12.362500,-184.640000,6.312939,0.008850,0.012206,0.026701,8.909445,0.000000,0.000000,0.000000,0,0,0,0,0,0,0,0,0,0,0,0.045257568359375,-0.004302978515625,-1.1856772,-1.1856772,59.999992,-18.814323,-18.814323,-18.814323,-18.814323,-1.1856772,Object notstarted,Object notstarted,Object notstarted,Object notstarted,Object notstarted,Object notstarted,Object notstarted,Object notstarted,Object notstarted
2024-03-18 10:33:38,052.052,__main___datalogs,INFO,JoyConState.USE_SNS,-6.587500,12.362500,-184.640000,6.457278,0.011596,0.012664,0.024870,8.941500,0.000000,0.000000,0.000000,0,0,0,0,0,0,0,0,0,0,0,0.045257568359375,-0.004302978515625,-6.4731402,-6.4731402,59.999992,-13.52686,-13.52686,-13.52686,-13.52686,-6.4731402,Object notstarted,Object notstarted,Object notstarted,Object notstarted,Object notstarted,Object notstarted,Object notstarted,Object notstarted,Object notstarted
2024-03-18 10:33:38,159.159,__main___datalogs,INFO,JoyConState.USE_SNS,-6.587500,12.362500,-184.640000,7.002899,0.009765,0.012664,0.026854,8.973557,0.000000,0.000000,0.000000,0,0,0,0,0,0,0,0,0,0,0,0.045257568359375,-0.004302978515625,-13.259973,-13.259973,59.999992,-6.7400274,-6.7400274,-6.7400274,-6.7400274,-13.259973,Object notstarted,Object notstarted,Object notstarted,Object notstarted,Object notstarted,Object notstarted,Object notstarted,Object notstarted,Object notstarted
2024-03-18 10:33:38,267.267,__main___datalogs,INFO,JoyConState.USE_SNS,-6.587500,12.362500,-184.640000,6.274947,0.009765,0.014495,0.026549,9.005613,0.000000,0.000000,0.000000,0,0,0,0,0,0,0,0,0,0,0,0.045257568359375,-0.004302978515625,-16.641647,-16.641647,59.999992,-3.358353,-3.358353,-3.358353,-3.358353,-16.641647,Object notstarted,Object notstarted,Object notstarted,Object notstarted,Object notstarted,Object notstarted,Object notstarted,Object notstarted,Object notstarted
2024-03-18 10:33:38,391.391,__main___datalogs,INFO,JoyConState.USE_SNS,-6.587500,12.362500,-184.640000,6.783186,0.008850,0.013274,0.027159,9.037671,0.000000,0.000000,0.000000,0,0,0,0,0,0,0,0,0,0,0,0.045257568359375,-0.004302978515625,-18.326633,-18.326633,59.999992,-1.6733663,-1.6733663,-1.6733663,-1.6733663,-18.326633,Object notstarted,Object notstarted,Object notstarted,Object notstarted,Object notstarted,Object notstarted,Object notstarted,Object notstarted,Object notstarted
2024-03-18 10:33:38,515.515,__main___datalogs,INFO,JoyConState.USE_SNS,-6.587500,12.362500,-184.640000,6.794629,0.009460,0.012969,0.024870,9.069728,0.000000,0.000000,0.000000,0,0,0,0,0,0,0,0,0,0,0,0.045257568359375,-0.004302978515625,-19.166212,-19.166212,59.999992,-0.8337881,-0.8337881,-0.8337881,-0.8337881,-19.166212,Object notstarted,Object notstarted,Object notstarted,Object notstarted,Object notstarted,Object notstarted,Object notstarted,Object notstarted,Object notstarted
2024-03-18 10:33:38,637.637,__main___datalogs,INFO,JoyConState.USE_SNS,-6.587500,12.362500,-184.640000,7.263198,0.008850,0.014495,0.024565,9.101785,0.000000,0.000000,0.000000,0,0,0,0,0,0,0,0,0,0,0,0.045257568359375,-0.004302978515625,-9.549947,-9.549947,59.999992,-10.450054,-10.450054,-10.450054,-10.450054,-9.549947,Object notstarted,Object notstarted,Object notstarted,Object notstarted,Object notstarted,Object notstarted,Object notstarted,Object notstarted,Object notstarted
2024-03-18 10:33:38,761.761,__main___datalogs,INFO,JoyConState.USE_SNS,-6.587500,12.362500,-184.640000,6.852609,0.008545,0.015105,0.027006,9.133843,0.000000,0.000000,0.000000,0,0,0,0,0,0,0,0,0,0,0,0.045257568359375,-0.004302978515625,-4.758451,-4.758451,59.999992,-15.2415495,-15.2415495,-15.2415495,-15.2415495,-4.758451,Object notstarted,Object notstarted,Object notstarted,Object notstarted,Object notstarted,Object notstarted,Object notstarted,Object notstarted,Object notstarted
2024-03-18 10:33:38,871.871,__main___datalogs,INFO,JoyConState.USE_SNS,-6.587500,12.362500,-184.640000,6.774031,0.006561,0.012359,0.024718,9.165900,0.000000,0.000000,0.000000,0,0,0,0,0,0,0,0,0,0,0,0.045257568359375,-0.004302978515625,-2.3709931,-2.3709931,59.999992,-17.62901,-17.62901,-17.62901,-17.62901,-2.3709931,Object notstarted,Object notstarted,Object notstarted,Object notstarted,Object notstarted,Object notstarted,Object notstarted,Object notstarted,Object notstarted
2024-03-18 10:33:38,979.979,__main___datalogs,INFO,JoyConState.USE_SNS,-6.587500,12.362500,-184.640000,6.357187,0.008850,0.016784,0.026549,9.197956,0.000000,0.000000,0.000000,0,0,0,0,0,0,0,0,0,0,0,0.045257568359375,-0.004302978515625,-1.1813946,-1.1813946,59.999992,-18.818607,-18.818607,-18.818607,-18.818607,-1.1813946,Object notstarted,Object notstarted,Object notstarted,Object notstarted,Object notstarted,Object notstarted,Object notstarted,Object notstarted,Object notstarted
2024-03-18 10:33:39,086.086,__main___datalogs,INFO,JoyConState.USE_SNS,-6.587500,12.362500,-184.640000,6.532347,0.009460,0.012359,0.027312,9.230011,0.000000,0.000000,0.000000,0,0,0,0,0,0,0,0,0,0,0,0.045257568359375,-0.004302978515625,-0.5886534,-0.5886534,59.999992,-19.411348,-19.411348,-19.411348,-19.411348,-0.5886534,Object notstarted,Object notstarted,Object notstarted,Object notstarted,Object notstarted,Object notstarted,Object notstarted,Object notstarted,Object notstarted
2024-03-18 10:33:39,208.208,__main___datalogs,INFO,JoyConState.USE_SNS,-6.587500,12.362500,-184.640000,6.712084,0.009765,0.012817,0.026549,9.262066,0.000000,0.000000,0.000000,0,0,0,0,0,0,0,0,0,0,0,0.045257568359375,-0.004302978515625,-10.32791,-10.32791,59.999992,-9.672091,-9.672091,-9.672091,-9.672091,-10.32791,Object notstarted,Object notstarted,Object notstarted,Object notstarted,Object notstarted,Object notstarted,Object notstarted,Object notstarted,Object notstarted
2024-03-18 10:33:39,319.319,__main___datalogs,INFO,JoyConState.USE_SNS,-6.587500,12.362500,-184.640000,6.420812,0.009765,0.011443,0.023650,9.294122,0.000000,0.000000,0.000000,0,0,0,0,0,0,0,0,0,0,0,0.045257568359375,-0.004302978515625,-5.146087,-5.146087,59.999992,-14.853914,-14.853914,-14.853914,-14.853914,-5.146087,Object notstarted,Object notstarted,Object notstarted,Object notstarted,Object notstarted,Object notstarted,Object notstarted,Object notstarted,Object notstarted
2024-03-18 10:33:39,426.426,__main___datalogs,INFO,JoyConState.USE_SNS,-6.587500,12.362500,-184.640000,6.585139,0.007782,0.012817,0.023955,9.326178,0.000000,0.000000,0.000000,0,0,0,0,0,0,0,0,0,0,0,0.045257568359375,-0.004302978515625,-2.5641403,-2.5641403,59.999992,-17.435862,-17.435862,-17.435862,-17.435862,-2.5641403,Object notstarted,Object notstarted,Object notstarted,Object notstarted,Object notstarted,Object notstarted,Object notstarted,Object notstarted,Object notstarted
2024-03-18 10:33:39,566.566,__main___datalogs,INFO,JoyConState.USE_SNS,-6.587500,12.362500,-184.640000,6.486878,0.009765,0.012206,0.026396,9.358234,0.000000,0.000000,0.000000,0,0,0,0,0,0,0,0,0,0,0,0.045257568359375,-0.004302978515625,-1.277634,-1.277634,59.999992,-18.722368,-18.722368,-18.722368,-18.722368,-1.277634,Object notstarted,Object notstarted,Object notstarted,Object notstarted,Object notstarted,Object notstarted,Object notstarted,Object notstarted,Object notstarted
2024-03-18 10:33:39,689.689,__main___datalogs,INFO,JoyConState.USE_SNS,-6.587500,12.362500,-184.640000,6.383888,0.006714,0.014343,0.025328,9.390290,0.000000,0.000000,0.000000,0,0,0,0,0,0,0,0,0,0,0,0.045257568359375,-0.004302978515625,-0.63660663,-0.63660663,59.999992,-19.363396,-19.363396,-19.363396,-19.363396,-0.63660663,Object notstarted,Object notstarted,Object notstarted,Object notstarted,Object notstarted,Object notstarted,Object notstarted,Object notstarted,Object notstarted
2024-03-18 10:33:39,812.812,__main___datalogs,INFO,JoyConState.USE_SNS,-6.587500,12.362500,-184.640000,6.396399,0.008850,0.012359,0.024260,9.422346,0.000000,0.000000,0.000000,0,0,0,0,0,0,0,0,0,0,0,0.045257568359375,-0.004302978515625,-0.31720194,-0.31720194,59.999992,-19.6828,-19.6828,-19.6828,-19.6828,-0.31720194,Object notstarted,Object notstarted,Object notstarted,Object notstarted,Object notstarted,Object notstarted,Object notstarted,Object notstarted,Object notstarted
2024-03-18 10:33:39,936.936,__main___datalogs,INFO,JoyConState.USE_SNS,-6.587500,12.362500,-184.640000,6.284406,0.009918,0.014800,0.027464,9.454402,0.000000,0.000000,0.000000,0,0,0,0,0,0,0,0,0,0,0,0.045257568359375,-0.004302978515625,-6.040405,-6.040405,59.999992,-13.959597,-13.959597,-13.959597,-13.959597,-6.040405,Object notstarted,Object notstarted,Object notstarted,Object notstarted,Object notstarted,Object notstarted,Object notstarted,Object notstarted,Object notstarted
2024-03-18 10:33:40,042.042,__main___datalogs,INFO,JoyConState.USE_SNS,-6.587500,12.362500,-184.640000,6.200793,0.009002,0.013122,0.025176,9.486457,0.000000,0.000000,0.000000,0,0,0,0,0,0,0,0,0,0,0,0.045257568359375,-0.004302978515625,-13.0443535,-13.0443535,59.999992,-6.955647,-6.955647,-6.955647,-6.955647,-13.0443535,Object notstarted,Object notstarted,Object notstarted,Object notstarted,Object notstarted,Object notstarted,Object notstarted,Object notstarted,Object notstarted
2024-03-18 10:33:40,168.168,__main___datalogs,INFO,JoyConState.USE_SNS,-6.587500,12.362500,-184.640000,6.648612,0.009155,0.014037,0.025481,9.518511,0.000000,0.000000,0.000000,0,0,0,0,0,0,0,0,0,0,0,0.045257568359375,-0.004302978515625,-10.651858,-10.651858,59.999992,-9.348143,-9.348143,-9.348143,-9.348143,-10.651858,Object notstarted,Object notstarted,Object notstarted,Object notstarted,Object notstarted,Object notstarted,Object notstarted,Object notstarted,Object notstarted
2024-03-18 10:33:40,307.307,__main___datalogs,INFO,JoyConState.USE_SNS,-6.587500,12.362500,-184.640000,6.704455,0.009155,0.015105,0.025176,9.550565,0.000000,0.000000,0.000000,0,0,0,0,0,0,0,0,0,0,0,0.045257568359375,-0.004302978515625,-5.307501,-5.307501,59.999992,-14.6925,-14.6925,-14.6925,-14.6925,-5.307501,Object notstarted,Object notstarted,Object notstarted,Object notstarted,Object notstarted,Object notstarted,Object notstarted,Object notstarted,Object notstarted
2024-03-18 10:33:40,414.414,__main___datalogs,INFO,JoyConState.USE_SNS,-6.587500,12.362500,-184.640000,6.577815,0.009765,0.012817,0.024718,9.582619,0.000000,0.000000,0.000000,0,0,0,0,0,0,0,0,0,0,0,0.045257568359375,-0.004302978515625,-2.644568,-2.644568,59.999992,-17.355433,-17.355433,-17.355433,-17.355433,-2.644568,Object notstarted,Object notstarted,Object notstarted,Object notstarted,Object notstarted,Object notstarted,Object notstarted,Object notstarted,Object notstarted
2024-03-18 10:33:40,536.536,__main___datalogs,INFO,JoyConState.USE_SNS,-6.587500,12.362500,-184.640000,6.952090,0.013732,0.014800,0.026549,9.614673,0.000000,0.000000,0.000000,0,0,0,0,0,0,0,0,0,0,0,0.045257568359375,-0.004302978515625,-7.200062,-7.200062,59.999992,-12.79994,-12.79994,-12.79994,-12.79994,-7.200062,Object notstarted,Object notstarted,Object notstarted,Object notstarted,Object notstarted,Object notstarted,Object notstarted,Object notstarted,Object notstarted
2024-03-18 10:33:40,643.643,__main___datalogs,INFO,JoyConState.USE_SNS,-6.587500,12.362500,-184.640000,6.549588,0.009613,0.015105,0.025481,9.646727,0.000000,0.000000,0.000000,0,0,0,0,0,0,0,0,0,0,0,0.045257568359375,-0.004302978515625,-13.622176,-13.622176,59.999992,-6.377825,-6.377825,-6.377825,-6.377825,-13.622176,Object notstarted,Object notstarted,Object notstarted,Object notstarted,Object notstarted,Object notstarted,Object notstarted,Object notstarted,Object notstarted
2024-03-18 10:33:40,751.751,__main___datalogs,INFO,JoyConState.USE_SNS,-6.587500,12.362500,-184.640000,6.522582,0.010681,0.012664,0.029295,9.678782,0.000000,0.000000,0.000000,0,0,0,0,0,0,0,0,0,0,0,0.045257568359375,-0.004302978515625,-16.822123,-16.822123,59.999992,-3.1778784,-3.1778784,-3.1778784,-3.1778784,-16.822123,Object notstarted,Object notstarted,Object notstarted,Object notstarted,Object notstarted,Object notstarted,Object notstarted,Object notstarted,Object notstarted
2024-03-18 10:33:40,876.876,__main___datalogs,INFO,JoyConState.USE_SNS,-6.587500,12.362500,-184.640000,6.895789,0.008545,0.012359,0.027617,9.710837,0.000000,0.000000,0.000000,0,0,0,0,0,0,0,0,0,0,0,0.045257568359375,-0.004302978515625,-18.416561,-18.416561,59.999992,-1.5834413,-1.5834413,-1.5834413,-1.5834413,-18.416561,Object notstarted,Object notstarted,Object notstarted,Object notstarted,Object notstarted,Object notstarted,Object notstarted,Object notstarted,Object notstarted
2024-03-18 10:33:40,983.983,__main___datalogs,INFO,JoyConState.USE_SNS,-6.587500,12.362500,-184.640000,6.681874,0.008850,0.012511,0.026701,9.742893,0.000000,0.000000,0.000000,0,0,0,0,0,0,0,0,0,0,0,0.045257568359375,-0.004302978515625,-19.211021,-19.211021,59.999992,-0.78898114,-0.78898114,-0.78898114,-0.78898114,-19.211021,Object notstarted,Object notstarted,Object notstarted,Object notstarted,Object notstarted,Object notstarted,Object notstarted,Object notstarted,Object notstarted
2024-03-18 10:33:41,107.107,__main___datalogs,INFO,JoyConState.USE_SNS,-6.587500,12.362500,-184.640000,6.899908,0.009765,0.012511,0.024718,9.774949,0.000000,0.000000,0.000000,0,0,0,0,0,0,0,0,0,0,0,0.045257568359375,-0.004302978515625,-19.606876,-19.606876,59.999992,-0.39312556,-0.39312556,-0.39312556,-0.39312556,-19.606876,Object notstarted,Object notstarted,Object notstarted,Object notstarted,Object notstarted,Object notstarted,Object notstarted,Object notstarted,Object notstarted
2024-03-18 10:33:41,230.230,__main___datalogs,INFO,JoyConState.USE_SNS,-6.587500,12.362500,-184.640000,6.268538,0.010070,0.013274,0.025938,9.807005,0.000000,0.000000,0.000000,0,0,0,0,0,0,0,0,0,0,0,0.045257568359375,-0.004302978515625,-19.80412,-19.80412,59.999992,-0.19588263,-0.19588263,-0.19588263,-0.19588263,-19.80412,Object notstarted,Object notstarted,Object notstarted,Object notstarted,Object notstarted,Object notstarted,Object notstarted,Object notstarted,Object notstarted
2024-03-18 10:33:41,353.353,__main___datalogs,INFO,JoyConState.USE_SNS,-6.587500,12.362500,-184.640000,6.317058,0.010070,0.013885,0.026549,9.839061,0.000000,0.000000,0.000000,0,0,0,0,0,0,0,0,0,0,0,0.045257568359375,-0.004302978515625,-19.902401,-19.902401,59.999992,-0.09760242,-0.09760242,-0.09760242,-0.09760242,-19.902401,Object notstarted,Object notstarted,Object notstarted,Object notstarted,Object notstarted,Object notstarted,Object notstarted,Object notstarted,Object notstarted
2024-03-18 10:33:41,480.480,__main___datalogs,INFO,JoyConState.USE_SNS,-6.587500,12.362500,-184.640000,6.620537,0.009765,0.012664,0.025938,9.871116,0.000000,0.000000,0.000000,0,0,0,0,0,0,0,0,0,0,0,0.045257568359375,-0.004302978515625,-19.95137,-19.95137,59.999992,-0.048632346,-0.048632346,-0.048632346,-0.048632346,-19.95137,Object notstarted,Object notstarted,Object notstarted,Object notstarted,Object notstarted,Object notstarted,Object notstarted,Object notstarted,Object notstarted
2024-03-18 10:33:41,608.608,__main___datalogs,INFO,JoyConState.USE_SNS,-6.587500,12.362500,-184.640000,6.458804,0.009155,0.012511,0.026091,9.903171,0.000000,0.000000,0.000000,0,0,0,0,0,0,0,0,0,0,0,0.045257568359375,-0.004302978515625,-9.941168,-9.941168,59.999992,-10.058834,-10.058834,-10.058834,-10.058834,-9.941168,Object notstarted,Object notstarted,Object notstarted,Object notstarted,Object notstarted,Object notstarted,Object notstarted,Object notstarted,Object notstarted
2024-03-18 10:33:41,736.736,__main___datalogs,INFO,JoyConState.USE_SNS,-6.587500,12.362500,-184.640000,6.960940,0.009918,0.014800,0.027312,9.935226,0.000000,0.000000,0.000000,0,0,0,0,0,0,0,0,0,0,0,0.045257568359375,-0.004302978515625,-10.835737,-10.835737,59.999992,-9.164264,-9.164264,-9.164264,-9.164264,-10.835737,Object notstarted,Object notstarted,Object notstarted,Object notstarted,Object notstarted,Object notstarted,Object notstarted,Object notstarted,Object notstarted
2024-03-18 10:33:41,843.843,__main___datalogs,INFO,JoyConState.USE_SNS,-6.587500,12.362500,-184.640000,6.714526,0.010681,0.012054,0.027312,9.967282,0.000000,0.000000,0.000000,0,0,0,0,0,0,0,0,0,0,0,0.045257568359375,-0.004302978515625,-15.433724,-15.433724,59.999992,-4.566277,-4.566277,-4.566277,-4.566277,-15.433724,Object notstarted,Object notstarted,Object notstarted,Object notstarted,Object notstarted,Object notstarted,Object notstarted,Object notstarted,Object notstarted
2024-03-18 10:33:41,951.951,__main___datalogs,INFO,JoyConState.USE_SNS,-6.587500,12.362500,-184.640000,6.322856,0.009155,0.014800,0.023345,9.999339,0.000000,0.000000,0.000000,0,0,0,0,0,0,0,0,0,0,0,0.045257568359375,-0.004302978515625,-17.724762,-17.724762,59.999992,-2.2752385,-2.2752385,-2.2752385,-2.2752385,-17.724762,Object notstarted,Object notstarted,Object notstarted,Object notstarted,Object notstarted,Object notstarted,Object notstarted,Object notstarted,Object notstarted
2024-03-18 10:33:42,062.062,__main___datalogs,INFO,JoyConState.USE_SNS,-6.587500,12.362500,-184.640000,6.551114,0.007171,0.014953,0.020598,10.031396,0.000000,0.000000,0.000000,0,0,0,0,0,0,0,0,0,0,0,0.045257568359375,-0.004302978515625,-18.866318,-18.866318,59.999992,-1.1336828,-1.1336828,-1.1336828,-1.1336828,-18.866318,Object notstarted,Object notstarted,Object notstarted,Object notstarted,Object notstarted,Object notstarted,Object notstarted,Object notstarted,Object notstarted
2024-03-18 10:33:42,189.189,__main___datalogs,INFO,JoyConState.USE_SNS,-6.587500,12.362500,-184.640000,6.587428,0.008850,0.012359,0.023345,10.063453,0.000000,0.000000,0.000000,0,0,0,0,0,0,0,0,0,0,0,0.045257568359375,-0.004302978515625,-19.43512,-19.43512,59.999992,-0.5648801,-0.5648801,-0.5648801,-0.5648801,-19.43512,Object notstarted,Object notstarted,Object notstarted,Object notstarted,Object notstarted,Object notstarted,Object notstarted,Object notstarted,Object notstarted
2024-03-18 10:33:42,313.313,__main___datalogs,INFO,JoyConState.USE_SNS,-6.587500,12.362500,-184.640000,6.856576,0.007324,0.013580,0.025176,10.095509,0.000000,0.000000,0.000000,0,0,0,0,0,0,0,0,0,0,0,0.045257568359375,-0.004302978515625,-13.8361845,-13.8361845,59.999992,-6.1638155,-6.1638155,-6.1638155,-6.1638155,-13.8361845,Object notstarted,Object notstarted,Object notstarted,Object notstarted,Object notstarted,Object notstarted,Object notstarted,Object notstarted,Object notstarted
2024-03-18 10:33:42,437.437,__main___datalogs,INFO,JoyConState.USE_SNS,-6.587500,12.362500,-184.640000,6.528380,0.010528,0.012206,0.024108,10.127565,0.000000,0.000000,0.000000,0,0,0,0,0,0,0,0,0,0,0,0.045257568359375,-0.004302978515625,-12.776507,-12.776507,59.999992,-7.2234936,-7.2234936,-7.2234936,-7.2234936,-12.776507,Object notstarted,Object notstarted,Object notstarted,Object notstarted,Object notstarted,Object notstarted,Object notstarted,Object notstarted,Object notstarted
2024-03-18 10:33:42,543.543,__main___datalogs,INFO,JoyConState.USE_SNS,-6.587500,12.362500,-184.640000,6.566372,0.009765,0.012206,0.024260,10.159620,0.000000,0.000000,0.000000,0,0,0,0,0,0,0,0,0,0,0,0.045257568359375,-0.004302978515625,-16.400751,-16.400751,59.999992,-3.5992494,-3.5992494,-3.5992494,-3.5992494,-16.400751,Object notstarted,Object notstarted,Object notstarted,Object notstarted,Object notstarted,Object notstarted,Object notstarted,Object notstarted,Object notstarted
2024-03-18 10:33:42,688.688,__main___datalogs,INFO,JoyConState.USE_SNS,-6.587500,12.362500,-184.640000,6.592310,0.010375,0.008392,0.023650,10.191674,0.000000,0.000000,0.000000,0,0,0,0,0,0,0,0,0,0,0,0.045257568359375,-0.004302978515625,-18.206604,-18.206604,59.999992,-1.7933977,-1.7933977,-1.7933977,-1.7933977,-18.206604,Object notstarted,Object notstarted,Object notstarted,Object notstarted,Object notstarted,Object notstarted,Object notstarted,Object notstarted,Object notstarted
2024-03-18 10:33:42,837.837,__main___datalogs,INFO,JoyConState.USE_SNS,-6.587500,12.362500,-184.640000,6.616112,0.007324,0.015105,0.025023,10.223727,0.000000,0.000000,0.000000,0,0,0,0,0,0,0,0,0,0,0,0.045257568359375,-0.004302978515625,-19.106405,-19.106405,59.999992,-0.8935961,-0.8935961,-0.8935961,-0.8935961,-19.106405,Object notstarted,Object notstarted,Object notstarted,Object notstarted,Object notstarted,Object notstarted,Object notstarted,Object notstarted,Object notstarted
2024-03-18 10:33:43,007.007,__main___datalogs,INFO,JoyConState.USE_SNS,-6.587500,12.362500,-184.640000,6.663412,0.009460,0.011749,0.025633,10.255781,0.000000,0.000000,0.000000,0,0,0,0,0,0,0,0,0,0,0,0.045257568359375,-0.004302978515625,-13.672397,-13.672397,59.999992,-6.327605,-6.327605,-6.327605,-6.327605,-13.672397,Object notstarted,Object notstarted,Object notstarted,Object notstarted,Object notstarted,Object notstarted,Object notstarted,Object notstarted,Object notstarted
2024-03-18 10:33:43,131.131,__main___datalogs,INFO,JoyConState.USE_SNS,-6.587500,12.362500,-184.640000,6.534025,0.013427,0.012206,0.023650,10.287836,0.000000,0.000000,0.000000,0,0,0,0,0,0,0,0,0,0,0,0.045257568359375,-0.004302978515625,-12.694897,-12.694897,59.999992,-7.3051047,-7.3051047,-7.3051047,-7.3051047,-12.694897,Object notstarted,Object notstarted,Object notstarted,Object notstarted,Object notstarted,Object notstarted,Object notstarted,Object notstarted,Object notstarted
2024-03-18 10:33:43,222.222,__main___datalogs,INFO,JoyConState.USE_SNS,-6.587500,12.362500,-184.640000,6.725359,0.014037,0.012511,0.026701,10.319892,0.000000,0.000000,0.000000,0,0,0,0,0,0,0,0,0,0,0,0.045257568359375,-0.004302978515625,-16.360088,-16.360088,54.11764,-3.639914,-3.639914,-3.639914,-3.639914,-16.360088,Object notstarted,Object notstarted,Object notstarted,Object notstarted,Object notstarted,Object notstarted,Object notstarted,Object notstarted,Object notstarted
2024-03-18 10:33:43,328.328,__main___datalogs,INFO,JoyConState.USE_SNS,-6.587500,12.362500,-184.640000,6.628776,0.007171,0.016021,0.023039,10.351948,0.000000,0.000000,0.000000,0,0,0,0,0,0,0,0,0,0,0,0.045257568359375,-0.004302978515625,-18.186342,-18.186342,52.916748,-1.8136597,-1.8136597,-1.8136597,-1.8136597,-18.186342,Object notstarted,Object notstarted,Object notstarted,Object notstarted,Object notstarted,Object notstarted,Object notstarted,Object notstarted,Object notstarted
2024-03-18 10:33:43,436.436,__main___datalogs,INFO,JoyConState.USE_SNS,-6.587500,12.362500,-184.640000,6.606347,0.009613,0.012511,0.027159,10.384003,0.000000,0.000000,0.000000,0,0,0,0,0,0,0,0,0,0,0,0.045257568359375,-0.004302978515625,-19.09631,-19.09631,56.470634,-0.90369207,-0.90369207,-0.90369207,-0.90369207,-19.09631,Object notstarted,Object notstarted,Object notstarted,Object notstarted,Object notstarted,Object notstarted,Object notstarted,Object notstarted,Object notstarted
2024-03-18 10:33:43,543.543,__main___datalogs,INFO,JoyConState.USE_SNS,-6.587500,12.362500,-184.640000,6.401434,0.009918,0.012817,0.023039,10.416058,0.000000,0.000000,0.000000,0,0,0,0,0,0,0,0,0,0,0,0.045257568359375,-0.004302978515625,-19.54972,-19.54972,58.241425,-0.45028257,-0.45028257,-0.45028257,-0.45028257,-19.54972,Object notstarted,Object notstarted,Object notstarted,Object notstarted,Object notstarted,Object notstarted,Object notstarted,Object notstarted,Object notstarted
2024-03-18 10:33:43,668.668,__main___datalogs,INFO,JoyConState.USE_SNS,-6.587500,12.362500,-184.640000,6.380989,0.009765,0.016173,0.026854,10.448113,0.000000,0.000000,0.000000,0,0,0,0,0,0,0,0,0,0,0,0.045257568359375,-0.004302978515625,-19.775639,-19.775639,59.123756,-0.22436227,-0.22436227,-0.22436227,-0.22436227,-19.775639,Object notstarted,Object notstarted,Object notstarted,Object notstarted,Object notstarted,Object notstarted,Object notstarted,Object notstarted,Object notstarted
2024-03-18 10:33:43,792.792,__main___datalogs,INFO,JoyConState.USE_SNS,-6.587500,12.362500,-184.640000,6.631828,0.007934,0.012664,0.020446,10.480169,0.000000,0.000000,0.000000,0,0,0,0,0,0,0,0,0,0,0,0.045257568359375,-0.004302978515625,-19.888206,-19.888206,59.5634,-0.11179297,-0.11179297,-0.11179297,-0.11179297,-19.888206,Object notstarted,Object notstarted,Object notstarted,Object notstarted,Object notstarted,Object notstarted,Object notstarted,Object notstarted,Object notstarted
2024-03-18 10:33:43,919.919,__main___datalogs,INFO,JoyConState.USE_SNS,-6.587500,12.362500,-184.640000,6.214526,0.008697,0.012511,0.026701,10.512224,0.000000,0.000000,0.000000,0,0,0,0,0,0,0,0,0,0,0,0.045257568359375,-0.004302978515625,-9.909695,-9.909695,59.782455,-10.090305,-10.090305,-10.090305,-10.090305,-9.909695,Object notstarted,Object notstarted,Object notstarted,Object notstarted,Object notstarted,Object notstarted,Object notstarted,Object notstarted,Object notstarted
2024-03-18 10:33:44,058.058,__main___datalogs,INFO,JoyConState.USE_SNS,-6.587500,12.362500,-184.640000,6.419591,0.010528,0.012054,0.027006,10.544280,0.000000,0.000000,0.000000,0,0,0,0,0,0,0,0,0,0,0,0.045257568359375,-0.004302978515625,-10.820055,-10.820055,59.89161,-9.179944,-9.179944,-9.179944,-9.179944,-10.820055,Object notstarted,Object notstarted,Object notstarted,Object notstarted,Object notstarted,Object notstarted,Object notstarted,Object notstarted,Object notstarted
2024-03-18 10:33:44,199.199,__main___datalogs,INFO,JoyConState.USE_SNS,-6.587500,12.362500,-184.640000,6.805157,0.011901,0.012359,0.025938,10.576336,0.000000,0.000000,0.000000,0,0,0,0,0,0,0,0,0,0,0,0.045257568359375,-0.004302978515625,-15.42591,-15.42591,59.946,-4.57409,-4.57409,-4.57409,-4.57409,-15.42591,Object notstarted,Object notstarted,Object notstarted,Object notstarted,Object notstarted,Object notstarted,Object notstarted,Object notstarted,Object notstarted
2024-03-18 10:33:44,308.308,__main___datalogs,INFO,JoyConState.USE_SNS,-6.587500,12.362500,-184.640000,6.529295,0.007324,0.015411,0.025633,10.608392,0.000000,0.000000,0.000000,0,0,0,0,0,0,0,0,0,0,0,0.045257568359375,-0.004302978515625,-17.72087,-17.72087,59.9731,-2.2791314,-2.2791314,-2.2791314,-2.2791314,-17.72087,Object notstarted,Object notstarted,Object notstarted,Object notstarted,Object notstarted,Object notstarted,Object notstarted,Object notstarted,Object notstarted
2024-03-18 10:33:44,432.432,__main___datalogs,INFO,JoyConState.USE_SNS,-6.587500,12.362500,-184.640000,6.552640,0.009155,0.012969,0.023497,10.640447,0.000000,0.000000,0.000000,0,0,0,0,0,0,0,0,0,0,0,0.045257568359375,-0.004302978515625,-18.864376,-18.864376,59.986595,-1.1356226,-1.1356226,-1.1356226,-1.1356226,-18.864376,Object notstarted,Object notstarted,Object notstarted,Object notstarted,Object notstarted,Object notstarted,Object notstarted,Object notstarted,Object notstarted
2024-03-18 10:33:44,555.555,__main___datalogs,INFO,JoyConState.USE_SNS,-6.587500,12.362500,-184.640000,6.434391,0.008850,0.012969,0.027006,10.672505,0.000000,0.000000,0.000000,0,0,0,0,0,0,0,0,0,0,0,0.045257568359375,-0.004302978515625,-19.434155,-19.434155,59.993324,-0.5658466,-0.5658466,-0.5658466,-0.5658466,-19.434155,Object notstarted,Object notstarted,Object notstarted,Object notstarted,Object notstarted,Object notstarted,Object notstarted,Object notstarted,Object notstarted
2024-03-18 10:33:44,694.694,__main___datalogs,INFO,JoyConState.USE_SNS,-6.587500,12.362500,-184.640000,6.199573,0.008392,0.013274,0.026244,10.704561,0.000000,0.000000,0.000000,0,0,0,0,0,0,0,0,0,0,0,0.045257568359375,-0.004302978515625,-19.718056,-19.718056,59.996674,-0.28194436,-0.28194436,-0.28194436,-0.28194436,-19.718056,Object notstarted,Object notstarted,Object notstarted,Object notstarted,Object notstarted,Object notstarted,Object notstarted,Object notstarted,Object notstarted
2024-03-18 10:33:44,789.789,__main___datalogs,INFO,JoyConState.USE_SNS,-6.587500,12.362500,-184.640000,6.724291,0.009307,0.012817,0.026701,10.736618,0.000000,0.000000,0.000000,0,0,0,0,0,0,0,0,0,0,0,0.045257568359375,-0.004302978515625,-9.824914,-9.824914,59.998344,-10.175087,-10.175087,-10.175087,-10.175087,-9.824914,Object notstarted,Object notstarted,Object notstarted,Object notstarted,Object notstarted,Object notstarted,Object notstarted,Object notstarted,Object notstarted
2024-03-18 10:33:44,923.923,__main___datalogs,INFO,JoyConState.USE_SNS,-6.587500,12.362500,-184.640000,6.563931,0.008850,0.012969,0.025786,10.768673,0.000000,0.000000,0.000000,0,0,0,0,0,0,0,0,0,0,0,0.045257568359375,-0.004302978515625,-4.895459,-4.895459,59.999176,-15.104542,-15.104542,-15.104542,-15.104542,-4.895459,Object notstarted,Object notstarted,Object notstarted,Object notstarted,Object notstarted,Object notstarted,Object notstarted,Object notstarted,Object notstarted
2024-03-18 10:33:45,044.044,__main___datalogs,INFO,JoyConState.USE_SNS,-6.587500,12.362500,-184.640000,5.966890,0.010375,0.012817,0.024870,10.800726,0.000000,0.000000,0.000000,0,0,0,0,0,0,0,0,0,0,0,0.045257568359375,-0.004302978515625,-8.321613,-8.321613,59.999588,-11.678389,-11.678389,-11.678389,-11.678389,-8.321613,Object notstarted,Object notstarted,Object notstarted,Object notstarted,Object notstarted,Object notstarted,Object notstarted,Object notstarted,Object notstarted
2024-03-18 10:33:45,153.153,__main___datalogs,INFO,JoyConState.USE_SNS,-6.587500,12.362500,-184.640000,6.249924,0.007782,0.016784,0.021666,10.832782,0.000000,0.000000,0.000000,0,0,0,0,0,0,0,0,0,0,0,0.045257568359375,-0.004302978515625,-14.181012,-14.181012,59.999794,-5.8189898,-5.8189898,-5.8189898,-5.8189898,-14.181012,Object notstarted,Object notstarted,Object notstarted,Object notstarted,Object notstarted,Object notstarted,Object notstarted,Object notstarted,Object notstarted
2024-03-18 10:33:45,292.292,__main___datalogs,INFO,JoyConState.USE_SNS,-6.587500,12.362500,-184.640000,6.741837,0.010528,0.013274,0.025023,10.864836,0.000000,0.000000,0.000000,0,0,0,0,0,0,0,0,0,0,0,0.045257568359375,-0.004302978515625,-12.948324,-12.948324,59.9999,-7.051677,-7.051677,-7.051677,-7.051677,-12.948324,Object notstarted,Object notstarted,Object notstarted,Object notstarted,Object notstarted,Object notstarted,Object notstarted,Object notstarted,Object notstarted
2024-03-18 10:33:45,401.401,__main___datalogs,INFO,JoyConState.USE_SNS,-6.587500,12.362500,-184.640000,6.094904,0.008239,0.012969,0.022734,10.896889,0.000000,0.000000,0.000000,0,0,0,0,0,0,0,0,0,0,0,0.045257568359375,-0.004302978515625,-16.486362,-16.486362,59.999954,-3.5136385,-3.5136385,-3.5136385,-3.5136385,-16.486362,Object notstarted,Object notstarted,Object notstarted,Object notstarted,Object notstarted,Object notstarted,Object notstarted,Object notstarted,Object notstarted
2024-03-18 10:33:45,507.507,__main___datalogs,INFO,JoyConState.USE_SNS,-6.587500,12.362500,-184.640000,6.555691,0.009613,0.012359,0.027464,10.928946,0.000000,0.000000,0.000000,0,0,0,0,0,0,0,0,0,0,0,0.045257568359375,-0.004302978515625,-18.249262,-18.249262,59.999977,-1.7507404,-1.7507404,-1.7507404,-1.7507404,-18.249262,Object notstarted,Object notstarted,Object notstarted,Object notstarted,Object notstarted,Object notstarted,Object notstarted,Object notstarted,Object notstarted
2024-03-18 10:33:45,635.635,__main___datalogs,INFO,JoyConState.USE_SNS,-6.587500,12.362500,-184.640000,6.502747,0.009155,0.012969,0.027464,10.961001,0.000000,0.000000,0.000000,0,0,0,0,0,0,0,0,0,0,0,0.045257568359375,-0.004302978515625,-19.127659,-19.127659,59.999992,-0.87234133,-0.87234133,-0.87234133,-0.87234133,-19.127659,Object notstarted,Object notstarted,Object notstarted,Object notstarted,Object notstarted,Object notstarted,Object notstarted,Object notstarted,Object notstarted
2024-03-18 10:33:45,758.758,__main___datalogs,INFO,JoyConState.USE_SNS,-6.587500,12.362500,-184.640000,6.925389,0.009765,0.012969,0.027312,10.993057,0.000000,0.000000,0.000000,0,0,0,0,0,0,0,0,0,0,0,0.045257568359375,-0.004302978515625,-19.565338,-19.565338,59.999992,-0.43466142,-0.43466142,-0.43466142,-0.43466142,-19.565338,Object notstarted,Object notstarted,Object notstarted,Object notstarted,Object notstarted,Object notstarted,Object notstarted,Object notstarted,Object notstarted
2024-03-18 10:33:45,914.914,__main___datalogs,INFO,JoyConState.USE_SNS,-6.587500,12.362500,-184.640000,6.482759,0.009460,0.012817,0.020293,11.025113,0.000000,0.000000,0.000000,0,0,0,0,0,0,0,0,0,0,0,0.045257568359375,-0.004302978515625,-19.78342,-19.78342,59.999992,-0.2165787,-0.2165787,-0.2165787,-0.2165787,-19.78342,Object notstarted,Object notstarted,Object notstarted,Object notstarted,Object notstarted,Object notstarted,Object notstarted,Object notstarted,Object notstarted
2024-03-18 10:33:46,042.042,__main___datalogs,INFO,JoyConState.USE_SNS,-6.587500,12.362500,-184.640000,6.907537,0.009460,0.016021,0.027006,11.057169,0.000000,0.000000,0.000000,0,0,0,0,0,0,0,0,0,0,0,0.045257568359375,-0.004302978515625,-19.892086,-19.892086,59.999992,-0.10791466,-0.10791466,-0.10791466,-0.10791466,-19.892086,Object notstarted,Object notstarted,Object notstarted,Object notstarted,Object notstarted,Object notstarted,Object notstarted,Object notstarted,Object notstarted
2024-03-18 10:33:46,184.184,__main___datalogs,INFO,JoyConState.USE_SNS,-6.587500,12.362500,-184.640000,6.723070,0.008697,0.013274,0.026854,11.089224,0.000000,0.000000,0.000000,0,0,0,0,0,0,0,0,0,0,0,0.045257568359375,-0.004302978515625,-9.911628,-9.911628,59.999992,-10.088373,-10.088373,-10.088373,-10.088373,-9.911628,Object notstarted,Object notstarted,Object notstarted,Object notstarted,Object notstarted,Object notstarted,Object notstarted,Object notstarted,Object notstarted
2024-03-18 10:33:46,291.291,__main___datalogs,INFO,JoyConState.USE_SNS,-6.587500,12.362500,-184.640000,6.654715,0.008850,0.016936,0.025023,11.121279,0.000000,0.000000,0.000000,0,0,0,0,0,0,0,0,0,0,0,0.045257568359375,-0.004302978515625,-4.938666,-4.938666,59.999992,-15.061335,-15.061335,-15.061335,-15.061335,-4.938666,Object notstarted,Object notstarted,Object notstarted,Object notstarted,Object notstarted,Object notstarted,Object notstarted,Object notstarted,Object notstarted
2024-03-18 10:33:46,417.417,__main___datalogs,INFO,JoyConState.USE_SNS,-6.587500,12.362500,-184.640000,6.339030,0.009460,0.012664,0.026854,11.153334,0.000000,0.000000,0.000000,0,0,0,0,0,0,0,0,0,0,0,0.045257568359375,-0.004302978515625,-2.4607887,-2.4607887,59.999992,-17.539211,-17.539211,-17.539211,-17.539211,-2.4607887,Object notstarted,Object notstarted,Object notstarted,Object notstarted,Object notstarted,Object notstarted,Object notstarted,Object notstarted,Object notstarted
2024-03-18 10:33:46,524.524,__main___datalogs,INFO,JoyConState.USE_SNS,-6.587500,12.362500,-184.640000,6.404028,0.009460,0.012969,0.024718,11.185390,0.000000,0.000000,0.000000,0,0,0,0,0,0,0,0,0,0,0,0.045257568359375,-0.004302978515625,-1.226137,-1.226137,59.999992,-18.773865,-18.773865,-18.773865,-18.773865,-1.226137,Object notstarted,Object notstarted,Object notstarted,Object notstarted,Object notstarted,Object notstarted,Object notstarted,Object notstarted,Object notstarted
2024-03-18 10:33:46,648.648,__main___datalogs,INFO,JoyConState.USE_SNS,-6.587500,12.362500,-184.640000,6.474367,0.009460,0.008239,0.026549,11.217445,0.000000,0.000000,0.000000,0,0,0,0,0,0,0,0,0,0,0,0.045257568359375,-0.004302978515625,-0.6109472,-0.6109472,59.999992,-19.389053,-19.389053,-19.389053,-19.389053,-0.6109472,Object notstarted,Object notstarted,Object notstarted,Object notstarted,Object notstarted,Object notstarted,Object notstarted,Object notstarted,Object notstarted
2024-03-18 10:33:46,803.803,__main___datalogs,INFO,JoyConState.USE_SNS,-6.587500,12.362500,-184.640000,6.856271,0.009307,0.012664,0.023345,11.249500,0.000000,0.000000,0.000000,0,0,0,0,0,0,0,0,0,0,0,0.045257568359375,-0.004302978515625,-0.30441663,-0.30441663,59.999992,-19.695583,-19.695583,-19.695583,-19.695583,-0.30441663,Object notstarted,Object notstarted,Object notstarted,Object notstarted,Object notstarted,Object notstarted,Object notstarted,Object notstarted,Object notstarted
2024-03-18 10:33:46,930.930,__main___datalogs,INFO,JoyConState.USE_SNS,-6.587500,12.362500,-184.640000,6.627708,0.009918,0.012511,0.024413,11.281556,0.000000,0.000000,0.000000,0,0,0,0,0,0,0,0,0,0,0,0.045257568359375,-0.004302978515625,-0.15168165,-0.15168165,59.999992,-19.84832,-19.84832,-19.84832,-19.84832,-0.15168165,Object notstarted,Object notstarted,Object notstarted,Object notstarted,Object notstarted,Object notstarted,Object notstarted,Object notstarted,Object notstarted
2024-03-18 10:33:47,073.073,__main___datalogs,INFO,JoyConState.USE_SNS,-6.587500,12.362500,-184.640000,6.565304,0.009155,0.013122,0.024260,11.313611,0.000000,0.000000,0.000000,0,0,0,0,0,0,0,0,0,0,0,0.045257568359375,-0.004302978515625,-0.07557841,-0.07557841,59.999992,-19.924423,-19.924423,-19.924423,-19.924423,-0.07557841,Object notstarted,Object notstarted,Object notstarted,Object notstarted,Object notstarted,Object notstarted,Object notstarted,Object notstarted,Object notstarted
2024-03-18 10:33:47,182.182,__main___datalogs,INFO,JoyConState.USE_SNS,-6.587500,12.362500,-184.640000,6.962008,0.008850,0.012817,0.026244,11.345667,0.000000,0.000000,0.000000,0,0,0,0,0,0,0,0,0,0,0,0.045257568359375,-0.004302978515625,-0.037658446,-0.037658446,59.999992,-19.962341,-19.962341,-19.962341,-19.962341,-0.037658446,Object notstarted,Object notstarted,Object notstarted,Object notstarted,Object notstarted,Object notstarted,Object notstarted,Object notstarted,Object notstarted
2024-03-18 10:33:47,305.305,__main___datalogs,INFO,JoyConState.USE_SNS,-6.587500,12.362500,-184.640000,6.469790,0.009307,0.012817,0.026396,11.377720,0.000000,0.000000,0.000000,0,0,0,0,0,0,0,0,0,0,0,0.045257568359375,-0.004302978515625,-0.018764071,-0.018764071,59.999992,-19.981236,-19.981236,-19.981236,-19.981236,-0.018764071,Object notstarted,Object notstarted,Object notstarted,Object notstarted,Object notstarted,Object notstarted,Object notstarted,Object notstarted,Object notstarted
2024-03-18 10:33:47,412.412,__main___datalogs,INFO,JoyConState.USE_SNS,-6.587500,12.362500,-184.640000,6.234056,0.008850,0.012817,0.026091,11.409776,0.000000,0.000000,0.000000,0,0,0,0,0,0,0,0,0,0,0,0.045257568359375,-0.004302978515625,-0.0093495725,-0.0093495725,59.999992,-19.99065,-19.99065,-19.99065,-19.99065,-0.0093495725,Object notstarted,Object notstarted,Object notstarted,Object notstarted,Object notstarted,Object notstarted,Object notstarted,Object notstarted,Object notstarted
2024-03-18 10:33:47,537.537,__main___datalogs,INFO,JoyConState.USE_SNS,-6.587500,12.362500,-184.640000,6.536314,0.008850,0.017242,0.023039,11.441829,0.000000,0.000000,0.000000,0,0,0,0,0,0,0,0,0,0,0,0.045257568359375,-0.004302978515625,-0.0046586106,-0.0046586106,59.999992,-19.995342,-19.995342,-19.995342,-19.995342,-0.0046586106,Object notstarted,Object notstarted,Object notstarted,Object notstarted,Object notstarted,Object notstarted,Object notstarted,Object notstarted,Object notstarted
2024-03-18 10:33:47,697.697,__main___datalogs,INFO,JoyConState.USE_SNS,-6.587500,12.362500,-184.640000,6.245957,0.008697,0.012817,0.024718,11.473884,0.000000,0.000000,0.000000,0,0,0,0,0,0,0,0,0,0,0,0.045257568359375,-0.004302978515625,-0.0023212456,-0.0023212456,59.999992,-19.997679,-19.997679,-19.997679,-19.997679,-0.0023212456,Object notstarted,Object notstarted,Object notstarted,Object notstarted,Object notstarted,Object notstarted,Object notstarted,Object notstarted,Object notstarted
2024-03-18 10:33:47,820.820,__main___datalogs,INFO,JoyConState.USE_SNS,-6.587500,12.362500,-184.640000,5.932713,0.008697,0.012206,0.024413,11.505940,0.000000,0.000000,0.000000,0,0,0,0,0,0,0,0,0,0,0,0.045257568359375,-0.004302978515625,-0.0011566068,-0.0011566068,59.999992,-19.998844,-19.998844,-19.998844,-19.998844,-0.0011566068,Object notstarted,Object notstarted,Object notstarted,Object notstarted,Object notstarted,Object notstarted,Object notstarted,Object notstarted,Object notstarted
2024-03-18 10:33:47,944.944,__main___datalogs,INFO,JoyConState.USE_SNS,-6.587500,12.362500,-184.640000,5.816753,0.008697,0.012664,0.019530,11.537997,0.000000,0.000000,0.000000,0,0,0,0,0,0,0,0,0,0,0,0.045257568359375,-0.004302978515625,-0.0005763024,-0.0005763024,59.999992,-19.999424,-19.999424,-19.999424,-19.999424,-0.0005763024,Object notstarted,Object notstarted,Object notstarted,Object notstarted,Object notstarted,Object notstarted,Object notstarted,Object notstarted,Object notstarted
2024-03-18 10:33:48,085.085,__main___datalogs,INFO,JoyConState.USE_SNS,-6.587500,12.362500,-184.640000,6.331401,0.008392,0.013885,0.027006,11.570055,0.000000,0.000000,0.000000,0,0,0,0,0,0,0,0,0,0,0,0.045257568359375,-0.004302978515625,-0.00028715414,-0.00028715414,59.999992,-19.999714,-19.999714,-19.999714,-19.999714,-0.00028715414,Object notstarted,Object notstarted,Object notstarted,Object notstarted,Object notstarted,Object notstarted,Object notstarted,Object notstarted,Object notstarted
2024-03-18 10:33:48,213.213,__main___datalogs,INFO,JoyConState.USE_SNS,-6.587500,12.362500,-184.640000,6.282423,0.008850,0.013122,0.023650,11.602110,0.000000,0.000000,0.000000,0,0,0,0,0,0,0,0,0,0,0,0.045257568359375,-0.004302978515625,-0.00014308027,-0.00014308027,59.999992,-19.999859,-19.999859,-19.999859,-19.999859,-0.00014308027,Object notstarted,Object notstarted,Object notstarted,Object notstarted,Object notstarted,Object notstarted,Object notstarted,Object notstarted,Object notstarted
2024-03-18 10:33:48,322.322,__main___datalogs,INFO,JoyConState.USE_SNS,-6.587500,12.362500,-184.640000,6.059506,0.008697,0.012664,0.026244,11.634167,0.000000,0.000000,0.000000,0,0,0,0,0,0,0,0,0,0,0,0.045257568359375,-0.004302978515625,-7.129259e-05,-7.129259e-05,59.999992,-19.999931,-19.999931,-19.999931,-19.999931,-7.129259e-05,Object notstarted,Object notstarted,Object notstarted,Object notstarted,Object notstarted,Object notstarted,Object notstarted,Object notstarted,Object notstarted
2024-03-18 10:33:48,448.448,__main___datalogs,INFO,JoyConState.USE_SNS,-6.587500,12.362500,-184.640000,6.720934,0.011749,0.016021,0.023955,11.666222,0.000000,0.000000,0.000000,0,0,0,0,0,0,0,0,0,0,0,0.045257568359375,-0.004302978515625,-5.882388,-5.882388,59.999992,-14.117613,-14.117613,-14.117613,-14.117613,-5.882388,Object notstarted,Object notstarted,Object notstarted,Object notstarted,Object notstarted,Object notstarted,Object notstarted,Object notstarted,Object notstarted
2024-03-18 10:33:48,555.555,__main___datalogs,INFO,JoyConState.USE_SNS,-6.587500,12.362500,-184.640000,6.684620,0.009155,0.012511,0.026701,11.698277,0.000000,0.000000,0.000000,0,0,0,0,0,0,0,0,0,0,0,0.045257568359375,-0.004302978515625,-12.965619,-12.965619,59.999992,-7.034382,-7.034382,-7.034382,-7.034382,-12.965619,Object notstarted,Object notstarted,Object notstarted,Object notstarted,Object notstarted,Object notstarted,Object notstarted,Object notstarted,Object notstarted
2024-03-18 10:33:48,662.662,__main___datalogs,INFO,JoyConState.USE_SNS,-6.587500,12.362500,-184.640000,6.267470,0.006103,0.012664,0.024413,11.730332,0.000000,0.000000,0.000000,0,0,0,0,0,0,0,0,0,0,0,0.045257568359375,-0.004302978515625,-16.49498,-16.49498,59.999992,-3.5050209,-3.5050209,-3.5050209,-3.5050209,-16.49498,Object notstarted,Object notstarted,Object notstarted,Object notstarted,Object notstarted,Object notstarted,Object notstarted,Object notstarted,Object notstarted
2024-03-18 10:33:48,802.802,__main___datalogs,INFO,JoyConState.USE_SNS,-6.587500,12.362500,-184.640000,6.810192,0.011291,0.016326,0.026701,11.762385,0.000000,0.000000,0.000000,0,0,0,0,0,0,0,0,0,0,0,0.045257568359375,-0.004302978515625,-18.253553,-18.253553,59.999992,-1.7464465,-1.7464465,-1.7464465,-1.7464465,-18.253553,Object notstarted,Object notstarted,Object notstarted,Object notstarted,Object notstarted,Object notstarted,Object notstarted,Object notstarted,Object notstarted
2024-03-18 10:33:48,910.910,__main___datalogs,INFO,JoyConState.USE_SNS,-6.587500,12.362500,-184.640000,6.380989,0.008697,0.012664,0.022277,11.794440,0.000000,0.000000,0.000000,0,0,0,0,0,0,0,0,0,0,0,0.045257568359375,-0.004302978515625,-19.129799,-19.129799,59.999992,-0.87020177,-0.87020177,-0.87020177,-0.87020177,-19.129799,Object notstarted,Object notstarted,Object notstarted,Object notstarted,Object notstarted,Object notstarted,Object notstarted,Object notstarted,Object notstarted
2024-03-18 10:33:49,066.066,__main___datalogs,INFO,JoyConState.USE_SNS,-6.587500,12.362500,-184.640000,6.324687,0.007934,0.008850,0.026396,11.826496,0.000000,0.000000,0.000000,0,0,0,0,0,0,0,0,0,0,0,0.045257568359375,-0.004302978515625,-19.566406,-19.566406,59.999992,-0.43359536,-0.43359536,-0.43359536,-0.43359536,-19.566406,Object notstarted,Object notstarted,Object notstarted,Object notstarted,Object notstarted,Object notstarted,Object notstarted,Object notstarted,Object notstarted
2024-03-18 10:33:49,194.194,__main___datalogs,INFO,JoyConState.USE_SNS,-6.587500,12.362500,-184.640000,6.077357,0.008239,0.012664,0.025481,11.858553,0.000000,0.000000,0.000000,0,0,0,0,0,0,0,0,0,0,0,0.045257568359375,-0.004302978515625,-19.783955,-19.783955,59.999992,-0.21604753,-0.21604753,-0.21604753,-0.21604753,-19.783955,Object notstarted,Object notstarted,Object notstarted,Object notstarted,Object notstarted,Object notstarted,Object notstarted,Object notstarted,Object notstarted
2024-03-18 10:33:49,301.301,__main___datalogs,INFO,JoyConState.USE_SNS,-6.587500,12.362500,-184.640000,6.359628,0.008545,0.008087,0.025481,11.890608,0.000000,0.000000,0.000000,0,0,0,0,0,0,0,0,0,0,0,0.045257568359375,-0.004302978515625,-9.85775,-9.85775,59.999992,-10.142252,-10.142252,-10.142252,-10.142252,-9.85775,Object notstarted,Object notstarted,Object notstarted,Object notstarted,Object notstarted,Object notstarted,Object notstarted,Object notstarted,Object notstarted
2024-03-18 10:33:49,424.424,__main___datalogs,INFO,JoyConState.USE_SNS,-6.587500,12.362500,-184.640000,6.740006,0.008850,0.012359,0.025023,11.922663,0.000000,0.000000,0.000000,0,0,0,0,0,0,0,0,0,0,0,0.045257568359375,-0.004302978515625,-4.91182,-4.91182,59.999992,-15.0881815,-15.0881815,-15.0881815,-15.0881815,-4.91182,Object notstarted,Object notstarted,Object notstarted,Object notstarted,Object notstarted,Object notstarted,Object notstarted,Object notstarted,Object notstarted
2024-03-18 10:33:49,551.551,__main___datalogs,INFO,JoyConState.USE_SNS,-6.587500,12.362500,-184.640000,6.388465,0.008545,0.008850,0.024565,11.954718,0.000000,0.000000,0.000000,0,0,0,0,0,0,0,0,0,0,0,0.045257568359375,-0.004302978515625,-2.4474123,-2.4474123,59.999992,-17.55259,-17.55259,-17.55259,-17.55259,-2.4474123,Object notstarted,Object notstarted,Object notstarted,Object notstarted,Object notstarted,Object notstarted,Object notstarted,Object notstarted,Object notstarted
2024-03-18 10:33:49,658.658,__main___datalogs,INFO,JoyConState.USE_SNS,-6.587500,12.362500,-184.640000,6.299359,0.008392,0.012511,0.026396,11.986774,0.000000,0.000000,0.000000,0,0,0,0,0,0,0,0,0,0,0,0.045257568359375,-0.004302978515625,-1.2194719,-1.2194719,59.999992,-18.780529,-18.780529,-18.780529,-18.780529,-1.2194719,Object notstarted,Object notstarted,Object notstarted,Object notstarted,Object notstarted,Object notstarted,Object notstarted,Object notstarted,Object notstarted
2024-03-18 10:33:49,766.766,__main___datalogs,INFO,JoyConState.USE_SNS,-6.587500,12.362500,-184.640000,6.442173,0.009307,0.012511,0.027159,12.018830,0.000000,0.000000,0.000000,0,0,0,0,0,0,0,0,0,0,0,0.045257568359375,-0.004302978515625,-0.6076262,-0.6076262,59.999992,-19.392376,-19.392376,-19.392376,-19.392376,-0.6076262,Object notstarted,Object notstarted,Object notstarted,Object notstarted,Object notstarted,Object notstarted,Object notstarted,Object notstarted,Object notstarted
2024-03-18 10:33:49,889.889,__main___datalogs,INFO,JoyConState.USE_SNS,-6.587500,12.362500,-184.640000,6.030973,0.009155,0.013427,0.026701,12.050885,0.000000,0.000000,0.000000,0,0,0,0,0,0,0,0,0,0,0,0.045257568359375,-0.004302978515625,-0.30276185,-0.30276185,59.999992,-19.697239,-19.697239,-19.697239,-19.697239,-0.30276185,Object notstarted,Object notstarted,Object notstarted,Object notstarted,Object notstarted,Object notstarted,Object notstarted,Object notstarted,Object notstarted
2024-03-18 10:33:49,999.999,__main___datalogs,INFO,JoyConState.USE_SNS,-6.587500,12.362500,-184.640000,6.436070,0.011901,0.013122,0.027159,12.082940,0.000000,0.000000,0.000000,0,0,0,0,0,0,0,0,0,0,0,0.045257568359375,-0.004302978515625,-6.03321,-6.03321,59.999992,-13.96679,-13.96679,-13.96679,-13.96679,-6.03321,Object notstarted,Object notstarted,Object notstarted,Object notstarted,Object notstarted,Object notstarted,Object notstarted,Object notstarted,Object notstarted
2024-03-18 10:33:50,137.137,__main___datalogs,INFO,JoyConState.USE_SNS,-6.587500,12.362500,-184.640000,6.346506,0.010833,0.012817,0.024870,12.114997,0.000000,0.000000,0.000000,0,0,0,0,0,0,0,0,0,0,0,0.045257568359375,-0.004302978515625,-13.04077,-13.04077,59.999992,-6.9592314,-6.9592314,-6.9592314,-6.9592314,-13.04077,Object notstarted,Object notstarted,Object notstarted,Object notstarted,Object notstarted,Object notstarted,Object notstarted,Object notstarted,Object notstarted
2024-03-18 10:33:50,272.272,__main___datalogs,INFO,JoyConState.USE_SNS,-6.587500,12.362500,-184.640000,6.817974,0.006561,0.013427,0.026701,12.147052,0.000000,0.000000,0.000000,0,0,0,0,0,0,0,0,0,0,0,0.045257568359375,-0.004302978515625,-16.532425,-16.532425,59.999992,-3.4675758,-3.4675758,-3.4675758,-3.4675758,-16.532425,Object notstarted,Object notstarted,Object notstarted,Object notstarted,Object notstarted,Object notstarted,Object notstarted,Object notstarted,Object notstarted
2024-03-18 10:33:50,398.398,__main___datalogs,INFO,JoyConState.USE_SNS,-6.587500,12.362500,-184.640000,6.754196,0.012664,0.013885,0.027312,12.179106,0.000000,0.000000,0.000000,0,0,0,0,0,0,0,0,0,0,0,0.045257568359375,-0.004302978515625,-18.272213,-18.272213,59.999992,-1.7277887,-1.7277887,-1.7277887,-1.7277887,-18.272213,Object notstarted,Object notstarted,Object notstarted,Object notstarted,Object notstarted,Object notstarted,Object notstarted,Object notstarted,Object notstarted
2024-03-18 10:33:50,536.536,__main___datalogs,INFO,JoyConState.USE_SNS,-6.587500,12.362500,-184.640000,6.404486,0.008087,0.013427,0.026854,12.211162,0.000000,0.000000,0.000000,0,0,0,0,0,0,0,0,0,0,0,0.045257568359375,-0.004302978515625,-19.139095,-19.139095,59.999992,-0.8609051,-0.8609051,-0.8609051,-0.8609051,-19.139095,Object notstarted,Object notstarted,Object notstarted,Object notstarted,Object notstarted,Object notstarted,Object notstarted,Object notstarted,Object notstarted
2024-03-18 10:33:50,643.643,__main___datalogs,INFO,JoyConState.USE_SNS,-6.587500,12.362500,-184.640000,6.383125,0.010528,0.012511,0.027006,12.243215,0.000000,0.000000,0.000000,0,0,0,0,0,0,0,0,0,0,0,0.045257568359375,-0.004302978515625,-19.571037,-19.571037,59.999992,-0.42896312,-0.42896312,-0.42896312,-0.42896312,-19.571037,Object notstarted,Object notstarted,Object notstarted,Object notstarted,Object notstarted,Object notstarted,Object notstarted,Object notstarted,Object notstarted
2024-03-18 10:33:50,751.751,__main___datalogs,INFO,JoyConState.USE_SNS,-6.587500,12.362500,-184.640000,6.614587,0.009155,0.016173,0.025176,12.275270,0.000000,0.000000,0.000000,0,0,0,0,0,0,0,0,0,0,0,0.045257568359375,-0.004302978515625,-19.78626,-19.78626,59.999992,-0.21373941,-0.21373941,-0.21373941,-0.21373941,-19.78626,Object notstarted,Object notstarted,Object notstarted,Object notstarted,Object notstarted,Object notstarted,Object notstarted,Object notstarted,Object notstarted
2024-03-18 10:33:50,876.876,__main___datalogs,INFO,JoyConState.USE_SNS,-6.587500,12.362500,-184.640000,6.432255,0.008239,0.013885,0.024260,12.307325,0.000000,0.000000,0.000000,0,0,0,0,0,0,0,0,0,0,0,0.045257568359375,-0.004302978515625,-19.893501,-19.893501,59.999992,-0.10649992,-0.10649992,-0.10649992,-0.10649992,-19.893501,Object notstarted,Object notstarted,Object notstarted,Object notstarted,Object notstarted,Object notstarted,Object notstarted,Object notstarted,Object notstarted
2024-03-18 10:33:50,999.999,__main___datalogs,INFO,JoyConState.USE_SNS,-6.587500,12.362500,-184.640000,6.493592,0.008087,0.015868,0.025786,12.339382,0.000000,0.000000,0.000000,0,0,0,0,0,0,0,0,0,0,0,0.045257568359375,-0.004302978515625,-19.946934,-19.946934,59.999992,-0.05306571,-0.05306571,-0.05306571,-0.05306571,-19.946934,Object notstarted,Object notstarted,Object notstarted,Object notstarted,Object notstarted,Object notstarted,Object notstarted,Object notstarted,Object notstarted
2024-03-18 10:33:51,106.106,__main___datalogs,INFO,JoyConState.USE_SNS,-6.587500,12.362500,-184.640000,6.692249,0.008087,0.012664,0.026244,12.371439,0.000000,0.000000,0.000000,0,0,0,0,0,0,0,0,0,0,0,0.045257568359375,-0.004302978515625,-19.97356,-19.97356,59.999992,-0.026441047,-0.026441047,-0.026441047,-0.026441047,-19.97356,Object notstarted,Object notstarted,Object notstarted,Object notstarted,Object notstarted,Object notstarted,Object notstarted,Object notstarted,Object notstarted
2024-03-18 10:33:51,232.232,__main___datalogs,INFO,JoyConState.USE_SNS,-6.587500,12.362500,-184.640000,6.208728,0.011596,0.015105,0.025786,12.403495,0.000000,0.000000,0.000000,0,0,0,0,0,0,0,0,0,0,0,0.045257568359375,-0.004302978515625,-15.834577,-15.834577,59.999992,-4.165424,-4.165424,-4.165424,-4.165424,-15.834577,Object notstarted,Object notstarted,Object notstarted,Object notstarted,Object notstarted,Object notstarted,Object notstarted,Object notstarted,Object notstarted
2024-03-18 10:33:51,359.359,__main___datalogs,INFO,JoyConState.USE_SNS,-6.587500,12.362500,-184.640000,5.639304,0.008087,0.016173,0.026549,12.435552,0.000000,0.000000,0.000000,0,0,0,0,0,0,0,0,0,0,0,0.045257568359375,-0.004302978515625,-17.924496,-17.924496,59.999992,-2.0755055,-2.0755055,-2.0755055,-2.0755055,-17.924496,Object notstarted,Object notstarted,Object notstarted,Object notstarted,Object notstarted,Object notstarted,Object notstarted,Object notstarted,Object notstarted
2024-03-18 10:33:51,467.467,__main___datalogs,INFO,JoyConState.USE_SNS,-6.587500,12.362500,-184.640000,6.425542,0.008087,0.016021,0.024718,12.467607,0.000000,0.000000,0.000000,0,0,0,0,0,0,0,0,0,0,0,0.045257568359375,-0.004302978515625,-18.96584,-18.96584,59.999992,-1.0341619,-1.0341619,-1.0341619,-1.0341619,-18.96584,Object notstarted,Object notstarted,Object notstarted,Object notstarted,Object notstarted,Object notstarted,Object notstarted,Object notstarted,Object notstarted
2024-03-18 10:33:51,590.590,__main___datalogs,INFO,JoyConState.USE_SNS,-6.587500,12.362500,-184.640000,6.268538,0.008087,0.013122,0.026396,12.499661,0.000000,0.000000,0.000000,0,0,0,0,0,0,0,0,0,0,0,0.045257568359375,-0.004302978515625,-19.484709,-19.484709,59.999992,-0.5152918,-0.5152918,-0.5152918,-0.5152918,-19.484709,Object notstarted,Object notstarted,Object notstarted,Object notstarted,Object notstarted,Object notstarted,Object notstarted,Object notstarted,Object notstarted
2024-03-18 10:33:51,716.716,__main___datalogs,INFO,JoyConState.USE_SNS,-6.587500,12.362500,-184.640000,6.169668,0.008239,0.016326,0.023650,12.531716,0.000000,0.000000,0.000000,0,0,0,0,0,0,0,0,0,0,0,0.045257568359375,-0.004302978515625,-13.860893,-13.860893,59.999992,-6.139107,-6.139107,-6.139107,-6.139107,-13.860893,Object notstarted,Object notstarted,Object notstarted,Object notstarted,Object notstarted,Object notstarted,Object notstarted,Object notstarted,Object notstarted
2024-03-18 10:33:51,823.823,__main___datalogs,INFO,JoyConState.USE_SNS,-6.587500,12.362500,-184.640000,6.360848,0.008239,0.012817,0.024260,12.563772,0.000000,0.000000,0.000000,0,0,0,0,0,0,0,0,0,0,0,0.045257568359375,-0.004302978515625,-6.9064665,-6.9064665,59.999992,-13.093534,-13.093534,-13.093534,-13.093534,-6.9064665,Object notstarted,Object notstarted,Object notstarted,Object notstarted,Object notstarted,Object notstarted,Object notstarted,Object notstarted,Object notstarted
2024-03-18 10:33:51,948.948,__main___datalogs,INFO,JoyConState.USE_SNS,-6.587500,12.362500,-184.640000,6.607721,0.009002,0.012664,0.026701,12.595828,0.000000,0.000000,0.000000,0,0,0,0,0,0,0,0,0,0,0,0.045257568359375,-0.004302978515625,-3.4412847,-3.4412847,59.999992,-16.558716,-16.558716,-16.558716,-16.558716,-3.4412847,Object notstarted,Object notstarted,Object notstarted,Object notstarted,Object notstarted,Object notstarted,Object notstarted,Object notstarted,Object notstarted
2024-03-18 10:33:52,072.072,__main___datalogs,INFO,JoyConState.USE_SNS,-6.587500,12.362500,-184.640000,6.705981,0.008545,0.012664,0.019378,12.627883,0.000000,0.000000,0.000000,0,0,0,0,0,0,0,0,0,0,0,0.045257568359375,-0.004302978515625,-1.7146887,-1.7146887,59.999992,-18.285313,-18.285313,-18.285313,-18.285313,-1.7146887,Object notstarted,Object notstarted,Object notstarted,Object notstarted,Object notstarted,Object notstarted,Object notstarted,Object notstarted,Object notstarted
2024-03-18 10:33:52,181.181,__main___datalogs,INFO,JoyConState.USE_SNS,-6.587500,12.362500,-184.640000,6.701862,0.008087,0.012511,0.025176,12.659939,0.000000,0.000000,0.000000,0,0,0,0,0,0,0,0,0,0,0,0.045257568359375,-0.004302978515625,-0.8543778,-0.8543778,59.999992,-19.145622,-19.145622,-19.145622,-19.145622,-0.8543778,Object notstarted,Object notstarted,Object notstarted,Object notstarted,Object notstarted,Object notstarted,Object notstarted,Object notstarted,Object notstarted
2024-03-18 10:33:52,303.303,__main___datalogs,INFO,JoyConState.USE_SNS,-6.587500,12.362500,-184.640000,6.539670,0.012206,0.015411,0.027312,12.691994,0.000000,0.000000,0.000000,0,0,0,0,0,0,0,0,0,0,0,0.045257568359375,-0.004302978515625,-6.3080635,-6.3080635,59.999992,-13.6919365,-13.6919365,-13.6919365,-13.6919365,-6.3080635,Object notstarted,Object notstarted,Object notstarted,Object notstarted,Object notstarted,Object notstarted,Object notstarted,Object notstarted,Object notstarted
2024-03-18 10:33:52,427.427,__main___datalogs,INFO,JoyConState.USE_SNS,-6.587500,12.362500,-184.640000,6.484132,0.008087,0.012664,0.026396,12.724050,0.000000,0.000000,0.000000,0,0,0,0,0,0,0,0,0,0,0,0.045257568359375,-0.004302978515625,-13.177721,-13.177721,59.999992,-6.8222804,-6.8222804,-6.8222804,-6.8222804,-13.177721,Object notstarted,Object notstarted,Object notstarted,Object notstarted,Object notstarted,Object notstarted,Object notstarted,Object notstarted,Object notstarted
2024-03-18 10:33:52,550.550,__main___datalogs,INFO,JoyConState.USE_SNS,-6.587500,12.362500,-184.640000,6.482606,0.007629,0.012969,0.022887,12.756105,0.000000,0.000000,0.000000,0,0,0,0,0,0,0,0,0,0,0,0.045257568359375,-0.004302978515625,-16.600664,-16.600664,59.999992,-3.399337,-3.399337,-3.399337,-3.399337,-16.600664,Object notstarted,Object notstarted,Object notstarted,Object notstarted,Object notstarted,Object notstarted,Object notstarted,Object notstarted,Object notstarted
2024-03-18 10:33:52,673.673,__main___datalogs,INFO,JoyConState.USE_SNS,-6.587500,12.362500,-184.640000,6.667836,0.008087,0.012817,0.024565,12.788160,0.000000,0.000000,0.000000,0,0,0,0,0,0,0,0,0,0,0,0.045257568359375,-0.004302978515625,-18.306213,-18.306213,59.999992,-1.6937873,-1.6937873,-1.6937873,-1.6937873,-18.306213,Object notstarted,Object notstarted,Object notstarted,Object notstarted,Object notstarted,Object notstarted,Object notstarted,Object notstarted,Object notstarted
2024-03-18 10:33:52,797.797,__main___datalogs,INFO,JoyConState.USE_SNS,-6.587500,12.362500,-184.640000,6.746720,0.008545,0.012969,0.026244,12.820215,0.000000,0.000000,0.000000,0,0,0,0,0,0,0,0,0,0,0,0.045257568359375,-0.004302978515625,-19.156036,-19.156036,59.999992,-0.84396327,-0.84396327,-0.84396327,-0.84396327,-19.156036,Object notstarted,Object notstarted,Object notstarted,Object notstarted,Object notstarted,Object notstarted,Object notstarted,Object notstarted,Object notstarted
2024-03-18 10:33:52,937.937,__main___datalogs,INFO,JoyConState.USE_SNS,-6.587500,12.362500,-184.640000,6.732835,0.009460,0.012817,0.026091,12.852270,0.000000,0.000000,0.000000,0,0,0,0,0,0,0,0,0,0,0,0.045257568359375,-0.004302978515625,-19.57948,-19.57948,59.999992,-0.4205215,-0.4205215,-0.4205215,-0.4205215,-19.57948,Object notstarted,Object notstarted,Object notstarted,Object notstarted,Object notstarted,Object notstarted,Object notstarted,Object notstarted,Object notstarted
2024-03-18 10:33:53,080.080,__main___datalogs,INFO,JoyConState.USE_SNS,-6.587500,12.362500,-184.640000,6.137626,0.008545,0.013274,0.025481,12.884325,0.000000,0.000000,0.000000,0,0,0,0,0,0,0,0,0,0,0,0.045257568359375,-0.004302978515625,-9.755866,-9.755866,59.999992,-10.244135,-10.244135,-10.244135,-10.244135,-9.755866,Object notstarted,Object notstarted,Object notstarted,Object notstarted,Object notstarted,Object notstarted,Object notstarted,Object notstarted,Object notstarted
2024-03-18 10:33:53,204.204,__main___datalogs,INFO,JoyConState.USE_SNS,-6.587500,12.362500,-184.640000,6.196369,0.008545,0.012511,0.023955,12.916382,0.000000,0.000000,0.000000,0,0,0,0,0,0,0,0,0,0,0,0.045257568359375,-0.004302978515625,-4.8610544,-4.8610544,59.999992,-15.138947,-15.138947,-15.138947,-15.138947,-4.8610544,Object notstarted,Object notstarted,Object notstarted,Object notstarted,Object notstarted,Object notstarted,Object notstarted,Object notstarted,Object notstarted
2024-03-18 10:33:53,327.327,__main___datalogs,INFO,JoyConState.USE_SNS,-6.587500,12.362500,-184.640000,6.021819,0.008697,0.012511,0.022734,12.948438,0.000000,0.000000,0.000000,0,0,0,0,0,0,0,0,0,0,0,0.045257568359375,-0.004302978515625,-2.4221172,-2.4221172,59.999992,-17.577885,-17.577885,-17.577885,-17.577885,-2.4221172,Object notstarted,Object notstarted,Object notstarted,Object notstarted,Object notstarted,Object notstarted,Object notstarted,Object notstarted,Object notstarted
2024-03-18 10:33:53,434.434,__main___datalogs,INFO,JoyConState.USE_SNS,-6.587500,12.362500,-184.640000,6.506713,0.008697,0.015411,0.027006,12.980492,0.000000,0.000000,0.000000,0,0,0,0,0,0,0,0,0,0,0,0.045257568359375,-0.004302978515625,-1.2068682,-1.2068682,59.999992,-18.793133,-18.793133,-18.793133,-18.793133,-1.2068682,Object notstarted,Object notstarted,Object notstarted,Object notstarted,Object notstarted,Object notstarted,Object notstarted,Object notstarted,Object notstarted
2024-03-18 10:33:53,558.558,__main___datalogs,INFO,JoyConState.USE_SNS,-6.587500,12.362500,-184.640000,6.685078,0.009307,0.012359,0.026549,13.012547,0.000000,0.000000,0.000000,0,0,0,0,0,0,0,0,0,0,0,0.045257568359375,-0.004302978515625,-0.6013461,-0.6013461,59.999992,-19.398655,-19.398655,-19.398655,-19.398655,-0.6013461,Object notstarted,Object notstarted,Object notstarted,Object notstarted,Object notstarted,Object notstarted,Object notstarted,Object notstarted,Object notstarted
2024-03-18 10:33:53,670.670,__main___datalogs,INFO,JoyConState.USE_SNS,-6.587500,12.362500,-184.640000,6.349252,0.010833,0.012511,0.024260,13.044602,0.000000,0.000000,0.000000,0,0,0,0,0,0,0,0,0,0,0,0.045257568359375,-0.004302978515625,-6.1819854,-6.1819854,59.999992,-13.818015,-13.818015,-13.818015,-13.818015,-6.1819854,Object notstarted,Object notstarted,Object notstarted,Object notstarted,Object notstarted,Object notstarted,Object notstarted,Object notstarted,Object notstarted
2024-03-18 10:33:53,778.778,__main___datalogs,INFO,JoyConState.USE_SNS,-6.587500,12.362500,-184.640000,6.174855,0.008850,0.012359,0.023955,13.076659,0.000000,0.000000,0.000000,0,0,0,0,0,0,0,0,0,0,0,0.045257568359375,-0.004302978515625,-13.114899,-13.114899,59.999992,-6.885101,-6.885101,-6.885101,-6.885101,-13.114899,Object notstarted,Object notstarted,Object notstarted,Object notstarted,Object notstarted,Object notstarted,Object notstarted,Object notstarted,Object notstarted
2024-03-18 10:33:53,901.901,__main___datalogs,INFO,JoyConState.USE_SNS,-6.587500,12.362500,-184.640000,6.513579,0.008087,0.012206,0.026396,13.108715,0.000000,0.000000,0.000000,0,0,0,0,0,0,0,0,0,0,0,0.045257568359375,-0.004302978515625,-16.569363,-16.569363,59.999992,-3.4306386,-3.4306386,-3.4306386,-3.4306386,-16.569363,Object notstarted,Object notstarted,Object notstarted,Object notstarted,Object notstarted,Object notstarted,Object notstarted,Object notstarted,Object notstarted
2024-03-18 10:33:54,024.024,__main___datalogs,INFO,JoyConState.USE_SNS,-6.587500,12.362500,-184.640000,6.778303,0.008392,0.013122,0.026701,13.140772,0.000000,0.000000,0.000000,0,0,0,0,0,0,0,0,0,0,0,0.045257568359375,-0.004302978515625,-12.408263,-12.408263,59.999992,-7.591737,-7.591737,-7.591737,-7.591737,-12.408263,Object notstarted,Object notstarted,Object notstarted,Object notstarted,Object notstarted,Object notstarted,Object notstarted,Object notstarted,Object notstarted
2024-03-18 10:33:54,150.150,__main___datalogs,INFO,JoyConState.USE_SNS,-6.587500,12.362500,-184.640000,6.234666,0.012054,0.012969,0.025023,13.172828,0.000000,0.000000,0.000000,0,0,0,0,0,0,0,0,0,0,0,0.045257568359375,-0.004302978515625,-12.065017,-12.065017,59.999992,-7.9349833,-7.9349833,-7.9349833,-7.9349833,-12.065017,Object notstarted,Object notstarted,Object notstarted,Object notstarted,Object notstarted,Object notstarted,Object notstarted,Object notstarted,Object notstarted
2024-03-18 10:33:54,275.275,__main___datalogs,INFO,JoyConState.USE_SNS,-6.587500,12.362500,-184.640000,6.000763,0.007934,0.012206,0.026396,13.204883,0.000000,0.000000,0.000000,0,0,0,0,0,0,0,0,0,0,0,0.045257568359375,-0.004302978515625,-16.046238,-16.046238,59.999992,-3.9537635,-3.9537635,-3.9537635,-3.9537635,-16.046238,Object notstarted,Object notstarted,Object notstarted,Object notstarted,Object notstarted,Object notstarted,Object notstarted,Object notstarted,Object notstarted
2024-03-18 10:33:54,414.414,__main___datalogs,INFO,JoyConState.USE_SNS,-6.587500,12.362500,-184.640000,6.384956,0.008697,0.011901,0.022277,13.236937,0.000000,0.000000,0.000000,0,0,0,0,0,0,0,0,0,0,0,0.045257568359375,-0.004302978515625,-18.02996,-18.02996,59.999992,-1.9700414,-1.9700414,-1.9700414,-1.9700414,-18.02996,Object notstarted,Object notstarted,Object notstarted,Object notstarted,Object notstarted,Object notstarted,Object notstarted,Object notstarted,Object notstarted
2024-03-18 10:33:54,554.554,__main___datalogs,INFO,JoyConState.USE_SNS,-6.587500,12.362500,-184.640000,6.676076,0.007934,0.013274,0.025328,13.268992,0.000000,0.000000,0.000000,0,0,0,0,0,0,0,0,0,0,0,0.045257568359375,-0.004302978515625,-19.01839,-19.01839,59.999992,-0.9816124,-0.9816124,-0.9816124,-0.9816124,-19.01839,Object notstarted,Object notstarted,Object notstarted,Object notstarted,Object notstarted,Object notstarted,Object notstarted,Object notstarted,Object notstarted
2024-03-18 10:33:54,662.662,__main___datalogs,INFO,JoyConState.USE_SNS,-6.587500,12.362500,-184.640000,6.328654,0.007782,0.014190,0.026091,13.301046,0.000000,0.000000,0.000000,0,0,0,0,0,0,0,0,0,0,0,0.045257568359375,-0.004302978515625,-13.62854,-13.62854,59.999992,-6.371461,-6.371461,-6.371461,-6.371461,-13.62854,Object notstarted,Object notstarted,Object notstarted,Object notstarted,Object notstarted,Object notstarted,Object notstarted,Object notstarted,Object notstarted
2024-03-18 10:33:54,784.784,__main___datalogs,INFO,JoyConState.USE_SNS,-6.587500,12.362500,-184.640000,6.277540,0.009918,0.013580,0.026701,13.333102,0.000000,0.000000,0.000000,0,0,0,0,0,0,0,0,0,0,0,0.045257568359375,-0.004302978515625,-6.7906914,-6.7906914,59.999992,-13.209309,-13.209309,-13.209309,-13.209309,-6.7906914,Object notstarted,Object notstarted,Object notstarted,Object notstarted,Object notstarted,Object notstarted,Object notstarted,Object notstarted,Object notstarted
2024-03-18 10:33:54,907.907,__main___datalogs,INFO,JoyConState.USE_SNS,-6.587500,12.362500,-184.640000,6.516631,0.008545,0.013122,0.027006,13.365158,0.000000,0.000000,0.000000,0,0,0,0,0,0,0,0,0,0,0,0.045257568359375,-0.004302978515625,-3.3835974,-3.3835974,59.999992,-16.616402,-16.616402,-16.616402,-16.616402,-3.3835974,Object notstarted,Object notstarted,Object notstarted,Object notstarted,Object notstarted,Object notstarted,Object notstarted,Object notstarted,Object notstarted
2024-03-18 10:33:55,034.034,__main___datalogs,INFO,JoyConState.USE_SNS,-6.587500,12.362500,-184.640000,6.317516,0.009155,0.012969,0.026549,13.397214,0.000000,0.000000,0.000000,0,0,0,0,0,0,0,0,0,0,0,0.045257568359375,-0.004302978515625,-1.6859448,-1.6859448,59.999992,-18.314056,-18.314056,-18.314056,-18.314056,-1.6859448,Object notstarted,Object notstarted,Object notstarted,Object notstarted,Object notstarted,Object notstarted,Object notstarted,Object notstarted,Object notstarted
2024-03-18 10:33:55,157.157,__main___datalogs,INFO,JoyConState.USE_SNS,-6.587500,12.362500,-184.640000,6.245041,0.006256,0.013122,0.025938,13.429269,0.000000,0.000000,0.000000,0,0,0,0,0,0,0,0,0,0,0,0.045257568359375,-0.004302978515625,-0.8400556,-0.8400556,59.999992,-19.159945,-19.159945,-19.159945,-19.159945,-0.8400556,Object notstarted,Object notstarted,Object notstarted,Object notstarted,Object notstarted,Object notstarted,Object notstarted,Object notstarted,Object notstarted
2024-03-18 10:33:55,284.284,__main___datalogs,INFO,JoyConState.USE_SNS,-6.587500,12.362500,-184.640000,6.063625,0.009002,0.013427,0.026854,13.461325,0.000000,0.000000,0.000000,0,0,0,0,0,0,0,0,0,0,0,0.045257568359375,-0.004302978515625,-0.41857445,-0.41857445,59.999992,-19.581427,-19.581427,-19.581427,-19.581427,-0.41857445,Object notstarted,Object notstarted,Object notstarted,Object notstarted,Object notstarted,Object notstarted,Object notstarted,Object notstarted,Object notstarted
2024-03-18 10:33:55,407.407,__main___datalogs,INFO,JoyConState.USE_SNS,-6.587500,12.362500,-184.640000,6.461398,0.009307,0.012817,0.026854,13.493381,0.000000,0.000000,0.000000,0,0,0,0,0,0,0,0,0,0,0,0.045257568359375,-0.004302978515625,-0.20856306,-0.20856306,59.999992,-19.79144,-19.79144,-19.79144,-19.79144,-0.20856306,Object notstarted,Object notstarted,Object notstarted,Object notstarted,Object notstarted,Object notstarted,Object notstarted,Object notstarted,Object notstarted
2024-03-18 10:33:55,543.543,__main___datalogs,INFO,JoyConState.USE_SNS,-6.587500,12.362500,-184.640000,6.464449,0.008697,0.012054,0.027159,13.525433,0.000000,0.000000,0.000000,0,0,0,0,0,0,0,0,0,0,0,0.045257568359375,-0.004302978515625,-0.1039207,-0.1039207,59.999992,-19.89608,-19.89608,-19.89608,-19.89608,-0.1039207,Object notstarted,Object notstarted,Object notstarted,Object notstarted,Object notstarted,Object notstarted,Object notstarted,Object notstarted,Object notstarted
2024-03-18 10:33:55,684.684,__main___datalogs,INFO,JoyConState.USE_SNS,-6.587500,12.362500,-184.640000,6.810803,0.009155,0.012206,0.026244,13.557489,0.000000,0.000000,0.000000,0,0,0,0,0,0,0,0,0,0,0,0.045257568359375,-0.004302978515625,-0.051780555,-0.051780555,59.999992,-19.94822,-19.94822,-19.94822,-19.94822,-0.051780555,Object notstarted,Object notstarted,Object notstarted,Object notstarted,Object notstarted,Object notstarted,Object notstarted,Object notstarted,Object notstarted
2024-03-18 10:33:55,795.795,__main___datalogs,INFO,JoyConState.USE_SNS,-6.587500,12.362500,-184.640000,6.237717,0.008545,0.013427,0.026244,13.589544,0.000000,0.000000,0.000000,0,0,0,0,0,0,0,0,0,0,0,0.045257568359375,-0.004302978515625,-0.025800692,-0.025800692,59.999992,-19.974201,-19.974201,-19.974201,-19.974201,-0.025800692,Object notstarted,Object notstarted,Object notstarted,Object notstarted,Object notstarted,Object notstarted,Object notstarted,Object notstarted,Object notstarted
2024-03-18 10:33:55,918.918,__main___datalogs,INFO,JoyConState.USE_SNS,-6.587500,12.362500,-184.640000,6.525633,0.008545,0.009918,0.025633,13.621600,0.000000,0.000000,0.000000,0,0,0,0,0,0,0,0,0,0,0,0.045257568359375,-0.004302978515625,-0.012855709,-0.012855709,59.999992,-19.987144,-19.987144,-19.987144,-19.987144,-0.012855709,Object notstarted,Object notstarted,Object notstarted,Object notstarted,Object notstarted,Object notstarted,Object notstarted,Object notstarted,Object notstarted
2024-03-18 10:33:56,153.153,__main___datalogs,INFO,JoyConState.USE_SNS,-6.587500,12.362500,-184.640000,6.142051,0.009155,0.012206,0.026396,13.653658,0.000000,0.000000,0.000000,0,0,0,0,0,0,0,0,0,0,0,0.045257568359375,-0.004302978515625,-0.006405613,-0.006405613,59.999992,-19.993595,-19.993595,-19.993595,-19.993595,-0.006405613,Object notstarted,Object notstarted,Object notstarted,Object notstarted,Object notstarted,Object notstarted,Object notstarted,Object notstarted,Object notstarted
2024-03-18 10:33:56,278.278,__main___datalogs,INFO,JoyConState.USE_SNS,-6.587500,12.362500,-184.640000,6.699725,0.008697,0.012512,0.026396,13.685714,0.000000,0.000000,0.000000,0,0,0,0,0,0,0,0,0,0,0,0.045257568359375,-0.004302978515625,-0.0031917242,-0.0031917242,59.999992,-19.996809,-19.996809,-19.996809,-19.996809,-0.0031917242,Object notstarted,Object notstarted,Object notstarted,Object notstarted,Object notstarted,Object notstarted,Object notstarted,Object notstarted,Object notstarted
2024-03-18 10:33:56,400.400,__main___datalogs,INFO,JoyConState.USE_SNS,-6.587500,12.362500,-184.640000,6.538603,0.008850,0.012817,0.023345,13.717769,0.000000,0.000000,0.000000,0,0,0,0,0,0,0,0,0,0,0,0.045257568359375,-0.004302978515625,-0.0015903402,-0.0015903402,59.999992,-19.99841,-19.99841,-19.99841,-19.99841,-0.0015903402,Object notstarted,Object notstarted,Object notstarted,Object notstarted,Object notstarted,Object notstarted,Object notstarted,Object notstarted,Object notstarted
2024-03-18 10:33:56,540.540,__main___datalogs,INFO,JoyConState.USE_SNS,-6.587500,12.362500,-184.640000,6.670736,0.012359,0.012817,0.024413,13.749825,0.000000,0.000000,0.000000,0,0,0,0,0,0,0,0,0,0,0,0.045257568359375,-0.004302978515625,-5.8831453,-5.8831453,59.999992,-14.116856,-14.116856,-14.116856,-14.116856,-5.8831453,Object notstarted,Object notstarted,Object notstarted,Object notstarted,Object notstarted,Object notstarted,Object notstarted,Object notstarted,Object notstarted
2024-03-18 10:33:56,663.663,__main___datalogs,INFO,JoyConState.USE_SNS,-6.587500,12.362500,-184.640000,6.748703,0.008697,0.012359,0.024718,13.781879,0.000000,0.000000,0.000000,0,0,0,0,0,0,0,0,0,0,0,0.045257568359375,-0.004302978515625,-12.965997,-12.965997,59.999992,-7.0340047,-7.0340047,-7.0340047,-7.0340047,-12.965997,Object notstarted,Object notstarted,Object notstarted,Object notstarted,Object notstarted,Object notstarted,Object notstarted,Object notstarted,Object notstarted
2024-03-18 10:33:56,769.769,__main___datalogs,INFO,JoyConState.USE_SNS,-6.587500,12.362500,-184.640000,6.691486,0.012817,0.012206,0.026549,13.813934,0.000000,0.000000,0.000000,0,0,0,0,0,0,0,0,0,0,0,0.045257568359375,-0.004302978515625,-16.495169,-16.495169,59.999992,-3.504833,-3.504833,-3.504833,-3.504833,-16.495169,Object notstarted,Object notstarted,Object notstarted,Object notstarted,Object notstarted,Object notstarted,Object notstarted,Object notstarted,Object notstarted
2024-03-18 10:33:56,878.878,__main___datalogs,INFO,JoyConState.USE_SNS,-6.587500,12.362500,-184.640000,6.392127,0.008850,0.016631,0.026854,13.845989,0.000000,0.000000,0.000000,0,0,0,0,0,0,0,0,0,0,0,0.045257568359375,-0.004302978515625,-18.253647,-18.253647,59.999992,-1.7463528,-1.7463528,-1.7463528,-1.7463528,-18.253647,Object notstarted,Object notstarted,Object notstarted,Object notstarted,Object notstarted,Object notstarted,Object notstarted,Object notstarted,Object notstarted
2024-03-18 10:33:57,005.005,__main___datalogs,INFO,JoyConState.USE_SNS,-6.587500,12.362500,-184.640000,6.693165,0.008697,0.015258,0.026396,13.878046,0.000000,0.000000,0.000000,0,0,0,0,0,0,0,0,0,0,0,0.045257568359375,-0.004302978515625,-19.129845,-19.129845,59.999992,-0.8701551,-0.8701551,-0.8701551,-0.8701551,-19.129845,Object notstarted,Object notstarted,Object notstarted,Object notstarted,Object notstarted,Object notstarted,Object notstarted,Object notstarted,Object notstarted
2024-03-18 10:33:57,112.112,__main___datalogs,INFO,JoyConState.USE_SNS,-6.587500,12.362500,-184.640000,6.785322,0.009765,0.013427,0.026396,13.910102,0.000000,0.000000,0.000000,0,0,0,0,0,0,0,0,0,0,0,0.045257568359375,-0.004302978515625,-19.56643,-19.56643,59.999992,-0.43357208,-0.43357208,-0.43357208,-0.43357208,-19.56643,Object notstarted,Object notstarted,Object notstarted,Object notstarted,Object notstarted,Object notstarted,Object notstarted,Object notstarted,Object notstarted
2024-03-18 10:33:57,219.219,__main___datalogs,INFO,JoyConState.USE_SNS,-6.587500,12.362500,-184.640000,6.330485,0.008850,0.012817,0.026701,13.942156,0.000000,0.000000,0.000000,0,0,0,0,0,0,0,0,0,0,0,0.045257568359375,-0.004302978515625,-19.783966,-19.783966,59.999992,-0.21603593,-0.21603593,-0.21603593,-0.21603593,-19.783966,Object notstarted,Object notstarted,Object notstarted,Object notstarted,Object notstarted,Object notstarted,Object notstarted,Object notstarted,Object notstarted
2024-03-18 10:33:57,329.329,__main___datalogs,INFO,JoyConState.USE_SNS,-6.587500,12.362500,-184.640000,6.671193,0.008087,0.011749,0.026701,13.974211,0.000000,0.000000,0.000000,0,0,0,0,0,0,0,0,0,0,0,0.045257568359375,-0.004302978515625,-14.010004,-14.010004,59.999992,-5.989997,-5.989997,-5.989997,-5.989997,-14.010004,Object notstarted,Object notstarted,Object notstarted,Object notstarted,Object notstarted,Object notstarted,Object notstarted,Object notstarted,Object notstarted
2024-03-18 10:33:57,452.452,__main___datalogs,INFO,JoyConState.USE_SNS,-6.587500,12.362500,-184.640000,6.120384,0.008545,0.013274,0.024718,14.006265,0.000000,0.000000,0.000000,0,0,0,0,0,0,0,0,0,0,0,0.045257568359375,-0.004302978515625,-6.9807634,-6.9807634,59.999992,-13.0192375,-13.0192375,-13.0192375,-13.0192375,-6.9807634,Object notstarted,Object notstarted,Object notstarted,Object notstarted,Object notstarted,Object notstarted,Object notstarted,Object notstarted,Object notstarted
2024-03-18 10:33:57,559.559,__main___datalogs,INFO,JoyConState.USE_SNS,-6.587500,12.362500,-184.640000,6.158987,0.005493,0.009307,0.026549,14.038320,0.000000,0.000000,0.000000,0,0,0,0,0,0,0,0,0,0,0,0.045257568359375,-0.004302978515625,-3.4783046,-3.4783046,59.999992,-16.521696,-16.521696,-16.521696,-16.521696,-3.4783046,Object notstarted,Object notstarted,Object notstarted,Object notstarted,Object notstarted,Object notstarted,Object notstarted,Object notstarted,Object notstarted
2024-03-18 10:33:57,715.715,__main___datalogs,INFO,JoyConState.USE_SNS,-6.587500,12.362500,-184.640000,6.425237,0.008239,0.014648,0.023802,14.070375,0.000000,0.000000,0.000000,0,0,0,0,0,0,0,0,0,0,0,0.045257568359375,-0.004302978515625,-1.7331345,-1.7331345,59.999992,-18.266867,-18.266867,-18.266867,-18.266867,-1.7331345,Object notstarted,Object notstarted,Object notstarted,Object notstarted,Object notstarted,Object notstarted,Object notstarted,Object notstarted,Object notstarted
2024-03-18 10:33:57,837.837,__main___datalogs,INFO,JoyConState.USE_SNS,-6.587500,12.362500,-184.640000,6.512969,0.008239,0.012969,0.025786,14.102430,0.000000,0.000000,0.000000,0,0,0,0,0,0,0,0,0,0,0,0.045257568359375,-0.004302978515625,-0.86356884,-0.86356884,59.999992,-19.136433,-19.136433,-19.136433,-19.136433,-0.86356884,Object notstarted,Object notstarted,Object notstarted,Object notstarted,Object notstarted,Object notstarted,Object notstarted,Object notstarted,Object notstarted
2024-03-18 10:33:57,933.933,__main___datalogs,INFO,JoyConState.USE_SNS,-6.587500,12.362500,-184.640000,6.414403,0.008545,0.013427,0.023650,14.134485,0.000000,0.000000,0.000000,0,0,0,0,0,0,0,0,0,0,0,0.045257568359375,-0.004302978515625,-0.43029037,-0.43029037,59.999992,-19.56971,-19.56971,-19.56971,-19.56971,-0.43029037,Object notstarted,Object notstarted,Object notstarted,Object notstarted,Object notstarted,Object notstarted,Object notstarted,Object notstarted,Object notstarted
2024-03-18 10:33:58,056.056,__main___datalogs,INFO,JoyConState.USE_SNS,-6.587500,12.362500,-184.640000,6.129997,0.009002,0.013580,0.026701,14.166540,0.000000,0.000000,0.000000,0,0,0,0,0,0,0,0,0,0,0,0.045257568359375,-0.004302978515625,-0.21440075,-0.21440075,59.999992,-19.785599,-19.785599,-19.785599,-19.785599,-0.21440075,Object notstarted,Object notstarted,Object notstarted,Object notstarted,Object notstarted,Object notstarted,Object notstarted,Object notstarted,Object notstarted
2024-03-18 10:33:58,164.164,__main___datalogs,INFO,JoyConState.USE_SNS,-6.587500,12.362500,-184.640000,6.294935,0.008697,0.013274,0.025938,14.198597,0.000000,0.000000,0.000000,0,0,0,0,0,0,0,0,0,0,0,0.045257568359375,-0.004302978515625,-0.10682944,-0.10682944,59.999992,-19.893171,-19.893171,-19.893171,-19.893171,-0.10682944,Object notstarted,Object notstarted,Object notstarted,Object notstarted,Object notstarted,Object notstarted,Object notstarted,Object notstarted,Object notstarted
2024-03-18 10:33:58,273.273,__main___datalogs,INFO,JoyConState.USE_SNS,-6.587500,12.362500,-184.640000,6.766707,0.008087,0.013580,0.026854,14.230652,0.000000,0.000000,0.000000,0,0,0,0,0,0,0,0,0,0,0,0.045257568359375,-0.004302978515625,-0.053229894,-0.053229894,59.999992,-19.94677,-19.94677,-19.94677,-19.94677,-0.053229894,Object notstarted,Object notstarted,Object notstarted,Object notstarted,Object notstarted,Object notstarted,Object notstarted,Object notstarted,Object notstarted
2024-03-18 10:33:58,396.396,__main___datalogs,INFO,JoyConState.USE_SNS,-6.587500,12.362500,-184.640000,6.268844,0.009460,0.012664,0.024565,14.262707,0.000000,0.000000,0.000000,0,0,0,0,0,0,0,0,0,0,0,0.045257568359375,-0.004302978515625,-0.026522856,-0.026522856,59.999992,-19.973476,-19.973476,-19.973476,-19.973476,-0.026522856,Object notstarted,Object notstarted,Object notstarted,Object notstarted,Object notstarted,Object notstarted,Object notstarted,Object notstarted,Object notstarted
2024-03-18 10:33:58,504.504,__main___datalogs,INFO,JoyConState.USE_SNS,-6.587500,12.362500,-184.640000,6.584223,0.012817,0.013274,0.026701,14.294762,0.000000,0.000000,0.000000,0,0,0,0,0,0,0,0,0,0,0,0.045257568359375,-0.004302978515625,-5.8955684,-5.8955684,59.999992,-14.104431,-14.104431,-14.104431,-14.104431,-5.8955684,Object notstarted,Object notstarted,Object notstarted,Object notstarted,Object notstarted,Object notstarted,Object notstarted,Object notstarted,Object notstarted
2024-03-18 10:33:58,627.627,__main___datalogs,INFO,JoyConState.USE_SNS,-6.587500,12.362500,-184.640000,6.653342,0.009613,0.007782,0.027159,14.326817,0.000000,0.000000,0.000000,0,0,0,0,0,0,0,0,0,0,0,0.045257568359375,-0.004302978515625,-12.972186,-12.972186,59.999992,-7.0278134,-7.0278134,-7.0278134,-7.0278134,-12.972186,Object notstarted,Object notstarted,Object notstarted,Object notstarted,Object notstarted,Object notstarted,Object notstarted,Object notstarted,Object notstarted
2024-03-18 10:33:58,751.751,__main___datalogs,INFO,JoyConState.USE_SNS,-6.587500,12.362500,-184.640000,6.322246,0.008850,0.011138,0.027159,14.358875,0.000000,0.000000,0.000000,0,0,0,0,0,0,0,0,0,0,0,0.045257568359375,-0.004302978515625,-16.498253,-16.498253,59.999992,-3.501748,-3.501748,-3.501748,-3.501748,-16.498253,Object notstarted,Object notstarted,Object notstarted,Object notstarted,Object notstarted,Object notstarted,Object notstarted,Object notstarted,Object notstarted
2024-03-18 10:33:58,858.858,__main___datalogs,INFO,JoyConState.USE_SNS,-6.587500,12.362500,-184.640000,6.669973,0.006408,0.008850,0.023497,14.390931,0.000000,0.000000,0.000000,0,0,0,0,0,0,0,0,0,0,0,0.045257568359375,-0.004302978515625,-18.255184,-18.255184,59.999992,-1.7448157,-1.7448157,-1.7448157,-1.7448157,-18.255184,Object notstarted,Object notstarted,Object notstarted,Object notstarted,Object notstarted,Object notstarted,Object notstarted,Object notstarted,Object notstarted
2024-03-18 10:33:58,980.980,__main___datalogs,INFO,JoyConState.USE_SNS,-6.587500,12.362500,-184.640000,6.380531,0.007782,0.012969,0.024413,14.422985,0.000000,0.000000,0.000000,0,0,0,0,0,0,0,0,0,0,0,0.045257568359375,-0.004302978515625,-19.130611,-19.130611,59.999992,-0.8693892,-0.8693892,-0.8693892,-0.8693892,-19.130611,Object notstarted,Object notstarted,Object notstarted,Object notstarted,Object notstarted,Object notstarted,Object notstarted,Object notstarted,Object notstarted
2024-03-18 10:33:59,119.119,__main___datalogs,INFO,JoyConState.USE_SNS,-6.587500,12.362500,-184.640000,6.480165,0.008697,0.012969,0.027159,14.455040,0.000000,0.000000,0.000000,0,0,0,0,0,0,0,0,0,0,0,0.045257568359375,-0.004302978515625,-19.56681,-19.56681,59.999992,-0.4331905,-0.4331905,-0.4331905,-0.4331905,-19.56681,Object notstarted,Object notstarted,Object notstarted,Object notstarted,Object notstarted,Object notstarted,Object notstarted,Object notstarted,Object notstarted
2024-03-18 10:33:59,229.229,__main___datalogs,INFO,JoyConState.USE_SNS,-6.587500,12.362500,-184.640000,6.389075,0.008697,0.012969,0.024870,14.487096,0.000000,0.000000,0.000000,0,0,0,0,0,0,0,0,0,0,0,0.045257568359375,-0.004302978515625,-13.901802,-13.901802,59.999992,-6.0981984,-6.0981984,-6.0981984,-6.0981984,-13.901802,Object notstarted,Object notstarted,Object notstarted,Object notstarted,Object notstarted,Object notstarted,Object notstarted,Object notstarted,Object notstarted
2024-03-18 10:33:59,353.353,__main___datalogs,INFO,JoyConState.USE_SNS,-6.587500,12.362500,-184.640000,6.577968,0.008545,0.014953,0.026854,14.519152,0.000000,0.000000,0.000000,0,0,0,0,0,0,0,0,0,0,0,0.045257568359375,-0.004302978515625,-6.92685,-6.92685,59.999992,-13.073151,-13.073151,-13.073151,-13.073151,-6.92685,Object notstarted,Object notstarted,Object notstarted,Object notstarted,Object notstarted,Object notstarted,Object notstarted,Object notstarted,Object notstarted
2024-03-18 10:33:59,478.478,__main___datalogs,INFO,JoyConState.USE_SNS,-6.587500,12.362500,-184.640000,6.936070,0.009002,0.013580,0.027464,14.551207,0.000000,0.000000,0.000000,0,0,0,0,0,0,0,0,0,0,0,0.045257568359375,-0.004302978515625,-9.333794,-9.333794,59.999992,-10.666207,-10.666207,-10.666207,-10.666207,-9.333794,Object notstarted,Object notstarted,Object notstarted,Object notstarted,Object notstarted,Object notstarted,Object notstarted,Object notstarted,Object notstarted
2024-03-18 10:33:59,602.602,__main___datalogs,INFO,JoyConState.USE_SNS,-6.587500,12.362500,-184.640000,6.487031,0.009460,0.013122,0.026854,14.583263,0.000000,0.000000,0.000000,0,0,0,0,0,0,0,0,0,0,0,0.045257568359375,-0.004302978515625,-14.68535,-14.68535,59.999992,-5.31465,-5.31465,-5.31465,-5.31465,-14.68535,Object notstarted,Object notstarted,Object notstarted,Object notstarted,Object notstarted,Object notstarted,Object notstarted,Object notstarted,Object notstarted
2024-03-18 10:33:59,735.735,__main___datalogs,INFO,JoyConState.USE_SNS,-6.587500,12.362500,-184.640000,6.473909,0.009155,0.014800,0.026244,14.615320,0.000000,0.000000,0.000000,0,0,0,0,0,0,0,0,0,0,0,0.045257568359375,-0.004302978515625,-11.469517,-11.469517,59.999992,-8.530483,-8.530483,-8.530483,-8.530483,-11.469517,Object notstarted,Object notstarted,Object notstarted,Object notstarted,Object notstarted,Object notstarted,Object notstarted,Object notstarted,Object notstarted
2024-03-18 10:33:59,845.845,__main___datalogs,INFO,JoyConState.USE_SNS,-6.587500,12.362500,-184.640000,6.443851,0.008087,0.013885,0.025938,14.647375,0.000000,0.000000,0.000000,0,0,0,0,0,0,0,0,0,0,0,0.045257568359375,-0.004302978515625,-5.714915,-5.714915,59.999992,-14.285086,-14.285086,-14.285086,-14.285086,-5.714915,Object notstarted,Object notstarted,Object notstarted,Object notstarted,Object notstarted,Object notstarted,Object notstarted,Object notstarted,Object notstarted
2024-03-18 10:33:59,967.967,__main___datalogs,INFO,JoyConState.USE_SNS,-6.587500,12.362500,-184.640000,6.625572,0.008545,0.012817,0.026854,14.679430,0.000000,0.000000,0.000000,0,0,0,0,0,0,0,0,0,0,0,0.045257568359375,-0.004302978515625,-2.8475702,-2.8475702,59.999992,-17.152431,-17.152431,-17.152431,-17.152431,-2.8475702,Object notstarted,Object notstarted,Object notstarted,Object notstarted,Object notstarted,Object notstarted,Object notstarted,Object notstarted,Object notstarted
2024-03-18 10:34:00,123.123,__main___datalogs,INFO,JoyConState.USE_SNS,-6.587500,12.362500,-184.640000,6.332621,0.010070,0.010528,0.026701,14.711486,0.000000,0.000000,0.000000,0,0,0,0,0,0,0,0,0,0,0,0.045257568359375,-0.004302978515625,-1.4188585,-1.4188585,59.999992,-18.581142,-18.581142,-18.581142,-18.581142,-1.4188585,Object notstarted,Object notstarted,Object notstarted,Object notstarted,Object notstarted,Object notstarted,Object notstarted,Object notstarted,Object notstarted
2024-03-18 10:34:00,266.266,__main___datalogs,INFO,JoyConState.USE_SNS,-6.587500,12.362500,-184.640000,6.147238,0.008850,0.011291,0.024413,14.743541,0.000000,0.000000,0.000000,0,0,0,0,0,0,0,0,0,0,0,0.045257568359375,-0.004302978515625,-0.7069745,-0.7069745,59.999992,-19.293026,-19.293026,-19.293026,-19.293026,-0.7069745,Object notstarted,Object notstarted,Object notstarted,Object notstarted,Object notstarted,Object notstarted,Object notstarted,Object notstarted,Object notstarted
2024-03-18 10:34:00,391.391,__main___datalogs,INFO,JoyConState.USE_SNS,-6.587500,12.362500,-184.640000,6.531279,0.005493,0.013274,0.026854,14.775597,0.000000,0.000000,0.000000,0,0,0,0,0,0,0,0,0,0,0,0.045257568359375,-0.004302978515625,-0.35226414,-0.35226414,59.999992,-19.647736,-19.647736,-19.647736,-19.647736,-0.35226414,Object notstarted,Object notstarted,Object notstarted,Object notstarted,Object notstarted,Object notstarted,Object notstarted,Object notstarted,Object notstarted
2024-03-18 10:34:00,497.497,__main___datalogs,INFO,JoyConState.USE_SNS,-6.587500,12.362500,-184.640000,6.515411,0.009307,0.013885,0.027312,14.807653,0.000000,0.000000,0.000000,0,0,0,0,0,0,0,0,0,0,0,0.045257568359375,-0.004302978515625,-3.5532153,-3.5532153,59.999992,-16.446785,-16.446785,-16.446785,-16.446785,-3.5532153,Object notstarted,Object notstarted,Object notstarted,Object notstarted,Object notstarted,Object notstarted,Object notstarted,Object notstarted,Object notstarted
2024-03-18 10:34:00,606.606,__main___datalogs,INFO,JoyConState.USE_SNS,-6.587500,12.362500,-184.640000,6.723375,0.012817,0.013122,0.026854,14.839709,0.000000,0.000000,0.000000,0,0,0,0,0,0,0,0,0,0,0,0.045257568359375,-0.004302978515625,-11.805062,-11.805062,59.999992,-8.194938,-8.194938,-8.194938,-8.194938,-11.805062,Object notstarted,Object notstarted,Object notstarted,Object notstarted,Object notstarted,Object notstarted,Object notstarted,Object notstarted,Object notstarted
2024-03-18 10:34:00,729.729,__main___datalogs,INFO,JoyConState.USE_SNS,-6.587500,12.362500,-184.640000,6.339945,0.009460,0.010070,0.023955,14.871764,0.000000,0.000000,0.000000,0,0,0,0,0,0,0,0,0,0,0,0.045257568359375,-0.004302978515625,-15.916709,-15.916709,59.999992,-4.083291,-4.083291,-4.083291,-4.083291,-15.916709,Object notstarted,Object notstarted,Object notstarted,Object notstarted,Object notstarted,Object notstarted,Object notstarted,Object notstarted,Object notstarted
2024-03-18 10:34:00,851.851,__main___datalogs,INFO,JoyConState.USE_SNS,-6.587500,12.362500,-184.640000,6.445987,0.006561,0.012817,0.025176,14.903816,0.000000,0.000000,0.000000,0,0,0,0,0,0,0,0,0,0,0,0.045257568359375,-0.004302978515625,-17.96542,-17.96542,59.999992,-2.0345812,-2.0345812,-2.0345812,-2.0345812,-17.96542,Object notstarted,Object notstarted,Object notstarted,Object notstarted,Object notstarted,Object notstarted,Object notstarted,Object notstarted,Object notstarted
2024-03-18 10:34:00,978.978,__main___datalogs,INFO,JoyConState.USE_SNS,-6.587500,12.362500,-184.640000,6.502441,0.012206,0.012511,0.026701,14.935873,0.000000,0.000000,0.000000,0,0,0,0,0,0,0,0,0,0,0,0.045257568359375,-0.004302978515625,-18.986229,-18.986229,59.999992,-1.0137706,-1.0137706,-1.0137706,-1.0137706,-18.986229,Object notstarted,Object notstarted,Object notstarted,Object notstarted,Object notstarted,Object notstarted,Object notstarted,Object notstarted,Object notstarted
2024-03-18 10:34:01,087.087,__main___datalogs,INFO,JoyConState.USE_SNS,-6.587500,12.362500,-184.640000,6.480928,0.009613,0.011138,0.026091,14.967928,0.000000,0.000000,0.000000,0,0,0,0,0,0,0,0,0,0,0,0.045257568359375,-0.004302978515625,-19.49487,-19.49487,59.999992,-0.50513136,-0.50513136,-0.50513136,-0.50513136,-19.49487,Object notstarted,Object notstarted,Object notstarted,Object notstarted,Object notstarted,Object notstarted,Object notstarted,Object notstarted,Object notstarted
2024-03-18 10:34:01,227.227,__main___datalogs,INFO,JoyConState.USE_SNS,-6.587500,12.362500,-184.640000,6.659597,0.009307,0.012969,0.026854,14.999983,0.000000,0.000000,0.000000,0,0,0,0,0,0,0,0,0,0,0,0.045257568359375,-0.004302978515625,-19.748308,-19.748308,59.999992,-0.25169176,-0.25169176,-0.25169176,-0.25169176,-19.748308,Object notstarted,Object notstarted,Object notstarted,Object notstarted,Object notstarted,Object notstarted,Object notstarted,Object notstarted,Object notstarted
2024-03-18 10:34:01,349.349,__main___datalogs,INFO,JoyConState.USE_SNS,-6.587500,12.362500,-184.640000,6.904028,0.009155,0.017089,0.026854,15.032038,0.000000,0.000000,0.000000,0,0,0,0,0,0,0,0,0,0,0,0.045257568359375,-0.004302978515625,-19.874588,-19.874588,59.999992,-0.12541044,-0.12541044,-0.12541044,-0.12541044,-19.874588,Object notstarted,Object notstarted,Object notstarted,Object notstarted,Object notstarted,Object notstarted,Object notstarted,Object notstarted,Object notstarted
2024-03-18 10:34:01,472.472,__main___datalogs,INFO,JoyConState.USE_SNS,-6.587500,12.362500,-184.640000,7.005035,0.008697,0.012817,0.025786,15.064093,0.000000,0.000000,0.000000,0,0,0,0,0,0,0,0,0,0,0,0.045257568359375,-0.004302978515625,-19.937511,-19.937511,59.999992,-0.06248825,-0.06248825,-0.06248825,-0.06248825,-19.937511,Object notstarted,Object notstarted,Object notstarted,Object notstarted,Object notstarted,Object notstarted,Object notstarted,Object notstarted,Object notstarted
2024-03-18 10:34:01,600.600,__main___datalogs,INFO,JoyConState.USE_SNS,-6.587500,12.362500,-184.640000,6.971926,0.009765,0.013122,0.025786,15.096149,0.000000,0.000000,0.000000,0,0,0,0,0,0,0,0,0,0,0,0.045257568359375,-0.004302978515625,-9.934262,-9.934262,59.999992,-10.065739,-10.065739,-10.065739,-10.065739,-9.934262,Object notstarted,Object notstarted,Object notstarted,Object notstarted,Object notstarted,Object notstarted,Object notstarted,Object notstarted,Object notstarted
2024-03-18 10:34:01,724.724,__main___datalogs,INFO,JoyConState.USE_SNS,-6.587500,12.362500,-184.640000,6.718645,0.009918,0.013122,0.027006,15.128205,0.000000,0.000000,0.000000,0,0,0,0,0,0,0,0,0,0,0,0.045257568359375,-0.004302978515625,-4.949944,-4.949944,59.999992,-15.050056,-15.050056,-15.050056,-15.050056,-4.949944,Object notstarted,Object notstarted,Object notstarted,Object notstarted,Object notstarted,Object notstarted,Object notstarted,Object notstarted,Object notstarted
2024-03-18 10:34:01,868.868,__main___datalogs,INFO,JoyConState.USE_SNS,-6.587500,12.362500,-184.640000,6.286695,0.010223,0.009765,0.026244,15.160259,0.000000,0.000000,0.000000,0,0,0,0,0,0,0,0,0,0,0,0.045257568359375,-0.004302978515625,-2.4664083,-2.4664083,59.999992,-17.533592,-17.533592,-17.533592,-17.533592,-2.4664083,Object notstarted,Object notstarted,Object notstarted,Object notstarted,Object notstarted,Object notstarted,Object notstarted,Object notstarted,Object notstarted
2024-03-18 10:34:01,975.975,__main___datalogs,INFO,JoyConState.USE_SNS,-6.587500,12.362500,-184.640000,6.788374,0.008545,0.012817,0.024718,15.192314,0.000000,0.000000,0.000000,0,0,0,0,0,0,0,0,0,0,0,0.045257568359375,-0.004302978515625,-5.381186,-5.381186,59.999992,-14.618814,-14.618814,-14.618814,-14.618814,-5.381186,Object notstarted,Object notstarted,Object notstarted,Object notstarted,Object notstarted,Object notstarted,Object notstarted,Object notstarted,Object notstarted
2024-03-18 10:34:02,082.082,__main___datalogs,INFO,JoyConState.USE_SNS,-6.587500,12.362500,-184.640000,6.636405,0.008697,0.012664,0.027006,15.224369,0.000000,0.000000,0.000000,0,0,0,0,0,0,0,0,0,0,0,0.045257568359375,-0.004302978515625,-2.6812832,-2.6812832,59.999992,-17.318718,-17.318718,-17.318718,-17.318718,-2.6812832,Object notstarted,Object notstarted,Object notstarted,Object notstarted,Object notstarted,Object notstarted,Object notstarted,Object notstarted,Object notstarted
2024-03-18 10:34:02,209.209,__main___datalogs,INFO,JoyConState.USE_SNS,-6.587500,12.362500,-184.640000,6.817821,0.009613,0.013274,0.024413,15.256427,0.000000,0.000000,0.000000,0,0,0,0,0,0,0,0,0,0,0,0.045257568359375,-0.004302978515625,-1.3360027,-1.3360027,59.999992,-18.663998,-18.663998,-18.663998,-18.663998,-1.3360027,Object notstarted,Object notstarted,Object notstarted,Object notstarted,Object notstarted,Object notstarted,Object notstarted,Object notstarted,Object notstarted
2024-03-18 10:34:02,333.333,__main___datalogs,INFO,JoyConState.USE_SNS,-6.587500,12.362500,-184.640000,6.854898,0.009307,0.013122,0.023802,15.288482,0.000000,0.000000,0.000000,0,0,0,0,0,0,0,0,0,0,0,0.045257568359375,-0.004302978515625,-0.66568995,-0.66568995,59.999992,-19.33431,-19.33431,-19.33431,-19.33431,-0.66568995,Object notstarted,Object notstarted,Object notstarted,Object notstarted,Object notstarted,Object notstarted,Object notstarted,Object notstarted,Object notstarted
2024-03-18 10:34:02,491.491,__main___datalogs,INFO,JoyConState.USE_SNS,-6.587500,12.362500,-184.640000,6.297071,0.008392,0.015563,0.026549,15.320539,0.000000,0.000000,0.000000,0,0,0,0,0,0,0,0,0,0,0,0.045257568359375,-0.004302978515625,-0.33169326,-0.33169326,59.999992,-19.668308,-19.668308,-19.668308,-19.668308,-0.33169326,Object notstarted,Object notstarted,Object notstarted,Object notstarted,Object notstarted,Object notstarted,Object notstarted,Object notstarted,Object notstarted
2024-03-18 10:34:02,599.599,__main___datalogs,INFO,JoyConState.USE_SNS,-6.587500,12.362500,-184.640000,6.429814,0.009765,0.012969,0.026091,15.352595,0.000000,0.000000,0.000000,0,0,0,0,0,0,0,0,0,0,0,0.045257568359375,-0.004302978515625,-0.16527279,-0.16527279,59.999992,-19.834728,-19.834728,-19.834728,-19.834728,-0.16527279,Object notstarted,Object notstarted,Object notstarted,Object notstarted,Object notstarted,Object notstarted,Object notstarted,Object notstarted,Object notstarted
2024-03-18 10:34:02,722.722,__main___datalogs,INFO,JoyConState.USE_SNS,-6.587500,12.362500,-184.640000,6.989320,0.008697,0.015411,0.023802,15.384650,0.000000,0.000000,0.000000,0,0,0,0,0,0,0,0,0,0,0,0.045257568359375,-0.004302978515625,-0.08235046,-0.08235046,59.999992,-19.917652,-19.917652,-19.917652,-19.917652,-0.08235046,Object notstarted,Object notstarted,Object notstarted,Object notstarted,Object notstarted,Object notstarted,Object notstarted,Object notstarted,Object notstarted
2024-03-18 10:34:02,847.847,__main___datalogs,INFO,JoyConState.USE_SNS,-6.587500,12.362500,-184.640000,6.954684,0.009460,0.013274,0.026854,15.416705,0.000000,0.000000,0.000000,0,0,0,0,0,0,0,0,0,0,0,0.045257568359375,-0.004302978515625,-0.041032758,-0.041032758,59.999992,-19.95897,-19.95897,-19.95897,-19.95897,-0.041032758,Object notstarted,Object notstarted,Object notstarted,Object notstarted,Object notstarted,Object notstarted,Object notstarted,Object notstarted,Object notstarted
2024-03-18 10:34:03,001.001,__main___datalogs,INFO,JoyConState.USE_SNS,-6.587500,12.362500,-184.640000,6.758163,0.009460,0.012359,0.026396,15.448760,0.000000,0.000000,0.000000,0,0,0,0,0,0,0,0,0,0,0,0.045257568359375,-0.004302978515625,-0.020445388,-0.020445388,59.999992,-19.979557,-19.979557,-19.979557,-19.979557,-0.020445388,Object notstarted,Object notstarted,Object notstarted,Object notstarted,Object notstarted,Object notstarted,Object notstarted,Object notstarted,Object notstarted
2024-03-18 10:34:03,145.145,__main___datalogs,INFO,JoyConState.USE_SNS,-6.587500,12.362500,-184.640000,6.659445,0.006714,0.012359,0.026244,15.480817,0.000000,0.000000,0.000000,0,0,0,0,0,0,0,0,0,0,0,0.045257568359375,-0.004302978515625,-0.010187322,-0.010187322,59.999992,-19.989815,-19.989815,-19.989815,-19.989815,-0.010187322,Object notstarted,Object notstarted,Object notstarted,Object notstarted,Object notstarted,Object notstarted,Object notstarted,Object notstarted,Object notstarted
2024-03-18 10:34:03,287.287,__main___datalogs,INFO,JoyConState.USE_SNS,-6.587500,12.362500,-184.640000,6.703082,0.008850,0.012969,0.024718,15.512875,0.000000,0.000000,0.000000,0,0,0,0,0,0,0,0,0,0,0,0.045257568359375,-0.004302978515625,-0.0050760363,-0.0050760363,59.999992,-19.994925,-19.994925,-19.994925,-19.994925,-0.0050760363,Object notstarted,Object notstarted,Object notstarted,Object notstarted,Object notstarted,Object notstarted,Object notstarted,Object notstarted,Object notstarted
2024-03-18 10:34:03,398.398,__main___datalogs,INFO,JoyConState.USE_SNS,-6.587500,12.362500,-184.640000,6.695606,0.006561,0.009155,0.026854,15.544930,0.000000,0.000000,0.000000,0,0,0,0,0,0,0,0,0,0,0,0.045257568359375,-0.004302978515625,-0.0025292363,-0.0025292363,59.999992,-19.99747,-19.99747,-19.99747,-19.99747,-0.0025292363,Object notstarted,Object notstarted,Object notstarted,Object notstarted,Object notstarted,Object notstarted,Object notstarted,Object notstarted,Object notstarted
2024-03-18 10:34:03,505.505,__main___datalogs,INFO,JoyConState.USE_SNS,-6.587500,12.362500,-184.640000,6.841471,0.008392,0.012511,0.025328,15.576986,0.000000,0.000000,0.000000,0,0,0,0,0,0,0,0,0,0,0,0.045257568359375,-0.004302978515625,-0.0012602423,-0.0012602423,59.999992,-19.998741,-19.998741,-19.998741,-19.998741,-0.0012602423,Object notstarted,Object notstarted,Object notstarted,Object notstarted,Object notstarted,Object notstarted,Object notstarted,Object notstarted,Object notstarted
2024-03-18 10:34:03,644.644,__main___datalogs,INFO,JoyConState.USE_SNS,-6.587500,12.362500,-184.640000,6.557980,0.008697,0.015868,0.028227,15.609041,0.000000,0.000000,0.000000,0,0,0,0,0,0,0,0,0,0,0,0.045257568359375,-0.004302978515625,-5.882981,-5.882981,59.999992,-14.11702,-14.11702,-14.11702,-14.11702,-5.882981,Object notstarted,Object notstarted,Object notstarted,Object notstarted,Object notstarted,Object notstarted,Object notstarted,Object notstarted,Object notstarted
2024-03-18 10:34:03,751.751,__main___datalogs,INFO,JoyConState.USE_SNS,-6.587500,12.362500,-184.640000,6.622216,0.010223,0.012511,0.026854,15.641097,0.000000,0.000000,0.000000,0,0,0,0,0,0,0,0,0,0,0,0.045257568359375,-0.004302978515625,-12.965915,-12.965915,59.999992,-7.034086,-7.034086,-7.034086,-7.034086,-12.965915,Object notstarted,Object notstarted,Object notstarted,Object notstarted,Object notstarted,Object notstarted,Object notstarted,Object notstarted,Object notstarted
2024-03-18 10:34:03,859.859,__main___datalogs,INFO,JoyConState.USE_SNS,-6.587500,12.362500,-184.640000,6.406775,0.011291,0.012359,0.026091,15.673153,0.000000,0.000000,0.000000,0,0,0,0,0,0,0,0,0,0,0,0.045257568359375,-0.004302978515625,-16.495129,-16.495129,59.999992,-3.5048738,-3.5048738,-3.5048738,-3.5048738,-16.495129,Object notstarted,Object notstarted,Object notstarted,Object notstarted,Object notstarted,Object notstarted,Object notstarted,Object notstarted,Object notstarted
2024-03-18 10:34:03,987.987,__main___datalogs,INFO,JoyConState.USE_SNS,-6.587500,12.362500,-184.640000,6.526091,0.009002,0.009612,0.027159,15.705209,0.000000,0.000000,0.000000,0,0,0,0,0,0,0,0,0,0,0,0.045257568359375,-0.004302978515625,-18.253628,-18.253628,59.999992,-1.7463732,-1.7463732,-1.7463732,-1.7463732,-18.253628,Object notstarted,Object notstarted,Object notstarted,Object notstarted,Object notstarted,Object notstarted,Object notstarted,Object notstarted,Object notstarted
2024-03-18 10:34:04,131.131,__main___datalogs,INFO,JoyConState.USE_SNS,-6.587500,12.362500,-184.640000,6.194233,0.012054,0.012206,0.026701,15.737265,0.000000,0.000000,0.000000,0,0,0,0,0,0,0,0,0,0,0,0.045257568359375,-0.004302978515625,-19.129837,-19.129837,59.999992,-0.8701652,-0.8701652,-0.8701652,-0.8701652,-19.129837,Object notstarted,Object notstarted,Object notstarted,Object notstarted,Object notstarted,Object notstarted,Object notstarted,Object notstarted,Object notstarted
2024-03-18 10:34:04,254.254,__main___datalogs,INFO,JoyConState.USE_SNS,-6.587500,12.362500,-184.640000,6.825908,0.009155,0.009612,0.027006,15.769320,0.000000,0.000000,0.000000,0,0,0,0,0,0,0,0,0,0,0,0.045257568359375,-0.004302978515625,-19.566425,-19.566425,59.999992,-0.43357715,-0.43357715,-0.43357715,-0.43357715,-19.566425,Object notstarted,Object notstarted,Object notstarted,Object notstarted,Object notstarted,Object notstarted,Object notstarted,Object notstarted,Object notstarted
2024-03-18 10:34:04,378.378,__main___datalogs,INFO,JoyConState.USE_SNS,-6.587500,12.362500,-184.640000,6.546842,0.008697,0.013274,0.027312,15.801374,0.000000,0.000000,0.000000,0,0,0,0,0,0,0,0,0,0,0,0.045257568359375,-0.004302978515625,-19.783962,-19.783962,59.999992,-0.21603845,-0.21603845,-0.21603845,-0.21603845,-19.783962,Object notstarted,Object notstarted,Object notstarted,Object notstarted,Object notstarted,Object notstarted,Object notstarted,Object notstarted,Object notstarted
2024-03-18 10:34:04,484.484,__main___datalogs,INFO,JoyConState.USE_SNS,-6.587500,12.362500,-184.640000,6.633506,0.009002,0.015105,0.025023,15.833432,0.000000,0.000000,0.000000,0,0,0,0,0,0,0,0,0,0,0,0.045257568359375,-0.004302978515625,-19.892357,-19.892357,59.999992,-0.10764547,-0.10764547,-0.10764547,-0.10764547,-19.892357,Object notstarted,Object notstarted,Object notstarted,Object notstarted,Object notstarted,Object notstarted,Object notstarted,Object notstarted,Object notstarted
2024-03-18 10:34:04,592.592,__main___datalogs,INFO,JoyConState.USE_SNS,-6.587500,12.362500,-184.640000,6.628014,0.010223,0.013122,0.026091,15.865486,0.000000,0.000000,0.000000,0,0,0,0,0,0,0,0,0,0,0,0.045257568359375,-0.004302978515625,-19.946365,-19.946365,59.999992,-0.0536365,-0.0536365,-0.0536365,-0.0536365,-19.946365,Object notstarted,Object notstarted,Object notstarted,Object notstarted,Object notstarted,Object notstarted,Object notstarted,Object notstarted,Object notstarted
2024-03-18 10:34:04,716.716,__main___datalogs,INFO,JoyConState.USE_SNS,-6.587500,12.362500,-184.640000,6.770064,0.009765,0.012664,0.022734,15.897542,0.000000,0.000000,0.000000,0,0,0,0,0,0,0,0,0,0,0,0.045257568359375,-0.004302978515625,-19.973274,-19.973274,59.999992,-0.026725454,-0.026725454,-0.026725454,-0.026725454,-19.973274,Object notstarted,Object notstarted,Object notstarted,Object notstarted,Object notstarted,Object notstarted,Object notstarted,Object notstarted,Object notstarted
2024-03-18 10:34:04,854.854,__main___datalogs,INFO,JoyConState.USE_SNS,-6.587500,12.362500,-184.640000,6.855203,0.009002,0.012817,0.025633,15.929600,0.000000,0.000000,0.000000,0,0,0,0,0,0,0,0,0,0,0,0.045257568359375,-0.004302978515625,-14.104332,-14.104332,59.999992,-5.8956695,-5.8956695,-5.8956695,-5.8956695,-14.104332,Object notstarted,Object notstarted,Object notstarted,Object notstarted,Object notstarted,Object notstarted,Object notstarted,Object notstarted,Object notstarted
2024-03-18 10:34:04,992.992,__main___datalogs,INFO,JoyConState.USE_SNS,-6.587500,12.362500,-184.640000,6.755264,0.009765,0.010375,0.025481,15.961654,0.000000,0.000000,0.000000,0,0,0,0,0,0,0,0,0,0,0,0.045257568359375,-0.004302978515625,-7.0277643,-7.0277643,59.999992,-12.972237,-12.972237,-12.972237,-12.972237,-7.0277643,Object notstarted,Object notstarted,Object notstarted,Object notstarted,Object notstarted,Object notstarted,Object notstarted,Object notstarted,Object notstarted
2024-03-18 10:34:05,101.101,__main___datalogs,INFO,JoyConState.USE_SNS,-6.587500,12.362500,-184.640000,6.556302,0.008850,0.013122,0.027312,15.993711,0.000000,0.000000,0.000000,0,0,0,0,0,0,0,0,0,0,0,0.045257568359375,-0.004302978515625,-9.384076,-9.384076,59.999992,-10.615924,-10.615924,-10.615924,-10.615924,-9.384076,Object notstarted,Object notstarted,Object notstarted,Object notstarted,Object notstarted,Object notstarted,Object notstarted,Object notstarted,Object notstarted
2024-03-18 10:34:05,210.210,__main___datalogs,INFO,JoyConState.USE_SNS,-6.587500,12.362500,-184.640000,6.879615,0.009307,0.007171,0.026854,16.025765,0.000000,0.000000,0.000000,0,0,0,0,0,0,0,0,0,0,0,0.045257568359375,-0.004302978515625,-14.710405,-14.710405,59.999992,-5.2895956,-5.2895956,-5.2895956,-5.2895956,-14.710405,Object notstarted,Object notstarted,Object notstarted,Object notstarted,Object notstarted,Object notstarted,Object notstarted,Object notstarted,Object notstarted
2024-03-18 10:34:05,318.318,__main___datalogs,INFO,JoyConState.USE_SNS,-6.587500,12.362500,-184.640000,6.433476,0.009765,0.010986,0.027312,16.057819,0.000000,0.000000,0.000000,0,0,0,0,0,0,0,0,0,0,0,0.045257568359375,-0.004302978515625,-13.212105,-13.212105,59.999992,-6.7878957,-6.7878957,-6.7878957,-6.7878957,-13.212105,Object notstarted,Object notstarted,Object notstarted,Object notstarted,Object notstarted,Object notstarted,Object notstarted,Object notstarted,Object notstarted
2024-03-18 10:34:05,425.425,__main___datalogs,INFO,JoyConState.USE_SNS,-6.587500,12.362500,-184.640000,6.785169,0.009613,0.013122,0.027159,16.089875,0.000000,0.000000,0.000000,0,0,0,0,0,0,0,0,0,0,0,0.045257568359375,-0.004302978515625,-16.617798,-16.617798,59.999992,-3.382204,-3.382204,-3.382204,-3.382204,-16.617798,Object notstarted,Object notstarted,Object notstarted,Object notstarted,Object notstarted,Object notstarted,Object notstarted,Object notstarted,Object notstarted
2024-03-18 10:34:05,550.550,__main___datalogs,INFO,JoyConState.USE_SNS,-6.587500,12.362500,-184.640000,6.769149,0.009765,0.006866,0.025176,16.121931,0.000000,0.000000,0.000000,0,0,0,0,0,0,0,0,0,0,0,0.045257568359375,-0.004302978515625,-18.31475,-18.31475,59.999992,-1.6852506,-1.6852506,-1.6852506,-1.6852506,-18.31475,Object notstarted,Object notstarted,Object notstarted,Object notstarted,Object notstarted,Object notstarted,Object notstarted,Object notstarted,Object notstarted
2024-03-18 10:34:05,661.661,__main___datalogs,INFO,JoyConState.USE_SNS,-6.587500,12.362500,-184.640000,6.620690,0.009460,0.012054,0.027006,16.153987,0.000000,0.000000,0.000000,0,0,0,0,0,0,0,0,0,0,0,0.045257568359375,-0.004302978515625,-9.1256895,-9.1256895,59.999992,-10.874311,-10.874311,-10.874311,-10.874311,-9.1256895,Object notstarted,Object notstarted,Object notstarted,Object notstarted,Object notstarted,Object notstarted,Object notstarted,Object notstarted,Object notstarted
2024-03-18 10:34:05,768.768,__main___datalogs,INFO,JoyConState.USE_SNS,-6.587500,12.362500,-184.640000,6.932866,0.010681,0.013122,0.023650,16.186042,0.000000,0.000000,0.000000,0,0,0,0,0,0,0,0,0,0,0,0.045257568359375,-0.004302978515625,-10.429409,-10.429409,59.999992,-9.570592,-9.570592,-9.570592,-9.570592,-10.429409,Object notstarted,Object notstarted,Object notstarted,Object notstarted,Object notstarted,Object notstarted,Object notstarted,Object notstarted,Object notstarted
2024-03-18 10:34:05,893.893,__main___datalogs,INFO,JoyConState.USE_SNS,-6.587500,12.362500,-184.640000,7.013275,0.012512,0.010070,0.026091,16.218096,0.000000,0.000000,0.000000,0,0,0,0,0,0,0,0,0,0,0,0.045257568359375,-0.004302978515625,-15.231263,-15.231263,59.999992,-4.768738,-4.768738,-4.768738,-4.768738,-15.231263,Object notstarted,Object notstarted,Object notstarted,Object notstarted,Object notstarted,Object notstarted,Object notstarted,Object notstarted,Object notstarted
2024-03-18 10:34:06,035.035,__main___datalogs,INFO,JoyConState.USE_SNS,-6.587500,12.362500,-184.640000,6.791578,0.008545,0.012817,0.025176,16.250152,0.000000,0.000000,0.000000,0,0,0,0,0,0,0,0,0,0,0,0.045257568359375,-0.004302978515625,-17.623882,-17.623882,59.999992,-2.3761187,-2.3761187,-2.3761187,-2.3761187,-17.623882,Object notstarted,Object notstarted,Object notstarted,Object notstarted,Object notstarted,Object notstarted,Object notstarted,Object notstarted,Object notstarted
2024-03-18 10:34:06,160.160,__main___datalogs,INFO,JoyConState.USE_SNS,-6.587500,12.362500,-184.640000,6.917455,0.010833,0.012969,0.025481,16.282208,0.000000,0.000000,0.000000,0,0,0,0,0,0,0,0,0,0,0,0.045257568359375,-0.004302978515625,-18.816051,-18.816051,59.999992,-1.1839485,-1.1839485,-1.1839485,-1.1839485,-18.816051,Object notstarted,Object notstarted,Object notstarted,Object notstarted,Object notstarted,Object notstarted,Object notstarted,Object notstarted,Object notstarted
2024-03-18 10:34:06,283.283,__main___datalogs,INFO,JoyConState.USE_SNS,-6.587500,12.362500,-184.640000,7.136710,0.010070,0.014495,0.026396,16.314263,0.000000,0.000000,0.000000,0,0,0,0,0,0,0,0,0,0,0,0.045257568359375,-0.004302978515625,-19.410076,-19.410076,59.999992,-0.58992594,-0.58992594,-0.58992594,-0.58992594,-19.410076,Object notstarted,Object notstarted,Object notstarted,Object notstarted,Object notstarted,Object notstarted,Object notstarted,Object notstarted,Object notstarted
2024-03-18 10:34:06,391.391,__main___datalogs,INFO,JoyConState.USE_SNS,-6.587500,12.362500,-184.640000,6.905707,0.009765,0.012817,0.024413,16.346319,0.000000,0.000000,0.000000,0,0,0,0,0,0,0,0,0,0,0,0.045257568359375,-0.004302978515625,-19.706059,-19.706059,59.999992,-0.29394233,-0.29394233,-0.29394233,-0.29394233,-19.706059,Object notstarted,Object notstarted,Object notstarted,Object notstarted,Object notstarted,Object notstarted,Object notstarted,Object notstarted,Object notstarted
2024-03-18 10:34:06,499.499,__main___datalogs,INFO,JoyConState.USE_SNS,-6.587500,12.362500,-184.640000,6.811566,0.009460,0.012969,0.025633,16.378373,0.000000,0.000000,0.000000,0,0,0,0,0,0,0,0,0,0,0,0.045257568359375,-0.004302978515625,-19.853539,-19.853539,59.999992,-0.14646262,-0.14646262,-0.14646262,-0.14646262,-19.853539,Object notstarted,Object notstarted,Object notstarted,Object notstarted,Object notstarted,Object notstarted,Object notstarted,Object notstarted,Object notstarted
2024-03-18 10:34:06,624.624,__main___datalogs,INFO,JoyConState.USE_SNS,-6.587500,12.362500,-184.640000,6.765029,0.010375,0.012969,0.024565,16.410429,0.000000,0.000000,0.000000,0,0,0,0,0,0,0,0,0,0,0,0.045257568359375,-0.004302978515625,-19.927023,-19.927023,59.999992,-0.072977915,-0.072977915,-0.072977915,-0.072977915,-19.927023,Object notstarted,Object notstarted,Object notstarted,Object notstarted,Object notstarted,Object notstarted,Object notstarted,Object notstarted,Object notstarted
2024-03-18 10:34:06,748.748,__main___datalogs,INFO,JoyConState.USE_SNS,-6.587500,12.362500,-184.640000,7.139609,0.010070,0.012206,0.026091,16.442485,0.000000,0.000000,0.000000,0,0,0,0,0,0,0,0,0,0,0,0.045257568359375,-0.004302978515625,-19.963638,-19.963638,59.999992,-0.0363627,-0.0363627,-0.0363627,-0.0363627,-19.963638,Object notstarted,Object notstarted,Object notstarted,Object notstarted,Object notstarted,Object notstarted,Object notstarted,Object notstarted,Object notstarted
2024-03-18 10:34:06,855.855,__main___datalogs,INFO,JoyConState.USE_SNS,-6.587500,12.362500,-184.640000,7.212695,0.009613,0.012664,0.026396,16.474539,0.000000,0.000000,0.000000,0,0,0,0,0,0,0,0,0,0,0,0.045257568359375,-0.004302978515625,-19.981882,-19.981882,59.999992,-0.01811844,-0.01811844,-0.01811844,-0.01811844,-19.981882,Object notstarted,Object notstarted,Object notstarted,Object notstarted,Object notstarted,Object notstarted,Object notstarted,Object notstarted,Object notstarted
2024-03-18 10:34:06,980.980,__main___datalogs,INFO,JoyConState.USE_SNS,-6.587500,12.362500,-184.640000,7.001831,0.010070,0.012969,0.021666,16.506594,0.000000,0.000000,0.000000,0,0,0,0,0,0,0,0,0,0,0,0.045257568359375,-0.004302978515625,-9.956371,-9.956371,59.999992,-10.04363,-10.04363,-10.04363,-10.04363,-9.956371,Object notstarted,Object notstarted,Object notstarted,Object notstarted,Object notstarted,Object notstarted,Object notstarted,Object notstarted,Object notstarted
2024-03-18 10:34:07,088.088,__main___datalogs,INFO,JoyConState.USE_SNS,-6.587500,12.362500,-184.640000,6.432713,0.009918,0.011291,0.025633,16.538650,0.000000,0.000000,0.000000,0,0,0,0,0,0,0,0,0,0,0,0.045257568359375,-0.004302978515625,-4.9609604,-4.9609604,59.999992,-15.039041,-15.039041,-15.039041,-15.039041,-4.9609604,Object notstarted,Object notstarted,Object notstarted,Object notstarted,Object notstarted,Object notstarted,Object notstarted,Object notstarted,Object notstarted
2024-03-18 10:34:07,215.215,__main___datalogs,INFO,JoyConState.USE_SNS,-6.587500,12.362500,-184.640000,6.748398,0.010681,0.012969,0.024718,16.570708,0.000000,0.000000,0.000000,0,0,0,0,0,0,0,0,0,0,0,0.045257568359375,-0.004302978515625,-8.35425,-8.35425,59.999992,-11.64575,-11.64575,-11.64575,-11.64575,-8.35425,Object notstarted,Object notstarted,Object notstarted,Object notstarted,Object notstarted,Object notstarted,Object notstarted,Object notstarted,Object notstarted
2024-03-18 10:34:07,355.355,__main___datalogs,INFO,JoyConState.USE_SNS,-6.587500,12.362500,-184.640000,7.060574,0.010528,0.012817,0.022277,16.602764,0.000000,0.000000,0.000000,0,0,0,0,0,0,0,0,0,0,0,0.045257568359375,-0.004302978515625,-14.197273,-14.197273,59.999992,-5.8027267,-5.8027267,-5.8027267,-5.8027267,-14.197273,Object notstarted,Object notstarted,Object notstarted,Object notstarted,Object notstarted,Object notstarted,Object notstarted,Object notstarted,Object notstarted
2024-03-18 10:34:07,478.478,__main___datalogs,INFO,JoyConState.USE_SNS,-6.587500,12.362500,-184.640000,7.135642,0.009765,0.012969,0.025786,16.634820,0.000000,0.000000,0.000000,0,0,0,0,0,0,0,0,0,0,0,0.045257568359375,-0.004302978515625,-17.108677,-17.108677,59.999992,-2.8913243,-2.8913243,-2.8913243,-2.8913243,-17.108677,Object notstarted,Object notstarted,Object notstarted,Object notstarted,Object notstarted,Object notstarted,Object notstarted,Object notstarted,Object notstarted
2024-03-18 10:34:07,617.617,__main___datalogs,INFO,JoyConState.USE_SNS,-6.587500,12.362500,-184.640000,7.065304,0.008850,0.009307,0.024718,16.666874,0.000000,0.000000,0.000000,0,0,0,0,0,0,0,0,0,0,0,0.045257568359375,-0.004302978515625,-18.559341,-18.559341,59.999992,-1.4406599,-1.4406599,-1.4406599,-1.4406599,-18.559341,Object notstarted,Object notstarted,Object notstarted,Object notstarted,Object notstarted,Object notstarted,Object notstarted,Object notstarted,Object notstarted
2024-03-18 10:34:07,758.758,__main___datalogs,INFO,JoyConState.USE_SNS,-6.587500,12.362500,-184.640000,6.513427,0.009307,0.012206,0.027312,16.698930,0.000000,0.000000,0.000000,0,0,0,0,0,0,0,0,0,0,0,0.045257568359375,-0.004302978515625,-19.282164,-19.282164,59.999992,-0.7178375,-0.7178375,-0.7178375,-0.7178375,-19.282164,Object notstarted,Object notstarted,Object notstarted,Object notstarted,Object notstarted,Object notstarted,Object notstarted,Object notstarted,Object notstarted
2024-03-18 10:34:07,880.880,__main___datalogs,INFO,JoyConState.USE_SNS,-6.587500,12.362500,-184.640000,6.996796,0.010986,0.006103,0.027312,16.730988,0.000000,0.000000,0.000000,0,0,0,0,0,0,0,0,0,0,0,0.045257568359375,-0.004302978515625,-19.642323,-19.642323,59.999992,-0.35767686,-0.35767686,-0.35767686,-0.35767686,-19.642323,Object notstarted,Object notstarted,Object notstarted,Object notstarted,Object notstarted,Object notstarted,Object notstarted,Object notstarted,Object notstarted
2024-03-18 10:34:08,039.039,__main___datalogs,INFO,JoyConState.USE_SNS,-6.587500,12.362500,-184.640000,6.859017,0.010223,0.009765,0.026701,16.763043,0.000000,0.000000,0.000000,0,0,0,0,0,0,0,0,0,0,0,0.045257568359375,-0.004302978515625,-19.821781,-19.821781,59.999992,-0.17821963,-0.17821963,-0.17821963,-0.17821963,-19.821781,Object notstarted,Object notstarted,Object notstarted,Object notstarted,Object notstarted,Object notstarted,Object notstarted,Object notstarted,Object notstarted
2024-03-18 10:34:08,178.178,__main___datalogs,INFO,JoyConState.USE_SNS,-6.587500,12.362500,-184.640000,7.000458,0.008087,0.012511,0.027006,16.795099,0.000000,0.000000,0.000000,0,0,0,0,0,0,0,0,0,0,0,0.045257568359375,-0.004302978515625,-19.9112,-19.9112,59.999992,-0.08880148,-0.08880148,-0.08880148,-0.08880148,-19.9112,Object notstarted,Object notstarted,Object notstarted,Object notstarted,Object notstarted,Object notstarted,Object notstarted,Object notstarted,Object notstarted
2024-03-18 10:34:08,300.300,__main___datalogs,INFO,JoyConState.USE_SNS,-6.587500,12.362500,-184.640000,7.220323,0.011291,0.012511,0.027006,16.827153,0.000000,0.000000,0.000000,0,0,0,0,0,0,0,0,0,0,0,0.045257568359375,-0.004302978515625,-19.955753,-19.955753,59.999992,-0.04424711,-0.04424711,-0.04424711,-0.04424711,-19.955753,Object notstarted,Object notstarted,Object notstarted,Object notstarted,Object notstarted,Object notstarted,Object notstarted,Object notstarted,Object notstarted
2024-03-18 10:34:08,458.458,__main___datalogs,INFO,JoyConState.USE_SNS,-6.587500,12.362500,-184.640000,7.352914,0.012206,0.012054,0.025633,16.859209,0.000000,0.000000,0.000000,0,0,0,0,0,0,0,0,0,0,0,0.045257568359375,-0.004302978515625,-19.977955,-19.977955,59.999992,-0.022047004,-0.022047004,-0.022047004,-0.022047004,-19.977955,Object notstarted,Object notstarted,Object notstarted,Object notstarted,Object notstarted,Object notstarted,Object notstarted,Object notstarted,Object notstarted
2024-03-18 10:34:08,582.582,__main___datalogs,INFO,JoyConState.USE_SNS,-6.587500,12.362500,-184.640000,7.066982,0.011596,0.012511,0.024718,16.891263,0.000000,0.000000,0.000000,0,0,0,0,0,0,0,0,0,0,0,0.045257568359375,-0.004302978515625,-19.989017,-19.989017,59.999992,-0.010985359,-0.010985359,-0.010985359,-0.010985359,-19.989017,Object notstarted,Object notstarted,Object notstarted,Object notstarted,Object notstarted,Object notstarted,Object notstarted,Object notstarted,Object notstarted
2024-03-18 10:34:08,722.722,__main___datalogs,INFO,JoyConState.USE_SNS,-6.587500,12.362500,-184.640000,6.929661,0.011901,0.015258,0.026854,16.923320,0.000000,0.000000,0.000000,0,0,0,0,0,0,0,0,0,0,0,0.045257568359375,-0.004302978515625,-19.99453,-19.99453,59.999992,-0.005473674,-0.005473674,-0.005473674,-0.005473674,-19.99453,Object notstarted,Object notstarted,Object notstarted,Object notstarted,Object notstarted,Object notstarted,Object notstarted,Object notstarted,Object notstarted
2024-03-18 10:34:08,828.828,__main___datalogs,INFO,JoyConState.USE_SNS,-6.587500,12.362500,-184.640000,6.902960,0.010986,0.015868,0.023955,16.955376,0.000000,0.000000,0.000000,0,0,0,0,0,0,0,0,0,0,0,0.045257568359375,-0.004302978515625,-19.997276,-19.997276,59.999992,-0.002727367,-0.002727367,-0.002727367,-0.002727367,-19.997276,Object notstarted,Object notstarted,Object notstarted,Object notstarted,Object notstarted,Object notstarted,Object notstarted,Object notstarted,Object notstarted
2024-03-18 10:34:08,967.967,__main___datalogs,INFO,JoyConState.USE_SNS,-6.587500,12.362500,-184.640000,7.178059,0.009765,0.012206,0.025633,16.987432,0.000000,0.000000,0.000000,0,0,0,0,0,0,0,0,0,0,0,0.045257568359375,-0.004302978515625,-19.998642,-19.998642,59.999992,-0.001358965,-0.001358965,-0.001358965,-0.001358965,-19.998642,Object notstarted,Object notstarted,Object notstarted,Object notstarted,Object notstarted,Object notstarted,Object notstarted,Object notstarted,Object notstarted
2024-03-18 10:34:09,108.108,__main___datalogs,INFO,JoyConState.USE_SNS,-6.587500,12.362500,-184.640000,6.764876,0.010375,0.015105,0.025023,17.019488,0.000000,0.000000,0.000000,0,0,0,0,0,0,0,0,0,0,0,0.045257568359375,-0.004302978515625,-19.999325,-19.999325,59.999992,-0.00067713135,-0.00067713135,-0.00067713135,-0.00067713135,-19.999325,Object notstarted,Object notstarted,Object notstarted,Object notstarted,Object notstarted,Object notstarted,Object notstarted,Object notstarted,Object notstarted
2024-03-18 10:34:09,235.235,__main___datalogs,INFO,JoyConState.USE_SNS,-6.587500,12.362500,-184.640000,6.622368,0.011901,0.012817,0.021819,17.051542,0.000000,0.000000,0.000000,0,0,0,0,0,0,0,0,0,0,0,0.045257568359375,-0.004302978515625,-19.999664,-19.999664,59.999992,-0.0003373942,-0.0003373942,-0.0003373942,-0.0003373942,-19.999664,Object notstarted,Object notstarted,Object notstarted,Object notstarted,Object notstarted,Object notstarted,Object notstarted,Object notstarted,Object notstarted
2024-03-18 10:34:09,359.359,__main___datalogs,INFO,JoyConState.USE_SNS,-6.587500,12.362500,-184.640000,6.914709,0.011596,0.014648,0.023345,17.083598,0.000000,0.000000,0.000000,0,0,0,0,0,0,0,0,0,0,0,0.045257568359375,-0.004302978515625,-19.999832,-19.999832,59.999992,-0.00016811337,-0.00016811337,-0.00016811337,-0.00016811337,-19.999832,Object notstarted,Object notstarted,Object notstarted,Object notstarted,Object notstarted,Object notstarted,Object notstarted,Object notstarted,Object notstarted
2024-03-18 10:34:09,467.467,__main___datalogs,INFO,JoyConState.USE_SNS,-6.587500,12.362500,-184.640000,7.073543,0.010681,0.013885,0.026549,17.115653,0.000000,0.000000,0.000000,0,0,0,0,0,0,0,0,0,0,0,0.045257568359375,-0.004302978515625,-19.999916,-19.999916,59.999992,-8.376584e-05,-8.376584e-05,-8.376584e-05,-8.376584e-05,-19.999916,Object notstarted,Object notstarted,Object notstarted,Object notstarted,Object notstarted,Object notstarted,Object notstarted,Object notstarted,Object notstarted
2024-03-18 10:34:09,575.575,__main___datalogs,INFO,JoyConState.USE_SNS,-6.587500,12.362500,-184.640000,7.053097,0.011291,0.012359,0.023345,17.147707,0.000000,0.000000,0.000000,0,0,0,0,0,0,0,0,0,0,0,0.045257568359375,-0.004302978515625,-19.999958,-19.999958,59.999992,-4.1737996e-05,-4.1737996e-05,-4.1737996e-05,-4.1737996e-05,-19.999958,Object notstarted,Object notstarted,Object notstarted,Object notstarted,Object notstarted,Object notstarted,Object notstarted,Object notstarted,Object notstarted
2024-03-18 10:34:09,716.716,__main___datalogs,INFO,JoyConState.USE_SNS,-6.587500,12.362500,-184.640000,7.054165,0.010833,0.012664,0.023192,17.179763,0.000000,0.000000,0.000000,0,0,0,0,0,0,0,0,0,0,0,0.045257568359375,-0.004302978515625,-19.999979,-19.999979,59.999992,-2.0796788e-05,-2.0796788e-05,-2.0796788e-05,-2.0796788e-05,-19.999979,Object notstarted,Object notstarted,Object notstarted,Object notstarted,Object notstarted,Object notstarted,Object notstarted,Object notstarted,Object notstarted
2024-03-18 10:34:09,840.840,__main___datalogs,INFO,JoyConState.USE_SNS,-6.587500,12.362500,-184.640000,6.784712,0.012206,0.012359,0.026549,17.211819,0.000000,0.000000,0.000000,0,0,0,0,0,0,0,0,0,0,0,0.045257568359375,-0.004302978515625,-19.999989,-19.999989,59.999992,-1.0362413e-05,-1.0362413e-05,-1.0362413e-05,-1.0362413e-05,-19.999989,Object notstarted,Object notstarted,Object notstarted,Object notstarted,Object notstarted,Object notstarted,Object notstarted,Object notstarted,Object notstarted
2024-03-18 10:34:09,948.948,__main___datalogs,INFO,JoyConState.USE_SNS,-6.587500,12.362500,-184.640000,6.716814,0.011901,0.012054,0.023192,17.243873,0.000000,0.000000,0.000000,0,0,0,0,0,0,0,0,0,0,0,0.045257568359375,-0.004302978515625,-19.999996,-19.999996,59.999992,-5.1632787e-06,-5.1632787e-06,-5.1632787e-06,-5.1632787e-06,-19.999996,Object notstarted,Object notstarted,Object notstarted,Object notstarted,Object notstarted,Object notstarted,Object notstarted,Object notstarted,Object notstarted
2024-03-18 10:34:10,090.090,__main___datalogs,INFO,JoyConState.USE_SNS,-6.587500,12.362500,-184.640000,7.045926,0.011596,0.006408,0.023802,17.275928,0.000000,0.000000,0.000000,0,0,0,0,0,0,0,0,0,0,0,0.045257568359375,-0.004302978515625,-19.999996,-19.999996,59.999992,-2.5727065e-06,-2.5727065e-06,-2.5727065e-06,-2.5727065e-06,-19.999996,Object notstarted,Object notstarted,Object notstarted,Object notstarted,Object notstarted,Object notstarted,Object notstarted,Object notstarted,Object notstarted
2024-03-18 10:34:10,232.232,__main___datalogs,INFO,JoyConState.USE_SNS,-6.587500,12.362500,-184.640000,6.759689,0.011596,0.012054,0.025023,17.307984,0.000000,0.000000,0.000000,0,0,0,0,0,0,0,0,0,0,0,0.045257568359375,-0.004302978515625,-19.999996,-19.999996,59.999992,-1.2819023e-06,-1.2819023e-06,-1.2819023e-06,-1.2819023e-06,-19.999996,Object notstarted,Object notstarted,Object notstarted,Object notstarted,Object notstarted,Object notstarted,Object notstarted,Object notstarted,Object notstarted
2024-03-18 10:34:10,359.359,__main___datalogs,INFO,JoyConState.USE_SNS,-6.587500,12.362500,-184.640000,6.775557,0.011291,0.007324,0.026091,17.340038,0.000000,0.000000,0.000000,0,0,0,0,0,0,0,0,0,0,0,0.045257568359375,-0.004302978515625,-19.999996,-19.999996,59.999992,-6.3873335e-07,-6.3873335e-07,-6.3873335e-07,-6.3873335e-07,-19.999996,Object notstarted,Object notstarted,Object notstarted,Object notstarted,Object notstarted,Object notstarted,Object notstarted,Object notstarted,Object notstarted
2024-03-18 10:34:10,482.482,__main___datalogs,INFO,JoyConState.USE_SNS,-6.587500,12.362500,-184.640000,6.939579,0.012817,0.012664,0.024260,17.372096,0.000000,0.000000,0.000000,0,0,0,0,0,0,0,0,0,0,0,0.045257568359375,-0.004302978515625,-19.999996,-19.999996,59.999992,-3.182616e-07,-3.182616e-07,-3.182616e-07,-3.182616e-07,-19.999996,Object notstarted,Object notstarted,Object notstarted,Object notstarted,Object notstarted,Object notstarted,Object notstarted,Object notstarted,Object notstarted
2024-03-18 10:34:10,592.592,__main___datalogs,INFO,JoyConState.USE_SNS,-6.587500,12.362500,-184.640000,6.857949,0.011901,0.011749,0.024565,17.404150,0.000000,0.000000,0.000000,0,0,0,0,0,0,0,0,0,0,0,0.045257568359375,-0.004302978515625,-19.999996,-19.999996,59.999992,-1.5858019e-07,-1.5858019e-07,-1.5858019e-07,-1.5858019e-07,-19.999996,Object notstarted,Object notstarted,Object notstarted,Object notstarted,Object notstarted,Object notstarted,Object notstarted,Object notstarted,Object notstarted
2024-03-18 10:34:10,717.717,__main___datalogs,INFO,JoyConState.USE_SNS,-6.587500,12.362500,-184.640000,7.396399,0.016479,0.013274,0.024260,17.436204,0.000000,0.000000,0.000000,0,0,0,0,0,0,0,0,0,0,0,0.045257568359375,-0.004302978515625,-19.999996,-19.999996,54.11764,-7.901574e-08,-7.901574e-08,-7.901574e-08,-7.901574e-08,-19.999996,Object notstarted,Object notstarted,Object notstarted,Object notstarted,Object notstarted,Object notstarted,Object notstarted,Object notstarted,Object notstarted
2024-03-18 10:34:10,859.859,__main___datalogs,INFO,JoyConState.USE_SNS,-6.587500,12.362500,-184.640000,6.967196,0.012206,0.013274,0.021208,17.468259,0.000000,0.000000,0.000000,0,0,0,0,0,0,0,0,0,0,0,0.045257568359375,-0.004302978515625,-19.999996,-19.999996,47.034397,-3.9371166e-08,-3.9371166e-08,-3.9371166e-08,-3.9371166e-08,-19.999996,Object notstarted,Object notstarted,Object notstarted,Object notstarted,Object notstarted,Object notstarted,Object notstarted,Object notstarted,Object notstarted
2024-03-18 10:34:10,984.984,__main___datalogs,INFO,JoyConState.USE_SNS,-6.587500,12.362500,-184.640000,6.878700,0.010986,0.012969,0.023345,17.500311,0.000000,0.000000,0.000000,0,0,0,0,0,0,0,0,0,0,0,0.045257568359375,-0.004302978515625,-19.999996,-19.999996,43.505028,-1.9617469e-08,-1.9617469e-08,-1.9617469e-08,-1.9617469e-08,-19.999996,Object notstarted,Object notstarted,Object notstarted,Object notstarted,Object notstarted,Object notstarted,Object notstarted,Object notstarted,Object notstarted
2024-03-18 10:34:11,110.110,__main___datalogs,INFO,JoyConState.USE_SNS,-6.587500,12.362500,-184.640000,7.146781,0.012817,0.009307,0.023345,17.532367,0.000000,0.000000,0.000000,0,0,0,0,0,0,0,0,0,0,0,0.045257568359375,-0.004302978515625,-19.999996,-19.999996,51.78105,-9.774794e-09,-9.774794e-09,-9.774794e-09,-9.774794e-09,-19.999996,Object notstarted,Object notstarted,Object notstarted,Object notstarted,Object notstarted,Object notstarted,Object notstarted,Object notstarted,Object notstarted
2024-03-18 10:34:11,254.254,__main___datalogs,INFO,JoyConState.USE_SNS,-6.587500,12.362500,-184.640000,7.065151,0.012817,0.012206,0.020598,17.564423,0.000000,0.000000,0.000000,0,0,0,0,0,0,0,0,0,0,0,0.045257568359375,-0.004302978515625,-19.999996,-19.999996,45.870144,-4.870486e-09,-4.870486e-09,-4.870486e-09,-4.870486e-09,-19.999996,Object notstarted,Object notstarted,Object notstarted,Object notstarted,Object notstarted,Object notstarted,Object notstarted,Object notstarted,Object notstarted
2024-03-18 10:34:11,388.388,__main___datalogs,INFO,JoyConState.USE_SNS,-6.587500,12.362500,-184.640000,7.061184,0.016631,0.012664,0.026854,17.596478,0.000000,0.000000,0.000000,0,0,0,0,0,0,0,0,0,0,0,0.045257568359375,-0.004302978515625,-19.999996,-19.999996,42.92492,-2.4268165e-09,-2.4268165e-09,-2.4268165e-09,-2.4268165e-09,-19.999996,Object notstarted,Object notstarted,Object notstarted,Object notstarted,Object notstarted,Object notstarted,Object notstarted,Object notstarted,Object notstarted
2024-03-18 10:34:11,511.511,__main___datalogs,INFO,JoyConState.USE_SNS,-6.587500,12.362500,-184.640000,7.248856,0.009307,0.013122,0.027006,17.628534,0.000000,0.000000,0.000000,0,0,0,0,0,0,0,0,0,0,0,0.045257568359375,-0.004302978515625,-19.999996,-19.999996,41.4574,-1.2092097e-09,-1.2092097e-09,-1.2092097e-09,-1.2092097e-09,-19.999996,Object notstarted,Object notstarted,Object notstarted,Object notstarted,Object notstarted,Object notstarted,Object notstarted,Object notstarted,Object notstarted
2024-03-18 10:34:11,622.622,__main___datalogs,INFO,JoyConState.USE_SNS,-6.587500,12.362500,-184.640000,7.380684,0.013732,0.015716,0.026854,17.660586,0.000000,0.000000,0.000000,0,0,0,0,0,0,0,0,0,0,0,0.045257568359375,-0.004302978515625,-19.999996,-19.999996,44.87843,-6.025128e-10,-6.025128e-10,-6.025128e-10,-6.025128e-10,-19.999996,Object notstarted,Object notstarted,Object notstarted,Object notstarted,Object notstarted,Object notstarted,Object notstarted,Object notstarted,Object notstarted
2024-03-18 10:34:11,778.778,__main___datalogs,INFO,JoyConState.USE_SNS,-6.587500,12.362500,-184.640000,6.562862,0.016936,0.012054,0.023802,17.692642,0.000000,0.000000,0.000000,0,0,0,0,0,0,0,0,0,0,0,0.045257568359375,-0.004302978515625,-19.999996,-19.999996,42.430775,-3.0021402e-10,-3.0021402e-10,-3.0021402e-10,-3.0021402e-10,-19.999996,Object notstarted,Object notstarted,Object notstarted,Object notstarted,Object notstarted,Object notstarted,Object notstarted,Object notstarted,Object notstarted
2024-03-18 10:34:11,904.904,__main___datalogs,INFO,JoyConState.USE_SNS,-6.587500,12.362500,-184.640000,7.229478,0.012817,0.012206,0.024108,17.724697,0.000000,0.000000,0.000000,0,0,0,0,0,0,0,0,0,0,0,0.045257568359375,-0.004302978515625,-19.999996,-19.999996,41.21118,-1.4958762e-10,-1.4958762e-10,-1.4958762e-10,-1.4958762e-10,-19.999996,Object notstarted,Object notstarted,Object notstarted,Object notstarted,Object notstarted,Object notstarted,Object notstarted,Object notstarted,Object notstarted
2024-03-18 10:34:12,011.011,__main___datalogs,INFO,JoyConState.USE_SNS,-6.587500,12.362500,-184.640000,7.165090,0.013427,0.012511,0.027464,17.756755,0.000000,0.000000,0.000000,0,0,0,0,0,0,0,0,0,0,0,0.045257568359375,-0.004302978515625,-19.999996,-19.999996,40.603493,-7.453501e-11,-7.453501e-11,-7.453501e-11,-7.453501e-11,-19.999996,Object notstarted,Object notstarted,Object notstarted,Object notstarted,Object notstarted,Object notstarted,Object notstarted,Object notstarted,Object notstarted
2024-03-18 10:34:12,155.155,__main___datalogs,INFO,JoyConState.USE_SNS,-6.587500,12.362500,-184.640000,7.128013,0.012512,0.014800,0.025023,17.788811,0.000000,0.000000,0.000000,0,0,0,0,0,0,0,0,0,0,0,0.045257568359375,-0.004302978515625,-19.999996,-19.999996,40.300705,-3.7138553e-11,-3.7138553e-11,-3.7138553e-11,-3.7138553e-11,-19.999996,Object notstarted,Object notstarted,Object notstarted,Object notstarted,Object notstarted,Object notstarted,Object notstarted,Object notstarted,Object notstarted
2024-03-18 10:34:12,278.278,__main___datalogs,INFO,JoyConState.USE_SNS,-6.587500,12.362500,-184.640000,7.723528,0.013427,0.012664,0.022429,17.820865,0.000000,0.000000,0.000000,0,0,0,0,0,0,0,0,0,0,0,0.045257568359375,-0.004302978515625,-19.999996,-19.999996,40.149834,-1.8505024e-11,-1.8505024e-11,-1.8505024e-11,-1.8505024e-11,-19.999996,Object notstarted,Object notstarted,Object notstarted,Object notstarted,Object notstarted,Object notstarted,Object notstarted,Object notstarted,Object notstarted
2024-03-18 10:34:12,401.401,__main___datalogs,INFO,JoyConState.USE_SNS,-6.587500,12.362500,-184.640000,7.260604,0.013427,0.012359,0.022734,17.852919,0.000000,0.000000,0.000000,0,0,0,0,0,0,0,0,0,0,0,0.045257568359375,-0.004302978515625,-19.999996,-19.999996,40.07466,-9.220497e-12,-9.220497e-12,-9.220497e-12,-9.220497e-12,-19.999996,Object notstarted,Object notstarted,Object notstarted,Object notstarted,Object notstarted,Object notstarted,Object notstarted,Object notstarted,Object notstarted
2024-03-18 10:34:12,541.541,__main___datalogs,INFO,JoyConState.USE_SNS,-6.587500,12.362500,-184.640000,7.013122,0.016326,0.012664,0.024718,17.884973,0.000000,0.000000,0.000000,0,0,0,0,0,0,0,0,0,0,0,0.045257568359375,-0.004302978515625,-19.999996,-19.999996,40.0372,-4.5942963e-12,-4.5942963e-12,-4.5942963e-12,-4.5942963e-12,-19.999996,Object notstarted,Object notstarted,Object notstarted,Object notstarted,Object notstarted,Object notstarted,Object notstarted,Object notstarted,Object notstarted
2024-03-18 10:34:12,647.647,__main___datalogs,INFO,JoyConState.USE_SNS,-6.587500,12.362500,-184.640000,6.910894,0.010375,0.011901,0.027159,17.917030,0.000000,0.000000,0.000000,0,0,0,0,0,0,0,0,0,0,0,0.045257568359375,-0.004302978515625,-19.999996,-19.999996,40.01854,-2.2891996e-12,-2.2891996e-12,-2.2891996e-12,-2.2891996e-12,-19.999996,Object notstarted,Object notstarted,Object notstarted,Object notstarted,Object notstarted,Object notstarted,Object notstarted,Object notstarted,Object notstarted
2024-03-18 10:34:12,755.755,__main___datalogs,INFO,JoyConState.USE_SNS,-6.587500,12.362500,-184.640000,7.176076,0.012817,0.012817,0.026396,17.949086,0.000000,0.000000,0.000000,0,0,0,0,0,0,0,0,0,0,0,0.045257568359375,-0.004302978515625,-19.999996,-19.999996,40.00924,-1.1406393e-12,-1.1406393e-12,-1.1406393e-12,-1.1406393e-12,-19.999996,Object notstarted,Object notstarted,Object notstarted,Object notstarted,Object notstarted,Object notstarted,Object notstarted,Object notstarted,Object notstarted
2024-03-18 10:34:12,862.862,__main___datalogs,INFO,JoyConState.USE_SNS,-6.587500,12.362500,-184.640000,7.107263,0.013427,0.015716,0.026854,17.981142,0.000000,0.000000,0.000000,0,0,0,0,0,0,0,0,0,0,0,0.045257568359375,-0.004302978515625,-19.999996,-19.999996,40.004604,-5.6834626e-13,-5.6834626e-13,-5.6834626e-13,-5.6834626e-13,-19.999996,Object notstarted,Object notstarted,Object notstarted,Object notstarted,Object notstarted,Object notstarted,Object notstarted,Object notstarted,Object notstarted
2024-03-18 10:34:12,986.986,__main___datalogs,INFO,JoyConState.USE_SNS,-6.587500,12.362500,-184.640000,7.653189,0.014343,0.011749,0.027006,18.013196,0.000000,0.000000,0.000000,0,0,0,0,0,0,0,0,0,0,0,0.045257568359375,-0.004302978515625,-19.999996,-19.999996,40.002296,-2.8318984e-13,-2.8318984e-13,-2.8318984e-13,-2.8318984e-13,-19.999996,Object notstarted,Object notstarted,Object notstarted,Object notstarted,Object notstarted,Object notstarted,Object notstarted,Object notstarted,Object notstarted
2024-03-18 10:34:13,126.126,__main___datalogs,INFO,JoyConState.USE_SNS,-6.587500,12.362500,-184.640000,6.672261,0.012817,0.013732,0.027159,18.045250,0.000000,0.000000,0.000000,0,0,0,0,0,0,0,0,0,0,0,0.045257568359375,-0.004302978515625,-19.999996,-19.999996,29.966545,-1.4110498e-13,-1.4110498e-13,-1.4110498e-13,-1.4110498e-13,-19.999996,Object notstarted,Object notstarted,Object notstarted,Object notstarted,Object notstarted,Object notstarted,Object notstarted,Object notstarted,Object notstarted
2024-03-18 10:34:13,248.248,__main___datalogs,INFO,JoyConState.USE_SNS,-6.587500,12.362500,-184.640000,6.362527,0.014343,0.012817,0.023650,18.077305,0.000000,0.000000,0.000000,0,0,0,0,0,0,0,0,0,0,0,0.045257568359375,-0.004302978515625,-19.999996,-19.999996,30.848383,-7.030837e-14,-7.030837e-14,-7.030837e-14,-7.030837e-14,-19.999996,Object notstarted,Object notstarted,Object notstarted,Object notstarted,Object notstarted,Object notstarted,Object notstarted,Object notstarted,Object notstarted
2024-03-18 10:34:13,357.357,__main___datalogs,INFO,JoyConState.USE_SNS,-6.587500,12.362500,-184.640000,7.051266,0.013427,0.012206,0.026701,18.109361,0.000000,0.000000,0.000000,0,0,0,0,0,0,0,0,0,0,0,0.045257568359375,-0.004302978515625,-19.999996,-19.999996,35.440025,-3.5032547e-14,-3.5032547e-14,-3.5032547e-14,-3.5032547e-14,-19.999996,Object notstarted,Object notstarted,Object notstarted,Object notstarted,Object notstarted,Object notstarted,Object notstarted,Object notstarted,Object notstarted
2024-03-18 10:34:13,485.485,__main___datalogs,INFO,JoyConState.USE_SNS,-6.587500,12.362500,-184.640000,7.144187,0.013122,0.012206,0.024718,18.141417,0.000000,0.000000,0.000000,0,0,0,0,0,0,0,0,0,0,0,0.045257568359375,-0.004302978515625,-19.999996,-19.999996,37.727905,-1.7455665e-14,-1.7455665e-14,-1.7455665e-14,-1.7455665e-14,-19.999996,Object notstarted,Object notstarted,Object notstarted,Object notstarted,Object notstarted,Object notstarted,Object notstarted,Object notstarted,Object notstarted
2024-03-18 10:34:13,593.593,__main___datalogs,INFO,JoyConState.USE_SNS,-6.587500,12.362500,-184.640000,7.268691,0.012512,0.013885,0.023039,18.173473,0.000000,0.000000,0.000000,0,0,0,0,0,0,0,0,0,0,0,0.045257568359375,-0.004302978515625,-19.999996,-19.999996,38.867886,-8.6976325e-15,-8.6976325e-15,-8.6976325e-15,-8.6976325e-15,-19.999996,Object notstarted,Object notstarted,Object notstarted,Object notstarted,Object notstarted,Object notstarted,Object notstarted,Object notstarted,Object notstarted
2024-03-18 10:34:13,716.716,__main___datalogs,INFO,JoyConState.USE_SNS,-6.587500,12.362500,-184.640000,6.967043,0.013427,0.012511,0.025786,18.205527,0.000000,0.000000,0.000000,0,0,0,0,0,0,0,0,0,0,0,0.045257568359375,-0.004302978515625,-19.999996,-19.999996,39.4359,-4.3337687e-15,-4.3337687e-15,-4.3337687e-15,-4.3337687e-15,-19.999996,Object notstarted,Object notstarted,Object notstarted,Object notstarted,Object notstarted,Object notstarted,Object notstarted,Object notstarted,Object notstarted
2024-03-18 10:34:13,841.841,__main___datalogs,INFO,JoyConState.USE_SNS,-6.587500,12.362500,-184.640000,7.206286,0.013732,0.012511,0.026854,18.237581,0.000000,0.000000,0.000000,0,0,0,0,0,0,0,0,0,0,0,0.045257568359375,-0.004302978515625,-19.999996,-19.999996,39.718925,-2.1593866e-15,-2.1593866e-15,-2.1593866e-15,-2.1593866e-15,-19.999996,Object notstarted,Object notstarted,Object notstarted,Object notstarted,Object notstarted,Object notstarted,Object notstarted,Object notstarted,Object notstarted
2024-03-18 10:34:13,965.965,__main___datalogs,INFO,JoyConState.USE_SNS,-6.587500,12.362500,-184.640000,7.324992,0.013122,0.013274,0.021666,18.269638,0.000000,0.000000,0.000000,0,0,0,0,0,0,0,0,0,0,0,0.045257568359375,-0.004302978515625,-19.999996,-19.999996,39.85995,-1.0759574e-15,-1.0759574e-15,-1.0759574e-15,-1.0759574e-15,-19.999996,Object notstarted,Object notstarted,Object notstarted,Object notstarted,Object notstarted,Object notstarted,Object notstarted,Object notstarted,Object notstarted
2024-03-18 10:34:14,088.088,__main___datalogs,INFO,JoyConState.USE_SNS,-6.587500,12.362500,-184.640000,7.046689,0.013732,0.016021,0.023039,18.301694,0.000000,0.000000,0.000000,0,0,0,0,0,0,0,0,0,0,0,0.045257568359375,-0.004302978515625,-19.999996,-19.999996,39.930218,-5.361172e-16,-5.361172e-16,-5.361172e-16,-5.361172e-16,-19.999996,Object notstarted,Object notstarted,Object notstarted,Object notstarted,Object notstarted,Object notstarted,Object notstarted,Object notstarted,Object notstarted
2024-03-18 10:34:14,211.211,__main___datalogs,INFO,JoyConState.USE_SNS,-6.587500,12.362500,-184.640000,7.026243,0.009460,0.012969,0.026549,18.333748,0.000000,0.000000,0.000000,0,0,0,0,0,0,0,0,0,0,0,0.045257568359375,-0.004302978515625,-19.999996,-19.999996,39.965233,-2.6713108e-16,-2.6713108e-16,-2.6713108e-16,-2.6713108e-16,-19.999996,Object notstarted,Object notstarted,Object notstarted,Object notstarted,Object notstarted,Object notstarted,Object notstarted,Object notstarted,Object notstarted
2024-03-18 10:34:14,351.351,__main___datalogs,INFO,JoyConState.USE_SNS,-6.587500,12.362500,-184.640000,7.387092,0.017089,0.013274,0.026244,18.365804,0.000000,0.000000,0.000000,0,0,0,0,0,0,0,0,0,0,0,0.045257568359375,-0.004302978515625,-19.999996,-19.999996,44.134926,-1.3310339e-16,-1.3310339e-16,-1.3310339e-16,-1.3310339e-16,-19.999996,Object notstarted,Object notstarted,Object notstarted,Object notstarted,Object notstarted,Object notstarted,Object notstarted,Object notstarted,Object notstarted
2024-03-18 10:34:14,457.457,__main___datalogs,INFO,JoyConState.USE_SNS,-6.587500,12.362500,-184.640000,7.345743,0.014648,0.013122,0.024870,18.397858,0.000000,0.000000,0.000000,0,0,0,0,0,0,0,0,0,0,0,0.045257568359375,-0.004302978515625,-19.999996,-19.999996,42.06031,-6.6321416e-17,-6.6321416e-17,-6.6321416e-17,-6.6321416e-17,-19.999996,Object notstarted,Object notstarted,Object notstarted,Object notstarted,Object notstarted,Object notstarted,Object notstarted,Object notstarted,Object notstarted
2024-03-18 10:34:14,585.585,__main___datalogs,INFO,JoyConState.USE_SNS,-6.587500,12.362500,-184.640000,7.377174,0.015258,0.013122,0.026549,18.429913,0.000000,0.000000,0.000000,0,0,0,0,0,0,0,0,0,0,0,0.045257568359375,-0.004302978515625,-19.999996,-19.999996,41.026592,-3.3045965e-17,-3.3045965e-17,-3.3045965e-17,-3.3045965e-17,-19.999996,Object notstarted,Object notstarted,Object notstarted,Object notstarted,Object notstarted,Object notstarted,Object notstarted,Object notstarted,Object notstarted
2024-03-18 10:34:14,712.712,__main___datalogs,INFO,JoyConState.USE_SNS,-6.587500,12.362500,-184.640000,7.397010,0.014037,0.013274,0.026854,18.461969,0.000000,0.000000,0.000000,0,0,0,0,0,0,0,0,0,0,0,0.045257568359375,-0.004302978515625,-19.999996,-19.999996,40.51152,-1.6465811e-17,-1.6465811e-17,-1.6465811e-17,-1.6465811e-17,-19.999996,Object notstarted,Object notstarted,Object notstarted,Object notstarted,Object notstarted,Object notstarted,Object notstarted,Object notstarted,Object notstarted
2024-03-18 10:34:14,835.835,__main___datalogs,INFO,JoyConState.USE_SNS,-6.587500,12.362500,-184.640000,7.274336,0.014648,0.017699,0.025328,18.494023,0.000000,0.000000,0.000000,0,0,0,0,0,0,0,0,0,0,0,0.045257568359375,-0.004302978515625,-19.999996,-19.999996,40.254875,-8.204418e-18,-8.204418e-18,-8.204418e-18,-8.204418e-18,-19.999996,Object notstarted,Object notstarted,Object notstarted,Object notstarted,Object notstarted,Object notstarted,Object notstarted,Object notstarted,Object notstarted
2024-03-18 10:34:14,958.958,__main___datalogs,INFO,JoyConState.USE_SNS,-6.587500,12.362500,-184.640000,7.230241,0.014343,0.016021,0.025938,18.526079,0.000000,0.000000,0.000000,0,0,0,0,0,0,0,0,0,0,0,0.045257568359375,-0.004302978515625,-19.999996,-19.999996,40.127,-4.0880147e-18,-4.0880147e-18,-4.0880147e-18,-4.0880147e-18,-19.999996,Object notstarted,Object notstarted,Object notstarted,Object notstarted,Object notstarted,Object notstarted,Object notstarted,Object notstarted,Object notstarted
2024-03-18 10:34:15,100.100,__main___datalogs,INFO,JoyConState.USE_SNS,-6.587500,12.362500,-184.640000,7.463229,0.016479,0.014190,0.026396,18.558135,0.000000,0.000000,0.000000,0,0,0,0,0,0,0,0,0,0,0,0.045257568359375,-0.004302978515625,-19.999996,-19.999996,40.06328,-2.0369347e-18,-2.0369347e-18,-2.0369347e-18,-2.0369347e-18,-19.999996,Object notstarted,Object notstarted,Object notstarted,Object notstarted,Object notstarted,Object notstarted,Object notstarted,Object notstarted,Object notstarted
2024-03-18 10:34:15,225.225,__main___datalogs,INFO,JoyConState.USE_SNS,-6.587500,12.362500,-184.640000,7.077357,0.016173,0.016021,0.021514,18.590190,0.000000,0.000000,0.000000,0,0,0,0,0,0,0,0,0,0,0,0.045257568359375,-0.004302978515625,-19.999996,-19.999996,40.031532,-1.0149434e-18,-1.0149434e-18,-1.0149434e-18,-1.0149434e-18,-19.999996,Object notstarted,Object notstarted,Object notstarted,Object notstarted,Object notstarted,Object notstarted,Object notstarted,Object notstarted,Object notstarted
2024-03-18 10:34:15,380.380,__main___datalogs,INFO,JoyConState.USE_SNS,-6.587500,12.362500,-184.640000,6.658072,0.017089,0.014953,0.024260,18.622244,0.000000,0.000000,0.000000,0,0,0,0,0,0,0,0,0,0,0,0.045257568359375,-0.004302978515625,-19.999996,-19.999996,40.015713,-5.0571574e-19,-5.0571574e-19,-5.0571574e-19,-5.0571574e-19,-19.999996,Object notstarted,Object notstarted,Object notstarted,Object notstarted,Object notstarted,Object notstarted,Object notstarted,Object notstarted,Object notstarted
2024-03-18 10:34:15,504.504,__main___datalogs,INFO,JoyConState.USE_SNS,-6.587500,12.362500,-184.640000,7.124352,0.013885,0.014037,0.024260,18.654300,0.000000,0.000000,0.000000,0,0,0,0,0,0,0,0,0,0,0,0.045257568359375,-0.004302978515625,-19.999996,-19.999996,40.00783,-2.5198294e-19,-2.5198294e-19,-2.5198294e-19,-2.5198294e-19,-19.999996,Object notstarted,Object notstarted,Object notstarted,Object notstarted,Object notstarted,Object notstarted,Object notstarted,Object notstarted,Object notstarted
2024-03-18 10:34:15,661.661,__main___datalogs,INFO,JoyConState.USE_SNS,-6.587500,12.362500,-184.640000,6.990083,0.016631,0.018004,0.024413,18.686354,0.000000,0.000000,0.000000,0,0,0,0,0,0,0,0,0,0,0,0.045257568359375,-0.004302978515625,-19.999996,-19.999996,40.003906,-1.2555552e-19,-1.2555552e-19,-1.2555552e-19,-1.2555552e-19,-19.999996,Object notstarted,Object notstarted,Object notstarted,Object notstarted,Object notstarted,Object notstarted,Object notstarted,Object notstarted,Object notstarted
2024-03-18 10:34:15,804.804,__main___datalogs,INFO,JoyConState.USE_SNS,-6.587500,12.362500,-184.640000,7.115655,0.017242,0.018615,0.025176,18.718410,0.000000,0.000000,0.000000,0,0,0,0,0,0,0,0,0,0,0,0.045257568359375,-0.004302978515625,-19.999996,-19.999996,40.001945,-6.2560536e-20,-6.2560536e-20,-6.2560536e-20,-6.2560536e-20,-19.999996,Object notstarted,Object notstarted,Object notstarted,Object notstarted,Object notstarted,Object notstarted,Object notstarted,Object notstarted,Object notstarted
2024-03-18 10:34:15,932.932,__main___datalogs,INFO,JoyConState.USE_SNS,-6.587500,12.362500,-184.640000,7.162039,0.017852,0.018310,0.021208,18.750466,0.000000,0.000000,0.000000,0,0,0,0,0,0,0,0,0,0,0,0.045257568359375,-0.004302978515625,-19.999996,-19.999996,40.00097,-3.1172033e-20,-3.1172033e-20,-3.1172033e-20,-3.1172033e-20,-19.999996,Object notstarted,Object notstarted,Object notstarted,Object notstarted,Object notstarted,Object notstarted,Object notstarted,Object notstarted,Object notstarted
2024-03-18 10:34:16,056.056,__main___datalogs,INFO,JoyConState.USE_SNS,-6.587500,12.362500,-184.640000,7.119316,0.018310,0.016784,0.024565,18.782521,0.000000,0.000000,0.000000,0,0,0,0,0,0,0,0,0,0,0,0.045257568359375,-0.004302978515625,-19.999996,-19.999996,40.000484,-1.5532087e-20,-1.5532087e-20,-1.5532087e-20,-1.5532087e-20,-19.999996,Object notstarted,Object notstarted,Object notstarted,Object notstarted,Object notstarted,Object notstarted,Object notstarted,Object notstarted,Object notstarted
2024-03-18 10:34:16,179.179,__main___datalogs,INFO,JoyConState.USE_SNS,-6.587500,12.362500,-184.640000,7.128929,0.018310,0.016479,0.024260,18.814575,0.000000,0.000000,0.000000,0,0,0,0,0,0,0,0,0,0,0,0.045257568359375,-0.004302978515625,-19.999996,-19.999996,40.000244,-7.739171e-21,-7.739171e-21,-7.739171e-21,-7.739171e-21,-19.999996,Object notstarted,Object notstarted,Object notstarted,Object notstarted,Object notstarted,Object notstarted,Object notstarted,Object notstarted,Object notstarted
2024-03-18 10:34:16,286.286,__main___datalogs,INFO,JoyConState.USE_SNS,-6.587500,12.362500,-184.640000,7.261825,0.018767,0.016784,0.026244,18.846631,0.000000,0.000000,0.000000,0,0,0,0,0,0,0,0,0,0,0,0.045257568359375,-0.004302978515625,-19.999996,-19.999996,40.000122,-3.8561965e-21,-3.8561965e-21,-3.8561965e-21,-3.8561965e-21,-19.999996,Object notstarted,Object notstarted,Object notstarted,Object notstarted,Object notstarted,Object notstarted,Object notstarted,Object notstarted,Object notstarted
2024-03-18 10:34:16,393.393,__main___datalogs,INFO,JoyConState.USE_SNS,-6.587500,12.362500,-184.640000,7.545163,0.014953,0.014648,0.021971,18.878685,0.000000,0.000000,0.000000,0,0,0,0,0,0,0,0,0,0,0,0.045257568359375,-0.004302978515625,-19.999996,-19.999996,40.00006,-1.9214267e-21,-1.9214267e-21,-1.9214267e-21,-1.9214267e-21,-19.999996,Object notstarted,Object notstarted,Object notstarted,Object notstarted,Object notstarted,Object notstarted,Object notstarted,Object notstarted,Object notstarted
2024-03-18 10:34:16,517.517,__main___datalogs,INFO,JoyConState.USE_SNS,-6.587500,12.362500,-184.640000,7.092768,0.017547,0.018004,0.019683,18.910740,0.000000,0.000000,0.000000,0,0,0,0,0,0,0,0,0,0,0,0.045257568359375,-0.004302978515625,-19.999996,-19.999996,40.00003,-9.573892e-22,-9.573892e-22,-9.573892e-22,-9.573892e-22,-19.999996,Object notstarted,Object notstarted,Object notstarted,Object notstarted,Object notstarted,Object notstarted,Object notstarted,Object notstarted,Object notstarted
2024-03-18 10:34:16,608.608,__main___datalogs,INFO,JoyConState.USE_SNS,-6.587500,12.362500,-184.640000,7.125877,0.013732,0.022582,0.020598,18.942794,0.000000,0.000000,0.000000,0,0,0,0,0,0,0,0,0,0,0,0.045257568359375,-0.004302978515625,-19.999996,-19.999996,40.000015,-4.7703825e-22,-4.7703825e-22,-4.7703825e-22,-4.7703825e-22,-19.999996,Object notstarted,Object notstarted,Object notstarted,Object notstarted,Object notstarted,Object notstarted,Object notstarted,Object notstarted,Object notstarted
2024-03-18 10:34:16,717.717,__main___datalogs,INFO,JoyConState.USE_SNS,-6.587500,12.362500,-184.640000,7.353372,0.017699,0.022734,0.025023,18.974848,0.000000,0.000000,0.000000,0,0,0,0,0,0,0,0,0,0,0,0.045257568359375,-0.004302978515625,-19.999996,-19.999996,29.965408,-2.376938e-22,-2.376938e-22,-2.376938e-22,-2.376938e-22,-19.999996,Object notstarted,Object notstarted,Object notstarted,Object notstarted,Object notstarted,Object notstarted,Object notstarted,Object notstarted,Object notstarted
2024-03-18 10:34:16,841.841,__main___datalogs,INFO,JoyConState.USE_SNS,-6.587500,12.362500,-184.640000,7.297223,0.018615,0.017852,0.022124,19.006902,0.000000,0.000000,0.000000,0,0,0,0,0,0,0,0,0,0,0,0.045257568359375,-0.004302978515625,-19.999996,-19.999996,20.813213,-1.1843568e-22,-1.1843568e-22,-1.1843568e-22,-1.1843568e-22,-19.999996,Object notstarted,Object notstarted,Object notstarted,Object notstarted,Object notstarted,Object notstarted,Object notstarted,Object notstarted,Object notstarted
2024-03-18 10:34:16,948.948,__main___datalogs,INFO,JoyConState.USE_SNS,-6.587500,12.362500,-184.640000,7.467043,0.018615,0.018004,0.020293,19.038958,0.000000,0.000000,0.000000,0,0,0,0,0,0,0,0,0,0,0,0.045257568359375,-0.004302978515625,-19.999996,-19.999996,30.439802,-5.9012936e-23,-5.9012936e-23,-5.9012936e-23,-5.9012936e-23,-19.999996,Object notstarted,Object notstarted,Object notstarted,Object notstarted,Object notstarted,Object notstarted,Object notstarted,Object notstarted,Object notstarted
2024-03-18 10:34:17,059.059,__main___datalogs,INFO,JoyConState.USE_SNS,-6.587500,12.362500,-184.640000,7.085444,0.018920,0.016479,0.019988,19.071013,0.000000,0.000000,0.000000,0,0,0,0,0,0,0,0,0,0,0,0.045257568359375,-0.004302978515625,-19.999996,-19.999996,35.236443,-2.940437e-23,-2.940437e-23,-2.940437e-23,-2.940437e-23,-19.999996,Object notstarted,Object notstarted,Object notstarted,Object notstarted,Object notstarted,Object notstarted,Object notstarted,Object notstarted,Object notstarted
2024-03-18 10:34:17,215.215,__main___datalogs,INFO,JoyConState.USE_SNS,-6.587500,12.362500,-184.640000,7.886329,0.018310,0.020751,0.019683,19.103071,0.000000,0.000000,0.000000,0,0,0,0,0,0,0,0,0,0,0,0.045257568359375,-0.004302978515625,-19.999996,-19.999996,31.74411,-1.4651313e-23,-1.4651313e-23,-1.4651313e-23,-1.4651313e-23,-19.999996,Object notstarted,Object notstarted,Object notstarted,Object notstarted,Object notstarted,Object notstarted,Object notstarted,Object notstarted,Object notstarted
2024-03-18 10:34:17,371.371,__main___datalogs,INFO,JoyConState.USE_SNS,-6.587500,12.362500,-184.640000,7.771132,0.018157,0.023497,0.025786,19.135127,0.000000,0.000000,0.000000,0,0,0,0,0,0,0,0,0,0,0,0.045257568359375,-0.004302978515625,-19.999996,-19.999996,25.851738,-7.300309e-24,-7.300309e-24,-7.300309e-24,-7.300309e-24,-19.999996,Object notstarted,Object notstarted,Object notstarted,Object notstarted,Object notstarted,Object notstarted,Object notstarted,Object notstarted,Object notstarted
2024-03-18 10:34:17,493.493,__main___datalogs,INFO,JoyConState.USE_SNS,-6.587500,12.362500,-184.640000,7.524260,0.016479,0.017394,0.025176,19.167174,0.000000,0.000000,0.000000,0,0,0,0,0,0,0,0,0,0,0,0.045257568359375,-0.004302978515625,-19.999996,-19.999996,18.763496,0.51521015,-3.6375244e-24,-3.6375244e-24,-3.6375244e-24,-19.999996,Object notstarted,Object notstarted,Object notstarted,Object notstarted,Object notstarted,Object notstarted,Object notstarted,Object notstarted,Object notstarted
2024-03-18 10:34:17,631.631,__main___datalogs,INFO,JoyConState.USE_SNS,-6.587500,12.362500,-184.640000,7.738480,0.017699,0.019530,0.022124,19.199207,0.000000,0.000000,0.000000,0,0,0,0,0,0,0,0,0,0,0,0.045257568359375,-0.004302978515625,-19.999996,-19.999996,29.41849,0.51342726,-1.812469e-24,-1.812469e-24,-1.812469e-24,-19.999996,Object notstarted,Object notstarted,Object notstarted,Object notstarted,Object notstarted,Object notstarted,Object notstarted,Object notstarted,Object notstarted
2024-03-18 10:34:17,791.791,__main___datalogs,INFO,JoyConState.USE_SNS,-6.587500,12.350000,-184.610000,7.157156,0.018615,0.020446,0.023955,19.231230,0.000000,0.000000,0.000000,0,0,0,0,0,0,0,0,0,0,0,0.045257568359375,-0.004302978515625,-19.999996,-19.999996,28.845201,0.25582537,-9.030988e-25,-9.030988e-25,-9.030988e-25,-19.999996,Object notstarted,Object notstarted,Object notstarted,Object notstarted,Object notstarted,Object notstarted,Object notstarted,Object notstarted,Object notstarted
2024-03-18 10:34:17,897.897,__main___datalogs,INFO,JoyConState.USE_SNS,-6.587500,12.337500,-184.580000,7.147849,0.020598,0.023802,0.027006,19.263241,0.000000,0.000000,0.000000,0,0,0,0,0,0,0,0,0,0,0,0.045257568359375,-0.004302978515625,-19.999996,-19.999996,18.524944,0.12747008,-4.4998697e-25,-4.4998697e-25,-4.4998697e-25,-19.999996,Object notstarted,Object notstarted,Object notstarted,Object notstarted,Object notstarted,Object notstarted,Object notstarted,Object notstarted,Object notstarted
2024-03-18 10:34:18,038.038,__main___datalogs,INFO,JoyConState.USE_SNS,-6.587500,12.337500,-184.557500,7.833689,0.019530,0.023650,0.025176,19.295227,0.000000,0.000000,0.000000,0,0,0,0,0,0,0,0,0,0,0,0.045257568359375,-0.004302978515625,-19.999996,-19.999996,13.382671,0.6759944,-2.2421498e-25,-2.2421498e-25,-2.2421498e-25,-19.999996,Object notstarted,Object notstarted,Object notstarted,Object notstarted,Object notstarted,Object notstarted,Object notstarted,Object notstarted,Object notstarted
2024-03-18 10:34:18,177.177,__main___datalogs,INFO,JoyConState.USE_SNS,-6.587500,12.325000,-184.522500,7.698352,0.019225,0.023039,0.020293,19.327106,0.000000,0.000000,0.000000,0,0,0,0,0,0,0,0,0,0,0,0.045257568359375,-0.004302978515625,-19.999996,-19.999996,6.6681824,4.814611,-1.1171958e-25,-1.1171958e-25,-1.1171958e-25,-19.999996,Object notstarted,Object notstarted,Object notstarted,Object notstarted,Object notstarted,Object notstarted,Object notstarted,Object notstarted,Object notstarted
2024-03-18 10:34:18,316.316,__main___datalogs,INFO,JoyConState.USE_SNS,-6.587500,12.300000,-184.455000,7.464449,0.018767,0.026549,0.024260,19.358758,0.000000,0.000000,0.000000,0,0,0,0,0,0,0,0,0,0,0,0.045257568359375,-0.004302978515625,-19.999996,-19.999996,3.3225548,9.664782,-5.5666506e-26,-5.5666506e-26,-5.5666506e-26,-19.999996,Object notstarted,Object notstarted,Object notstarted,Object notstarted,Object notstarted,Object notstarted,Object notstarted,Object notstarted,Object notstarted
2024-03-18 10:34:18,456.456,__main___datalogs,INFO,JoyConState.USE_SNS,-6.587500,12.250000,-184.345000,7.584376,0.017089,0.024870,0.025176,19.390050,0.000000,0.000000,0.000000,0,0,0,0,0,0,0,0,0,0,0,0.045257568359375,-0.004302978515625,-19.999996,-19.999996,1.6555291,13.470664,-2.7736947e-26,-2.7736947e-26,-2.7736947e-26,-19.999996,Object notstarted,Object notstarted,Object notstarted,Object notstarted,Object notstarted,Object notstarted,Object notstarted,Object notstarted,Object notstarted
2024-03-18 10:34:18,578.578,__main___datalogs,INFO,JoyConState.USE_SNS,-6.587500,12.137500,-184.050000,7.272200,0.015411,0.025176,0.025328,19.420860,0.000000,0.000000,0.000000,0,0,0,0,0,0,0,0,0,0,0,0.045257568359375,-0.004302978515625,-19.999996,-19.999996,0.8249003,16.059212,-1.3820487e-26,-1.3820487e-26,-1.3820487e-26,-19.999996,Object notstarted,Object notstarted,Object notstarted,Object notstarted,Object notstarted,Object notstarted,Object notstarted,Object notstarted,Object notstarted
2024-03-18 10:34:18,719.719,__main___datalogs,INFO,JoyConState.USE_SNS,-6.587500,11.962500,-183.447500,7.307293,0.010223,0.024870,0.025176,19.451078,0.000000,0.000000,0.000000,0,0,0,0,0,0,0,0,0,0,0,0.045257568359375,-0.004302978515625,-19.999996,-19.999996,0.41102302,17.693905,-6.886333e-27,-6.886333e-27,-6.886333e-27,-19.999996,Object notstarted,Object notstarted,Object notstarted,Object notstarted,Object notstarted,Object notstarted,Object notstarted,Object notstarted,Object notstarted
2024-03-18 10:34:18,858.858,__main___datalogs,INFO,JoyConState.USE_SNS,-6.587500,11.712500,-182.577500,7.293866,0.009460,0.026091,0.022734,19.480646,0.000000,0.000000,0.000000,0,0,0,0,0,0,0,0,0,0,0,0.045257568359375,-0.004302978515625,-19.999996,-19.999996,10.239403,16.950172,-3.4312526e-27,-3.4312526e-27,-3.4312526e-27,-19.999996,Object notstarted,Object notstarted,Object notstarted,Object notstarted,Object notstarted,Object notstarted,Object notstarted,Object notstarted,Object notstarted
2024-03-18 10:34:18,967.967,__main___datalogs,INFO,JoyConState.USE_SNS,-6.587500,11.500000,-181.812500,7.366494,0.005035,0.027007,0.023650,19.509621,0.000000,0.000000,0.000000,0,0,0,0,0,0,0,0,0,0,0,0.045257568359375,-0.004302978515625,-19.999996,-19.999996,25.17119,10.7685,-1.70969e-27,-1.70969e-27,-1.70969e-27,-19.999996,Object notstarted,Object notstarted,Object notstarted,Object notstarted,Object notstarted,Object notstarted,Object notstarted,Object notstarted,Object notstarted
2024-03-18 10:34:19,074.074,__main___datalogs,INFO,JoyConState.USE_SNS,-6.587500,11.325000,-181.117500,7.736039,0.005035,0.022887,0.021208,19.538108,0.000000,0.000000,0.000000,0,0,0,0,0,0,0,0,0,0,0,0.045257568359375,-0.004302978515625,-19.999996,-19.999996,32.61125,5.3656197,-8.518871e-28,-8.518871e-28,-8.518871e-28,-19.999996,Object notstarted,Object notstarted,Object notstarted,Object notstarted,Object notstarted,Object notstarted,Object notstarted,Object notstarted,Object notstarted
2024-03-18 10:34:19,184.184,__main___datalogs,INFO,JoyConState.USE_SNS,-6.587500,11.150000,-180.412500,6.950717,0.003509,0.019225,0.021819,19.566206,0.000000,0.000000,0.000000,0,0,0,0,0,0,0,0,0,0,0,0.045257568359375,-0.004302978515625,-19.999996,-19.999996,36.318413,2.673527,-4.244697e-28,-4.244697e-28,-4.244697e-28,-19.999996,Object notstarted,Object notstarted,Object notstarted,Object notstarted,Object notstarted,Object notstarted,Object notstarted,Object notstarted,Object notstarted
2024-03-18 10:34:19,325.325,__main___datalogs,INFO,JoyConState.USE_SNS,-6.587500,10.737500,-178.455000,7.373970,0.005340,0.017089,0.025176,19.593995,0.000000,0.000000,0.000000,0,0,0,0,0,0,0,0,0,0,0,0.045257568359375,-0.004302978515625,-19.999996,-19.999996,48.20018,1.3321381,-2.115005e-28,-2.115005e-28,-2.115005e-28,-19.999996,Object notstarted,Object notstarted,Object notstarted,Object notstarted,Object notstarted,Object notstarted,Object notstarted,Object notstarted,Object notstarted
2024-03-18 10:34:19,450.450,__main___datalogs,INFO,JoyConState.USE_SNS,-6.587500,10.325000,-176.270000,7.199420,0.004272,0.020751,0.026244,19.621549,0.000000,0.000000,0.000000,0,0,0,0,0,0,0,0,0,0,0,0.045257568359375,-0.004302978515625,-19.999996,-19.999996,54.120506,0.6637643,-1.0538433e-28,-1.0538433e-28,-1.0538433e-28,-19.999996,Object notstarted,Object notstarted,Object notstarted,Object notstarted,Object notstarted,Object notstarted,Object notstarted,Object notstarted,Object notstarted
2024-03-18 10:34:19,572.572,__main___datalogs,INFO,JoyConState.USE_SNS,-6.587500,10.237500,-175.717500,7.280287,0.004730,0.020751,0.027159,19.648932,0.000000,0.000000,0.000000,0,0,0,0,0,0,0,0,0,0,0,0.045257568359375,-0.004302978515625,-19.999996,-19.999996,57.070427,0.33073378,-5.250984e-29,-5.250984e-29,-5.250984e-29,-19.999996,Object notstarted,Object notstarted,Object notstarted,Object notstarted,Object notstarted,Object notstarted,Object notstarted,Object notstarted,Object notstarted
2024-03-18 10:34:19,703.703,__main___datalogs,INFO,JoyConState.USE_SNS,-6.587500,10.012500,-174.230000,7.291578,0.003509,0.016479,0.023039,19.676195,0.000000,0.000000,0.000000,0,0,0,0,0,0,0,0,0,0,0,0.045257568359375,-0.004302978515625,-19.999996,-19.999996,58.540283,0.1647947,-2.6164074e-29,-2.6164074e-29,-2.6164074e-29,-19.999996,Object notstarted,Object notstarted,Object notstarted,Object notstarted,Object notstarted,Object notstarted,Object notstarted,Object notstarted,Object notstarted
2024-03-18 10:34:19,797.797,__main___datalogs,INFO,JoyConState.USE_SNS,-6.587500,9.825000,-173.062500,7.574458,0.003509,0.017089,0.026854,19.703390,0.000000,0.000000,0.000000,0,0,0,0,0,0,0,0,0,0,0,0.045257568359375,-0.004302978515625,-19.999996,-14.117644,41.62561,0.08211224,-1.3036772e-29,-1.3036772e-29,-1.3036772e-29,-19.999996,Object notstarted,Object notstarted,Object notstarted,Object notstarted,Object notstarted,Object notstarted,Object notstarted,Object notstarted,Object notstarted
2024-03-18 10:34:19,937.937,__main___datalogs,INFO,JoyConState.USE_SNS,-6.587500,9.762500,-172.592500,7.673024,0.002594,0.016173,0.024565,19.730555,0.000000,0.000000,0.000000,0,0,0,0,0,0,0,0,0,0,0,0.045257568359375,-0.004302978515625,-19.999996,-7.034397,20.74079,0.04091406,-6.4958314e-30,-6.4958314e-30,-6.4958314e-30,-19.999996,Object notstarted,Object notstarted,Object notstarted,Object notstarted,Object notstarted,Object notstarted,Object notstarted,Object notstarted,Object notstarted
2024-03-18 10:34:20,062.062,__main___datalogs,INFO,JoyConState.USE_SNS,-6.587500,9.575000,-171.215000,7.622673,0.002899,0.013732,0.026244,19.757694,0.000000,0.000000,0.000000,0,0,0,0,0,0,0,0,0,0,0,0.045257568359375,-0.004302978515625,-19.999996,-3.5050285,10.334512,1.5966926,-3.2366772e-30,-3.2366772e-30,-3.2366772e-30,-19.999996,Object notstarted,Object notstarted,Object notstarted,Object notstarted,Object notstarted,Object notstarted,Object notstarted,Object notstarted,Object notstarted
2024-03-18 10:34:20,203.203,__main___datalogs,INFO,JoyConState.USE_SNS,-6.587500,9.512500,-170.602500,7.600702,0.003509,0.014343,0.024413,19.784728,0.000000,0.000000,0.000000,0,0,0,0,0,0,0,0,0,0,0,0.045257568359375,-0.004302978515625,-9.965396,8.288152,5.1493764,-3.4955628,-10.034602,-10.034602,-10.034602,-9.965396,Object notstarted,Object notstarted,Object notstarted,Object notstarted,Object notstarted,Object notstarted,Object notstarted,Object notstarted,Object notstarted
2024-03-18 10:34:20,313.313,__main___datalogs,INFO,JoyConState.USE_SNS,-6.587500,9.412500,-169.677500,7.682789,0.000763,0.018004,0.025481,19.811554,0.000000,0.000000,0.000000,0,0,0,0,0,0,0,0,0,0,0,0.045257568359375,-0.004302978515625,-4.965457,14.164339,2.5657794,-3.8798833,-15.034542,-15.034542,-15.034542,-4.965457,Object notstarted,Object notstarted,Object notstarted,Object notstarted,Object notstarted,Object notstarted,Object notstarted,Object notstarted,Object notstarted
2024-03-18 10:34:20,439.439,__main___datalogs,INFO,JoyConState.USE_SNS,-6.587500,9.375000,-169.482500,7.595514,0.003204,0.018004,0.026244,19.838061,0.000000,0.000000,0.000000,0,0,0,0,0,0,0,0,0,0,0,0.045257568359375,-0.004302978515625,-2.4741378,17.092266,1.2784507,-2.9986045,-17.525864,-17.525864,-17.525864,-2.4741378,Object notstarted,Object notstarted,Object notstarted,Object notstarted,Object notstarted,Object notstarted,Object notstarted,Object notstarted,Object notstarted
2024-03-18 10:34:20,578.578,__main___datalogs,INFO,JoyConState.USE_SNS,-6.587500,9.325000,-169.542500,7.389228,0.004120,0.014800,0.025176,19.864146,0.000000,0.000000,0.000000,0,0,0,0,0,0,0,0,0,0,0,0.045257568359375,-0.004302978515625,-1.2327884,18.551165,0.63701355,-2.024959,-18.767212,-18.767212,-18.767212,-1.2327884,Object notstarted,Object notstarted,Object notstarted,Object notstarted,Object notstarted,Object notstarted,Object notstarted,Object notstarted,Object notstarted
2024-03-18 10:34:20,701.701,__main___datalogs,INFO,JoyConState.USE_SNS,-6.587500,9.250000,-169.667500,7.596735,0.007629,0.015868,0.024260,19.889714,0.000000,0.000000,0.000000,0,0,0,0,0,0,0,0,0,0,0,0.045257568359375,-0.004302978515625,-0.6142614,19.27809,0.3174047,-1.2734799,-19.385738,-19.385738,-19.385738,-0.6142614,Object notstarted,Object notstarted,Object notstarted,Object notstarted,Object notstarted,Object notstarted,Object notstarted,Object notstarted,Object notstarted
2024-03-18 10:34:20,841.841,__main___datalogs,INFO,JoyConState.USE_SNS,-6.587500,9.150000,-169.857500,7.783186,0.004425,0.018004,0.022734,19.914694,0.000000,0.000000,0.000000,0,0,0,0,0,0,0,0,0,0,0,0.045257568359375,-0.004302978515625,-0.30606797,19.640295,0.1581532,-0.76633114,-19.693932,-19.693932,-19.693932,-0.30606797,Object notstarted,Object notstarted,Object notstarted,Object notstarted,Object notstarted,Object notstarted,Object notstarted,Object notstarted,Object notstarted
2024-03-18 10:34:20,948.948,__main___datalogs,INFO,JoyConState.USE_SNS,-6.587500,9.000000,-170.115000,7.676686,0.005646,0.018310,0.026854,19.939017,0.000000,0.000000,0.000000,0,0,0,0,0,0,0,0,0,0,0,0.045257568359375,-0.004302978515625,-0.15250446,19.82077,0.07880299,-0.44750884,-19.847496,-19.847496,-19.847496,-0.15250446,Object notstarted,Object notstarted,Object notstarted,Object notstarted,Object notstarted,Object notstarted,Object notstarted,Object notstarted,Object notstarted
2024-03-18 10:34:21,056.056,__main___datalogs,INFO,JoyConState.USE_SNS,-6.587500,8.862500,-170.387500,7.452090,0.004425,0.020140,0.024565,19.962635,0.000000,0.000000,0.000000,0,0,0,0,0,0,0,0,0,0,0,0.045257568359375,-0.004302978515625,-0.07598838,19.910696,0.03926516,-0.25570124,-19.924011,-19.924011,-19.924011,-0.07598838,Object notstarted,Object notstarted,Object notstarted,Object notstarted,Object notstarted,Object notstarted,Object notstarted,Object notstarted,Object notstarted
2024-03-18 10:34:21,191.191,__main___datalogs,INFO,JoyConState.USE_SNS,-6.587500,8.700000,-170.770000,7.833689,0.003204,0.023192,0.027006,19.985514,0.000000,0.000000,0.000000,0,0,0,0,0,0,0,0,0,0,0,0.045257568359375,-0.004302978515625,-5.9202156,14.07315,0.01956465,5.73864,-14.079785,-14.079785,-14.079785,-5.9202156,Object notstarted,Object notstarted,Object notstarted,Object notstarted,Object notstarted,Object notstarted,Object notstarted,Object notstarted,Object notstarted
2024-03-18 10:34:21,314.314,__main___datalogs,INFO,JoyConState.USE_SNS,-6.587500,8.537500,-171.117500,7.379616,0.007324,0.025633,0.023650,20.007618,0.000000,0.000000,0.000000,0,0,0,0,0,0,0,0,0,0,0,0.045257568359375,-0.004302978515625,-12.9844675,7.0122275,-5.8726044,12.88587,-7.0155334,-7.0155334,-7.0155334,-12.9844675,Object notstarted,Object notstarted,Object notstarted,Object notstarted,Object notstarted,Object notstarted,Object notstarted,Object notstarted,Object notstarted
2024-03-18 10:34:21,425.425,__main___datalogs,INFO,JoyConState.USE_SNS,-6.587500,8.262500,-171.527500,7.599634,0.003509,0.024565,0.024565,20.028930,0.000000,0.000000,0.000000,0,0,0,0,0,0,0,0,0,0,0,0.045257568359375,-0.004302978515625,-16.504372,3.4939818,-12.960745,16.455242,-3.4956293,-3.4956293,-3.4956293,-16.504372,Object notstarted,Object notstarted,Object notstarted,Object notstarted,Object notstarted,Object notstarted,Object notstarted,Object notstarted,Object notstarted
2024-03-18 10:34:21,535.535,__main___datalogs,INFO,JoyConState.USE_SNS,-6.587500,8.212500,-171.522500,7.757553,0.004120,0.024260,0.026701,20.049440,0.000000,0.000000,0.000000,0,0,0,0,0,0,0,0,0,0,0,0.045257568359375,-0.004302978515625,-18.258234,1.7409459,-16.492552,18.233753,-1.7417669,-1.7417669,-1.7417669,-18.258234,Object notstarted,Object notstarted,Object notstarted,Object notstarted,Object notstarted,Object notstarted,Object notstarted,Object notstarted,Object notstarted
2024-03-18 10:34:21,674.674,__main___datalogs,INFO,JoyConState.USE_SNS,-6.587500,8.075000,-171.227500,7.816295,0.003204,0.025481,0.027006,20.069141,0.000000,0.000000,0.000000,0,0,0,0,0,0,0,0,0,0,0,0.045257568359375,-0.004302978515625,-19.132132,0.867461,-24.134697,19.119934,-0.86787003,-0.86787003,-0.86787003,-19.132132,Object notstarted,Object notstarted,Object notstarted,Object notstarted,Object notstarted,Object notstarted,Object notstarted,Object notstarted,Object notstarted
2024-03-18 10:34:21,814.814,__main___datalogs,INFO,JoyConState.USE_SNS,-6.587500,7.925000,-170.540000,7.633049,0.004425,0.019835,0.027312,20.088036,0.000000,0.000000,0.000000,0,0,0,0,0,0,0,0,0,0,0,0.045257568359375,-0.004302978515625,-19.567566,0.43222973,-26.212444,19.56149,-0.43243355,-0.43243355,-0.43243355,-19.567566,Object notstarted,Object notstarted,Object notstarted,Object notstarted,Object notstarted,Object notstarted,Object notstarted,Object notstarted,Object notstarted
2024-03-18 10:34:21,953.953,__main___datalogs,INFO,JoyConState.USE_SNS,-6.587500,7.825000,-169.592500,7.243363,0.002899,0.015868,0.021208,20.106127,0.000000,0.000000,0.000000,0,0,0,0,0,0,0,0,0,0,0,0.045257568359375,-0.004302978515625,-19.78453,0.21536706,-13.060873,19.781506,-0.21546863,-0.21546863,-0.21546863,-19.78453,Object notstarted,Object notstarted,Object notstarted,Object notstarted,Object notstarted,Object notstarted,Object notstarted,Object notstarted,Object notstarted
2024-03-18 10:34:22,061.061,__main___datalogs,INFO,JoyConState.USE_SNS,-6.587500,7.762500,-168.872500,7.863747,-0.001068,0.016173,0.024718,20.123426,0.000000,0.000000,0.000000,0,0,0,0,0,0,0,0,0,0,0,0.045257568359375,-0.004302978515625,-19.89264,0.10731093,-6.5078406,19.89113,-0.10736154,-0.10736154,-0.10736154,-19.89264,Object notstarted,Object notstarted,Object notstarted,Object notstarted,Object notstarted,Object notstarted,Object notstarted,Object notstarted,Object notstarted
2024-03-18 10:34:22,176.176,__main___datalogs,INFO,JoyConState.USE_SNS,-6.587500,7.687500,-168.047500,7.786543,0.002899,0.014800,0.026396,20.139946,0.000000,0.000000,0.000000,0,0,0,0,0,0,0,0,0,0,0,0.045257568359375,-0.004302978515625,-19.946507,0.053469807,-3.2426612,19.945755,-0.053495023,-0.053495023,-0.053495023,-19.946507,Object notstarted,Object notstarted,Object notstarted,Object notstarted,Object notstarted,Object notstarted,Object notstarted,Object notstarted,Object notstarted
2024-03-18 10:34:22,297.297,__main___datalogs,INFO,JoyConState.USE_SNS,-6.587500,7.650000,-167.372500,7.893348,0.002899,0.014190,0.026396,20.155704,0.000000,0.000000,0.000000,0,0,0,0,0,0,0,0,0,0,0,0.045257568359375,-0.004302978515625,-19.973347,0.026642395,-1.6157205,19.972973,-0.02665496,-0.02665496,-0.02665496,-19.973347,Object notstarted,Object notstarted,Object notstarted,Object notstarted,Object notstarted,Object notstarted,Object notstarted,Object notstarted,Object notstarted
2024-03-18 10:34:22,454.454,__main___datalogs,INFO,JoyConState.USE_SNS,-6.587500,7.562500,-165.440000,7.422643,0.000000,0.012206,0.023955,20.170715,0.000000,0.000000,0.000000,0,0,0,0,0,0,0,0,0,0,0,0.045257568359375,-0.004302978515625,-19.986721,0.013275105,-0.805065,19.986534,-0.013281365,-0.013281365,-0.013281365,-19.986721,Object notstarted,Object notstarted,Object notstarted,Object notstarted,Object notstarted,Object notstarted,Object notstarted,Object notstarted,Object notstarted
2024-03-18 10:34:22,579.579,__main___datalogs,INFO,JoyConState.USE_SNS,-6.587500,7.525000,-164.317500,7.519225,0.006256,0.011749,0.024718,20.185003,0.000000,0.000000,0.000000,0,0,0,0,0,0,0,0,0,0,0,0.045257568359375,-0.004302978515625,-14.111032,5.8889675,-0.40113968,14.110937,-5.8889704,-5.8889704,-5.8889704,-14.111032,Object notstarted,Object notstarted,Object notstarted,Object notstarted,Object notstarted,Object notstarted,Object notstarted,Object notstarted,Object notstarted
2024-03-18 10:34:22,685.685,__main___datalogs,INFO,JoyConState.USE_SNS,-6.587500,7.500000,-163.150000,7.252365,0.004730,0.011596,0.027006,20.198587,0.000000,0.000000,0.000000,0,0,0,0,0,0,0,0,0,0,0,0.045257568359375,-0.004302978515625,-7.0311027,12.968897,-0.19987585,7.0310555,-12.968899,-12.968899,-12.968899,-7.0311027,Object notstarted,Object notstarted,Object notstarted,Object notstarted,Object notstarted,Object notstarted,Object notstarted,Object notstarted,Object notstarted
2024-03-18 10:34:22,792.792,__main___datalogs,INFO,JoyConState.USE_SNS,-6.587500,7.437500,-160.990000,7.741837,0.003815,0.012511,0.023955,20.211492,0.000000,0.000000,0.000000,0,0,0,0,0,0,0,0,0,0,0,0.045257568359375,-0.004302978515625,-3.503387,16.496613,-0.09959213,3.5033634,-16.496614,-16.496614,-16.496614,-3.503387,Object notstarted,Object notstarted,Object notstarted,Object notstarted,Object notstarted,Object notstarted,Object notstarted,Object notstarted,Object notstarted
2024-03-18 10:34:22,900.900,__main___datalogs,INFO,JoyConState.USE_SNS,-6.587500,7.387500,-158.357500,7.600244,0.004120,0.012054,0.026549,20.223737,0.000000,0.000000,0.000000,0,0,0,0,0,0,0,0,0,0,0,0.045257568359375,-0.004302978515625,-1.7456323,18.254368,-0.04962376,1.7456205,-18.25437,-18.25437,-18.25437,-1.7456323,Object notstarted,Object notstarted,Object notstarted,Object notstarted,Object notstarted,Object notstarted,Object notstarted,Object notstarted,Object notstarted
2024-03-18 10:34:23,058.058,__main___datalogs,INFO,JoyConState.USE_SNS,-6.587500,7.362500,-156.145000,7.238023,0.004120,0.012359,0.026854,20.235347,0.000000,0.000000,0.000000,0,0,0,0,0,0,0,0,0,0,0,0.045257568359375,-0.004302978515625,-0.8697961,19.130203,-0.02472603,0.8697902,-19.130207,-19.130207,-19.130207,-0.8697961,Object notstarted,Object notstarted,Object notstarted,Object notstarted,Object notstarted,Object notstarted,Object notstarted,Object notstarted,Object notstarted
2024-03-18 10:34:23,231.231,__main___datalogs,INFO,JoyConState.USE_SNS,-6.587500,7.362500,-154.990000,7.520293,0.003204,0.014037,0.027769,20.246347,0.000000,0.000000,0.000000,0,0,0,0,0,0,0,0,0,0,0,0.045257568359375,-0.004302978515625,-6.3157463,13.684255,-0.012320237,6.315743,-13.684256,-13.684256,-13.684256,-6.3157463,Object notstarted,Object notstarted,Object notstarted,Object notstarted,Object notstarted,Object notstarted,Object notstarted,Object notstarted,Object notstarted
2024-03-18 10:34:23,353.353,__main___datalogs,INFO,JoyConState.USE_SNS,-6.587500,7.375000,-152.707500,7.728563,0.005035,0.011901,0.022124,20.256761,0.000000,0.000000,0.000000,0,0,0,0,0,0,0,0,0,0,0,0.045257568359375,-0.004302978515625,-13.181548,6.818453,-0.0061388034,13.181547,-6.818453,-6.818453,-6.818453,-13.181548,Object notstarted,Object notstarted,Object notstarted,Object notstarted,Object notstarted,Object notstarted,Object notstarted,Object notstarted,Object notstarted
2024-03-18 10:34:23,456.456,__main___datalogs,INFO,JoyConState.USE_SNS,-6.587500,7.400000,-150.202500,7.647544,0.004120,0.011138,0.025023,20.266617,0.000000,0.000000,0.000000,0,0,0,0,0,0,0,0,0,0,0,0.045257568359375,-0.004302978515625,-16.602571,3.39743,-0.0030587811,16.60257,-3.39743,-3.39743,-3.39743,-16.602571,Object notstarted,Object notstarted,Object notstarted,Object notstarted,Object notstarted,Object notstarted,Object notstarted,Object notstarted,Object notstarted
2024-03-18 10:34:23,565.565,__main___datalogs,INFO,JoyConState.USE_SNS,-6.587500,7.425000,-148.617500,7.904181,0.000458,0.014037,0.026091,20.275932,0.000000,0.000000,0.000000,0,0,0,0,0,0,0,0,0,0,0,0.045257568359375,-0.004302978515625,-8.272562,11.727439,-0.0015240986,8.272561,-11.727439,-11.727439,-11.727439,-8.272562,Object notstarted,Object notstarted,Object notstarted,Object notstarted,Object notstarted,Object notstarted,Object notstarted,Object notstarted,Object notstarted
2024-03-18 10:34:23,704.704,__main___datalogs,INFO,JoyConState.USE_SNS,-6.587500,7.475000,-147.802500,8.194995,0.002594,0.012512,0.022429,20.284733,0.000000,0.000000,0.000000,0,0,0,0,0,0,0,0,0,0,0,0.045257568359375,-0.004302978515625,-4.1219687,15.878032,-0.0007594124,4.1219683,-15.878032,-15.878032,-15.878032,-4.1219687,Object notstarted,Object notstarted,Object notstarted,Object notstarted,Object notstarted,Object notstarted,Object notstarted,Object notstarted,Object notstarted
2024-03-18 10:34:23,843.843,__main___datalogs,INFO,JoyConState.USE_SNS,-6.587500,7.562500,-146.800000,7.702624,0.002899,0.012206,0.025633,20.293042,0.000000,0.000000,0.000000,0,0,0,0,0,0,0,0,0,0,0,0.045257568359375,-0.004302978515625,-2.053853,17.946148,-0.00037839235,2.0538528,-17.946148,-17.946148,-17.946148,-2.053853,Object notstarted,Object notstarted,Object notstarted,Object notstarted,Object notstarted,Object notstarted,Object notstarted,Object notstarted,Object notstarted
2024-03-18 10:34:23,954.954,__main___datalogs,INFO,JoyConState.USE_SNS,-6.587500,7.687500,-145.442500,8.033415,0.003509,0.010833,0.026091,20.300886,0.000000,0.000000,0.000000,0,0,0,0,0,0,0,0,0,0,0,0.045257568359375,-0.004302978515625,-1.0233732,18.976627,-0.00018854153,1.023373,-18.976627,-18.976627,-18.976627,-1.0233732,Object notstarted,Object notstarted,Object notstarted,Object notstarted,Object notstarted,Object notstarted,Object notstarted,Object notstarted,Object notstarted
2024-03-18 10:34:24,045.045,__main___datalogs,INFO,JoyConState.USE_SNS,-6.587500,7.762500,-144.872500,7.526091,0.003509,0.014800,0.022429,20.308282,0.000000,0.000000,0.000000,0,0,0,0,0,0,0,0,0,0,0,0.045257568359375,-0.004302978515625,-0.50991607,19.490084,-9.394457e-05,0.50991595,-19.490084,-19.490084,-19.490084,-0.50991607,Object notstarted,Object notstarted,Object notstarted,Object notstarted,Object notstarted,Object notstarted,Object notstarted,Object notstarted,Object notstarted
2024-03-18 10:34:24,186.186,__main___datalogs,INFO,JoyConState.USE_SNS,-6.587500,7.900000,-144.357500,7.526396,0.002899,0.013580,0.022429,20.315256,0.000000,0.000000,0.000000,0,0,0,0,0,0,0,0,0,0,0,0.045257568359375,-0.004302978515625,-0.25407586,19.745926,-4.680975e-05,0.25407577,-19.745926,-19.745926,-19.745926,-0.25407586,Object notstarted,Object notstarted,Object notstarted,Object notstarted,Object notstarted,Object notstarted,Object notstarted,Object notstarted,Object notstarted
2024-03-18 10:34:24,309.309,__main___datalogs,INFO,JoyConState.USE_SNS,-6.587500,8.087500,-144.362500,7.903570,-0.000763,0.011749,0.023650,20.321829,0.000000,0.000000,0.000000,0,0,0,0,0,0,0,0,0,0,0,0.045257568359375,-0.004302978515625,-0.12659836,19.873402,-2.332389e-05,0.12659831,-19.873402,-19.873402,-19.873402,-0.12659836,Object notstarted,Object notstarted,Object notstarted,Object notstarted,Object notstarted,Object notstarted,Object notstarted,Object notstarted,Object notstarted
2024-03-18 10:34:24,433.433,__main___datalogs,INFO,JoyConState.USE_SNS,-6.587500,8.187500,-144.692500,8.013732,0.003204,0.012206,0.024870,20.328015,0.000000,0.000000,0.000000,0,0,0,0,0,0,0,0,0,0,0,0.045257568359375,-0.004302978515625,-0.063080154,19.93692,-1.1621592e-05,0.06308013,-19.93692,-19.93692,-19.93692,-0.063080154,Object notstarted,Object notstarted,Object notstarted,Object notstarted,Object notstarted,Object notstarted,Object notstarted,Object notstarted,Object notstarted
2024-03-18 10:34:24,556.556,__main___datalogs,INFO,JoyConState.USE_SNS,-6.587500,8.275000,-145.192500,7.752060,0.003204,0.015105,0.026549,20.333843,0.000000,0.000000,0.000000,0,0,0,0,0,0,0,0,0,0,0,0.045257568359375,-0.004302978515625,-0.031430945,19.96857,-5.79069e-06,0.031430934,-19.96857,-19.96857,-19.96857,-0.031430945,Object notstarted,Object notstarted,Object notstarted,Object notstarted,Object notstarted,Object notstarted,Object notstarted,Object notstarted,Object notstarted
2024-03-18 10:34:24,695.695,__main___datalogs,INFO,JoyConState.USE_SNS,-6.587500,8.400000,-145.837500,7.845133,0.004120,0.007324,0.026396,20.339323,0.000000,0.000000,0.000000,0,0,0,0,0,0,0,0,0,0,0,0.045257568359375,-0.004302978515625,-0.015661094,19.98434,-2.8853267e-06,0.015661089,-19.98434,-19.98434,-19.98434,-0.015661094,Object notstarted,Object notstarted,Object notstarted,Object notstarted,Object notstarted,Object notstarted,Object notstarted,Object notstarted,Object notstarted
2024-03-18 10:34:24,821.821,__main___datalogs,INFO,JoyConState.USE_SNS,-6.587500,8.500000,-146.620000,7.400671,0.002899,0.011291,0.026854,20.344479,0.000000,0.000000,0.000000,0,0,0,0,0,0,0,0,0,0,0,0.045257568359375,-0.004302978515625,-0.007803452,19.992199,-1.4376716e-06,0.0078034494,-19.992199,-19.992199,-19.992199,-0.007803452,Object notstarted,Object notstarted,Object notstarted,Object notstarted,Object notstarted,Object notstarted,Object notstarted,Object notstarted,Object notstarted
2024-03-18 10:34:24,929.929,__main___datalogs,INFO,JoyConState.USE_SNS,-6.587500,8.587500,-147.242500,7.730852,0.005035,0.010223,0.025328,20.349326,0.000000,0.000000,0.000000,0,0,0,0,0,0,0,0,0,0,0,0.045257568359375,-0.004302978515625,-0.0038882256,19.996113,-7.163485e-07,0.003888224,-19.996113,-19.996113,-19.996113,-0.0038882256,Object notstarted,Object notstarted,Object notstarted,Object notstarted,Object notstarted,Object notstarted,Object notstarted,Object notstarted,Object notstarted
2024-03-18 10:34:25,054.054,__main___datalogs,INFO,JoyConState.USE_SNS,-6.587500,8.637500,-147.695000,7.923558,0.003509,0.006866,0.027159,20.353882,0.000000,0.000000,0.000000,0,0,0,0,0,0,0,0,0,0,0,0.045257568359375,-0.004302978515625,-0.0019373859,19.998064,-3.5693492e-07,0.0019373851,-19.998064,-19.998064,-19.998064,-0.0019373859,Object notstarted,Object notstarted,Object notstarted,Object notstarted,Object notstarted,Object notstarted,Object notstarted,Object notstarted,Object notstarted
2024-03-18 10:34:25,162.162,__main___datalogs,INFO,JoyConState.USE_SNS,-6.587500,8.737500,-148.562500,7.990693,0.002899,0.014190,0.025023,20.358164,0.000000,0.000000,0.000000,0,0,0,0,0,0,0,0,0,0,0,0.045257568359375,-0.004302978515625,-0.0009653411,19.999035,-1.7784994e-07,0.0009653407,-19.999035,-19.999035,-19.999035,-0.0009653411,Object notstarted,Object notstarted,Object notstarted,Object notstarted,Object notstarted,Object notstarted,Object notstarted,Object notstarted,Object notstarted
2024-03-18 10:34:25,270.270,__main___datalogs,INFO,JoyConState.USE_SNS,-6.587500,8.787500,-149.087500,7.543943,0.004120,0.012664,0.026244,20.362183,0.000000,0.000000,0.000000,0,0,0,0,0,0,0,0,0,0,0,0.045257568359375,-0.004302978515625,-0.00048100046,19.99952,-8.861728e-08,0.00048100026,-19.99952,-19.99952,-19.99952,-0.00048100046,Object notstarted,Object notstarted,Object notstarted,Object notstarted,Object notstarted,Object notstarted,Object notstarted,Object notstarted,Object notstarted
2024-03-18 10:34:25,393.393,__main___datalogs,INFO,JoyConState.USE_SNS,-6.587500,8.937500,-150.402500,8.032804,0.003815,0.011901,0.027006,20.365957,0.000000,0.000000,0.000000,0,0,0,0,0,0,0,0,0,0,0,0.045257568359375,-0.004302978515625,-0.00023966805,19.99976,-4.4155325e-08,0.00023966795,-19.99976,-19.99976,-19.99976,-0.00023966805,Object notstarted,Object notstarted,Object notstarted,Object notstarted,Object notstarted,Object notstarted,Object notstarted,Object notstarted,Object notstarted
2024-03-18 10:34:25,518.518,__main___datalogs,INFO,JoyConState.USE_SNS,-6.587500,8.987500,-150.965000,7.781508,0.007019,0.015105,0.024413,20.369498,0.000000,0.000000,0.000000,0,0,0,0,0,0,0,0,0,0,0,0.045257568359375,-0.004302978515625,-0.00011941938,19.999882,-2.200127e-08,0.00011941933,-19.999882,-19.999882,-19.999882,-0.00011941938,Object notstarted,Object notstarted,Object notstarted,Object notstarted,Object notstarted,Object notstarted,Object notstarted,Object notstarted,Object notstarted
2024-03-18 10:34:25,627.627,__main___datalogs,INFO,JoyConState.USE_SNS,-6.587500,9.125000,-152.340000,8.217119,0.003509,0.008544,0.026396,20.372821,0.000000,0.000000,0.000000,0,0,0,0,0,0,0,0,0,0,0,0.045257568359375,-0.004302978515625,-5.9503087e-05,19.99994,-1.0962571e-08,5.950306e-05,-19.99994,-19.99994,-19.99994,-5.9503087e-05,Object notstarted,Object notstarted,Object notstarted,Object notstarted,Object notstarted,Object notstarted,Object notstarted,Object notstarted,Object notstarted
2024-03-18 10:34:25,732.732,__main___datalogs,INFO,JoyConState.USE_SNS,-6.587500,9.212500,-153.180000,7.570949,-0.000763,0.013274,0.026701,20.375937,0.000000,0.000000,0.000000,0,0,0,0,0,0,0,0,0,0,0,0.045257568359375,-0.004302978515625,-2.9648598e-05,19.99997,-5.4623195e-09,2.9648585e-05,-19.99997,-19.99997,-19.99997,-2.9648598e-05,Object notstarted,Object notstarted,Object notstarted,Object notstarted,Object notstarted,Object notstarted,Object notstarted,Object notstarted,Object notstarted
2024-03-18 10:34:25,856.856,__main___datalogs,INFO,JoyConState.USE_SNS,-6.587500,9.262500,-153.752500,7.790510,0.003815,0.011596,0.027006,20.378862,0.000000,0.000000,0.000000,0,0,0,0,0,0,0,0,0,0,0,0.045257568359375,-0.004302978515625,-1.4773004e-05,19.999985,-2.7217093e-09,1.4772998e-05,-19.999985,-19.999985,-19.999985,-1.4773004e-05,Object notstarted,Object notstarted,Object notstarted,Object notstarted,Object notstarted,Object notstarted,Object notstarted,Object notstarted,Object notstarted
2024-03-18 10:34:25,978.978,__main___datalogs,INFO,JoyConState.USE_SNS,-6.587500,9.412500,-155.275000,7.814312,0.003815,0.010223,0.025938,20.381600,0.000000,0.000000,0.000000,0,0,0,0,0,0,0,0,0,0,0,0.045257568359375,-0.004302978515625,-7.360944e-06,19.999992,-1.3561459e-09,7.3609403e-06,-19.999992,-19.999992,-19.999992,-7.360944e-06,Object notstarted,Object notstarted,Object notstarted,Object notstarted,Object notstarted,Object notstarted,Object notstarted,Object notstarted,Object notstarted
2024-03-18 10:34:26,104.104,__main___datalogs,INFO,JoyConState.USE_SNS,-6.587500,9.450000,-155.795000,7.636405,0.003509,0.014648,0.026091,20.384166,0.000000,0.000000,0.000000,0,0,0,0,0,0,0,0,0,0,0,0.045257568359375,-0.004302978515625,-3.667737e-06,19.999996,-6.757267e-10,3.6677354e-06,-19.999996,-19.999996,-19.999996,-3.667737e-06,Object notstarted,Object notstarted,Object notstarted,Object notstarted,Object notstarted,Object notstarted,Object notstarted,Object notstarted,Object notstarted
2024-03-18 10:34:26,206.206,__main___datalogs,INFO,JoyConState.USE_SNS,-6.587500,9.600000,-157.332500,7.638084,0.003204,0.012664,0.026244,20.386571,0.000000,0.000000,0.000000,0,0,0,0,0,0,0,0,0,0,0,0.045257568359375,-0.004302978515625,-1.827523e-06,19.999996,-3.3669428e-10,1.8275222e-06,-19.999996,-19.999996,-19.999996,-1.827523e-06,Object notstarted,Object notstarted,Object notstarted,Object notstarted,Object notstarted,Object notstarted,Object notstarted,Object notstarted,Object notstarted
2024-03-18 10:34:26,297.297,__main___datalogs,INFO,JoyConState.USE_SNS,-6.587500,9.737500,-158.772500,7.645255,0.004425,0.011901,0.023955,20.388823,0.000000,0.000000,0.000000,0,0,0,0,0,0,0,0,0,0,0,0.045257568359375,-0.004302978515625,-9.1059974e-07,19.999996,-1.6776464e-10,9.1059934e-07,-19.999996,-19.999996,-19.999996,-9.1059974e-07,Object notstarted,Object notstarted,Object notstarted,Object notstarted,Object notstarted,Object notstarted,Object notstarted,Object notstarted,Object notstarted
2024-03-18 10:34:26,405.405,__main___datalogs,INFO,JoyConState.USE_SNS,-6.587500,9.775000,-159.212500,7.995423,0.003204,0.012359,0.027006,20.390928,0.000000,0.000000,0.000000,0,0,0,0,0,0,0,0,0,0,0,0.045257568359375,-0.004302978515625,-4.5372445e-07,19.999996,-8.359208e-11,4.5372425e-07,-19.999996,-19.999996,-19.999996,-4.5372445e-07,Object notstarted,Object notstarted,Object notstarted,Object notstarted,Object notstarted,Object notstarted,Object notstarted,Object notstarted,Object notstarted
2024-03-18 10:34:26,535.535,__main___datalogs,INFO,JoyConState.NORMAL,-6.587500,9.862500,-160.137500,7.662649,0.004120,0.014190,0.024260,20.392902,0.000000,0.000000,0.000000,0,0,0,0,0,0,0,0,0,0,0,0.045257568359375,-0.004302978515625,-2.2607725e-07,19.999996,-4.165142e-11,2.2607715e-07,-19.999996,-19.999996,-19.999996,-2.2607725e-07,Object notstarted,Object notstarted,Object notstarted,Object notstarted,Object notstarted,Object notstarted,Object notstarted,Object notstarted,Object notstarted
2024-03-18 10:34:26,592.592,__main___datalogs,INFO,JoyConState.NORMAL,-6.587500,10.062500,-162.417500,7.287153,0.002289,0.013732,0.025176,20.392902,0.000000,0.000000,0.000000,0,0,0,0,0,0,0,0,0,0,0,0.045257568359375,-0.004302978515625,-2.2607725e-07,19.999996,-4.165142e-11,2.2607715e-07,-19.999996,-19.999996,-19.999996,-2.2607725e-07,Object notstarted,Object notstarted,Object notstarted,Object notstarted,Object notstarted,Object notstarted,Object notstarted,Object notstarted,Object notstarted
2024-03-18 10:34:26,662.662,__main___datalogs,INFO,JoyConState.NORMAL,-6.587500,10.162500,-163.452500,6.499847,0.002289,0.011443,0.027464,20.392902,0.000000,0.000000,0.000000,0,0,0,0,0,0,0,0,0,0,0,0.045257568359375,-0.004302978515625,-2.2607725e-07,19.999996,-4.165142e-11,2.2607715e-07,-19.999996,-19.999996,-19.999996,-2.2607725e-07,Object notstarted,Object notstarted,Object notstarted,Object notstarted,Object notstarted,Object notstarted,Object notstarted,Object notstarted,Object notstarted
2024-03-18 10:34:26,720.720,__main___datalogs,INFO,JoyConState.NORMAL,-6.587500,10.237500,-164.335000,7.266555,0.002289,0.004577,0.025176,20.392902,0.000000,0.000000,0.000000,0,0,0,0,0,0,0,0,0,0,0,0.045257568359375,-0.004302978515625,-2.2607725e-07,19.999996,-4.165142e-11,2.2607715e-07,-19.999996,-19.999996,-19.999996,-2.2607725e-07,Object notstarted,Object notstarted,Object notstarted,Object notstarted,Object notstarted,Object notstarted,Object notstarted,Object notstarted,Object notstarted
2024-03-18 10:34:26,776.776,__main___datalogs,INFO,JoyConState.NORMAL,-6.587500,10.275000,-164.662500,6.353372,0.002289,0.004577,0.025176,20.392902,0.000000,0.000000,0.000000,0,0,0,0,0,0,0,0,0,0,0,0.045257568359375,-0.004302978515625,-2.2607725e-07,19.999996,-4.165142e-11,2.2607715e-07,-19.999996,-19.999996,-19.999996,-2.2607725e-07,Object notstarted,Object notstarted,Object notstarted,Object notstarted,Object notstarted,Object notstarted,Object notstarted,Object notstarted,Object notstarted
2024-03-18 10:34:26,832.832,__main___datalogs,INFO,JoyConState.NORMAL,-6.587500,10.287500,-164.807500,9.134116,0.006866,0.011443,0.025176,20.392902,0.000000,0.000000,0.000000,0,0,0,0,0,0,0,0,0,0,0,0.045257568359375,-0.004302978515625,-2.2607725e-07,19.999996,-4.165142e-11,2.2607715e-07,-19.999996,-19.999996,-19.999996,-2.2607725e-07,Object notstarted,Object notstarted,Object notstarted,Object notstarted,Object notstarted,Object notstarted,Object notstarted,Object notstarted,Object notstarted
2024-03-18 10:34:26,888.888,__main___datalogs,INFO,JoyConState.NORMAL,-6.587500,10.325000,-165.230000,8.836589,0.002289,0.011443,0.020598,20.392902,0.000000,0.000000,0.000000,0,0,0,0,0,0,0,0,0,0,0,0.045257568359375,-0.004302978515625,-2.2607725e-07,19.999996,-4.165142e-11,2.2607715e-07,-19.999996,-19.999996,-19.999996,-2.2607725e-07,Object notstarted,Object notstarted,Object notstarted,Object notstarted,Object notstarted,Object notstarted,Object notstarted,Object notstarted,Object notstarted
2024-03-18 10:34:26,944.944,__main___datalogs,INFO,JoyConState.NORMAL,-6.587500,10.350000,-165.625000,7.232224,0.002289,0.011443,0.027464,20.392902,0.000000,0.000000,0.000000,0,0,0,0,0,0,0,0,0,0,0,0.045257568359375,-0.004302978515625,-2.2607725e-07,19.999996,-4.165142e-11,2.2607715e-07,-19.999996,-19.999996,-19.999996,-2.2607725e-07,Object notstarted,Object notstarted,Object notstarted,Object notstarted,Object notstarted,Object notstarted,Object notstarted,Object notstarted,Object notstarted
2024-03-18 10:34:26,999.999,__main___datalogs,INFO,JoyConState.NORMAL,-6.587500,10.362500,-165.710000,6.698962,0.002289,0.013732,0.027464,20.392902,0.000000,0.000000,0.000000,0,0,0,0,0,0,0,0,0,0,0,0.045257568359375,-0.004302978515625,-2.2607725e-07,19.999996,-4.165142e-11,2.2607715e-07,-19.999996,-19.999996,-19.999996,-2.2607725e-07,Object notstarted,Object notstarted,Object notstarted,Object notstarted,Object notstarted,Object notstarted,Object notstarted,Object notstarted,Object notstarted
2024-03-18 10:34:27,055.055,__main___datalogs,INFO,JoyConState.NORMAL,-6.587500,10.362500,-165.710000,9.406469,0.002289,0.011443,0.027464,20.392902,0.000000,0.000000,0.000000,0,0,0,0,0,0,0,0,0,0,0,0.045257568359375,-0.004302978515625,-2.2607725e-07,19.999996,-4.165142e-11,2.2607715e-07,-19.999996,-19.999996,-19.999996,-2.2607725e-07,Object notstarted,Object notstarted,Object notstarted,Object notstarted,Object notstarted,Object notstarted,Object notstarted,Object notstarted,Object notstarted
2024-03-18 10:34:27,111.111,__main___datalogs,INFO,JoyConState.NORMAL,-6.587500,10.362500,-165.710000,8.790814,-0.002289,0.011443,0.027464,20.392902,0.000000,0.000000,0.000000,0,0,0,0,0,0,0,0,0,0,0,0.045257568359375,-0.004302978515625,-2.2607725e-07,19.999996,-4.165142e-11,2.2607715e-07,-19.999996,-19.999996,-19.999996,-2.2607725e-07,Object notstarted,Object notstarted,Object notstarted,Object notstarted,Object notstarted,Object notstarted,Object notstarted,Object notstarted,Object notstarted
2024-03-18 10:34:27,168.168,__main___datalogs,INFO,JoyConState.NORMAL,-6.587500,10.362500,-165.710000,7.429051,-0.002289,0.011443,0.025176,20.392902,0.000000,0.000000,0.000000,0,0,0,0,0,0,0,0,0,0,0,0.045257568359375,-0.004302978515625,-2.2607725e-07,19.999996,-4.165142e-11,2.2607715e-07,-19.999996,-19.999996,-19.999996,-2.2607725e-07,Object notstarted,Object notstarted,Object notstarted,Object notstarted,Object notstarted,Object notstarted,Object notstarted,Object notstarted,Object notstarted
2024-03-18 10:34:27,223.223,__main___datalogs,INFO,JoyConState.NORMAL,-6.587500,10.362500,-165.710000,6.447207,0.006866,0.011443,0.027464,20.392902,0.000000,0.000000,0.000000,0,0,0,0,0,0,0,0,0,0,0,0.045257568359375,-0.004302978515625,-2.2607725e-07,19.999996,-4.165142e-11,2.2607715e-07,-19.999996,-19.999996,-19.999996,-2.2607725e-07,Object notstarted,Object notstarted,Object notstarted,Object notstarted,Object notstarted,Object notstarted,Object notstarted,Object notstarted,Object notstarted
2024-03-18 10:34:27,278.278,__main___datalogs,INFO,JoyConState.NORMAL,-6.587500,10.362500,-165.710000,9.145560,0.006866,0.004577,0.027464,20.392902,0.000000,0.000000,0.000000,0,0,0,0,0,0,0,0,0,0,0,0.045257568359375,-0.004302978515625,-2.2607725e-07,19.999996,-4.165142e-11,2.2607715e-07,-19.999996,-19.999996,-19.999996,-2.2607725e-07,Object notstarted,Object notstarted,Object notstarted,Object notstarted,Object notstarted,Object notstarted,Object notstarted,Object notstarted,Object notstarted
2024-03-18 10:34:27,334.334,__main___datalogs,INFO,JoyConState.NORMAL,-6.587500,10.362500,-165.710000,8.777082,-0.002289,0.011443,0.027464,20.392902,0.000000,0.000000,0.000000,0,0,0,0,0,0,0,0,0,0,0,0.045257568359375,-0.004302978515625,-2.2607725e-07,19.999996,-4.165142e-11,2.2607715e-07,-19.999996,-19.999996,-19.999996,-2.2607725e-07,Object notstarted,Object notstarted,Object notstarted,Object notstarted,Object notstarted,Object notstarted,Object notstarted,Object notstarted,Object notstarted
2024-03-18 10:34:27,390.390,__main___datalogs,INFO,JoyConState.NORMAL,-6.587500,10.362500,-165.710000,7.220781,0.002289,0.013732,0.027464,20.392902,0.000000,0.000000,0.000000,0,0,0,0,0,0,0,0,0,0,0,0.045257568359375,-0.004302978515625,-2.2607725e-07,19.999996,-4.165142e-11,2.2607715e-07,-19.999996,-19.999996,-19.999996,-2.2607725e-07,Object notstarted,Object notstarted,Object notstarted,Object notstarted,Object notstarted,Object notstarted,Object notstarted,Object notstarted,Object notstarted
2024-03-18 10:34:27,461.461,__main___datalogs,INFO,JoyConState.NORMAL,-6.587500,10.362500,-165.710000,6.628014,0.002289,0.011443,0.025176,20.392902,0.000000,0.000000,0.000000,0,0,0,0,0,0,0,0,0,0,0,0.045257568359375,-0.004302978515625,-2.2607725e-07,19.999996,-4.165142e-11,2.2607715e-07,-19.999996,-19.999996,-19.999996,-2.2607725e-07,Object notstarted,Object notstarted,Object notstarted,Object notstarted,Object notstarted,Object notstarted,Object notstarted,Object notstarted,Object notstarted
2024-03-18 10:34:27,522.522,__main___datalogs,INFO,JoyConState.NORMAL,-6.587500,10.362500,-165.710000,7.653341,0.006866,0.013732,0.025176,20.392902,0.000000,0.000000,0.000000,0,0,0,0,0,0,0,0,0,0,0,0.045257568359375,-0.004302978515625,-2.2607725e-07,19.999996,-4.165142e-11,2.2607715e-07,-19.999996,-19.999996,-19.999996,-2.2607725e-07,Object notstarted,Object notstarted,Object notstarted,Object notstarted,Object notstarted,Object notstarted,Object notstarted,Object notstarted,Object notstarted
2024-03-18 10:34:27,577.577,__main___datalogs,INFO,JoyConState.NORMAL,-6.587500,10.362500,-165.710000,5.778913,0.006866,0.013732,0.027464,20.392902,0.000000,0.000000,0.000000,0,0,0,0,0,0,0,0,0,0,0,0.045257568359375,-0.004302978515625,-2.2607725e-07,19.999996,-4.165142e-11,2.2607715e-07,-19.999996,-19.999996,-19.999996,-2.2607725e-07,Object notstarted,Object notstarted,Object notstarted,Object notstarted,Object notstarted,Object notstarted,Object notstarted,Object notstarted,Object notstarted
2024-03-18 10:34:27,634.634,__main___datalogs,INFO,JoyConState.NORMAL,-6.587500,10.362500,-165.710000,7.431339,0.002289,0.013732,0.025176,20.392902,0.000000,0.000000,0.000000,0,0,0,0,0,0,0,0,0,0,0,0.045257568359375,-0.004302978515625,-2.2607725e-07,19.999996,-4.165142e-11,2.2607715e-07,-19.999996,-19.999996,-19.999996,-2.2607725e-07,Object notstarted,Object notstarted,Object notstarted,Object notstarted,Object notstarted,Object notstarted,Object notstarted,Object notstarted,Object notstarted
2024-03-18 10:34:27,689.689,__main___datalogs,INFO,JoyConState.NORMAL,-6.587500,10.362500,-165.710000,9.179891,0.006866,0.004577,0.025176,20.392902,0.000000,0.000000,0.000000,0,0,0,0,0,0,0,0,0,0,0,0.045257568359375,-0.004302978515625,-2.2607725e-07,19.999996,-4.165142e-11,2.2607715e-07,-19.999996,-19.999996,-19.999996,-2.2607725e-07,Object notstarted,Object notstarted,Object notstarted,Object notstarted,Object notstarted,Object notstarted,Object notstarted,Object notstarted,Object notstarted
2024-03-18 10:34:27,746.746,__main___datalogs,INFO,JoyConState.NORMAL,-6.587500,10.362500,-165.710000,8.287306,-0.002289,0.013732,0.020598,20.392902,0.000000,0.000000,0.000000,0,0,0,0,0,0,0,0,0,0,0,0.045257568359375,-0.004302978515625,-2.2607725e-07,19.999996,-4.165142e-11,2.2607715e-07,-19.999996,-19.999996,-19.999996,-2.2607725e-07,Object notstarted,Object notstarted,Object notstarted,Object notstarted,Object notstarted,Object notstarted,Object notstarted,Object notstarted,Object notstarted
2024-03-18 10:34:27,801.801,__main___datalogs,INFO,JoyConState.NORMAL,-6.587500,10.362500,-165.710000,5.687366,0.002289,0.011443,0.025176,20.392902,0.000000,0.000000,0.000000,0,0,0,0,0,0,0,0,0,0,0,0.045257568359375,-0.004302978515625,-2.2607725e-07,19.999996,-4.165142e-11,2.2607715e-07,-19.999996,-19.999996,-19.999996,-2.2607725e-07,Object notstarted,Object notstarted,Object notstarted,Object notstarted,Object notstarted,Object notstarted,Object notstarted,Object notstarted,Object notstarted
2024-03-18 10:34:27,857.857,__main___datalogs,INFO,JoyConState.NORMAL,-6.587500,10.362500,-165.710000,7.586970,0.006866,0.013732,0.025176,18.892902,0.000000,0.000000,0.000000,0,1,0,0,0,0,0,0,0,0,0,0.045257568359375,-0.004302978515625,-2.2607725e-07,19.999996,-4.165142e-11,2.2607715e-07,-19.999996,-19.999996,-19.999996,-2.2607725e-07,Object notstarted,Object notstarted,Object notstarted,Object notstarted,Object notstarted,Object notstarted,Object notstarted,Object notstarted,Object notstarted
2024-03-18 10:34:27,913.913,__main___datalogs,INFO,JoyConState.NORMAL,-6.587500,10.362500,-165.710000,9.145560,0.002289,0.013732,0.020598,15.892902,0.000000,0.000000,0.000000,0,1,0,0,0,0,0,0,0,0,0,0.045257568359375,-0.004302978515625,-2.2607725e-07,19.999996,-4.165142e-11,2.2607715e-07,-19.999996,-19.999996,-19.999996,-2.2607725e-07,Object notstarted,Object notstarted,Object notstarted,Object notstarted,Object notstarted,Object notstarted,Object notstarted,Object notstarted,Object notstarted
2024-03-18 10:34:27,989.989,__main___datalogs,INFO,JoyConState.NORMAL,-6.587500,10.362500,-165.710000,8.008087,0.002289,0.011443,0.020598,12.392902,0.000000,0.000000,0.000000,0,1,0,0,0,0,0,0,0,0,0,0.045257568359375,-0.004302978515625,-2.2607725e-07,19.999996,-4.165142e-11,2.2607715e-07,-19.999996,-19.999996,-19.999996,-2.2607725e-07,Object notstarted,Object notstarted,Object notstarted,Object notstarted,Object notstarted,Object notstarted,Object notstarted,Object notstarted,Object notstarted
2024-03-18 10:34:28,059.059,__main___datalogs,INFO,JoyConState.NORMAL,-6.587500,10.362500,-165.710000,5.460788,0.002289,0.011443,0.020598,9.392902,0.000000,0.000000,0.000000,0,1,0,0,0,0,0,0,0,0,0,0.045257568359375,-0.004302978515625,-2.2607725e-07,19.999996,-4.165142e-11,2.2607715e-07,-19.999996,-19.999996,-19.999996,-2.2607725e-07,Object notstarted,Object notstarted,Object notstarted,Object notstarted,Object notstarted,Object notstarted,Object notstarted,Object notstarted,Object notstarted
2024-03-18 10:34:28,116.116,__main___datalogs,INFO,JoyConState.NORMAL,-6.587500,10.362500,-165.710000,5.133507,0.002289,0.013732,0.025176,5.892902,0.000000,0.000000,0.000000,0,1,0,0,0,0,0,0,0,0,0,0.045257568359375,-0.004302978515625,-2.2607725e-07,19.999996,-4.165142e-11,2.2607715e-07,-19.999996,-19.999996,-19.999996,-2.2607725e-07,Object notstarted,Object notstarted,Object notstarted,Object notstarted,Object notstarted,Object notstarted,Object notstarted,Object notstarted,Object notstarted
2024-03-18 10:34:28,172.172,__main___datalogs,INFO,JoyConState.NORMAL,-6.587500,10.362500,-165.710000,5.543180,0.002289,0.011443,0.025176,2.892902,0.000000,0.000000,0.000000,0,1,0,0,0,0,0,0,0,0,0,0.045257568359375,-0.004302978515625,-2.2607725e-07,19.999996,-4.165142e-11,2.2607715e-07,-19.999996,-19.999996,-19.999996,-2.2607725e-07,Object notstarted,Object notstarted,Object notstarted,Object notstarted,Object notstarted,Object notstarted,Object notstarted,Object notstarted,Object notstarted
2024-03-18 10:34:28,229.229,__main___datalogs,INFO,JoyConState.NORMAL,-6.587500,10.362500,-165.710000,7.722002,0.006866,0.011443,0.025176,0.000000,0.000000,0.000000,0.000000,0,1,0,0,0,0,0,0,0,0,0,0.045257568359375,-0.004302978515625,-2.2607725e-07,19.999996,-4.165142e-11,2.2607715e-07,-19.999996,-19.999996,-19.999996,-2.2607725e-07,Object notstarted,Object notstarted,Object notstarted,Object notstarted,Object notstarted,Object notstarted,Object notstarted,Object notstarted,Object notstarted
2024-03-18 10:34:28,284.284,__main___datalogs,INFO,JoyConState.NORMAL,-6.587500,10.362500,-165.710000,4.971010,0.002289,0.004577,0.025176,0.000000,0.000000,0.000000,0.000000,0,1,0,0,0,0,0,0,0,0,0,0.045257568359375,-0.004302978515625,-2.2607725e-07,19.999996,-4.165142e-11,2.2607715e-07,-19.999996,-19.999996,-19.999996,-2.2607725e-07,Object notstarted,Object notstarted,Object notstarted,Object notstarted,Object notstarted,Object notstarted,Object notstarted,Object notstarted,Object notstarted
2024-03-18 10:34:28,340.340,__main___datalogs,INFO,JoyConState.NORMAL,-6.587500,10.362500,-165.710000,2.238328,0.006866,0.011443,0.025176,0.000000,0.000000,0.000000,0.000000,0,1,0,0,0,0,0,0,0,0,0,0.045257568359375,-0.004302978515625,-2.2607725e-07,19.999996,-4.165142e-11,2.2607715e-07,-19.999996,-19.999996,-19.999996,-2.2607725e-07,Object notstarted,Object notstarted,Object notstarted,Object notstarted,Object notstarted,Object notstarted,Object notstarted,Object notstarted,Object notstarted
2024-03-18 10:34:28,395.395,__main___datalogs,INFO,JoyConState.NORMAL,-6.587500,10.362500,-165.710000,1.970552,0.006866,0.013732,0.025176,0.000000,0.000000,0.000000,0.000000,0,1,0,0,0,0,0,0,0,0,0,0.045257568359375,-0.004302978515625,-2.2607725e-07,19.999996,-4.165142e-11,2.2607715e-07,-19.999996,-19.999996,-19.999996,-2.2607725e-07,Object notstarted,Object notstarted,Object notstarted,Object notstarted,Object notstarted,Object notstarted,Object notstarted,Object notstarted,Object notstarted
2024-03-18 10:34:28,452.452,__main___datalogs,INFO,JoyConState.NORMAL,-6.587500,10.362500,-165.710000,1.883583,0.006866,0.004577,0.025176,0.000000,0.000000,0.000000,0.000000,0,1,0,0,0,0,0,0,0,0,0,0.045257568359375,-0.004302978515625,-2.2607725e-07,19.999996,-4.165142e-11,2.2607715e-07,-19.999996,-19.999996,-19.999996,-2.2607725e-07,Object notstarted,Object notstarted,Object notstarted,Object notstarted,Object notstarted,Object notstarted,Object notstarted,Object notstarted,Object notstarted
2024-03-18 10:34:28,507.507,__main___datalogs,INFO,JoyConState.NORMAL,-6.587500,10.362500,-165.710000,1.849252,0.006866,0.011443,0.020598,0.000000,0.000000,0.000000,0.000000,0,1,0,0,0,0,0,0,0,0,0,0.045257568359375,-0.004302978515625,-2.2607725e-07,19.999996,-4.165142e-11,2.2607715e-07,-19.999996,-19.999996,-19.999996,-2.2607725e-07,Object notstarted,Object notstarted,Object notstarted,Object notstarted,Object notstarted,Object notstarted,Object notstarted,Object notstarted,Object notstarted
2024-03-18 10:34:28,572.572,__main___datalogs,INFO,JoyConState.NORMAL,-6.587500,10.362500,-165.710000,1.808056,0.002289,0.013732,0.020598,0.000000,0.000000,0.000000,0.000000,0,1,0,0,0,0,0,0,0,0,0,0.045257568359375,-0.004302978515625,-2.2607725e-07,19.999996,-4.165142e-11,2.2607715e-07,-19.999996,-19.999996,-19.999996,-2.2607725e-07,Object notstarted,Object notstarted,Object notstarted,Object notstarted,Object notstarted,Object notstarted,Object notstarted,Object notstarted,Object notstarted
2024-03-18 10:34:28,635.635,__main___datalogs,INFO,JoyConState.NORMAL,-6.587500,10.362500,-165.710000,1.759994,0.006866,0.011443,0.020598,0.000000,0.000000,0.000000,0.000000,0,1,0,0,0,0,0,0,0,0,0,0.045257568359375,-0.004302978515625,-2.2607725e-07,19.999996,-4.165142e-11,2.2607715e-07,-19.999996,-19.999996,-19.999996,-2.2607725e-07,Object notstarted,Object notstarted,Object notstarted,Object notstarted,Object notstarted,Object notstarted,Object notstarted,Object notstarted,Object notstarted
2024-03-18 10:34:28,692.692,__main___datalogs,INFO,JoyConState.NORMAL,-6.587500,10.362500,-165.710000,1.734818,0.006866,0.004577,0.025176,0.000000,0.000000,0.000000,0.000000,0,1,0,0,0,0,0,0,0,0,0,0.045257568359375,-0.004302978515625,-2.2607725e-07,19.999996,-4.165142e-11,2.2607715e-07,-19.999996,-19.999996,-19.999996,-2.2607725e-07,Object notstarted,Object notstarted,Object notstarted,Object notstarted,Object notstarted,Object notstarted,Object notstarted,Object notstarted,Object notstarted
2024-03-18 10:34:28,747.747,__main___datalogs,INFO,JoyConState.NORMAL,-6.587500,10.362500,-165.710000,1.700488,-0.002289,0.011443,0.025176,0.000000,0.000000,0.000000,0.000000,0,1,0,0,0,0,0,0,0,0,0,0.045257568359375,-0.004302978515625,-2.2607725e-07,19.999996,-4.165142e-11,2.2607715e-07,-19.999996,-19.999996,-19.999996,-2.2607725e-07,Object notstarted,Object notstarted,Object notstarted,Object notstarted,Object notstarted,Object notstarted,Object notstarted,Object notstarted,Object notstarted
2024-03-18 10:34:28,804.804,__main___datalogs,INFO,JoyConState.NORMAL,-6.587500,10.362500,-165.710000,1.675313,0.002289,0.004577,0.025176,0.000000,0.000000,0.000000,0.000000,0,1,0,0,0,0,0,0,0,0,0,0.045257568359375,-0.004302978515625,-2.2607725e-07,19.999996,-4.165142e-11,2.2607715e-07,-19.999996,-19.999996,-19.999996,-2.2607725e-07,Object notstarted,Object notstarted,Object notstarted,Object notstarted,Object notstarted,Object notstarted,Object notstarted,Object notstarted,Object notstarted
2024-03-18 10:34:28,859.859,__main___datalogs,INFO,JoyConState.NORMAL,-6.587500,10.362500,-165.710000,1.652426,0.002289,0.004577,0.025176,0.000000,0.000000,0.000000,0.000000,0,1,0,0,0,0,0,0,0,0,0,0.045257568359375,-0.004302978515625,-2.2607725e-07,19.999996,-4.165142e-11,2.2607715e-07,-19.999996,-19.999996,-19.999996,-2.2607725e-07,Object notstarted,Object notstarted,Object notstarted,Object notstarted,Object notstarted,Object notstarted,Object notstarted,Object notstarted,Object notstarted
2024-03-18 10:34:28,916.916,__main___datalogs,INFO,JoyConState.NORMAL,-6.587500,10.362500,-165.710000,1.629539,0.006866,0.011443,0.025176,0.000000,0.000000,0.000000,0.000000,0,1,0,0,0,0,0,0,0,0,0,0.045257568359375,-0.004302978515625,-2.2607725e-07,19.999996,-4.165142e-11,2.2607715e-07,-19.999996,-19.999996,-19.999996,-2.2607725e-07,Object notstarted,Object notstarted,Object notstarted,Object notstarted,Object notstarted,Object notstarted,Object notstarted,Object notstarted,Object notstarted
2024-03-18 10:34:28,971.971,__main___datalogs,INFO,JoyConState.NORMAL,-6.587500,10.362500,-165.710000,1.604364,0.002289,0.018310,0.025176,0.000000,0.000000,0.000000,0.000000,0,1,0,0,0,0,0,0,0,0,0,0.045257568359375,-0.004302978515625,-2.2607725e-07,19.999996,-4.165142e-11,2.2607715e-07,-19.999996,-19.999996,-19.999996,-2.2607725e-07,Object notstarted,Object notstarted,Object notstarted,Object notstarted,Object notstarted,Object notstarted,Object notstarted,Object notstarted,Object notstarted
2024-03-18 10:34:29,027.027,__main___datalogs,INFO,JoyConState.NORMAL,-6.587500,10.362500,-165.710000,1.583766,0.002289,0.013732,0.027464,0.000000,0.000000,0.000000,0.000000,0,1,0,0,0,0,0,0,0,0,0,0.045257568359375,-0.004302978515625,-2.2607725e-07,19.999996,-4.165142e-11,2.2607715e-07,-19.999996,-19.999996,-19.999996,-2.2607725e-07,Object notstarted,Object notstarted,Object notstarted,Object notstarted,Object notstarted,Object notstarted,Object notstarted,Object notstarted,Object notstarted
2024-03-18 10:34:29,082.082,__main___datalogs,INFO,JoyConState.NORMAL,-6.587500,10.362500,-165.710000,1.560879,0.002289,0.013732,0.027464,0.000000,0.000000,0.000000,0.000000,0,1,0,0,0,0,0,0,0,0,0,0.045257568359375,-0.004302978515625,-2.2607725e-07,19.999996,-4.165142e-11,2.2607715e-07,-19.999996,-19.999996,-19.999996,-2.2607725e-07,Object notstarted,Object notstarted,Object notstarted,Object notstarted,Object notstarted,Object notstarted,Object notstarted,Object notstarted,Object notstarted
2024-03-18 10:34:29,139.139,__main___datalogs,INFO,JoyConState.NORMAL,-6.587500,10.362500,-165.710000,1.537992,0.002289,0.013732,0.020598,0.000000,0.000000,0.000000,0.000000,0,1,0,0,0,0,0,0,0,0,0,0.045257568359375,-0.004302978515625,-2.2607725e-07,19.999996,-4.165142e-11,2.2607715e-07,-19.999996,-19.999996,-19.999996,-2.2607725e-07,Object notstarted,Object notstarted,Object notstarted,Object notstarted,Object notstarted,Object notstarted,Object notstarted,Object notstarted,Object notstarted
2024-03-18 10:34:29,195.195,__main___datalogs,INFO,JoyConState.NORMAL,-6.587500,10.362500,-165.710000,1.519683,0.002289,0.011443,0.025176,0.000000,0.000000,0.000000,0.000000,0,1,0,0,0,0,0,0,0,0,0,0.045257568359375,-0.004302978515625,-2.2607725e-07,19.999996,-4.165142e-11,2.2607715e-07,-19.999996,-19.999996,-19.999996,-2.2607725e-07,Object notstarted,Object notstarted,Object notstarted,Object notstarted,Object notstarted,Object notstarted,Object notstarted,Object notstarted,Object notstarted
2024-03-18 10:34:29,251.251,__main___datalogs,INFO,JoyConState.NORMAL,-6.587500,10.362500,-165.710000,1.494507,0.002289,0.004577,0.025176,0.000000,0.000000,0.000000,0.000000,0,1,0,0,0,0,0,0,0,0,0,0.045257568359375,-0.004302978515625,-2.2607725e-07,19.999996,-4.165142e-11,2.2607715e-07,-19.999996,-19.999996,-19.999996,-2.2607725e-07,Object notstarted,Object notstarted,Object notstarted,Object notstarted,Object notstarted,Object notstarted,Object notstarted,Object notstarted,Object notstarted
2024-03-18 10:34:29,306.306,__main___datalogs,INFO,JoyConState.NORMAL,-6.587500,10.362500,-165.710000,1.471621,0.006866,0.004577,0.025176,0.000000,0.000000,0.000000,0.000000,0,1,0,0,0,0,0,0,0,0,0,0.045257568359375,-0.004302978515625,-2.2607725e-07,19.999996,-4.165142e-11,2.2607715e-07,-19.999996,-19.999996,-19.999996,-2.2607725e-07,Object notstarted,Object notstarted,Object notstarted,Object notstarted,Object notstarted,Object notstarted,Object notstarted,Object notstarted,Object notstarted
2024-03-18 10:34:29,363.363,__main___datalogs,INFO,JoyConState.NORMAL,-6.587500,10.362500,-165.710000,1.448734,0.002289,0.013732,0.020598,0.000000,0.000000,0.000000,0.000000,0,1,0,0,0,0,0,0,0,0,0,0.045257568359375,-0.004302978515625,-2.2607725e-07,19.999996,-4.165142e-11,2.2607715e-07,-19.999996,-19.999996,-19.999996,-2.2607725e-07,Object notstarted,Object notstarted,Object notstarted,Object notstarted,Object notstarted,Object notstarted,Object notstarted,Object notstarted,Object notstarted
2024-03-18 10:34:29,418.418,__main___datalogs,INFO,JoyConState.NORMAL,-6.587500,10.362500,-165.710000,1.430424,0.002289,0.013732,0.020598,0.000000,0.000000,0.000000,0.000000,0,1,0,0,0,0,0,0,0,0,0,0.045257568359375,-0.004302978515625,-2.2607725e-07,19.999996,-4.165142e-11,2.2607715e-07,-19.999996,-19.999996,-19.999996,-2.2607725e-07,Object notstarted,Object notstarted,Object notstarted,Object notstarted,Object notstarted,Object notstarted,Object notstarted,Object notstarted,Object notstarted
2024-03-18 10:34:29,475.475,__main___datalogs,INFO,JoyConState.NORMAL,-6.587500,10.362500,-165.710000,1.418981,0.002289,0.011443,0.020598,0.000000,0.000000,0.000000,0.000000,0,1,0,0,0,0,0,0,0,0,0,0.045257568359375,-0.004302978515625,-2.2607725e-07,19.999996,-4.165142e-11,2.2607715e-07,-19.999996,-19.999996,-19.999996,-2.2607725e-07,Object notstarted,Object notstarted,Object notstarted,Object notstarted,Object notstarted,Object notstarted,Object notstarted,Object notstarted,Object notstarted
2024-03-18 10:34:29,530.530,__main___datalogs,INFO,JoyConState.NORMAL,-6.587500,10.362500,-165.710000,1.393806,0.006866,0.011443,0.016021,0.000000,0.000000,0.000000,0.000000,0,0,0,0,0,0,0,0,0,0,0,0.045257568359375,-0.004302978515625,-2.2607725e-07,19.999996,-4.165142e-11,2.2607715e-07,-19.999996,-19.999996,-19.999996,-2.2607725e-07,Object notstarted,Object notstarted,Object notstarted,Object notstarted,Object notstarted,Object notstarted,Object notstarted,Object notstarted,Object notstarted
2024-03-18 10:34:29,602.602,__main___datalogs,INFO,JoyConState.NORMAL,-6.587500,10.362500,-165.710000,1.370919,0.006866,0.013732,0.025176,0.000000,0.000000,0.000000,0.000000,0,0,0,0,0,0,0,0,0,0,0,0.045257568359375,-0.004302978515625,-2.2607725e-07,19.999996,-4.165142e-11,2.2607715e-07,-19.999996,-19.999996,-19.999996,-2.2607725e-07,Object notstarted,Object notstarted,Object notstarted,Object notstarted,Object notstarted,Object notstarted,Object notstarted,Object notstarted,Object notstarted
2024-03-18 10:34:29,678.678,__main___datalogs,INFO,JoyConState.NORMAL,-6.587500,10.362500,-165.710000,1.348032,-0.002289,0.011443,0.025176,0.000000,0.000000,0.000000,0.000000,0,0,0,0,0,0,0,0,0,0,0,0.045257568359375,-0.004302978515625,-2.2607725e-07,19.999996,-4.165142e-11,2.2607715e-07,-19.999996,-19.999996,-19.999996,-2.2607725e-07,Object notstarted,Object notstarted,Object notstarted,Object notstarted,Object notstarted,Object notstarted,Object notstarted,Object notstarted,Object notstarted
2024-03-18 10:34:29,734.734,__main___datalogs,INFO,JoyConState.NORMAL,-6.587500,10.362500,-165.710000,1.334300,0.006866,0.004577,0.025176,0.000000,0.000000,0.000000,0.000000,0,0,0,0,0,0,0,0,0,0,0,0.045257568359375,-0.004302978515625,-2.2607725e-07,19.999996,-4.165142e-11,2.2607715e-07,-19.999996,-19.999996,-19.999996,-2.2607725e-07,Object notstarted,Object notstarted,Object notstarted,Object notstarted,Object notstarted,Object notstarted,Object notstarted,Object notstarted,Object notstarted
2024-03-18 10:34:29,790.790,__main___datalogs,INFO,JoyConState.NORMAL,-6.587500,10.362500,-165.710000,1.318279,0.006866,0.011443,0.025176,0.000000,0.000000,0.000000,0.000000,0,0,0,0,0,0,0,0,0,0,0,0.045257568359375,-0.004302978515625,-2.2607725e-07,19.999996,-4.165142e-11,2.2607715e-07,-19.999996,-19.999996,-19.999996,-2.2607725e-07,Object notstarted,Object notstarted,Object notstarted,Object notstarted,Object notstarted,Object notstarted,Object notstarted,Object notstarted,Object notstarted
2024-03-18 10:34:29,846.846,__main___datalogs,INFO,JoyConState.NORMAL,-6.587500,10.362500,-165.710000,1.297681,0.002289,0.004577,0.025176,0.000000,0.000000,0.000000,0.000000,0,0,0,0,0,0,0,0,0,0,0,0.045257568359375,-0.004302978515625,-2.2607725e-07,19.999996,-4.165142e-11,2.2607715e-07,-19.999996,-19.999996,-19.999996,-2.2607725e-07,Object notstarted,Object notstarted,Object notstarted,Object notstarted,Object notstarted,Object notstarted,Object notstarted,Object notstarted,Object notstarted
2024-03-18 10:34:29,901.901,__main___datalogs,INFO,JoyConState.NORMAL,-6.587500,10.362500,-165.710000,1.286238,0.002289,0.011443,0.025176,0.000000,0.000000,0.000000,0.000000,0,0,0,0,0,0,0,0,0,0,0,0.045257568359375,-0.004302978515625,-2.2607725e-07,19.999996,-4.165142e-11,2.2607715e-07,-19.999996,-19.999996,-19.999996,-2.2607725e-07,Object notstarted,Object notstarted,Object notstarted,Object notstarted,Object notstarted,Object notstarted,Object notstarted,Object notstarted,Object notstarted
2024-03-18 10:34:29,958.958,__main___datalogs,INFO,JoyConState.NORMAL,-6.587500,10.362500,-165.710000,1.272505,0.006866,0.004577,0.020598,0.000000,0.000000,0.000000,0.000000,0,0,0,0,0,0,0,0,0,0,0,0.045257568359375,-0.004302978515625,-2.2607725e-07,19.999996,-4.165142e-11,2.2607715e-07,-19.999996,-19.999996,-19.999996,-2.2607725e-07,Object notstarted,Object notstarted,Object notstarted,Object notstarted,Object notstarted,Object notstarted,Object notstarted,Object notstarted,Object notstarted
2024-03-18 10:34:30,014.014,__main___datalogs,INFO,JoyConState.NORMAL,-6.587500,10.362500,-165.710000,1.256485,0.006866,0.011443,0.025176,0.000000,0.000000,0.000000,0.000000,0,0,0,0,0,0,0,0,0,0,0,0.045257568359375,-0.004302978515625,-2.2607725e-07,19.999996,-4.165142e-11,2.2607715e-07,-19.999996,-19.999996,-19.999996,-2.2607725e-07,Object notstarted,Object notstarted,Object notstarted,Object notstarted,Object notstarted,Object notstarted,Object notstarted,Object notstarted,Object notstarted
2024-03-18 10:34:30,070.070,__main___datalogs,INFO,JoyConState.NORMAL,-6.587500,10.362500,-165.710000,1.245041,0.002289,0.011443,0.025176,0.000000,0.000000,0.000000,0.000000,0,0,0,0,0,0,0,0,0,0,0,0.045257568359375,-0.004302978515625,-2.2607725e-07,19.999996,-4.165142e-11,2.2607715e-07,-19.999996,-19.999996,-19.999996,-2.2607725e-07,Object notstarted,Object notstarted,Object notstarted,Object notstarted,Object notstarted,Object notstarted,Object notstarted,Object notstarted,Object notstarted
2024-03-18 10:34:30,125.125,__main___datalogs,INFO,JoyConState.NORMAL,-6.587500,10.362500,-165.710000,1.226732,0.006866,0.011443,0.025176,0.000000,0.000000,0.000000,0.000000,0,0,0,0,0,0,0,0,0,0,0,0.045257568359375,-0.004302978515625,-2.2607725e-07,19.999996,-4.165142e-11,2.2607715e-07,-19.999996,-19.999996,-19.999996,-2.2607725e-07,Object notstarted,Object notstarted,Object notstarted,Object notstarted,Object notstarted,Object notstarted,Object notstarted,Object notstarted,Object notstarted
2024-03-18 10:34:30,182.182,__main___datalogs,INFO,JoyConState.NORMAL,-6.587500,10.362500,-165.710000,1.213000,0.002289,0.011443,0.025176,0.000000,0.000000,0.000000,0.000000,0,0,0,0,0,0,0,0,0,0,0,0.045257568359375,-0.004302978515625,-2.2607725e-07,19.999996,-4.165142e-11,2.2607715e-07,-19.999996,-19.999996,-19.999996,-2.2607725e-07,Object notstarted,Object notstarted,Object notstarted,Object notstarted,Object notstarted,Object notstarted,Object notstarted,Object notstarted,Object notstarted
2024-03-18 10:34:30,238.238,__main___datalogs,INFO,JoyConState.NORMAL,-6.587500,10.362500,-165.710000,1.201556,0.002289,0.013732,0.025176,0.000000,0.000000,0.000000,0.000000,0,0,0,0,0,0,0,0,0,0,0,0.045257568359375,-0.004302978515625,-2.2607725e-07,19.999996,-4.165142e-11,2.2607715e-07,-19.999996,-19.999996,-19.999996,-2.2607725e-07,Object notstarted,Object notstarted,Object notstarted,Object notstarted,Object notstarted,Object notstarted,Object notstarted,Object notstarted,Object notstarted
2024-03-18 10:34:30,294.294,__main___datalogs,INFO,JoyConState.NORMAL,-6.587500,10.362500,-165.710000,1.185535,0.002289,0.011443,0.025176,0.000000,0.000000,0.000000,0.000000,0,0,0,0,0,0,0,0,0,0,0,0.045257568359375,-0.004302978515625,-2.2607725e-07,19.999996,-4.165142e-11,2.2607715e-07,-19.999996,-19.999996,-19.999996,-2.2607725e-07,Object notstarted,Object notstarted,Object notstarted,Object notstarted,Object notstarted,Object notstarted,Object notstarted,Object notstarted,Object notstarted
2024-03-18 10:34:30,349.349,__main___datalogs,INFO,JoyConState.NORMAL,-6.587500,10.362500,-165.710000,1.171803,0.006866,0.004577,0.025176,0.000000,0.000000,0.000000,0.000000,0,0,0,0,0,0,0,0,0,0,0,0.045257568359375,-0.004302978515625,-2.2607725e-07,19.999996,-4.165142e-11,2.2607715e-07,-19.999996,-19.999996,-19.999996,-2.2607725e-07,Object notstarted,Object notstarted,Object notstarted,Object notstarted,Object notstarted,Object notstarted,Object notstarted,Object notstarted,Object notstarted
2024-03-18 10:34:30,405.405,__main___datalogs,INFO,JoyConState.NORMAL,-6.587500,10.362500,-165.710000,1.164937,0.006866,0.004577,0.025176,0.000000,0.000000,0.000000,0.000000,0,0,0,0,0,0,0,0,0,0,0,0.045257568359375,-0.004302978515625,-2.2607725e-07,19.999996,-4.165142e-11,2.2607715e-07,-19.999996,-19.999996,-19.999996,-2.2607725e-07,Object notstarted,Object notstarted,Object notstarted,Object notstarted,Object notstarted,Object notstarted,Object notstarted,Object notstarted,Object notstarted
2024-03-18 10:34:30,461.461,__main___datalogs,INFO,JoyConState.NORMAL,-6.587500,10.362500,-165.710000,1.142051,0.002289,0.011443,0.020598,0.000000,0.000000,0.000000,0.000000,0,0,0,0,0,0,0,0,0,0,0,0.045257568359375,-0.004302978515625,-2.2607725e-07,19.999996,-4.165142e-11,2.2607715e-07,-19.999996,-19.999996,-19.999996,-2.2607725e-07,Object notstarted,Object notstarted,Object notstarted,Object notstarted,Object notstarted,Object notstarted,Object notstarted,Object notstarted,Object notstarted
2024-03-18 10:34:30,517.517,__main___datalogs,INFO,JoyConState.NORMAL,-6.587500,10.362500,-165.710000,1.126030,0.002289,0.011443,0.025176,0.000000,0.000000,0.000000,0.000000,0,0,0,0,0,0,0,0,0,0,0,0.045257568359375,-0.004302978515625,-2.2607725e-07,19.999996,-4.165142e-11,2.2607715e-07,-19.999996,-19.999996,-19.999996,-2.2607725e-07,Object notstarted,Object notstarted,Object notstarted,Object notstarted,Object notstarted,Object notstarted,Object notstarted,Object notstarted,Object notstarted
2024-03-18 10:34:30,573.573,__main___datalogs,INFO,JoyConState.NORMAL,-6.587500,10.362500,-165.710000,1.107720,-0.002289,0.004577,0.025176,0.000000,0.000000,0.000000,0.000000,0,0,0,0,0,0,0,0,0,0,0,0.045257568359375,-0.004302978515625,-2.2607725e-07,19.999996,-4.165142e-11,2.2607715e-07,-19.999996,-19.999996,-19.999996,-2.2607725e-07,Object notstarted,Object notstarted,Object notstarted,Object notstarted,Object notstarted,Object notstarted,Object notstarted,Object notstarted,Object notstarted
2024-03-18 10:34:30,629.629,__main___datalogs,INFO,JoyConState.NORMAL,-6.587500,10.362500,-165.710000,1.082545,0.006866,0.011443,0.025176,0.000000,0.000000,0.000000,0.000000,0,0,0,0,0,0,0,0,0,0,0,0.045257568359375,-0.004302978515625,-2.2607725e-07,19.999996,-4.165142e-11,2.2607715e-07,-19.999996,-19.999996,-19.999996,-2.2607725e-07,Object notstarted,Object notstarted,Object notstarted,Object notstarted,Object notstarted,Object notstarted,Object notstarted,Object notstarted,Object notstarted
2024-03-18 10:34:30,701.701,__main___datalogs,INFO,JoyConState.NORMAL,-6.587500,10.362500,-165.710000,1.052792,0.002289,0.011443,0.025176,0.000000,0.000000,0.000000,0.000000,0,0,0,0,0,0,0,0,0,0,0,0.045257568359375,-0.004302978515625,-2.2607725e-07,19.999996,-4.165142e-11,2.2607715e-07,-19.999996,-19.999996,-19.999996,-2.2607725e-07,Object notstarted,Object notstarted,Object notstarted,Object notstarted,Object notstarted,Object notstarted,Object notstarted,Object notstarted,Object notstarted
2024-03-18 10:34:30,762.762,__main___datalogs,INFO,JoyConState.NORMAL,-6.587500,10.362500,-165.710000,1.016173,0.002289,0.011443,0.025176,0.000000,0.000000,0.000000,0.000000,0,0,0,0,0,0,0,0,0,0,0,0.045257568359375,-0.004302978515625,-2.2607725e-07,19.999996,-4.165142e-11,2.2607715e-07,-19.999996,-19.999996,-19.999996,-2.2607725e-07,Object notstarted,Object notstarted,Object notstarted,Object notstarted,Object notstarted,Object notstarted,Object notstarted,Object notstarted,Object notstarted
2024-03-18 10:34:30,818.818,__main___datalogs,INFO,JoyConState.NORMAL,-6.587500,10.362500,-165.710000,0.970400,0.006866,0.011443,0.025176,0.000000,0.000000,0.000000,0.000000,0,0,0,0,0,0,0,0,0,0,0,0.045257568359375,-0.004302978515625,-2.2607725e-07,19.999996,-4.165142e-11,2.2607715e-07,-19.999996,-19.999996,-19.999996,-2.2607725e-07,Object notstarted,Object notstarted,Object notstarted,Object notstarted,Object notstarted,Object notstarted,Object notstarted,Object notstarted,Object notstarted
2024-03-18 10:34:30,874.874,__main___datalogs,INFO,JoyConState.NORMAL,-6.587500,10.362500,-165.710000,0.931492,0.006866,0.011443,0.020598,0.000000,0.000000,0.000000,0.000000,0,0,0,0,0,0,0,0,0,0,0,0.045257568359375,-0.004302978515625,-2.2607725e-07,19.999996,-4.165142e-11,2.2607715e-07,-19.999996,-19.999996,-19.999996,-2.2607725e-07,Object notstarted,Object notstarted,Object notstarted,Object notstarted,Object notstarted,Object notstarted,Object notstarted,Object notstarted,Object notstarted
2024-03-18 10:34:30,929.929,__main___datalogs,INFO,JoyConState.NORMAL,-6.587500,10.362500,-165.710000,0.885719,0.006866,0.011443,0.020598,0.000000,0.000000,0.000000,0.000000,0,0,0,0,0,0,0,0,0,0,0,0.045257568359375,-0.004302978515625,-2.2607725e-07,19.999996,-4.165142e-11,2.2607715e-07,-19.999996,-19.999996,-19.999996,-2.2607725e-07,Object notstarted,Object notstarted,Object notstarted,Object notstarted,Object notstarted,Object notstarted,Object notstarted,Object notstarted,Object notstarted
2024-03-18 10:34:30,986.986,__main___datalogs,INFO,JoyConState.NORMAL,-6.587500,10.362500,-165.710000,0.830791,0.006866,0.004577,0.020598,0.000000,0.000000,0.000000,0.000000,0,0,0,0,0,0,0,0,0,0,0,0.045257568359375,-0.004302978515625,-2.2607725e-07,19.999996,-4.165142e-11,2.2607715e-07,-19.999996,-19.999996,-19.999996,-2.2607725e-07,Object notstarted,Object notstarted,Object notstarted,Object notstarted,Object notstarted,Object notstarted,Object notstarted,Object notstarted,Object notstarted
2024-03-18 10:34:31,041.041,__main___datalogs,INFO,JoyConState.NORMAL,-6.587500,10.362500,-165.710000,0.778151,0.006866,0.011443,0.020598,0.000000,0.000000,0.000000,0.000000,0,0,0,0,0,0,0,0,0,0,0,0.045257568359375,-0.004302978515625,-2.2607725e-07,19.999996,-4.165142e-11,2.2607715e-07,-19.999996,-19.999996,-19.999996,-2.2607725e-07,Object notstarted,Object notstarted,Object notstarted,Object notstarted,Object notstarted,Object notstarted,Object notstarted,Object notstarted,Object notstarted
2024-03-18 10:34:31,097.097,__main___datalogs,INFO,JoyConState.NORMAL,-6.587500,10.362500,-165.710000,0.723223,0.006866,0.013732,0.020598,0.000000,0.000000,0.000000,0.000000,0,0,0,0,0,0,0,0,0,0,0,0.045257568359375,-0.004302978515625,-2.2607725e-07,19.999996,-4.165142e-11,2.2607715e-07,-19.999996,-19.999996,-19.999996,-2.2607725e-07,Object notstarted,Object notstarted,Object notstarted,Object notstarted,Object notstarted,Object notstarted,Object notstarted,Object notstarted,Object notstarted
2024-03-18 10:34:31,152.152,__main___datalogs,INFO,JoyConState.NORMAL,-6.587500,10.362500,-165.710000,0.666006,0.006866,0.011443,0.025176,0.000000,0.000000,0.000000,0.000000,0,0,0,0,0,0,0,0,0,0,0,0.045257568359375,-0.004302978515625,-2.2607725e-07,19.999996,-4.165142e-11,2.2607715e-07,-19.999996,-19.999996,-19.999996,-2.2607725e-07,Object notstarted,Object notstarted,Object notstarted,Object notstarted,Object notstarted,Object notstarted,Object notstarted,Object notstarted,Object notstarted
2024-03-18 10:34:31,208.208,__main___datalogs,INFO,JoyConState.NORMAL,-6.587500,10.362500,-165.710000,0.606500,0.002289,0.011443,0.025176,0.000000,0.000000,0.000000,0.000000,0,0,0,0,0,0,0,0,0,0,0,0.045257568359375,-0.004302978515625,-2.2607725e-07,19.999996,-4.165142e-11,2.2607715e-07,-19.999996,-19.999996,-19.999996,-2.2607725e-07,Object notstarted,Object notstarted,Object notstarted,Object notstarted,Object notstarted,Object notstarted,Object notstarted,Object notstarted,Object notstarted
2024-03-18 10:34:31,264.264,__main___datalogs,INFO,JoyConState.NORMAL,-6.587500,10.362500,-165.710000,0.544705,-0.002289,0.011443,0.025176,0.000000,0.000000,0.000000,0.000000,0,0,0,0,0,0,0,0,0,0,0,0.045257568359375,-0.004302978515625,-2.2607725e-07,19.999996,-4.165142e-11,2.2607715e-07,-19.999996,-19.999996,-19.999996,-2.2607725e-07,Object notstarted,Object notstarted,Object notstarted,Object notstarted,Object notstarted,Object notstarted,Object notstarted,Object notstarted,Object notstarted
2024-03-18 10:34:31,320.320,__main___datalogs,INFO,JoyConState.NORMAL,-6.587500,10.362500,-165.710000,0.482911,0.006866,0.011443,0.025176,0.000000,0.000000,0.000000,0.000000,0,0,0,0,0,0,0,0,0,0,0,0.045257568359375,-0.004302978515625,-2.2607725e-07,19.999996,-4.165142e-11,2.2607715e-07,-19.999996,-19.999996,-19.999996,-2.2607725e-07,Object notstarted,Object notstarted,Object notstarted,Object notstarted,Object notstarted,Object notstarted,Object notstarted,Object notstarted,Object notstarted
2024-03-18 10:34:31,376.376,__main___datalogs,INFO,JoyConState.NORMAL,-6.587500,10.362500,-165.710000,0.423406,0.002289,0.011443,0.025176,0.000000,0.000000,0.000000,0.000000,0,0,0,0,0,0,0,0,0,0,0,0.045257568359375,-0.004302978515625,-2.2607725e-07,19.999996,-4.165142e-11,2.2607715e-07,-19.999996,-19.999996,-19.999996,-2.2607725e-07,Object notstarted,Object notstarted,Object notstarted,Object notstarted,Object notstarted,Object notstarted,Object notstarted,Object notstarted,Object notstarted
2024-03-18 10:34:31,433.433,__main___datalogs,INFO,JoyConState.NORMAL,-6.587500,10.362500,-165.710000,0.359323,0.002289,0.013732,0.025176,0.000000,0.000000,0.000000,0.000000,0,0,0,0,0,0,0,0,0,0,0,0.045257568359375,-0.004302978515625,-2.2607725e-07,19.999996,-4.165142e-11,2.2607715e-07,-19.999996,-19.999996,-19.999996,-2.2607725e-07,Object notstarted,Object notstarted,Object notstarted,Object notstarted,Object notstarted,Object notstarted,Object notstarted,Object notstarted,Object notstarted
2024-03-18 10:34:31,487.487,__main___datalogs,INFO,JoyConState.NORMAL,-6.587500,10.362500,-165.710000,0.311260,0.002289,0.004577,0.025176,0.000000,0.000000,0.000000,0.000000,0,0,0,0,0,0,0,0,0,0,0,0.045257568359375,-0.004302978515625,-2.2607725e-07,19.999996,-4.165142e-11,2.2607715e-07,-19.999996,-19.999996,-19.999996,-2.2607725e-07,Object notstarted,Object notstarted,Object notstarted,Object notstarted,Object notstarted,Object notstarted,Object notstarted,Object notstarted,Object notstarted
2024-03-18 10:34:31,544.544,__main___datalogs,INFO,JoyConState.NORMAL,-6.587500,10.362500,-165.710000,0.258621,0.006866,0.004577,0.020598,0.000000,0.000000,0.000000,0.000000,0,0,0,0,0,0,0,0,0,0,0,0.045257568359375,-0.004302978515625,-2.2607725e-07,19.999996,-4.165142e-11,2.2607715e-07,-19.999996,-19.999996,-19.999996,-2.2607725e-07,Object notstarted,Object notstarted,Object notstarted,Object notstarted,Object notstarted,Object notstarted,Object notstarted,Object notstarted,Object notstarted
2024-03-18 10:34:31,599.599,__main___datalogs,INFO,JoyConState.NORMAL,-6.587500,10.362500,-165.710000,0.222002,0.006866,0.004577,0.025176,0.000000,0.000000,0.000000,0.000000,0,0,0,0,0,0,0,0,0,0,0,0.045257568359375,-0.004302978515625,-2.2607725e-07,19.999996,-4.165142e-11,2.2607715e-07,-19.999996,-19.999996,-19.999996,-2.2607725e-07,Object notstarted,Object notstarted,Object notstarted,Object notstarted,Object notstarted,Object notstarted,Object notstarted,Object notstarted,Object notstarted
2024-03-18 10:34:31,656.656,__main___datalogs,INFO,JoyConState.NORMAL,-6.587500,10.362500,-165.710000,0.185383,0.006866,0.004577,0.020598,0.000000,0.000000,0.000000,0.000000,0,0,0,0,0,0,0,0,0,0,0,0.045257568359375,-0.004302978515625,-2.2607725e-07,19.999996,-4.165142e-11,2.2607715e-07,-19.999996,-19.999996,-19.999996,-2.2607725e-07,Object notstarted,Object notstarted,Object notstarted,Object notstarted,Object notstarted,Object notstarted,Object notstarted,Object notstarted,Object notstarted
2024-03-18 10:34:31,727.727,__main___datalogs,INFO,JoyConState.NORMAL,-6.587500,10.362500,-165.710000,0.155630,0.002289,0.004577,0.025176,0.000000,0.000000,0.000000,0.000000,0,0,0,0,0,0,0,0,0,0,0,0.045257568359375,-0.004302978515625,-2.2607725e-07,19.999996,-4.165142e-11,2.2607715e-07,-19.999996,-19.999996,-19.999996,-2.2607725e-07,Object notstarted,Object notstarted,Object notstarted,Object notstarted,Object notstarted,Object notstarted,Object notstarted,Object notstarted,Object notstarted
2024-03-18 10:34:31,787.787,__main___datalogs,INFO,JoyConState.NORMAL,-6.587500,10.362500,-165.710000,0.125877,-0.002289,0.004577,0.025176,0.000000,0.000000,0.000000,0.000000,0,0,0,0,0,0,0,0,0,0,0,0.045257568359375,-0.004302978515625,-2.2607725e-07,19.999996,-4.165142e-11,2.2607715e-07,-19.999996,-19.999996,-19.999996,-2.2607725e-07,Object notstarted,Object notstarted,Object notstarted,Object notstarted,Object notstarted,Object notstarted,Object notstarted,Object notstarted,Object notstarted
2024-03-18 10:34:31,842.842,__main___datalogs,INFO,JoyConState.NORMAL,-6.587500,10.362500,-165.710000,0.098413,0.006866,0.011443,0.027464,0.000000,0.000000,0.000000,0.000000,0,0,0,0,0,0,0,0,0,0,0,0.045257568359375,-0.004302978515625,-2.2607725e-07,19.999996,-4.165142e-11,2.2607715e-07,-19.999996,-19.999996,-19.999996,-2.2607725e-07,Object notstarted,Object notstarted,Object notstarted,Object notstarted,Object notstarted,Object notstarted,Object notstarted,Object notstarted,Object notstarted
2024-03-18 10:34:31,899.899,__main___datalogs,INFO,JoyConState.NORMAL,-6.587500,10.362500,-165.710000,0.080104,0.006866,0.013732,0.025176,0.000000,0.000000,0.000000,0.000000,0,0,0,0,0,0,0,0,0,0,0,0.045257568359375,-0.004302978515625,-2.2607725e-07,19.999996,-4.165142e-11,2.2607715e-07,-19.999996,-19.999996,-19.999996,-2.2607725e-07,Object notstarted,Object notstarted,Object notstarted,Object notstarted,Object notstarted,Object notstarted,Object notstarted,Object notstarted,Object notstarted
2024-03-18 10:34:31,954.954,__main___datalogs,INFO,JoyConState.NORMAL,-6.587500,10.362500,-165.710000,0.077815,0.002289,0.011443,0.027464,0.000000,0.000000,0.000000,0.000000,0,0,0,0,0,0,0,0,0,0,0,0.045257568359375,-0.004302978515625,-2.2607725e-07,19.999996,-4.165142e-11,2.2607715e-07,-19.999996,-19.999996,-19.999996,-2.2607725e-07,Object notstarted,Object notstarted,Object notstarted,Object notstarted,Object notstarted,Object notstarted,Object notstarted,Object notstarted,Object notstarted
2024-03-18 10:34:32,010.010,__main___datalogs,INFO,JoyConState.NORMAL,-6.587500,10.362500,-165.710000,0.080104,0.002289,0.004577,0.027464,0.000000,0.000000,0.000000,0.000000,0,0,0,0,0,0,0,0,0,0,0,0.045257568359375,-0.004302978515625,-2.2607725e-07,19.999996,-4.165142e-11,2.2607715e-07,-19.999996,-19.999996,-19.999996,-2.2607725e-07,Object notstarted,Object notstarted,Object notstarted,Object notstarted,Object notstarted,Object notstarted,Object notstarted,Object notstarted,Object notstarted
2024-03-18 10:34:32,066.066,__main___datalogs,INFO,JoyConState.NORMAL,-6.587500,10.362500,-165.710000,0.061794,0.002289,0.011443,0.027464,0.000000,0.000000,0.000000,0.000000,0,0,0,0,0,0,0,0,0,0,0,0.045257568359375,-0.004302978515625,-2.2607725e-07,19.999996,-4.165142e-11,2.2607715e-07,-19.999996,-19.999996,-19.999996,-2.2607725e-07,Object notstarted,Object notstarted,Object notstarted,Object notstarted,Object notstarted,Object notstarted,Object notstarted,Object notstarted,Object notstarted
2024-03-18 10:34:32,123.123,__main___datalogs,INFO,JoyConState.NORMAL,-6.587500,10.362500,-165.710000,0.059506,-0.002289,0.018310,0.025176,0.000000,0.000000,0.000000,0.000000,0,0,0,0,0,0,0,0,0,0,0,0.045257568359375,-0.004302978515625,-2.2607725e-07,19.999996,-4.165142e-11,2.2607715e-07,-19.999996,-19.999996,-19.999996,-2.2607725e-07,Object notstarted,Object notstarted,Object notstarted,Object notstarted,Object notstarted,Object notstarted,Object notstarted,Object notstarted,Object notstarted
2024-03-18 10:34:32,178.178,__main___datalogs,INFO,JoyConState.NORMAL,-6.587500,10.362500,-165.710000,0.050351,0.002289,0.011443,0.025176,0.000000,0.000000,0.000000,0.000000,0,0,0,0,0,0,0,0,0,0,0,0.045257568359375,-0.004302978515625,-2.2607725e-07,19.999996,-4.165142e-11,2.2607715e-07,-19.999996,-19.999996,-19.999996,-2.2607725e-07,Object notstarted,Object notstarted,Object notstarted,Object notstarted,Object notstarted,Object notstarted,Object notstarted,Object notstarted,Object notstarted
2024-03-18 10:34:32,234.234,__main___datalogs,INFO,JoyConState.NORMAL,-6.587500,10.362500,-165.710000,0.036619,0.002289,0.004577,0.020598,0.000000,0.000000,0.000000,0.000000,0,0,0,0,0,0,0,0,0,0,0,0.045257568359375,-0.004302978515625,-2.2607725e-07,19.999996,-4.165142e-11,2.2607715e-07,-19.999996,-19.999996,-19.999996,-2.2607725e-07,Object notstarted,Object notstarted,Object notstarted,Object notstarted,Object notstarted,Object notstarted,Object notstarted,Object notstarted,Object notstarted
2024-03-18 10:34:32,290.290,__main___datalogs,INFO,JoyConState.NORMAL,-6.587500,10.362500,-165.710000,0.029753,0.002289,0.004577,0.020598,0.000000,0.000000,0.000000,0.000000,0,0,0,0,0,0,0,0,0,0,0,0.045257568359375,-0.004302978515625,-2.2607725e-07,19.999996,-4.165142e-11,2.2607715e-07,-19.999996,-19.999996,-19.999996,-2.2607725e-07,Object notstarted,Object notstarted,Object notstarted,Object notstarted,Object notstarted,Object notstarted,Object notstarted,Object notstarted,Object notstarted
2024-03-18 10:34:32,347.347,__main___datalogs,INFO,JoyConState.NORMAL,-6.587500,10.362500,-165.710000,0.102991,0.006866,0.004577,0.020598,0.000000,0.000000,0.000000,0.000000,0,0,0,0,0,0,0,0,0,0,0,0.045257568359375,-0.004302978515625,-2.2607725e-07,19.999996,-4.165142e-11,2.2607715e-07,-19.999996,-19.999996,-19.999996,-2.2607725e-07,Object notstarted,Object notstarted,Object notstarted,Object notstarted,Object notstarted,Object notstarted,Object notstarted,Object notstarted,Object notstarted
2024-03-18 10:34:32,402.402,__main___datalogs,INFO,JoyConState.NORMAL,-6.587500,10.362500,-165.710000,0.125877,0.002289,0.004577,0.025176,0.000000,0.000000,0.000000,0.000000,0,0,0,0,0,0,0,0,0,0,0,0.045257568359375,-0.004302978515625,-2.2607725e-07,19.999996,-4.165142e-11,2.2607715e-07,-19.999996,-19.999996,-19.999996,-2.2607725e-07,Object notstarted,Object notstarted,Object notstarted,Object notstarted,Object notstarted,Object notstarted,Object notstarted,Object notstarted,Object notstarted
2024-03-18 10:34:32,458.458,__main___datalogs,INFO,JoyConState.NORMAL,-6.587500,10.362500,-165.710000,0.137321,0.006866,0.004577,0.025176,0.000000,0.000000,0.000000,0.000000,0,0,0,0,0,0,0,0,0,0,0,0.045257568359375,-0.004302978515625,-2.2607725e-07,19.999996,-4.165142e-11,2.2607715e-07,-19.999996,-19.999996,-19.999996,-2.2607725e-07,Object notstarted,Object notstarted,Object notstarted,Object notstarted,Object notstarted,Object notstarted,Object notstarted,Object notstarted,Object notstarted
2024-03-18 10:34:32,513.513,__main___datalogs,INFO,JoyConState.NORMAL,-6.587500,10.362500,-165.710000,0.144187,0.006866,0.004577,0.025176,0.000000,0.000000,0.000000,0.000000,0,0,0,0,0,0,0,0,0,0,0,0.045257568359375,-0.004302978515625,-2.2607725e-07,19.999996,-4.165142e-11,2.2607715e-07,-19.999996,-19.999996,-19.999996,-2.2607725e-07,Object notstarted,Object notstarted,Object notstarted,Object notstarted,Object notstarted,Object notstarted,Object notstarted,Object notstarted,Object notstarted
2024-03-18 10:34:32,571.571,__main___datalogs,INFO,JoyConState.NORMAL,-6.587500,10.362500,-165.710000,0.148764,0.006866,0.004577,0.020598,0.000000,0.000000,0.000000,0.000000,0,0,0,0,0,0,0,0,0,0,0,0.045257568359375,-0.004302978515625,-2.2607725e-07,19.999996,-4.165142e-11,2.2607715e-07,-19.999996,-19.999996,-19.999996,-2.2607725e-07,Object notstarted,Object notstarted,Object notstarted,Object notstarted,Object notstarted,Object notstarted,Object notstarted,Object notstarted,Object notstarted
2024-03-18 10:34:32,626.626,__main___datalogs,INFO,JoyConState.NORMAL,-6.587500,10.362500,-165.710000,0.144187,0.002289,0.004577,0.025176,0.000000,0.000000,0.000000,0.000000,0,0,0,0,0,0,0,0,0,0,0,0.045257568359375,-0.004302978515625,-2.2607725e-07,19.999996,-4.165142e-11,2.2607715e-07,-19.999996,-19.999996,-19.999996,-2.2607725e-07,Object notstarted,Object notstarted,Object notstarted,Object notstarted,Object notstarted,Object notstarted,Object notstarted,Object notstarted,Object notstarted
2024-03-18 10:34:32,683.683,__main___datalogs,INFO,JoyConState.NORMAL,-6.587500,10.362500,-165.710000,0.119011,0.006866,0.011443,0.025176,0.000000,0.000000,0.000000,0.000000,0,0,0,0,0,0,0,0,0,0,0,0.045257568359375,-0.004302978515625,-2.2607725e-07,19.999996,-4.165142e-11,2.2607715e-07,-19.999996,-19.999996,-19.999996,-2.2607725e-07,Object notstarted,Object notstarted,Object notstarted,Object notstarted,Object notstarted,Object notstarted,Object notstarted,Object notstarted,Object notstarted
2024-03-18 10:34:32,738.738,__main___datalogs,INFO,JoyConState.NORMAL,-6.587500,10.362500,-165.710000,0.084681,0.006866,0.004577,0.025176,0.000000,0.000000,0.000000,0.000000,0,0,0,0,0,0,0,0,0,0,0,0.045257568359375,-0.004302978515625,-2.2607725e-07,19.999996,-4.165142e-11,2.2607715e-07,-19.999996,-19.999996,-19.999996,-2.2607725e-07,Object notstarted,Object notstarted,Object notstarted,Object notstarted,Object notstarted,Object notstarted,Object notstarted,Object notstarted,Object notstarted
2024-03-18 10:34:32,811.811,__main___datalogs,INFO,JoyConState.NORMAL,-6.587500,10.362500,-165.710000,0.006866,0.002289,0.004577,0.025176,0.000000,0.000000,0.000000,0.000000,0,0,0,0,0,0,0,0,0,0,0,0.045257568359375,-0.004302978515625,-2.2607725e-07,19.999996,-4.165142e-11,2.2607715e-07,-19.999996,-19.999996,-19.999996,-2.2607725e-07,Object notstarted,Object notstarted,Object notstarted,Object notstarted,Object notstarted,Object notstarted,Object notstarted,Object notstarted,Object notstarted
2024-03-18 10:34:32,890.890,__main___datalogs,INFO,JoyConState.NORMAL,-6.587500,10.362500,-165.710000,0.096125,0.002289,0.004577,0.025176,0.000000,0.000000,0.000000,0.000000,0,0,0,0,0,0,0,0,0,0,0,0.045257568359375,-0.004302978515625,-2.2607725e-07,19.999996,-4.165142e-11,2.2607715e-07,-19.999996,-19.999996,-19.999996,-2.2607725e-07,Object notstarted,Object notstarted,Object notstarted,Object notstarted,Object notstarted,Object notstarted,Object notstarted,Object notstarted,Object notstarted
2024-03-18 10:34:32,946.946,__main___datalogs,INFO,JoyConState.NORMAL,-6.587500,10.362500,-165.710000,0.157919,0.002289,0.004577,0.025176,0.000000,0.000000,0.000000,0.000000,0,0,0,0,0,0,0,0,0,0,0,0.045257568359375,-0.004302978515625,-2.2607725e-07,19.999996,-4.165142e-11,2.2607715e-07,-19.999996,-19.999996,-19.999996,-2.2607725e-07,Object notstarted,Object notstarted,Object notstarted,Object notstarted,Object notstarted,Object notstarted,Object notstarted,Object notstarted,Object notstarted
2024-03-18 10:34:33,002.002,__main___datalogs,INFO,JoyConState.NORMAL,-6.587500,10.362500,-165.710000,0.107568,0.006866,0.011443,0.025176,0.000000,0.000000,0.000000,0.000000,0,0,0,0,0,0,0,0,0,1,0,0.045257568359375,-0.004302978515625,-2.2607725e-07,19.999996,-4.165142e-11,2.2607715e-07,-19.999996,-19.999996,-19.999996,-2.2607725e-07,Object notstarted,Object notstarted,Object notstarted,Object notstarted,Object notstarted,Object notstarted,Object notstarted,Object notstarted,Object notstarted
2024-03-18 10:34:33,074.074,__main___datalogs,INFO,JoyConState.NORMAL,-6.587500,10.362500,-165.695000,0.000000,0.002289,0.011443,0.020598,0.000000,0.000000,0.000000,0.000000,0,0,0,0,0,0,0,0,0,1,0,0.045257568359375,-0.004302978515625,-2.2607725e-07,19.999996,-4.165142e-11,2.2607715e-07,-19.999996,-19.999996,-19.999996,-2.2607725e-07,Object notstarted,Object notstarted,Object notstarted,Object notstarted,Object notstarted,Object notstarted,Object notstarted,Object notstarted,Object notstarted
2024-03-18 10:34:33,146.146,__main___datalogs,INFO,JoyConState.NORMAL,-6.587500,10.362500,-165.295000,0.000000,-0.002289,0.013732,0.025176,0.000000,0.000000,0.000000,0.000000,0,0,0,0,0,0,0,0,0,1,0,0.045257568359375,-0.004302978515625,-2.2607725e-07,19.999996,-4.165142e-11,2.2607715e-07,-19.999996,-19.999996,-19.999996,-2.2607725e-07,Object notstarted,Object notstarted,Object notstarted,Object notstarted,Object notstarted,Object notstarted,Object notstarted,Object notstarted,Object notstarted
2024-03-18 10:34:33,196.196,__main___datalogs,INFO,JoyConState.NORMAL,-6.587500,10.362500,-164.372500,-0.006866,-0.002289,0.013732,0.025176,0.000000,0.000000,0.000000,0.000000,0,0,0,0,0,0,0,0,0,1,0,0.045257568359375,-0.004302978515625,-2.2607725e-07,19.999996,-4.165142e-11,2.2607715e-07,-19.999996,-19.999996,-19.999996,-2.2607725e-07,Object notstarted,Object notstarted,Object notstarted,Object notstarted,Object notstarted,Object notstarted,Object notstarted,Object notstarted,Object notstarted
2024-03-18 10:34:33,239.239,__main___datalogs,INFO,JoyConState.NORMAL,-6.587500,10.362500,-163.442500,0.080104,0.002289,0.011443,0.025176,0.000000,0.000000,0.000000,0.000000,0,0,0,0,0,0,0,0,0,1,0,0.045257568359375,-0.004302978515625,-2.2607725e-07,19.999996,-4.165142e-11,2.2607715e-07,-19.999996,-19.999996,-19.999996,-2.2607725e-07,Object notstarted,Object notstarted,Object notstarted,Object notstarted,Object notstarted,Object notstarted,Object notstarted,Object notstarted,Object notstarted
2024-03-18 10:34:33,284.284,__main___datalogs,INFO,JoyConState.NORMAL,-6.587500,10.362500,-162.445000,0.096125,0.002289,0.011443,0.020598,0.000000,0.000000,0.000000,0.000000,0,0,0,0,0,0,0,0,0,1,0,0.045257568359375,-0.004302978515625,-2.2607725e-07,19.999996,-4.165142e-11,2.2607715e-07,-19.999996,-19.999996,-19.999996,-2.2607725e-07,Object notstarted,Object notstarted,Object notstarted,Object notstarted,Object notstarted,Object notstarted,Object notstarted,Object notstarted,Object notstarted
2024-03-18 10:34:33,329.329,__main___datalogs,INFO,JoyConState.NORMAL,-6.587500,10.362500,-161.547500,0.119011,0.006866,0.013732,0.025176,0.000000,0.000000,0.000000,0.000000,0,0,0,0,0,0,0,0,0,1,0,0.045257568359375,-0.004302978515625,-2.2607725e-07,19.999996,-4.165142e-11,2.2607715e-07,-19.999996,-19.999996,-19.999996,-2.2607725e-07,Object notstarted,Object notstarted,Object notstarted,Object notstarted,Object notstarted,Object notstarted,Object notstarted,Object notstarted,Object notstarted
2024-03-18 10:34:33,371.371,__main___datalogs,INFO,JoyConState.NORMAL,-6.587500,10.362500,-160.850000,0.137321,0.006866,0.011443,0.025176,0.000000,0.000000,0.000000,0.000000,0,0,0,0,0,0,0,0,0,1,0,0.045257568359375,-0.004302978515625,-2.2607725e-07,19.999996,-4.165142e-11,2.2607715e-07,-19.999996,-19.999996,-19.999996,-2.2607725e-07,Object notstarted,Object notstarted,Object notstarted,Object notstarted,Object notstarted,Object notstarted,Object notstarted,Object notstarted,Object notstarted
2024-03-18 10:34:33,416.416,__main___datalogs,INFO,JoyConState.NORMAL,-6.587500,10.362500,-160.365000,0.139610,0.002289,0.004577,0.025176,0.000000,0.000000,0.000000,0.000000,0,0,0,0,0,0,0,0,0,1,0,0.045257568359375,-0.004302978515625,-2.2607725e-07,19.999996,-4.165142e-11,2.2607715e-07,-19.999996,-19.999996,-19.999996,-2.2607725e-07,Object notstarted,Object notstarted,Object notstarted,Object notstarted,Object notstarted,Object notstarted,Object notstarted,Object notstarted,Object notstarted
2024-03-18 10:34:33,456.456,__main___datalogs,INFO,JoyConState.NORMAL,-6.587500,10.362500,-160.047500,0.006866,0.006866,0.011443,0.025176,0.000000,0.000000,0.000000,0.000000,0,0,0,0,0,0,0,0,0,1,0,0.045257568359375,-0.004302978515625,-2.2607725e-07,19.999996,-4.165142e-11,2.2607715e-07,-19.999996,-19.999996,-19.999996,-2.2607725e-07,Object notstarted,Object notstarted,Object notstarted,Object notstarted,Object notstarted,Object notstarted,Object notstarted,Object notstarted,Object notstarted
2024-03-18 10:34:33,512.512,__main___datalogs,INFO,JoyConState.NORMAL,-6.587500,10.362500,-159.930000,0.011443,0.006866,0.018310,0.025176,0.000000,0.000000,0.000000,0.000000,0,0,0,0,0,0,0,0,0,1,0,0.045257568359375,-0.004302978515625,-2.2607725e-07,19.999996,-4.165142e-11,2.2607715e-07,-19.999996,-19.999996,-19.999996,-2.2607725e-07,Object notstarted,Object notstarted,Object notstarted,Object notstarted,Object notstarted,Object notstarted,Object notstarted,Object notstarted,Object notstarted
2024-03-18 10:34:33,556.556,__main___datalogs,INFO,JoyConState.NORMAL,-6.587500,10.362500,-159.682500,0.068660,0.002289,0.011443,0.025176,0.000000,0.000000,0.000000,0.000000,0,0,0,0,0,0,0,0,0,1,0,0.045257568359375,-0.004302978515625,-2.2607725e-07,19.999996,-4.165142e-11,2.2607715e-07,-19.999996,-19.999996,-19.999996,-2.2607725e-07,Object notstarted,Object notstarted,Object notstarted,Object notstarted,Object notstarted,Object notstarted,Object notstarted,Object notstarted,Object notstarted
2024-03-18 10:34:33,601.601,__main___datalogs,INFO,JoyConState.NORMAL,-6.587500,10.362500,-159.267500,0.059506,0.002289,0.004577,0.025176,0.000000,0.000000,0.000000,0.000000,0,0,0,0,0,0,0,0,0,1,0,0.045257568359375,-0.004302978515625,-2.2607725e-07,19.999996,-4.165142e-11,2.2607715e-07,-19.999996,-19.999996,-19.999996,-2.2607725e-07,Object notstarted,Object notstarted,Object notstarted,Object notstarted,Object notstarted,Object notstarted,Object notstarted,Object notstarted,Object notstarted
2024-03-18 10:34:33,645.645,__main___datalogs,INFO,JoyConState.NORMAL,-6.587500,10.362500,-158.637500,0.034330,0.009155,0.011443,0.020598,0.000000,0.000000,0.000000,0.000000,0,0,0,0,0,0,0,0,0,1,0,0.045257568359375,-0.004302978515625,-2.2607725e-07,19.999996,-4.165142e-11,2.2607715e-07,-19.999996,-19.999996,-19.999996,-2.2607725e-07,Object notstarted,Object notstarted,Object notstarted,Object notstarted,Object notstarted,Object notstarted,Object notstarted,Object notstarted,Object notstarted
2024-03-18 10:34:33,689.689,__main___datalogs,INFO,JoyConState.NORMAL,-6.587500,10.362500,-157.855000,-0.013732,0.006866,0.011443,0.025176,0.000000,0.000000,0.000000,0.000000,0,0,0,0,0,0,0,0,0,1,0,0.045257568359375,-0.004302978515625,-2.2607725e-07,19.999996,-4.165142e-11,2.2607715e-07,-19.999996,-19.999996,-19.999996,-2.2607725e-07,Object notstarted,Object notstarted,Object notstarted,Object notstarted,Object notstarted,Object notstarted,Object notstarted,Object notstarted,Object notstarted
2024-03-18 10:34:33,733.733,__main___datalogs,INFO,JoyConState.NORMAL,-6.587500,10.362500,-156.830000,-0.006866,0.009155,0.011443,0.027464,0.000000,0.000000,0.000000,0.000000,0,0,0,0,0,0,0,0,0,1,0,0.045257568359375,-0.004302978515625,-2.2607725e-07,19.999996,-4.165142e-11,2.2607715e-07,-19.999996,-19.999996,-19.999996,-2.2607725e-07,Object notstarted,Object notstarted,Object notstarted,Object notstarted,Object notstarted,Object notstarted,Object notstarted,Object notstarted,Object notstarted
2024-03-18 10:34:33,778.778,__main___datalogs,INFO,JoyConState.NORMAL,-6.587500,10.362500,-155.645000,0.050351,-0.002289,0.011443,0.027464,0.000000,0.000000,0.000000,0.000000,0,0,0,0,0,0,0,0,0,1,0,0.045257568359375,-0.004302978515625,-2.2607725e-07,19.999996,-4.165142e-11,2.2607715e-07,-19.999996,-19.999996,-19.999996,-2.2607725e-07,Object notstarted,Object notstarted,Object notstarted,Object notstarted,Object notstarted,Object notstarted,Object notstarted,Object notstarted,Object notstarted
2024-03-18 10:34:33,822.822,__main___datalogs,INFO,JoyConState.NORMAL,-6.587500,10.362500,-154.250000,0.121300,0.002289,0.004577,0.025176,0.000000,0.000000,0.000000,0.000000,0,0,0,0,0,0,0,0,0,1,0,0.045257568359375,-0.004302978515625,-2.2607725e-07,19.999996,-4.165142e-11,2.2607715e-07,-19.999996,-19.999996,-19.999996,-2.2607725e-07,Object notstarted,Object notstarted,Object notstarted,Object notstarted,Object notstarted,Object notstarted,Object notstarted,Object notstarted,Object notstarted
2024-03-18 10:34:33,894.894,__main___datalogs,INFO,JoyConState.NORMAL,-6.587500,10.362500,-152.705000,0.109857,0.002289,0.011443,0.025176,0.000000,0.000000,0.000000,0.000000,0,0,0,0,0,0,0,0,0,1,0,0.045257568359375,-0.004302978515625,-2.2607725e-07,19.999996,-4.165142e-11,2.2607715e-07,-19.999996,-19.999996,-19.999996,-2.2607725e-07,Object notstarted,Object notstarted,Object notstarted,Object notstarted,Object notstarted,Object notstarted,Object notstarted,Object notstarted,Object notstarted
2024-03-18 10:34:33,965.965,__main___datalogs,INFO,JoyConState.NORMAL,-6.587500,10.362500,-149.580000,-0.018309,-0.002289,0.011443,0.020598,0.000000,0.000000,0.000000,0.000000,0,0,0,0,0,0,0,0,0,1,0,0.045257568359375,-0.004302978515625,-2.2607725e-07,19.999996,-4.165142e-11,2.2607715e-07,-19.999996,-19.999996,-19.999996,-2.2607725e-07,Object notstarted,Object notstarted,Object notstarted,Object notstarted,Object notstarted,Object notstarted,Object notstarted,Object notstarted,Object notstarted
2024-03-18 10:34:34,025.025,__main___datalogs,INFO,JoyConState.NORMAL,-6.587500,10.362500,-147.200000,0.066372,0.006866,0.011443,0.020598,0.000000,0.000000,0.000000,0.000000,0,0,0,0,0,0,0,0,0,0,0,0.045257568359375,-0.004302978515625,-2.2607725e-07,19.999996,-4.165142e-11,2.2607715e-07,-19.999996,-19.999996,-19.999996,-2.2607725e-07,Object notstarted,Object notstarted,Object notstarted,Object notstarted,Object notstarted,Object notstarted,Object notstarted,Object notstarted,Object notstarted
2024-03-18 10:34:34,068.068,__main___datalogs,INFO,JoyConState.NORMAL,-6.587500,10.362500,-145.630000,0.054928,0.002289,0.011443,0.025176,0.000000,0.000000,0.000000,0.000000,0,0,0,0,0,0,0,0,0,0,0,0.045257568359375,-0.004302978515625,-2.2607725e-07,19.999996,-4.165142e-11,2.2607715e-07,-19.999996,-19.999996,-19.999996,-2.2607725e-07,Object notstarted,Object notstarted,Object notstarted,Object notstarted,Object notstarted,Object notstarted,Object notstarted,Object notstarted,Object notstarted
2024-03-18 10:34:34,125.125,__main___datalogs,INFO,JoyConState.NORMAL,-6.587500,10.362500,-144.140000,0.107568,0.002289,0.004577,0.025176,0.000000,0.000000,0.000000,0.000000,0,0,0,0,0,0,0,0,0,0,0,0.045257568359375,-0.004302978515625,-2.2607725e-07,19.999996,-4.165142e-11,2.2607715e-07,-19.999996,-19.999996,-19.999996,-2.2607725e-07,Object notstarted,Object notstarted,Object notstarted,Object notstarted,Object notstarted,Object notstarted,Object notstarted,Object notstarted,Object notstarted
2024-03-18 10:34:34,170.170,__main___datalogs,INFO,JoyConState.NORMAL,-6.587500,10.362500,-142.170000,0.107568,0.002289,0.004577,0.020598,0.000000,0.000000,0.000000,0.000000,0,0,0,0,0,0,0,0,0,0,0,0.045257568359375,-0.004302978515625,-2.2607725e-07,19.999996,-4.165142e-11,2.2607715e-07,-19.999996,-19.999996,-19.999996,-2.2607725e-07,Object notstarted,Object notstarted,Object notstarted,Object notstarted,Object notstarted,Object notstarted,Object notstarted,Object notstarted,Object notstarted
2024-03-18 10:34:34,216.216,__main___datalogs,INFO,JoyConState.NORMAL,-6.587500,10.362500,-140.585000,0.089258,0.002289,0.002289,0.020598,0.000000,0.000000,0.000000,0.000000,0,0,0,0,0,0,0,0,0,0,0,0.045257568359375,-0.004302978515625,-2.2607725e-07,19.999996,-4.165142e-11,2.2607715e-07,-19.999996,-19.999996,-19.999996,-2.2607725e-07,Object notstarted,Object notstarted,Object notstarted,Object notstarted,Object notstarted,Object notstarted,Object notstarted,Object notstarted,Object notstarted
2024-03-18 10:34:34,258.258,__main___datalogs,INFO,JoyConState.NORMAL,-6.587500,10.362500,-138.995000,-0.022887,0.006866,0.011443,0.025176,0.000000,0.000000,0.000000,0.000000,0,0,0,0,0,0,0,0,0,0,0,0.045257568359375,-0.004302978515625,-2.2607725e-07,19.999996,-4.165142e-11,2.2607715e-07,-19.999996,-19.999996,-19.999996,-2.2607725e-07,Object notstarted,Object notstarted,Object notstarted,Object notstarted,Object notstarted,Object notstarted,Object notstarted,Object notstarted,Object notstarted
2024-03-18 10:34:34,302.302,__main___datalogs,INFO,JoyConState.NORMAL,-6.587500,10.362500,-137.505000,0.102991,0.006866,0.011443,0.025176,0.000000,0.000000,0.000000,0.000000,0,0,0,0,0,0,0,0,0,0,0,0.045257568359375,-0.004302978515625,-2.2607725e-07,19.999996,-4.165142e-11,2.2607715e-07,-19.999996,-19.999996,-19.999996,-2.2607725e-07,Object notstarted,Object notstarted,Object notstarted,Object notstarted,Object notstarted,Object notstarted,Object notstarted,Object notstarted,Object notstarted
2024-03-18 10:34:34,359.359,__main___datalogs,INFO,JoyConState.NORMAL,-6.587500,10.362500,-135.965000,0.034330,0.006866,0.011443,0.020598,0.000000,0.000000,0.000000,0.000000,0,0,0,0,0,0,0,0,0,0,0,0.045257568359375,-0.004302978515625,-2.2607725e-07,19.999996,-4.165142e-11,2.2607715e-07,-19.999996,-19.999996,-19.999996,-2.2607725e-07,Object notstarted,Object notstarted,Object notstarted,Object notstarted,Object notstarted,Object notstarted,Object notstarted,Object notstarted,Object notstarted
2024-03-18 10:34:34,416.416,__main___datalogs,INFO,JoyConState.NORMAL,-6.587500,10.362500,-133.980000,0.102991,0.006866,0.011443,0.025176,0.000000,0.000000,0.000000,0.000000,0,0,0,0,0,0,0,0,0,0,0,0.045257568359375,-0.004302978515625,-2.2607725e-07,19.999996,-4.165142e-11,2.2607715e-07,-19.999996,-19.999996,-19.999996,-2.2607725e-07,Object notstarted,Object notstarted,Object notstarted,Object notstarted,Object notstarted,Object notstarted,Object notstarted,Object notstarted,Object notstarted
2024-03-18 10:34:34,474.474,__main___datalogs,INFO,JoyConState.NORMAL,-6.587500,10.362500,-131.985000,0.091547,0.006866,0.013732,0.025176,0.000000,0.000000,0.000000,0.000000,0,0,0,0,0,0,0,0,0,0,0,0.045257568359375,-0.004302978515625,-2.2607725e-07,19.999996,-4.165142e-11,2.2607715e-07,-19.999996,-19.999996,-19.999996,-2.2607725e-07,Object notstarted,Object notstarted,Object notstarted,Object notstarted,Object notstarted,Object notstarted,Object notstarted,Object notstarted,Object notstarted
2024-03-18 10:34:34,531.531,__main___datalogs,INFO,JoyConState.NORMAL,-6.587500,10.362500,-130.265000,0.059506,0.002289,0.018310,0.020598,0.000000,0.000000,0.000000,0.000000,0,0,0,0,0,0,0,0,0,0,0,0.045257568359375,-0.004302978515625,-2.2607725e-07,19.999996,-4.165142e-11,2.2607715e-07,-19.999996,-19.999996,-19.999996,-2.2607725e-07,Object notstarted,Object notstarted,Object notstarted,Object notstarted,Object notstarted,Object notstarted,Object notstarted,Object notstarted,Object notstarted
2024-03-18 10:34:34,589.589,__main___datalogs,INFO,JoyConState.NORMAL,-6.587500,10.362500,-128.827500,0.102991,0.006866,0.011443,0.020598,0.000000,0.000000,0.000000,0.000000,0,0,0,0,0,0,0,0,0,0,0,0.045257568359375,-0.004302978515625,-2.2607725e-07,19.999996,-4.165142e-11,2.2607715e-07,-19.999996,-19.999996,-19.999996,-2.2607725e-07,Object notstarted,Object notstarted,Object notstarted,Object notstarted,Object notstarted,Object notstarted,Object notstarted,Object notstarted,Object notstarted
2024-03-18 10:34:34,644.644,__main___datalogs,INFO,JoyConState.NORMAL,-6.587500,10.362500,-127.765000,0.096125,0.006866,0.011443,0.025176,0.000000,0.000000,0.000000,0.000000,0,0,0,0,0,0,0,0,0,0,0,0.045257568359375,-0.004302978515625,-2.2607725e-07,19.999996,-4.165142e-11,2.2607715e-07,-19.999996,-19.999996,-19.999996,-2.2607725e-07,Object notstarted,Object notstarted,Object notstarted,Object notstarted,Object notstarted,Object notstarted,Object notstarted,Object notstarted,Object notstarted
2024-03-18 10:34:34,700.700,__main___datalogs,INFO,JoyConState.NORMAL,-6.587500,10.362500,-127.005000,0.102991,0.006866,0.011443,0.020598,0.000000,0.000000,0.000000,0.000000,0,0,0,0,0,0,0,0,0,0,0,0.045257568359375,-0.004302978515625,-2.2607725e-07,19.999996,-4.165142e-11,2.2607715e-07,-19.999996,-19.999996,-19.999996,-2.2607725e-07,Object notstarted,Object notstarted,Object notstarted,Object notstarted,Object notstarted,Object notstarted,Object notstarted,Object notstarted,Object notstarted
2024-03-18 10:34:34,755.755,__main___datalogs,INFO,JoyConState.NORMAL,-6.587500,10.362500,-126.565000,0.098413,0.006866,0.011443,0.020598,0.000000,0.000000,0.000000,0.000000,0,0,0,0,0,0,0,0,0,0,0,0.045257568359375,-0.004302978515625,-2.2607725e-07,19.999996,-4.165142e-11,2.2607715e-07,-19.999996,-19.999996,-19.999996,-2.2607725e-07,Object notstarted,Object notstarted,Object notstarted,Object notstarted,Object notstarted,Object notstarted,Object notstarted,Object notstarted,Object notstarted
2024-03-18 10:34:34,812.812,__main___datalogs,INFO,JoyConState.NORMAL,-6.587500,10.362500,-126.440000,0.102991,0.002289,0.011443,0.025176,0.000000,0.000000,0.000000,0.000000,0,0,0,0,0,0,0,0,0,0,0,0.045257568359375,-0.004302978515625,-2.2607725e-07,19.999996,-4.165142e-11,2.2607715e-07,-19.999996,-19.999996,-19.999996,-2.2607725e-07,Object notstarted,Object notstarted,Object notstarted,Object notstarted,Object notstarted,Object notstarted,Object notstarted,Object notstarted,Object notstarted
2024-03-18 10:34:34,868.868,__main___datalogs,INFO,JoyConState.NORMAL,-6.587500,10.362500,-126.440000,0.096125,0.006866,0.011443,0.020598,0.000000,0.000000,0.000000,0.000000,0,0,0,0,0,0,0,0,0,0,0,0.045257568359375,-0.004302978515625,-2.2607725e-07,19.999996,-4.165142e-11,2.2607715e-07,-19.999996,-19.999996,-19.999996,-2.2607725e-07,Object notstarted,Object notstarted,Object notstarted,Object notstarted,Object notstarted,Object notstarted,Object notstarted,Object notstarted,Object notstarted
2024-03-18 10:34:34,924.924,__main___datalogs,INFO,JoyConState.NORMAL,-6.587500,10.362500,-126.440000,0.102991,0.006866,0.011443,0.025176,0.000000,0.000000,0.000000,0.000000,0,0,0,0,0,0,0,0,0,0,0,0.045257568359375,-0.004302978515625,-2.2607725e-07,19.999996,-4.165142e-11,2.2607715e-07,-19.999996,-19.999996,-19.999996,-2.2607725e-07,Object notstarted,Object notstarted,Object notstarted,Object notstarted,Object notstarted,Object notstarted,Object notstarted,Object notstarted,Object notstarted
2024-03-18 10:34:34,995.995,__main___datalogs,INFO,JoyConState.NORMAL,-6.587500,10.362500,-126.440000,0.098413,-0.002289,0.013732,0.025176,0.000000,0.000000,0.000000,0.000000,0,0,0,0,0,0,0,0,0,0,0,0.045257568359375,-0.004302978515625,-2.2607725e-07,19.999996,-4.165142e-11,2.2607715e-07,-19.999996,-19.999996,-19.999996,-2.2607725e-07,Object notstarted,Object notstarted,Object notstarted,Object notstarted,Object notstarted,Object notstarted,Object notstarted,Object notstarted,Object notstarted
2024-03-18 10:34:35,064.064,__main___datalogs,INFO,JoyConState.NORMAL,-6.587500,10.362500,-126.440000,0.098413,0.002289,0.011443,0.025176,0.000000,0.000000,0.000000,0.000000,0,0,0,0,0,0,0,0,0,0,0,0.045257568359375,-0.004302978515625,-2.2607725e-07,19.999996,-4.165142e-11,2.2607715e-07,-19.999996,-19.999996,-19.999996,-2.2607725e-07,Object notstarted,Object notstarted,Object notstarted,Object notstarted,Object notstarted,Object notstarted,Object notstarted,Object notstarted,Object notstarted
2024-03-18 10:34:35,120.120,__main___datalogs,INFO,JoyConState.NORMAL,-6.587500,10.362500,-126.440000,0.096125,0.006866,0.004577,0.025176,0.000000,0.000000,0.000000,0.000000,0,0,0,0,0,0,0,0,0,0,0,0.045257568359375,-0.004302978515625,-2.2607725e-07,19.999996,-4.165142e-11,2.2607715e-07,-19.999996,-19.999996,-19.999996,-2.2607725e-07,Object notstarted,Object notstarted,Object notstarted,Object notstarted,Object notstarted,Object notstarted,Object notstarted,Object notstarted,Object notstarted
2024-03-18 10:34:35,176.176,__main___datalogs,INFO,JoyConState.NORMAL,-6.587500,10.362500,-126.440000,0.096125,0.006866,0.004577,0.025176,0.000000,0.000000,0.000000,0.000000,0,0,0,0,0,0,0,0,0,0,0,0.045257568359375,-0.004302978515625,-2.2607725e-07,19.999996,-4.165142e-11,2.2607715e-07,-19.999996,-19.999996,-19.999996,-2.2607725e-07,Object notstarted,Object notstarted,Object notstarted,Object notstarted,Object notstarted,Object notstarted,Object notstarted,Object notstarted,Object notstarted
2024-03-18 10:34:35,232.232,__main___datalogs,INFO,JoyConState.NORMAL,-6.587500,10.362500,-126.440000,0.061794,0.006866,0.011443,0.025176,0.000000,0.000000,0.000000,0.000000,0,0,0,0,0,0,0,0,0,0,0,0.045257568359375,-0.004302978515625,-2.2607725e-07,19.999996,-4.165142e-11,2.2607715e-07,-19.999996,-19.999996,-19.999996,-2.2607725e-07,Object notstarted,Object notstarted,Object notstarted,Object notstarted,Object notstarted,Object notstarted,Object notstarted,Object notstarted,Object notstarted
2024-03-18 10:34:35,288.288,__main___datalogs,INFO,JoyConState.NORMAL,-6.587500,10.362500,-126.440000,0.098413,0.002289,0.004577,0.025176,0.000000,0.000000,0.000000,0.000000,0,0,0,0,0,0,0,0,0,0,0,0.045257568359375,-0.004302978515625,-2.2607725e-07,19.999996,-4.165142e-11,2.2607715e-07,-19.999996,-19.999996,-19.999996,-2.2607725e-07,Object notstarted,Object notstarted,Object notstarted,Object notstarted,Object notstarted,Object notstarted,Object notstarted,Object notstarted,Object notstarted
2024-03-18 10:34:35,343.343,__main___datalogs,INFO,JoyConState.NORMAL,-6.587500,10.362500,-126.440000,0.102991,0.002289,0.013732,0.025176,0.000000,0.000000,0.000000,0.000000,0,0,0,0,0,0,0,0,0,0,0,0.045257568359375,-0.004302978515625,-2.2607725e-07,19.999996,-4.165142e-11,2.2607715e-07,-19.999996,-19.999996,-19.999996,-2.2607725e-07,Object notstarted,Object notstarted,Object notstarted,Object notstarted,Object notstarted,Object notstarted,Object notstarted,Object notstarted,Object notstarted
2024-03-18 10:34:35,400.400,__main___datalogs,INFO,JoyConState.NORMAL,-6.587500,10.362500,-126.440000,0.102991,0.002289,0.013732,0.025176,0.000000,0.000000,0.000000,0.000000,0,0,0,0,0,0,0,0,0,0,0,0.045257568359375,-0.004302978515625,-2.2607725e-07,19.999996,-4.165142e-11,2.2607715e-07,-19.999996,-19.999996,-19.999996,-2.2607725e-07,Object notstarted,Object notstarted,Object notstarted,Object notstarted,Object notstarted,Object notstarted,Object notstarted,Object notstarted,Object notstarted
2024-03-18 10:34:35,456.456,__main___datalogs,INFO,JoyConState.NORMAL,-6.587500,10.362500,-126.440000,0.098413,0.002289,0.011443,0.025176,0.000000,0.000000,0.000000,0.000000,0,0,0,0,0,0,0,0,0,0,0,0.045257568359375,-0.004302978515625,-2.2607725e-07,19.999996,-4.165142e-11,2.2607715e-07,-19.999996,-19.999996,-19.999996,-2.2607725e-07,Object notstarted,Object notstarted,Object notstarted,Object notstarted,Object notstarted,Object notstarted,Object notstarted,Object notstarted,Object notstarted
2024-03-18 10:34:35,511.511,__main___datalogs,INFO,JoyConState.NORMAL,-6.587500,10.362500,-126.440000,0.089258,0.006866,0.011443,0.025176,0.000000,0.000000,0.000000,0.000000,0,0,0,0,0,0,0,0,0,0,0,0.045257568359375,-0.004302978515625,-2.2607725e-07,19.999996,-4.165142e-11,2.2607715e-07,-19.999996,-19.999996,-19.999996,-2.2607725e-07,Object notstarted,Object notstarted,Object notstarted,Object notstarted,Object notstarted,Object notstarted,Object notstarted,Object notstarted,Object notstarted
2024-03-18 10:34:35,566.566,__main___datalogs,INFO,JoyConState.NORMAL,-6.587500,10.362500,-126.440000,0.091547,-0.002289,0.011443,0.025176,0.000000,0.000000,0.000000,0.000000,0,0,0,0,0,0,0,0,0,0,0,0.045257568359375,-0.004302978515625,-2.2607725e-07,19.999996,-4.165142e-11,2.2607715e-07,-19.999996,-19.999996,-19.999996,-2.2607725e-07,Object notstarted,Object notstarted,Object notstarted,Object notstarted,Object notstarted,Object notstarted,Object notstarted,Object notstarted,Object notstarted
2024-03-18 10:34:35,623.623,__main___datalogs,INFO,JoyConState.NORMAL,-6.587500,10.362500,-126.440000,0.096125,0.002289,0.011443,0.025176,0.000000,0.000000,0.000000,0.000000,0,0,0,0,0,0,0,0,0,0,0,0.045257568359375,-0.004302978515625,-2.2607725e-07,19.999996,-4.165142e-11,2.2607715e-07,-19.999996,-19.999996,-19.999996,-2.2607725e-07,Object notstarted,Object notstarted,Object notstarted,Object notstarted,Object notstarted,Object notstarted,Object notstarted,Object notstarted,Object notstarted
2024-03-18 10:34:35,679.679,__main___datalogs,INFO,JoyConState.NORMAL,-6.587500,10.362500,-126.440000,0.098413,0.006866,0.011443,0.025176,0.000000,0.000000,0.000000,0.000000,0,0,0,0,0,0,0,0,0,0,0,0.045257568359375,-0.004302978515625,-2.2607725e-07,19.999996,-4.165142e-11,2.2607715e-07,-19.999996,-19.999996,-19.999996,-2.2607725e-07,Object notstarted,Object notstarted,Object notstarted,Object notstarted,Object notstarted,Object notstarted,Object notstarted,Object notstarted,Object notstarted
2024-03-18 10:34:35,734.734,__main___datalogs,INFO,JoyConState.NORMAL,-6.587500,10.362500,-126.440000,0.098413,0.006866,0.004577,0.025176,0.000000,0.000000,0.000000,0.000000,0,0,0,0,0,0,0,0,0,0,0,0.045257568359375,-0.004302978515625,-2.2607725e-07,19.999996,-4.165142e-11,2.2607715e-07,-19.999996,-19.999996,-19.999996,-2.2607725e-07,Object notstarted,Object notstarted,Object notstarted,Object notstarted,Object notstarted,Object notstarted,Object notstarted,Object notstarted,Object notstarted
2024-03-18 10:34:35,790.790,__main___datalogs,INFO,JoyConState.NORMAL,-6.587500,10.362500,-126.440000,0.098413,0.002289,0.011443,0.025176,0.000000,0.000000,0.000000,0.000000,0,0,0,0,0,0,0,0,0,0,0,0.045257568359375,-0.004302978515625,-2.2607725e-07,19.999996,-4.165142e-11,2.2607715e-07,-19.999996,-19.999996,-19.999996,-2.2607725e-07,Object notstarted,Object notstarted,Object notstarted,Object notstarted,Object notstarted,Object notstarted,Object notstarted,Object notstarted,Object notstarted
2024-03-18 10:34:35,847.847,__main___datalogs,INFO,JoyConState.NORMAL,-6.587500,10.362500,-126.440000,0.098413,0.006866,0.004577,0.025176,0.000000,0.000000,0.000000,0.000000,0,0,0,0,0,0,0,0,0,0,0,0.045257568359375,-0.004302978515625,-2.2607725e-07,19.999996,-4.165142e-11,2.2607715e-07,-19.999996,-19.999996,-19.999996,-2.2607725e-07,Object notstarted,Object notstarted,Object notstarted,Object notstarted,Object notstarted,Object notstarted,Object notstarted,Object notstarted,Object notstarted
2024-03-18 10:34:35,902.902,__main___datalogs,INFO,JoyConState.NORMAL,-6.587500,10.362500,-126.440000,0.091547,0.002289,0.004577,0.025176,0.000000,0.000000,0.000000,0.000000,0,0,0,0,0,0,0,0,0,0,0,0.045257568359375,-0.004302978515625,-2.2607725e-07,19.999996,-4.165142e-11,2.2607715e-07,-19.999996,-19.999996,-19.999996,-2.2607725e-07,Object notstarted,Object notstarted,Object notstarted,Object notstarted,Object notstarted,Object notstarted,Object notstarted,Object notstarted,Object notstarted
2024-03-18 10:34:35,959.959,__main___datalogs,INFO,JoyConState.NORMAL,-6.587500,10.362500,-126.440000,0.098413,0.002289,0.004577,0.025176,0.000000,0.000000,0.000000,0.000000,0,0,0,0,0,0,0,0,0,0,0,0.045257568359375,-0.004302978515625,-2.2607725e-07,19.999996,-4.165142e-11,2.2607715e-07,-19.999996,-19.999996,-19.999996,-2.2607725e-07,Object notstarted,Object notstarted,Object notstarted,Object notstarted,Object notstarted,Object notstarted,Object notstarted,Object notstarted,Object notstarted
2024-03-18 10:34:36,014.014,__main___datalogs,INFO,JoyConState.NORMAL,-6.587500,10.362500,-126.440000,0.098413,0.006866,0.011443,0.025176,0.000000,0.000000,0.000000,0.000000,0,0,0,0,0,0,0,0,0,0,0,0.045257568359375,-0.004302978515625,-2.2607725e-07,19.999996,-4.165142e-11,2.2607715e-07,-19.999996,-19.999996,-19.999996,-2.2607725e-07,Object notstarted,Object notstarted,Object notstarted,Object notstarted,Object notstarted,Object notstarted,Object notstarted,Object notstarted,Object notstarted
2024-03-18 10:34:36,086.086,__main___datalogs,INFO,JoyConState.NORMAL,-6.587500,10.362500,-126.440000,0.096125,0.006866,0.011443,0.025176,0.000000,0.000000,0.000000,0.000000,0,0,0,0,0,0,0,0,0,0,0,0.045257568359375,-0.004302978515625,-2.2607725e-07,19.999996,-4.165142e-11,2.2607715e-07,-19.999996,-19.999996,-19.999996,-2.2607725e-07,Object notstarted,Object notstarted,Object notstarted,Object notstarted,Object notstarted,Object notstarted,Object notstarted,Object notstarted,Object notstarted
2024-03-18 10:34:36,147.147,__main___datalogs,INFO,JoyConState.NORMAL,-6.587500,10.362500,-126.440000,0.098413,0.006866,0.011443,0.020598,0.000000,0.000000,0.000000,0.000000,0,0,0,0,0,0,0,0,0,0,0,0.045257568359375,-0.004302978515625,-2.2607725e-07,19.999996,-4.165142e-11,2.2607715e-07,-19.999996,-19.999996,-19.999996,-2.2607725e-07,Object notstarted,Object notstarted,Object notstarted,Object notstarted,Object notstarted,Object notstarted,Object notstarted,Object notstarted,Object notstarted
2024-03-18 10:34:36,203.203,__main___datalogs,INFO,JoyConState.NORMAL,-6.587500,10.362500,-126.440000,0.050351,0.006866,0.004577,0.020598,0.000000,0.000000,0.000000,0.000000,0,0,0,0,0,0,0,0,0,0,0,0.045257568359375,-0.004302978515625,-2.2607725e-07,19.999996,-4.165142e-11,2.2607715e-07,-19.999996,-19.999996,-19.999996,-2.2607725e-07,Object notstarted,Object notstarted,Object notstarted,Object notstarted,Object notstarted,Object notstarted,Object notstarted,Object notstarted,Object notstarted
2024-03-18 10:34:36,259.259,__main___datalogs,INFO,JoyConState.NORMAL,-6.587500,10.362500,-126.440000,0.091547,0.006866,0.011443,0.025176,0.000000,0.000000,0.000000,0.000000,0,0,0,0,0,0,0,0,0,0,0,0.045257568359375,-0.004302978515625,-2.2607725e-07,19.999996,-4.165142e-11,2.2607715e-07,-19.999996,-19.999996,-19.999996,-2.2607725e-07,Object notstarted,Object notstarted,Object notstarted,Object notstarted,Object notstarted,Object notstarted,Object notstarted,Object notstarted,Object notstarted
2024-03-18 10:34:36,315.315,__main___datalogs,INFO,JoyConState.NORMAL,-6.587500,10.362500,-126.440000,0.091547,0.002289,0.011443,0.025176,0.000000,0.000000,0.000000,0.000000,0,0,0,0,0,0,0,0,0,0,0,0.045257568359375,-0.004302978515625,-2.2607725e-07,19.999996,-4.165142e-11,2.2607715e-07,-19.999996,-19.999996,-19.999996,-2.2607725e-07,Object notstarted,Object notstarted,Object notstarted,Object notstarted,Object notstarted,Object notstarted,Object notstarted,Object notstarted,Object notstarted
2024-03-18 10:34:36,370.370,__main___datalogs,INFO,JoyConState.NORMAL,-6.587500,10.362500,-126.440000,0.096125,0.002289,0.011443,0.020598,0.000000,0.000000,0.000000,0.000000,0,0,0,0,0,0,0,0,0,0,0,0.045257568359375,-0.004302978515625,-2.2607725e-07,19.999996,-4.165142e-11,2.2607715e-07,-19.999996,-19.999996,-19.999996,-2.2607725e-07,Object notstarted,Object notstarted,Object notstarted,Object notstarted,Object notstarted,Object notstarted,Object notstarted,Object notstarted,Object notstarted
2024-03-18 10:34:36,428.428,__main___datalogs,INFO,JoyConState.NORMAL,-6.587500,10.362500,-126.440000,0.096125,0.006866,0.013732,0.025176,0.000000,0.000000,0.000000,0.000000,0,0,0,0,0,0,0,0,0,0,0,0.045257568359375,-0.004302978515625,-2.2607725e-07,19.999996,-4.165142e-11,2.2607715e-07,-19.999996,-19.999996,-19.999996,-2.2607725e-07,Object notstarted,Object notstarted,Object notstarted,Object notstarted,Object notstarted,Object notstarted,Object notstarted,Object notstarted,Object notstarted
2024-03-18 10:34:36,482.482,__main___datalogs,INFO,JoyConState.NORMAL,-6.587500,10.362500,-126.440000,0.098413,0.006866,0.004577,0.025176,0.000000,0.000000,0.000000,0.000000,0,0,0,0,0,0,0,0,0,0,0,0.045257568359375,-0.004302978515625,-2.2607725e-07,19.999996,-4.165142e-11,2.2607715e-07,-19.999996,-19.999996,-19.999996,-2.2607725e-07,Object notstarted,Object notstarted,Object notstarted,Object notstarted,Object notstarted,Object notstarted,Object notstarted,Object notstarted,Object notstarted
2024-03-18 10:34:36,539.539,__main___datalogs,INFO,JoyConState.NORMAL,-6.587500,10.362500,-126.440000,0.098413,0.006866,0.004577,0.025176,0.000000,0.000000,0.000000,0.000000,0,0,0,0,0,0,0,0,0,0,0,0.045257568359375,-0.004302978515625,-2.2607725e-07,19.999996,-4.165142e-11,2.2607715e-07,-19.999996,-19.999996,-19.999996,-2.2607725e-07,Object notstarted,Object notstarted,Object notstarted,Object notstarted,Object notstarted,Object notstarted,Object notstarted,Object notstarted,Object notstarted
2024-03-18 10:34:36,594.594,__main___datalogs,INFO,JoyConState.NORMAL,-6.587500,10.362500,-126.440000,0.102991,0.002289,0.004577,0.025176,0.000000,0.000000,0.000000,0.000000,0,0,0,0,0,0,0,0,0,0,0,0.045257568359375,-0.004302978515625,-2.2607725e-07,19.999996,-4.165142e-11,2.2607715e-07,-19.999996,-19.999996,-19.999996,-2.2607725e-07,Object notstarted,Object notstarted,Object notstarted,Object notstarted,Object notstarted,Object notstarted,Object notstarted,Object notstarted,Object notstarted
2024-03-18 10:34:36,651.651,__main___datalogs,INFO,JoyConState.NORMAL,-6.587500,10.362500,-126.440000,0.098413,0.002289,0.011443,0.025176,0.000000,0.000000,0.000000,0.000000,0,0,0,0,0,0,0,0,0,0,0,0.045257568359375,-0.004302978515625,-2.2607725e-07,19.999996,-4.165142e-11,2.2607715e-07,-19.999996,-19.999996,-19.999996,-2.2607725e-07,Object notstarted,Object notstarted,Object notstarted,Object notstarted,Object notstarted,Object notstarted,Object notstarted,Object notstarted,Object notstarted
2024-03-18 10:34:36,706.706,__main___datalogs,INFO,JoyConState.NORMAL,-6.587500,10.362500,-126.440000,0.098413,0.006866,0.011443,0.025176,0.000000,0.000000,0.000000,0.000000,0,0,0,0,0,0,0,0,0,0,0,0.045257568359375,-0.004302978515625,-2.2607725e-07,19.999996,-4.165142e-11,2.2607715e-07,-19.999996,-19.999996,-19.999996,-2.2607725e-07,Object notstarted,Object notstarted,Object notstarted,Object notstarted,Object notstarted,Object notstarted,Object notstarted,Object notstarted,Object notstarted
2024-03-18 10:34:36,763.763,__main___datalogs,INFO,JoyConState.PREP_SNS,-6.587500,10.362500,-126.440000,0.098413,0.006866,0.011443,0.025176,0.000000,0.000000,0.000000,0.000000,0,0,0,0,0,0,0,0,0,0,0,0.045257568359375,-0.004302978515625,0,0,0,0,0,0,0,0,Object notstarted,Object notstarted,Object notstarted,Object notstarted,Object notstarted,Object notstarted,Object notstarted,Object notstarted,Object notstarted
2024-03-18 10:34:36,804.804,__main___datalogs,INFO,JoyConState.PREP_SNS,-6.587500,10.362500,-126.440000,0.096125,0.002289,0.004577,0.025176,0.000000,0.000000,0.000000,0.000000,0,0,0,0,0,0,0,0,0,0,0,0.045257568359375,-0.004302978515625,0,0,0,0,0,0,0,0,Object notstarted,Object notstarted,Object notstarted,Object notstarted,Object notstarted,Object notstarted,Object notstarted,Object notstarted,Object notstarted
2024-03-18 10:34:36,846.846,__main___datalogs,INFO,JoyConState.PREP_SNS,-6.587500,10.362500,-126.440000,0.098413,0.002289,0.011443,0.020598,0.000000,0.000000,0.000000,0.000000,0,0,0,0,0,0,0,0,0,0,0,0.045257568359375,-0.004302978515625,0,0,0,0,0,0,0,0,Object notstarted,Object notstarted,Object notstarted,Object notstarted,Object notstarted,Object notstarted,Object notstarted,Object notstarted,Object notstarted
2024-03-18 10:34:36,891.891,__main___datalogs,INFO,JoyConState.PREP_SNS,-6.587500,10.362500,-126.440000,0.098413,0.006866,0.011443,0.025176,0.000000,0.000000,0.000000,0.000000,0,0,0,0,0,0,0,0,0,0,0,0.045257568359375,-0.004302978515625,0,0,0,0,0,0,0,0,Object notstarted,Object notstarted,Object notstarted,Object notstarted,Object notstarted,Object notstarted,Object notstarted,Object notstarted,Object notstarted
2024-03-18 10:34:36,929.929,__main___datalogs,INFO,JoyConState.PREP_SNS,-6.587500,10.362500,-126.440000,0.098413,0.006866,0.011443,0.025176,0.000000,0.000000,0.000000,0.000000,0,0,0,0,0,0,0,0,0,0,0,0.045257568359375,-0.004302978515625,0,0,0,0,0,0,0,0,Object notstarted,Object notstarted,Object notstarted,Object notstarted,Object notstarted,Object notstarted,Object notstarted,Object notstarted,Object notstarted
2024-03-18 10:34:36,973.973,__main___datalogs,INFO,JoyConState.PREP_SNS,-6.587500,10.362500,-126.440000,0.096125,0.009155,0.011443,0.025176,0.000000,0.000000,0.000000,0.000000,0,0,0,0,0,0,0,0,0,0,0,0.045257568359375,-0.004302978515625,0,0,0,0,0,0,0,0,Object notstarted,Object notstarted,Object notstarted,Object notstarted,Object notstarted,Object notstarted,Object notstarted,Object notstarted,Object notstarted
2024-03-18 10:34:37,017.017,__main___datalogs,INFO,JoyConState.PREP_SNS,-6.587500,10.362500,-126.440000,0.098413,0.002289,0.011443,0.025176,0.000000,0.000000,0.000000,0.000000,0,0,0,0,0,0,0,0,0,0,0,0.045257568359375,-0.004302978515625,0,0,0,0,0,0,0,0,Object notstarted,Object notstarted,Object notstarted,Object notstarted,Object notstarted,Object notstarted,Object notstarted,Object notstarted,Object notstarted
2024-03-18 10:34:37,062.062,__main___datalogs,INFO,JoyConState.PREP_SNS,-6.587500,10.362500,-126.440000,0.096125,-0.002289,0.011443,0.020598,0.000000,0.000000,0.000000,0.000000,0,0,0,0,0,0,0,0,0,0,0,0.045257568359375,-0.004302978515625,0,0,0,0,0,0,0,0,Object notstarted,Object notstarted,Object notstarted,Object notstarted,Object notstarted,Object notstarted,Object notstarted,Object notstarted,Object notstarted
2024-03-18 10:34:37,102.102,__main___datalogs,INFO,JoyConState.PREP_SNS,-6.587500,10.362500,-126.440000,0.096125,0.006866,0.011443,0.025176,0.000000,0.000000,0.000000,0.000000,0,0,0,0,0,0,0,0,0,0,0,0.045257568359375,-0.004302978515625,0,0,0,0,0,0,0,0,Object notstarted,Object notstarted,Object notstarted,Object notstarted,Object notstarted,Object notstarted,Object notstarted,Object notstarted,Object notstarted
2024-03-18 10:34:37,163.163,__main___datalogs,INFO,JoyConState.PREP_SNS,-6.587500,10.362500,-126.440000,0.096125,0.006866,0.011443,0.025176,0.000000,0.000000,0.000000,0.000000,0,0,0,0,0,0,0,0,0,0,0,0.045257568359375,-0.004302978515625,0,0,0,0,0,0,0,0,Object notstarted,Object notstarted,Object notstarted,Object notstarted,Object notstarted,Object notstarted,Object notstarted,Object notstarted,Object notstarted
2024-03-18 10:34:37,206.206,__main___datalogs,INFO,JoyConState.PREP_SNS,-6.587500,10.362500,-126.440000,0.098413,0.002289,0.011443,0.025176,0.000000,0.000000,0.000000,0.000000,0,0,0,0,0,0,0,0,0,0,0,0.045257568359375,-0.004302978515625,0,0,0,0,0,0,0,0,Object notstarted,Object notstarted,Object notstarted,Object notstarted,Object notstarted,Object notstarted,Object notstarted,Object notstarted,Object notstarted
2024-03-18 10:34:37,252.252,__main___datalogs,INFO,JoyConState.PREP_SNS,-6.587500,10.362500,-126.440000,0.098413,0.002289,0.011443,0.025176,0.000000,0.000000,0.000000,0.000000,0,0,0,0,0,0,0,0,0,0,0,0.045257568359375,-0.004302978515625,0,0,0,0,0,0,0,0,Object notstarted,Object notstarted,Object notstarted,Object notstarted,Object notstarted,Object notstarted,Object notstarted,Object notstarted,Object notstarted
2024-03-18 10:34:37,295.295,__main___datalogs,INFO,JoyConState.PREP_SNS,-6.587500,10.362500,-126.440000,0.098413,0.002289,0.011443,0.020598,0.000000,0.000000,0.000000,0.000000,0,0,0,0,0,0,0,0,0,0,0,0.045257568359375,-0.004302978515625,0,0,0,0,0,0,0,0,Object notstarted,Object notstarted,Object notstarted,Object notstarted,Object notstarted,Object notstarted,Object notstarted,Object notstarted,Object notstarted
2024-03-18 10:34:37,338.338,__main___datalogs,INFO,JoyConState.PREP_SNS,-6.587500,10.362500,-126.440000,0.048062,0.002289,0.011443,0.020598,0.000000,0.000000,0.000000,0.000000,0,0,0,0,0,0,0,0,0,0,0,0.045257568359375,-0.004302978515625,0,0,0,0,0,0,0,0,Object notstarted,Object notstarted,Object notstarted,Object notstarted,Object notstarted,Object notstarted,Object notstarted,Object notstarted,Object notstarted
2024-03-18 10:34:37,381.381,__main___datalogs,INFO,JoyConState.PREP_SNS,-6.587500,10.362500,-126.440000,0.096125,0.006866,0.004577,0.020598,0.000000,0.000000,0.000000,0.000000,0,0,0,0,0,0,0,0,0,0,0,0.045257568359375,-0.004302978515625,0,0,0,0,0,0,0,0,Object notstarted,Object notstarted,Object notstarted,Object notstarted,Object notstarted,Object notstarted,Object notstarted,Object notstarted,Object notstarted
2024-03-18 10:34:37,424.424,__main___datalogs,INFO,JoyConState.PREP_SNS,-6.587500,10.362500,-126.440000,0.098413,0.002289,0.011443,0.020598,0.000000,0.000000,0.000000,0.000000,0,0,0,0,0,0,0,0,0,0,0,0.045257568359375,-0.004302978515625,0,0,0,0,0,0,0,0,Object notstarted,Object notstarted,Object notstarted,Object notstarted,Object notstarted,Object notstarted,Object notstarted,Object notstarted,Object notstarted
2024-03-18 10:34:37,465.465,__main___datalogs,INFO,JoyConState.PREP_SNS,-6.587500,10.362500,-126.440000,0.096125,0.002289,0.013732,0.025176,0.000000,0.000000,0.000000,0.000000,0,0,0,0,0,0,0,0,0,0,0,0.045257568359375,-0.004302978515625,0,0,0,0,0,0,0,0,Object notstarted,Object notstarted,Object notstarted,Object notstarted,Object notstarted,Object notstarted,Object notstarted,Object notstarted,Object notstarted
2024-03-18 10:34:37,509.509,__main___datalogs,INFO,JoyConState.PREP_SNS,-6.587500,10.362500,-126.440000,0.098413,0.002289,0.013732,0.020598,0.000000,0.000000,0.000000,0.000000,0,0,0,0,0,0,0,0,0,0,0,0.045257568359375,-0.004302978515625,0,0,0,0,0,0,0,0,Object notstarted,Object notstarted,Object notstarted,Object notstarted,Object notstarted,Object notstarted,Object notstarted,Object notstarted,Object notstarted
2024-03-18 10:34:37,551.551,__main___datalogs,INFO,JoyConState.PREP_SNS,-6.587500,10.362500,-126.440000,0.098413,0.006866,0.013732,0.025176,0.000000,0.000000,0.000000,0.000000,0,0,0,0,0,0,0,0,0,0,0,0.045257568359375,-0.004302978515625,0,0,0,0,0,0,0,0,Object notstarted,Object notstarted,Object notstarted,Object notstarted,Object notstarted,Object notstarted,Object notstarted,Object notstarted,Object notstarted
2024-03-18 10:34:37,593.593,__main___datalogs,INFO,JoyConState.PREP_SNS,-6.587500,10.362500,-126.440000,0.098413,0.002289,0.011443,0.020598,0.000000,0.000000,0.000000,0.000000,0,0,0,0,0,0,0,0,0,0,0,0.045257568359375,-0.004302978515625,0,0,0,0,0,0,0,0,Object notstarted,Object notstarted,Object notstarted,Object notstarted,Object notstarted,Object notstarted,Object notstarted,Object notstarted,Object notstarted
2024-03-18 10:34:37,637.637,__main___datalogs,INFO,JoyConState.PREP_SNS,-6.587500,10.362500,-126.440000,0.102991,0.002289,0.011443,0.025176,0.000000,0.000000,0.000000,0.000000,0,0,0,0,0,0,0,0,0,0,0,0.045257568359375,-0.004302978515625,0,0,0,0,0,0,0,0,Object notstarted,Object notstarted,Object notstarted,Object notstarted,Object notstarted,Object notstarted,Object notstarted,Object notstarted,Object notstarted
2024-03-18 10:34:37,682.682,__main___datalogs,INFO,JoyConState.PREP_SNS,-6.587500,10.362500,-126.440000,0.098413,0.002289,0.011443,0.025176,0.000000,0.000000,0.000000,0.000000,0,0,0,0,0,0,0,0,0,0,0,0.045257568359375,-0.004302978515625,0,0,0,0,0,0,0,0,Object notstarted,Object notstarted,Object notstarted,Object notstarted,Object notstarted,Object notstarted,Object notstarted,Object notstarted,Object notstarted
2024-03-18 10:34:37,724.724,__main___datalogs,INFO,JoyConState.PREP_SNS,-6.587500,10.362500,-126.440000,0.098413,0.002289,0.004577,0.025176,0.000000,0.000000,0.000000,0.000000,0,0,0,0,0,0,0,0,0,0,0,0.045257568359375,-0.004302978515625,0,0,0,0,0,0,0,0,Object notstarted,Object notstarted,Object notstarted,Object notstarted,Object notstarted,Object notstarted,Object notstarted,Object notstarted,Object notstarted
2024-03-18 10:34:37,768.768,__main___datalogs,INFO,JoyConState.PREP_SNS,-6.587500,10.362500,-126.440000,0.098413,0.002289,0.011443,0.025176,0.000000,0.000000,0.000000,0.000000,0,0,0,0,0,0,0,0,0,0,0,0.045257568359375,-0.004302978515625,0,0,0,0,0,0,0,0,Object notstarted,Object notstarted,Object notstarted,Object notstarted,Object notstarted,Object notstarted,Object notstarted,Object notstarted,Object notstarted
2024-03-18 10:34:37,810.810,__main___datalogs,INFO,JoyConState.PREP_SNS,-6.587500,10.362500,-126.440000,0.096125,-0.002289,0.011443,0.020598,0.000000,0.000000,0.000000,0.000000,0,0,0,0,0,0,0,0,0,0,0,0.045257568359375,-0.004302978515625,0,0,0,0,0,0,0,0,Object notstarted,Object notstarted,Object notstarted,Object notstarted,Object notstarted,Object notstarted,Object notstarted,Object notstarted,Object notstarted
2024-03-18 10:34:37,855.855,__main___datalogs,INFO,JoyConState.PREP_SNS,-6.587500,10.362500,-126.440000,0.096125,-0.002289,0.011443,0.025176,0.000000,0.000000,0.000000,0.000000,0,0,0,0,0,0,0,0,0,0,0,0.045257568359375,-0.004302978515625,0,0,0,0,0,0,0,0,Object notstarted,Object notstarted,Object notstarted,Object notstarted,Object notstarted,Object notstarted,Object notstarted,Object notstarted,Object notstarted
2024-03-18 10:34:37,896.896,__main___datalogs,INFO,JoyConState.PREP_SNS,-6.587500,10.362500,-126.440000,0.102991,0.002289,0.004577,0.020598,0.000000,0.000000,0.000000,0.000000,0,0,0,0,0,0,0,0,0,0,0,0.045257568359375,-0.004302978515625,0,0,0,0,0,0,0,0,Object notstarted,Object notstarted,Object notstarted,Object notstarted,Object notstarted,Object notstarted,Object notstarted,Object notstarted,Object notstarted
2024-03-18 10:34:37,936.936,__main___datalogs,INFO,JoyConState.PREP_SNS,-6.587500,10.362500,-126.440000,0.098413,0.006866,0.004577,0.025176,0.000000,0.000000,0.000000,0.000000,0,0,0,0,0,0,0,0,0,0,0,0.045257568359375,-0.004302978515625,0,0,0,0,0,0,0,0,Object notstarted,Object notstarted,Object notstarted,Object notstarted,Object notstarted,Object notstarted,Object notstarted,Object notstarted,Object notstarted
2024-03-18 10:34:37,980.980,__main___datalogs,INFO,JoyConState.PREP_SNS,-6.587500,10.362500,-126.440000,0.102991,0.006866,0.004577,0.025176,0.000000,0.000000,0.000000,0.000000,0,0,0,0,0,0,0,0,0,0,0,0.045257568359375,-0.004302978515625,0,0,0,0,0,0,0,0,Object notstarted,Object notstarted,Object notstarted,Object notstarted,Object notstarted,Object notstarted,Object notstarted,Object notstarted,Object notstarted
2024-03-18 10:34:38,024.024,__main___datalogs,INFO,JoyConState.PREP_SNS,-6.587500,10.362500,-126.440000,0.098413,0.006866,0.004577,0.025176,0.000000,0.000000,0.000000,0.000000,0,0,0,0,0,0,0,0,0,0,0,0.045257568359375,-0.004302978515625,0,0,0,0,0,0,0,0,Object notstarted,Object notstarted,Object notstarted,Object notstarted,Object notstarted,Object notstarted,Object notstarted,Object notstarted,Object notstarted
2024-03-18 10:34:38,066.066,__main___datalogs,INFO,JoyConState.PREP_SNS,-6.587500,10.362500,-126.440000,0.061794,0.002289,0.004577,0.025176,0.000000,0.000000,0.000000,0.000000,0,0,0,0,0,0,0,0,0,0,0,0.045257568359375,-0.004302978515625,0,0,0,0,0,0,0,0,Object notstarted,Object notstarted,Object notstarted,Object notstarted,Object notstarted,Object notstarted,Object notstarted,Object notstarted,Object notstarted
2024-03-18 10:34:38,110.110,__main___datalogs,INFO,JoyConState.PREP_SNS,-6.587500,10.362500,-126.440000,0.096125,0.002289,0.011443,0.025176,0.000000,0.000000,0.000000,0.000000,0,0,0,0,0,0,0,0,0,0,0,0.045257568359375,-0.004302978515625,0,0,0,0,0,0,0,0,Object notstarted,Object notstarted,Object notstarted,Object notstarted,Object notstarted,Object notstarted,Object notstarted,Object notstarted,Object notstarted
2024-03-18 10:34:38,153.153,__main___datalogs,INFO,JoyConState.PREP_SNS,-6.587500,10.362500,-126.440000,0.096125,0.006866,0.011443,0.025176,0.000000,0.000000,0.000000,0.000000,0,0,0,0,0,0,0,0,0,0,0,0.045257568359375,-0.004302978515625,0,0,0,0,0,0,0,0,Object notstarted,Object notstarted,Object notstarted,Object notstarted,Object notstarted,Object notstarted,Object notstarted,Object notstarted,Object notstarted
2024-03-18 10:34:38,203.203,__main___datalogs,INFO,JoyConState.PREP_SNS,-6.587500,10.362500,-126.440000,0.096125,0.006866,0.011443,0.025176,0.000000,0.000000,0.000000,0.000000,0,0,0,0,0,0,0,0,0,0,0,0.045257568359375,-0.004302978515625,0,0,0,0,0,0,0,0,Object notstarted,Object notstarted,Object notstarted,Object notstarted,Object notstarted,Object notstarted,Object notstarted,Object notstarted,Object notstarted
2024-03-18 10:34:38,249.249,__main___datalogs,INFO,JoyConState.PREP_SNS,-6.587500,10.362500,-126.440000,0.096125,0.006866,0.011443,0.025176,0.000000,0.000000,0.000000,0.000000,0,0,0,0,0,0,0,0,0,0,0,0.045257568359375,-0.004302978515625,0,0,0,0,0,0,0,0,Object notstarted,Object notstarted,Object notstarted,Object notstarted,Object notstarted,Object notstarted,Object notstarted,Object notstarted,Object notstarted
2024-03-18 10:34:38,294.294,__main___datalogs,INFO,JoyConState.PREP_SNS,-6.587500,10.362500,-126.440000,0.098413,0.002289,0.004577,0.025176,0.000000,0.000000,0.000000,0.000000,0,0,0,0,0,0,0,0,0,0,0,0.045257568359375,-0.004302978515625,0,0,0,0,0,0,0,0,Object notstarted,Object notstarted,Object notstarted,Object notstarted,Object notstarted,Object notstarted,Object notstarted,Object notstarted,Object notstarted
2024-03-18 10:34:38,336.336,__main___datalogs,INFO,JoyConState.PREP_SNS,-6.587500,10.362500,-126.440000,0.098413,0.002289,0.004577,0.025176,0.000000,0.000000,0.000000,0.000000,0,0,0,0,0,0,0,0,0,0,0,0.045257568359375,-0.004302978515625,0,0,0,0,0,0,0,0,Object notstarted,Object notstarted,Object notstarted,Object notstarted,Object notstarted,Object notstarted,Object notstarted,Object notstarted,Object notstarted
2024-03-18 10:34:38,379.379,__main___datalogs,INFO,JoyConState.PREP_SNS,-6.587500,10.362500,-126.440000,0.096125,0.006866,0.011443,0.025176,0.000000,0.000000,0.000000,0.000000,0,0,0,0,0,0,0,0,0,0,0,0.045257568359375,-0.004302978515625,0,0,0,0,0,0,0,0,Object notstarted,Object notstarted,Object notstarted,Object notstarted,Object notstarted,Object notstarted,Object notstarted,Object notstarted,Object notstarted
2024-03-18 10:34:38,422.422,__main___datalogs,INFO,JoyConState.PREP_SNS,-6.587500,10.362500,-126.440000,0.098413,0.006866,0.011443,0.025176,0.000000,0.000000,0.000000,0.000000,0,0,0,0,0,0,0,0,0,0,0,0.045257568359375,-0.004302978515625,0,0,0,0,0,0,0,0,Object notstarted,Object notstarted,Object notstarted,Object notstarted,Object notstarted,Object notstarted,Object notstarted,Object notstarted,Object notstarted
2024-03-18 10:34:38,466.466,__main___datalogs,INFO,JoyConState.PREP_SNS,-6.587500,10.362500,-126.440000,0.098413,0.002289,0.011443,0.025176,0.000000,0.000000,0.000000,0.000000,0,0,0,0,0,0,0,0,0,0,0,0.045257568359375,-0.004302978515625,0,0,0,0,0,0,0,0,Object notstarted,Object notstarted,Object notstarted,Object notstarted,Object notstarted,Object notstarted,Object notstarted,Object notstarted,Object notstarted
2024-03-18 10:34:38,508.508,__main___datalogs,INFO,JoyConState.PREP_SNS,-6.587500,10.362500,-126.440000,0.096125,0.006866,0.011443,0.020598,0.000000,0.000000,0.000000,0.000000,0,0,0,0,0,0,0,0,0,0,0,0.045257568359375,-0.004302978515625,0,0,0,0,0,0,0,0,Object notstarted,Object notstarted,Object notstarted,Object notstarted,Object notstarted,Object notstarted,Object notstarted,Object notstarted,Object notstarted
2024-03-18 10:34:38,552.552,__main___datalogs,INFO,JoyConState.PREP_SNS,-6.587500,10.362500,-126.440000,0.096125,0.002289,0.011443,0.020598,0.000000,0.000000,0.000000,0.000000,0,0,0,0,0,0,0,0,0,0,0,0.045257568359375,-0.004302978515625,0,0,0,0,0,0,0,0,Object notstarted,Object notstarted,Object notstarted,Object notstarted,Object notstarted,Object notstarted,Object notstarted,Object notstarted,Object notstarted
2024-03-18 10:34:38,594.594,__main___datalogs,INFO,JoyConState.PREP_SNS,-6.587500,10.362500,-126.440000,0.096125,-0.002289,0.004577,0.025176,0.000000,0.000000,0.000000,0.000000,0,0,0,0,0,0,0,0,0,0,0,0.045257568359375,-0.004302978515625,0,0,0,0,0,0,0,0,Object notstarted,Object notstarted,Object notstarted,Object notstarted,Object notstarted,Object notstarted,Object notstarted,Object notstarted,Object notstarted
2024-03-18 10:34:38,637.637,__main___datalogs,INFO,JoyConState.PREP_SNS,-6.587500,10.362500,-126.440000,0.096125,0.002289,0.004577,0.020598,0.000000,0.000000,0.000000,0.000000,0,0,0,0,0,0,0,0,0,0,0,0.045257568359375,-0.004302978515625,0,0,0,0,0,0,0,0,Object notstarted,Object notstarted,Object notstarted,Object notstarted,Object notstarted,Object notstarted,Object notstarted,Object notstarted,Object notstarted
2024-03-18 10:34:38,679.679,__main___datalogs,INFO,JoyConState.PREP_SNS,-6.587500,10.362500,-126.440000,0.096125,-0.002289,0.011443,0.020598,0.000000,0.000000,0.000000,0.000000,0,0,0,0,0,0,0,0,0,0,0,0.045257568359375,-0.004302978515625,0,0,0,0,0,0,0,0,Object notstarted,Object notstarted,Object notstarted,Object notstarted,Object notstarted,Object notstarted,Object notstarted,Object notstarted,Object notstarted
2024-03-18 10:34:38,724.724,__main___datalogs,INFO,JoyConState.PREP_SNS,-6.587500,10.362500,-126.440000,0.096125,0.006866,0.011443,0.025176,0.000000,0.000000,0.000000,0.000000,0,0,0,0,0,0,0,0,0,0,0,0.045257568359375,-0.004302978515625,0,0,0,0,0,0,0,0,Object notstarted,Object notstarted,Object notstarted,Object notstarted,Object notstarted,Object notstarted,Object notstarted,Object notstarted,Object notstarted
2024-03-18 10:34:38,766.766,__main___datalogs,INFO,JoyConState.PREP_SNS,-6.587500,10.362500,-126.440000,0.096125,0.002289,0.011443,0.020598,0.000000,0.000000,0.000000,0.000000,0,0,0,0,0,0,0,0,0,0,0,0.045257568359375,-0.004302978515625,0,0,0,0,0,0,0,0,Object notstarted,Object notstarted,Object notstarted,Object notstarted,Object notstarted,Object notstarted,Object notstarted,Object notstarted,Object notstarted
2024-03-18 10:34:38,811.811,__main___datalogs,INFO,JoyConState.PREP_SNS,-6.587500,10.362500,-126.440000,0.096125,0.002289,0.011443,0.025176,0.000000,0.000000,0.000000,0.000000,0,0,0,0,0,0,0,0,0,0,0,0.045257568359375,-0.004302978515625,0,0,0,0,0,0,0,0,Object notstarted,Object notstarted,Object notstarted,Object notstarted,Object notstarted,Object notstarted,Object notstarted,Object notstarted,Object notstarted
2024-03-18 10:34:38,853.853,__main___datalogs,INFO,JoyConState.PREP_SNS,-6.587500,10.362500,-126.440000,0.098413,0.002289,0.011443,0.025176,0.000000,0.000000,0.000000,0.000000,0,0,0,0,0,0,0,0,0,0,0,0.045257568359375,-0.004302978515625,0,0,0,0,0,0,0,0,Object notstarted,Object notstarted,Object notstarted,Object notstarted,Object notstarted,Object notstarted,Object notstarted,Object notstarted,Object notstarted
2024-03-18 10:34:38,903.903,__main___datalogs,INFO,JoyConState.PREP_SNS,-6.587500,10.362500,-126.440000,0.096125,0.002289,0.011443,0.025176,0.000000,0.000000,0.000000,0.000000,0,0,0,0,0,0,0,0,0,0,0,0.045257568359375,-0.004302978515625,0,0,0,0,0,0,0,0,Object notstarted,Object notstarted,Object notstarted,Object notstarted,Object notstarted,Object notstarted,Object notstarted,Object notstarted,Object notstarted
2024-03-18 10:34:38,943.943,__main___datalogs,INFO,JoyConState.PREP_SNS,-6.587500,10.362500,-126.440000,0.098413,0.006866,0.011443,0.025176,0.000000,0.000000,0.000000,0.000000,0,0,0,0,0,0,0,0,0,0,0,0.045257568359375,-0.004302978515625,0,0,0,0,0,0,0,0,Object notstarted,Object notstarted,Object notstarted,Object notstarted,Object notstarted,Object notstarted,Object notstarted,Object notstarted,Object notstarted
2024-03-18 10:34:38,987.987,__main___datalogs,INFO,JoyConState.PREP_SNS,-6.587500,10.362500,-126.440000,0.098413,0.002289,0.004577,0.025176,0.000000,0.000000,0.000000,0.000000,0,0,0,0,0,0,0,0,0,0,0,0.045257568359375,-0.004302978515625,0,0,0,0,0,0,0,0,Object notstarted,Object notstarted,Object notstarted,Object notstarted,Object notstarted,Object notstarted,Object notstarted,Object notstarted,Object notstarted
2024-03-18 10:34:39,028.028,__main___datalogs,INFO,JoyConState.PREP_SNS,-6.587500,10.362500,-126.440000,0.098413,0.006866,0.011443,0.025176,0.000000,0.000000,0.000000,0.000000,0,0,0,0,0,0,0,0,0,0,0,0.045257568359375,-0.004302978515625,0,0,0,0,0,0,0,0,Object notstarted,Object notstarted,Object notstarted,Object notstarted,Object notstarted,Object notstarted,Object notstarted,Object notstarted,Object notstarted
2024-03-18 10:34:39,071.071,__main___datalogs,INFO,JoyConState.PREP_SNS,-6.587500,10.362500,-126.440000,0.098413,0.002289,0.011443,0.025176,0.000000,0.000000,0.000000,0.000000,0,0,0,0,0,0,0,0,0,0,0,0.045257568359375,-0.004302978515625,0,0,0,0,0,0,0,0,Object notstarted,Object notstarted,Object notstarted,Object notstarted,Object notstarted,Object notstarted,Object notstarted,Object notstarted,Object notstarted
2024-03-18 10:34:39,113.113,__main___datalogs,INFO,JoyConState.PREP_SNS,-6.587500,10.362500,-126.440000,0.102991,-0.002289,0.011443,0.025176,0.000000,0.000000,0.000000,0.000000,0,0,0,0,0,0,0,0,0,0,0,0.045257568359375,-0.004302978515625,0,0,0,0,0,0,0,0,Object notstarted,Object notstarted,Object notstarted,Object notstarted,Object notstarted,Object notstarted,Object notstarted,Object notstarted,Object notstarted
2024-03-18 10:34:39,156.156,__main___datalogs,INFO,JoyConState.PREP_SNS,-6.587500,10.362500,-126.440000,0.089258,0.002289,0.011443,0.025176,0.000000,0.000000,0.000000,0.000000,0,0,0,0,0,0,0,0,0,0,0,0.045257568359375,-0.004302978515625,0,0,0,0,0,0,0,0,Object notstarted,Object notstarted,Object notstarted,Object notstarted,Object notstarted,Object notstarted,Object notstarted,Object notstarted,Object notstarted
2024-03-18 10:34:39,198.198,__main___datalogs,INFO,JoyConState.PREP_SNS,-6.587500,10.362500,-126.440000,0.098413,-0.002289,0.011443,0.025176,0.000000,0.000000,0.000000,0.000000,0,0,0,0,0,0,0,0,0,0,0,0.045257568359375,-0.004302978515625,0,0,0,0,0,0,0,0,Object notstarted,Object notstarted,Object notstarted,Object notstarted,Object notstarted,Object notstarted,Object notstarted,Object notstarted,Object notstarted
2024-03-18 10:34:39,239.239,__main___datalogs,INFO,JoyConState.PREP_SNS,-6.587500,10.362500,-126.440000,0.098413,-0.002289,0.011443,0.025176,0.000000,0.000000,0.000000,0.000000,0,0,0,0,0,0,0,0,0,0,0,0.045257568359375,-0.004302978515625,0,0,0,0,0,0,0,0,Object notstarted,Object notstarted,Object notstarted,Object notstarted,Object notstarted,Object notstarted,Object notstarted,Object notstarted,Object notstarted
2024-03-18 10:34:39,303.303,__main___datalogs,INFO,JoyConState.PREP_SNS,-6.587500,10.362500,-126.440000,0.098413,0.002289,0.011443,0.025176,0.000000,0.000000,0.000000,0.000000,0,0,0,0,0,0,0,0,0,0,0,0.045257568359375,-0.004302978515625,0,0,0,0,0,0,0,0,Object notstarted,Object notstarted,Object notstarted,Object notstarted,Object notstarted,Object notstarted,Object notstarted,Object notstarted,Object notstarted
2024-03-18 10:34:39,348.348,__main___datalogs,INFO,JoyConState.PREP_SNS,-6.587500,10.362500,-126.440000,0.096125,0.006866,0.011443,0.025176,0.000000,0.000000,0.000000,0.000000,0,0,0,0,0,0,0,0,0,0,0,0.045257568359375,-0.004302978515625,0,0,0,0,0,0,0,0,Object notstarted,Object notstarted,Object notstarted,Object notstarted,Object notstarted,Object notstarted,Object notstarted,Object notstarted,Object notstarted
2024-03-18 10:34:39,391.391,__main___datalogs,INFO,JoyConState.PREP_SNS,-6.587500,10.362500,-126.440000,0.096125,0.006866,0.004577,0.025176,0.000000,0.000000,0.000000,0.000000,0,0,0,0,0,0,0,0,0,0,0,0.045257568359375,-0.004302978515625,0,0,0,0,0,0,0,0,Object notstarted,Object notstarted,Object notstarted,Object notstarted,Object notstarted,Object notstarted,Object notstarted,Object notstarted,Object notstarted
2024-03-18 10:34:39,434.434,__main___datalogs,INFO,JoyConState.PREP_SNS,-6.587500,10.362500,-126.440000,0.098413,0.002289,0.011443,0.025176,0.000000,0.000000,0.000000,0.000000,0,0,0,0,0,0,0,0,0,0,0,0.045257568359375,-0.004302978515625,0,0,0,0,0,0,0,0,Object notstarted,Object notstarted,Object notstarted,Object notstarted,Object notstarted,Object notstarted,Object notstarted,Object notstarted,Object notstarted
2024-03-18 10:34:39,475.475,__main___datalogs,INFO,JoyConState.PREP_SNS,-6.587500,10.362500,-126.440000,0.098413,0.002289,0.011443,0.025176,0.000000,0.000000,0.000000,0.000000,0,0,0,0,0,0,0,0,0,0,0,0.045257568359375,-0.004302978515625,0,0,0,0,0,0,0,0,Object notstarted,Object notstarted,Object notstarted,Object notstarted,Object notstarted,Object notstarted,Object notstarted,Object notstarted,Object notstarted
2024-03-18 10:34:39,518.518,__main___datalogs,INFO,JoyConState.PREP_SNS,-6.587500,10.362500,-126.440000,0.098413,0.006866,0.011443,0.025176,0.000000,0.000000,0.000000,0.000000,0,0,0,0,0,0,0,0,0,0,0,0.045257568359375,-0.004302978515625,0,0,0,0,0,0,0,0,Object notstarted,Object notstarted,Object notstarted,Object notstarted,Object notstarted,Object notstarted,Object notstarted,Object notstarted,Object notstarted
2024-03-18 10:34:39,556.556,__main___datalogs,INFO,JoyConState.PREP_SNS,-6.587500,10.362500,-126.440000,0.098413,0.006866,0.011443,0.025176,0.000000,0.000000,0.000000,0.000000,0,0,0,0,0,0,0,0,0,0,0,0.045257568359375,-0.004302978515625,0,0,0,0,0,0,0,0,Object notstarted,Object notstarted,Object notstarted,Object notstarted,Object notstarted,Object notstarted,Object notstarted,Object notstarted,Object notstarted
2024-03-18 10:34:39,599.599,__main___datalogs,INFO,JoyConState.PREP_SNS,-6.587500,10.362500,-126.440000,0.098413,0.006866,0.011443,0.025176,0.000000,0.000000,0.000000,0.000000,0,0,0,0,0,0,0,0,0,0,0,0.045257568359375,-0.004302978515625,0,0,0,0,0,0,0,0,Object notstarted,Object notstarted,Object notstarted,Object notstarted,Object notstarted,Object notstarted,Object notstarted,Object notstarted,Object notstarted
2024-03-18 10:34:39,641.641,__main___datalogs,INFO,JoyConState.PREP_SNS,-6.587500,10.362500,-126.440000,0.096125,0.002289,0.011443,0.025176,0.000000,0.000000,0.000000,0.000000,0,0,0,0,0,0,0,0,0,0,0,0.045257568359375,-0.004302978515625,0,0,0,0,0,0,0,0,Object notstarted,Object notstarted,Object notstarted,Object notstarted,Object notstarted,Object notstarted,Object notstarted,Object notstarted,Object notstarted
2024-03-18 10:34:39,685.685,__main___datalogs,INFO,JoyConState.PREP_SNS,-6.587500,10.362500,-126.440000,0.096125,0.002289,0.011443,0.025176,0.000000,0.000000,0.000000,0.000000,0,0,0,0,0,0,0,0,0,0,0,0.045257568359375,-0.004302978515625,0,0,0,0,0,0,0,0,Object notstarted,Object notstarted,Object notstarted,Object notstarted,Object notstarted,Object notstarted,Object notstarted,Object notstarted,Object notstarted
2024-03-18 10:34:39,727.727,__main___datalogs,INFO,JoyConState.PREP_SNS,-6.587500,10.362500,-126.440000,0.096125,0.002289,0.004577,0.025176,0.000000,0.000000,0.000000,0.000000,0,0,0,0,0,0,0,0,0,0,0,0.045257568359375,-0.004302978515625,0,0,0,0,0,0,0,0,Object notstarted,Object notstarted,Object notstarted,Object notstarted,Object notstarted,Object notstarted,Object notstarted,Object notstarted,Object notstarted
2024-03-18 10:34:39,775.775,__main___datalogs,INFO,JoyConState.PREP_SNS,-6.587500,10.362500,-126.440000,0.096125,0.002289,0.004577,0.025176,0.000000,0.000000,0.000000,0.000000,0,0,0,0,0,0,0,0,0,0,0,0.045257568359375,-0.004302978515625,0,0,0,0,0,0,0,0,Object notstarted,Object notstarted,Object notstarted,Object notstarted,Object notstarted,Object notstarted,Object notstarted,Object notstarted,Object notstarted
2024-03-18 10:34:39,817.817,__main___datalogs,INFO,JoyConState.PREP_SNS,-6.587500,10.362500,-126.440000,0.096125,0.006866,0.004577,0.025176,0.000000,0.000000,0.000000,0.000000,0,0,0,0,0,0,0,0,0,0,0,0.045257568359375,-0.004302978515625,0,0,0,0,0,0,0,0,Object notstarted,Object notstarted,Object notstarted,Object notstarted,Object notstarted,Object notstarted,Object notstarted,Object notstarted,Object notstarted
2024-03-18 10:34:39,860.860,__main___datalogs,INFO,JoyConState.PREP_SNS,-6.587500,10.362500,-126.440000,0.098413,0.006866,0.004577,0.025176,0.000000,0.000000,0.000000,0.000000,0,0,0,0,0,0,0,0,0,0,0,0.045257568359375,-0.004302978515625,0,0,0,0,0,0,0,0,Object notstarted,Object notstarted,Object notstarted,Object notstarted,Object notstarted,Object notstarted,Object notstarted,Object notstarted,Object notstarted
2024-03-18 10:34:39,903.903,__main___datalogs,INFO,JoyConState.PREP_SNS,-6.587500,10.362500,-126.440000,0.098413,0.002289,0.004577,0.025176,0.000000,0.000000,0.000000,0.000000,0,0,0,0,0,0,0,0,0,0,0,0.045257568359375,-0.004302978515625,0,0,0,0,0,0,0,0,Object notstarted,Object notstarted,Object notstarted,Object notstarted,Object notstarted,Object notstarted,Object notstarted,Object notstarted,Object notstarted
2024-03-18 10:34:39,948.948,__main___datalogs,INFO,JoyConState.PREP_SNS,-6.587500,10.362500,-126.440000,0.098413,0.002289,0.011443,0.025176,0.000000,0.000000,0.000000,0.000000,0,0,0,0,0,0,0,0,0,0,0,0.045257568359375,-0.004302978515625,0,0,0,0,0,0,0,0,Object notstarted,Object notstarted,Object notstarted,Object notstarted,Object notstarted,Object notstarted,Object notstarted,Object notstarted,Object notstarted
2024-03-18 10:34:39,988.988,__main___datalogs,INFO,JoyConState.PREP_SNS,-6.587500,10.362500,-126.440000,0.054928,0.006866,0.011443,0.020598,0.000000,0.000000,0.000000,0.000000,0,0,0,0,0,0,0,0,0,0,0,0.045257568359375,-0.004302978515625,0,0,0,0,0,0,0,0,Object notstarted,Object notstarted,Object notstarted,Object notstarted,Object notstarted,Object notstarted,Object notstarted,Object notstarted,Object notstarted
2024-03-18 10:34:40,033.033,__main___datalogs,INFO,JoyConState.PREP_SNS,-6.587500,10.362500,-126.440000,0.096125,0.002289,0.004577,0.025176,0.000000,0.000000,0.000000,0.000000,0,0,0,0,0,0,0,0,0,0,0,0.045257568359375,-0.004302978515625,0,0,0,0,0,0,0,0,Object notstarted,Object notstarted,Object notstarted,Object notstarted,Object notstarted,Object notstarted,Object notstarted,Object notstarted,Object notstarted
2024-03-18 10:34:40,076.076,__main___datalogs,INFO,JoyConState.PREP_SNS,-6.587500,10.362500,-126.440000,0.096125,0.006866,0.002289,0.025176,0.000000,0.000000,0.000000,0.000000,0,0,0,0,0,0,0,0,0,0,0,0.045257568359375,-0.004302978515625,0,0,0,0,0,0,0,0,Object notstarted,Object notstarted,Object notstarted,Object notstarted,Object notstarted,Object notstarted,Object notstarted,Object notstarted,Object notstarted
2024-03-18 10:34:40,121.121,__main___datalogs,INFO,JoyConState.PREP_SNS,-6.587500,10.362500,-126.440000,0.098413,-0.002289,0.011443,0.020598,0.000000,0.000000,0.000000,0.000000,0,0,0,0,0,0,0,0,0,0,0,0.045257568359375,-0.004302978515625,0,0,0,0,0,0,0,0,Object notstarted,Object notstarted,Object notstarted,Object notstarted,Object notstarted,Object notstarted,Object notstarted,Object notstarted,Object notstarted
2024-03-18 10:34:40,163.163,__main___datalogs,INFO,JoyConState.PREP_SNS,-6.587500,10.362500,-126.440000,0.096125,0.002289,0.011443,0.025176,0.000000,0.000000,0.000000,0.000000,0,0,0,0,0,0,0,0,0,0,0,0.045257568359375,-0.004302978515625,0,0,0,0,0,0,0,0,Object notstarted,Object notstarted,Object notstarted,Object notstarted,Object notstarted,Object notstarted,Object notstarted,Object notstarted,Object notstarted
2024-03-18 10:34:40,207.207,__main___datalogs,INFO,JoyConState.PREP_SNS,-6.587500,10.362500,-126.440000,0.096125,-0.002289,0.011443,0.025176,0.000000,0.000000,0.000000,0.000000,0,0,0,0,0,0,0,0,0,0,0,0.045257568359375,-0.004302978515625,0,0,0,0,0,0,0,0,Object notstarted,Object notstarted,Object notstarted,Object notstarted,Object notstarted,Object notstarted,Object notstarted,Object notstarted,Object notstarted
2024-03-18 10:34:40,250.250,__main___datalogs,INFO,JoyConState.PREP_SNS,-6.587500,10.362500,-126.440000,0.098413,0.006866,0.011443,0.020598,0.000000,0.000000,0.000000,0.000000,0,0,0,0,0,0,0,0,0,0,0,0.045257568359375,-0.004302978515625,0,0,0,0,0,0,0,0,Object notstarted,Object notstarted,Object notstarted,Object notstarted,Object notstarted,Object notstarted,Object notstarted,Object notstarted,Object notstarted
2024-03-18 10:34:40,298.298,__main___datalogs,INFO,JoyConState.PREP_SNS,-6.587500,10.362500,-126.440000,0.098413,0.002289,0.011443,0.016021,0.000000,0.000000,0.000000,0.000000,0,0,0,0,0,0,0,0,0,0,0,0.045257568359375,-0.004302978515625,0,0,0,0,0,0,0,0,Object notstarted,Object notstarted,Object notstarted,Object notstarted,Object notstarted,Object notstarted,Object notstarted,Object notstarted,Object notstarted
2024-03-18 10:34:40,340.340,__main___datalogs,INFO,JoyConState.PREP_SNS,-6.587500,10.362500,-126.440000,0.096125,0.002289,0.004577,0.016021,0.000000,0.000000,0.000000,0.000000,0,0,0,0,0,0,0,0,0,0,0,0.045257568359375,-0.004302978515625,0,0,0,0,0,0,0,0,Object notstarted,Object notstarted,Object notstarted,Object notstarted,Object notstarted,Object notstarted,Object notstarted,Object notstarted,Object notstarted
2024-03-18 10:34:40,386.386,__main___datalogs,INFO,JoyConState.PREP_SNS,-6.587500,10.362500,-126.440000,0.098413,-0.002289,0.011443,0.025176,0.000000,0.000000,0.000000,0.000000,0,0,0,0,0,0,0,0,0,0,0,0.045257568359375,-0.004302978515625,0,0,0,0,0,0,0,0,Object notstarted,Object notstarted,Object notstarted,Object notstarted,Object notstarted,Object notstarted,Object notstarted,Object notstarted,Object notstarted
2024-03-18 10:34:40,428.428,__main___datalogs,INFO,JoyConState.PREP_SNS,-6.587500,10.362500,-126.440000,0.098413,-0.002289,0.011443,0.025176,0.000000,0.000000,0.000000,0.000000,0,0,0,0,0,0,0,0,0,0,0,0.045257568359375,-0.004302978515625,0,0,0,0,0,0,0,0,Object notstarted,Object notstarted,Object notstarted,Object notstarted,Object notstarted,Object notstarted,Object notstarted,Object notstarted,Object notstarted
2024-03-18 10:34:40,473.473,__main___datalogs,INFO,JoyConState.PREP_SNS,-6.587500,10.362500,-126.440000,0.098413,0.002289,0.011443,0.025176,0.000000,0.000000,0.000000,0.000000,0,0,0,0,0,0,0,0,0,0,0,0.045257568359375,-0.004302978515625,0,0,0,0,0,0,0,0,Object notstarted,Object notstarted,Object notstarted,Object notstarted,Object notstarted,Object notstarted,Object notstarted,Object notstarted,Object notstarted
2024-03-18 10:34:40,516.516,__main___datalogs,INFO,JoyConState.PREP_SNS,-6.587500,10.362500,-126.440000,0.102991,0.002289,0.011443,0.020598,0.000000,0.000000,0.000000,0.000000,0,0,0,0,0,0,0,0,0,0,0,0.045257568359375,-0.004302978515625,0,0,0,0,0,0,0,0,Object notstarted,Object notstarted,Object notstarted,Object notstarted,Object notstarted,Object notstarted,Object notstarted,Object notstarted,Object notstarted
2024-03-18 10:34:40,562.562,__main___datalogs,INFO,JoyConState.PREP_SNS,-6.587500,10.362500,-126.440000,0.096125,0.002289,0.011443,0.025176,0.000000,0.000000,0.000000,0.000000,0,0,0,0,0,0,0,0,0,0,0,0.045257568359375,-0.004302978515625,0,0,0,0,0,0,0,0,Object notstarted,Object notstarted,Object notstarted,Object notstarted,Object notstarted,Object notstarted,Object notstarted,Object notstarted,Object notstarted
2024-03-18 10:34:40,605.605,__main___datalogs,INFO,JoyConState.PREP_SNS,-6.587500,10.362500,-126.440000,0.102991,-0.002289,0.011443,0.025176,0.000000,0.000000,0.000000,0.000000,0,0,0,0,0,0,0,0,0,0,0,0.045257568359375,-0.004302978515625,0,0,0,0,0,0,0,0,Object notstarted,Object notstarted,Object notstarted,Object notstarted,Object notstarted,Object notstarted,Object notstarted,Object notstarted,Object notstarted
2024-03-18 10:34:40,647.647,__main___datalogs,INFO,JoyConState.PREP_SNS,-6.587500,10.362500,-126.440000,0.096125,0.006866,0.011443,0.025176,0.000000,0.000000,0.000000,0.000000,0,0,0,0,0,0,0,0,0,0,0,0.045257568359375,-0.004302978515625,0,0,0,0,0,0,0,0,Object notstarted,Object notstarted,Object notstarted,Object notstarted,Object notstarted,Object notstarted,Object notstarted,Object notstarted,Object notstarted
2024-03-18 10:34:40,688.688,__main___datalogs,INFO,JoyConState.PREP_SNS,-6.587500,10.362500,-126.440000,0.096125,0.006866,0.011443,0.025176,0.000000,0.000000,0.000000,0.000000,0,0,0,0,0,0,0,0,0,0,0,0.045257568359375,-0.004302978515625,0,0,0,0,0,0,0,0,Object notstarted,Object notstarted,Object notstarted,Object notstarted,Object notstarted,Object notstarted,Object notstarted,Object notstarted,Object notstarted
2024-03-18 10:34:40,731.731,__main___datalogs,INFO,JoyConState.PREP_SNS,-6.587500,10.362500,-126.440000,0.096125,0.002289,0.011443,0.025176,0.000000,0.000000,0.000000,0.000000,0,0,0,0,0,0,0,0,0,0,0,0.045257568359375,-0.004302978515625,0,0,0,0,0,0,0,0,Object notstarted,Object notstarted,Object notstarted,Object notstarted,Object notstarted,Object notstarted,Object notstarted,Object notstarted,Object notstarted
2024-03-18 10:34:40,773.773,__main___datalogs,INFO,JoyConState.PREP_SNS,-6.587500,10.362500,-126.440000,0.098413,0.006866,0.013732,0.025176,0.000000,0.000000,0.000000,0.000000,0,0,0,0,0,0,0,0,0,0,0,0.045257568359375,-0.004302978515625,0,0,0,0,0,0,0,0,Object notstarted,Object notstarted,Object notstarted,Object notstarted,Object notstarted,Object notstarted,Object notstarted,Object notstarted,Object notstarted
2024-03-18 10:34:40,816.816,__main___datalogs,INFO,JoyConState.PREP_SNS,-6.587500,10.362500,-126.440000,0.098413,0.006866,0.011443,0.025176,0.000000,0.000000,0.000000,0.000000,0,0,0,0,0,0,0,0,0,0,0,0.045257568359375,-0.004302978515625,0,0,0,0,0,0,0,0,Object notstarted,Object notstarted,Object notstarted,Object notstarted,Object notstarted,Object notstarted,Object notstarted,Object notstarted,Object notstarted
2024-03-18 10:34:40,858.858,__main___datalogs,INFO,JoyConState.PREP_SNS,-6.587500,10.362500,-126.440000,0.098413,0.002289,0.011443,0.020598,0.000000,0.000000,0.000000,0.000000,0,0,0,0,0,0,0,0,0,0,0,0.045257568359375,-0.004302978515625,0,0,0,0,0,0,0,0,Object notstarted,Object notstarted,Object notstarted,Object notstarted,Object notstarted,Object notstarted,Object notstarted,Object notstarted,Object notstarted
2024-03-18 10:34:40,903.903,__main___datalogs,INFO,JoyConState.PREP_SNS,-6.587500,10.362500,-126.440000,0.102991,0.006866,0.011443,0.025176,0.000000,0.000000,0.000000,0.000000,0,0,0,0,0,0,0,0,0,0,0,0.045257568359375,-0.004302978515625,0,0,0,0,0,0,0,0,Object notstarted,Object notstarted,Object notstarted,Object notstarted,Object notstarted,Object notstarted,Object notstarted,Object notstarted,Object notstarted
2024-03-18 10:34:40,944.944,__main___datalogs,INFO,JoyConState.PREP_SNS,-6.587500,10.362500,-126.440000,0.091547,0.002289,0.011443,0.025176,0.000000,0.000000,0.000000,0.000000,0,0,0,0,0,0,0,0,0,0,0,0.045257568359375,-0.004302978515625,0,0,0,0,0,0,0,0,Object notstarted,Object notstarted,Object notstarted,Object notstarted,Object notstarted,Object notstarted,Object notstarted,Object notstarted,Object notstarted
2024-03-18 10:34:40,987.987,__main___datalogs,INFO,JoyConState.PREP_SNS,-6.587500,10.362500,-126.440000,0.091547,0.006866,0.011443,0.025176,0.000000,0.000000,0.000000,0.000000,0,0,0,0,0,0,0,0,0,0,0,0.045257568359375,-0.004302978515625,0,0,0,0,0,0,0,0,Object notstarted,Object notstarted,Object notstarted,Object notstarted,Object notstarted,Object notstarted,Object notstarted,Object notstarted,Object notstarted
2024-03-18 10:34:41,028.028,__main___datalogs,INFO,JoyConState.PREP_SNS,-6.587500,10.362500,-126.440000,0.091547,0.002289,0.011443,0.025176,0.000000,0.000000,0.000000,0.000000,0,0,0,0,0,0,0,0,0,0,0,0.045257568359375,-0.004302978515625,0,0,0,0,0,0,0,0,Object notstarted,Object notstarted,Object notstarted,Object notstarted,Object notstarted,Object notstarted,Object notstarted,Object notstarted,Object notstarted
2024-03-18 10:34:41,072.072,__main___datalogs,INFO,JoyConState.PREP_SNS,-6.587500,10.362500,-126.440000,0.091547,0.002289,0.011443,0.025176,0.000000,0.000000,0.000000,0.000000,0,0,0,0,0,0,0,0,0,0,0,0.045257568359375,-0.004302978515625,0,0,0,0,0,0,0,0,Object notstarted,Object notstarted,Object notstarted,Object notstarted,Object notstarted,Object notstarted,Object notstarted,Object notstarted,Object notstarted
2024-03-18 10:34:41,115.115,__main___datalogs,INFO,JoyConState.PREP_SNS,-6.587500,10.362500,-126.440000,0.091547,0.002289,0.011443,0.025176,0.000000,0.000000,0.000000,0.000000,0,0,0,0,0,0,0,0,0,0,0,0.045257568359375,-0.004302978515625,0,0,0,0,0,0,0,0,Object notstarted,Object notstarted,Object notstarted,Object notstarted,Object notstarted,Object notstarted,Object notstarted,Object notstarted,Object notstarted
2024-03-18 10:34:41,159.159,__main___datalogs,INFO,JoyConState.PREP_SNS,-6.587500,10.362500,-126.440000,0.091547,0.002289,0.011443,0.025176,0.000000,0.000000,0.000000,0.000000,0,0,0,0,0,0,0,0,0,0,0,0.045257568359375,-0.004302978515625,0,0,0,0,0,0,0,0,Object notstarted,Object notstarted,Object notstarted,Object notstarted,Object notstarted,Object notstarted,Object notstarted,Object notstarted,Object notstarted
2024-03-18 10:34:41,201.201,__main___datalogs,INFO,JoyConState.PREP_SNS,-6.587500,10.362500,-126.440000,0.091547,0.002289,0.011443,0.025176,0.000000,0.000000,0.000000,0.000000,0,0,0,0,0,0,0,0,0,0,0,0.045257568359375,-0.004302978515625,0,0,0,0,0,0,0,0,Object notstarted,Object notstarted,Object notstarted,Object notstarted,Object notstarted,Object notstarted,Object notstarted,Object notstarted,Object notstarted
2024-03-18 10:34:41,246.246,__main___datalogs,INFO,JoyConState.PREP_SNS,-6.587500,10.362500,-126.440000,0.096125,0.006866,0.013732,0.025176,0.000000,0.000000,0.000000,0.000000,0,0,0,0,0,0,0,0,0,0,0,0.045257568359375,-0.004302978515625,0,0,0,0,0,0,0,0,Object notstarted,Object notstarted,Object notstarted,Object notstarted,Object notstarted,Object notstarted,Object notstarted,Object notstarted,Object notstarted
2024-03-18 10:34:41,288.288,__main___datalogs,INFO,JoyConState.PREP_SNS,-6.587500,10.362500,-126.440000,0.096125,0.006866,0.013732,0.025176,0.000000,0.000000,0.000000,0.000000,0,0,0,0,0,0,0,0,0,0,0,0.045257568359375,-0.004302978515625,0,0,0,0,0,0,0,0,Object notstarted,Object notstarted,Object notstarted,Object notstarted,Object notstarted,Object notstarted,Object notstarted,Object notstarted,Object notstarted
2024-03-18 10:34:41,333.333,__main___datalogs,INFO,JoyConState.PREP_SNS,-6.587500,10.362500,-126.440000,0.096125,0.006866,0.011443,0.025176,0.000000,0.000000,0.000000,0.000000,0,0,0,0,0,0,0,0,0,0,0,0.045257568359375,-0.004302978515625,0,0,0,0,0,0,0,0,Object notstarted,Object notstarted,Object notstarted,Object notstarted,Object notstarted,Object notstarted,Object notstarted,Object notstarted,Object notstarted
2024-03-18 10:34:41,374.374,__main___datalogs,INFO,JoyConState.PREP_SNS,-6.587500,10.362500,-126.440000,0.096125,0.006866,0.011443,0.020598,0.000000,0.000000,0.000000,0.000000,0,0,0,0,0,0,0,0,0,0,0,0.045257568359375,-0.004302978515625,0,0,0,0,0,0,0,0,Object notstarted,Object notstarted,Object notstarted,Object notstarted,Object notstarted,Object notstarted,Object notstarted,Object notstarted,Object notstarted
2024-03-18 10:34:41,438.438,__main___datalogs,INFO,JoyConState.PREP_SNS,-6.587500,10.362500,-126.440000,0.098413,0.006866,0.011443,0.020598,0.000000,0.000000,0.000000,0.000000,0,0,0,0,0,0,0,0,0,0,0,0.045257568359375,-0.004302978515625,0,0,0,0,0,0,0,0,Object notstarted,Object notstarted,Object notstarted,Object notstarted,Object notstarted,Object notstarted,Object notstarted,Object notstarted,Object notstarted
2024-03-18 10:34:41,479.479,__main___datalogs,INFO,JoyConState.PREP_SNS,-6.587500,10.362500,-126.440000,0.098413,0.006866,0.004577,0.025176,0.000000,0.000000,0.000000,0.000000,0,0,0,0,0,0,0,0,0,0,0,0.045257568359375,-0.004302978515625,0,0,0,0,0,0,0,0,Object notstarted,Object notstarted,Object notstarted,Object notstarted,Object notstarted,Object notstarted,Object notstarted,Object notstarted,Object notstarted
2024-03-18 10:34:41,521.521,__main___datalogs,INFO,JoyConState.PREP_SNS,-6.587500,10.362500,-126.440000,0.098413,0.002289,0.011443,0.025176,0.000000,0.000000,0.000000,0.000000,0,0,0,0,0,0,0,0,0,0,0,0.045257568359375,-0.004302978515625,0,0,0,0,0,0,0,0,Object notstarted,Object notstarted,Object notstarted,Object notstarted,Object notstarted,Object notstarted,Object notstarted,Object notstarted,Object notstarted
2024-03-18 10:34:41,563.563,__main___datalogs,INFO,JoyConState.PREP_SNS,-6.587500,10.362500,-126.440000,0.098413,0.006866,0.011443,0.025176,0.000000,0.000000,0.000000,0.000000,0,0,0,0,0,0,0,0,0,0,0,0.045257568359375,-0.004302978515625,0,0,0,0,0,0,0,0,Object notstarted,Object notstarted,Object notstarted,Object notstarted,Object notstarted,Object notstarted,Object notstarted,Object notstarted,Object notstarted
2024-03-18 10:34:41,607.607,__main___datalogs,INFO,JoyConState.PREP_SNS,-6.587500,10.362500,-126.440000,0.098413,0.006866,0.013732,0.025176,0.000000,0.000000,0.000000,0.000000,0,0,0,0,0,0,0,0,0,0,0,0.045257568359375,-0.004302978515625,0,0,0,0,0,0,0,0,Object notstarted,Object notstarted,Object notstarted,Object notstarted,Object notstarted,Object notstarted,Object notstarted,Object notstarted,Object notstarted
2024-03-18 10:34:41,650.650,__main___datalogs,INFO,JoyConState.PREP_SNS,-6.587500,10.362500,-126.440000,0.098413,0.006866,0.013732,0.025176,0.000000,0.000000,0.000000,0.000000,0,0,0,0,0,0,0,0,0,0,0,0.045257568359375,-0.004302978515625,0,0,0,0,0,0,0,0,Object notstarted,Object notstarted,Object notstarted,Object notstarted,Object notstarted,Object notstarted,Object notstarted,Object notstarted,Object notstarted
2024-03-18 10:34:41,695.695,__main___datalogs,INFO,JoyConState.PREP_SNS,-6.587500,10.362500,-126.440000,0.096125,0.006866,0.013732,0.025176,0.000000,0.000000,0.000000,0.000000,0,0,0,0,0,0,0,0,0,0,0,0.045257568359375,-0.004302978515625,0,0,0,0,0,0,0,0,Object notstarted,Object notstarted,Object notstarted,Object notstarted,Object notstarted,Object notstarted,Object notstarted,Object notstarted,Object notstarted
2024-03-18 10:34:41,737.737,__main___datalogs,INFO,JoyConState.PREP_SNS,-6.587500,10.362500,-126.440000,0.096125,0.002289,0.011443,0.025176,0.000000,0.000000,0.000000,0.000000,0,0,0,0,0,0,0,0,0,0,0,0.045257568359375,-0.004302978515625,0,0,0,0,0,0,0,0,Object notstarted,Object notstarted,Object notstarted,Object notstarted,Object notstarted,Object notstarted,Object notstarted,Object notstarted,Object notstarted
2024-03-18 10:34:41,783.783,__main___datalogs,INFO,JoyConState.PREP_SNS,-6.587500,10.362500,-126.440000,0.098413,0.002289,0.004577,0.025176,0.000000,0.000000,0.000000,0.000000,0,0,0,0,0,0,0,0,0,0,0,0.045257568359375,-0.004302978515625,0,0,0,0,0,0,0,0,Object notstarted,Object notstarted,Object notstarted,Object notstarted,Object notstarted,Object notstarted,Object notstarted,Object notstarted,Object notstarted
2024-03-18 10:34:41,824.824,__main___datalogs,INFO,JoyConState.PREP_SNS,-6.587500,10.362500,-126.440000,0.096125,0.006866,0.011443,0.025176,0.000000,0.000000,0.000000,0.000000,0,0,0,0,0,0,0,0,0,0,0,0.045257568359375,-0.004302978515625,0,0,0,0,0,0,0,0,Object notstarted,Object notstarted,Object notstarted,Object notstarted,Object notstarted,Object notstarted,Object notstarted,Object notstarted,Object notstarted
2024-03-18 10:34:41,869.869,__main___datalogs,INFO,JoyConState.PREP_SNS,-6.587500,10.362500,-126.440000,0.098413,0.002289,0.013732,0.025176,0.000000,0.000000,0.000000,0.000000,0,0,0,0,0,0,0,0,0,0,0,0.045257568359375,-0.004302978515625,0,0,0,0,0,0,0,0,Object notstarted,Object notstarted,Object notstarted,Object notstarted,Object notstarted,Object notstarted,Object notstarted,Object notstarted,Object notstarted
2024-03-18 10:34:41,911.911,__main___datalogs,INFO,JoyConState.PREP_SNS,-6.587500,10.362500,-126.440000,0.098413,0.002289,0.011443,0.025176,0.000000,0.000000,0.000000,0.000000,0,0,0,0,0,0,0,0,0,0,0,0.045257568359375,-0.004302978515625,0,0,0,0,0,0,0,0,Object notstarted,Object notstarted,Object notstarted,Object notstarted,Object notstarted,Object notstarted,Object notstarted,Object notstarted,Object notstarted
2024-03-18 10:34:41,954.954,__main___datalogs,INFO,JoyConState.PREP_SNS,-6.587500,10.362500,-126.440000,0.098413,0.002289,0.011443,0.025176,0.000000,0.000000,0.000000,0.000000,0,0,0,0,0,0,0,0,0,0,0,0.045257568359375,-0.004302978515625,0,0,0,0,0,0,0,0,Object notstarted,Object notstarted,Object notstarted,Object notstarted,Object notstarted,Object notstarted,Object notstarted,Object notstarted,Object notstarted
2024-03-18 10:34:41,996.996,__main___datalogs,INFO,JoyConState.PREP_SNS,-6.587500,10.362500,-126.440000,0.096125,0.002289,0.011443,0.025176,0.000000,0.000000,0.000000,0.000000,0,0,0,0,0,0,0,0,0,0,0,0.045257568359375,-0.004302978515625,0,0,0,0,0,0,0,0,Object notstarted,Object notstarted,Object notstarted,Object notstarted,Object notstarted,Object notstarted,Object notstarted,Object notstarted,Object notstarted
2024-03-18 10:34:42,038.038,__main___datalogs,INFO,JoyConState.PREP_SNS,-6.587500,10.362500,-126.440000,0.096125,0.006866,0.011443,0.025176,0.000000,0.000000,0.000000,0.000000,0,0,0,0,0,0,0,0,0,0,0,0.045257568359375,-0.004302978515625,0,0,0,0,0,0,0,0,Object notstarted,Object notstarted,Object notstarted,Object notstarted,Object notstarted,Object notstarted,Object notstarted,Object notstarted,Object notstarted
2024-03-18 10:34:42,079.079,__main___datalogs,INFO,JoyConState.PREP_SNS,-6.587500,10.362500,-126.440000,0.098413,0.006866,0.018310,0.025176,0.000000,0.000000,0.000000,0.000000,0,0,0,0,0,0,0,0,0,0,0,0.045257568359375,-0.004302978515625,0,0,0,0,0,0,0,0,Object notstarted,Object notstarted,Object notstarted,Object notstarted,Object notstarted,Object notstarted,Object notstarted,Object notstarted,Object notstarted
2024-03-18 10:34:42,122.122,__main___datalogs,INFO,JoyConState.PREP_SNS,-6.587500,10.362500,-126.440000,0.098413,0.006866,0.013732,0.025176,0.000000,0.000000,0.000000,0.000000,0,0,0,0,0,0,0,0,0,0,0,0.045257568359375,-0.004302978515625,0,0,0,0,0,0,0,0,Object notstarted,Object notstarted,Object notstarted,Object notstarted,Object notstarted,Object notstarted,Object notstarted,Object notstarted,Object notstarted
2024-03-18 10:34:42,165.165,__main___datalogs,INFO,JoyConState.PREP_SNS,-6.587500,10.362500,-126.440000,0.098413,0.006866,0.013732,0.020598,0.000000,0.000000,0.000000,0.000000,0,0,0,0,0,0,0,0,0,0,0,0.045257568359375,-0.004302978515625,0,0,0,0,0,0,0,0,Object notstarted,Object notstarted,Object notstarted,Object notstarted,Object notstarted,Object notstarted,Object notstarted,Object notstarted,Object notstarted
2024-03-18 10:34:42,209.209,__main___datalogs,INFO,JoyConState.PREP_SNS,-6.587500,10.362500,-126.440000,0.098413,0.006866,0.004577,0.020598,0.000000,0.000000,0.000000,0.000000,0,0,0,0,0,0,0,0,0,0,0,0.045257568359375,-0.004302978515625,0,0,0,0,0,0,0,0,Object notstarted,Object notstarted,Object notstarted,Object notstarted,Object notstarted,Object notstarted,Object notstarted,Object notstarted,Object notstarted
2024-03-18 10:34:42,251.251,__main___datalogs,INFO,JoyConState.PREP_SNS,-6.587500,10.362500,-126.440000,0.102991,0.002289,0.004577,0.020598,0.000000,0.000000,0.000000,0.000000,0,0,0,0,0,0,0,0,0,0,0,0.045257568359375,-0.004302978515625,0,0,0,0,0,0,0,0,Object notstarted,Object notstarted,Object notstarted,Object notstarted,Object notstarted,Object notstarted,Object notstarted,Object notstarted,Object notstarted
2024-03-18 10:34:42,295.295,__main___datalogs,INFO,JoyConState.PREP_SNS,-6.587500,10.362500,-126.440000,0.096125,-0.002289,0.013732,0.025176,0.000000,0.000000,0.000000,0.000000,0,0,0,0,0,0,0,0,0,0,0,0.045257568359375,-0.004302978515625,0,0,0,0,0,0,0,0,Object notstarted,Object notstarted,Object notstarted,Object notstarted,Object notstarted,Object notstarted,Object notstarted,Object notstarted,Object notstarted
2024-03-18 10:34:42,337.337,__main___datalogs,INFO,JoyConState.PREP_SNS,-6.587500,10.362500,-126.440000,0.096125,0.006866,0.013732,0.020598,0.000000,0.000000,0.000000,0.000000,0,0,0,0,0,0,0,0,0,0,0,0.045257568359375,-0.004302978515625,0,0,0,0,0,0,0,0,Object notstarted,Object notstarted,Object notstarted,Object notstarted,Object notstarted,Object notstarted,Object notstarted,Object notstarted,Object notstarted
2024-03-18 10:34:42,382.382,__main___datalogs,INFO,JoyConState.PREP_SNS,-6.587500,10.362500,-126.440000,0.096125,0.006866,0.011443,0.016021,0.000000,0.000000,0.000000,0.000000,0,0,0,0,0,0,0,0,0,0,0,0.045257568359375,-0.004302978515625,0,0,0,0,0,0,0,0,Object notstarted,Object notstarted,Object notstarted,Object notstarted,Object notstarted,Object notstarted,Object notstarted,Object notstarted,Object notstarted
2024-03-18 10:34:42,425.425,__main___datalogs,INFO,JoyConState.PREP_SNS,-6.587500,10.362500,-126.440000,0.098413,0.006866,0.011443,0.020598,0.000000,0.000000,0.000000,0.000000,0,0,0,0,0,0,0,0,0,0,0,0.045257568359375,-0.004302978515625,0,0,0,0,0,0,0,0,Object notstarted,Object notstarted,Object notstarted,Object notstarted,Object notstarted,Object notstarted,Object notstarted,Object notstarted,Object notstarted
2024-03-18 10:34:42,475.475,__main___datalogs,INFO,JoyConState.PREP_SNS,-6.587500,10.362500,-126.440000,0.098413,0.006866,0.011443,0.025176,0.000000,0.000000,0.000000,0.000000,0,0,0,0,0,0,0,0,0,0,0,0.045257568359375,-0.004302978515625,0,0,0,0,0,0,0,0,Object notstarted,Object notstarted,Object notstarted,Object notstarted,Object notstarted,Object notstarted,Object notstarted,Object notstarted,Object notstarted
2024-03-18 10:34:42,521.521,__main___datalogs,INFO,JoyConState.PREP_SNS,-6.587500,10.362500,-126.440000,0.096125,0.006866,0.011443,0.025176,0.000000,0.000000,0.000000,0.000000,0,0,0,0,0,0,0,0,0,0,0,0.045257568359375,-0.004302978515625,0,0,0,0,0,0,0,0,Object notstarted,Object notstarted,Object notstarted,Object notstarted,Object notstarted,Object notstarted,Object notstarted,Object notstarted,Object notstarted
2024-03-18 10:34:42,565.565,__main___datalogs,INFO,JoyConState.PREP_SNS,-6.587500,10.362500,-126.440000,0.098413,0.006866,0.011443,0.025176,0.000000,0.000000,0.000000,0.000000,0,0,0,0,0,0,0,0,0,0,0,0.045257568359375,-0.004302978515625,0,0,0,0,0,0,0,0,Object notstarted,Object notstarted,Object notstarted,Object notstarted,Object notstarted,Object notstarted,Object notstarted,Object notstarted,Object notstarted
2024-03-18 10:34:42,607.607,__main___datalogs,INFO,JoyConState.PREP_SNS,-6.587500,10.362500,-126.440000,0.098413,0.002289,0.013732,0.025176,0.000000,0.000000,0.000000,0.000000,0,0,0,0,0,0,0,0,0,0,0,0.045257568359375,-0.004302978515625,0,0,0,0,0,0,0,0,Object notstarted,Object notstarted,Object notstarted,Object notstarted,Object notstarted,Object notstarted,Object notstarted,Object notstarted,Object notstarted
2024-03-18 10:34:42,652.652,__main___datalogs,INFO,JoyConState.PREP_SNS,-6.587500,10.362500,-126.440000,0.091547,0.006866,0.013732,0.025176,0.000000,0.000000,0.000000,0.000000,0,0,0,0,0,0,0,0,0,0,0,0.045257568359375,-0.004302978515625,0,0,0,0,0,0,0,0,Object notstarted,Object notstarted,Object notstarted,Object notstarted,Object notstarted,Object notstarted,Object notstarted,Object notstarted,Object notstarted
2024-03-18 10:34:42,694.694,__main___datalogs,INFO,JoyConState.PREP_SNS,-6.587500,10.362500,-126.440000,0.096125,0.006866,0.011443,0.020598,0.000000,0.000000,0.000000,0.000000,0,0,0,0,0,0,0,0,0,0,0,0.045257568359375,-0.004302978515625,0,0,0,0,0,0,0,0,Object notstarted,Object notstarted,Object notstarted,Object notstarted,Object notstarted,Object notstarted,Object notstarted,Object notstarted,Object notstarted
2024-03-18 10:34:42,740.740,__main___datalogs,INFO,JoyConState.PREP_SNS,-6.587500,10.362500,-126.440000,0.098413,-0.002289,0.011443,0.025176,0.000000,0.000000,0.000000,0.000000,0,0,0,0,0,0,0,0,0,0,0,0.045257568359375,-0.004302978515625,0,0,0,0,0,0,0,0,Object notstarted,Object notstarted,Object notstarted,Object notstarted,Object notstarted,Object notstarted,Object notstarted,Object notstarted,Object notstarted
2024-03-18 10:34:42,783.783,__main___datalogs,INFO,JoyConState.PREP_SNS,-6.587500,10.362500,-126.440000,0.098413,0.002289,0.011443,0.025176,0.000000,0.000000,0.000000,0.000000,0,0,0,0,0,0,0,0,0,0,0,0.045257568359375,-0.004302978515625,0,0,0,0,0,0,0,0,Object notstarted,Object notstarted,Object notstarted,Object notstarted,Object notstarted,Object notstarted,Object notstarted,Object notstarted,Object notstarted
2024-03-18 10:34:42,830.830,__main___datalogs,INFO,JoyConState.PREP_SNS,-6.587500,10.362500,-126.440000,0.096125,0.002289,0.004577,0.025176,0.000000,0.000000,0.000000,0.000000,0,0,0,0,0,0,0,0,0,0,0,0.045257568359375,-0.004302978515625,0,0,0,0,0,0,0,0,Object notstarted,Object notstarted,Object notstarted,Object notstarted,Object notstarted,Object notstarted,Object notstarted,Object notstarted,Object notstarted
2024-03-18 10:34:42,872.872,__main___datalogs,INFO,JoyConState.PREP_SNS,-6.587500,10.362500,-126.440000,0.096125,0.002289,0.013732,0.025176,0.000000,0.000000,0.000000,0.000000,0,0,0,0,0,0,0,0,0,0,0,0.045257568359375,-0.004302978515625,0,0,0,0,0,0,0,0,Object notstarted,Object notstarted,Object notstarted,Object notstarted,Object notstarted,Object notstarted,Object notstarted,Object notstarted,Object notstarted
2024-03-18 10:34:42,914.914,__main___datalogs,INFO,JoyConState.PREP_SNS,-6.587500,10.362500,-126.440000,0.098413,0.002289,0.013732,0.025176,0.000000,0.000000,0.000000,0.000000,0,0,0,0,0,0,0,0,0,0,0,0.045257568359375,-0.004302978515625,0,0,0,0,0,0,0,0,Object notstarted,Object notstarted,Object notstarted,Object notstarted,Object notstarted,Object notstarted,Object notstarted,Object notstarted,Object notstarted
2024-03-18 10:34:42,955.955,__main___datalogs,INFO,JoyConState.PREP_SNS,-6.587500,10.362500,-126.440000,0.098413,0.006866,0.011443,0.020598,0.000000,0.000000,0.000000,0.000000,0,0,0,0,0,0,0,0,0,0,0,0.045257568359375,-0.004302978515625,0,0,0,0,0,0,0,0,Object notstarted,Object notstarted,Object notstarted,Object notstarted,Object notstarted,Object notstarted,Object notstarted,Object notstarted,Object notstarted
2024-03-18 10:34:42,999.999,__main___datalogs,INFO,JoyConState.PREP_SNS,-6.587500,10.362500,-126.440000,0.096125,0.006866,0.011443,0.020598,0.000000,0.000000,0.000000,0.000000,0,0,0,0,0,0,0,0,0,0,0,0.045257568359375,-0.004302978515625,0,0,0,0,0,0,0,0,Object notstarted,Object notstarted,Object notstarted,Object notstarted,Object notstarted,Object notstarted,Object notstarted,Object notstarted,Object notstarted
2024-03-18 10:34:43,039.039,__main___datalogs,INFO,JoyConState.PREP_SNS,-6.587500,10.362500,-126.440000,0.096125,0.002289,0.011443,0.020598,0.000000,0.000000,0.000000,0.000000,0,0,0,0,0,0,0,0,0,0,0,0.045257568359375,-0.004302978515625,0,0,0,0,0,0,0,0,Object notstarted,Object notstarted,Object notstarted,Object notstarted,Object notstarted,Object notstarted,Object notstarted,Object notstarted,Object notstarted
2024-03-18 10:34:43,084.084,__main___datalogs,INFO,JoyConState.PREP_SNS,-6.587500,10.362500,-126.440000,0.096125,0.006866,0.011443,0.020598,0.000000,0.000000,0.000000,0.000000,0,0,0,0,0,0,0,0,0,0,0,0.045257568359375,-0.004302978515625,0,0,0,0,0,0,0,0,Object notstarted,Object notstarted,Object notstarted,Object notstarted,Object notstarted,Object notstarted,Object notstarted,Object notstarted,Object notstarted
2024-03-18 10:34:43,125.125,__main___datalogs,INFO,JoyConState.PREP_SNS,-6.587500,10.362500,-126.440000,0.096125,0.006866,0.011443,0.020598,0.000000,0.000000,0.000000,0.000000,0,0,0,0,0,0,0,0,0,0,0,0.045257568359375,-0.004302978515625,0,0,0,0,0,0,0,0,Object notstarted,Object notstarted,Object notstarted,Object notstarted,Object notstarted,Object notstarted,Object notstarted,Object notstarted,Object notstarted
2024-03-18 10:34:43,169.169,__main___datalogs,INFO,JoyConState.PREP_SNS,-6.587500,10.362500,-126.440000,0.096125,0.006866,0.013732,0.025176,0.000000,0.000000,0.000000,0.000000,0,0,0,0,0,0,0,0,0,0,0,0.045257568359375,-0.004302978515625,0,0,0,0,0,0,0,0,Object notstarted,Object notstarted,Object notstarted,Object notstarted,Object notstarted,Object notstarted,Object notstarted,Object notstarted,Object notstarted
2024-03-18 10:34:43,210.210,__main___datalogs,INFO,JoyConState.PREP_SNS,-6.587500,10.362500,-126.440000,0.096125,0.002289,0.013732,0.025176,0.000000,0.000000,0.000000,0.000000,0,0,0,0,0,0,0,0,0,0,0,0.045257568359375,-0.004302978515625,0,0,0,0,0,0,0,0,Object notstarted,Object notstarted,Object notstarted,Object notstarted,Object notstarted,Object notstarted,Object notstarted,Object notstarted,Object notstarted
2024-03-18 10:34:43,253.253,__main___datalogs,INFO,JoyConState.PREP_SNS,-6.587500,10.362500,-126.440000,0.091547,0.006866,0.011443,0.025176,0.000000,0.000000,0.000000,0.000000,0,0,0,0,0,0,0,0,0,0,0,0.045257568359375,-0.004302978515625,0,0,0,0,0,0,0,0,Object notstarted,Object notstarted,Object notstarted,Object notstarted,Object notstarted,Object notstarted,Object notstarted,Object notstarted,Object notstarted
2024-03-18 10:34:43,295.295,__main___datalogs,INFO,JoyConState.PREP_SNS,-6.587500,10.362500,-126.440000,0.096125,0.006866,0.004577,0.025176,0.000000,0.000000,0.000000,0.000000,0,0,0,0,0,0,0,0,0,0,0,0.045257568359375,-0.004302978515625,0,0,0,0,0,0,0,0,Object notstarted,Object notstarted,Object notstarted,Object notstarted,Object notstarted,Object notstarted,Object notstarted,Object notstarted,Object notstarted
2024-03-18 10:34:43,338.338,__main___datalogs,INFO,JoyConState.PREP_SNS,-6.587500,10.362500,-126.440000,0.096125,0.002289,0.011443,0.020598,0.000000,0.000000,0.000000,0.000000,0,0,0,0,0,0,0,0,0,0,0,0.045257568359375,-0.004302978515625,0,0,0,0,0,0,0,0,Object notstarted,Object notstarted,Object notstarted,Object notstarted,Object notstarted,Object notstarted,Object notstarted,Object notstarted,Object notstarted
2024-03-18 10:34:43,379.379,__main___datalogs,INFO,JoyConState.PREP_SNS,-6.587500,10.362500,-126.440000,0.096125,0.002289,0.011443,0.025176,0.000000,0.000000,0.000000,0.000000,0,0,0,0,0,0,0,0,0,0,0,0.045257568359375,-0.004302978515625,0,0,0,0,0,0,0,0,Object notstarted,Object notstarted,Object notstarted,Object notstarted,Object notstarted,Object notstarted,Object notstarted,Object notstarted,Object notstarted
2024-03-18 10:34:43,424.424,__main___datalogs,INFO,JoyConState.PREP_SNS,-6.587500,10.362500,-126.440000,0.098413,0.002289,0.011443,0.020598,0.000000,0.000000,0.000000,0.000000,0,0,0,0,0,0,0,0,0,0,0,0.045257568359375,-0.004302978515625,0,0,0,0,0,0,0,0,Object notstarted,Object notstarted,Object notstarted,Object notstarted,Object notstarted,Object notstarted,Object notstarted,Object notstarted,Object notstarted
2024-03-18 10:34:43,466.466,__main___datalogs,INFO,JoyConState.PREP_SNS,-6.587500,10.362500,-126.440000,0.098413,-0.002289,0.011443,0.025176,0.000000,0.000000,0.000000,0.000000,0,0,0,0,0,0,0,0,0,0,0,0.045257568359375,-0.004302978515625,0,0,0,0,0,0,0,0,Object notstarted,Object notstarted,Object notstarted,Object notstarted,Object notstarted,Object notstarted,Object notstarted,Object notstarted,Object notstarted
2024-03-18 10:34:43,512.512,__main___datalogs,INFO,JoyConState.PREP_SNS,-6.587500,10.362500,-126.440000,0.098413,0.002289,0.011443,0.025176,0.000000,0.000000,0.000000,0.000000,0,0,0,0,0,0,0,0,0,0,0,0.045257568359375,-0.004302978515625,0,0,0,0,0,0,0,0,Object notstarted,Object notstarted,Object notstarted,Object notstarted,Object notstarted,Object notstarted,Object notstarted,Object notstarted,Object notstarted
2024-03-18 10:34:43,574.574,__main___datalogs,INFO,JoyConState.PREP_SNS,-6.587500,10.362500,-126.440000,0.096125,0.006866,0.011443,0.025176,0.000000,0.000000,0.000000,0.000000,0,0,0,0,0,0,0,0,0,0,0,0.045257568359375,-0.004302978515625,0,0,0,0,0,0,0,0,Object notstarted,Object notstarted,Object notstarted,Object notstarted,Object notstarted,Object notstarted,Object notstarted,Object notstarted,Object notstarted
2024-03-18 10:34:43,618.618,__main___datalogs,INFO,JoyConState.PREP_SNS,-6.587500,10.362500,-126.440000,0.096125,0.006866,0.011443,0.020598,0.000000,0.000000,0.000000,0.000000,0,0,0,0,0,0,0,0,0,0,0,0.045257568359375,-0.004302978515625,0,0,0,0,0,0,0,0,Object notstarted,Object notstarted,Object notstarted,Object notstarted,Object notstarted,Object notstarted,Object notstarted,Object notstarted,Object notstarted
2024-03-18 10:34:43,660.660,__main___datalogs,INFO,JoyConState.PREP_SNS,-6.587500,10.362500,-126.440000,0.096125,0.002289,0.011443,0.025176,0.000000,0.000000,0.000000,0.000000,0,0,0,0,0,0,0,0,0,0,0,0.045257568359375,-0.004302978515625,0,0,0,0,0,0,0,0,Object notstarted,Object notstarted,Object notstarted,Object notstarted,Object notstarted,Object notstarted,Object notstarted,Object notstarted,Object notstarted
2024-03-18 10:34:43,705.705,__main___datalogs,INFO,JoyConState.PREP_SNS,-6.587500,10.362500,-126.440000,0.096125,0.002289,0.011443,0.025176,0.000000,0.000000,0.000000,0.000000,0,0,0,0,0,0,0,0,0,0,0,0.045257568359375,-0.004302978515625,0,0,0,0,0,0,0,0,Object notstarted,Object notstarted,Object notstarted,Object notstarted,Object notstarted,Object notstarted,Object notstarted,Object notstarted,Object notstarted
2024-03-18 10:34:43,747.747,__main___datalogs,INFO,JoyConState.PREP_SNS,-6.587500,10.362500,-126.440000,0.098413,0.002289,0.011443,0.020598,0.000000,0.000000,0.000000,0.000000,0,0,0,0,0,0,0,0,0,0,0,0.045257568359375,-0.004302978515625,0,0,0,0,0,0,0,0,Object notstarted,Object notstarted,Object notstarted,Object notstarted,Object notstarted,Object notstarted,Object notstarted,Object notstarted,Object notstarted
2024-03-18 10:34:43,790.790,__main___datalogs,INFO,JoyConState.PREP_SNS,-6.587500,10.362500,-126.440000,0.096125,0.002289,0.011443,0.020598,0.000000,0.000000,0.000000,0.000000,0,0,0,0,0,0,0,0,0,0,0,0.045257568359375,-0.004302978515625,0,0,0,0,0,0,0,0,Object notstarted,Object notstarted,Object notstarted,Object notstarted,Object notstarted,Object notstarted,Object notstarted,Object notstarted,Object notstarted
2024-03-18 10:34:43,832.832,__main___datalogs,INFO,JoyConState.PREP_SNS,-6.587500,10.362500,-126.440000,0.098413,-0.002289,0.011443,0.025176,0.000000,0.000000,0.000000,0.000000,0,0,0,0,0,0,0,0,0,0,0,0.045257568359375,-0.004302978515625,0,0,0,0,0,0,0,0,Object notstarted,Object notstarted,Object notstarted,Object notstarted,Object notstarted,Object notstarted,Object notstarted,Object notstarted,Object notstarted
2024-03-18 10:34:43,878.878,__main___datalogs,INFO,JoyConState.PREP_SNS,-6.587500,10.362500,-126.440000,0.098413,0.006866,0.011443,0.025176,0.000000,0.000000,0.000000,0.000000,0,0,0,0,0,0,0,0,0,0,0,0.045257568359375,-0.004302978515625,0,0,0,0,0,0,0,0,Object notstarted,Object notstarted,Object notstarted,Object notstarted,Object notstarted,Object notstarted,Object notstarted,Object notstarted,Object notstarted
2024-03-18 10:34:43,922.922,__main___datalogs,INFO,JoyConState.PREP_SNS,-6.587500,10.362500,-126.440000,0.098413,0.006866,0.013732,0.025176,0.000000,0.000000,0.000000,0.000000,0,0,0,0,0,0,0,0,0,0,0,0.045257568359375,-0.004302978515625,0,0,0,0,0,0,0,0,Object notstarted,Object notstarted,Object notstarted,Object notstarted,Object notstarted,Object notstarted,Object notstarted,Object notstarted,Object notstarted
2024-03-18 10:34:43,967.967,__main___datalogs,INFO,JoyConState.PREP_SNS,-6.587500,10.362500,-126.440000,0.096125,0.002289,0.011443,0.020598,0.000000,0.000000,0.000000,0.000000,0,0,0,0,0,0,0,0,0,0,0,0.045257568359375,-0.004302978515625,0,0,0,0,0,0,0,0,Object notstarted,Object notstarted,Object notstarted,Object notstarted,Object notstarted,Object notstarted,Object notstarted,Object notstarted,Object notstarted
2024-03-18 10:34:44,007.007,__main___datalogs,INFO,JoyConState.PREP_SNS,-6.587500,10.362500,-126.440000,0.096125,0.002289,0.004577,0.025176,0.000000,0.000000,0.000000,0.000000,0,0,0,0,0,0,0,0,0,0,0,0.045257568359375,-0.004302978515625,0,0,0,0,0,0,0,0,Object notstarted,Object notstarted,Object notstarted,Object notstarted,Object notstarted,Object notstarted,Object notstarted,Object notstarted,Object notstarted
2024-03-18 10:34:44,051.051,__main___datalogs,INFO,JoyConState.PREP_SNS,-6.587500,10.362500,-126.440000,0.098413,0.006866,0.004577,0.025176,0.000000,0.000000,0.000000,0.000000,0,0,0,0,0,0,0,0,0,0,0,0.045257568359375,-0.004302978515625,0,0,0,0,0,0,0,0,Object notstarted,Object notstarted,Object notstarted,Object notstarted,Object notstarted,Object notstarted,Object notstarted,Object notstarted,Object notstarted
2024-03-18 10:34:44,094.094,__main___datalogs,INFO,JoyConState.PREP_SNS,-6.587500,10.362500,-126.440000,0.102991,0.006866,0.011443,0.025176,0.000000,0.000000,0.000000,0.000000,0,0,0,0,0,0,0,0,0,0,0,0.045257568359375,-0.004302978515625,0,0,0,0,0,0,0,0,Object notstarted,Object notstarted,Object notstarted,Object notstarted,Object notstarted,Object notstarted,Object notstarted,Object notstarted,Object notstarted
2024-03-18 10:34:44,138.138,__main___datalogs,INFO,JoyConState.PREP_SNS,-6.587500,10.362500,-126.440000,0.098413,0.006866,0.013732,0.025176,0.000000,0.000000,0.000000,0.000000,0,0,0,0,0,0,0,0,0,0,0,0.045257568359375,-0.004302978515625,0,0,0,0,0,0,0,0,Object notstarted,Object notstarted,Object notstarted,Object notstarted,Object notstarted,Object notstarted,Object notstarted,Object notstarted,Object notstarted
2024-03-18 10:34:44,180.180,__main___datalogs,INFO,JoyConState.PREP_SNS,-6.587500,10.362500,-126.440000,0.098413,0.002289,0.013732,0.025176,0.000000,0.000000,0.000000,0.000000,0,0,0,0,0,0,0,0,0,0,0,0.045257568359375,-0.004302978515625,0,0,0,0,0,0,0,0,Object notstarted,Object notstarted,Object notstarted,Object notstarted,Object notstarted,Object notstarted,Object notstarted,Object notstarted,Object notstarted
2024-03-18 10:34:44,224.224,__main___datalogs,INFO,JoyConState.PREP_SNS,-6.587500,10.362500,-126.440000,0.096125,0.002289,0.011443,0.027464,0.000000,0.000000,0.000000,0.000000,0,0,0,0,0,0,0,0,0,0,0,0.045257568359375,-0.004302978515625,0,0,0,0,0,0,0,0,Object notstarted,Object notstarted,Object notstarted,Object notstarted,Object notstarted,Object notstarted,Object notstarted,Object notstarted,Object notstarted
2024-03-18 10:34:44,268.268,__main___datalogs,INFO,JoyConState.PREP_SNS,-6.587500,10.362500,-126.440000,0.098413,0.002289,0.004577,0.025176,0.000000,0.000000,0.000000,0.000000,0,0,0,0,0,0,0,0,0,0,0,0.045257568359375,-0.004302978515625,0,0,0,0,0,0,0,0,Object notstarted,Object notstarted,Object notstarted,Object notstarted,Object notstarted,Object notstarted,Object notstarted,Object notstarted,Object notstarted
2024-03-18 10:34:44,313.313,__main___datalogs,INFO,JoyConState.PREP_SNS,-6.587500,10.362500,-126.440000,0.096125,0.006866,0.011443,0.025176,0.000000,0.000000,0.000000,0.000000,0,0,0,0,0,0,0,0,0,0,0,0.045257568359375,-0.004302978515625,0,0,0,0,0,0,0,0,Object notstarted,Object notstarted,Object notstarted,Object notstarted,Object notstarted,Object notstarted,Object notstarted,Object notstarted,Object notstarted
2024-03-18 10:34:44,355.355,__main___datalogs,INFO,JoyConState.PREP_SNS,-6.587500,10.362500,-126.440000,0.098413,0.002289,0.013732,0.025176,0.000000,0.000000,0.000000,0.000000,0,0,0,0,0,0,0,0,0,0,0,0.045257568359375,-0.004302978515625,0,0,0,0,0,0,0,0,Object notstarted,Object notstarted,Object notstarted,Object notstarted,Object notstarted,Object notstarted,Object notstarted,Object notstarted,Object notstarted
2024-03-18 10:34:44,399.399,__main___datalogs,INFO,JoyConState.PREP_SNS,-6.587500,10.362500,-126.440000,0.098413,-0.002289,0.011443,0.025176,0.000000,0.000000,0.000000,0.000000,0,0,0,0,0,0,0,0,0,0,0,0.045257568359375,-0.004302978515625,0,0,0,0,0,0,0,0,Object notstarted,Object notstarted,Object notstarted,Object notstarted,Object notstarted,Object notstarted,Object notstarted,Object notstarted,Object notstarted
2024-03-18 10:34:44,441.441,__main___datalogs,INFO,JoyConState.PREP_SNS,-6.587500,10.362500,-126.440000,0.089258,0.002289,0.013732,0.025176,0.000000,0.000000,0.000000,0.000000,0,0,0,0,0,0,0,0,0,0,0,0.045257568359375,-0.004302978515625,0,0,0,0,0,0,0,0,Object notstarted,Object notstarted,Object notstarted,Object notstarted,Object notstarted,Object notstarted,Object notstarted,Object notstarted,Object notstarted
2024-03-18 10:34:44,484.484,__main___datalogs,INFO,JoyConState.PREP_SNS,-6.587500,10.362500,-126.440000,0.096125,0.006866,0.011443,0.020598,0.000000,0.000000,0.000000,0.000000,0,0,0,0,0,0,0,0,0,0,0,0.045257568359375,-0.004302978515625,0,0,0,0,0,0,0,0,Object notstarted,Object notstarted,Object notstarted,Object notstarted,Object notstarted,Object notstarted,Object notstarted,Object notstarted,Object notstarted
2024-03-18 10:34:44,526.526,__main___datalogs,INFO,JoyConState.PREP_SNS,-6.587500,10.362500,-126.440000,0.091547,0.006866,0.011443,0.025176,0.000000,0.000000,0.000000,0.000000,0,0,0,0,0,0,0,0,0,0,0,0.045257568359375,-0.004302978515625,0,0,0,0,0,0,0,0,Object notstarted,Object notstarted,Object notstarted,Object notstarted,Object notstarted,Object notstarted,Object notstarted,Object notstarted,Object notstarted
2024-03-18 10:34:44,570.570,__main___datalogs,INFO,JoyConState.PREP_SNS,-6.587500,10.362500,-126.440000,0.098413,0.006866,0.011443,0.025176,0.000000,0.000000,0.000000,0.000000,0,0,0,0,0,0,0,0,0,0,0,0.045257568359375,-0.004302978515625,0,0,0,0,0,0,0,0,Object notstarted,Object notstarted,Object notstarted,Object notstarted,Object notstarted,Object notstarted,Object notstarted,Object notstarted,Object notstarted
2024-03-18 10:34:44,618.618,__main___datalogs,INFO,JoyConState.PREP_SNS,-6.587500,10.362500,-126.440000,0.098413,0.006866,0.011443,0.020598,0.000000,0.000000,0.000000,0.000000,0,0,0,0,0,0,0,0,0,0,0,0.045257568359375,-0.004302978515625,0,0,0,0,0,0,0,0,Object notstarted,Object notstarted,Object notstarted,Object notstarted,Object notstarted,Object notstarted,Object notstarted,Object notstarted,Object notstarted
2024-03-18 10:34:44,666.666,__main___datalogs,INFO,JoyConState.PREP_SNS,-6.587500,10.362500,-126.440000,0.098413,0.006866,0.011443,0.025176,0.000000,0.000000,0.000000,0.000000,0,0,0,0,0,0,0,0,0,0,0,0.045257568359375,-0.004302978515625,0,0,0,0,0,0,0,0,Object notstarted,Object notstarted,Object notstarted,Object notstarted,Object notstarted,Object notstarted,Object notstarted,Object notstarted,Object notstarted
2024-03-18 10:34:44,710.710,__main___datalogs,INFO,JoyConState.PREP_SNS,-6.587500,10.362500,-126.440000,0.098413,0.006866,0.011443,0.025176,0.000000,0.000000,0.000000,0.000000,0,0,0,0,0,0,0,0,0,0,0,0.045257568359375,-0.004302978515625,0,0,0,0,0,0,0,0,Object notstarted,Object notstarted,Object notstarted,Object notstarted,Object notstarted,Object notstarted,Object notstarted,Object notstarted,Object notstarted
2024-03-18 10:34:44,754.754,__main___datalogs,INFO,JoyConState.PREP_SNS,-6.587500,10.362500,-126.440000,0.096125,0.006866,0.013732,0.025176,0.000000,0.000000,0.000000,0.000000,0,0,0,0,0,0,0,0,0,0,0,0.045257568359375,-0.004302978515625,0,0,0,0,0,0,0,0,Object notstarted,Object notstarted,Object notstarted,Object notstarted,Object notstarted,Object notstarted,Object notstarted,Object notstarted,Object notstarted
2024-03-18 10:34:44,797.797,__main___datalogs,INFO,JoyConState.PREP_SNS,-6.587500,10.362500,-126.440000,0.096125,0.006866,0.013732,0.025176,0.000000,0.000000,0.000000,0.000000,0,0,0,0,0,0,0,0,0,0,0,0.045257568359375,-0.004302978515625,0,0,0,0,0,0,0,0,Object notstarted,Object notstarted,Object notstarted,Object notstarted,Object notstarted,Object notstarted,Object notstarted,Object notstarted,Object notstarted
2024-03-18 10:34:44,842.842,__main___datalogs,INFO,JoyConState.PREP_SNS,-6.587500,10.362500,-126.440000,0.096125,0.006866,0.011443,0.025176,0.000000,0.000000,0.000000,0.000000,0,0,0,0,0,0,0,0,0,0,0,0.045257568359375,-0.004302978515625,0,0,0,0,0,0,0,0,Object notstarted,Object notstarted,Object notstarted,Object notstarted,Object notstarted,Object notstarted,Object notstarted,Object notstarted,Object notstarted
2024-03-18 10:34:44,884.884,__main___datalogs,INFO,JoyConState.PREP_SNS,-6.587500,10.362500,-126.440000,0.098413,0.006866,0.011443,0.025176,0.000000,0.000000,0.000000,0.000000,0,0,0,0,0,0,0,0,0,0,0,0.045257568359375,-0.004302978515625,0,0,0,0,0,0,0,0,Object notstarted,Object notstarted,Object notstarted,Object notstarted,Object notstarted,Object notstarted,Object notstarted,Object notstarted,Object notstarted
2024-03-18 10:34:44,928.928,__main___datalogs,INFO,JoyConState.PREP_SNS,-6.587500,10.362500,-126.440000,0.102991,0.006866,0.011443,0.025176,0.000000,0.000000,0.000000,0.000000,0,0,0,0,0,0,0,0,0,0,0,0.045257568359375,-0.004302978515625,0,0,0,0,0,0,0,0,Object notstarted,Object notstarted,Object notstarted,Object notstarted,Object notstarted,Object notstarted,Object notstarted,Object notstarted,Object notstarted
2024-03-18 10:34:44,970.970,__main___datalogs,INFO,JoyConState.PREP_SNS,-6.587500,10.362500,-126.440000,0.091547,0.002289,0.011443,0.025176,0.000000,0.000000,0.000000,0.000000,0,0,0,0,0,0,0,0,0,0,0,0.045257568359375,-0.004302978515625,0,0,0,0,0,0,0,0,Object notstarted,Object notstarted,Object notstarted,Object notstarted,Object notstarted,Object notstarted,Object notstarted,Object notstarted,Object notstarted
2024-03-18 10:34:45,013.013,__main___datalogs,INFO,JoyConState.PREP_SNS,-6.587500,10.362500,-126.440000,0.091547,0.002289,0.011443,0.020598,0.000000,0.000000,0.000000,0.000000,0,0,0,0,0,0,0,0,0,0,0,0.045257568359375,-0.004302978515625,0,0,0,0,0,0,0,0,Object notstarted,Object notstarted,Object notstarted,Object notstarted,Object notstarted,Object notstarted,Object notstarted,Object notstarted,Object notstarted
2024-03-18 10:34:45,055.055,__main___datalogs,INFO,JoyConState.PREP_SNS,-6.587500,10.362500,-126.440000,0.098413,0.006866,0.011443,0.025176,0.000000,0.000000,0.000000,0.000000,0,0,0,0,0,0,0,0,0,0,0,0.045257568359375,-0.004302978515625,0,0,0,0,0,0,0,0,Object notstarted,Object notstarted,Object notstarted,Object notstarted,Object notstarted,Object notstarted,Object notstarted,Object notstarted,Object notstarted
2024-03-18 10:34:45,098.098,__main___datalogs,INFO,JoyConState.PREP_SNS,-6.587500,10.362500,-126.440000,0.096125,0.006866,0.011443,0.025176,0.000000,0.000000,0.000000,0.000000,0,0,0,0,0,0,0,0,0,0,0,0.045257568359375,-0.004302978515625,0,0,0,0,0,0,0,0,Object notstarted,Object notstarted,Object notstarted,Object notstarted,Object notstarted,Object notstarted,Object notstarted,Object notstarted,Object notstarted
2024-03-18 10:34:45,141.141,__main___datalogs,INFO,JoyConState.PREP_SNS,-6.587500,10.362500,-126.440000,0.098413,0.006866,0.011443,0.025176,0.000000,0.000000,0.000000,0.000000,0,0,0,0,0,0,0,0,0,0,0,0.045257568359375,-0.004302978515625,0,0,0,0,0,0,0,0,Object notstarted,Object notstarted,Object notstarted,Object notstarted,Object notstarted,Object notstarted,Object notstarted,Object notstarted,Object notstarted
2024-03-18 10:34:45,185.185,__main___datalogs,INFO,JoyConState.PREP_SNS,-6.587500,10.362500,-126.440000,0.096125,0.006866,0.004577,0.020598,0.000000,0.000000,0.000000,0.000000,0,0,0,0,0,0,0,0,0,0,0,0.045257568359375,-0.004302978515625,0,0,0,0,0,0,0,0,Object notstarted,Object notstarted,Object notstarted,Object notstarted,Object notstarted,Object notstarted,Object notstarted,Object notstarted,Object notstarted
2024-03-18 10:34:45,228.228,__main___datalogs,INFO,JoyConState.PREP_SNS,-6.587500,10.362500,-126.440000,0.096125,0.006866,0.004577,0.025176,0.000000,0.000000,0.000000,0.000000,0,0,0,0,0,0,0,0,0,0,0,0.045257568359375,-0.004302978515625,0,0,0,0,0,0,0,0,Object notstarted,Object notstarted,Object notstarted,Object notstarted,Object notstarted,Object notstarted,Object notstarted,Object notstarted,Object notstarted
2024-03-18 10:34:45,271.271,__main___datalogs,INFO,JoyConState.PREP_SNS,-6.587500,10.362500,-126.440000,0.096125,-0.002289,0.013732,0.025176,0.000000,0.000000,0.000000,0.000000,0,0,0,0,0,0,0,0,0,0,0,0.045257568359375,-0.004302978515625,0,0,0,0,0,0,0,0,Object notstarted,Object notstarted,Object notstarted,Object notstarted,Object notstarted,Object notstarted,Object notstarted,Object notstarted,Object notstarted
2024-03-18 10:34:45,314.314,__main___datalogs,INFO,JoyConState.PREP_SNS,-6.587500,10.362500,-126.440000,0.096125,-0.002289,0.013732,0.025176,0.000000,0.000000,0.000000,0.000000,0,0,0,0,0,0,0,0,0,0,0,0.045257568359375,-0.004302978515625,0,0,0,0,0,0,0,0,Object notstarted,Object notstarted,Object notstarted,Object notstarted,Object notstarted,Object notstarted,Object notstarted,Object notstarted,Object notstarted
2024-03-18 10:34:45,358.358,__main___datalogs,INFO,JoyConState.PREP_SNS,-6.587500,10.362500,-126.440000,0.096125,0.002289,0.013732,0.025176,0.000000,0.000000,0.000000,0.000000,0,0,0,0,0,0,0,0,0,0,0,0.045257568359375,-0.004302978515625,0,0,0,0,0,0,0,0,Object notstarted,Object notstarted,Object notstarted,Object notstarted,Object notstarted,Object notstarted,Object notstarted,Object notstarted,Object notstarted
2024-03-18 10:34:45,401.401,__main___datalogs,INFO,JoyConState.PREP_SNS,-6.587500,10.362500,-126.440000,0.096125,0.006866,0.011443,0.020598,0.000000,0.000000,0.000000,0.000000,0,0,0,0,0,0,0,0,0,0,0,0.045257568359375,-0.004302978515625,0,0,0,0,0,0,0,0,Object notstarted,Object notstarted,Object notstarted,Object notstarted,Object notstarted,Object notstarted,Object notstarted,Object notstarted,Object notstarted
2024-03-18 10:34:45,446.446,__main___datalogs,INFO,JoyConState.PREP_SNS,-6.587500,10.362500,-126.440000,0.096125,0.006866,0.011443,0.025176,0.000000,0.000000,0.000000,0.000000,0,0,0,0,0,0,0,0,0,0,0,0.045257568359375,-0.004302978515625,0,0,0,0,0,0,0,0,Object notstarted,Object notstarted,Object notstarted,Object notstarted,Object notstarted,Object notstarted,Object notstarted,Object notstarted,Object notstarted
2024-03-18 10:34:45,484.484,__main___datalogs,INFO,JoyConState.PREP_SNS,-6.587500,10.362500,-126.440000,0.102991,0.002289,0.011443,0.025176,0.000000,0.000000,0.000000,0.000000,0,0,0,0,0,0,0,0,0,0,0,0.045257568359375,-0.004302978515625,0,0,0,0,0,0,0,0,Object notstarted,Object notstarted,Object notstarted,Object notstarted,Object notstarted,Object notstarted,Object notstarted,Object notstarted,Object notstarted
2024-03-18 10:34:45,522.522,__main___datalogs,INFO,JoyConState.PREP_SNS,-6.587500,10.362500,-126.440000,0.102991,0.002289,0.011443,0.020598,0.000000,0.000000,0.000000,0.000000,0,0,0,0,0,0,0,0,0,0,0,0.045257568359375,-0.004302978515625,0,0,0,0,0,0,0,0,Object notstarted,Object notstarted,Object notstarted,Object notstarted,Object notstarted,Object notstarted,Object notstarted,Object notstarted,Object notstarted
2024-03-18 10:34:45,566.566,__main___datalogs,INFO,JoyConState.PREP_SNS,-6.587500,10.362500,-126.440000,0.096125,0.006866,0.004577,0.020598,0.000000,0.000000,0.000000,0.000000,0,0,0,0,0,0,0,0,0,0,0,0.045257568359375,-0.004302978515625,0,0,0,0,0,0,0,0,Object notstarted,Object notstarted,Object notstarted,Object notstarted,Object notstarted,Object notstarted,Object notstarted,Object notstarted,Object notstarted
2024-03-18 10:34:45,611.611,__main___datalogs,INFO,JoyConState.PREP_SNS,-6.587500,10.362500,-126.440000,0.096125,0.006866,0.011443,0.020598,0.000000,0.000000,0.000000,0.000000,0,0,0,0,0,0,0,0,0,0,0,0.045257568359375,-0.004302978515625,0,0,0,0,0,0,0,0,Object notstarted,Object notstarted,Object notstarted,Object notstarted,Object notstarted,Object notstarted,Object notstarted,Object notstarted,Object notstarted
2024-03-18 10:34:45,654.654,__main___datalogs,INFO,JoyConState.PREP_SNS,-6.587500,10.362500,-126.440000,0.096125,0.006866,0.011443,0.025176,0.000000,0.000000,0.000000,0.000000,0,0,0,0,0,0,0,0,0,0,0,0.045257568359375,-0.004302978515625,0,0,0,0,0,0,0,0,Object notstarted,Object notstarted,Object notstarted,Object notstarted,Object notstarted,Object notstarted,Object notstarted,Object notstarted,Object notstarted
2024-03-18 10:34:45,719.719,__main___datalogs,INFO,JoyConState.PREP_SNS,-6.587500,10.362500,-126.440000,0.096125,0.002289,0.011443,0.025176,0.000000,0.000000,0.000000,0.000000,0,0,0,0,0,0,0,0,0,0,0,0.045257568359375,-0.004302978515625,0,0,0,0,0,0,0,0,Object notstarted,Object notstarted,Object notstarted,Object notstarted,Object notstarted,Object notstarted,Object notstarted,Object notstarted,Object notstarted
2024-03-18 10:34:45,761.761,__main___datalogs,INFO,JoyConState.PREP_SNS,-6.587500,10.362500,-126.440000,0.096125,0.002289,0.011443,0.025176,0.000000,0.000000,0.000000,0.000000,0,0,0,0,0,0,0,0,0,0,0,0.045257568359375,-0.004302978515625,0,0,0,0,0,0,0,0,Object notstarted,Object notstarted,Object notstarted,Object notstarted,Object notstarted,Object notstarted,Object notstarted,Object notstarted,Object notstarted
2024-03-18 10:34:45,804.804,__main___datalogs,INFO,JoyConState.PREP_SNS,-6.587500,10.362500,-126.440000,0.096125,0.002289,0.011443,0.025176,0.000000,0.000000,0.000000,0.000000,0,0,0,0,0,0,0,0,0,0,0,0.045257568359375,-0.004302978515625,0,0,0,0,0,0,0,0,Object notstarted,Object notstarted,Object notstarted,Object notstarted,Object notstarted,Object notstarted,Object notstarted,Object notstarted,Object notstarted
2024-03-18 10:34:45,847.847,__main___datalogs,INFO,JoyConState.PREP_SNS,-6.587500,10.362500,-126.440000,0.096125,0.002289,0.011443,0.025176,0.000000,0.000000,0.000000,0.000000,0,0,0,0,0,0,0,0,0,0,0,0.045257568359375,-0.004302978515625,0,0,0,0,0,0,0,0,Object notstarted,Object notstarted,Object notstarted,Object notstarted,Object notstarted,Object notstarted,Object notstarted,Object notstarted,Object notstarted
2024-03-18 10:34:45,891.891,__main___datalogs,INFO,JoyConState.PREP_SNS,-6.587500,10.362500,-126.440000,0.096125,0.006866,0.004577,0.025176,0.000000,0.000000,0.000000,0.000000,0,0,0,0,0,0,0,0,0,0,0,0.045257568359375,-0.004302978515625,0,0,0,0,0,0,0,0,Object notstarted,Object notstarted,Object notstarted,Object notstarted,Object notstarted,Object notstarted,Object notstarted,Object notstarted,Object notstarted
2024-03-18 10:34:45,933.933,__main___datalogs,INFO,JoyConState.PREP_SNS,-6.587500,10.362500,-126.440000,0.096125,0.006866,0.002289,0.025176,0.000000,0.000000,0.000000,0.000000,0,0,0,0,0,0,0,0,0,0,0,0.045257568359375,-0.004302978515625,0,0,0,0,0,0,0,0,Object notstarted,Object notstarted,Object notstarted,Object notstarted,Object notstarted,Object notstarted,Object notstarted,Object notstarted,Object notstarted
2024-03-18 10:34:45,971.971,__main___datalogs,INFO,JoyConState.PREP_SNS,-6.587500,10.362500,-126.440000,0.098413,0.006866,0.004577,0.020598,0.000000,0.000000,0.000000,0.000000,0,0,0,0,0,0,0,0,0,0,0,0.045257568359375,-0.004302978515625,0,0,0,0,0,0,0,0,Object notstarted,Object notstarted,Object notstarted,Object notstarted,Object notstarted,Object notstarted,Object notstarted,Object notstarted,Object notstarted
2024-03-18 10:34:46,014.014,__main___datalogs,INFO,JoyConState.PREP_SNS,-6.587500,10.362500,-126.440000,0.102991,0.006866,0.004577,0.020598,0.000000,0.000000,0.000000,0.000000,0,0,0,0,0,0,0,0,0,0,0,0.045257568359375,-0.004302978515625,0,0,0,0,0,0,0,0,Object notstarted,Object notstarted,Object notstarted,Object notstarted,Object notstarted,Object notstarted,Object notstarted,Object notstarted,Object notstarted
2024-03-18 10:34:46,060.060,__main___datalogs,INFO,JoyConState.PREP_SNS,-6.587500,10.362500,-126.440000,0.102991,0.006866,0.004577,0.020598,0.000000,0.000000,0.000000,0.000000,0,0,0,0,0,0,0,0,0,0,0,0.045257568359375,-0.004302978515625,0,0,0,0,0,0,0,0,Object notstarted,Object notstarted,Object notstarted,Object notstarted,Object notstarted,Object notstarted,Object notstarted,Object notstarted,Object notstarted
2024-03-18 10:34:46,101.101,__main___datalogs,INFO,JoyConState.PREP_SNS,-6.587500,10.362500,-126.440000,0.054928,0.006866,0.011443,0.020598,0.000000,0.000000,0.000000,0.000000,0,0,0,0,0,0,0,0,0,0,0,0.045257568359375,-0.004302978515625,0,0,0,0,0,0,0,0,Object notstarted,Object notstarted,Object notstarted,Object notstarted,Object notstarted,Object notstarted,Object notstarted,Object notstarted,Object notstarted
2024-03-18 10:34:46,145.145,__main___datalogs,INFO,JoyConState.PREP_SNS,-6.587500,10.362500,-126.440000,0.096125,0.006866,0.011443,0.020598,0.000000,0.000000,0.000000,0.000000,0,0,0,0,0,0,0,0,0,0,0,0.045257568359375,-0.004302978515625,0,0,0,0,0,0,0,0,Object notstarted,Object notstarted,Object notstarted,Object notstarted,Object notstarted,Object notstarted,Object notstarted,Object notstarted,Object notstarted
2024-03-18 10:34:46,186.186,__main___datalogs,INFO,JoyConState.PREP_SNS,-6.587500,10.362500,-126.440000,0.091547,-0.002289,0.011443,0.020598,0.000000,0.000000,0.000000,0.000000,0,0,0,0,0,0,0,0,0,0,0,0.045257568359375,-0.004302978515625,0,0,0,0,0,0,0,0,Object notstarted,Object notstarted,Object notstarted,Object notstarted,Object notstarted,Object notstarted,Object notstarted,Object notstarted,Object notstarted
2024-03-18 10:34:46,230.230,__main___datalogs,INFO,JoyConState.PREP_SNS,-6.587500,10.362500,-126.440000,0.091547,-0.002289,0.011443,0.020598,0.000000,0.000000,0.000000,0.000000,0,0,0,0,0,0,0,0,0,0,0,0.045257568359375,-0.004302978515625,0,0,0,0,0,0,0,0,Object notstarted,Object notstarted,Object notstarted,Object notstarted,Object notstarted,Object notstarted,Object notstarted,Object notstarted,Object notstarted
2024-03-18 10:34:46,271.271,__main___datalogs,INFO,JoyConState.PREP_SNS,-6.587500,10.362500,-126.440000,0.091547,-0.002289,0.011443,0.025176,0.000000,0.000000,0.000000,0.000000,0,0,0,0,0,0,0,0,0,0,0,0.045257568359375,-0.004302978515625,0,0,0,0,0,0,0,0,Object notstarted,Object notstarted,Object notstarted,Object notstarted,Object notstarted,Object notstarted,Object notstarted,Object notstarted,Object notstarted
2024-03-18 10:34:46,314.314,__main___datalogs,INFO,JoyConState.PREP_SNS,-6.587500,10.362500,-126.440000,0.096125,-0.002289,0.011443,0.020598,0.000000,0.000000,0.000000,0.000000,0,0,0,0,0,0,0,0,0,0,0,0.045257568359375,-0.004302978515625,0,0,0,0,0,0,0,0,Object notstarted,Object notstarted,Object notstarted,Object notstarted,Object notstarted,Object notstarted,Object notstarted,Object notstarted,Object notstarted
2024-03-18 10:34:46,356.356,__main___datalogs,INFO,JoyConState.PREP_SNS,-6.587500,10.362500,-126.440000,0.096125,0.002289,0.011443,0.025176,0.000000,0.000000,0.000000,0.000000,0,0,0,0,0,0,0,0,0,0,0,0.045257568359375,-0.004302978515625,0,0,0,0,0,0,0,0,Object notstarted,Object notstarted,Object notstarted,Object notstarted,Object notstarted,Object notstarted,Object notstarted,Object notstarted,Object notstarted
2024-03-18 10:34:46,400.400,__main___datalogs,INFO,JoyConState.PREP_SNS,-6.587500,10.362500,-126.440000,0.096125,0.002289,0.004577,0.020598,0.000000,0.000000,0.000000,0.000000,0,0,0,0,0,0,0,0,0,0,0,0.045257568359375,-0.004302978515625,0,0,0,0,0,0,0,0,Object notstarted,Object notstarted,Object notstarted,Object notstarted,Object notstarted,Object notstarted,Object notstarted,Object notstarted,Object notstarted
2024-03-18 10:34:46,442.442,__main___datalogs,INFO,JoyConState.PREP_SNS,-6.587500,10.362500,-126.440000,0.096125,0.002289,0.004577,0.025176,0.000000,0.000000,0.000000,0.000000,0,0,0,0,0,0,0,0,0,0,0,0.045257568359375,-0.004302978515625,0,0,0,0,0,0,0,0,Object notstarted,Object notstarted,Object notstarted,Object notstarted,Object notstarted,Object notstarted,Object notstarted,Object notstarted,Object notstarted
2024-03-18 10:34:46,485.485,__main___datalogs,INFO,JoyConState.PREP_SNS,-6.587500,10.362500,-126.440000,0.091547,0.006866,0.011443,0.025176,0.000000,0.000000,0.000000,0.000000,0,0,0,0,0,0,0,0,0,0,0,0.045257568359375,-0.004302978515625,0,0,0,0,0,0,0,0,Object notstarted,Object notstarted,Object notstarted,Object notstarted,Object notstarted,Object notstarted,Object notstarted,Object notstarted,Object notstarted
2024-03-18 10:34:46,527.527,__main___datalogs,INFO,JoyConState.PREP_SNS,-6.587500,10.362500,-126.440000,0.096125,0.006866,0.011443,0.025176,0.000000,0.000000,0.000000,0.000000,0,0,0,0,0,0,0,0,0,0,0,0.045257568359375,-0.004302978515625,0,0,0,0,0,0,0,0,Object notstarted,Object notstarted,Object notstarted,Object notstarted,Object notstarted,Object notstarted,Object notstarted,Object notstarted,Object notstarted
2024-03-18 10:34:46,570.570,__main___datalogs,INFO,JoyConState.PREP_SNS,-6.587500,10.362500,-126.440000,0.096125,0.002289,0.011443,0.025176,0.000000,0.000000,0.000000,0.000000,0,0,0,0,0,0,0,0,0,0,0,0.045257568359375,-0.004302978515625,0,0,0,0,0,0,0,0,Object notstarted,Object notstarted,Object notstarted,Object notstarted,Object notstarted,Object notstarted,Object notstarted,Object notstarted,Object notstarted
2024-03-18 10:34:46,613.613,__main___datalogs,INFO,JoyConState.PREP_SNS,-6.587500,10.362500,-126.440000,0.096125,0.002289,0.011443,0.025176,0.000000,0.000000,0.000000,0.000000,0,0,0,0,0,0,0,0,0,0,0,0.045257568359375,-0.004302978515625,0,0,0,0,0,0,0,0,Object notstarted,Object notstarted,Object notstarted,Object notstarted,Object notstarted,Object notstarted,Object notstarted,Object notstarted,Object notstarted
2024-03-18 10:34:46,658.658,__main___datalogs,INFO,JoyConState.PREP_SNS,-6.587500,10.362500,-126.440000,0.098413,0.002289,0.011443,0.025176,0.000000,0.000000,0.000000,0.000000,0,0,0,0,0,0,0,0,0,0,0,0.045257568359375,-0.004302978515625,0,0,0,0,0,0,0,0,Object notstarted,Object notstarted,Object notstarted,Object notstarted,Object notstarted,Object notstarted,Object notstarted,Object notstarted,Object notstarted
2024-03-18 10:34:46,700.700,__main___datalogs,INFO,JoyConState.PREP_SNS,-6.587500,10.362500,-126.440000,0.098413,0.002289,0.011443,0.025176,0.000000,0.000000,0.000000,0.000000,0,0,0,0,0,0,0,0,0,0,0,0.045257568359375,-0.004302978515625,0,0,0,0,0,0,0,0,Object notstarted,Object notstarted,Object notstarted,Object notstarted,Object notstarted,Object notstarted,Object notstarted,Object notstarted,Object notstarted
2024-03-18 10:34:46,761.761,__main___datalogs,INFO,JoyConState.PREP_SNS,-6.587500,10.362500,-126.440000,0.096125,0.002289,0.011443,0.025176,0.000000,0.000000,0.000000,0.000000,0,0,0,0,0,0,0,0,0,0,0,0.045257568359375,-0.004302978515625,0,0,0,0,0,0,0,0,Object notstarted,Object notstarted,Object notstarted,Object notstarted,Object notstarted,Object notstarted,Object notstarted,Object notstarted,Object notstarted
2024-03-18 10:34:46,820.820,__main___datalogs,INFO,JoyConState.PREP_SNS,-6.587500,10.362500,-126.440000,0.096125,0.002289,0.011443,0.025176,0.000000,0.000000,0.000000,0.000000,0,0,0,0,0,0,0,0,0,0,0,0.045257568359375,-0.004302978515625,0,0,0,0,0,0,0,0,Object notstarted,Object notstarted,Object notstarted,Object notstarted,Object notstarted,Object notstarted,Object notstarted,Object notstarted,Object notstarted
2024-03-18 10:34:46,865.865,__main___datalogs,INFO,JoyConState.PREP_SNS,-6.587500,10.362500,-126.440000,0.096125,0.002289,0.004577,0.025176,0.000000,0.000000,0.000000,0.000000,0,0,0,0,0,0,0,0,0,0,0,0.045257568359375,-0.004302978515625,0,0,0,0,0,0,0,0,Object notstarted,Object notstarted,Object notstarted,Object notstarted,Object notstarted,Object notstarted,Object notstarted,Object notstarted,Object notstarted
2024-03-18 10:34:46,908.908,__main___datalogs,INFO,JoyConState.PREP_SNS,-6.587500,10.362500,-126.440000,0.098413,0.002289,0.011443,0.025176,0.000000,0.000000,0.000000,0.000000,0,0,0,0,0,0,0,0,0,0,0,0.045257568359375,-0.004302978515625,0,0,0,0,0,0,0,0,Object notstarted,Object notstarted,Object notstarted,Object notstarted,Object notstarted,Object notstarted,Object notstarted,Object notstarted,Object notstarted
2024-03-18 10:34:46,952.952,__main___datalogs,INFO,JoyConState.PREP_SNS,-6.587500,10.362500,-126.440000,0.098413,-0.002289,0.011443,0.025176,0.000000,0.000000,0.000000,0.000000,0,0,0,0,0,0,0,0,0,0,0,0.045257568359375,-0.004302978515625,0,0,0,0,0,0,0,0,Object notstarted,Object notstarted,Object notstarted,Object notstarted,Object notstarted,Object notstarted,Object notstarted,Object notstarted,Object notstarted
2024-03-18 10:34:46,995.995,__main___datalogs,INFO,JoyConState.PREP_SNS,-6.587500,10.362500,-126.440000,0.098413,0.002289,0.011443,0.025176,0.000000,0.000000,0.000000,0.000000,0,0,0,0,0,0,0,0,0,0,0,0.045257568359375,-0.004302978515625,0,0,0,0,0,0,0,0,Object notstarted,Object notstarted,Object notstarted,Object notstarted,Object notstarted,Object notstarted,Object notstarted,Object notstarted,Object notstarted
2024-03-18 10:34:47,040.040,__main___datalogs,INFO,JoyConState.PREP_SNS,-6.587500,10.362500,-126.440000,0.098413,-0.002289,0.013732,0.020598,0.000000,0.000000,0.000000,0.000000,0,0,0,0,0,0,0,0,0,0,0,0.045257568359375,-0.004302978515625,0,0,0,0,0,0,0,0,Object notstarted,Object notstarted,Object notstarted,Object notstarted,Object notstarted,Object notstarted,Object notstarted,Object notstarted,Object notstarted
2024-03-18 10:34:47,083.083,__main___datalogs,INFO,JoyConState.PREP_SNS,-6.587500,10.362500,-126.440000,0.098413,0.006866,0.013732,0.020598,0.000000,0.000000,0.000000,0.000000,0,0,0,0,0,0,0,0,0,0,0,0.045257568359375,-0.004302978515625,0,0,0,0,0,0,0,0,Object notstarted,Object notstarted,Object notstarted,Object notstarted,Object notstarted,Object notstarted,Object notstarted,Object notstarted,Object notstarted
2024-03-18 10:34:47,128.128,__main___datalogs,INFO,JoyConState.PREP_SNS,-6.587500,10.362500,-126.440000,0.098413,0.006866,0.011443,0.025176,0.000000,0.000000,0.000000,0.000000,0,0,0,0,0,0,0,0,0,0,0,0.045257568359375,-0.004302978515625,0,0,0,0,0,0,0,0,Object notstarted,Object notstarted,Object notstarted,Object notstarted,Object notstarted,Object notstarted,Object notstarted,Object notstarted,Object notstarted
2024-03-18 10:34:47,171.171,__main___datalogs,INFO,JoyConState.PREP_SNS,-6.587500,10.362500,-126.440000,0.098413,0.002289,0.013732,0.025176,0.000000,0.000000,0.000000,0.000000,0,0,0,0,0,0,0,0,0,0,0,0.045257568359375,-0.004302978515625,0,0,0,0,0,0,0,0,Object notstarted,Object notstarted,Object notstarted,Object notstarted,Object notstarted,Object notstarted,Object notstarted,Object notstarted,Object notstarted
2024-03-18 10:34:47,213.213,__main___datalogs,INFO,JoyConState.PREP_SNS,-6.587500,10.362500,-126.440000,0.098413,0.006866,0.013732,0.025176,0.000000,0.000000,0.000000,0.000000,0,0,0,0,0,0,0,0,0,0,0,0.045257568359375,-0.004302978515625,0,0,0,0,0,0,0,0,Object notstarted,Object notstarted,Object notstarted,Object notstarted,Object notstarted,Object notstarted,Object notstarted,Object notstarted,Object notstarted
2024-03-18 10:34:47,254.254,__main___datalogs,INFO,JoyConState.PREP_SNS,-6.587500,10.362500,-126.440000,0.098413,0.002289,0.011443,0.025176,0.000000,0.000000,0.000000,0.000000,0,0,0,0,0,0,0,0,0,0,0,0.045257568359375,-0.004302978515625,0,0,0,0,0,0,0,0,Object notstarted,Object notstarted,Object notstarted,Object notstarted,Object notstarted,Object notstarted,Object notstarted,Object notstarted,Object notstarted
2024-03-18 10:34:47,298.298,__main___datalogs,INFO,JoyConState.PREP_SNS,-6.587500,10.362500,-126.440000,0.098413,0.002289,0.011443,0.025176,0.000000,0.000000,0.000000,0.000000,0,0,0,0,0,0,0,0,0,0,0,0.045257568359375,-0.004302978515625,0,0,0,0,0,0,0,0,Object notstarted,Object notstarted,Object notstarted,Object notstarted,Object notstarted,Object notstarted,Object notstarted,Object notstarted,Object notstarted
2024-03-18 10:34:47,339.339,__main___datalogs,INFO,JoyConState.PREP_SNS,-6.587500,10.362500,-126.440000,0.098413,0.002289,0.011443,0.025176,0.000000,0.000000,0.000000,0.000000,0,0,0,0,0,0,0,0,0,0,0,0.045257568359375,-0.004302978515625,0,0,0,0,0,0,0,0,Object notstarted,Object notstarted,Object notstarted,Object notstarted,Object notstarted,Object notstarted,Object notstarted,Object notstarted,Object notstarted
2024-03-18 10:34:47,382.382,__main___datalogs,INFO,JoyConState.PREP_SNS,-6.587500,10.362500,-126.440000,0.098413,0.006866,0.004577,0.025176,0.000000,0.000000,0.000000,0.000000,0,0,0,0,0,0,0,0,0,0,0,0.045257568359375,-0.004302978515625,0,0,0,0,0,0,0,0,Object notstarted,Object notstarted,Object notstarted,Object notstarted,Object notstarted,Object notstarted,Object notstarted,Object notstarted,Object notstarted
2024-03-18 10:34:47,424.424,__main___datalogs,INFO,JoyConState.PREP_SNS,-6.587500,10.362500,-126.440000,0.096125,0.002289,0.004577,0.020598,0.000000,0.000000,0.000000,0.000000,0,0,0,0,0,0,0,0,0,0,0,0.045257568359375,-0.004302978515625,0,0,0,0,0,0,0,0,Object notstarted,Object notstarted,Object notstarted,Object notstarted,Object notstarted,Object notstarted,Object notstarted,Object notstarted,Object notstarted
2024-03-18 10:34:47,464.464,__main___datalogs,INFO,JoyConState.PREP_SNS,-6.587500,10.362500,-126.440000,0.096125,0.006866,0.004577,0.025176,0.000000,0.000000,0.000000,0.000000,0,0,0,0,0,0,0,0,0,0,0,0.045257568359375,-0.004302978515625,0,0,0,0,0,0,0,0,Object notstarted,Object notstarted,Object notstarted,Object notstarted,Object notstarted,Object notstarted,Object notstarted,Object notstarted,Object notstarted
2024-03-18 10:34:47,506.506,__main___datalogs,INFO,JoyConState.PREP_SNS,-6.587500,10.362500,-126.440000,0.098413,0.006866,0.004577,0.025176,0.000000,0.000000,0.000000,0.000000,0,0,0,0,0,0,0,0,0,0,0,0.045257568359375,-0.004302978515625,0,0,0,0,0,0,0,0,Object notstarted,Object notstarted,Object notstarted,Object notstarted,Object notstarted,Object notstarted,Object notstarted,Object notstarted,Object notstarted
2024-03-18 10:34:47,550.550,__main___datalogs,INFO,JoyConState.PREP_SNS,-6.587500,10.362500,-126.440000,0.098413,0.006866,0.011443,0.025176,0.000000,0.000000,0.000000,0.000000,0,0,0,0,0,0,0,0,0,0,0,0.045257568359375,-0.004302978515625,0,0,0,0,0,0,0,0,Object notstarted,Object notstarted,Object notstarted,Object notstarted,Object notstarted,Object notstarted,Object notstarted,Object notstarted,Object notstarted
2024-03-18 10:34:47,593.593,__main___datalogs,INFO,JoyConState.PREP_SNS,-6.587500,10.362500,-126.440000,0.098413,0.002289,0.011443,0.025176,0.000000,0.000000,0.000000,0.000000,0,0,0,0,0,0,0,0,0,0,0,0.045257568359375,-0.004302978515625,0,0,0,0,0,0,0,0,Object notstarted,Object notstarted,Object notstarted,Object notstarted,Object notstarted,Object notstarted,Object notstarted,Object notstarted,Object notstarted
2024-03-18 10:34:47,638.638,__main___datalogs,INFO,JoyConState.PREP_SNS,-6.587500,10.362500,-126.440000,0.098413,0.006866,0.011443,0.025176,0.000000,0.000000,0.000000,0.000000,0,0,0,0,0,0,0,0,0,0,0,0.045257568359375,-0.004302978515625,0,0,0,0,0,0,0,0,Object notstarted,Object notstarted,Object notstarted,Object notstarted,Object notstarted,Object notstarted,Object notstarted,Object notstarted,Object notstarted
2024-03-18 10:34:47,681.681,__main___datalogs,INFO,JoyConState.PREP_SNS,-6.587500,10.362500,-126.440000,0.098413,0.002289,0.013732,0.025176,0.000000,0.000000,0.000000,0.000000,0,0,0,0,0,0,0,0,0,0,0,0.045257568359375,-0.004302978515625,0,0,0,0,0,0,0,0,Object notstarted,Object notstarted,Object notstarted,Object notstarted,Object notstarted,Object notstarted,Object notstarted,Object notstarted,Object notstarted
2024-03-18 10:34:47,725.725,__main___datalogs,INFO,JoyConState.PREP_SNS,-6.587500,10.362500,-126.440000,0.096125,0.006866,0.013732,0.025176,0.000000,0.000000,0.000000,0.000000,0,0,0,0,0,0,0,0,0,0,0,0.045257568359375,-0.004302978515625,0,0,0,0,0,0,0,0,Object notstarted,Object notstarted,Object notstarted,Object notstarted,Object notstarted,Object notstarted,Object notstarted,Object notstarted,Object notstarted
2024-03-18 10:34:47,767.767,__main___datalogs,INFO,JoyConState.PREP_SNS,-6.587500,10.362500,-126.440000,0.096125,0.006866,0.011443,0.025176,0.000000,0.000000,0.000000,0.000000,0,0,0,0,0,0,0,0,0,0,0,0.045257568359375,-0.004302978515625,0,0,0,0,0,0,0,0,Object notstarted,Object notstarted,Object notstarted,Object notstarted,Object notstarted,Object notstarted,Object notstarted,Object notstarted,Object notstarted
2024-03-18 10:34:47,819.819,__main___datalogs,INFO,JoyConState.PREP_SNS,-6.587500,10.362500,-126.440000,0.096125,0.006866,0.011443,0.025176,0.000000,0.000000,0.000000,0.000000,0,0,0,0,0,0,0,0,0,0,0,0.045257568359375,-0.004302978515625,0,0,0,0,0,0,0,0,Object notstarted,Object notstarted,Object notstarted,Object notstarted,Object notstarted,Object notstarted,Object notstarted,Object notstarted,Object notstarted
2024-03-18 10:34:47,865.865,__main___datalogs,INFO,JoyConState.PREP_SNS,-6.587500,10.362500,-126.440000,0.098413,0.006866,0.013732,0.025176,0.000000,0.000000,0.000000,0.000000,0,0,0,0,0,0,0,0,0,0,0,0.045257568359375,-0.004302978515625,0,0,0,0,0,0,0,0,Object notstarted,Object notstarted,Object notstarted,Object notstarted,Object notstarted,Object notstarted,Object notstarted,Object notstarted,Object notstarted
2024-03-18 10:34:47,909.909,__main___datalogs,INFO,JoyConState.PREP_SNS,-6.587500,10.362500,-126.440000,0.102991,0.006866,0.013732,0.025176,0.000000,0.000000,0.000000,0.000000,0,0,0,0,0,0,0,0,0,0,0,0.045257568359375,-0.004302978515625,0,0,0,0,0,0,0,0,Object notstarted,Object notstarted,Object notstarted,Object notstarted,Object notstarted,Object notstarted,Object notstarted,Object notstarted,Object notstarted
2024-03-18 10:34:47,952.952,__main___datalogs,INFO,JoyConState.PREP_SNS,-6.587500,10.362500,-126.440000,0.096125,0.006866,0.013732,0.025176,0.000000,0.000000,0.000000,0.000000,0,0,0,0,0,0,0,0,0,0,0,0.045257568359375,-0.004302978515625,0,0,0,0,0,0,0,0,Object notstarted,Object notstarted,Object notstarted,Object notstarted,Object notstarted,Object notstarted,Object notstarted,Object notstarted,Object notstarted
2024-03-18 10:34:47,997.997,__main___datalogs,INFO,JoyConState.PREP_SNS,-6.587500,10.362500,-126.440000,0.098413,0.006866,0.013732,0.025176,0.000000,0.000000,0.000000,0.000000,0,0,0,0,0,0,0,0,0,0,0,0.045257568359375,-0.004302978515625,0,0,0,0,0,0,0,0,Object notstarted,Object notstarted,Object notstarted,Object notstarted,Object notstarted,Object notstarted,Object notstarted,Object notstarted,Object notstarted
2024-03-18 10:34:48,041.041,__main___datalogs,INFO,JoyConState.PREP_SNS,-6.587500,10.362500,-126.440000,0.096125,0.006866,0.013732,0.025176,0.000000,0.000000,0.000000,0.000000,0,0,0,0,0,0,0,0,0,0,0,0.045257568359375,-0.004302978515625,0,0,0,0,0,0,0,0,Object notstarted,Object notstarted,Object notstarted,Object notstarted,Object notstarted,Object notstarted,Object notstarted,Object notstarted,Object notstarted
2024-03-18 10:34:48,086.086,__main___datalogs,INFO,JoyConState.PREP_SNS,-6.587500,10.362500,-126.440000,0.098413,0.009155,0.011443,0.025176,0.000000,0.000000,0.000000,0.000000,0,0,0,0,0,0,0,0,0,0,0,0.045257568359375,-0.004302978515625,0,0,0,0,0,0,0,0,Object notstarted,Object notstarted,Object notstarted,Object notstarted,Object notstarted,Object notstarted,Object notstarted,Object notstarted,Object notstarted
2024-03-18 10:34:48,129.129,__main___datalogs,INFO,JoyConState.PREP_SNS,-6.587500,10.362500,-126.440000,0.102991,0.006866,0.011443,0.025176,0.000000,0.000000,0.000000,0.000000,0,0,0,0,0,0,0,0,0,0,0,0.045257568359375,-0.004302978515625,0,0,0,0,0,0,0,0,Object notstarted,Object notstarted,Object notstarted,Object notstarted,Object notstarted,Object notstarted,Object notstarted,Object notstarted,Object notstarted
2024-03-18 10:34:48,172.172,__main___datalogs,INFO,JoyConState.PREP_SNS,-6.587500,10.362500,-126.440000,0.098413,0.006866,0.011443,0.025176,0.000000,0.000000,0.000000,0.000000,0,0,0,0,0,0,0,0,0,0,0,0.045257568359375,-0.004302978515625,0,0,0,0,0,0,0,0,Object notstarted,Object notstarted,Object notstarted,Object notstarted,Object notstarted,Object notstarted,Object notstarted,Object notstarted,Object notstarted
2024-03-18 10:34:48,215.215,__main___datalogs,INFO,JoyConState.PREP_SNS,-6.587500,10.362500,-126.440000,0.102991,0.002289,0.011443,0.025176,0.000000,0.000000,0.000000,0.000000,0,0,0,0,0,0,0,0,0,0,0,0.045257568359375,-0.004302978515625,0,0,0,0,0,0,0,0,Object notstarted,Object notstarted,Object notstarted,Object notstarted,Object notstarted,Object notstarted,Object notstarted,Object notstarted,Object notstarted
2024-03-18 10:34:48,260.260,__main___datalogs,INFO,JoyConState.PREP_SNS,-6.587500,10.362500,-126.440000,0.096125,0.002289,0.011443,0.025176,0.000000,0.000000,0.000000,0.000000,0,0,0,0,0,0,0,0,0,0,0,0.045257568359375,-0.004302978515625,0,0,0,0,0,0,0,0,Object notstarted,Object notstarted,Object notstarted,Object notstarted,Object notstarted,Object notstarted,Object notstarted,Object notstarted,Object notstarted
2024-03-18 10:34:48,305.305,__main___datalogs,INFO,JoyConState.PREP_SNS,-6.587500,10.362500,-126.440000,0.096125,0.002289,0.011443,0.025176,0.000000,0.000000,0.000000,0.000000,0,0,0,0,0,0,0,0,0,0,0,0.045257568359375,-0.004302978515625,0,0,0,0,0,0,0,0,Object notstarted,Object notstarted,Object notstarted,Object notstarted,Object notstarted,Object notstarted,Object notstarted,Object notstarted,Object notstarted
2024-03-18 10:34:48,351.351,__main___datalogs,INFO,JoyConState.PREP_SNS,-6.587500,10.362500,-126.440000,0.102991,0.002289,0.011443,0.025176,0.000000,0.000000,0.000000,0.000000,0,0,0,0,0,0,0,0,0,0,0,0.045257568359375,-0.004302978515625,0,0,0,0,0,0,0,0,Object notstarted,Object notstarted,Object notstarted,Object notstarted,Object notstarted,Object notstarted,Object notstarted,Object notstarted,Object notstarted
2024-03-18 10:34:48,393.393,__main___datalogs,INFO,JoyConState.PREP_SNS,-6.587500,10.362500,-126.440000,0.068660,-0.002289,0.011443,0.020598,0.000000,0.000000,0.000000,0.000000,0,0,0,0,0,0,0,0,0,0,0,0.045257568359375,-0.004302978515625,0,0,0,0,0,0,0,0,Object notstarted,Object notstarted,Object notstarted,Object notstarted,Object notstarted,Object notstarted,Object notstarted,Object notstarted,Object notstarted
2024-03-18 10:34:48,437.437,__main___datalogs,INFO,JoyConState.PREP_SNS,-6.587500,10.362500,-126.440000,0.091547,0.002289,0.011443,0.016021,0.000000,0.000000,0.000000,0.000000,0,0,0,0,0,0,0,0,0,0,0,0.045257568359375,-0.004302978515625,0,0,0,0,0,0,0,0,Object notstarted,Object notstarted,Object notstarted,Object notstarted,Object notstarted,Object notstarted,Object notstarted,Object notstarted,Object notstarted
2024-03-18 10:34:48,479.479,__main___datalogs,INFO,JoyConState.PREP_SNS,-6.587500,10.362500,-126.440000,0.091547,0.002289,0.011443,0.025176,0.000000,0.000000,0.000000,0.000000,0,0,0,0,0,0,0,0,0,0,0,0.045257568359375,-0.004302978515625,0,0,0,0,0,0,0,0,Object notstarted,Object notstarted,Object notstarted,Object notstarted,Object notstarted,Object notstarted,Object notstarted,Object notstarted,Object notstarted
2024-03-18 10:34:48,523.523,__main___datalogs,INFO,JoyConState.PREP_SNS,-6.587500,10.362500,-126.440000,0.091547,0.006866,0.011443,0.025176,0.000000,0.000000,0.000000,0.000000,0,0,0,0,0,0,0,0,0,0,0,0.045257568359375,-0.004302978515625,0,0,0,0,0,0,0,0,Object notstarted,Object notstarted,Object notstarted,Object notstarted,Object notstarted,Object notstarted,Object notstarted,Object notstarted,Object notstarted
2024-03-18 10:34:48,566.566,__main___datalogs,INFO,JoyConState.PREP_SNS,-6.587500,10.362500,-126.440000,0.091547,0.006866,0.013732,0.025176,0.000000,0.000000,0.000000,0.000000,0,0,0,0,0,0,0,0,0,0,0,0.045257568359375,-0.004302978515625,0,0,0,0,0,0,0,0,Object notstarted,Object notstarted,Object notstarted,Object notstarted,Object notstarted,Object notstarted,Object notstarted,Object notstarted,Object notstarted
2024-03-18 10:34:48,609.609,__main___datalogs,INFO,JoyConState.PREP_SNS,-6.587500,10.362500,-126.440000,0.091547,0.002289,0.013732,0.020598,0.000000,0.000000,0.000000,0.000000,0,0,0,0,0,0,0,0,0,0,0,0.045257568359375,-0.004302978515625,0,0,0,0,0,0,0,0,Object notstarted,Object notstarted,Object notstarted,Object notstarted,Object notstarted,Object notstarted,Object notstarted,Object notstarted,Object notstarted
2024-03-18 10:34:48,652.652,__main___datalogs,INFO,JoyConState.PREP_SNS,-6.587500,10.362500,-126.440000,0.091547,0.006866,0.004577,0.025176,0.000000,0.000000,0.000000,0.000000,0,0,0,0,0,0,0,0,0,0,0,0.045257568359375,-0.004302978515625,0,0,0,0,0,0,0,0,Object notstarted,Object notstarted,Object notstarted,Object notstarted,Object notstarted,Object notstarted,Object notstarted,Object notstarted,Object notstarted
2024-03-18 10:34:48,698.698,__main___datalogs,INFO,JoyConState.PREP_SNS,-6.587500,10.362500,-126.440000,0.091547,0.009155,0.011443,0.020598,0.000000,0.000000,0.000000,0.000000,0,0,0,0,0,0,0,0,0,0,0,0.045257568359375,-0.004302978515625,0,0,0,0,0,0,0,0,Object notstarted,Object notstarted,Object notstarted,Object notstarted,Object notstarted,Object notstarted,Object notstarted,Object notstarted,Object notstarted
2024-03-18 10:34:48,739.739,__main___datalogs,INFO,JoyConState.PREP_SNS,-6.587500,10.362500,-126.440000,0.096125,0.006866,0.013732,0.020598,0.000000,0.000000,0.000000,0.000000,0,0,0,0,0,0,0,0,0,0,0,0.045257568359375,-0.004302978515625,0,0,0,0,0,0,0,0,Object notstarted,Object notstarted,Object notstarted,Object notstarted,Object notstarted,Object notstarted,Object notstarted,Object notstarted,Object notstarted
2024-03-18 10:34:48,781.781,__main___datalogs,INFO,JoyConState.PREP_SNS,-6.587500,10.362500,-126.440000,0.096125,0.006866,0.013732,0.025176,0.000000,0.000000,0.000000,0.000000,0,0,0,0,0,0,0,0,0,0,0,0.045257568359375,-0.004302978515625,0,0,0,0,0,0,0,0,Object notstarted,Object notstarted,Object notstarted,Object notstarted,Object notstarted,Object notstarted,Object notstarted,Object notstarted,Object notstarted
2024-03-18 10:34:48,825.825,__main___datalogs,INFO,JoyConState.PREP_SNS,-6.587500,10.362500,-126.440000,0.091547,0.002289,0.011443,0.025176,0.000000,0.000000,0.000000,0.000000,0,0,0,0,0,0,0,0,0,0,0,0.045257568359375,-0.004302978515625,0,0,0,0,0,0,0,0,Object notstarted,Object notstarted,Object notstarted,Object notstarted,Object notstarted,Object notstarted,Object notstarted,Object notstarted,Object notstarted
2024-03-18 10:34:48,868.868,__main___datalogs,INFO,JoyConState.PREP_SNS,-6.587500,10.362500,-126.440000,0.091547,0.002289,0.011443,0.020598,0.000000,0.000000,0.000000,0.000000,0,0,0,0,0,0,0,0,0,0,0,0.045257568359375,-0.004302978515625,0,0,0,0,0,0,0,0,Object notstarted,Object notstarted,Object notstarted,Object notstarted,Object notstarted,Object notstarted,Object notstarted,Object notstarted,Object notstarted
2024-03-18 10:34:48,929.929,__main___datalogs,INFO,JoyConState.PREP_SNS,-6.587500,10.362500,-126.440000,0.096125,0.002289,0.011443,0.025176,0.000000,0.000000,0.000000,0.000000,0,0,0,0,0,0,0,0,0,0,0,0.045257568359375,-0.004302978515625,0,0,0,0,0,0,0,0,Object notstarted,Object notstarted,Object notstarted,Object notstarted,Object notstarted,Object notstarted,Object notstarted,Object notstarted,Object notstarted
2024-03-18 10:34:48,973.973,__main___datalogs,INFO,JoyConState.PREP_SNS,-6.587500,10.362500,-126.440000,0.096125,0.006866,0.011443,0.025176,0.000000,0.000000,0.000000,0.000000,0,0,0,0,0,0,0,0,0,0,0,0.045257568359375,-0.004302978515625,0,0,0,0,0,0,0,0,Object notstarted,Object notstarted,Object notstarted,Object notstarted,Object notstarted,Object notstarted,Object notstarted,Object notstarted,Object notstarted
2024-03-18 10:34:49,016.016,__main___datalogs,INFO,JoyConState.PREP_SNS,-6.587500,10.362500,-126.440000,0.096125,0.002289,0.013732,0.020598,0.000000,0.000000,0.000000,0.000000,0,0,0,0,0,0,0,0,0,0,0,0.045257568359375,-0.004302978515625,0,0,0,0,0,0,0,0,Object notstarted,Object notstarted,Object notstarted,Object notstarted,Object notstarted,Object notstarted,Object notstarted,Object notstarted,Object notstarted
2024-03-18 10:34:49,060.060,__main___datalogs,INFO,JoyConState.PREP_SNS,-6.587500,10.362500,-126.440000,0.096125,0.002289,0.013732,0.025176,0.000000,0.000000,0.000000,0.000000,0,0,0,0,0,0,0,0,0,0,0,0.045257568359375,-0.004302978515625,0,0,0,0,0,0,0,0,Object notstarted,Object notstarted,Object notstarted,Object notstarted,Object notstarted,Object notstarted,Object notstarted,Object notstarted,Object notstarted
2024-03-18 10:34:49,101.101,__main___datalogs,INFO,JoyConState.PREP_SNS,-6.587500,10.362500,-126.440000,0.096125,0.002289,0.013732,0.025176,0.000000,0.000000,0.000000,0.000000,0,0,0,0,0,0,0,0,0,0,0,0.045257568359375,-0.004302978515625,0,0,0,0,0,0,0,0,Object notstarted,Object notstarted,Object notstarted,Object notstarted,Object notstarted,Object notstarted,Object notstarted,Object notstarted,Object notstarted
2024-03-18 10:34:49,146.146,__main___datalogs,INFO,JoyConState.PREP_SNS,-6.587500,10.362500,-126.440000,0.098413,0.002289,0.011443,0.025176,0.000000,0.000000,0.000000,0.000000,0,0,0,0,0,0,0,0,0,0,0,0.045257568359375,-0.004302978515625,0,0,0,0,0,0,0,0,Object notstarted,Object notstarted,Object notstarted,Object notstarted,Object notstarted,Object notstarted,Object notstarted,Object notstarted,Object notstarted
2024-03-18 10:34:49,188.188,__main___datalogs,INFO,JoyConState.PREP_SNS,-6.587500,10.362500,-126.440000,0.096125,0.002289,0.002289,0.020598,0.000000,0.000000,0.000000,0.000000,0,0,0,0,0,0,0,0,0,0,0,0.045257568359375,-0.004302978515625,0,0,0,0,0,0,0,0,Object notstarted,Object notstarted,Object notstarted,Object notstarted,Object notstarted,Object notstarted,Object notstarted,Object notstarted,Object notstarted
2024-03-18 10:34:49,233.233,__main___datalogs,INFO,JoyConState.PREP_SNS,-6.587500,10.362500,-126.440000,0.096125,0.002289,0.004577,0.025176,0.000000,0.000000,0.000000,0.000000,0,0,0,0,0,0,0,0,0,0,0,0.045257568359375,-0.004302978515625,0,0,0,0,0,0,0,0,Object notstarted,Object notstarted,Object notstarted,Object notstarted,Object notstarted,Object notstarted,Object notstarted,Object notstarted,Object notstarted
2024-03-18 10:34:49,276.276,__main___datalogs,INFO,JoyConState.PREP_SNS,-6.587500,10.362500,-126.440000,0.096125,0.002289,0.002289,0.025176,0.000000,0.000000,0.000000,0.000000,0,0,0,0,0,0,0,0,0,0,0,0.045257568359375,-0.004302978515625,0,0,0,0,0,0,0,0,Object notstarted,Object notstarted,Object notstarted,Object notstarted,Object notstarted,Object notstarted,Object notstarted,Object notstarted,Object notstarted
2024-03-18 10:34:49,320.320,__main___datalogs,INFO,JoyConState.PREP_SNS,-6.587500,10.362500,-126.440000,0.096125,0.002289,0.004577,0.020598,0.000000,0.000000,0.000000,0.000000,0,0,0,0,0,0,0,0,0,0,0,0.045257568359375,-0.004302978515625,0,0,0,0,0,0,0,0,Object notstarted,Object notstarted,Object notstarted,Object notstarted,Object notstarted,Object notstarted,Object notstarted,Object notstarted,Object notstarted
2024-03-18 10:34:49,364.364,__main___datalogs,INFO,JoyConState.PREP_SNS,-6.587500,10.362500,-126.440000,0.096125,0.002289,0.011443,0.020598,0.000000,0.000000,0.000000,0.000000,0,0,0,0,0,0,0,0,0,0,0,0.045257568359375,-0.004302978515625,0,0,0,0,0,0,0,0,Object notstarted,Object notstarted,Object notstarted,Object notstarted,Object notstarted,Object notstarted,Object notstarted,Object notstarted,Object notstarted
2024-03-18 10:34:49,410.410,__main___datalogs,INFO,JoyConState.PREP_SNS,-6.587500,10.362500,-126.440000,0.091547,-0.002289,0.004577,0.020598,0.000000,0.000000,0.000000,0.000000,0,0,0,0,0,0,0,0,0,0,0,0.045257568359375,-0.004302978515625,0,0,0,0,0,0,0,0,Object notstarted,Object notstarted,Object notstarted,Object notstarted,Object notstarted,Object notstarted,Object notstarted,Object notstarted,Object notstarted
2024-03-18 10:34:49,452.452,__main___datalogs,INFO,JoyConState.PREP_SNS,-6.587500,10.362500,-126.440000,0.098413,0.002289,0.011443,0.020598,0.000000,0.000000,0.000000,0.000000,0,0,0,0,0,0,0,0,0,0,0,0.045257568359375,-0.004302978515625,0,0,0,0,0,0,0,0,Object notstarted,Object notstarted,Object notstarted,Object notstarted,Object notstarted,Object notstarted,Object notstarted,Object notstarted,Object notstarted
2024-03-18 10:34:49,498.498,__main___datalogs,INFO,JoyConState.PREP_SNS,-6.587500,10.362500,-126.440000,0.098413,0.002289,0.011443,0.025176,0.000000,0.000000,0.000000,0.000000,0,0,0,0,0,0,0,0,0,0,0,0.045257568359375,-0.004302978515625,0,0,0,0,0,0,0,0,Object notstarted,Object notstarted,Object notstarted,Object notstarted,Object notstarted,Object notstarted,Object notstarted,Object notstarted,Object notstarted
2024-03-18 10:34:49,541.541,__main___datalogs,INFO,JoyConState.PREP_SNS,-6.587500,10.362500,-126.440000,0.098413,0.002289,0.011443,0.025176,0.000000,0.000000,0.000000,0.000000,0,0,0,0,0,0,0,0,0,0,0,0.045257568359375,-0.004302978515625,0,0,0,0,0,0,0,0,Object notstarted,Object notstarted,Object notstarted,Object notstarted,Object notstarted,Object notstarted,Object notstarted,Object notstarted,Object notstarted
2024-03-18 10:34:49,584.584,__main___datalogs,INFO,JoyConState.PREP_SNS,-6.587500,10.362500,-126.440000,0.098413,0.002289,0.011443,0.025176,0.000000,0.000000,0.000000,0.000000,0,0,0,0,0,0,0,0,0,0,0,0.045257568359375,-0.004302978515625,0,0,0,0,0,0,0,0,Object notstarted,Object notstarted,Object notstarted,Object notstarted,Object notstarted,Object notstarted,Object notstarted,Object notstarted,Object notstarted
2024-03-18 10:34:49,626.626,__main___datalogs,INFO,JoyConState.PREP_SNS,-6.587500,10.362500,-126.440000,0.098413,0.006866,0.011443,0.025176,0.000000,0.000000,0.000000,0.000000,0,0,0,0,0,0,0,0,0,0,0,0.045257568359375,-0.004302978515625,0,0,0,0,0,0,0,0,Object notstarted,Object notstarted,Object notstarted,Object notstarted,Object notstarted,Object notstarted,Object notstarted,Object notstarted,Object notstarted
2024-03-18 10:34:49,669.669,__main___datalogs,INFO,JoyConState.PREP_SNS,-6.587500,10.362500,-126.440000,0.091547,0.009155,0.004577,0.020598,0.000000,0.000000,0.000000,0.000000,0,0,0,0,0,0,0,0,0,0,0,0.045257568359375,-0.004302978515625,0,0,0,0,0,0,0,0,Object notstarted,Object notstarted,Object notstarted,Object notstarted,Object notstarted,Object notstarted,Object notstarted,Object notstarted,Object notstarted
2024-03-18 10:34:49,713.713,__main___datalogs,INFO,JoyConState.PREP_SNS,-6.587500,10.362500,-126.440000,0.096125,0.006866,0.011443,0.025176,0.000000,0.000000,0.000000,0.000000,0,0,0,0,0,0,0,0,0,0,0,0.045257568359375,-0.004302978515625,0,0,0,0,0,0,0,0,Object notstarted,Object notstarted,Object notstarted,Object notstarted,Object notstarted,Object notstarted,Object notstarted,Object notstarted,Object notstarted
2024-03-18 10:34:49,758.758,__main___datalogs,INFO,JoyConState.PREP_SNS,-6.587500,10.362500,-126.440000,0.096125,0.006866,0.011443,0.025176,0.000000,0.000000,0.000000,0.000000,0,0,0,0,0,0,0,0,0,0,0,0.045257568359375,-0.004302978515625,0,0,0,0,0,0,0,0,Object notstarted,Object notstarted,Object notstarted,Object notstarted,Object notstarted,Object notstarted,Object notstarted,Object notstarted,Object notstarted
2024-03-18 10:34:49,800.800,__main___datalogs,INFO,JoyConState.PREP_SNS,-6.587500,10.362500,-126.440000,0.096125,0.002289,0.011443,0.025176,0.000000,0.000000,0.000000,0.000000,0,0,0,0,0,0,0,0,0,0,0,0.045257568359375,-0.004302978515625,0,0,0,0,0,0,0,0,Object notstarted,Object notstarted,Object notstarted,Object notstarted,Object notstarted,Object notstarted,Object notstarted,Object notstarted,Object notstarted
2024-03-18 10:34:49,844.844,__main___datalogs,INFO,JoyConState.PREP_SNS,-6.587500,10.362500,-126.440000,0.096125,0.002289,0.011443,0.025176,0.000000,0.000000,0.000000,0.000000,0,0,0,0,0,0,0,0,0,0,0,0.045257568359375,-0.004302978515625,0,0,0,0,0,0,0,0,Object notstarted,Object notstarted,Object notstarted,Object notstarted,Object notstarted,Object notstarted,Object notstarted,Object notstarted,Object notstarted
2024-03-18 10:34:49,887.887,__main___datalogs,INFO,JoyConState.PREP_SNS,-6.587500,10.362500,-126.440000,0.096125,0.002289,0.011443,0.025176,0.000000,0.000000,0.000000,0.000000,0,0,0,0,0,0,0,0,0,0,0,0.045257568359375,-0.004302978515625,0,0,0,0,0,0,0,0,Object notstarted,Object notstarted,Object notstarted,Object notstarted,Object notstarted,Object notstarted,Object notstarted,Object notstarted,Object notstarted
2024-03-18 10:34:49,932.932,__main___datalogs,INFO,JoyConState.PREP_SNS,-6.587500,10.362500,-126.440000,0.091547,0.006866,0.011443,0.020598,0.000000,0.000000,0.000000,0.000000,0,0,0,0,0,0,0,0,0,0,0,0.045257568359375,-0.004302978515625,0,0,0,0,0,0,0,0,Object notstarted,Object notstarted,Object notstarted,Object notstarted,Object notstarted,Object notstarted,Object notstarted,Object notstarted,Object notstarted
2024-03-18 10:34:49,996.996,__main___datalogs,INFO,JoyConState.PREP_SNS,-6.587500,10.362500,-126.440000,0.096125,0.006866,0.004577,0.020598,0.000000,0.000000,0.000000,0.000000,0,0,0,0,0,0,0,0,0,0,0,0.045257568359375,-0.004302978515625,0,0,0,0,0,0,0,0,Object notstarted,Object notstarted,Object notstarted,Object notstarted,Object notstarted,Object notstarted,Object notstarted,Object notstarted,Object notstarted
2024-03-18 10:34:50,038.038,__main___datalogs,INFO,JoyConState.PREP_SNS,-6.587500,10.362500,-126.440000,0.096125,0.006866,0.011443,0.025176,0.000000,0.000000,0.000000,0.000000,0,0,0,0,0,0,0,0,0,0,0,0.045257568359375,-0.004302978515625,0,0,0,0,0,0,0,0,Object notstarted,Object notstarted,Object notstarted,Object notstarted,Object notstarted,Object notstarted,Object notstarted,Object notstarted,Object notstarted
2024-03-18 10:34:50,079.079,__main___datalogs,INFO,JoyConState.PREP_SNS,-6.587500,10.362500,-126.440000,0.096125,0.006866,0.011443,0.025176,0.000000,0.000000,0.000000,0.000000,0,0,0,0,0,0,0,0,0,0,0,0.045257568359375,-0.004302978515625,0,0,0,0,0,0,0,0,Object notstarted,Object notstarted,Object notstarted,Object notstarted,Object notstarted,Object notstarted,Object notstarted,Object notstarted,Object notstarted
2024-03-18 10:34:50,123.123,__main___datalogs,INFO,JoyConState.PREP_SNS,-6.587500,10.362500,-126.440000,0.091547,0.002289,0.011443,0.020598,0.000000,0.000000,0.000000,0.000000,0,0,0,0,0,0,0,0,0,0,0,0.045257568359375,-0.004302978515625,0,0,0,0,0,0,0,0,Object notstarted,Object notstarted,Object notstarted,Object notstarted,Object notstarted,Object notstarted,Object notstarted,Object notstarted,Object notstarted
2024-03-18 10:34:50,166.166,__main___datalogs,INFO,JoyConState.PREP_SNS,-6.587500,10.362500,-126.440000,0.096125,0.002289,0.011443,0.020598,0.000000,0.000000,0.000000,0.000000,0,0,0,0,0,0,0,0,0,0,0,0.045257568359375,-0.004302978515625,0,0,0,0,0,0,0,0,Object notstarted,Object notstarted,Object notstarted,Object notstarted,Object notstarted,Object notstarted,Object notstarted,Object notstarted,Object notstarted
2024-03-18 10:34:50,211.211,__main___datalogs,INFO,JoyConState.PREP_SNS,-6.587500,10.362500,-126.440000,0.096125,0.006866,0.011443,0.020598,0.000000,0.000000,0.000000,0.000000,0,0,0,0,0,0,0,0,0,0,0,0.045257568359375,-0.004302978515625,0,0,0,0,0,0,0,0,Object notstarted,Object notstarted,Object notstarted,Object notstarted,Object notstarted,Object notstarted,Object notstarted,Object notstarted,Object notstarted
2024-03-18 10:34:50,253.253,__main___datalogs,INFO,JoyConState.PREP_SNS,-6.587500,10.362500,-126.440000,0.096125,0.006866,0.002289,0.020598,0.000000,0.000000,0.000000,0.000000,0,0,0,0,0,0,0,0,0,0,0,0.045257568359375,-0.004302978515625,0,0,0,0,0,0,0,0,Object notstarted,Object notstarted,Object notstarted,Object notstarted,Object notstarted,Object notstarted,Object notstarted,Object notstarted,Object notstarted
2024-03-18 10:34:50,298.298,__main___datalogs,INFO,JoyConState.PREP_SNS,-6.587500,10.362500,-126.440000,0.098413,0.006866,0.004577,0.025176,0.000000,0.000000,0.000000,0.000000,0,0,0,0,0,0,0,0,0,0,0,0.045257568359375,-0.004302978515625,0,0,0,0,0,0,0,0,Object notstarted,Object notstarted,Object notstarted,Object notstarted,Object notstarted,Object notstarted,Object notstarted,Object notstarted,Object notstarted
2024-03-18 10:34:50,343.343,__main___datalogs,INFO,JoyConState.PREP_SNS,-6.587500,10.362500,-126.440000,0.098413,0.002289,0.011443,0.020598,0.000000,0.000000,0.000000,0.000000,0,0,0,0,0,0,0,0,0,0,0,0.045257568359375,-0.004302978515625,0,0,0,0,0,0,0,0,Object notstarted,Object notstarted,Object notstarted,Object notstarted,Object notstarted,Object notstarted,Object notstarted,Object notstarted,Object notstarted
2024-03-18 10:34:50,385.385,__main___datalogs,INFO,JoyConState.PREP_SNS,-6.587500,10.362500,-126.440000,0.098413,0.002289,0.011443,0.025176,0.000000,0.000000,0.000000,0.000000,0,0,0,0,0,0,0,0,0,0,0,0.045257568359375,-0.004302978515625,0,0,0,0,0,0,0,0,Object notstarted,Object notstarted,Object notstarted,Object notstarted,Object notstarted,Object notstarted,Object notstarted,Object notstarted,Object notstarted
2024-03-18 10:34:50,428.428,__main___datalogs,INFO,JoyConState.PREP_SNS,-6.587500,10.362500,-126.440000,0.098413,0.002289,0.011443,0.020598,0.000000,0.000000,0.000000,0.000000,0,0,0,0,0,0,0,0,0,0,0,0.045257568359375,-0.004302978515625,0,0,0,0,0,0,0,0,Object notstarted,Object notstarted,Object notstarted,Object notstarted,Object notstarted,Object notstarted,Object notstarted,Object notstarted,Object notstarted
2024-03-18 10:34:50,470.470,__main___datalogs,INFO,JoyConState.PREP_SNS,-6.587500,10.362500,-126.440000,0.098413,0.002289,0.011443,0.020598,0.000000,0.000000,0.000000,0.000000,0,0,0,0,0,0,0,0,0,0,0,0.045257568359375,-0.004302978515625,0,0,0,0,0,0,0,0,Object notstarted,Object notstarted,Object notstarted,Object notstarted,Object notstarted,Object notstarted,Object notstarted,Object notstarted,Object notstarted
2024-03-18 10:34:50,513.513,__main___datalogs,INFO,JoyConState.PREP_SNS,-6.587500,10.362500,-126.440000,0.096125,0.006866,0.011443,0.025176,0.000000,0.000000,0.000000,0.000000,0,0,0,0,0,0,0,0,0,0,0,0.045257568359375,-0.004302978515625,0,0,0,0,0,0,0,0,Object notstarted,Object notstarted,Object notstarted,Object notstarted,Object notstarted,Object notstarted,Object notstarted,Object notstarted,Object notstarted
2024-03-18 10:34:50,558.558,__main___datalogs,INFO,JoyConState.PREP_SNS,-6.587500,10.362500,-126.440000,0.096125,0.006866,0.004577,0.025176,0.000000,0.000000,0.000000,0.000000,0,0,0,0,0,0,0,0,0,0,0,0.045257568359375,-0.004302978515625,0,0,0,0,0,0,0,0,Object notstarted,Object notstarted,Object notstarted,Object notstarted,Object notstarted,Object notstarted,Object notstarted,Object notstarted,Object notstarted
2024-03-18 10:34:50,600.600,__main___datalogs,INFO,JoyConState.PREP_SNS,-6.587500,10.362500,-126.440000,0.098413,0.006866,0.004577,0.020598,0.000000,0.000000,0.000000,0.000000,0,0,0,0,0,0,0,0,0,0,0,0.045257568359375,-0.004302978515625,0,0,0,0,0,0,0,0,Object notstarted,Object notstarted,Object notstarted,Object notstarted,Object notstarted,Object notstarted,Object notstarted,Object notstarted,Object notstarted
2024-03-18 10:34:50,645.645,__main___datalogs,INFO,JoyConState.PREP_SNS,-6.587500,10.362500,-126.440000,0.098413,0.006866,0.011443,0.020598,0.000000,0.000000,0.000000,0.000000,0,0,0,0,0,0,0,0,0,0,0,0.045257568359375,-0.004302978515625,0,0,0,0,0,0,0,0,Object notstarted,Object notstarted,Object notstarted,Object notstarted,Object notstarted,Object notstarted,Object notstarted,Object notstarted,Object notstarted
2024-03-18 10:34:50,685.685,__main___datalogs,INFO,JoyConState.PREP_SNS,-6.587500,10.362500,-126.440000,0.098413,0.006866,0.011443,0.025176,0.000000,0.000000,0.000000,0.000000,0,0,0,0,0,0,0,0,0,0,0,0.045257568359375,-0.004302978515625,0,0,0,0,0,0,0,0,Object notstarted,Object notstarted,Object notstarted,Object notstarted,Object notstarted,Object notstarted,Object notstarted,Object notstarted,Object notstarted
2024-03-18 10:34:50,728.728,__main___datalogs,INFO,JoyConState.PREP_SNS,-6.587500,10.362500,-126.440000,0.098413,0.002289,0.011443,0.025176,0.000000,0.000000,0.000000,0.000000,0,0,0,0,0,0,0,0,0,0,0,0.045257568359375,-0.004302978515625,0,0,0,0,0,0,0,0,Object notstarted,Object notstarted,Object notstarted,Object notstarted,Object notstarted,Object notstarted,Object notstarted,Object notstarted,Object notstarted
2024-03-18 10:34:50,771.771,__main___datalogs,INFO,JoyConState.PREP_SNS,-6.587500,10.362500,-126.440000,0.098413,0.006866,0.011443,0.025176,0.000000,0.000000,0.000000,0.000000,0,0,0,0,0,0,0,0,0,0,0,0.045257568359375,-0.004302978515625,0,0,0,0,0,0,0,0,Object notstarted,Object notstarted,Object notstarted,Object notstarted,Object notstarted,Object notstarted,Object notstarted,Object notstarted,Object notstarted
2024-03-18 10:34:50,813.813,__main___datalogs,INFO,JoyConState.PREP_SNS,-6.587500,10.362500,-126.440000,0.098413,0.006866,0.011443,0.025176,0.000000,0.000000,0.000000,0.000000,0,0,0,0,0,0,0,0,0,0,0,0.045257568359375,-0.004302978515625,0,0,0,0,0,0,0,0,Object notstarted,Object notstarted,Object notstarted,Object notstarted,Object notstarted,Object notstarted,Object notstarted,Object notstarted,Object notstarted
2024-03-18 10:34:50,852.852,__main___datalogs,INFO,JoyConState.PREP_SNS,-6.587500,10.362500,-126.440000,0.098413,0.006866,0.011443,0.020598,0.000000,0.000000,0.000000,0.000000,0,0,0,0,0,0,0,0,0,0,0,0.045257568359375,-0.004302978515625,0,0,0,0,0,0,0,0,Object notstarted,Object notstarted,Object notstarted,Object notstarted,Object notstarted,Object notstarted,Object notstarted,Object notstarted,Object notstarted
2024-03-18 10:34:50,895.895,__main___datalogs,INFO,JoyConState.PREP_SNS,-6.587500,10.362500,-126.440000,0.098413,0.006866,0.004577,0.020598,0.000000,0.000000,0.000000,0.000000,0,0,0,0,0,0,0,0,0,0,0,0.045257568359375,-0.004302978515625,0,0,0,0,0,0,0,0,Object notstarted,Object notstarted,Object notstarted,Object notstarted,Object notstarted,Object notstarted,Object notstarted,Object notstarted,Object notstarted
2024-03-18 10:34:50,935.935,__main___datalogs,INFO,JoyConState.PREP_SNS,-6.587500,10.362500,-126.440000,0.098413,0.002289,0.002289,0.020598,0.000000,0.000000,0.000000,0.000000,0,0,0,0,0,0,0,0,0,0,0,0.045257568359375,-0.004302978515625,0,0,0,0,0,0,0,0,Object notstarted,Object notstarted,Object notstarted,Object notstarted,Object notstarted,Object notstarted,Object notstarted,Object notstarted,Object notstarted
2024-03-18 10:34:50,980.980,__main___datalogs,INFO,JoyConState.PREP_SNS,-6.587500,10.362500,-126.440000,0.098413,0.002289,0.002289,0.025176,0.000000,0.000000,0.000000,0.000000,0,0,0,0,0,0,0,0,0,0,0,0.045257568359375,-0.004302978515625,0,0,0,0,0,0,0,0,Object notstarted,Object notstarted,Object notstarted,Object notstarted,Object notstarted,Object notstarted,Object notstarted,Object notstarted,Object notstarted
2024-03-18 10:34:51,022.022,__main___datalogs,INFO,JoyConState.PREP_SNS,-6.587500,10.362500,-126.440000,0.098413,0.002289,0.011443,0.025176,0.000000,0.000000,0.000000,0.000000,0,0,0,0,0,0,0,0,0,0,0,0.045257568359375,-0.004302978515625,0,0,0,0,0,0,0,0,Object notstarted,Object notstarted,Object notstarted,Object notstarted,Object notstarted,Object notstarted,Object notstarted,Object notstarted,Object notstarted
2024-03-18 10:34:51,069.069,__main___datalogs,INFO,JoyConState.PREP_SNS,-6.587500,10.362500,-126.440000,0.098413,0.006866,0.013732,0.020598,0.000000,0.000000,0.000000,0.000000,0,0,0,0,0,0,0,0,0,0,0,0.045257568359375,-0.004302978515625,0,0,0,0,0,0,0,0,Object notstarted,Object notstarted,Object notstarted,Object notstarted,Object notstarted,Object notstarted,Object notstarted,Object notstarted,Object notstarted
2024-03-18 10:34:51,111.111,__main___datalogs,INFO,JoyConState.PREP_SNS,-6.587500,10.362500,-126.440000,0.096125,0.006866,0.004577,0.025176,0.000000,0.000000,0.000000,0.000000,0,0,0,0,0,0,0,0,0,0,0,0.045257568359375,-0.004302978515625,0,0,0,0,0,0,0,0,Object notstarted,Object notstarted,Object notstarted,Object notstarted,Object notstarted,Object notstarted,Object notstarted,Object notstarted,Object notstarted
2024-03-18 10:34:51,154.154,__main___datalogs,INFO,JoyConState.PREP_SNS,-6.587500,10.362500,-126.440000,0.096125,0.006866,0.004577,0.025176,0.000000,0.000000,0.000000,0.000000,0,0,0,0,0,0,0,0,0,0,0,0.045257568359375,-0.004302978515625,0,0,0,0,0,0,0,0,Object notstarted,Object notstarted,Object notstarted,Object notstarted,Object notstarted,Object notstarted,Object notstarted,Object notstarted,Object notstarted
2024-03-18 10:34:51,197.197,__main___datalogs,INFO,JoyConState.PREP_SNS,-6.587500,10.362500,-126.440000,0.098413,0.006866,0.011443,0.020598,0.000000,0.000000,0.000000,0.000000,0,0,0,0,0,0,0,0,0,0,0,0.045257568359375,-0.004302978515625,0,0,0,0,0,0,0,0,Object notstarted,Object notstarted,Object notstarted,Object notstarted,Object notstarted,Object notstarted,Object notstarted,Object notstarted,Object notstarted
2024-03-18 10:34:51,242.242,__main___datalogs,INFO,JoyConState.PREP_SNS,-6.587500,10.362500,-126.440000,0.102991,0.002289,0.011443,0.020598,0.000000,0.000000,0.000000,0.000000,0,0,0,0,0,0,0,0,0,0,0,0.045257568359375,-0.004302978515625,0,0,0,0,0,0,0,0,Object notstarted,Object notstarted,Object notstarted,Object notstarted,Object notstarted,Object notstarted,Object notstarted,Object notstarted,Object notstarted
2024-03-18 10:34:51,285.285,__main___datalogs,INFO,JoyConState.PREP_SNS,-6.587500,10.362500,-126.440000,0.098413,0.006866,0.011443,0.025176,0.000000,0.000000,0.000000,0.000000,0,0,0,0,0,0,0,0,0,0,0,0.045257568359375,-0.004302978515625,0,0,0,0,0,0,0,0,Object notstarted,Object notstarted,Object notstarted,Object notstarted,Object notstarted,Object notstarted,Object notstarted,Object notstarted,Object notstarted
2024-03-18 10:34:51,327.327,__main___datalogs,INFO,JoyConState.PREP_SNS,-6.587500,10.362500,-126.440000,0.098413,0.002289,0.011443,0.025176,0.000000,0.000000,0.000000,0.000000,0,0,0,0,0,0,0,0,0,0,0,0.045257568359375,-0.004302978515625,0,0,0,0,0,0,0,0,Object notstarted,Object notstarted,Object notstarted,Object notstarted,Object notstarted,Object notstarted,Object notstarted,Object notstarted,Object notstarted
2024-03-18 10:34:51,370.370,__main___datalogs,INFO,JoyConState.PREP_SNS,-6.587500,10.362500,-126.440000,0.102991,0.002289,0.011443,0.020598,0.000000,0.000000,0.000000,0.000000,0,0,0,0,0,0,0,0,0,0,0,0.045257568359375,-0.004302978515625,0,0,0,0,0,0,0,0,Object notstarted,Object notstarted,Object notstarted,Object notstarted,Object notstarted,Object notstarted,Object notstarted,Object notstarted,Object notstarted
2024-03-18 10:34:51,411.411,__main___datalogs,INFO,JoyConState.PREP_SNS,-6.587500,10.362500,-126.440000,0.096125,0.002289,0.011443,0.020598,0.000000,0.000000,0.000000,0.000000,0,0,0,0,0,0,0,0,0,0,0,0.045257568359375,-0.004302978515625,0,0,0,0,0,0,0,0,Object notstarted,Object notstarted,Object notstarted,Object notstarted,Object notstarted,Object notstarted,Object notstarted,Object notstarted,Object notstarted
2024-03-18 10:34:51,452.452,__main___datalogs,INFO,JoyConState.PREP_SNS,-6.587500,10.362500,-126.440000,0.098413,0.002289,0.011443,0.025176,0.000000,0.000000,0.000000,0.000000,0,0,0,0,0,0,0,0,0,0,0,0.045257568359375,-0.004302978515625,0,0,0,0,0,0,0,0,Object notstarted,Object notstarted,Object notstarted,Object notstarted,Object notstarted,Object notstarted,Object notstarted,Object notstarted,Object notstarted
2024-03-18 10:34:51,496.496,__main___datalogs,INFO,JoyConState.PREP_SNS,-6.587500,10.362500,-126.440000,0.096125,0.002289,0.011443,0.025176,0.000000,0.000000,0.000000,0.000000,0,0,0,0,0,0,0,0,0,0,0,0.045257568359375,-0.004302978515625,0,0,0,0,0,0,0,0,Object notstarted,Object notstarted,Object notstarted,Object notstarted,Object notstarted,Object notstarted,Object notstarted,Object notstarted,Object notstarted
2024-03-18 10:34:51,537.537,__main___datalogs,INFO,JoyConState.PREP_SNS,-6.587500,10.362500,-126.440000,0.096125,0.002289,0.011443,0.020598,0.000000,0.000000,0.000000,0.000000,0,0,0,0,0,0,0,0,0,0,0,0.045257568359375,-0.004302978515625,0,0,0,0,0,0,0,0,Object notstarted,Object notstarted,Object notstarted,Object notstarted,Object notstarted,Object notstarted,Object notstarted,Object notstarted,Object notstarted
2024-03-18 10:34:51,580.580,__main___datalogs,INFO,JoyConState.PREP_SNS,-6.587500,10.362500,-126.440000,0.096125,0.002289,0.013732,0.025176,0.000000,0.000000,0.000000,0.000000,0,0,0,0,0,0,0,0,0,0,0,0.045257568359375,-0.004302978515625,0,0,0,0,0,0,0,0,Object notstarted,Object notstarted,Object notstarted,Object notstarted,Object notstarted,Object notstarted,Object notstarted,Object notstarted,Object notstarted
2024-03-18 10:34:51,623.623,__main___datalogs,INFO,JoyConState.PREP_SNS,-6.587500,10.362500,-126.440000,0.096125,0.002289,0.011443,0.025176,0.000000,0.000000,0.000000,0.000000,0,0,0,0,0,0,0,0,0,0,0,0.045257568359375,-0.004302978515625,0,0,0,0,0,0,0,0,Object notstarted,Object notstarted,Object notstarted,Object notstarted,Object notstarted,Object notstarted,Object notstarted,Object notstarted,Object notstarted
2024-03-18 10:34:51,667.667,__main___datalogs,INFO,JoyConState.PREP_SNS,-6.587500,10.362500,-126.440000,0.098413,0.002289,0.011443,0.020598,0.000000,0.000000,0.000000,0.000000,0,0,0,0,0,0,0,0,0,0,0,0.045257568359375,-0.004302978515625,0,0,0,0,0,0,0,0,Object notstarted,Object notstarted,Object notstarted,Object notstarted,Object notstarted,Object notstarted,Object notstarted,Object notstarted,Object notstarted
2024-03-18 10:34:51,708.708,__main___datalogs,INFO,JoyConState.PREP_SNS,-6.587500,10.362500,-126.440000,0.096125,0.002289,0.011443,0.020598,0.000000,0.000000,0.000000,0.000000,0,0,0,0,0,0,0,0,0,0,0,0.045257568359375,-0.004302978515625,0,0,0,0,0,0,0,0,Object notstarted,Object notstarted,Object notstarted,Object notstarted,Object notstarted,Object notstarted,Object notstarted,Object notstarted,Object notstarted
2024-03-18 10:34:51,751.751,__main___datalogs,INFO,JoyConState.PREP_SNS,-6.587500,10.362500,-126.440000,0.098413,0.006866,0.011443,0.025176,0.000000,0.000000,0.000000,0.000000,0,0,0,0,0,0,0,0,0,0,0,0.045257568359375,-0.004302978515625,0,0,0,0,0,0,0,0,Object notstarted,Object notstarted,Object notstarted,Object notstarted,Object notstarted,Object notstarted,Object notstarted,Object notstarted,Object notstarted
2024-03-18 10:34:51,795.795,__main___datalogs,INFO,JoyConState.PREP_SNS,-6.587500,10.362500,-126.440000,0.096125,0.006866,0.011443,0.025176,0.000000,0.000000,0.000000,0.000000,0,0,0,0,0,0,0,0,0,0,0,0.045257568359375,-0.004302978515625,0,0,0,0,0,0,0,0,Object notstarted,Object notstarted,Object notstarted,Object notstarted,Object notstarted,Object notstarted,Object notstarted,Object notstarted,Object notstarted
2024-03-18 10:34:51,839.839,__main___datalogs,INFO,JoyConState.PREP_SNS,-6.587500,10.362500,-126.440000,0.096125,0.006866,0.011443,0.020598,0.000000,0.000000,0.000000,0.000000,0,0,0,0,0,0,0,0,0,0,0,0.045257568359375,-0.004302978515625,0,0,0,0,0,0,0,0,Object notstarted,Object notstarted,Object notstarted,Object notstarted,Object notstarted,Object notstarted,Object notstarted,Object notstarted,Object notstarted
2024-03-18 10:34:51,881.881,__main___datalogs,INFO,JoyConState.PREP_SNS,-6.587500,10.362500,-126.440000,0.096125,0.006866,0.011443,0.020598,0.000000,0.000000,0.000000,0.000000,0,0,0,0,0,0,0,0,0,0,0,0.045257568359375,-0.004302978515625,0,0,0,0,0,0,0,0,Object notstarted,Object notstarted,Object notstarted,Object notstarted,Object notstarted,Object notstarted,Object notstarted,Object notstarted,Object notstarted
2024-03-18 10:34:51,926.926,__main___datalogs,INFO,JoyConState.PREP_SNS,-6.587500,10.362500,-126.440000,0.098413,0.006866,0.011443,0.020598,0.000000,0.000000,0.000000,0.000000,0,0,0,0,0,0,0,0,0,0,0,0.045257568359375,-0.004302978515625,0,0,0,0,0,0,0,0,Object notstarted,Object notstarted,Object notstarted,Object notstarted,Object notstarted,Object notstarted,Object notstarted,Object notstarted,Object notstarted
2024-03-18 10:34:51,969.969,__main___datalogs,INFO,JoyConState.PREP_SNS,-6.587500,10.362500,-126.440000,0.098413,0.006866,0.011443,0.020598,0.000000,0.000000,0.000000,0.000000,0,0,0,0,0,0,0,0,0,0,0,0.045257568359375,-0.004302978515625,0,0,0,0,0,0,0,0,Object notstarted,Object notstarted,Object notstarted,Object notstarted,Object notstarted,Object notstarted,Object notstarted,Object notstarted,Object notstarted
2024-03-18 10:34:52,013.013,__main___datalogs,INFO,JoyConState.PREP_SNS,-6.587500,10.362500,-126.440000,0.096125,0.006866,0.011443,0.020598,0.000000,0.000000,0.000000,0.000000,0,0,0,0,0,0,0,0,0,0,0,0.045257568359375,-0.004302978515625,0,0,0,0,0,0,0,0,Object notstarted,Object notstarted,Object notstarted,Object notstarted,Object notstarted,Object notstarted,Object notstarted,Object notstarted,Object notstarted
2024-03-18 10:34:52,055.055,__main___datalogs,INFO,JoyConState.PREP_SNS,-6.587500,10.362500,-126.440000,0.098413,0.002289,0.011443,0.020598,0.000000,0.000000,0.000000,0.000000,0,0,0,0,0,0,0,0,0,0,0,0.045257568359375,-0.004302978515625,0,0,0,0,0,0,0,0,Object notstarted,Object notstarted,Object notstarted,Object notstarted,Object notstarted,Object notstarted,Object notstarted,Object notstarted,Object notstarted
2024-03-18 10:34:52,117.117,__main___datalogs,INFO,JoyConState.PREP_SNS,-6.587500,10.362500,-126.440000,0.077815,0.002289,0.011443,0.025176,0.000000,0.000000,0.000000,0.000000,0,0,0,0,0,0,0,0,0,0,0,0.045257568359375,-0.004302978515625,0,0,0,0,0,0,0,0,Object notstarted,Object notstarted,Object notstarted,Object notstarted,Object notstarted,Object notstarted,Object notstarted,Object notstarted,Object notstarted
2024-03-18 10:34:52,162.162,__main___datalogs,INFO,JoyConState.PREP_SNS,-6.587500,10.362500,-126.440000,0.096125,0.006866,0.011443,0.025176,0.000000,0.000000,0.000000,0.000000,0,0,0,0,0,0,0,0,0,0,0,0.045257568359375,-0.004302978515625,0,0,0,0,0,0,0,0,Object notstarted,Object notstarted,Object notstarted,Object notstarted,Object notstarted,Object notstarted,Object notstarted,Object notstarted,Object notstarted
2024-03-18 10:34:52,207.207,__main___datalogs,INFO,JoyConState.PREP_SNS,-6.587500,10.362500,-126.440000,0.096125,0.006866,0.011443,0.020598,0.000000,0.000000,0.000000,0.000000,0,0,0,0,0,0,0,0,0,0,0,0.045257568359375,-0.004302978515625,0,0,0,0,0,0,0,0,Object notstarted,Object notstarted,Object notstarted,Object notstarted,Object notstarted,Object notstarted,Object notstarted,Object notstarted,Object notstarted
2024-03-18 10:34:52,249.249,__main___datalogs,INFO,JoyConState.PREP_SNS,-6.587500,10.362500,-126.440000,0.096125,0.006866,0.011443,0.025176,0.000000,0.000000,0.000000,0.000000,0,0,0,0,0,0,0,0,0,0,0,0.045257568359375,-0.004302978515625,0,0,0,0,0,0,0,0,Object notstarted,Object notstarted,Object notstarted,Object notstarted,Object notstarted,Object notstarted,Object notstarted,Object notstarted,Object notstarted
2024-03-18 10:34:52,292.292,__main___datalogs,INFO,JoyConState.PREP_SNS,-6.587500,10.362500,-126.440000,0.096125,0.006866,0.011443,0.025176,0.000000,0.000000,0.000000,0.000000,0,0,0,0,0,0,0,0,0,0,0,0.045257568359375,-0.004302978515625,0,0,0,0,0,0,0,0,Object notstarted,Object notstarted,Object notstarted,Object notstarted,Object notstarted,Object notstarted,Object notstarted,Object notstarted,Object notstarted
2024-03-18 10:34:52,335.335,__main___datalogs,INFO,JoyConState.PREP_SNS,-6.587500,10.362500,-126.440000,0.098413,0.006866,0.011443,0.025176,0.000000,0.000000,0.000000,0.000000,0,0,0,0,0,0,0,0,0,0,0,0.045257568359375,-0.004302978515625,0,0,0,0,0,0,0,0,Object notstarted,Object notstarted,Object notstarted,Object notstarted,Object notstarted,Object notstarted,Object notstarted,Object notstarted,Object notstarted
2024-03-18 10:34:52,379.379,__main___datalogs,INFO,JoyConState.PREP_SNS,-6.587500,10.362500,-126.440000,0.096125,0.006866,0.011443,0.020598,0.000000,0.000000,0.000000,0.000000,0,0,0,0,0,0,0,0,0,0,0,0.045257568359375,-0.004302978515625,0,0,0,0,0,0,0,0,Object notstarted,Object notstarted,Object notstarted,Object notstarted,Object notstarted,Object notstarted,Object notstarted,Object notstarted,Object notstarted
2024-03-18 10:34:52,423.423,__main___datalogs,INFO,JoyConState.PREP_SNS,-6.587500,10.362500,-126.440000,0.096125,0.006866,0.011443,0.025176,0.000000,0.000000,0.000000,0.000000,0,0,0,0,0,0,0,0,0,0,0,0.045257568359375,-0.004302978515625,0,0,0,0,0,0,0,0,Object notstarted,Object notstarted,Object notstarted,Object notstarted,Object notstarted,Object notstarted,Object notstarted,Object notstarted,Object notstarted
2024-03-18 10:34:52,466.466,__main___datalogs,INFO,JoyConState.PREP_SNS,-6.587500,10.362500,-126.440000,0.096125,0.006866,0.011443,0.025176,0.000000,0.000000,0.000000,0.000000,0,0,0,0,0,0,0,0,0,0,0,0.045257568359375,-0.004302978515625,0,0,0,0,0,0,0,0,Object notstarted,Object notstarted,Object notstarted,Object notstarted,Object notstarted,Object notstarted,Object notstarted,Object notstarted,Object notstarted
2024-03-18 10:34:52,509.509,__main___datalogs,INFO,JoyConState.PREP_SNS,-6.587500,10.362500,-126.440000,0.096125,0.002289,0.011443,0.025176,0.000000,0.000000,0.000000,0.000000,0,0,0,0,0,0,0,0,0,0,0,0.045257568359375,-0.004302978515625,0,0,0,0,0,0,0,0,Object notstarted,Object notstarted,Object notstarted,Object notstarted,Object notstarted,Object notstarted,Object notstarted,Object notstarted,Object notstarted
2024-03-18 10:34:52,553.553,__main___datalogs,INFO,JoyConState.PREP_SNS,-6.587500,10.362500,-126.440000,0.096125,0.006866,0.011443,0.025176,0.000000,0.000000,0.000000,0.000000,0,0,0,0,0,0,0,0,0,0,0,0.045257568359375,-0.004302978515625,0,0,0,0,0,0,0,0,Object notstarted,Object notstarted,Object notstarted,Object notstarted,Object notstarted,Object notstarted,Object notstarted,Object notstarted,Object notstarted
2024-03-18 10:34:52,596.596,__main___datalogs,INFO,JoyConState.PREP_SNS,-6.587500,10.362500,-126.440000,0.096125,0.006866,0.011443,0.025176,0.000000,0.000000,0.000000,0.000000,0,0,0,0,0,0,0,0,0,0,0,0.045257568359375,-0.004302978515625,0,0,0,0,0,0,0,0,Object notstarted,Object notstarted,Object notstarted,Object notstarted,Object notstarted,Object notstarted,Object notstarted,Object notstarted,Object notstarted
2024-03-18 10:34:52,641.641,__main___datalogs,INFO,JoyConState.PREP_SNS,-6.587500,10.362500,-126.440000,0.091547,0.002289,0.011443,0.025176,0.000000,0.000000,0.000000,0.000000,0,0,0,0,0,0,0,0,0,0,0,0.045257568359375,-0.004302978515625,0,0,0,0,0,0,0,0,Object notstarted,Object notstarted,Object notstarted,Object notstarted,Object notstarted,Object notstarted,Object notstarted,Object notstarted,Object notstarted
2024-03-18 10:34:52,682.682,__main___datalogs,INFO,JoyConState.PREP_SNS,-6.587500,10.362500,-126.440000,0.096125,-0.002289,0.011443,0.020598,0.000000,0.000000,0.000000,0.000000,0,0,0,0,0,0,0,0,0,0,0,0.045257568359375,-0.004302978515625,0,0,0,0,0,0,0,0,Object notstarted,Object notstarted,Object notstarted,Object notstarted,Object notstarted,Object notstarted,Object notstarted,Object notstarted,Object notstarted
2024-03-18 10:34:52,725.725,__main___datalogs,INFO,JoyConState.PREP_SNS,-6.587500,10.362500,-126.440000,0.096125,0.002289,0.004577,0.020598,0.000000,0.000000,0.000000,0.000000,0,0,0,0,0,0,0,0,0,0,0,0.045257568359375,-0.004302978515625,0,0,0,0,0,0,0,0,Object notstarted,Object notstarted,Object notstarted,Object notstarted,Object notstarted,Object notstarted,Object notstarted,Object notstarted,Object notstarted
2024-03-18 10:34:52,767.767,__main___datalogs,INFO,JoyConState.PREP_SNS,-6.587500,10.362500,-126.440000,0.096125,0.002289,0.002289,0.020598,0.000000,0.000000,0.000000,0.000000,0,0,0,0,0,0,0,0,0,0,0,0.045257568359375,-0.004302978515625,0,0,0,0,0,0,0,0,Object notstarted,Object notstarted,Object notstarted,Object notstarted,Object notstarted,Object notstarted,Object notstarted,Object notstarted,Object notstarted
2024-03-18 10:34:52,811.811,__main___datalogs,INFO,JoyConState.PREP_SNS,-6.587500,10.362500,-126.440000,0.091547,-0.002289,0.004577,0.025176,0.000000,0.000000,0.000000,0.000000,0,0,0,0,0,0,0,0,0,0,0,0.045257568359375,-0.004302978515625,0,0,0,0,0,0,0,0,Object notstarted,Object notstarted,Object notstarted,Object notstarted,Object notstarted,Object notstarted,Object notstarted,Object notstarted,Object notstarted
2024-03-18 10:34:52,854.854,__main___datalogs,INFO,JoyConState.PREP_SNS,-6.587500,10.362500,-126.440000,0.098413,0.002289,0.011443,0.025176,0.000000,0.000000,0.000000,0.000000,0,0,0,0,0,0,0,0,0,0,0,0.045257568359375,-0.004302978515625,0,0,0,0,0,0,0,0,Object notstarted,Object notstarted,Object notstarted,Object notstarted,Object notstarted,Object notstarted,Object notstarted,Object notstarted,Object notstarted
2024-03-18 10:34:52,898.898,__main___datalogs,INFO,JoyConState.PREP_SNS,-6.587500,10.362500,-126.440000,0.098413,0.006866,0.011443,0.025176,0.000000,0.000000,0.000000,0.000000,0,0,0,0,0,0,0,0,0,0,0,0.045257568359375,-0.004302978515625,0,0,0,0,0,0,0,0,Object notstarted,Object notstarted,Object notstarted,Object notstarted,Object notstarted,Object notstarted,Object notstarted,Object notstarted,Object notstarted
2024-03-18 10:34:52,940.940,__main___datalogs,INFO,JoyConState.PREP_SNS,-6.587500,10.362500,-126.440000,0.096125,0.006866,0.011443,0.020598,0.000000,0.000000,0.000000,0.000000,0,0,0,0,0,0,0,0,0,0,0,0.045257568359375,-0.004302978515625,0,0,0,0,0,0,0,0,Object notstarted,Object notstarted,Object notstarted,Object notstarted,Object notstarted,Object notstarted,Object notstarted,Object notstarted,Object notstarted
2024-03-18 10:34:52,984.984,__main___datalogs,INFO,JoyConState.PREP_SNS,-6.587500,10.362500,-126.440000,0.096125,0.002289,0.013732,0.025176,0.000000,0.000000,0.000000,0.000000,0,0,0,0,0,0,0,0,0,0,0,0.045257568359375,-0.004302978515625,0,0,0,0,0,0,0,0,Object notstarted,Object notstarted,Object notstarted,Object notstarted,Object notstarted,Object notstarted,Object notstarted,Object notstarted,Object notstarted
2024-03-18 10:34:53,024.024,__main___datalogs,INFO,JoyConState.PREP_SNS,-6.587500,10.362500,-126.440000,0.096125,0.002289,0.011443,0.016021,0.000000,0.000000,0.000000,0.000000,0,0,0,0,0,0,0,0,0,0,0,0.045257568359375,-0.004302978515625,0,0,0,0,0,0,0,0,Object notstarted,Object notstarted,Object notstarted,Object notstarted,Object notstarted,Object notstarted,Object notstarted,Object notstarted,Object notstarted
2024-03-18 10:34:53,067.067,__main___datalogs,INFO,JoyConState.PREP_SNS,-6.587500,10.362500,-126.440000,0.096125,0.006866,0.004577,0.020598,0.000000,0.000000,0.000000,0.000000,0,0,0,0,0,0,0,0,0,0,0,0.045257568359375,-0.004302978515625,0,0,0,0,0,0,0,0,Object notstarted,Object notstarted,Object notstarted,Object notstarted,Object notstarted,Object notstarted,Object notstarted,Object notstarted,Object notstarted
2024-03-18 10:34:53,114.114,__main___datalogs,INFO,JoyConState.PREP_SNS,-6.587500,10.362500,-126.440000,0.096125,0.006866,0.011443,0.016021,0.000000,0.000000,0.000000,0.000000,0,0,0,0,0,0,0,0,0,0,0,0.045257568359375,-0.004302978515625,0,0,0,0,0,0,0,0,Object notstarted,Object notstarted,Object notstarted,Object notstarted,Object notstarted,Object notstarted,Object notstarted,Object notstarted,Object notstarted
2024-03-18 10:34:53,169.169,__main___datalogs,INFO,JoyConState.PREP_SNS,-6.587500,10.362500,-126.440000,0.096125,0.006866,0.011443,0.020598,0.000000,0.000000,0.000000,0.000000,0,0,0,0,0,0,0,0,0,0,0,0.045257568359375,-0.004302978515625,0,0,0,0,0,0,0,0,Object notstarted,Object notstarted,Object notstarted,Object notstarted,Object notstarted,Object notstarted,Object notstarted,Object notstarted,Object notstarted
2024-03-18 10:34:53,226.226,__main___datalogs,INFO,JoyConState.PREP_SNS,-6.587500,10.362500,-126.440000,0.098413,0.006866,0.011443,0.025176,0.000000,0.000000,0.000000,0.000000,0,0,0,0,0,0,0,0,0,0,0,0.045257568359375,-0.004302978515625,0,0,0,0,0,0,0,0,Object notstarted,Object notstarted,Object notstarted,Object notstarted,Object notstarted,Object notstarted,Object notstarted,Object notstarted,Object notstarted
2024-03-18 10:34:53,272.272,__main___datalogs,INFO,JoyConState.PREP_SNS,-6.587500,10.362500,-126.440000,0.096125,0.002289,0.011443,0.020598,0.000000,0.000000,0.000000,0.000000,0,0,0,0,0,0,0,0,0,0,0,0.045257568359375,-0.004302978515625,0,0,0,0,0,0,0,0,Object notstarted,Object notstarted,Object notstarted,Object notstarted,Object notstarted,Object notstarted,Object notstarted,Object notstarted,Object notstarted
2024-03-18 10:34:53,316.316,__main___datalogs,INFO,JoyConState.PREP_SNS,-6.587500,10.362500,-126.440000,0.098413,0.006866,0.011443,0.020598,0.000000,0.000000,0.000000,0.000000,0,0,0,0,0,0,0,0,0,0,0,0.045257568359375,-0.004302978515625,0,0,0,0,0,0,0,0,Object notstarted,Object notstarted,Object notstarted,Object notstarted,Object notstarted,Object notstarted,Object notstarted,Object notstarted,Object notstarted
2024-03-18 10:34:53,361.361,__main___datalogs,INFO,JoyConState.PREP_SNS,-6.587500,10.362500,-126.440000,0.098413,0.002289,0.011443,0.025176,0.000000,0.000000,0.000000,0.000000,0,0,0,0,0,0,0,0,0,0,0,0.045257568359375,-0.004302978515625,0,0,0,0,0,0,0,0,Object notstarted,Object notstarted,Object notstarted,Object notstarted,Object notstarted,Object notstarted,Object notstarted,Object notstarted,Object notstarted
2024-03-18 10:34:53,403.403,__main___datalogs,INFO,JoyConState.PREP_SNS,-6.587500,10.362500,-126.440000,0.098413,0.002289,0.004577,0.025176,0.000000,0.000000,0.000000,0.000000,0,0,0,0,0,0,0,0,0,0,0,0.045257568359375,-0.004302978515625,0,0,0,0,0,0,0,0,Object notstarted,Object notstarted,Object notstarted,Object notstarted,Object notstarted,Object notstarted,Object notstarted,Object notstarted,Object notstarted
2024-03-18 10:34:53,448.448,__main___datalogs,INFO,JoyConState.PREP_SNS,-6.587500,10.362500,-126.440000,0.098413,0.002289,0.004577,0.025176,0.000000,0.000000,0.000000,0.000000,0,0,0,0,0,0,0,0,0,0,0,0.045257568359375,-0.004302978515625,0,0,0,0,0,0,0,0,Object notstarted,Object notstarted,Object notstarted,Object notstarted,Object notstarted,Object notstarted,Object notstarted,Object notstarted,Object notstarted
2024-03-18 10:34:53,490.490,__main___datalogs,INFO,JoyConState.PREP_SNS,-6.587500,10.362500,-126.440000,0.096125,0.002289,0.004577,0.020598,0.000000,0.000000,0.000000,0.000000,0,0,0,0,0,0,0,0,0,0,0,0.045257568359375,-0.004302978515625,0,0,0,0,0,0,0,0,Object notstarted,Object notstarted,Object notstarted,Object notstarted,Object notstarted,Object notstarted,Object notstarted,Object notstarted,Object notstarted
2024-03-18 10:34:53,533.533,__main___datalogs,INFO,JoyConState.PREP_SNS,-6.587500,10.362500,-126.440000,0.096125,0.002289,0.004577,0.020598,0.000000,0.000000,0.000000,0.000000,0,0,0,0,0,0,0,0,0,0,0,0.045257568359375,-0.004302978515625,0,0,0,0,0,0,0,0,Object notstarted,Object notstarted,Object notstarted,Object notstarted,Object notstarted,Object notstarted,Object notstarted,Object notstarted,Object notstarted
2024-03-18 10:34:53,576.576,__main___datalogs,INFO,JoyConState.PREP_SNS,-6.587500,10.362500,-126.440000,0.098413,0.002289,0.011443,0.020598,0.000000,0.000000,0.000000,0.000000,0,0,0,0,0,0,0,0,0,0,0,0.045257568359375,-0.004302978515625,0,0,0,0,0,0,0,0,Object notstarted,Object notstarted,Object notstarted,Object notstarted,Object notstarted,Object notstarted,Object notstarted,Object notstarted,Object notstarted
2024-03-18 10:34:53,621.621,__main___datalogs,INFO,JoyConState.PREP_SNS,-6.587500,10.362500,-126.440000,0.098413,-0.002289,0.011443,0.020598,0.000000,0.000000,0.000000,0.000000,0,0,0,0,0,0,0,0,0,0,0,0.045257568359375,-0.004302978515625,0,0,0,0,0,0,0,0,Object notstarted,Object notstarted,Object notstarted,Object notstarted,Object notstarted,Object notstarted,Object notstarted,Object notstarted,Object notstarted
2024-03-18 10:34:53,663.663,__main___datalogs,INFO,JoyConState.PREP_SNS,-6.587500,10.362500,-126.440000,0.096125,0.002289,0.011443,0.020598,0.000000,0.000000,0.000000,0.000000,0,0,0,0,0,0,0,0,0,0,0,0.045257568359375,-0.004302978515625,0,0,0,0,0,0,0,0,Object notstarted,Object notstarted,Object notstarted,Object notstarted,Object notstarted,Object notstarted,Object notstarted,Object notstarted,Object notstarted
2024-03-18 10:34:53,708.708,__main___datalogs,INFO,JoyConState.PREP_SNS,-6.587500,10.362500,-126.440000,0.096125,0.002289,0.011443,0.020598,0.000000,0.000000,0.000000,0.000000,0,0,0,0,0,0,0,0,0,0,0,0.045257568359375,-0.004302978515625,0,0,0,0,0,0,0,0,Object notstarted,Object notstarted,Object notstarted,Object notstarted,Object notstarted,Object notstarted,Object notstarted,Object notstarted,Object notstarted
2024-03-18 10:34:53,751.751,__main___datalogs,INFO,JoyConState.PREP_SNS,-6.587500,10.362500,-126.440000,0.096125,0.002289,0.011443,0.020598,0.000000,0.000000,0.000000,0.000000,0,0,0,0,0,0,0,0,0,0,0,0.045257568359375,-0.004302978515625,0,0,0,0,0,0,0,0,Object notstarted,Object notstarted,Object notstarted,Object notstarted,Object notstarted,Object notstarted,Object notstarted,Object notstarted,Object notstarted
2024-03-18 10:34:53,793.793,__main___datalogs,INFO,JoyConState.PREP_SNS,-6.587500,10.362500,-126.440000,0.098413,-0.002289,0.011443,0.025176,0.000000,0.000000,0.000000,0.000000,0,0,0,0,0,0,0,0,0,0,0,0.045257568359375,-0.004302978515625,0,0,0,0,0,0,0,0,Object notstarted,Object notstarted,Object notstarted,Object notstarted,Object notstarted,Object notstarted,Object notstarted,Object notstarted,Object notstarted
2024-03-18 10:34:53,835.835,__main___datalogs,INFO,JoyConState.PREP_SNS,-6.587500,10.362500,-126.440000,0.098413,0.002289,0.011443,0.020598,0.000000,0.000000,0.000000,0.000000,0,0,0,0,0,0,0,0,0,0,0,0.045257568359375,-0.004302978515625,0,0,0,0,0,0,0,0,Object notstarted,Object notstarted,Object notstarted,Object notstarted,Object notstarted,Object notstarted,Object notstarted,Object notstarted,Object notstarted
2024-03-18 10:34:53,879.879,__main___datalogs,INFO,JoyConState.PREP_SNS,-6.587500,10.362500,-126.440000,0.098413,0.002289,0.004577,0.025176,0.000000,0.000000,0.000000,0.000000,0,0,0,0,0,0,0,0,0,0,0,0.045257568359375,-0.004302978515625,0,0,0,0,0,0,0,0,Object notstarted,Object notstarted,Object notstarted,Object notstarted,Object notstarted,Object notstarted,Object notstarted,Object notstarted,Object notstarted
2024-03-18 10:34:53,922.922,__main___datalogs,INFO,JoyConState.PREP_SNS,-6.587500,10.362500,-126.440000,0.098413,0.002289,0.011443,0.025176,0.000000,0.000000,0.000000,0.000000,0,0,0,0,0,0,0,0,0,0,0,0.045257568359375,-0.004302978515625,0,0,0,0,0,0,0,0,Object notstarted,Object notstarted,Object notstarted,Object notstarted,Object notstarted,Object notstarted,Object notstarted,Object notstarted,Object notstarted
2024-03-18 10:34:53,966.966,__main___datalogs,INFO,JoyConState.PREP_SNS,-6.587500,10.362500,-126.440000,0.098413,0.006866,0.011443,0.025176,0.000000,0.000000,0.000000,0.000000,0,0,0,0,0,0,0,0,0,0,0,0.045257568359375,-0.004302978515625,0,0,0,0,0,0,0,0,Object notstarted,Object notstarted,Object notstarted,Object notstarted,Object notstarted,Object notstarted,Object notstarted,Object notstarted,Object notstarted
2024-03-18 10:34:54,009.009,__main___datalogs,INFO,JoyConState.PREP_SNS,-6.587500,10.362500,-126.440000,0.098413,0.006866,0.004577,0.025176,0.000000,0.000000,0.000000,0.000000,0,0,0,0,0,0,0,0,0,0,0,0.045257568359375,-0.004302978515625,0,0,0,0,0,0,0,0,Object notstarted,Object notstarted,Object notstarted,Object notstarted,Object notstarted,Object notstarted,Object notstarted,Object notstarted,Object notstarted
2024-03-18 10:34:54,053.053,__main___datalogs,INFO,JoyConState.PREP_SNS,-6.587500,10.362500,-126.440000,0.098413,-0.002289,0.004577,0.025176,0.000000,0.000000,0.000000,0.000000,0,0,0,0,0,0,0,0,0,0,0,0.045257568359375,-0.004302978515625,0,0,0,0,0,0,0,0,Object notstarted,Object notstarted,Object notstarted,Object notstarted,Object notstarted,Object notstarted,Object notstarted,Object notstarted,Object notstarted
2024-03-18 10:34:54,096.096,__main___datalogs,INFO,JoyConState.PREP_SNS,-6.587500,10.362500,-126.440000,0.098413,0.002289,0.011443,0.020598,0.000000,0.000000,0.000000,0.000000,0,0,0,0,0,0,0,0,0,0,0,0.045257568359375,-0.004302978515625,0,0,0,0,0,0,0,0,Object notstarted,Object notstarted,Object notstarted,Object notstarted,Object notstarted,Object notstarted,Object notstarted,Object notstarted,Object notstarted
2024-03-18 10:34:54,140.140,__main___datalogs,INFO,JoyConState.PREP_SNS,-6.587500,10.362500,-126.440000,0.098413,0.006866,0.011443,0.020598,0.000000,0.000000,0.000000,0.000000,0,0,0,0,0,0,0,0,0,0,0,0.045257568359375,-0.004302978515625,0,0,0,0,0,0,0,0,Object notstarted,Object notstarted,Object notstarted,Object notstarted,Object notstarted,Object notstarted,Object notstarted,Object notstarted,Object notstarted
2024-03-18 10:34:54,183.183,__main___datalogs,INFO,JoyConState.PREP_SNS,-6.587500,10.362500,-126.440000,0.096125,0.002289,0.011443,0.020598,0.000000,0.000000,0.000000,0.000000,0,0,0,0,0,0,0,0,0,0,0,0.045257568359375,-0.004302978515625,0,0,0,0,0,0,0,0,Object notstarted,Object notstarted,Object notstarted,Object notstarted,Object notstarted,Object notstarted,Object notstarted,Object notstarted,Object notstarted
2024-03-18 10:34:54,233.233,__main___datalogs,INFO,JoyConState.PREP_SNS,-6.587500,10.362500,-126.440000,0.098413,0.006866,0.011443,0.025176,0.000000,0.000000,0.000000,0.000000,0,0,0,0,0,0,0,0,0,0,0,0.045257568359375,-0.004302978515625,0,0,0,0,0,0,0,0,Object notstarted,Object notstarted,Object notstarted,Object notstarted,Object notstarted,Object notstarted,Object notstarted,Object notstarted,Object notstarted
2024-03-18 10:34:54,293.293,__main___datalogs,INFO,JoyConState.PREP_SNS,-6.587500,10.362500,-126.440000,0.096125,0.006866,0.011443,0.025176,0.000000,0.000000,0.000000,0.000000,0,0,0,0,0,0,0,0,0,0,0,0.045257568359375,-0.004302978515625,0,0,0,0,0,0,0,0,Object notstarted,Object notstarted,Object notstarted,Object notstarted,Object notstarted,Object notstarted,Object notstarted,Object notstarted,Object notstarted
2024-03-18 10:34:54,338.338,__main___datalogs,INFO,JoyConState.PREP_SNS,-6.587500,10.362500,-126.440000,0.096125,0.006866,0.011443,0.020598,0.000000,0.000000,0.000000,0.000000,0,0,0,0,0,0,0,0,0,0,0,0.045257568359375,-0.004302978515625,0,0,0,0,0,0,0,0,Object notstarted,Object notstarted,Object notstarted,Object notstarted,Object notstarted,Object notstarted,Object notstarted,Object notstarted,Object notstarted
2024-03-18 10:34:54,379.379,__main___datalogs,INFO,JoyConState.PREP_SNS,-6.587500,10.362500,-126.440000,0.098413,0.006866,0.011443,0.025176,0.000000,0.000000,0.000000,0.000000,0,0,0,0,0,0,0,0,0,0,0,0.045257568359375,-0.004302978515625,0,0,0,0,0,0,0,0,Object notstarted,Object notstarted,Object notstarted,Object notstarted,Object notstarted,Object notstarted,Object notstarted,Object notstarted,Object notstarted
2024-03-18 10:34:54,424.424,__main___datalogs,INFO,JoyConState.PREP_SNS,-6.587500,10.362500,-126.440000,0.098413,0.002289,0.011443,0.025176,0.000000,0.000000,0.000000,0.000000,0,0,0,0,0,0,0,0,0,0,0,0.045257568359375,-0.004302978515625,0,0,0,0,0,0,0,0,Object notstarted,Object notstarted,Object notstarted,Object notstarted,Object notstarted,Object notstarted,Object notstarted,Object notstarted,Object notstarted
2024-03-18 10:34:54,467.467,__main___datalogs,INFO,JoyConState.PREP_SNS,-6.587500,10.362500,-126.440000,0.098413,0.002289,0.011443,0.020598,0.000000,0.000000,0.000000,0.000000,0,0,0,0,0,0,0,0,0,0,0,0.045257568359375,-0.004302978515625,0,0,0,0,0,0,0,0,Object notstarted,Object notstarted,Object notstarted,Object notstarted,Object notstarted,Object notstarted,Object notstarted,Object notstarted,Object notstarted
2024-03-18 10:34:54,512.512,__main___datalogs,INFO,JoyConState.PREP_SNS,-6.587500,10.362500,-126.440000,0.096125,0.006866,0.011443,0.025176,0.000000,0.000000,0.000000,0.000000,0,0,0,0,0,0,0,0,0,0,0,0.045257568359375,-0.004302978515625,0,0,0,0,0,0,0,0,Object notstarted,Object notstarted,Object notstarted,Object notstarted,Object notstarted,Object notstarted,Object notstarted,Object notstarted,Object notstarted
2024-03-18 10:34:54,555.555,__main___datalogs,INFO,JoyConState.PREP_SNS,-6.587500,10.362500,-126.440000,0.096125,-0.002289,0.011443,0.020598,0.000000,0.000000,0.000000,0.000000,0,0,0,0,0,0,0,0,0,0,0,0.045257568359375,-0.004302978515625,0,0,0,0,0,0,0,0,Object notstarted,Object notstarted,Object notstarted,Object notstarted,Object notstarted,Object notstarted,Object notstarted,Object notstarted,Object notstarted
2024-03-18 10:34:54,598.598,__main___datalogs,INFO,JoyConState.PREP_SNS,-6.587500,10.362500,-126.440000,0.096125,0.002289,0.011443,0.025176,0.000000,0.000000,0.000000,0.000000,0,0,0,0,0,0,0,0,0,0,0,0.045257568359375,-0.004302978515625,0,0,0,0,0,0,0,0,Object notstarted,Object notstarted,Object notstarted,Object notstarted,Object notstarted,Object notstarted,Object notstarted,Object notstarted,Object notstarted
2024-03-18 10:34:54,640.640,__main___datalogs,INFO,JoyConState.PREP_SNS,-6.587500,10.362500,-126.440000,0.096125,0.006866,0.011443,0.020598,0.000000,0.000000,0.000000,0.000000,0,0,0,0,0,0,0,0,0,0,0,0.045257568359375,-0.004302978515625,0,0,0,0,0,0,0,0,Object notstarted,Object notstarted,Object notstarted,Object notstarted,Object notstarted,Object notstarted,Object notstarted,Object notstarted,Object notstarted
2024-03-18 10:34:54,684.684,__main___datalogs,INFO,JoyConState.PREP_SNS,-6.587500,10.362500,-126.440000,0.098413,0.006866,0.011443,0.025176,0.000000,0.000000,0.000000,0.000000,0,0,0,0,0,0,0,0,0,0,0,0.045257568359375,-0.004302978515625,0,0,0,0,0,0,0,0,Object notstarted,Object notstarted,Object notstarted,Object notstarted,Object notstarted,Object notstarted,Object notstarted,Object notstarted,Object notstarted
2024-03-18 10:34:54,726.726,__main___datalogs,INFO,JoyConState.PREP_SNS,-6.587500,10.362500,-126.440000,0.098413,0.006866,0.013732,0.025176,0.000000,0.000000,0.000000,0.000000,0,0,0,0,0,0,0,0,0,0,0,0.045257568359375,-0.004302978515625,0,0,0,0,0,0,0,0,Object notstarted,Object notstarted,Object notstarted,Object notstarted,Object notstarted,Object notstarted,Object notstarted,Object notstarted,Object notstarted
2024-03-18 10:34:54,769.769,__main___datalogs,INFO,JoyConState.PREP_SNS,-6.587500,10.362500,-126.440000,0.098413,0.006866,0.011443,0.025176,0.000000,0.000000,0.000000,0.000000,0,0,0,0,0,0,0,0,0,0,0,0.045257568359375,-0.004302978515625,0,0,0,0,0,0,0,0,Object notstarted,Object notstarted,Object notstarted,Object notstarted,Object notstarted,Object notstarted,Object notstarted,Object notstarted,Object notstarted
2024-03-18 10:34:54,813.813,__main___datalogs,INFO,JoyConState.PREP_SNS,-6.587500,10.362500,-126.440000,0.098413,0.006866,0.011443,0.025176,0.000000,0.000000,0.000000,0.000000,0,0,0,0,0,0,0,0,0,0,0,0.045257568359375,-0.004302978515625,0,0,0,0,0,0,0,0,Object notstarted,Object notstarted,Object notstarted,Object notstarted,Object notstarted,Object notstarted,Object notstarted,Object notstarted,Object notstarted
2024-03-18 10:34:54,857.857,__main___datalogs,INFO,JoyConState.PREP_SNS,-6.587500,10.362500,-126.440000,0.098413,0.006866,0.011443,0.020598,0.000000,0.000000,0.000000,0.000000,0,0,0,0,0,0,0,0,0,0,0,0.045257568359375,-0.004302978515625,0,0,0,0,0,0,0,0,Object notstarted,Object notstarted,Object notstarted,Object notstarted,Object notstarted,Object notstarted,Object notstarted,Object notstarted,Object notstarted
2024-03-18 10:34:54,899.899,__main___datalogs,INFO,JoyConState.PREP_SNS,-6.587500,10.362500,-126.440000,0.098413,0.006866,0.011443,0.025176,0.000000,0.000000,0.000000,0.000000,0,0,0,0,0,0,0,0,0,0,0,0.045257568359375,-0.004302978515625,0,0,0,0,0,0,0,0,Object notstarted,Object notstarted,Object notstarted,Object notstarted,Object notstarted,Object notstarted,Object notstarted,Object notstarted,Object notstarted
2024-03-18 10:34:54,943.943,__main___datalogs,INFO,JoyConState.PREP_SNS,-6.587500,10.362500,-126.440000,0.096125,0.006866,0.011443,0.025176,0.000000,0.000000,0.000000,0.000000,0,0,0,0,0,0,0,0,0,0,0,0.045257568359375,-0.004302978515625,0,0,0,0,0,0,0,0,Object notstarted,Object notstarted,Object notstarted,Object notstarted,Object notstarted,Object notstarted,Object notstarted,Object notstarted,Object notstarted
2024-03-18 10:34:54,985.985,__main___datalogs,INFO,JoyConState.PREP_SNS,-6.587500,10.362500,-126.440000,0.098413,0.006866,0.011443,0.025176,0.000000,0.000000,0.000000,0.000000,0,0,0,0,0,0,0,0,0,0,0,0.045257568359375,-0.004302978515625,0,0,0,0,0,0,0,0,Object notstarted,Object notstarted,Object notstarted,Object notstarted,Object notstarted,Object notstarted,Object notstarted,Object notstarted,Object notstarted
2024-03-18 10:34:55,028.028,__main___datalogs,INFO,JoyConState.PREP_SNS,-6.587500,10.362500,-126.440000,0.098413,0.006866,0.011443,0.020598,0.000000,0.000000,0.000000,0.000000,0,0,0,0,0,0,0,0,0,0,0,0.045257568359375,-0.004302978515625,0,0,0,0,0,0,0,0,Object notstarted,Object notstarted,Object notstarted,Object notstarted,Object notstarted,Object notstarted,Object notstarted,Object notstarted,Object notstarted
2024-03-18 10:34:55,070.070,__main___datalogs,INFO,JoyConState.PREP_SNS,-6.587500,10.362500,-126.440000,0.096125,0.002289,0.004577,0.025176,0.000000,0.000000,0.000000,0.000000,0,0,0,0,0,0,0,0,0,0,0,0.045257568359375,-0.004302978515625,0,0,0,0,0,0,0,0,Object notstarted,Object notstarted,Object notstarted,Object notstarted,Object notstarted,Object notstarted,Object notstarted,Object notstarted,Object notstarted
2024-03-18 10:34:55,113.113,__main___datalogs,INFO,JoyConState.PREP_SNS,-6.587500,10.362500,-126.440000,0.096125,0.006866,0.011443,0.025176,0.000000,0.000000,0.000000,0.000000,0,0,0,0,0,0,0,0,0,0,0,0.045257568359375,-0.004302978515625,0,0,0,0,0,0,0,0,Object notstarted,Object notstarted,Object notstarted,Object notstarted,Object notstarted,Object notstarted,Object notstarted,Object notstarted,Object notstarted
2024-03-18 10:34:55,156.156,__main___datalogs,INFO,JoyConState.PREP_SNS,-6.587500,10.362500,-126.440000,0.096125,0.006866,0.004577,0.025176,0.000000,0.000000,0.000000,0.000000,0,0,0,0,0,0,0,0,0,0,0,0.045257568359375,-0.004302978515625,0,0,0,0,0,0,0,0,Object notstarted,Object notstarted,Object notstarted,Object notstarted,Object notstarted,Object notstarted,Object notstarted,Object notstarted,Object notstarted
2024-03-18 10:34:55,200.200,__main___datalogs,INFO,JoyConState.PREP_SNS,-6.587500,10.362500,-126.440000,0.098413,0.006866,0.004577,0.025176,0.000000,0.000000,0.000000,0.000000,0,0,0,0,0,0,0,0,0,0,0,0.045257568359375,-0.004302978515625,0,0,0,0,0,0,0,0,Object notstarted,Object notstarted,Object notstarted,Object notstarted,Object notstarted,Object notstarted,Object notstarted,Object notstarted,Object notstarted
2024-03-18 10:34:55,243.243,__main___datalogs,INFO,JoyConState.PREP_SNS,-6.587500,10.362500,-126.440000,0.102991,0.006866,0.011443,0.025176,0.000000,0.000000,0.000000,0.000000,0,0,0,0,0,0,0,0,0,0,0,0.045257568359375,-0.004302978515625,0,0,0,0,0,0,0,0,Object notstarted,Object notstarted,Object notstarted,Object notstarted,Object notstarted,Object notstarted,Object notstarted,Object notstarted,Object notstarted
2024-03-18 10:34:55,293.293,__main___datalogs,INFO,JoyConState.PREP_SNS,-6.587500,10.362500,-126.440000,0.102991,0.002289,0.011443,0.025176,0.000000,0.000000,0.000000,0.000000,0,0,0,0,0,0,0,0,0,0,0,0.045257568359375,-0.004302978515625,0,0,0,0,0,0,0,0,Object notstarted,Object notstarted,Object notstarted,Object notstarted,Object notstarted,Object notstarted,Object notstarted,Object notstarted,Object notstarted
2024-03-18 10:34:55,338.338,__main___datalogs,INFO,JoyConState.PREP_SNS,-6.587500,10.362500,-126.440000,0.096125,0.006866,0.011443,0.025176,0.000000,0.000000,0.000000,0.000000,0,0,0,0,0,0,0,0,0,0,0,0.045257568359375,-0.004302978515625,0,0,0,0,0,0,0,0,Object notstarted,Object notstarted,Object notstarted,Object notstarted,Object notstarted,Object notstarted,Object notstarted,Object notstarted,Object notstarted
2024-03-18 10:34:55,383.383,__main___datalogs,INFO,JoyConState.PREP_SNS,-6.587500,10.362500,-126.440000,0.096125,0.002289,0.011443,0.020598,0.000000,0.000000,0.000000,0.000000,0,0,0,0,0,0,0,0,0,0,0,0.045257568359375,-0.004302978515625,0,0,0,0,0,0,0,0,Object notstarted,Object notstarted,Object notstarted,Object notstarted,Object notstarted,Object notstarted,Object notstarted,Object notstarted,Object notstarted
2024-03-18 10:34:55,426.426,__main___datalogs,INFO,JoyConState.PREP_SNS,-6.587500,10.362500,-126.440000,0.098413,-0.002289,0.011443,0.020598,0.000000,0.000000,0.000000,0.000000,0,0,0,0,0,0,0,0,0,0,0,0.045257568359375,-0.004302978515625,0,0,0,0,0,0,0,0,Object notstarted,Object notstarted,Object notstarted,Object notstarted,Object notstarted,Object notstarted,Object notstarted,Object notstarted,Object notstarted
2024-03-18 10:34:55,471.471,__main___datalogs,INFO,JoyConState.PREP_SNS,-6.587500,10.362500,-126.440000,0.098413,0.002289,0.011443,0.025176,0.000000,0.000000,0.000000,0.000000,0,0,0,0,0,0,0,0,0,0,0,0.045257568359375,-0.004302978515625,0,0,0,0,0,0,0,0,Object notstarted,Object notstarted,Object notstarted,Object notstarted,Object notstarted,Object notstarted,Object notstarted,Object notstarted,Object notstarted
2024-03-18 10:34:55,514.514,__main___datalogs,INFO,JoyConState.PREP_SNS,-6.587500,10.362500,-126.440000,0.096125,0.002289,0.011443,0.025176,0.000000,0.000000,0.000000,0.000000,0,0,0,0,0,0,0,0,0,0,0,0.045257568359375,-0.004302978515625,0,0,0,0,0,0,0,0,Object notstarted,Object notstarted,Object notstarted,Object notstarted,Object notstarted,Object notstarted,Object notstarted,Object notstarted,Object notstarted
2024-03-18 10:34:55,559.559,__main___datalogs,INFO,JoyConState.PREP_SNS,-6.587500,10.362500,-126.440000,0.096125,0.006866,0.011443,0.025176,0.000000,0.000000,0.000000,0.000000,0,0,0,0,0,0,0,0,0,0,0,0.045257568359375,-0.004302978515625,0,0,0,0,0,0,0,0,Object notstarted,Object notstarted,Object notstarted,Object notstarted,Object notstarted,Object notstarted,Object notstarted,Object notstarted,Object notstarted
2024-03-18 10:34:55,596.596,__main___datalogs,INFO,JoyConState.PREP_SNS,-6.587500,10.362500,-126.440000,0.098413,0.006866,0.011443,0.020598,0.000000,0.000000,0.000000,0.000000,0,0,0,0,0,0,0,0,0,0,0,0.045257568359375,-0.004302978515625,0,0,0,0,0,0,0,0,Object notstarted,Object notstarted,Object notstarted,Object notstarted,Object notstarted,Object notstarted,Object notstarted,Object notstarted,Object notstarted
2024-03-18 10:34:55,636.636,__main___datalogs,INFO,JoyConState.PREP_SNS,-6.587500,10.362500,-126.440000,0.098413,0.002289,0.011443,0.025176,0.000000,0.000000,0.000000,0.000000,0,0,0,0,0,0,0,0,0,0,0,0.045257568359375,-0.004302978515625,0,0,0,0,0,0,0,0,Object notstarted,Object notstarted,Object notstarted,Object notstarted,Object notstarted,Object notstarted,Object notstarted,Object notstarted,Object notstarted
2024-03-18 10:34:55,677.677,__main___datalogs,INFO,JoyConState.PREP_SNS,-6.587500,10.362500,-126.440000,0.091547,0.006866,0.011443,0.025176,0.000000,0.000000,0.000000,0.000000,0,0,0,0,0,0,0,0,0,0,0,0.045257568359375,-0.004302978515625,0,0,0,0,0,0,0,0,Object notstarted,Object notstarted,Object notstarted,Object notstarted,Object notstarted,Object notstarted,Object notstarted,Object notstarted,Object notstarted
2024-03-18 10:34:55,721.721,__main___datalogs,INFO,JoyConState.PREP_SNS,-6.587500,10.362500,-126.440000,0.091547,0.002289,0.004577,0.020598,0.000000,0.000000,0.000000,0.000000,0,0,0,0,0,0,0,0,0,0,0,0.045257568359375,-0.004302978515625,0,0,0,0,0,0,0,0,Object notstarted,Object notstarted,Object notstarted,Object notstarted,Object notstarted,Object notstarted,Object notstarted,Object notstarted,Object notstarted
2024-03-18 10:34:55,763.763,__main___datalogs,INFO,JoyConState.PREP_SNS,-6.587500,10.362500,-126.440000,0.091547,0.002289,0.004577,0.025176,0.000000,0.000000,0.000000,0.000000,0,0,0,0,0,0,0,0,0,0,0,0.045257568359375,-0.004302978515625,0,0,0,0,0,0,0,0,Object notstarted,Object notstarted,Object notstarted,Object notstarted,Object notstarted,Object notstarted,Object notstarted,Object notstarted,Object notstarted
2024-03-18 10:34:55,807.807,__main___datalogs,INFO,JoyConState.PREP_SNS,-6.587500,10.362500,-126.440000,0.089258,0.006866,0.011443,0.025176,0.000000,0.000000,0.000000,0.000000,0,0,0,0,0,0,0,0,0,0,0,0.045257568359375,-0.004302978515625,0,0,0,0,0,0,0,0,Object notstarted,Object notstarted,Object notstarted,Object notstarted,Object notstarted,Object notstarted,Object notstarted,Object notstarted,Object notstarted
2024-03-18 10:34:55,850.850,__main___datalogs,INFO,JoyConState.PREP_SNS,-6.587500,10.362500,-126.440000,0.091547,0.002289,0.011443,0.025176,0.000000,0.000000,0.000000,0.000000,0,0,0,0,0,0,0,0,0,0,0,0.045257568359375,-0.004302978515625,0,0,0,0,0,0,0,0,Object notstarted,Object notstarted,Object notstarted,Object notstarted,Object notstarted,Object notstarted,Object notstarted,Object notstarted,Object notstarted
2024-03-18 10:34:55,893.893,__main___datalogs,INFO,JoyConState.PREP_SNS,-6.587500,10.362500,-126.440000,0.091547,0.002289,0.011443,0.020598,0.000000,0.000000,0.000000,0.000000,0,0,0,0,0,0,0,0,0,0,0,0.045257568359375,-0.004302978515625,0,0,0,0,0,0,0,0,Object notstarted,Object notstarted,Object notstarted,Object notstarted,Object notstarted,Object notstarted,Object notstarted,Object notstarted,Object notstarted
2024-03-18 10:34:55,935.935,__main___datalogs,INFO,JoyConState.PREP_SNS,-6.587500,10.362500,-126.440000,0.096125,0.002289,0.011443,0.020598,0.000000,0.000000,0.000000,0.000000,0,0,0,0,0,0,0,0,0,0,0,0.045257568359375,-0.004302978515625,0,0,0,0,0,0,0,0,Object notstarted,Object notstarted,Object notstarted,Object notstarted,Object notstarted,Object notstarted,Object notstarted,Object notstarted,Object notstarted
2024-03-18 10:34:55,980.980,__main___datalogs,INFO,JoyConState.PREP_SNS,-6.587500,10.362500,-126.440000,0.096125,-0.002289,0.011443,0.020598,0.000000,0.000000,0.000000,0.000000,0,0,0,0,0,0,0,0,0,0,0,0.045257568359375,-0.004302978515625,0,0,0,0,0,0,0,0,Object notstarted,Object notstarted,Object notstarted,Object notstarted,Object notstarted,Object notstarted,Object notstarted,Object notstarted,Object notstarted
2024-03-18 10:34:56,024.024,__main___datalogs,INFO,JoyConState.PREP_SNS,-6.587500,10.362500,-126.440000,0.091547,0.002289,0.011443,0.025176,0.000000,0.000000,0.000000,0.000000,0,0,0,0,0,0,0,0,0,0,0,0.045257568359375,-0.004302978515625,0,0,0,0,0,0,0,0,Object notstarted,Object notstarted,Object notstarted,Object notstarted,Object notstarted,Object notstarted,Object notstarted,Object notstarted,Object notstarted
2024-03-18 10:34:56,067.067,__main___datalogs,INFO,JoyConState.PREP_SNS,-6.587500,10.362500,-126.440000,0.091547,0.006866,0.011443,0.025176,0.000000,0.000000,0.000000,0.000000,0,0,0,0,0,0,0,0,0,0,0,0.045257568359375,-0.004302978515625,0,0,0,0,0,0,0,0,Object notstarted,Object notstarted,Object notstarted,Object notstarted,Object notstarted,Object notstarted,Object notstarted,Object notstarted,Object notstarted
2024-03-18 10:34:56,109.109,__main___datalogs,INFO,JoyConState.PREP_SNS,-6.587500,10.362500,-126.440000,0.096125,0.006866,0.013732,0.020598,0.000000,0.000000,0.000000,0.000000,0,0,0,0,0,0,0,0,0,0,0,0.045257568359375,-0.004302978515625,0,0,0,0,0,0,0,0,Object notstarted,Object notstarted,Object notstarted,Object notstarted,Object notstarted,Object notstarted,Object notstarted,Object notstarted,Object notstarted
2024-03-18 10:34:56,154.154,__main___datalogs,INFO,JoyConState.PREP_SNS,-6.587500,10.362500,-126.440000,0.091547,0.006866,0.011443,0.025176,0.000000,0.000000,0.000000,0.000000,0,0,0,0,0,0,0,0,0,0,0,0.045257568359375,-0.004302978515625,0,0,0,0,0,0,0,0,Object notstarted,Object notstarted,Object notstarted,Object notstarted,Object notstarted,Object notstarted,Object notstarted,Object notstarted,Object notstarted
2024-03-18 10:34:56,198.198,__main___datalogs,INFO,JoyConState.PREP_SNS,-6.587500,10.362500,-126.440000,0.091547,0.002289,0.011443,0.025176,0.000000,0.000000,0.000000,0.000000,0,0,0,0,0,0,0,0,0,0,0,0.045257568359375,-0.004302978515625,0,0,0,0,0,0,0,0,Object notstarted,Object notstarted,Object notstarted,Object notstarted,Object notstarted,Object notstarted,Object notstarted,Object notstarted,Object notstarted
2024-03-18 10:34:56,242.242,__main___datalogs,INFO,JoyConState.PREP_SNS,-6.587500,10.362500,-126.440000,0.091547,0.002289,0.013732,0.020598,0.000000,0.000000,0.000000,0.000000,0,0,0,0,0,0,0,0,0,0,0,0.045257568359375,-0.004302978515625,0,0,0,0,0,0,0,0,Object notstarted,Object notstarted,Object notstarted,Object notstarted,Object notstarted,Object notstarted,Object notstarted,Object notstarted,Object notstarted
2024-03-18 10:34:56,283.283,__main___datalogs,INFO,JoyConState.PREP_SNS,-6.587500,10.362500,-126.440000,0.091547,0.006866,0.011443,0.025176,0.000000,0.000000,0.000000,0.000000,0,0,0,0,0,0,0,0,0,0,0,0.045257568359375,-0.004302978515625,0,0,0,0,0,0,0,0,Object notstarted,Object notstarted,Object notstarted,Object notstarted,Object notstarted,Object notstarted,Object notstarted,Object notstarted,Object notstarted
2024-03-18 10:34:56,328.328,__main___datalogs,INFO,JoyConState.PREP_SNS,-6.587500,10.362500,-126.440000,0.091547,0.006866,0.011443,0.020598,0.000000,0.000000,0.000000,0.000000,0,0,0,0,0,0,0,0,0,0,0,0.045257568359375,-0.004302978515625,0,0,0,0,0,0,0,0,Object notstarted,Object notstarted,Object notstarted,Object notstarted,Object notstarted,Object notstarted,Object notstarted,Object notstarted,Object notstarted
2024-03-18 10:34:56,385.385,__main___datalogs,INFO,JoyConState.PREP_SNS,-6.587500,10.362500,-126.440000,0.091547,0.006866,0.011443,0.020598,0.000000,0.000000,0.000000,0.000000,0,0,0,0,0,0,0,0,0,0,0,0.045257568359375,-0.004302978515625,0,0,0,0,0,0,0,0,Object notstarted,Object notstarted,Object notstarted,Object notstarted,Object notstarted,Object notstarted,Object notstarted,Object notstarted,Object notstarted
2024-03-18 10:34:56,430.430,__main___datalogs,INFO,JoyConState.PREP_SNS,-6.587500,10.362500,-126.440000,0.096125,0.006866,0.011443,0.025176,0.000000,0.000000,0.000000,0.000000,0,0,0,0,0,0,0,0,0,0,0,0.045257568359375,-0.004302978515625,0,0,0,0,0,0,0,0,Object notstarted,Object notstarted,Object notstarted,Object notstarted,Object notstarted,Object notstarted,Object notstarted,Object notstarted,Object notstarted
2024-03-18 10:34:56,473.473,__main___datalogs,INFO,JoyConState.PREP_SNS,-6.587500,10.362500,-126.440000,0.098413,0.006866,0.004577,0.025176,0.000000,0.000000,0.000000,0.000000,0,0,0,0,0,0,0,0,0,0,0,0.045257568359375,-0.004302978515625,0,0,0,0,0,0,0,0,Object notstarted,Object notstarted,Object notstarted,Object notstarted,Object notstarted,Object notstarted,Object notstarted,Object notstarted,Object notstarted
2024-03-18 10:34:56,518.518,__main___datalogs,INFO,JoyConState.PREP_SNS,-6.587500,10.362500,-126.440000,0.096125,0.006866,0.011443,0.020598,0.000000,0.000000,0.000000,0.000000,0,0,0,0,0,0,0,0,0,0,0,0.045257568359375,-0.004302978515625,0,0,0,0,0,0,0,0,Object notstarted,Object notstarted,Object notstarted,Object notstarted,Object notstarted,Object notstarted,Object notstarted,Object notstarted,Object notstarted
2024-03-18 10:34:56,559.559,__main___datalogs,INFO,JoyConState.PREP_SNS,-6.587500,10.362500,-126.440000,0.098413,0.006866,0.011443,0.025176,0.000000,0.000000,0.000000,0.000000,0,0,0,0,0,0,0,0,0,0,0,0.045257568359375,-0.004302978515625,0,0,0,0,0,0,0,0,Object notstarted,Object notstarted,Object notstarted,Object notstarted,Object notstarted,Object notstarted,Object notstarted,Object notstarted,Object notstarted
2024-03-18 10:34:56,603.603,__main___datalogs,INFO,JoyConState.PREP_SNS,-6.587500,10.362500,-126.440000,0.098413,0.002289,0.004577,0.025176,0.000000,0.000000,0.000000,0.000000,0,0,0,0,0,0,0,0,0,0,0,0.045257568359375,-0.004302978515625,0,0,0,0,0,0,0,0,Object notstarted,Object notstarted,Object notstarted,Object notstarted,Object notstarted,Object notstarted,Object notstarted,Object notstarted,Object notstarted
2024-03-18 10:34:56,645.645,__main___datalogs,INFO,JoyConState.PREP_SNS,-6.587500,10.362500,-126.440000,0.098413,0.006866,0.004577,0.025176,0.000000,0.000000,0.000000,0.000000,0,0,0,0,0,0,0,0,0,0,0,0.045257568359375,-0.004302978515625,0,0,0,0,0,0,0,0,Object notstarted,Object notstarted,Object notstarted,Object notstarted,Object notstarted,Object notstarted,Object notstarted,Object notstarted,Object notstarted
2024-03-18 10:34:56,691.691,__main___datalogs,INFO,JoyConState.PREP_SNS,-6.587500,10.362500,-126.440000,0.098413,0.002289,0.011443,0.025176,0.000000,0.000000,0.000000,0.000000,0,0,0,0,0,0,0,0,0,0,0,0.045257568359375,-0.004302978515625,0,0,0,0,0,0,0,0,Object notstarted,Object notstarted,Object notstarted,Object notstarted,Object notstarted,Object notstarted,Object notstarted,Object notstarted,Object notstarted
2024-03-18 10:34:56,734.734,__main___datalogs,INFO,JoyConState.PREP_SNS,-6.587500,10.362500,-126.440000,0.091547,0.006866,0.011443,0.025176,0.000000,0.000000,0.000000,0.000000,0,0,0,0,0,0,0,0,0,0,0,0.045257568359375,-0.004302978515625,0,0,0,0,0,0,0,0,Object notstarted,Object notstarted,Object notstarted,Object notstarted,Object notstarted,Object notstarted,Object notstarted,Object notstarted,Object notstarted
2024-03-18 10:34:56,778.778,__main___datalogs,INFO,JoyConState.PREP_SNS,-6.587500,10.362500,-126.440000,0.096125,0.006866,0.011443,0.025176,0.000000,0.000000,0.000000,0.000000,0,0,0,0,0,0,0,0,0,0,0,0.045257568359375,-0.004302978515625,0,0,0,0,0,0,0,0,Object notstarted,Object notstarted,Object notstarted,Object notstarted,Object notstarted,Object notstarted,Object notstarted,Object notstarted,Object notstarted
2024-03-18 10:34:56,820.820,__main___datalogs,INFO,JoyConState.PREP_SNS,-6.587500,10.362500,-126.440000,0.091547,0.006866,0.011443,0.025176,0.000000,0.000000,0.000000,0.000000,0,0,0,0,0,0,0,0,0,0,0,0.045257568359375,-0.004302978515625,0,0,0,0,0,0,0,0,Object notstarted,Object notstarted,Object notstarted,Object notstarted,Object notstarted,Object notstarted,Object notstarted,Object notstarted,Object notstarted
2024-03-18 10:34:56,865.865,__main___datalogs,INFO,JoyConState.PREP_SNS,-6.587500,10.362500,-126.440000,0.091547,0.002289,0.011443,0.025176,0.000000,0.000000,0.000000,0.000000,0,0,0,0,0,0,0,0,0,0,0,0.045257568359375,-0.004302978515625,0,0,0,0,0,0,0,0,Object notstarted,Object notstarted,Object notstarted,Object notstarted,Object notstarted,Object notstarted,Object notstarted,Object notstarted,Object notstarted
2024-03-18 10:34:56,907.907,__main___datalogs,INFO,JoyConState.PREP_SNS,-6.587500,10.362500,-126.440000,0.091547,0.002289,0.004577,0.020598,0.000000,0.000000,0.000000,0.000000,0,0,0,0,0,0,0,0,0,0,0,0.045257568359375,-0.004302978515625,0,0,0,0,0,0,0,0,Object notstarted,Object notstarted,Object notstarted,Object notstarted,Object notstarted,Object notstarted,Object notstarted,Object notstarted,Object notstarted
2024-03-18 10:34:56,952.952,__main___datalogs,INFO,JoyConState.PREP_SNS,-6.587500,10.362500,-126.440000,0.098413,0.002289,0.004577,0.025176,0.000000,0.000000,0.000000,0.000000,0,0,0,0,0,0,0,0,0,0,0,0.045257568359375,-0.004302978515625,0,0,0,0,0,0,0,0,Object notstarted,Object notstarted,Object notstarted,Object notstarted,Object notstarted,Object notstarted,Object notstarted,Object notstarted,Object notstarted
2024-03-18 10:34:56,994.994,__main___datalogs,INFO,JoyConState.PREP_SNS,-6.587500,10.362500,-126.440000,0.098413,0.002289,0.011443,0.025176,0.000000,0.000000,0.000000,0.000000,0,0,0,0,0,0,0,0,0,0,0,0.045257568359375,-0.004302978515625,0,0,0,0,0,0,0,0,Object notstarted,Object notstarted,Object notstarted,Object notstarted,Object notstarted,Object notstarted,Object notstarted,Object notstarted,Object notstarted
2024-03-18 10:34:57,038.038,__main___datalogs,INFO,JoyConState.PREP_SNS,-6.587500,10.362500,-126.440000,0.096125,0.002289,0.011443,0.025176,0.000000,0.000000,0.000000,0.000000,0,0,0,0,0,0,0,0,0,0,0,0.045257568359375,-0.004302978515625,0,0,0,0,0,0,0,0,Object notstarted,Object notstarted,Object notstarted,Object notstarted,Object notstarted,Object notstarted,Object notstarted,Object notstarted,Object notstarted
2024-03-18 10:34:57,081.081,__main___datalogs,INFO,JoyConState.PREP_SNS,-6.587500,10.362500,-126.440000,0.096125,0.006866,0.004577,0.025176,0.000000,0.000000,0.000000,0.000000,0,0,0,0,0,0,0,0,0,0,0,0.045257568359375,-0.004302978515625,0,0,0,0,0,0,0,0,Object notstarted,Object notstarted,Object notstarted,Object notstarted,Object notstarted,Object notstarted,Object notstarted,Object notstarted,Object notstarted
2024-03-18 10:34:57,125.125,__main___datalogs,INFO,JoyConState.PREP_SNS,-6.587500,10.362500,-126.440000,0.091547,0.006866,0.004577,0.025176,0.000000,0.000000,0.000000,0.000000,0,0,0,0,0,0,0,0,0,0,0,0.045257568359375,-0.004302978515625,0,0,0,0,0,0,0,0,Object notstarted,Object notstarted,Object notstarted,Object notstarted,Object notstarted,Object notstarted,Object notstarted,Object notstarted,Object notstarted
2024-03-18 10:34:57,168.168,__main___datalogs,INFO,JoyConState.PREP_SNS,-6.587500,10.362500,-126.440000,0.096125,0.006866,0.011443,0.020598,0.000000,0.000000,0.000000,0.000000,0,0,0,0,0,0,0,0,0,0,0,0.045257568359375,-0.004302978515625,0,0,0,0,0,0,0,0,Object notstarted,Object notstarted,Object notstarted,Object notstarted,Object notstarted,Object notstarted,Object notstarted,Object notstarted,Object notstarted
2024-03-18 10:34:57,208.208,__main___datalogs,INFO,JoyConState.PREP_SNS,-6.587500,10.362500,-126.440000,0.096125,0.006866,0.011443,0.020598,0.000000,0.000000,0.000000,0.000000,0,0,0,0,0,0,0,0,0,0,0,0.045257568359375,-0.004302978515625,0,0,0,0,0,0,0,0,Object notstarted,Object notstarted,Object notstarted,Object notstarted,Object notstarted,Object notstarted,Object notstarted,Object notstarted,Object notstarted
2024-03-18 10:34:57,250.250,__main___datalogs,INFO,JoyConState.PREP_SNS,-6.587500,10.362500,-126.440000,0.096125,0.002289,0.011443,0.020598,0.000000,0.000000,0.000000,0.000000,0,0,0,0,0,0,0,0,0,0,0,0.045257568359375,-0.004302978515625,0,0,0,0,0,0,0,0,Object notstarted,Object notstarted,Object notstarted,Object notstarted,Object notstarted,Object notstarted,Object notstarted,Object notstarted,Object notstarted
2024-03-18 10:34:57,295.295,__main___datalogs,INFO,JoyConState.PREP_SNS,-6.587500,10.362500,-126.440000,0.096125,0.006866,0.011443,0.025176,0.000000,0.000000,0.000000,0.000000,0,0,0,0,0,0,0,0,0,0,0,0.045257568359375,-0.004302978515625,0,0,0,0,0,0,0,0,Object notstarted,Object notstarted,Object notstarted,Object notstarted,Object notstarted,Object notstarted,Object notstarted,Object notstarted,Object notstarted
2024-03-18 10:34:57,335.335,__main___datalogs,INFO,JoyConState.PREP_SNS,-6.587500,10.362500,-126.440000,0.096125,0.006866,0.013732,0.025176,0.000000,0.000000,0.000000,0.000000,0,0,0,0,0,0,0,0,0,0,0,0.045257568359375,-0.004302978515625,0,0,0,0,0,0,0,0,Object notstarted,Object notstarted,Object notstarted,Object notstarted,Object notstarted,Object notstarted,Object notstarted,Object notstarted,Object notstarted
2024-03-18 10:34:57,378.378,__main___datalogs,INFO,JoyConState.PREP_SNS,-6.587500,10.362500,-126.440000,0.091547,0.006866,0.011443,0.020598,0.000000,0.000000,0.000000,0.000000,0,0,0,0,0,0,0,0,0,0,0,0.045257568359375,-0.004302978515625,0,0,0,0,0,0,0,0,Object notstarted,Object notstarted,Object notstarted,Object notstarted,Object notstarted,Object notstarted,Object notstarted,Object notstarted,Object notstarted
2024-03-18 10:34:57,435.435,__main___datalogs,INFO,JoyConState.PREP_SNS,-6.587500,10.362500,-126.440000,0.096125,0.006866,0.011443,0.020598,0.000000,0.000000,0.000000,0.000000,0,0,0,0,0,0,0,0,0,0,0,0.045257568359375,-0.004302978515625,0,0,0,0,0,0,0,0,Object notstarted,Object notstarted,Object notstarted,Object notstarted,Object notstarted,Object notstarted,Object notstarted,Object notstarted,Object notstarted
2024-03-18 10:34:57,498.498,__main___datalogs,INFO,JoyConState.PREP_SNS,-6.587500,10.362500,-126.440000,0.098413,0.006866,0.004577,0.025176,0.000000,0.000000,0.000000,0.000000,0,0,0,0,0,0,0,0,0,0,0,0.045257568359375,-0.004302978515625,0,0,0,0,0,0,0,0,Object notstarted,Object notstarted,Object notstarted,Object notstarted,Object notstarted,Object notstarted,Object notstarted,Object notstarted,Object notstarted
2024-03-18 10:34:57,540.540,__main___datalogs,INFO,JoyConState.PREP_SNS,-6.587500,10.362500,-126.440000,0.098413,0.006866,0.011443,0.020598,0.000000,0.000000,0.000000,0.000000,0,0,0,0,0,0,0,0,0,0,0,0.045257568359375,-0.004302978515625,0,0,0,0,0,0,0,0,Object notstarted,Object notstarted,Object notstarted,Object notstarted,Object notstarted,Object notstarted,Object notstarted,Object notstarted,Object notstarted
2024-03-18 10:34:57,584.584,__main___datalogs,INFO,JoyConState.PREP_SNS,-6.587500,10.362500,-126.440000,0.098413,0.002289,0.011443,0.020598,0.000000,0.000000,0.000000,0.000000,0,0,0,0,0,0,0,0,0,0,0,0.045257568359375,-0.004302978515625,0,0,0,0,0,0,0,0,Object notstarted,Object notstarted,Object notstarted,Object notstarted,Object notstarted,Object notstarted,Object notstarted,Object notstarted,Object notstarted
2024-03-18 10:34:57,626.626,__main___datalogs,INFO,JoyConState.PREP_SNS,-6.587500,10.362500,-126.440000,0.098413,0.002289,0.011443,0.016021,0.000000,0.000000,0.000000,0.000000,0,0,0,0,0,0,0,0,0,0,0,0.045257568359375,-0.004302978515625,0,0,0,0,0,0,0,0,Object notstarted,Object notstarted,Object notstarted,Object notstarted,Object notstarted,Object notstarted,Object notstarted,Object notstarted,Object notstarted
2024-03-18 10:34:57,670.670,__main___datalogs,INFO,JoyConState.PREP_SNS,-6.587500,10.362500,-126.440000,0.096125,0.002289,0.004577,0.025176,0.000000,0.000000,0.000000,0.000000,0,0,0,0,0,0,0,0,0,0,0,0.045257568359375,-0.004302978515625,0,0,0,0,0,0,0,0,Object notstarted,Object notstarted,Object notstarted,Object notstarted,Object notstarted,Object notstarted,Object notstarted,Object notstarted,Object notstarted
2024-03-18 10:34:57,711.711,__main___datalogs,INFO,JoyConState.PREP_SNS,-6.587500,10.362500,-126.440000,0.098413,0.002289,0.004577,0.025176,0.000000,0.000000,0.000000,0.000000,0,0,0,0,0,0,0,0,0,0,0,0.045257568359375,-0.004302978515625,0,0,0,0,0,0,0,0,Object notstarted,Object notstarted,Object notstarted,Object notstarted,Object notstarted,Object notstarted,Object notstarted,Object notstarted,Object notstarted
2024-03-18 10:34:57,756.756,__main___datalogs,INFO,JoyConState.PREP_SNS,-6.587500,10.362500,-126.440000,0.096125,0.002289,0.011443,0.025176,0.000000,0.000000,0.000000,0.000000,0,0,0,0,0,0,0,0,0,0,0,0.045257568359375,-0.004302978515625,0,0,0,0,0,0,0,0,Object notstarted,Object notstarted,Object notstarted,Object notstarted,Object notstarted,Object notstarted,Object notstarted,Object notstarted,Object notstarted
2024-03-18 10:34:57,799.799,__main___datalogs,INFO,JoyConState.PREP_SNS,-6.587500,10.362500,-126.440000,0.091547,0.006866,0.011443,0.025176,0.000000,0.000000,0.000000,0.000000,0,0,0,0,0,0,0,0,0,0,0,0.045257568359375,-0.004302978515625,0,0,0,0,0,0,0,0,Object notstarted,Object notstarted,Object notstarted,Object notstarted,Object notstarted,Object notstarted,Object notstarted,Object notstarted,Object notstarted
2024-03-18 10:34:57,844.844,__main___datalogs,INFO,JoyConState.PREP_SNS,-6.587500,10.362500,-126.440000,0.096125,-0.002289,0.011443,0.025176,0.000000,0.000000,0.000000,0.000000,0,0,0,0,0,0,0,0,0,0,0,0.045257568359375,-0.004302978515625,0,0,0,0,0,0,0,0,Object notstarted,Object notstarted,Object notstarted,Object notstarted,Object notstarted,Object notstarted,Object notstarted,Object notstarted,Object notstarted
2024-03-18 10:34:57,888.888,__main___datalogs,INFO,JoyConState.PREP_SNS,-6.587500,10.362500,-126.440000,0.098413,0.006866,0.011443,0.025176,0.000000,0.000000,0.000000,0.000000,0,0,0,0,0,0,0,0,0,0,0,0.045257568359375,-0.004302978515625,0,0,0,0,0,0,0,0,Object notstarted,Object notstarted,Object notstarted,Object notstarted,Object notstarted,Object notstarted,Object notstarted,Object notstarted,Object notstarted
2024-03-18 10:34:57,932.932,__main___datalogs,INFO,JoyConState.PREP_SNS,-6.587500,10.362500,-126.440000,0.098413,0.006866,0.011443,0.025176,0.000000,0.000000,0.000000,0.000000,0,0,0,0,0,0,0,0,0,0,0,0.045257568359375,-0.004302978515625,0,0,0,0,0,0,0,0,Object notstarted,Object notstarted,Object notstarted,Object notstarted,Object notstarted,Object notstarted,Object notstarted,Object notstarted,Object notstarted
2024-03-18 10:34:57,974.974,__main___datalogs,INFO,JoyConState.PREP_SNS,-6.587500,10.362500,-126.440000,0.096125,0.002289,0.011443,0.025176,0.000000,0.000000,0.000000,0.000000,0,0,0,0,0,0,0,0,0,0,0,0.045257568359375,-0.004302978515625,0,0,0,0,0,0,0,0,Object notstarted,Object notstarted,Object notstarted,Object notstarted,Object notstarted,Object notstarted,Object notstarted,Object notstarted,Object notstarted
2024-03-18 10:34:58,018.018,__main___datalogs,INFO,JoyConState.PREP_SNS,-6.587500,10.362500,-126.440000,0.096125,0.002289,0.011443,0.025176,0.000000,0.000000,0.000000,0.000000,0,0,0,0,0,0,0,0,0,0,0,0.045257568359375,-0.004302978515625,0,0,0,0,0,0,0,0,Object notstarted,Object notstarted,Object notstarted,Object notstarted,Object notstarted,Object notstarted,Object notstarted,Object notstarted,Object notstarted
2024-03-18 10:34:58,061.061,__main___datalogs,INFO,JoyConState.PREP_SNS,-6.587500,10.362500,-126.440000,0.096125,0.002289,0.011443,0.020598,0.000000,0.000000,0.000000,0.000000,0,0,0,0,0,0,0,0,0,0,0,0.045257568359375,-0.004302978515625,0,0,0,0,0,0,0,0,Object notstarted,Object notstarted,Object notstarted,Object notstarted,Object notstarted,Object notstarted,Object notstarted,Object notstarted,Object notstarted
2024-03-18 10:34:58,106.106,__main___datalogs,INFO,JoyConState.PREP_SNS,-6.587500,10.362500,-126.440000,0.096125,0.002289,0.004577,0.025176,0.000000,0.000000,0.000000,0.000000,0,0,0,0,0,0,0,0,0,0,0,0.045257568359375,-0.004302978515625,0,0,0,0,0,0,0,0,Object notstarted,Object notstarted,Object notstarted,Object notstarted,Object notstarted,Object notstarted,Object notstarted,Object notstarted,Object notstarted
2024-03-18 10:34:58,149.149,__main___datalogs,INFO,JoyConState.PREP_SNS,-6.587500,10.362500,-126.440000,0.096125,-0.002289,0.011443,0.020598,0.000000,0.000000,0.000000,0.000000,0,0,0,0,0,0,0,0,0,0,0,0.045257568359375,-0.004302978515625,0,0,0,0,0,0,0,0,Object notstarted,Object notstarted,Object notstarted,Object notstarted,Object notstarted,Object notstarted,Object notstarted,Object notstarted,Object notstarted
2024-03-18 10:34:58,193.193,__main___datalogs,INFO,JoyConState.PREP_SNS,-6.587500,10.362500,-126.440000,0.096125,0.002289,0.011443,0.025176,0.000000,0.000000,0.000000,0.000000,0,0,0,0,0,0,0,0,0,0,0,0.045257568359375,-0.004302978515625,0,0,0,0,0,0,0,0,Object notstarted,Object notstarted,Object notstarted,Object notstarted,Object notstarted,Object notstarted,Object notstarted,Object notstarted,Object notstarted
2024-03-18 10:34:58,235.235,__main___datalogs,INFO,JoyConState.PREP_SNS,-6.587500,10.362500,-126.440000,0.096125,0.002289,0.011443,0.025176,0.000000,0.000000,0.000000,0.000000,0,0,0,0,0,0,0,0,0,0,0,0.045257568359375,-0.004302978515625,0,0,0,0,0,0,0,0,Object notstarted,Object notstarted,Object notstarted,Object notstarted,Object notstarted,Object notstarted,Object notstarted,Object notstarted,Object notstarted
2024-03-18 10:34:58,280.280,__main___datalogs,INFO,JoyConState.PREP_SNS,-6.587500,10.362500,-126.440000,0.096125,0.006866,0.011443,0.025176,0.000000,0.000000,0.000000,0.000000,0,0,0,0,0,0,0,0,0,0,0,0.045257568359375,-0.004302978515625,0,0,0,0,0,0,0,0,Object notstarted,Object notstarted,Object notstarted,Object notstarted,Object notstarted,Object notstarted,Object notstarted,Object notstarted,Object notstarted
2024-03-18 10:34:58,322.322,__main___datalogs,INFO,JoyConState.PREP_SNS,-6.587500,10.362500,-126.440000,0.096125,0.006866,0.004577,0.025176,0.000000,0.000000,0.000000,0.000000,0,0,0,0,0,0,0,0,0,0,0,0.045257568359375,-0.004302978515625,0,0,0,0,0,0,0,0,Object notstarted,Object notstarted,Object notstarted,Object notstarted,Object notstarted,Object notstarted,Object notstarted,Object notstarted,Object notstarted
2024-03-18 10:34:58,367.367,__main___datalogs,INFO,JoyConState.PREP_SNS,-6.587500,10.362500,-126.440000,0.096125,0.006866,0.004577,0.020598,0.000000,0.000000,0.000000,0.000000,0,0,0,0,0,0,0,0,0,0,0,0.045257568359375,-0.004302978515625,0,0,0,0,0,0,0,0,Object notstarted,Object notstarted,Object notstarted,Object notstarted,Object notstarted,Object notstarted,Object notstarted,Object notstarted,Object notstarted
2024-03-18 10:34:58,409.409,__main___datalogs,INFO,JoyConState.PREP_SNS,-6.587500,10.362500,-126.440000,0.098413,0.002289,0.011443,0.025176,0.000000,0.000000,0.000000,0.000000,0,0,0,0,0,0,0,0,0,0,0,0.045257568359375,-0.004302978515625,0,0,0,0,0,0,0,0,Object notstarted,Object notstarted,Object notstarted,Object notstarted,Object notstarted,Object notstarted,Object notstarted,Object notstarted,Object notstarted
2024-03-18 10:34:58,454.454,__main___datalogs,INFO,JoyConState.PREP_SNS,-6.587500,10.362500,-126.440000,0.098413,0.002289,0.011443,0.025176,0.000000,0.000000,0.000000,0.000000,0,0,0,0,0,0,0,0,0,0,0,0.045257568359375,-0.004302978515625,0,0,0,0,0,0,0,0,Object notstarted,Object notstarted,Object notstarted,Object notstarted,Object notstarted,Object notstarted,Object notstarted,Object notstarted,Object notstarted
2024-03-18 10:34:58,500.500,__main___datalogs,INFO,JoyConState.PREP_SNS,-6.587500,10.362500,-126.440000,0.098413,-0.002289,0.011443,0.020598,0.000000,0.000000,0.000000,0.000000,0,0,0,0,0,0,0,0,0,0,0,0.045257568359375,-0.004302978515625,0,0,0,0,0,0,0,0,Object notstarted,Object notstarted,Object notstarted,Object notstarted,Object notstarted,Object notstarted,Object notstarted,Object notstarted,Object notstarted
2024-03-18 10:34:58,545.545,__main___datalogs,INFO,JoyConState.PREP_SNS,-6.587500,10.362500,-126.440000,0.098413,0.002289,0.011443,0.025176,0.000000,0.000000,0.000000,0.000000,0,0,0,0,0,0,0,0,0,0,0,0.045257568359375,-0.004302978515625,0,0,0,0,0,0,0,0,Object notstarted,Object notstarted,Object notstarted,Object notstarted,Object notstarted,Object notstarted,Object notstarted,Object notstarted,Object notstarted
2024-03-18 10:34:58,588.588,__main___datalogs,INFO,JoyConState.PREP_SNS,-6.587500,10.362500,-126.440000,0.096125,0.006866,0.011443,0.025176,0.000000,0.000000,0.000000,0.000000,0,0,0,0,0,0,0,0,0,0,0,0.045257568359375,-0.004302978515625,0,0,0,0,0,0,0,0,Object notstarted,Object notstarted,Object notstarted,Object notstarted,Object notstarted,Object notstarted,Object notstarted,Object notstarted,Object notstarted
2024-03-18 10:34:58,633.633,__main___datalogs,INFO,JoyConState.PREP_SNS,-6.587500,10.362500,-126.440000,0.098413,0.006866,0.011443,0.025176,0.000000,0.000000,0.000000,0.000000,0,0,0,0,0,0,0,0,0,0,0,0.045257568359375,-0.004302978515625,0,0,0,0,0,0,0,0,Object notstarted,Object notstarted,Object notstarted,Object notstarted,Object notstarted,Object notstarted,Object notstarted,Object notstarted,Object notstarted
2024-03-18 10:34:58,677.677,__main___datalogs,INFO,JoyConState.PREP_SNS,-6.587500,10.362500,-126.440000,0.096125,0.002289,0.011443,0.020598,0.000000,0.000000,0.000000,0.000000,0,0,0,0,0,0,0,0,0,0,0,0.045257568359375,-0.004302978515625,0,0,0,0,0,0,0,0,Object notstarted,Object notstarted,Object notstarted,Object notstarted,Object notstarted,Object notstarted,Object notstarted,Object notstarted,Object notstarted
2024-03-18 10:34:58,721.721,__main___datalogs,INFO,JoyConState.PREP_SNS,-6.587500,10.362500,-126.440000,0.096125,0.002289,0.011443,0.025176,0.000000,0.000000,0.000000,0.000000,0,0,0,0,0,0,0,0,0,0,0,0.045257568359375,-0.004302978515625,0,0,0,0,0,0,0,0,Object notstarted,Object notstarted,Object notstarted,Object notstarted,Object notstarted,Object notstarted,Object notstarted,Object notstarted,Object notstarted
2024-03-18 10:34:58,764.764,__main___datalogs,INFO,JoyConState.PREP_SNS,-6.587500,10.362500,-126.440000,0.096125,0.002289,0.011443,0.020598,0.000000,0.000000,0.000000,0.000000,0,0,0,0,0,0,0,0,0,0,0,0.045257568359375,-0.004302978515625,0,0,0,0,0,0,0,0,Object notstarted,Object notstarted,Object notstarted,Object notstarted,Object notstarted,Object notstarted,Object notstarted,Object notstarted,Object notstarted
2024-03-18 10:34:58,809.809,__main___datalogs,INFO,JoyConState.PREP_SNS,-6.587500,10.362500,-126.440000,0.096125,0.002289,0.011443,0.025176,0.000000,0.000000,0.000000,0.000000,0,0,0,0,0,0,0,0,0,0,0,0.045257568359375,-0.004302978515625,0,0,0,0,0,0,0,0,Object notstarted,Object notstarted,Object notstarted,Object notstarted,Object notstarted,Object notstarted,Object notstarted,Object notstarted,Object notstarted
2024-03-18 10:34:58,851.851,__main___datalogs,INFO,JoyConState.PREP_SNS,-6.587500,10.362500,-126.440000,0.096125,0.002289,0.011443,0.025176,0.000000,0.000000,0.000000,0.000000,0,0,0,0,0,0,0,0,0,0,0,0.045257568359375,-0.004302978515625,0,0,0,0,0,0,0,0,Object notstarted,Object notstarted,Object notstarted,Object notstarted,Object notstarted,Object notstarted,Object notstarted,Object notstarted,Object notstarted
2024-03-18 10:34:58,895.895,__main___datalogs,INFO,JoyConState.PREP_SNS,-6.587500,10.362500,-126.440000,0.096125,0.002289,0.011443,0.025176,0.000000,0.000000,0.000000,0.000000,0,0,0,0,0,0,0,0,0,0,0,0.045257568359375,-0.004302978515625,0,0,0,0,0,0,0,0,Object notstarted,Object notstarted,Object notstarted,Object notstarted,Object notstarted,Object notstarted,Object notstarted,Object notstarted,Object notstarted
2024-03-18 10:34:58,938.938,__main___datalogs,INFO,JoyConState.PREP_SNS,-6.587500,10.362500,-126.440000,0.096125,0.002289,0.011443,0.020598,0.000000,0.000000,0.000000,0.000000,0,0,0,0,0,0,0,0,0,0,0,0.045257568359375,-0.004302978515625,0,0,0,0,0,0,0,0,Object notstarted,Object notstarted,Object notstarted,Object notstarted,Object notstarted,Object notstarted,Object notstarted,Object notstarted,Object notstarted
2024-03-18 10:34:58,980.980,__main___datalogs,INFO,JoyConState.PREP_SNS,-6.587500,10.362500,-126.440000,0.096125,0.002289,0.011443,0.025176,0.000000,0.000000,0.000000,0.000000,0,0,0,0,0,0,0,0,0,0,0,0.045257568359375,-0.004302978515625,0,0,0,0,0,0,0,0,Object notstarted,Object notstarted,Object notstarted,Object notstarted,Object notstarted,Object notstarted,Object notstarted,Object notstarted,Object notstarted
2024-03-18 10:34:59,025.025,__main___datalogs,INFO,JoyConState.PREP_SNS,-6.587500,10.362500,-126.440000,0.098413,0.002289,0.011443,0.025176,0.000000,0.000000,0.000000,0.000000,0,0,0,0,0,0,0,0,0,0,0,0.045257568359375,-0.004302978515625,0,0,0,0,0,0,0,0,Object notstarted,Object notstarted,Object notstarted,Object notstarted,Object notstarted,Object notstarted,Object notstarted,Object notstarted,Object notstarted
2024-03-18 10:34:59,069.069,__main___datalogs,INFO,JoyConState.PREP_SNS,-6.587500,10.362500,-126.440000,0.098413,0.002289,0.011443,0.025176,0.000000,0.000000,0.000000,0.000000,0,0,0,0,0,0,0,0,0,0,0,0.045257568359375,-0.004302978515625,0,0,0,0,0,0,0,0,Object notstarted,Object notstarted,Object notstarted,Object notstarted,Object notstarted,Object notstarted,Object notstarted,Object notstarted,Object notstarted
2024-03-18 10:34:59,112.112,__main___datalogs,INFO,JoyConState.PREP_SNS,-6.587500,10.362500,-126.440000,0.096125,0.002289,0.011443,0.025176,0.000000,0.000000,0.000000,0.000000,0,0,0,0,0,0,0,0,0,0,0,0.045257568359375,-0.004302978515625,0,0,0,0,0,0,0,0,Object notstarted,Object notstarted,Object notstarted,Object notstarted,Object notstarted,Object notstarted,Object notstarted,Object notstarted,Object notstarted
2024-03-18 10:34:59,157.157,__main___datalogs,INFO,JoyConState.PREP_SNS,-6.587500,10.362500,-126.440000,0.098413,0.002289,0.011443,0.025176,0.000000,0.000000,0.000000,0.000000,0,0,0,0,0,0,0,0,0,0,0,0.045257568359375,-0.004302978515625,0,0,0,0,0,0,0,0,Object notstarted,Object notstarted,Object notstarted,Object notstarted,Object notstarted,Object notstarted,Object notstarted,Object notstarted,Object notstarted
2024-03-18 10:34:59,199.199,__main___datalogs,INFO,JoyConState.PREP_SNS,-6.587500,10.362500,-126.440000,0.096125,0.006866,0.011443,0.020598,0.000000,0.000000,0.000000,0.000000,0,0,0,0,0,0,0,0,0,0,0,0.045257568359375,-0.004302978515625,0,0,0,0,0,0,0,0,Object notstarted,Object notstarted,Object notstarted,Object notstarted,Object notstarted,Object notstarted,Object notstarted,Object notstarted,Object notstarted
2024-03-18 10:34:59,243.243,__main___datalogs,INFO,JoyConState.PREP_SNS,-6.587500,10.362500,-126.440000,0.096125,0.002289,0.011443,0.025176,0.000000,0.000000,0.000000,0.000000,0,0,0,0,0,0,0,0,0,0,0,0.045257568359375,-0.004302978515625,0,0,0,0,0,0,0,0,Object notstarted,Object notstarted,Object notstarted,Object notstarted,Object notstarted,Object notstarted,Object notstarted,Object notstarted,Object notstarted
2024-03-18 10:34:59,284.284,__main___datalogs,INFO,JoyConState.PREP_SNS,-6.587500,10.362500,-126.440000,0.096125,0.006866,0.011443,0.020598,0.000000,0.000000,0.000000,0.000000,0,0,0,0,0,0,0,0,0,0,0,0.045257568359375,-0.004302978515625,0,0,0,0,0,0,0,0,Object notstarted,Object notstarted,Object notstarted,Object notstarted,Object notstarted,Object notstarted,Object notstarted,Object notstarted,Object notstarted
2024-03-18 10:34:59,330.330,__main___datalogs,INFO,JoyConState.PREP_SNS,-6.587500,10.362500,-126.440000,0.098413,0.006866,0.011443,0.020598,0.000000,0.000000,0.000000,0.000000,0,0,0,0,0,0,0,0,0,0,0,0.045257568359375,-0.004302978515625,0,0,0,0,0,0,0,0,Object notstarted,Object notstarted,Object notstarted,Object notstarted,Object notstarted,Object notstarted,Object notstarted,Object notstarted,Object notstarted
2024-03-18 10:34:59,372.372,__main___datalogs,INFO,JoyConState.PREP_SNS,-6.587500,10.362500,-126.440000,0.098413,0.006866,0.004577,0.025176,0.000000,0.000000,0.000000,0.000000,0,0,0,0,0,0,0,0,0,0,0,0.045257568359375,-0.004302978515625,0,0,0,0,0,0,0,0,Object notstarted,Object notstarted,Object notstarted,Object notstarted,Object notstarted,Object notstarted,Object notstarted,Object notstarted,Object notstarted
2024-03-18 10:34:59,417.417,__main___datalogs,INFO,JoyConState.PREP_SNS,-6.587500,10.362500,-126.440000,0.098413,0.002289,0.004577,0.025176,0.000000,0.000000,0.000000,0.000000,0,0,0,0,0,0,0,0,0,0,0,0.045257568359375,-0.004302978515625,0,0,0,0,0,0,0,0,Object notstarted,Object notstarted,Object notstarted,Object notstarted,Object notstarted,Object notstarted,Object notstarted,Object notstarted,Object notstarted
2024-03-18 10:34:59,459.459,__main___datalogs,INFO,JoyConState.PREP_SNS,-6.587500,10.362500,-126.440000,0.098413,0.002289,0.004577,0.025176,0.000000,0.000000,0.000000,0.000000,0,0,0,0,0,0,0,0,0,0,0,0.045257568359375,-0.004302978515625,0,0,0,0,0,0,0,0,Object notstarted,Object notstarted,Object notstarted,Object notstarted,Object notstarted,Object notstarted,Object notstarted,Object notstarted,Object notstarted
2024-03-18 10:34:59,503.503,__main___datalogs,INFO,JoyConState.PREP_SNS,-6.587500,10.362500,-126.440000,0.096125,0.006866,0.011443,0.025176,0.000000,0.000000,0.000000,0.000000,0,0,0,0,0,0,0,0,0,0,0,0.045257568359375,-0.004302978515625,0,0,0,0,0,0,0,0,Object notstarted,Object notstarted,Object notstarted,Object notstarted,Object notstarted,Object notstarted,Object notstarted,Object notstarted,Object notstarted
2024-03-18 10:34:59,546.546,__main___datalogs,INFO,JoyConState.PREP_SNS,-6.587500,10.362500,-126.440000,0.096125,0.006866,0.011443,0.020598,0.000000,0.000000,0.000000,0.000000,0,0,0,0,0,0,0,0,0,0,0,0.045257568359375,-0.004302978515625,0,0,0,0,0,0,0,0,Object notstarted,Object notstarted,Object notstarted,Object notstarted,Object notstarted,Object notstarted,Object notstarted,Object notstarted,Object notstarted
2024-03-18 10:34:59,590.590,__main___datalogs,INFO,JoyConState.PREP_SNS,-6.587500,10.362500,-126.440000,0.096125,0.006866,0.011443,0.025176,0.000000,0.000000,0.000000,0.000000,0,0,0,0,0,0,0,0,0,0,0,0.045257568359375,-0.004302978515625,0,0,0,0,0,0,0,0,Object notstarted,Object notstarted,Object notstarted,Object notstarted,Object notstarted,Object notstarted,Object notstarted,Object notstarted,Object notstarted
2024-03-18 10:34:59,633.633,__main___datalogs,INFO,JoyConState.PREP_SNS,-6.587500,10.362500,-126.440000,0.096125,0.006866,0.011443,0.025176,0.000000,0.000000,0.000000,0.000000,0,0,0,0,0,0,0,0,0,0,0,0.045257568359375,-0.004302978515625,0,0,0,0,0,0,0,0,Object notstarted,Object notstarted,Object notstarted,Object notstarted,Object notstarted,Object notstarted,Object notstarted,Object notstarted,Object notstarted
2024-03-18 10:34:59,674.674,__main___datalogs,INFO,JoyConState.PREP_SNS,-6.587500,10.362500,-126.440000,0.096125,0.006866,0.004577,0.025176,0.000000,0.000000,0.000000,0.000000,0,0,0,0,0,0,0,0,0,0,0,0.045257568359375,-0.004302978515625,0,0,0,0,0,0,0,0,Object notstarted,Object notstarted,Object notstarted,Object notstarted,Object notstarted,Object notstarted,Object notstarted,Object notstarted,Object notstarted
2024-03-18 10:34:59,716.716,__main___datalogs,INFO,JoyConState.PREP_SNS,-6.587500,10.362500,-126.440000,0.098413,0.002289,0.004577,0.025176,0.000000,0.000000,0.000000,0.000000,0,0,0,0,0,0,0,0,0,0,0,0.045257568359375,-0.004302978515625,0,0,0,0,0,0,0,0,Object notstarted,Object notstarted,Object notstarted,Object notstarted,Object notstarted,Object notstarted,Object notstarted,Object notstarted,Object notstarted
2024-03-18 10:34:59,761.761,__main___datalogs,INFO,JoyConState.PREP_SNS,-6.587500,10.362500,-126.440000,0.098413,0.002289,0.004577,0.025176,0.000000,0.000000,0.000000,0.000000,0,0,0,0,0,0,0,0,0,0,0,0.045257568359375,-0.004302978515625,0,0,0,0,0,0,0,0,Object notstarted,Object notstarted,Object notstarted,Object notstarted,Object notstarted,Object notstarted,Object notstarted,Object notstarted,Object notstarted
2024-03-18 10:34:59,803.803,__main___datalogs,INFO,JoyConState.PREP_SNS,-6.587500,10.362500,-126.440000,0.098413,0.002289,0.004577,0.025176,0.000000,0.000000,0.000000,0.000000,0,0,0,0,0,0,0,0,0,0,0,0.045257568359375,-0.004302978515625,0,0,0,0,0,0,0,0,Object notstarted,Object notstarted,Object notstarted,Object notstarted,Object notstarted,Object notstarted,Object notstarted,Object notstarted,Object notstarted
2024-03-18 10:34:59,846.846,__main___datalogs,INFO,JoyConState.PREP_SNS,-6.587500,10.362500,-126.440000,0.102991,0.002289,0.004577,0.025176,0.000000,0.000000,0.000000,0.000000,0,0,0,0,0,0,0,0,0,0,0,0.045257568359375,-0.004302978515625,0,0,0,0,0,0,0,0,Object notstarted,Object notstarted,Object notstarted,Object notstarted,Object notstarted,Object notstarted,Object notstarted,Object notstarted,Object notstarted
2024-03-18 10:34:59,888.888,__main___datalogs,INFO,JoyConState.PREP_SNS,-6.587500,10.362500,-126.440000,0.098413,0.002289,0.004577,0.020598,0.000000,0.000000,0.000000,0.000000,0,0,0,0,0,0,0,0,0,0,0,0.045257568359375,-0.004302978515625,0,0,0,0,0,0,0,0,Object notstarted,Object notstarted,Object notstarted,Object notstarted,Object notstarted,Object notstarted,Object notstarted,Object notstarted,Object notstarted
2024-03-18 10:34:59,931.931,__main___datalogs,INFO,JoyConState.PREP_SNS,-6.587500,10.362500,-126.440000,0.098413,0.002289,0.011443,0.020598,0.000000,0.000000,0.000000,0.000000,0,0,0,0,0,0,0,0,0,0,0,0.045257568359375,-0.004302978515625,0,0,0,0,0,0,0,0,Object notstarted,Object notstarted,Object notstarted,Object notstarted,Object notstarted,Object notstarted,Object notstarted,Object notstarted,Object notstarted
2024-03-18 10:34:59,973.973,__main___datalogs,INFO,JoyConState.PREP_SNS,-6.587500,10.362500,-126.440000,0.096125,0.002289,0.011443,0.025176,0.000000,0.000000,0.000000,0.000000,0,0,0,0,0,0,0,0,0,0,0,0.045257568359375,-0.004302978515625,0,0,0,0,0,0,0,0,Object notstarted,Object notstarted,Object notstarted,Object notstarted,Object notstarted,Object notstarted,Object notstarted,Object notstarted,Object notstarted
2024-03-18 10:35:00,016.016,__main___datalogs,INFO,JoyConState.PREP_SNS,-6.587500,10.362500,-126.440000,0.098413,0.002289,0.011443,0.025176,0.000000,0.000000,0.000000,0.000000,0,0,0,0,0,0,0,0,0,0,0,0.045257568359375,-0.004302978515625,0,0,0,0,0,0,0,0,Object notstarted,Object notstarted,Object notstarted,Object notstarted,Object notstarted,Object notstarted,Object notstarted,Object notstarted,Object notstarted
2024-03-18 10:35:00,069.069,__main___datalogs,INFO,JoyConState.PREP_SNS,-6.587500,10.362500,-126.440000,0.096125,0.002289,0.011443,0.020598,0.000000,0.000000,0.000000,0.000000,0,0,0,0,0,0,0,0,0,0,0,0.045257568359375,-0.004302978515625,0,0,0,0,0,0,0,0,Object notstarted,Object notstarted,Object notstarted,Object notstarted,Object notstarted,Object notstarted,Object notstarted,Object notstarted,Object notstarted
2024-03-18 10:35:00,143.143,__main___datalogs,INFO,JoyConState.PREP_SNS,-6.587500,10.362500,-126.440000,0.098413,0.002289,0.011443,0.025176,0.000000,0.000000,0.000000,0.000000,0,0,0,0,0,0,0,0,0,0,0,0.045257568359375,-0.004302978515625,0,0,0,0,0,0,0,0,Object notstarted,Object notstarted,Object notstarted,Object notstarted,Object notstarted,Object notstarted,Object notstarted,Object notstarted,Object notstarted
2024-03-18 10:35:00,200.200,__main___datalogs,INFO,JoyConState.PREP_SNS,-6.587500,10.362500,-126.440000,0.098413,0.002289,0.004577,0.025176,0.000000,0.000000,0.000000,0.000000,0,0,0,0,0,0,0,0,0,0,0,0.045257568359375,-0.004302978515625,0,0,0,0,0,0,0,0,Object notstarted,Object notstarted,Object notstarted,Object notstarted,Object notstarted,Object notstarted,Object notstarted,Object notstarted,Object notstarted
2024-03-18 10:35:00,250.250,__main___datalogs,INFO,JoyConState.PREP_SNS,-6.587500,10.362500,-126.440000,0.102991,0.002289,0.011443,0.025176,0.000000,0.000000,0.000000,0.000000,0,0,0,0,0,0,0,0,0,0,0,0.045257568359375,-0.004302978515625,0,0,0,0,0,0,0,0,Object notstarted,Object notstarted,Object notstarted,Object notstarted,Object notstarted,Object notstarted,Object notstarted,Object notstarted,Object notstarted
2024-03-18 10:35:00,289.289,__main___datalogs,INFO,JoyConState.PREP_SNS,-6.587500,10.362500,-126.440000,0.098413,0.006866,0.011443,0.025176,0.000000,0.000000,0.000000,0.000000,0,0,0,0,0,0,0,0,0,0,0,0.045257568359375,-0.004302978515625,0,0,0,0,0,0,0,0,Object notstarted,Object notstarted,Object notstarted,Object notstarted,Object notstarted,Object notstarted,Object notstarted,Object notstarted,Object notstarted
2024-03-18 10:35:00,332.332,__main___datalogs,INFO,JoyConState.PREP_SNS,-6.587500,10.362500,-126.440000,0.098413,0.006866,0.004577,0.025176,0.000000,0.000000,0.000000,0.000000,0,0,0,0,0,0,0,0,0,0,0,0.045257568359375,-0.004302978515625,0,0,0,0,0,0,0,0,Object notstarted,Object notstarted,Object notstarted,Object notstarted,Object notstarted,Object notstarted,Object notstarted,Object notstarted,Object notstarted
2024-03-18 10:35:00,375.375,__main___datalogs,INFO,JoyConState.PREP_SNS,-6.587500,10.362500,-126.440000,0.098413,0.006866,0.004577,0.025176,0.000000,0.000000,0.000000,0.000000,0,0,0,0,0,0,0,0,0,0,0,0.045257568359375,-0.004302978515625,0,0,0,0,0,0,0,0,Object notstarted,Object notstarted,Object notstarted,Object notstarted,Object notstarted,Object notstarted,Object notstarted,Object notstarted,Object notstarted
2024-03-18 10:35:00,418.418,__main___datalogs,INFO,JoyConState.PREP_SNS,-6.587500,10.362500,-126.440000,0.102991,0.002289,0.004577,0.025176,0.000000,0.000000,0.000000,0.000000,0,0,0,0,0,0,0,0,0,0,0,0.045257568359375,-0.004302978515625,0,0,0,0,0,0,0,0,Object notstarted,Object notstarted,Object notstarted,Object notstarted,Object notstarted,Object notstarted,Object notstarted,Object notstarted,Object notstarted
2024-03-18 10:35:00,462.462,__main___datalogs,INFO,JoyConState.PREP_SNS,-6.587500,10.362500,-126.440000,0.098413,0.002289,0.011443,0.020598,0.000000,0.000000,0.000000,0.000000,0,0,0,0,0,0,0,0,0,0,0,0.045257568359375,-0.004302978515625,0,0,0,0,0,0,0,0,Object notstarted,Object notstarted,Object notstarted,Object notstarted,Object notstarted,Object notstarted,Object notstarted,Object notstarted,Object notstarted
2024-03-18 10:35:00,506.506,__main___datalogs,INFO,JoyConState.PREP_SNS,-6.587500,10.362500,-126.440000,0.098413,0.002289,0.011443,0.025176,0.000000,0.000000,0.000000,0.000000,0,0,0,0,0,0,0,0,0,0,0,0.045257568359375,-0.004302978515625,0,0,0,0,0,0,0,0,Object notstarted,Object notstarted,Object notstarted,Object notstarted,Object notstarted,Object notstarted,Object notstarted,Object notstarted,Object notstarted
2024-03-18 10:35:00,550.550,__main___datalogs,INFO,JoyConState.PREP_SNS,-6.587500,10.362500,-126.440000,0.098413,-0.002289,0.004577,0.025176,0.000000,0.000000,0.000000,0.000000,0,0,0,0,0,0,0,0,0,0,0,0.045257568359375,-0.004302978515625,0,0,0,0,0,0,0,0,Object notstarted,Object notstarted,Object notstarted,Object notstarted,Object notstarted,Object notstarted,Object notstarted,Object notstarted,Object notstarted
2024-03-18 10:35:00,594.594,__main___datalogs,INFO,JoyConState.PREP_SNS,-6.587500,10.362500,-126.440000,0.098413,0.002289,0.004577,0.025176,0.000000,0.000000,0.000000,0.000000,0,0,0,0,0,0,0,0,0,0,0,0.045257568359375,-0.004302978515625,0,0,0,0,0,0,0,0,Object notstarted,Object notstarted,Object notstarted,Object notstarted,Object notstarted,Object notstarted,Object notstarted,Object notstarted,Object notstarted
2024-03-18 10:35:00,640.640,__main___datalogs,INFO,JoyConState.PREP_SNS,-6.587500,10.362500,-126.440000,0.098413,0.006866,0.011443,0.025176,0.000000,0.000000,0.000000,0.000000,0,0,0,0,0,0,0,0,0,0,0,0.045257568359375,-0.004302978515625,0,0,0,0,0,0,0,0,Object notstarted,Object notstarted,Object notstarted,Object notstarted,Object notstarted,Object notstarted,Object notstarted,Object notstarted,Object notstarted
2024-03-18 10:35:00,687.687,__main___datalogs,INFO,JoyConState.PREP_SNS,-6.587500,10.362500,-126.440000,0.098413,0.006866,0.013732,0.025176,0.000000,0.000000,0.000000,0.000000,0,0,0,0,0,0,0,0,0,0,0,0.045257568359375,-0.004302978515625,0,0,0,0,0,0,0,0,Object notstarted,Object notstarted,Object notstarted,Object notstarted,Object notstarted,Object notstarted,Object notstarted,Object notstarted,Object notstarted
2024-03-18 10:35:00,729.729,__main___datalogs,INFO,JoyConState.PREP_SNS,-6.587500,10.362500,-126.440000,0.096125,0.002289,0.011443,0.020598,0.000000,0.000000,0.000000,0.000000,0,0,0,0,0,0,0,0,0,0,0,0.045257568359375,-0.004302978515625,0,0,0,0,0,0,0,0,Object notstarted,Object notstarted,Object notstarted,Object notstarted,Object notstarted,Object notstarted,Object notstarted,Object notstarted,Object notstarted
2024-03-18 10:35:00,772.772,__main___datalogs,INFO,JoyConState.PREP_SNS,-6.587500,10.362500,-126.440000,0.096125,0.002289,0.011443,0.025176,0.000000,0.000000,0.000000,0.000000,0,0,0,0,0,0,0,0,0,0,0,0.045257568359375,-0.004302978515625,0,0,0,0,0,0,0,0,Object notstarted,Object notstarted,Object notstarted,Object notstarted,Object notstarted,Object notstarted,Object notstarted,Object notstarted,Object notstarted
2024-03-18 10:35:00,815.815,__main___datalogs,INFO,JoyConState.PREP_SNS,-6.587500,10.362500,-126.440000,0.096125,0.006866,0.011443,0.025176,0.000000,0.000000,0.000000,0.000000,0,0,0,0,0,0,0,0,0,0,0,0.045257568359375,-0.004302978515625,0,0,0,0,0,0,0,0,Object notstarted,Object notstarted,Object notstarted,Object notstarted,Object notstarted,Object notstarted,Object notstarted,Object notstarted,Object notstarted
2024-03-18 10:35:00,860.860,__main___datalogs,INFO,JoyConState.PREP_SNS,-6.587500,10.362500,-126.440000,0.098413,0.006866,0.011443,0.020598,0.000000,0.000000,0.000000,0.000000,0,0,0,0,0,0,0,0,0,0,0,0.045257568359375,-0.004302978515625,0,0,0,0,0,0,0,0,Object notstarted,Object notstarted,Object notstarted,Object notstarted,Object notstarted,Object notstarted,Object notstarted,Object notstarted,Object notstarted
2024-03-18 10:35:00,902.902,__main___datalogs,INFO,JoyConState.PREP_SNS,-6.587500,10.362500,-126.440000,0.102991,0.002289,0.011443,0.025176,0.000000,0.000000,0.000000,0.000000,0,0,0,0,0,0,0,0,0,0,0,0.045257568359375,-0.004302978515625,0,0,0,0,0,0,0,0,Object notstarted,Object notstarted,Object notstarted,Object notstarted,Object notstarted,Object notstarted,Object notstarted,Object notstarted,Object notstarted
2024-03-18 10:35:00,946.946,__main___datalogs,INFO,JoyConState.PREP_SNS,-6.587500,10.362500,-126.440000,0.096125,0.002289,0.011443,0.025176,0.000000,0.000000,0.000000,0.000000,0,0,0,0,0,0,0,0,0,0,0,0.045257568359375,-0.004302978515625,0,0,0,0,0,0,0,0,Object notstarted,Object notstarted,Object notstarted,Object notstarted,Object notstarted,Object notstarted,Object notstarted,Object notstarted,Object notstarted
2024-03-18 10:35:00,989.989,__main___datalogs,INFO,JoyConState.PREP_SNS,-6.587500,10.362500,-126.440000,0.096125,0.002289,0.011443,0.025176,0.000000,0.000000,0.000000,0.000000,0,0,0,0,0,0,0,0,0,0,0,0.045257568359375,-0.004302978515625,0,0,0,0,0,0,0,0,Object notstarted,Object notstarted,Object notstarted,Object notstarted,Object notstarted,Object notstarted,Object notstarted,Object notstarted,Object notstarted
2024-03-18 10:35:01,035.035,__main___datalogs,INFO,JoyConState.PREP_SNS,-6.587500,10.362500,-126.440000,0.096125,0.009155,0.004577,0.025176,0.000000,0.000000,0.000000,0.000000,0,0,0,0,0,0,0,0,0,0,0,0.045257568359375,-0.004302978515625,0,0,0,0,0,0,0,0,Object notstarted,Object notstarted,Object notstarted,Object notstarted,Object notstarted,Object notstarted,Object notstarted,Object notstarted,Object notstarted
2024-03-18 10:35:01,078.078,__main___datalogs,INFO,JoyConState.PREP_SNS,-6.587500,10.362500,-126.440000,0.098413,0.006866,0.004577,0.025176,0.000000,0.000000,0.000000,0.000000,0,0,0,0,0,0,0,0,0,0,0,0.045257568359375,-0.004302978515625,0,0,0,0,0,0,0,0,Object notstarted,Object notstarted,Object notstarted,Object notstarted,Object notstarted,Object notstarted,Object notstarted,Object notstarted,Object notstarted
2024-03-18 10:35:01,122.122,__main___datalogs,INFO,JoyConState.PREP_SNS,-6.587500,10.362500,-126.440000,0.098413,0.006866,0.011443,0.025176,0.000000,0.000000,0.000000,0.000000,0,0,0,0,0,0,0,0,0,0,0,0.045257568359375,-0.004302978515625,0,0,0,0,0,0,0,0,Object notstarted,Object notstarted,Object notstarted,Object notstarted,Object notstarted,Object notstarted,Object notstarted,Object notstarted,Object notstarted
2024-03-18 10:35:01,164.164,__main___datalogs,INFO,JoyConState.PREP_SNS,-6.587500,10.362500,-126.440000,0.096125,0.006866,0.011443,0.020598,0.000000,0.000000,0.000000,0.000000,0,0,0,0,0,0,0,0,0,0,0,0.045257568359375,-0.004302978515625,0,0,0,0,0,0,0,0,Object notstarted,Object notstarted,Object notstarted,Object notstarted,Object notstarted,Object notstarted,Object notstarted,Object notstarted,Object notstarted
2024-03-18 10:35:01,207.207,__main___datalogs,INFO,JoyConState.PREP_SNS,-6.587500,10.362500,-126.440000,0.096125,0.002289,0.013732,0.020598,0.000000,0.000000,0.000000,0.000000,0,0,0,0,0,0,0,0,0,0,0,0.045257568359375,-0.004302978515625,0,0,0,0,0,0,0,0,Object notstarted,Object notstarted,Object notstarted,Object notstarted,Object notstarted,Object notstarted,Object notstarted,Object notstarted,Object notstarted
2024-03-18 10:35:01,249.249,__main___datalogs,INFO,JoyConState.PREP_SNS,-6.587500,10.362500,-126.440000,0.098413,0.002289,0.011443,0.025176,0.000000,0.000000,0.000000,0.000000,0,0,0,0,0,0,0,0,0,0,0,0.045257568359375,-0.004302978515625,0,0,0,0,0,0,0,0,Object notstarted,Object notstarted,Object notstarted,Object notstarted,Object notstarted,Object notstarted,Object notstarted,Object notstarted,Object notstarted
2024-03-18 10:35:01,293.293,__main___datalogs,INFO,JoyConState.PREP_SNS,-6.587500,10.362500,-126.440000,0.096125,0.002289,0.004577,0.020598,0.000000,0.000000,0.000000,0.000000,0,0,0,0,0,0,0,0,0,0,0,0.045257568359375,-0.004302978515625,0,0,0,0,0,0,0,0,Object notstarted,Object notstarted,Object notstarted,Object notstarted,Object notstarted,Object notstarted,Object notstarted,Object notstarted,Object notstarted
2024-03-18 10:35:01,336.336,__main___datalogs,INFO,JoyConState.PREP_SNS,-6.587500,10.362500,-126.440000,0.098413,0.002289,0.011443,0.025176,0.000000,0.000000,0.000000,0.000000,0,0,0,0,0,0,0,0,0,0,0,0.045257568359375,-0.004302978515625,0,0,0,0,0,0,0,0,Object notstarted,Object notstarted,Object notstarted,Object notstarted,Object notstarted,Object notstarted,Object notstarted,Object notstarted,Object notstarted
2024-03-18 10:35:01,379.379,__main___datalogs,INFO,JoyConState.PREP_SNS,-6.587500,10.362500,-126.440000,0.059506,0.002289,0.011443,0.025176,0.000000,0.000000,0.000000,0.000000,0,0,0,0,0,0,0,0,0,0,0,0.045257568359375,-0.004302978515625,0,0,0,0,0,0,0,0,Object notstarted,Object notstarted,Object notstarted,Object notstarted,Object notstarted,Object notstarted,Object notstarted,Object notstarted,Object notstarted
2024-03-18 10:35:01,423.423,__main___datalogs,INFO,JoyConState.PREP_SNS,-6.587500,10.362500,-126.440000,0.098413,0.002289,0.004577,0.025176,0.000000,0.000000,0.000000,0.000000,0,0,0,0,0,0,0,0,0,0,0,0.045257568359375,-0.004302978515625,0,0,0,0,0,0,0,0,Object notstarted,Object notstarted,Object notstarted,Object notstarted,Object notstarted,Object notstarted,Object notstarted,Object notstarted,Object notstarted
2024-03-18 10:35:01,468.468,__main___datalogs,INFO,JoyConState.PREP_SNS,-6.587500,10.362500,-126.440000,0.096125,-0.002289,0.004577,0.025176,0.000000,0.000000,0.000000,0.000000,0,0,0,0,0,0,0,0,0,0,0,0.045257568359375,-0.004302978515625,0,0,0,0,0,0,0,0,Object notstarted,Object notstarted,Object notstarted,Object notstarted,Object notstarted,Object notstarted,Object notstarted,Object notstarted,Object notstarted
2024-03-18 10:35:01,510.510,__main___datalogs,INFO,JoyConState.PREP_SNS,-6.587500,10.362500,-126.440000,0.096125,0.002289,0.011443,0.025176,0.000000,0.000000,0.000000,0.000000,0,0,0,0,0,0,0,0,0,0,0,0.045257568359375,-0.004302978515625,0,0,0,0,0,0,0,0,Object notstarted,Object notstarted,Object notstarted,Object notstarted,Object notstarted,Object notstarted,Object notstarted,Object notstarted,Object notstarted
2024-03-18 10:35:01,553.553,__main___datalogs,INFO,JoyConState.PREP_SNS,-6.587500,10.362500,-126.440000,0.098413,0.002289,0.011443,0.025176,0.000000,0.000000,0.000000,0.000000,0,0,0,0,0,0,0,0,0,0,0,0.045257568359375,-0.004302978515625,0,0,0,0,0,0,0,0,Object notstarted,Object notstarted,Object notstarted,Object notstarted,Object notstarted,Object notstarted,Object notstarted,Object notstarted,Object notstarted
2024-03-18 10:35:01,596.596,__main___datalogs,INFO,JoyConState.PREP_SNS,-6.587500,10.362500,-126.440000,0.098413,0.002289,0.011443,0.025176,0.000000,0.000000,0.000000,0.000000,0,0,0,0,0,0,0,0,0,0,0,0.045257568359375,-0.004302978515625,0,0,0,0,0,0,0,0,Object notstarted,Object notstarted,Object notstarted,Object notstarted,Object notstarted,Object notstarted,Object notstarted,Object notstarted,Object notstarted
2024-03-18 10:35:01,640.640,__main___datalogs,INFO,JoyConState.PREP_SNS,-6.587500,10.362500,-126.440000,0.096125,0.006866,0.011443,0.025176,0.000000,0.000000,0.000000,0.000000,0,0,0,0,0,0,0,0,0,0,0,0.045257568359375,-0.004302978515625,0,0,0,0,0,0,0,0,Object notstarted,Object notstarted,Object notstarted,Object notstarted,Object notstarted,Object notstarted,Object notstarted,Object notstarted,Object notstarted
2024-03-18 10:35:01,683.683,__main___datalogs,INFO,JoyConState.PREP_SNS,-6.587500,10.362500,-126.440000,0.098413,0.006866,0.004577,0.025176,0.000000,0.000000,0.000000,0.000000,0,0,0,0,0,0,0,0,0,0,0,0.045257568359375,-0.004302978515625,0,0,0,0,0,0,0,0,Object notstarted,Object notstarted,Object notstarted,Object notstarted,Object notstarted,Object notstarted,Object notstarted,Object notstarted,Object notstarted
2024-03-18 10:35:01,744.744,__main___datalogs,INFO,JoyConState.PREP_SNS,-6.587500,10.362500,-126.440000,0.096125,0.002289,0.004577,0.025176,0.000000,0.000000,0.000000,0.000000,0,0,0,0,0,0,0,0,0,0,0,0.045257568359375,-0.004302978515625,0,0,0,0,0,0,0,0,Object notstarted,Object notstarted,Object notstarted,Object notstarted,Object notstarted,Object notstarted,Object notstarted,Object notstarted,Object notstarted
2024-03-18 10:35:01,787.787,__main___datalogs,INFO,JoyConState.PREP_SNS,-6.587500,10.362500,-126.440000,0.096125,0.006866,0.011443,0.020598,0.000000,0.000000,0.000000,0.000000,0,0,0,0,0,0,0,0,0,0,0,0.045257568359375,-0.004302978515625,0,0,0,0,0,0,0,0,Object notstarted,Object notstarted,Object notstarted,Object notstarted,Object notstarted,Object notstarted,Object notstarted,Object notstarted,Object notstarted
2024-03-18 10:35:01,832.832,__main___datalogs,INFO,JoyConState.PREP_SNS,-6.587500,10.362500,-126.440000,0.096125,-0.002289,0.013732,0.025176,0.000000,0.000000,0.000000,0.000000,0,0,0,0,0,0,0,0,0,0,0,0.045257568359375,-0.004302978515625,0,0,0,0,0,0,0,0,Object notstarted,Object notstarted,Object notstarted,Object notstarted,Object notstarted,Object notstarted,Object notstarted,Object notstarted,Object notstarted
2024-03-18 10:35:01,875.875,__main___datalogs,INFO,JoyConState.PREP_SNS,-6.587500,10.362500,-126.440000,0.096125,0.002289,0.011443,0.020598,0.000000,0.000000,0.000000,0.000000,0,0,0,0,0,0,0,0,0,0,0,0.045257568359375,-0.004302978515625,0,0,0,0,0,0,0,0,Object notstarted,Object notstarted,Object notstarted,Object notstarted,Object notstarted,Object notstarted,Object notstarted,Object notstarted,Object notstarted
2024-03-18 10:35:01,921.921,__main___datalogs,INFO,JoyConState.PREP_SNS,-6.587500,10.362500,-126.440000,0.096125,0.006866,0.011443,0.025176,0.000000,0.000000,0.000000,0.000000,0,0,0,0,0,0,0,0,0,0,0,0.045257568359375,-0.004302978515625,0,0,0,0,0,0,0,0,Object notstarted,Object notstarted,Object notstarted,Object notstarted,Object notstarted,Object notstarted,Object notstarted,Object notstarted,Object notstarted
2024-03-18 10:35:01,960.960,__main___datalogs,INFO,JoyConState.PREP_SNS,-6.587500,10.362500,-126.440000,0.096125,0.006866,0.011443,0.016021,0.000000,0.000000,0.000000,0.000000,0,0,0,0,0,0,0,0,0,0,0,0.045257568359375,-0.004302978515625,0,0,0,0,0,0,0,0,Object notstarted,Object notstarted,Object notstarted,Object notstarted,Object notstarted,Object notstarted,Object notstarted,Object notstarted,Object notstarted
2024-03-18 10:35:02,004.004,__main___datalogs,INFO,JoyConState.PREP_SNS,-6.587500,10.362500,-126.440000,0.096125,0.006866,0.011443,0.020598,0.000000,0.000000,0.000000,0.000000,0,0,0,0,0,0,0,0,0,0,0,0.045257568359375,-0.004302978515625,0,0,0,0,0,0,0,0,Object notstarted,Object notstarted,Object notstarted,Object notstarted,Object notstarted,Object notstarted,Object notstarted,Object notstarted,Object notstarted
2024-03-18 10:35:02,047.047,__main___datalogs,INFO,JoyConState.PREP_SNS,-6.587500,10.362500,-126.440000,0.096125,0.006866,0.011443,0.025176,0.000000,0.000000,0.000000,0.000000,0,0,0,0,0,0,0,0,0,0,0,0.045257568359375,-0.004302978515625,0,0,0,0,0,0,0,0,Object notstarted,Object notstarted,Object notstarted,Object notstarted,Object notstarted,Object notstarted,Object notstarted,Object notstarted,Object notstarted
2024-03-18 10:35:02,092.092,__main___datalogs,INFO,JoyConState.PREP_SNS,-6.587500,10.362500,-126.440000,0.091547,0.006866,0.011443,0.025176,0.000000,0.000000,0.000000,0.000000,0,0,0,0,0,0,0,0,0,0,0,0.045257568359375,-0.004302978515625,0,0,0,0,0,0,0,0,Object notstarted,Object notstarted,Object notstarted,Object notstarted,Object notstarted,Object notstarted,Object notstarted,Object notstarted,Object notstarted
2024-03-18 10:35:02,134.134,__main___datalogs,INFO,JoyConState.PREP_SNS,-6.587500,10.362500,-126.440000,0.096125,0.002289,0.011443,0.025176,0.000000,0.000000,0.000000,0.000000,0,0,0,0,0,0,0,0,0,0,0,0.045257568359375,-0.004302978515625,0,0,0,0,0,0,0,0,Object notstarted,Object notstarted,Object notstarted,Object notstarted,Object notstarted,Object notstarted,Object notstarted,Object notstarted,Object notstarted
2024-03-18 10:35:02,177.177,__main___datalogs,INFO,JoyConState.PREP_SNS,-6.587500,10.362500,-126.440000,0.096125,0.002289,0.011443,0.025176,0.000000,0.000000,0.000000,0.000000,0,0,0,0,0,0,0,0,0,0,0,0.045257568359375,-0.004302978515625,0,0,0,0,0,0,0,0,Object notstarted,Object notstarted,Object notstarted,Object notstarted,Object notstarted,Object notstarted,Object notstarted,Object notstarted,Object notstarted
2024-03-18 10:35:02,220.220,__main___datalogs,INFO,JoyConState.PREP_SNS,-6.587500,10.362500,-126.440000,0.096125,0.006866,0.011443,0.025176,0.000000,0.000000,0.000000,0.000000,0,0,0,0,0,0,0,0,0,0,0,0.045257568359375,-0.004302978515625,0,0,0,0,0,0,0,0,Object notstarted,Object notstarted,Object notstarted,Object notstarted,Object notstarted,Object notstarted,Object notstarted,Object notstarted,Object notstarted
2024-03-18 10:35:02,263.263,__main___datalogs,INFO,JoyConState.PREP_SNS,-6.587500,10.362500,-126.440000,0.096125,0.006866,0.011443,0.025176,0.000000,0.000000,0.000000,0.000000,0,0,0,0,0,0,0,0,0,0,0,0.045257568359375,-0.004302978515625,0,0,0,0,0,0,0,0,Object notstarted,Object notstarted,Object notstarted,Object notstarted,Object notstarted,Object notstarted,Object notstarted,Object notstarted,Object notstarted
2024-03-18 10:35:02,304.304,__main___datalogs,INFO,JoyConState.PREP_SNS,-6.587500,10.362500,-126.440000,0.096125,0.002289,0.011443,0.025176,0.000000,0.000000,0.000000,0.000000,0,0,0,0,0,0,0,0,0,0,0,0.045257568359375,-0.004302978515625,0,0,0,0,0,0,0,0,Object notstarted,Object notstarted,Object notstarted,Object notstarted,Object notstarted,Object notstarted,Object notstarted,Object notstarted,Object notstarted
2024-03-18 10:35:02,349.349,__main___datalogs,INFO,JoyConState.PREP_SNS,-6.587500,10.362500,-126.440000,0.096125,0.002289,0.011443,0.025176,0.000000,0.000000,0.000000,0.000000,0,0,0,0,0,0,0,0,0,0,0,0.045257568359375,-0.004302978515625,0,0,0,0,0,0,0,0,Object notstarted,Object notstarted,Object notstarted,Object notstarted,Object notstarted,Object notstarted,Object notstarted,Object notstarted,Object notstarted
2024-03-18 10:35:02,392.392,__main___datalogs,INFO,JoyConState.PREP_SNS,-6.587500,10.362500,-126.440000,0.098413,0.002289,0.011443,0.025176,0.000000,0.000000,0.000000,0.000000,0,0,0,0,0,0,0,0,0,0,0,0.045257568359375,-0.004302978515625,0,0,0,0,0,0,0,0,Object notstarted,Object notstarted,Object notstarted,Object notstarted,Object notstarted,Object notstarted,Object notstarted,Object notstarted,Object notstarted
2024-03-18 10:35:02,434.434,__main___datalogs,INFO,JoyConState.PREP_SNS,-6.587500,10.362500,-126.440000,0.098413,0.006866,0.004577,0.025176,0.000000,0.000000,0.000000,0.000000,0,0,0,0,0,0,0,0,0,0,0,0.045257568359375,-0.004302978515625,0,0,0,0,0,0,0,0,Object notstarted,Object notstarted,Object notstarted,Object notstarted,Object notstarted,Object notstarted,Object notstarted,Object notstarted,Object notstarted
2024-03-18 10:35:02,476.476,__main___datalogs,INFO,JoyConState.PREP_SNS,-6.587500,10.362500,-126.440000,0.091547,0.006866,0.011443,0.025176,0.000000,0.000000,0.000000,0.000000,0,0,0,0,0,0,0,0,0,0,0,0.045257568359375,-0.004302978515625,0,0,0,0,0,0,0,0,Object notstarted,Object notstarted,Object notstarted,Object notstarted,Object notstarted,Object notstarted,Object notstarted,Object notstarted,Object notstarted
2024-03-18 10:35:02,520.520,__main___datalogs,INFO,JoyConState.PREP_SNS,-6.587500,10.362500,-126.440000,0.096125,0.002289,0.011443,0.025176,0.000000,0.000000,0.000000,0.000000,0,0,0,0,0,0,0,0,0,0,0,0.045257568359375,-0.004302978515625,0,0,0,0,0,0,0,0,Object notstarted,Object notstarted,Object notstarted,Object notstarted,Object notstarted,Object notstarted,Object notstarted,Object notstarted,Object notstarted
2024-03-18 10:35:02,563.563,__main___datalogs,INFO,JoyConState.PREP_SNS,-6.587500,10.362500,-126.440000,0.096125,0.002289,0.011443,0.025176,0.000000,0.000000,0.000000,0.000000,0,0,0,0,0,0,0,0,0,0,0,0.045257568359375,-0.004302978515625,0,0,0,0,0,0,0,0,Object notstarted,Object notstarted,Object notstarted,Object notstarted,Object notstarted,Object notstarted,Object notstarted,Object notstarted,Object notstarted
2024-03-18 10:35:02,610.610,__main___datalogs,INFO,JoyConState.PREP_SNS,-6.587500,10.362500,-126.440000,0.098413,0.002289,0.004577,0.025176,0.000000,0.000000,0.000000,0.000000,0,0,0,0,0,0,0,0,0,0,0,0.045257568359375,-0.004302978515625,0,0,0,0,0,0,0,0,Object notstarted,Object notstarted,Object notstarted,Object notstarted,Object notstarted,Object notstarted,Object notstarted,Object notstarted,Object notstarted
2024-03-18 10:35:02,654.654,__main___datalogs,INFO,JoyConState.PREP_SNS,-6.587500,10.362500,-126.440000,0.098413,0.006866,0.011443,0.025176,0.000000,0.000000,0.000000,0.000000,0,0,0,0,0,0,0,0,0,0,0,0.045257568359375,-0.004302978515625,0,0,0,0,0,0,0,0,Object notstarted,Object notstarted,Object notstarted,Object notstarted,Object notstarted,Object notstarted,Object notstarted,Object notstarted,Object notstarted
2024-03-18 10:35:02,699.699,__main___datalogs,INFO,JoyConState.PREP_SNS,-6.587500,10.362500,-126.440000,0.096125,0.006866,0.011443,0.025176,0.000000,0.000000,0.000000,0.000000,0,0,0,0,0,0,0,0,0,0,0,0.045257568359375,-0.004302978515625,0,0,0,0,0,0,0,0,Object notstarted,Object notstarted,Object notstarted,Object notstarted,Object notstarted,Object notstarted,Object notstarted,Object notstarted,Object notstarted
2024-03-18 10:35:02,742.742,__main___datalogs,INFO,JoyConState.PREP_SNS,-6.587500,10.362500,-126.440000,0.096125,0.006866,0.011443,0.020598,0.000000,0.000000,0.000000,0.000000,0,0,0,0,0,0,0,0,0,0,0,0.045257568359375,-0.004302978515625,0,0,0,0,0,0,0,0,Object notstarted,Object notstarted,Object notstarted,Object notstarted,Object notstarted,Object notstarted,Object notstarted,Object notstarted,Object notstarted
2024-03-18 10:35:02,788.788,__main___datalogs,INFO,JoyConState.PREP_SNS,-6.587500,10.362500,-126.440000,0.096125,0.002289,0.011443,0.020598,0.000000,0.000000,0.000000,0.000000,0,0,0,0,0,0,0,0,0,0,0,0.045257568359375,-0.004302978515625,0,0,0,0,0,0,0,0,Object notstarted,Object notstarted,Object notstarted,Object notstarted,Object notstarted,Object notstarted,Object notstarted,Object notstarted,Object notstarted
2024-03-18 10:35:02,849.849,__main___datalogs,INFO,JoyConState.PREP_SNS,-6.587500,10.362500,-126.440000,0.096125,0.002289,0.011443,0.020598,0.000000,0.000000,0.000000,0.000000,0,0,0,0,0,0,0,0,0,0,0,0.045257568359375,-0.004302978515625,0,0,0,0,0,0,0,0,Object notstarted,Object notstarted,Object notstarted,Object notstarted,Object notstarted,Object notstarted,Object notstarted,Object notstarted,Object notstarted
2024-03-18 10:35:02,894.894,__main___datalogs,INFO,JoyConState.PREP_SNS,-6.587500,10.362500,-126.440000,0.098413,0.006866,0.004577,0.020598,0.000000,0.000000,0.000000,0.000000,0,0,0,0,0,0,0,0,0,0,0,0.045257568359375,-0.004302978515625,0,0,0,0,0,0,0,0,Object notstarted,Object notstarted,Object notstarted,Object notstarted,Object notstarted,Object notstarted,Object notstarted,Object notstarted,Object notstarted
2024-03-18 10:35:02,937.937,__main___datalogs,INFO,JoyConState.PREP_SNS,-6.587500,10.362500,-126.440000,0.098413,0.002289,0.011443,0.020598,0.000000,0.000000,0.000000,0.000000,0,0,0,0,0,0,0,0,0,0,0,0.045257568359375,-0.004302978515625,0,0,0,0,0,0,0,0,Object notstarted,Object notstarted,Object notstarted,Object notstarted,Object notstarted,Object notstarted,Object notstarted,Object notstarted,Object notstarted
2024-03-18 10:35:02,980.980,__main___datalogs,INFO,JoyConState.PREP_SNS,-6.587500,10.362500,-126.440000,0.098413,0.002289,0.011443,0.025176,0.000000,0.000000,0.000000,0.000000,0,0,0,0,0,0,0,0,0,0,0,0.045257568359375,-0.004302978515625,0,0,0,0,0,0,0,0,Object notstarted,Object notstarted,Object notstarted,Object notstarted,Object notstarted,Object notstarted,Object notstarted,Object notstarted,Object notstarted
2024-03-18 10:35:03,022.022,__main___datalogs,INFO,JoyConState.PREP_SNS,-6.587500,10.362500,-126.440000,0.096125,0.002289,0.011443,0.020598,0.000000,0.000000,0.000000,0.000000,0,0,0,0,0,0,0,0,0,0,0,0.045257568359375,-0.004302978515625,0,0,0,0,0,0,0,0,Object notstarted,Object notstarted,Object notstarted,Object notstarted,Object notstarted,Object notstarted,Object notstarted,Object notstarted,Object notstarted
2024-03-18 10:35:03,068.068,__main___datalogs,INFO,JoyConState.PREP_SNS,-6.587500,10.362500,-126.440000,0.096125,0.002289,0.004577,0.025176,0.000000,0.000000,0.000000,0.000000,0,0,0,0,0,0,0,0,0,0,0,0.045257568359375,-0.004302978515625,0,0,0,0,0,0,0,0,Object notstarted,Object notstarted,Object notstarted,Object notstarted,Object notstarted,Object notstarted,Object notstarted,Object notstarted,Object notstarted
2024-03-18 10:35:03,111.111,__main___datalogs,INFO,JoyConState.PREP_SNS,-6.587500,10.362500,-126.440000,0.098413,0.002289,0.004577,0.025176,0.000000,0.000000,0.000000,0.000000,0,0,0,0,0,0,0,0,0,0,0,0.045257568359375,-0.004302978515625,0,0,0,0,0,0,0,0,Object notstarted,Object notstarted,Object notstarted,Object notstarted,Object notstarted,Object notstarted,Object notstarted,Object notstarted,Object notstarted
2024-03-18 10:35:03,158.158,__main___datalogs,INFO,JoyConState.PREP_SNS,-6.587500,10.362500,-126.440000,0.098413,0.002289,0.011443,0.020598,0.000000,0.000000,0.000000,0.000000,0,0,0,0,0,0,0,0,0,0,0,0.045257568359375,-0.004302978515625,0,0,0,0,0,0,0,0,Object notstarted,Object notstarted,Object notstarted,Object notstarted,Object notstarted,Object notstarted,Object notstarted,Object notstarted,Object notstarted
2024-03-18 10:35:03,202.202,__main___datalogs,INFO,JoyConState.PREP_SNS,-6.587500,10.362500,-126.440000,0.096125,0.002289,0.011443,0.020598,0.000000,0.000000,0.000000,0.000000,0,0,0,0,0,0,0,0,0,0,0,0.045257568359375,-0.004302978515625,0,0,0,0,0,0,0,0,Object notstarted,Object notstarted,Object notstarted,Object notstarted,Object notstarted,Object notstarted,Object notstarted,Object notstarted,Object notstarted
2024-03-18 10:35:03,246.246,__main___datalogs,INFO,JoyConState.PREP_SNS,-6.587500,10.362500,-126.440000,0.096125,0.002289,0.011443,0.025176,0.000000,0.000000,0.000000,0.000000,0,0,0,0,0,0,0,0,0,0,0,0.045257568359375,-0.004302978515625,0,0,0,0,0,0,0,0,Object notstarted,Object notstarted,Object notstarted,Object notstarted,Object notstarted,Object notstarted,Object notstarted,Object notstarted,Object notstarted
2024-03-18 10:35:03,287.287,__main___datalogs,INFO,JoyConState.PREP_SNS,-6.587500,10.362500,-126.440000,0.096125,0.002289,0.011443,0.025176,0.000000,0.000000,0.000000,0.000000,0,0,0,0,0,0,0,0,0,0,0,0.045257568359375,-0.004302978515625,0,0,0,0,0,0,0,0,Object notstarted,Object notstarted,Object notstarted,Object notstarted,Object notstarted,Object notstarted,Object notstarted,Object notstarted,Object notstarted
2024-03-18 10:35:03,329.329,__main___datalogs,INFO,JoyConState.PREP_SNS,-6.587500,10.362500,-126.440000,0.096125,0.006866,0.004577,0.025176,0.000000,0.000000,0.000000,0.000000,0,0,0,0,0,0,0,0,0,0,0,0.045257568359375,-0.004302978515625,0,0,0,0,0,0,0,0,Object notstarted,Object notstarted,Object notstarted,Object notstarted,Object notstarted,Object notstarted,Object notstarted,Object notstarted,Object notstarted
2024-03-18 10:35:03,371.371,__main___datalogs,INFO,JoyConState.PREP_SNS,-6.587500,10.362500,-126.440000,0.096125,0.006866,0.004577,0.020598,0.000000,0.000000,0.000000,0.000000,0,0,0,0,0,0,0,0,0,0,0,0.045257568359375,-0.004302978515625,0,0,0,0,0,0,0,0,Object notstarted,Object notstarted,Object notstarted,Object notstarted,Object notstarted,Object notstarted,Object notstarted,Object notstarted,Object notstarted
2024-03-18 10:35:03,413.413,__main___datalogs,INFO,JoyConState.PREP_SNS,-6.587500,10.362500,-126.440000,0.096125,0.006866,0.011443,0.025176,0.000000,0.000000,0.000000,0.000000,0,0,0,0,0,0,0,0,0,0,0,0.045257568359375,-0.004302978515625,0,0,0,0,0,0,0,0,Object notstarted,Object notstarted,Object notstarted,Object notstarted,Object notstarted,Object notstarted,Object notstarted,Object notstarted,Object notstarted
2024-03-18 10:35:03,455.455,__main___datalogs,INFO,JoyConState.PREP_SNS,-6.587500,10.362500,-126.440000,0.096125,0.006866,0.011443,0.025176,0.000000,0.000000,0.000000,0.000000,0,0,0,0,0,0,0,0,0,0,0,0.045257568359375,-0.004302978515625,0,0,0,0,0,0,0,0,Object notstarted,Object notstarted,Object notstarted,Object notstarted,Object notstarted,Object notstarted,Object notstarted,Object notstarted,Object notstarted
2024-03-18 10:35:03,499.499,__main___datalogs,INFO,JoyConState.PREP_SNS,-6.587500,10.362500,-126.440000,0.098413,0.006866,0.011443,0.025176,0.000000,0.000000,0.000000,0.000000,0,0,0,0,0,0,0,0,0,0,0,0.045257568359375,-0.004302978515625,0,0,0,0,0,0,0,0,Object notstarted,Object notstarted,Object notstarted,Object notstarted,Object notstarted,Object notstarted,Object notstarted,Object notstarted,Object notstarted
2024-03-18 10:35:03,540.540,__main___datalogs,INFO,JoyConState.PREP_SNS,-6.587500,10.362500,-126.440000,0.098413,0.002289,0.011443,0.020598,0.000000,0.000000,0.000000,0.000000,0,0,0,0,0,0,0,0,0,0,0,0.045257568359375,-0.004302978515625,0,0,0,0,0,0,0,0,Object notstarted,Object notstarted,Object notstarted,Object notstarted,Object notstarted,Object notstarted,Object notstarted,Object notstarted,Object notstarted
2024-03-18 10:35:03,585.585,__main___datalogs,INFO,JoyConState.PREP_SNS,-6.587500,10.362500,-126.440000,0.098413,0.002289,0.011443,0.025176,0.000000,0.000000,0.000000,0.000000,0,0,0,0,0,0,0,0,0,0,0,0.045257568359375,-0.004302978515625,0,0,0,0,0,0,0,0,Object notstarted,Object notstarted,Object notstarted,Object notstarted,Object notstarted,Object notstarted,Object notstarted,Object notstarted,Object notstarted
2024-03-18 10:35:03,628.628,__main___datalogs,INFO,JoyConState.PREP_SNS,-6.587500,10.362500,-126.440000,0.098413,0.006866,0.011443,0.025176,0.000000,0.000000,0.000000,0.000000,0,0,0,0,0,0,0,0,0,0,0,0.045257568359375,-0.004302978515625,0,0,0,0,0,0,0,0,Object notstarted,Object notstarted,Object notstarted,Object notstarted,Object notstarted,Object notstarted,Object notstarted,Object notstarted,Object notstarted
2024-03-18 10:35:03,672.672,__main___datalogs,INFO,JoyConState.PREP_SNS,-6.587500,10.362500,-126.440000,0.098413,0.006866,0.011443,0.025176,0.000000,0.000000,0.000000,0.000000,0,0,0,0,0,0,0,0,0,0,0,0.045257568359375,-0.004302978515625,0,0,0,0,0,0,0,0,Object notstarted,Object notstarted,Object notstarted,Object notstarted,Object notstarted,Object notstarted,Object notstarted,Object notstarted,Object notstarted
2024-03-18 10:35:03,712.712,__main___datalogs,INFO,JoyConState.PREP_SNS,-6.587500,10.362500,-126.440000,0.098413,0.006866,0.004577,0.020598,0.000000,0.000000,0.000000,0.000000,0,0,0,0,0,0,0,0,0,0,0,0.045257568359375,-0.004302978515625,0,0,0,0,0,0,0,0,Object notstarted,Object notstarted,Object notstarted,Object notstarted,Object notstarted,Object notstarted,Object notstarted,Object notstarted,Object notstarted
2024-03-18 10:35:03,755.755,__main___datalogs,INFO,JoyConState.PREP_SNS,-6.587500,10.362500,-126.440000,0.098413,0.002289,0.011443,0.020598,0.000000,0.000000,0.000000,0.000000,0,0,0,0,0,0,0,0,0,0,0,0.045257568359375,-0.004302978515625,0,0,0,0,0,0,0,0,Object notstarted,Object notstarted,Object notstarted,Object notstarted,Object notstarted,Object notstarted,Object notstarted,Object notstarted,Object notstarted
2024-03-18 10:35:03,797.797,__main___datalogs,INFO,JoyConState.PREP_SNS,-6.587500,10.362500,-126.440000,0.098413,0.002289,0.011443,0.020598,0.000000,0.000000,0.000000,0.000000,0,0,0,0,0,0,0,0,0,0,0,0.045257568359375,-0.004302978515625,0,0,0,0,0,0,0,0,Object notstarted,Object notstarted,Object notstarted,Object notstarted,Object notstarted,Object notstarted,Object notstarted,Object notstarted,Object notstarted
2024-03-18 10:35:03,856.856,__main___datalogs,INFO,JoyConState.PREP_SNS,-6.587500,10.362500,-126.440000,0.098413,0.002289,0.011443,0.020598,0.000000,0.000000,0.000000,0.000000,0,0,0,0,0,0,0,0,0,0,0,0.045257568359375,-0.004302978515625,0,0,0,0,0,0,0,0,Object notstarted,Object notstarted,Object notstarted,Object notstarted,Object notstarted,Object notstarted,Object notstarted,Object notstarted,Object notstarted
2024-03-18 10:35:03,917.917,__main___datalogs,INFO,JoyConState.PREP_SNS,-6.587500,10.362500,-126.440000,0.098413,0.002289,0.011443,0.020598,0.000000,0.000000,0.000000,0.000000,0,0,0,0,0,0,0,0,0,0,0,0.045257568359375,-0.004302978515625,0,0,0,0,0,0,0,0,Object notstarted,Object notstarted,Object notstarted,Object notstarted,Object notstarted,Object notstarted,Object notstarted,Object notstarted,Object notstarted
2024-03-18 10:35:03,960.960,__main___datalogs,INFO,JoyConState.PREP_SNS,-6.587500,10.362500,-126.440000,0.096125,0.006866,0.011443,0.020598,0.000000,0.000000,0.000000,0.000000,0,0,0,0,0,0,0,0,0,0,0,0.045257568359375,-0.004302978515625,0,0,0,0,0,0,0,0,Object notstarted,Object notstarted,Object notstarted,Object notstarted,Object notstarted,Object notstarted,Object notstarted,Object notstarted,Object notstarted
2024-03-18 10:35:04,004.004,__main___datalogs,INFO,JoyConState.PREP_SNS,-6.587500,10.362500,-126.440000,0.098413,0.006866,0.004577,0.020598,0.000000,0.000000,0.000000,0.000000,0,0,0,0,0,0,0,0,0,0,0,0.045257568359375,-0.004302978515625,0,0,0,0,0,0,0,0,Object notstarted,Object notstarted,Object notstarted,Object notstarted,Object notstarted,Object notstarted,Object notstarted,Object notstarted,Object notstarted
2024-03-18 10:35:04,050.050,__main___datalogs,INFO,JoyConState.PREP_SNS,-6.587500,10.362500,-126.440000,0.098413,-0.002289,0.004577,0.025176,0.000000,0.000000,0.000000,0.000000,0,0,0,0,0,0,0,0,0,0,0,0.045257568359375,-0.004302978515625,0,0,0,0,0,0,0,0,Object notstarted,Object notstarted,Object notstarted,Object notstarted,Object notstarted,Object notstarted,Object notstarted,Object notstarted,Object notstarted
2024-03-18 10:35:04,092.092,__main___datalogs,INFO,JoyConState.PREP_SNS,-6.587500,10.362500,-126.440000,0.098413,0.002289,0.011443,0.025176,0.000000,0.000000,0.000000,0.000000,0,0,0,0,0,0,0,0,0,0,0,0.045257568359375,-0.004302978515625,0,0,0,0,0,0,0,0,Object notstarted,Object notstarted,Object notstarted,Object notstarted,Object notstarted,Object notstarted,Object notstarted,Object notstarted,Object notstarted
2024-03-18 10:35:04,137.137,__main___datalogs,INFO,JoyConState.PREP_SNS,-6.587500,10.362500,-126.440000,0.098413,0.006866,0.011443,0.025176,0.000000,0.000000,0.000000,0.000000,0,0,0,0,0,0,0,0,0,0,0,0.045257568359375,-0.004302978515625,0,0,0,0,0,0,0,0,Object notstarted,Object notstarted,Object notstarted,Object notstarted,Object notstarted,Object notstarted,Object notstarted,Object notstarted,Object notstarted
2024-03-18 10:35:04,180.180,__main___datalogs,INFO,JoyConState.PREP_SNS,-6.587500,10.362500,-126.440000,0.098413,0.002289,0.011443,0.025176,0.000000,0.000000,0.000000,0.000000,0,0,0,0,0,0,0,0,0,0,0,0.045257568359375,-0.004302978515625,0,0,0,0,0,0,0,0,Object notstarted,Object notstarted,Object notstarted,Object notstarted,Object notstarted,Object notstarted,Object notstarted,Object notstarted,Object notstarted
2024-03-18 10:35:04,225.225,__main___datalogs,INFO,JoyConState.PREP_SNS,-6.587500,10.362500,-126.440000,0.098413,0.006866,0.011443,0.025176,0.000000,0.000000,0.000000,0.000000,0,0,0,0,0,0,0,0,0,0,0,0.045257568359375,-0.004302978515625,0,0,0,0,0,0,0,0,Object notstarted,Object notstarted,Object notstarted,Object notstarted,Object notstarted,Object notstarted,Object notstarted,Object notstarted,Object notstarted
2024-03-18 10:35:04,266.266,__main___datalogs,INFO,JoyConState.PREP_SNS,-6.587500,10.362500,-126.440000,0.098413,0.006866,0.011443,0.025176,0.000000,0.000000,0.000000,0.000000,0,0,0,0,0,0,0,0,0,0,0,0.045257568359375,-0.004302978515625,0,0,0,0,0,0,0,0,Object notstarted,Object notstarted,Object notstarted,Object notstarted,Object notstarted,Object notstarted,Object notstarted,Object notstarted,Object notstarted
2024-03-18 10:35:04,311.311,__main___datalogs,INFO,JoyConState.PREP_SNS,-6.587500,10.362500,-126.440000,0.102991,0.006866,0.011443,0.025176,0.000000,0.000000,0.000000,0.000000,0,0,0,0,0,0,0,0,0,0,0,0.045257568359375,-0.004302978515625,0,0,0,0,0,0,0,0,Object notstarted,Object notstarted,Object notstarted,Object notstarted,Object notstarted,Object notstarted,Object notstarted,Object notstarted,Object notstarted
2024-03-18 10:35:04,353.353,__main___datalogs,INFO,JoyConState.PREP_SNS,-6.587500,10.362500,-126.440000,0.098413,0.002289,0.011443,0.025176,0.000000,0.000000,0.000000,0.000000,0,0,0,0,0,0,0,0,0,0,0,0.045257568359375,-0.004302978515625,0,0,0,0,0,0,0,0,Object notstarted,Object notstarted,Object notstarted,Object notstarted,Object notstarted,Object notstarted,Object notstarted,Object notstarted,Object notstarted
2024-03-18 10:35:04,395.395,__main___datalogs,INFO,JoyConState.PREP_SNS,-6.587500,10.362500,-126.440000,0.098413,0.002289,0.011443,0.020598,0.000000,0.000000,0.000000,0.000000,0,0,0,0,0,0,0,0,0,0,0,0.045257568359375,-0.004302978515625,0,0,0,0,0,0,0,0,Object notstarted,Object notstarted,Object notstarted,Object notstarted,Object notstarted,Object notstarted,Object notstarted,Object notstarted,Object notstarted
2024-03-18 10:35:04,437.437,__main___datalogs,INFO,JoyConState.PREP_SNS,-6.587500,10.362500,-126.440000,0.098413,0.006866,0.011443,0.020598,0.000000,0.000000,0.000000,0.000000,0,0,0,0,0,0,0,0,0,0,0,0.045257568359375,-0.004302978515625,0,0,0,0,0,0,0,0,Object notstarted,Object notstarted,Object notstarted,Object notstarted,Object notstarted,Object notstarted,Object notstarted,Object notstarted,Object notstarted
2024-03-18 10:35:04,482.482,__main___datalogs,INFO,JoyConState.PREP_SNS,-6.587500,10.362500,-126.440000,0.098413,0.006866,0.011443,0.020598,0.000000,0.000000,0.000000,0.000000,0,0,0,0,0,0,0,0,0,0,0,0.045257568359375,-0.004302978515625,0,0,0,0,0,0,0,0,Object notstarted,Object notstarted,Object notstarted,Object notstarted,Object notstarted,Object notstarted,Object notstarted,Object notstarted,Object notstarted
2024-03-18 10:35:04,524.524,__main___datalogs,INFO,JoyConState.PREP_SNS,-6.587500,10.362500,-126.440000,0.102991,0.006866,0.004577,0.020598,0.000000,0.000000,0.000000,0.000000,0,0,0,0,0,0,0,0,0,0,0,0.045257568359375,-0.004302978515625,0,0,0,0,0,0,0,0,Object notstarted,Object notstarted,Object notstarted,Object notstarted,Object notstarted,Object notstarted,Object notstarted,Object notstarted,Object notstarted
2024-03-18 10:35:04,568.568,__main___datalogs,INFO,JoyConState.PREP_SNS,-6.587500,10.362500,-126.440000,0.098413,0.006866,0.011443,0.025176,0.000000,0.000000,0.000000,0.000000,0,0,0,0,0,0,0,0,0,0,0,0.045257568359375,-0.004302978515625,0,0,0,0,0,0,0,0,Object notstarted,Object notstarted,Object notstarted,Object notstarted,Object notstarted,Object notstarted,Object notstarted,Object notstarted,Object notstarted
2024-03-18 10:35:04,612.612,__main___datalogs,INFO,JoyConState.PREP_SNS,-6.587500,10.362500,-126.440000,0.098413,0.006866,0.011443,0.025176,0.000000,0.000000,0.000000,0.000000,0,0,0,0,0,0,0,0,0,0,0,0.045257568359375,-0.004302978515625,0,0,0,0,0,0,0,0,Object notstarted,Object notstarted,Object notstarted,Object notstarted,Object notstarted,Object notstarted,Object notstarted,Object notstarted,Object notstarted
2024-03-18 10:35:04,657.657,__main___datalogs,INFO,JoyConState.PREP_SNS,-6.587500,10.362500,-126.440000,0.096125,0.002289,0.011443,0.025176,0.000000,0.000000,0.000000,0.000000,0,0,0,0,0,0,0,0,0,0,0,0.045257568359375,-0.004302978515625,0,0,0,0,0,0,0,0,Object notstarted,Object notstarted,Object notstarted,Object notstarted,Object notstarted,Object notstarted,Object notstarted,Object notstarted,Object notstarted
2024-03-18 10:35:04,700.700,__main___datalogs,INFO,JoyConState.PREP_SNS,-6.587500,10.362500,-126.440000,0.096125,0.006866,0.011443,0.025176,0.000000,0.000000,0.000000,0.000000,0,0,0,0,0,0,0,0,0,0,0,0.045257568359375,-0.004302978515625,0,0,0,0,0,0,0,0,Object notstarted,Object notstarted,Object notstarted,Object notstarted,Object notstarted,Object notstarted,Object notstarted,Object notstarted,Object notstarted
2024-03-18 10:35:04,744.744,__main___datalogs,INFO,JoyConState.PREP_SNS,-6.587500,10.362500,-126.440000,0.098413,0.006866,0.011443,0.020598,0.000000,0.000000,0.000000,0.000000,0,0,0,0,0,0,0,0,0,0,0,0.045257568359375,-0.004302978515625,0,0,0,0,0,0,0,0,Object notstarted,Object notstarted,Object notstarted,Object notstarted,Object notstarted,Object notstarted,Object notstarted,Object notstarted,Object notstarted
2024-03-18 10:35:04,787.787,__main___datalogs,INFO,JoyConState.PREP_SNS,-6.587500,10.362500,-126.440000,0.098413,0.006866,0.011443,0.025176,0.000000,0.000000,0.000000,0.000000,0,0,0,0,0,0,0,0,0,0,0,0.045257568359375,-0.004302978515625,0,0,0,0,0,0,0,0,Object notstarted,Object notstarted,Object notstarted,Object notstarted,Object notstarted,Object notstarted,Object notstarted,Object notstarted,Object notstarted
2024-03-18 10:35:04,832.832,__main___datalogs,INFO,JoyConState.PREP_SNS,-6.587500,10.362500,-126.440000,0.096125,0.006866,0.011443,0.020598,0.000000,0.000000,0.000000,0.000000,0,0,0,0,0,0,0,0,0,0,0,0.045257568359375,-0.004302978515625,0,0,0,0,0,0,0,0,Object notstarted,Object notstarted,Object notstarted,Object notstarted,Object notstarted,Object notstarted,Object notstarted,Object notstarted,Object notstarted
2024-03-18 10:35:04,873.873,__main___datalogs,INFO,JoyConState.PREP_SNS,-6.587500,10.362500,-126.440000,0.096125,0.002289,0.011443,0.025176,0.000000,0.000000,0.000000,0.000000,0,0,0,0,0,0,0,0,0,0,0,0.045257568359375,-0.004302978515625,0,0,0,0,0,0,0,0,Object notstarted,Object notstarted,Object notstarted,Object notstarted,Object notstarted,Object notstarted,Object notstarted,Object notstarted,Object notstarted
2024-03-18 10:35:04,925.925,__main___datalogs,INFO,JoyConState.PREP_SNS,-6.587500,10.362500,-126.440000,0.098413,-0.002289,0.011443,0.025176,0.000000,0.000000,0.000000,0.000000,0,0,0,0,0,0,0,0,0,0,0,0.045257568359375,-0.004302978515625,0,0,0,0,0,0,0,0,Object notstarted,Object notstarted,Object notstarted,Object notstarted,Object notstarted,Object notstarted,Object notstarted,Object notstarted,Object notstarted
2024-03-18 10:35:04,985.985,__main___datalogs,INFO,JoyConState.PREP_SNS,-6.587500,10.362500,-126.440000,0.096125,0.006866,0.011443,0.025176,0.000000,0.000000,0.000000,0.000000,0,0,0,0,0,0,0,0,0,0,0,0.045257568359375,-0.004302978515625,0,0,0,0,0,0,0,0,Object notstarted,Object notstarted,Object notstarted,Object notstarted,Object notstarted,Object notstarted,Object notstarted,Object notstarted,Object notstarted
2024-03-18 10:35:05,029.029,__main___datalogs,INFO,JoyConState.PREP_SNS,-6.587500,10.362500,-126.440000,0.096125,0.006866,0.004577,0.020598,0.000000,0.000000,0.000000,0.000000,0,0,0,0,0,0,0,0,0,0,0,0.045257568359375,-0.004302978515625,0,0,0,0,0,0,0,0,Object notstarted,Object notstarted,Object notstarted,Object notstarted,Object notstarted,Object notstarted,Object notstarted,Object notstarted,Object notstarted
2024-03-18 10:35:05,071.071,__main___datalogs,INFO,JoyConState.PREP_SNS,-6.587500,10.362500,-126.440000,0.098413,0.002289,0.004577,0.025176,0.000000,0.000000,0.000000,0.000000,0,0,0,0,0,0,0,0,0,0,0,0.045257568359375,-0.004302978515625,0,0,0,0,0,0,0,0,Object notstarted,Object notstarted,Object notstarted,Object notstarted,Object notstarted,Object notstarted,Object notstarted,Object notstarted,Object notstarted
2024-03-18 10:35:05,115.115,__main___datalogs,INFO,JoyConState.PREP_SNS,-6.587500,10.362500,-126.440000,0.102991,0.002289,0.004577,0.020598,0.000000,0.000000,0.000000,0.000000,0,0,0,0,0,0,0,0,0,0,0,0.045257568359375,-0.004302978515625,0,0,0,0,0,0,0,0,Object notstarted,Object notstarted,Object notstarted,Object notstarted,Object notstarted,Object notstarted,Object notstarted,Object notstarted,Object notstarted
2024-03-18 10:35:05,158.158,__main___datalogs,INFO,JoyConState.PREP_SNS,-6.587500,10.362500,-126.440000,0.098413,0.002289,0.011443,0.020598,0.000000,0.000000,0.000000,0.000000,0,0,0,0,0,0,0,0,0,0,0,0.045257568359375,-0.004302978515625,0,0,0,0,0,0,0,0,Object notstarted,Object notstarted,Object notstarted,Object notstarted,Object notstarted,Object notstarted,Object notstarted,Object notstarted,Object notstarted
2024-03-18 10:35:05,203.203,__main___datalogs,INFO,JoyConState.PREP_SNS,-6.587500,10.362500,-126.440000,0.098413,0.002289,0.011443,0.025176,0.000000,0.000000,0.000000,0.000000,0,0,0,0,0,0,0,0,0,0,0,0.045257568359375,-0.004302978515625,0,0,0,0,0,0,0,0,Object notstarted,Object notstarted,Object notstarted,Object notstarted,Object notstarted,Object notstarted,Object notstarted,Object notstarted,Object notstarted
2024-03-18 10:35:05,246.246,__main___datalogs,INFO,JoyConState.PREP_SNS,-6.587500,10.362500,-126.440000,0.098413,0.002289,0.011443,0.020598,0.000000,0.000000,0.000000,0.000000,0,0,0,0,0,0,0,0,0,0,0,0.045257568359375,-0.004302978515625,0,0,0,0,0,0,0,0,Object notstarted,Object notstarted,Object notstarted,Object notstarted,Object notstarted,Object notstarted,Object notstarted,Object notstarted,Object notstarted
2024-03-18 10:35:05,290.290,__main___datalogs,INFO,JoyConState.PREP_SNS,-6.587500,10.362500,-126.440000,0.098413,0.002289,0.011443,0.025176,0.000000,0.000000,0.000000,0.000000,0,0,0,0,0,0,0,0,0,0,0,0.045257568359375,-0.004302978515625,0,0,0,0,0,0,0,0,Object notstarted,Object notstarted,Object notstarted,Object notstarted,Object notstarted,Object notstarted,Object notstarted,Object notstarted,Object notstarted
2024-03-18 10:35:05,333.333,__main___datalogs,INFO,JoyConState.PREP_SNS,-6.587500,10.362500,-126.440000,0.098413,0.002289,0.011443,0.025176,0.000000,0.000000,0.000000,0.000000,0,0,0,0,0,0,0,0,0,0,0,0.045257568359375,-0.004302978515625,0,0,0,0,0,0,0,0,Object notstarted,Object notstarted,Object notstarted,Object notstarted,Object notstarted,Object notstarted,Object notstarted,Object notstarted,Object notstarted
2024-03-18 10:35:05,377.377,__main___datalogs,INFO,JoyConState.PREP_SNS,-6.587500,10.362500,-126.440000,0.098413,0.002289,0.004577,0.020598,0.000000,0.000000,0.000000,0.000000,0,0,0,0,0,0,0,0,0,0,0,0.045257568359375,-0.004302978515625,0,0,0,0,0,0,0,0,Object notstarted,Object notstarted,Object notstarted,Object notstarted,Object notstarted,Object notstarted,Object notstarted,Object notstarted,Object notstarted
2024-03-18 10:35:05,420.420,__main___datalogs,INFO,JoyConState.PREP_SNS,-6.587500,10.362500,-126.440000,0.098413,0.002289,0.004577,0.025176,0.000000,0.000000,0.000000,0.000000,0,0,0,0,0,0,0,0,0,0,0,0.045257568359375,-0.004302978515625,0,0,0,0,0,0,0,0,Object notstarted,Object notstarted,Object notstarted,Object notstarted,Object notstarted,Object notstarted,Object notstarted,Object notstarted,Object notstarted
2024-03-18 10:35:05,466.466,__main___datalogs,INFO,JoyConState.PREP_SNS,-6.587500,10.362500,-126.440000,0.098413,0.006866,0.011443,0.020598,0.000000,0.000000,0.000000,0.000000,0,0,0,0,0,0,0,0,0,0,0,0.045257568359375,-0.004302978515625,0,0,0,0,0,0,0,0,Object notstarted,Object notstarted,Object notstarted,Object notstarted,Object notstarted,Object notstarted,Object notstarted,Object notstarted,Object notstarted
2024-03-18 10:35:05,507.507,__main___datalogs,INFO,JoyConState.PREP_SNS,-6.587500,10.362500,-126.440000,0.102991,0.006866,0.011443,0.020598,0.000000,0.000000,0.000000,0.000000,0,0,0,0,0,0,0,0,0,0,0,0.045257568359375,-0.004302978515625,0,0,0,0,0,0,0,0,Object notstarted,Object notstarted,Object notstarted,Object notstarted,Object notstarted,Object notstarted,Object notstarted,Object notstarted,Object notstarted
2024-03-18 10:35:05,550.550,__main___datalogs,INFO,JoyConState.PREP_SNS,-6.587500,10.362500,-126.440000,0.102991,0.006866,0.004577,0.020598,0.000000,0.000000,0.000000,0.000000,0,0,0,0,0,0,0,0,0,0,0,0.045257568359375,-0.004302978515625,0,0,0,0,0,0,0,0,Object notstarted,Object notstarted,Object notstarted,Object notstarted,Object notstarted,Object notstarted,Object notstarted,Object notstarted,Object notstarted
2024-03-18 10:35:05,592.592,__main___datalogs,INFO,JoyConState.PREP_SNS,-6.587500,10.362500,-126.440000,0.098413,0.006866,0.004577,0.020598,0.000000,0.000000,0.000000,0.000000,0,0,0,0,0,0,0,0,0,0,0,0.045257568359375,-0.004302978515625,0,0,0,0,0,0,0,0,Object notstarted,Object notstarted,Object notstarted,Object notstarted,Object notstarted,Object notstarted,Object notstarted,Object notstarted,Object notstarted
2024-03-18 10:35:05,637.637,__main___datalogs,INFO,JoyConState.PREP_SNS,-6.587500,10.362500,-126.440000,0.098413,0.006866,0.011443,0.025176,0.000000,0.000000,0.000000,0.000000,0,0,0,0,0,0,0,0,0,0,0,0.045257568359375,-0.004302978515625,0,0,0,0,0,0,0,0,Object notstarted,Object notstarted,Object notstarted,Object notstarted,Object notstarted,Object notstarted,Object notstarted,Object notstarted,Object notstarted
2024-03-18 10:35:05,679.679,__main___datalogs,INFO,JoyConState.PREP_SNS,-6.587500,10.362500,-126.440000,0.102991,0.002289,0.011443,0.025176,0.000000,0.000000,0.000000,0.000000,0,0,0,0,0,0,0,0,0,0,0,0.045257568359375,-0.004302978515625,0,0,0,0,0,0,0,0,Object notstarted,Object notstarted,Object notstarted,Object notstarted,Object notstarted,Object notstarted,Object notstarted,Object notstarted,Object notstarted
2024-03-18 10:35:05,722.722,__main___datalogs,INFO,JoyConState.PREP_SNS,-6.587500,10.362500,-126.440000,0.098413,0.002289,0.011443,0.025176,0.000000,0.000000,0.000000,0.000000,0,0,0,0,0,0,0,0,0,0,0,0.045257568359375,-0.004302978515625,0,0,0,0,0,0,0,0,Object notstarted,Object notstarted,Object notstarted,Object notstarted,Object notstarted,Object notstarted,Object notstarted,Object notstarted,Object notstarted
2024-03-18 10:35:05,763.763,__main___datalogs,INFO,JoyConState.PREP_SNS,-6.587500,10.362500,-126.440000,0.098413,0.002289,0.011443,0.025176,0.000000,0.000000,0.000000,0.000000,0,0,0,0,0,0,0,0,0,0,0,0.045257568359375,-0.004302978515625,0,0,0,0,0,0,0,0,Object notstarted,Object notstarted,Object notstarted,Object notstarted,Object notstarted,Object notstarted,Object notstarted,Object notstarted,Object notstarted
2024-03-18 10:35:05,806.806,__main___datalogs,INFO,JoyConState.PREP_SNS,-6.587500,10.362500,-126.440000,0.098413,0.006866,0.011443,0.025176,0.000000,0.000000,0.000000,0.000000,0,0,0,0,0,0,0,0,0,0,0,0.045257568359375,-0.004302978515625,0,0,0,0,0,0,0,0,Object notstarted,Object notstarted,Object notstarted,Object notstarted,Object notstarted,Object notstarted,Object notstarted,Object notstarted,Object notstarted
2024-03-18 10:35:05,848.848,__main___datalogs,INFO,JoyConState.PREP_SNS,-6.587500,10.362500,-126.440000,0.098413,0.002289,0.011443,0.020598,0.000000,0.000000,0.000000,0.000000,0,0,0,0,0,0,0,0,0,0,0,0.045257568359375,-0.004302978515625,0,0,0,0,0,0,0,0,Object notstarted,Object notstarted,Object notstarted,Object notstarted,Object notstarted,Object notstarted,Object notstarted,Object notstarted,Object notstarted
2024-03-18 10:35:05,891.891,__main___datalogs,INFO,JoyConState.PREP_SNS,-6.587500,10.362500,-126.440000,0.098413,0.002289,0.011443,0.020598,0.000000,0.000000,0.000000,0.000000,0,0,0,0,0,0,0,0,0,0,0,0.045257568359375,-0.004302978515625,0,0,0,0,0,0,0,0,Object notstarted,Object notstarted,Object notstarted,Object notstarted,Object notstarted,Object notstarted,Object notstarted,Object notstarted,Object notstarted
2024-03-18 10:35:05,935.935,__main___datalogs,INFO,JoyConState.PREP_SNS,-6.587500,10.362500,-126.440000,0.098413,0.002289,0.011443,0.025176,0.000000,0.000000,0.000000,0.000000,0,0,0,0,0,0,0,0,0,0,0,0.045257568359375,-0.004302978515625,0,0,0,0,0,0,0,0,Object notstarted,Object notstarted,Object notstarted,Object notstarted,Object notstarted,Object notstarted,Object notstarted,Object notstarted,Object notstarted
2024-03-18 10:35:05,985.985,__main___datalogs,INFO,JoyConState.PREP_SNS,-6.587500,10.362500,-126.440000,0.098413,0.006866,0.011443,0.025176,0.000000,0.000000,0.000000,0.000000,0,0,0,0,0,0,0,0,0,0,0,0.045257568359375,-0.004302978515625,0,0,0,0,0,0,0,0,Object notstarted,Object notstarted,Object notstarted,Object notstarted,Object notstarted,Object notstarted,Object notstarted,Object notstarted,Object notstarted
2024-03-18 10:35:06,030.030,__main___datalogs,INFO,JoyConState.PREP_SNS,-6.587500,10.362500,-126.440000,0.096125,0.006866,0.011443,0.025176,0.000000,0.000000,0.000000,0.000000,0,0,0,0,0,0,0,0,0,0,0,0.045257568359375,-0.004302978515625,0,0,0,0,0,0,0,0,Object notstarted,Object notstarted,Object notstarted,Object notstarted,Object notstarted,Object notstarted,Object notstarted,Object notstarted,Object notstarted
2024-03-18 10:35:06,074.074,__main___datalogs,INFO,JoyConState.PREP_SNS,-6.587500,10.362500,-126.440000,0.096125,0.006866,0.011443,0.025176,0.000000,0.000000,0.000000,0.000000,0,0,0,0,0,0,0,0,0,0,0,0.045257568359375,-0.004302978515625,0,0,0,0,0,0,0,0,Object notstarted,Object notstarted,Object notstarted,Object notstarted,Object notstarted,Object notstarted,Object notstarted,Object notstarted,Object notstarted
2024-03-18 10:35:06,116.116,__main___datalogs,INFO,JoyConState.PREP_SNS,-6.587500,10.362500,-126.440000,0.096125,0.006866,0.011443,0.025176,0.000000,0.000000,0.000000,0.000000,0,0,0,0,0,0,0,0,0,0,0,0.045257568359375,-0.004302978515625,0,0,0,0,0,0,0,0,Object notstarted,Object notstarted,Object notstarted,Object notstarted,Object notstarted,Object notstarted,Object notstarted,Object notstarted,Object notstarted
2024-03-18 10:35:06,159.159,__main___datalogs,INFO,JoyConState.PREP_SNS,-6.587500,10.362500,-126.440000,0.096125,0.002289,0.011443,0.025176,0.000000,0.000000,0.000000,0.000000,0,0,0,0,0,0,0,0,0,0,0,0.045257568359375,-0.004302978515625,0,0,0,0,0,0,0,0,Object notstarted,Object notstarted,Object notstarted,Object notstarted,Object notstarted,Object notstarted,Object notstarted,Object notstarted,Object notstarted
2024-03-18 10:35:06,202.202,__main___datalogs,INFO,JoyConState.PREP_SNS,-6.587500,10.362500,-126.440000,0.096125,0.002289,0.011443,0.020598,0.000000,0.000000,0.000000,0.000000,0,0,0,0,0,0,0,0,0,0,0,0.045257568359375,-0.004302978515625,0,0,0,0,0,0,0,0,Object notstarted,Object notstarted,Object notstarted,Object notstarted,Object notstarted,Object notstarted,Object notstarted,Object notstarted,Object notstarted
2024-03-18 10:35:06,245.245,__main___datalogs,INFO,JoyConState.PREP_SNS,-6.587500,10.362500,-126.440000,0.096125,0.006866,0.011443,0.025176,0.000000,0.000000,0.000000,0.000000,0,0,0,0,0,0,0,0,0,0,0,0.045257568359375,-0.004302978515625,0,0,0,0,0,0,0,0,Object notstarted,Object notstarted,Object notstarted,Object notstarted,Object notstarted,Object notstarted,Object notstarted,Object notstarted,Object notstarted
2024-03-18 10:35:06,288.288,__main___datalogs,INFO,JoyConState.PREP_SNS,-6.587500,10.362500,-126.440000,0.098413,0.006866,0.013732,0.025176,0.000000,0.000000,0.000000,0.000000,0,0,0,0,0,0,0,0,0,0,0,0.045257568359375,-0.004302978515625,0,0,0,0,0,0,0,0,Object notstarted,Object notstarted,Object notstarted,Object notstarted,Object notstarted,Object notstarted,Object notstarted,Object notstarted,Object notstarted
2024-03-18 10:35:06,331.331,__main___datalogs,INFO,JoyConState.PREP_SNS,-6.587500,10.362500,-126.440000,0.102991,0.006866,0.011443,0.025176,0.000000,0.000000,0.000000,0.000000,0,0,0,0,0,0,0,0,0,0,0,0.045257568359375,-0.004302978515625,0,0,0,0,0,0,0,0,Object notstarted,Object notstarted,Object notstarted,Object notstarted,Object notstarted,Object notstarted,Object notstarted,Object notstarted,Object notstarted
2024-03-18 10:35:06,374.374,__main___datalogs,INFO,JoyConState.PREP_SNS,-6.587500,10.362500,-126.440000,0.098413,0.006866,0.011443,0.020598,0.000000,0.000000,0.000000,0.000000,0,0,0,0,0,0,0,0,0,0,0,0.045257568359375,-0.004302978515625,0,0,0,0,0,0,0,0,Object notstarted,Object notstarted,Object notstarted,Object notstarted,Object notstarted,Object notstarted,Object notstarted,Object notstarted,Object notstarted
2024-03-18 10:35:06,420.420,__main___datalogs,INFO,JoyConState.PREP_SNS,-6.587500,10.362500,-126.440000,0.098413,0.006866,0.013732,0.016021,0.000000,0.000000,0.000000,0.000000,0,0,0,0,0,0,0,0,0,0,0,0.045257568359375,-0.004302978515625,0,0,0,0,0,0,0,0,Object notstarted,Object notstarted,Object notstarted,Object notstarted,Object notstarted,Object notstarted,Object notstarted,Object notstarted,Object notstarted
2024-03-18 10:35:06,463.463,__main___datalogs,INFO,JoyConState.PREP_SNS,-6.587500,10.362500,-126.440000,0.098413,0.002289,0.011443,0.020598,0.000000,0.000000,0.000000,0.000000,0,0,0,0,0,0,0,0,0,0,0,0.045257568359375,-0.004302978515625,0,0,0,0,0,0,0,0,Object notstarted,Object notstarted,Object notstarted,Object notstarted,Object notstarted,Object notstarted,Object notstarted,Object notstarted,Object notstarted
2024-03-18 10:35:06,505.505,__main___datalogs,INFO,JoyConState.PREP_SNS,-6.587500,10.362500,-126.440000,0.098413,0.002289,0.004577,0.020598,0.000000,0.000000,0.000000,0.000000,0,0,0,0,0,0,0,0,0,0,0,0.045257568359375,-0.004302978515625,0,0,0,0,0,0,0,0,Object notstarted,Object notstarted,Object notstarted,Object notstarted,Object notstarted,Object notstarted,Object notstarted,Object notstarted,Object notstarted
2024-03-18 10:35:06,547.547,__main___datalogs,INFO,JoyConState.PREP_SNS,-6.587500,10.362500,-126.440000,0.098413,0.002289,0.004577,0.020598,0.000000,0.000000,0.000000,0.000000,0,0,0,0,0,0,0,0,0,0,0,0.045257568359375,-0.004302978515625,0,0,0,0,0,0,0,0,Object notstarted,Object notstarted,Object notstarted,Object notstarted,Object notstarted,Object notstarted,Object notstarted,Object notstarted,Object notstarted
2024-03-18 10:35:06,592.592,__main___datalogs,INFO,JoyConState.PREP_SNS,-6.587500,10.362500,-126.440000,0.098413,0.002289,0.004577,0.025176,0.000000,0.000000,0.000000,0.000000,0,0,0,0,0,0,0,0,0,0,0,0.045257568359375,-0.004302978515625,0,0,0,0,0,0,0,0,Object notstarted,Object notstarted,Object notstarted,Object notstarted,Object notstarted,Object notstarted,Object notstarted,Object notstarted,Object notstarted
2024-03-18 10:35:06,635.635,__main___datalogs,INFO,JoyConState.PREP_SNS,-6.587500,10.362500,-126.440000,0.098413,0.002289,0.011443,0.025176,0.000000,0.000000,0.000000,0.000000,0,0,0,0,0,0,0,0,0,0,0,0.045257568359375,-0.004302978515625,0,0,0,0,0,0,0,0,Object notstarted,Object notstarted,Object notstarted,Object notstarted,Object notstarted,Object notstarted,Object notstarted,Object notstarted,Object notstarted
2024-03-18 10:35:06,679.679,__main___datalogs,INFO,JoyConState.PREP_SNS,-6.587500,10.362500,-126.440000,0.098413,0.002289,0.011443,0.020598,0.000000,0.000000,0.000000,0.000000,0,0,0,0,0,0,0,0,0,0,0,0.045257568359375,-0.004302978515625,0,0,0,0,0,0,0,0,Object notstarted,Object notstarted,Object notstarted,Object notstarted,Object notstarted,Object notstarted,Object notstarted,Object notstarted,Object notstarted
2024-03-18 10:35:06,723.723,__main___datalogs,INFO,JoyConState.PREP_SNS,-6.587500,10.362500,-126.440000,0.098413,0.002289,0.004577,0.025176,0.000000,0.000000,0.000000,0.000000,0,0,0,0,0,0,0,0,0,0,0,0.045257568359375,-0.004302978515625,0,0,0,0,0,0,0,0,Object notstarted,Object notstarted,Object notstarted,Object notstarted,Object notstarted,Object notstarted,Object notstarted,Object notstarted,Object notstarted
2024-03-18 10:35:06,767.767,__main___datalogs,INFO,JoyConState.PREP_SNS,-6.587500,10.362500,-126.440000,0.098413,0.006866,0.004577,0.025176,0.000000,0.000000,0.000000,0.000000,0,0,0,0,0,0,0,0,0,0,0,0.045257568359375,-0.004302978515625,0,0,0,0,0,0,0,0,Object notstarted,Object notstarted,Object notstarted,Object notstarted,Object notstarted,Object notstarted,Object notstarted,Object notstarted,Object notstarted
2024-03-18 10:35:06,810.810,__main___datalogs,INFO,JoyConState.PREP_SNS,-6.587500,10.362500,-126.440000,0.096125,0.002289,0.011443,0.025176,0.000000,0.000000,0.000000,0.000000,0,0,0,0,0,0,0,0,0,0,0,0.045257568359375,-0.004302978515625,0,0,0,0,0,0,0,0,Object notstarted,Object notstarted,Object notstarted,Object notstarted,Object notstarted,Object notstarted,Object notstarted,Object notstarted,Object notstarted
2024-03-18 10:35:06,855.855,__main___datalogs,INFO,JoyConState.PREP_SNS,-6.587500,10.362500,-126.440000,0.096125,0.006866,0.011443,0.025176,0.000000,0.000000,0.000000,0.000000,0,0,0,0,0,0,0,0,0,0,0,0.045257568359375,-0.004302978515625,0,0,0,0,0,0,0,0,Object notstarted,Object notstarted,Object notstarted,Object notstarted,Object notstarted,Object notstarted,Object notstarted,Object notstarted,Object notstarted
2024-03-18 10:35:06,898.898,__main___datalogs,INFO,JoyConState.PREP_SNS,-6.587500,10.362500,-126.440000,0.102991,0.006866,0.011443,0.025176,0.000000,0.000000,0.000000,0.000000,0,0,0,0,0,0,0,0,0,0,0,0.045257568359375,-0.004302978515625,0,0,0,0,0,0,0,0,Object notstarted,Object notstarted,Object notstarted,Object notstarted,Object notstarted,Object notstarted,Object notstarted,Object notstarted,Object notstarted
2024-03-18 10:35:06,942.942,__main___datalogs,INFO,JoyConState.PREP_SNS,-6.587500,10.362500,-126.440000,0.102991,0.006866,0.013732,0.025176,0.000000,0.000000,0.000000,0.000000,0,0,0,0,0,0,0,0,0,0,0,0.045257568359375,-0.004302978515625,0,0,0,0,0,0,0,0,Object notstarted,Object notstarted,Object notstarted,Object notstarted,Object notstarted,Object notstarted,Object notstarted,Object notstarted,Object notstarted
2024-03-18 10:35:06,984.984,__main___datalogs,INFO,JoyConState.PREP_SNS,-6.587500,10.362500,-126.440000,0.098413,0.002289,0.011443,0.025176,0.000000,0.000000,0.000000,0.000000,0,0,0,0,0,0,0,0,0,0,0,0.045257568359375,-0.004302978515625,0,0,0,0,0,0,0,0,Object notstarted,Object notstarted,Object notstarted,Object notstarted,Object notstarted,Object notstarted,Object notstarted,Object notstarted,Object notstarted
2024-03-18 10:35:07,028.028,__main___datalogs,INFO,JoyConState.PREP_SNS,-6.587500,10.362500,-126.440000,0.098413,0.002289,0.004577,0.025176,0.000000,0.000000,0.000000,0.000000,0,0,0,0,0,0,0,0,0,0,0,0.045257568359375,-0.004302978515625,0,0,0,0,0,0,0,0,Object notstarted,Object notstarted,Object notstarted,Object notstarted,Object notstarted,Object notstarted,Object notstarted,Object notstarted,Object notstarted
2024-03-18 10:35:07,086.086,__main___datalogs,INFO,JoyConState.PREP_SNS,-6.587500,10.362500,-126.440000,0.098413,0.002289,0.011443,0.020598,0.000000,0.000000,0.000000,0.000000,0,0,0,0,0,0,0,0,0,0,0,0.045257568359375,-0.004302978515625,0,0,0,0,0,0,0,0,Object notstarted,Object notstarted,Object notstarted,Object notstarted,Object notstarted,Object notstarted,Object notstarted,Object notstarted,Object notstarted
2024-03-18 10:35:07,130.130,__main___datalogs,INFO,JoyConState.PREP_SNS,-6.587500,10.362500,-126.440000,0.098413,0.006866,0.011443,0.020598,0.000000,0.000000,0.000000,0.000000,0,0,0,0,0,0,0,0,0,0,0,0.045257568359375,-0.004302978515625,0,0,0,0,0,0,0,0,Object notstarted,Object notstarted,Object notstarted,Object notstarted,Object notstarted,Object notstarted,Object notstarted,Object notstarted,Object notstarted
2024-03-18 10:35:07,173.173,__main___datalogs,INFO,JoyConState.PREP_SNS,-6.587500,10.362500,-126.440000,0.098413,0.002289,0.011443,0.025176,0.000000,0.000000,0.000000,0.000000,0,0,0,0,0,0,0,0,0,0,0,0.045257568359375,-0.004302978515625,0,0,0,0,0,0,0,0,Object notstarted,Object notstarted,Object notstarted,Object notstarted,Object notstarted,Object notstarted,Object notstarted,Object notstarted,Object notstarted
2024-03-18 10:35:07,216.216,__main___datalogs,INFO,JoyConState.PREP_SNS,-6.587500,10.362500,-126.440000,0.098413,0.002289,0.013732,0.020598,0.000000,0.000000,0.000000,0.000000,0,0,0,0,0,0,0,0,0,0,0,0.045257568359375,-0.004302978515625,0,0,0,0,0,0,0,0,Object notstarted,Object notstarted,Object notstarted,Object notstarted,Object notstarted,Object notstarted,Object notstarted,Object notstarted,Object notstarted
2024-03-18 10:35:07,260.260,__main___datalogs,INFO,JoyConState.PREP_SNS,-6.587500,10.362500,-126.440000,0.098413,0.006866,0.011443,0.025176,0.000000,0.000000,0.000000,0.000000,0,0,0,0,0,0,0,0,0,0,0,0.045257568359375,-0.004302978515625,0,0,0,0,0,0,0,0,Object notstarted,Object notstarted,Object notstarted,Object notstarted,Object notstarted,Object notstarted,Object notstarted,Object notstarted,Object notstarted
2024-03-18 10:35:07,302.302,__main___datalogs,INFO,JoyConState.PREP_SNS,-6.587500,10.362500,-126.440000,0.098413,0.006866,0.013732,0.025176,0.000000,0.000000,0.000000,0.000000,0,0,0,0,0,0,0,0,0,0,0,0.045257568359375,-0.004302978515625,0,0,0,0,0,0,0,0,Object notstarted,Object notstarted,Object notstarted,Object notstarted,Object notstarted,Object notstarted,Object notstarted,Object notstarted,Object notstarted
2024-03-18 10:35:07,345.345,__main___datalogs,INFO,JoyConState.PREP_SNS,-6.587500,10.362500,-126.440000,0.098413,0.002289,0.011443,0.025176,0.000000,0.000000,0.000000,0.000000,0,0,0,0,0,0,0,0,0,0,0,0.045257568359375,-0.004302978515625,0,0,0,0,0,0,0,0,Object notstarted,Object notstarted,Object notstarted,Object notstarted,Object notstarted,Object notstarted,Object notstarted,Object notstarted,Object notstarted
2024-03-18 10:35:07,390.390,__main___datalogs,INFO,JoyConState.PREP_SNS,-6.587500,10.362500,-126.440000,0.096125,0.002289,0.004577,0.025176,0.000000,0.000000,0.000000,0.000000,0,0,0,0,0,0,0,0,0,0,0,0.045257568359375,-0.004302978515625,0,0,0,0,0,0,0,0,Object notstarted,Object notstarted,Object notstarted,Object notstarted,Object notstarted,Object notstarted,Object notstarted,Object notstarted,Object notstarted
2024-03-18 10:35:07,429.429,__main___datalogs,INFO,JoyConState.PREP_SNS,-6.587500,10.362500,-126.440000,0.098413,0.002289,0.004577,0.027464,0.000000,0.000000,0.000000,0.000000,0,0,0,0,0,0,0,0,0,0,0,0.045257568359375,-0.004302978515625,0,0,0,0,0,0,0,0,Object notstarted,Object notstarted,Object notstarted,Object notstarted,Object notstarted,Object notstarted,Object notstarted,Object notstarted,Object notstarted
2024-03-18 10:35:07,467.467,__main___datalogs,INFO,JoyConState.PREP_SNS,-6.587500,10.362500,-126.440000,0.096125,0.006866,0.011443,0.025176,0.000000,0.000000,0.000000,0.000000,0,0,0,0,0,0,0,0,0,0,0,0.045257568359375,-0.004302978515625,0,0,0,0,0,0,0,0,Object notstarted,Object notstarted,Object notstarted,Object notstarted,Object notstarted,Object notstarted,Object notstarted,Object notstarted,Object notstarted
2024-03-18 10:35:07,510.510,__main___datalogs,INFO,JoyConState.PREP_SNS,-6.587500,10.362500,-126.440000,0.102991,0.002289,0.011443,0.025176,0.000000,0.000000,0.000000,0.000000,0,0,0,0,0,0,0,0,0,0,0,0.045257568359375,-0.004302978515625,0,0,0,0,0,0,0,0,Object notstarted,Object notstarted,Object notstarted,Object notstarted,Object notstarted,Object notstarted,Object notstarted,Object notstarted,Object notstarted
2024-03-18 10:35:07,554.554,__main___datalogs,INFO,JoyConState.PREP_SNS,-6.587500,10.362500,-126.440000,0.102991,0.006866,0.011443,0.025176,0.000000,0.000000,0.000000,0.000000,0,0,0,0,0,0,0,0,0,0,0,0.045257568359375,-0.004302978515625,0,0,0,0,0,0,0,0,Object notstarted,Object notstarted,Object notstarted,Object notstarted,Object notstarted,Object notstarted,Object notstarted,Object notstarted,Object notstarted
2024-03-18 10:35:07,597.597,__main___datalogs,INFO,JoyConState.PREP_SNS,-6.587500,10.362500,-126.440000,0.102991,0.002289,0.004577,0.020598,0.000000,0.000000,0.000000,0.000000,0,0,0,0,0,0,0,0,0,0,0,0.045257568359375,-0.004302978515625,0,0,0,0,0,0,0,0,Object notstarted,Object notstarted,Object notstarted,Object notstarted,Object notstarted,Object notstarted,Object notstarted,Object notstarted,Object notstarted
2024-03-18 10:35:07,641.641,__main___datalogs,INFO,JoyConState.PREP_SNS,-6.587500,10.362500,-126.440000,0.098413,0.002289,0.004577,0.020598,0.000000,0.000000,0.000000,0.000000,0,0,0,0,0,0,0,0,0,0,0,0.045257568359375,-0.004302978515625,0,0,0,0,0,0,0,0,Object notstarted,Object notstarted,Object notstarted,Object notstarted,Object notstarted,Object notstarted,Object notstarted,Object notstarted,Object notstarted
2024-03-18 10:35:07,687.687,__main___datalogs,INFO,JoyConState.PREP_SNS,-6.587500,10.362500,-126.440000,0.098413,0.002289,0.011443,0.025176,0.000000,0.000000,0.000000,0.000000,0,0,0,0,0,0,0,0,0,0,0,0.045257568359375,-0.004302978515625,0,0,0,0,0,0,0,0,Object notstarted,Object notstarted,Object notstarted,Object notstarted,Object notstarted,Object notstarted,Object notstarted,Object notstarted,Object notstarted
2024-03-18 10:35:07,731.731,__main___datalogs,INFO,JoyConState.PREP_SNS,-6.587500,10.362500,-126.440000,0.098413,0.002289,0.011443,0.025176,0.000000,0.000000,0.000000,0.000000,0,0,0,0,0,0,0,0,0,0,0,0.045257568359375,-0.004302978515625,0,0,0,0,0,0,0,0,Object notstarted,Object notstarted,Object notstarted,Object notstarted,Object notstarted,Object notstarted,Object notstarted,Object notstarted,Object notstarted
2024-03-18 10:35:07,774.774,__main___datalogs,INFO,JoyConState.PREP_SNS,-6.587500,10.362500,-126.440000,-0.018309,0.002289,0.013732,0.025176,0.000000,0.000000,0.000000,0.000000,0,0,0,0,0,0,0,0,0,0,0,0.045257568359375,-0.004302978515625,0,0,0,0,0,0,0,0,Object notstarted,Object notstarted,Object notstarted,Object notstarted,Object notstarted,Object notstarted,Object notstarted,Object notstarted,Object notstarted
2024-03-18 10:35:07,819.819,__main___datalogs,INFO,JoyConState.PREP_SNS,-6.587500,10.362500,-126.440000,0.091547,0.006866,0.011443,0.020598,0.000000,0.000000,0.000000,0.000000,0,0,0,0,0,0,0,0,0,0,0,0.045257568359375,-0.004302978515625,0,0,0,0,0,0,0,0,Object notstarted,Object notstarted,Object notstarted,Object notstarted,Object notstarted,Object notstarted,Object notstarted,Object notstarted,Object notstarted
2024-03-18 10:35:07,861.861,__main___datalogs,INFO,JoyConState.PREP_SNS,-6.587500,10.362500,-126.440000,0.096125,0.006866,0.004577,0.025176,0.000000,0.000000,0.000000,0.000000,0,0,0,0,0,0,0,0,0,0,0,0.045257568359375,-0.004302978515625,0,0,0,0,0,0,0,0,Object notstarted,Object notstarted,Object notstarted,Object notstarted,Object notstarted,Object notstarted,Object notstarted,Object notstarted,Object notstarted
2024-03-18 10:35:07,906.906,__main___datalogs,INFO,JoyConState.PREP_SNS,-6.587500,10.362500,-126.440000,0.091547,0.002289,0.004577,0.025176,0.000000,0.000000,0.000000,0.000000,0,0,0,0,0,0,0,0,0,0,0,0.045257568359375,-0.004302978515625,0,0,0,0,0,0,0,0,Object notstarted,Object notstarted,Object notstarted,Object notstarted,Object notstarted,Object notstarted,Object notstarted,Object notstarted,Object notstarted
2024-03-18 10:35:07,945.945,__main___datalogs,INFO,JoyConState.PREP_SNS,-6.587500,10.362500,-126.440000,0.091547,0.006866,0.011443,0.025176,0.000000,0.000000,0.000000,0.000000,0,0,0,0,0,0,0,0,0,0,0,0.045257568359375,-0.004302978515625,0,0,0,0,0,0,0,0,Object notstarted,Object notstarted,Object notstarted,Object notstarted,Object notstarted,Object notstarted,Object notstarted,Object notstarted,Object notstarted
2024-03-18 10:35:07,988.988,__main___datalogs,INFO,JoyConState.PREP_SNS,-6.587500,10.362500,-126.440000,0.091547,0.002289,0.011443,0.025176,0.000000,0.000000,0.000000,0.000000,0,0,0,0,0,0,0,0,0,0,0,0.045257568359375,-0.004302978515625,0,0,0,0,0,0,0,0,Object notstarted,Object notstarted,Object notstarted,Object notstarted,Object notstarted,Object notstarted,Object notstarted,Object notstarted,Object notstarted
2024-03-18 10:35:08,030.030,__main___datalogs,INFO,JoyConState.PREP_SNS,-6.587500,10.362500,-126.440000,0.098413,0.006866,0.011443,0.025176,0.000000,0.000000,0.000000,0.000000,0,0,0,0,0,0,0,0,0,0,0,0.045257568359375,-0.004302978515625,0,0,0,0,0,0,0,0,Object notstarted,Object notstarted,Object notstarted,Object notstarted,Object notstarted,Object notstarted,Object notstarted,Object notstarted,Object notstarted
2024-03-18 10:35:08,073.073,__main___datalogs,INFO,JoyConState.PREP_SNS,-6.587500,10.362500,-126.440000,0.096125,0.006866,0.011443,0.020598,0.000000,0.000000,0.000000,0.000000,0,0,0,0,0,0,0,0,0,0,0,0.045257568359375,-0.004302978515625,0,0,0,0,0,0,0,0,Object notstarted,Object notstarted,Object notstarted,Object notstarted,Object notstarted,Object notstarted,Object notstarted,Object notstarted,Object notstarted
2024-03-18 10:35:08,128.128,__main___datalogs,INFO,JoyConState.PREP_SNS,-6.587500,10.362500,-126.440000,0.091547,0.006866,0.011443,0.020598,0.000000,0.000000,0.000000,0.000000,0,0,0,0,0,0,0,0,0,0,0,0.045257568359375,-0.004302978515625,0,0,0,0,0,0,0,0,Object notstarted,Object notstarted,Object notstarted,Object notstarted,Object notstarted,Object notstarted,Object notstarted,Object notstarted,Object notstarted
2024-03-18 10:35:08,174.174,__main___datalogs,INFO,JoyConState.PREP_SNS,-6.587500,10.362500,-126.440000,0.091547,0.002289,0.011443,0.025176,0.000000,0.000000,0.000000,0.000000,0,0,0,0,0,0,0,0,0,0,0,0.045257568359375,-0.004302978515625,0,0,0,0,0,0,0,0,Object notstarted,Object notstarted,Object notstarted,Object notstarted,Object notstarted,Object notstarted,Object notstarted,Object notstarted,Object notstarted
2024-03-18 10:35:08,217.217,__main___datalogs,INFO,JoyConState.PREP_SNS,-6.587500,10.362500,-126.440000,0.096125,0.002289,0.011443,0.025176,0.000000,0.000000,0.000000,0.000000,0,0,0,0,0,0,0,0,0,0,0,0.045257568359375,-0.004302978515625,0,0,0,0,0,0,0,0,Object notstarted,Object notstarted,Object notstarted,Object notstarted,Object notstarted,Object notstarted,Object notstarted,Object notstarted,Object notstarted
2024-03-18 10:35:08,261.261,__main___datalogs,INFO,JoyConState.PREP_SNS,-6.587500,10.362500,-126.440000,0.096125,0.002289,0.011443,0.020598,0.000000,0.000000,0.000000,0.000000,0,0,0,0,0,0,0,0,0,0,0,0.045257568359375,-0.004302978515625,0,0,0,0,0,0,0,0,Object notstarted,Object notstarted,Object notstarted,Object notstarted,Object notstarted,Object notstarted,Object notstarted,Object notstarted,Object notstarted
2024-03-18 10:35:08,305.305,__main___datalogs,INFO,JoyConState.PREP_SNS,-6.587500,10.362500,-126.440000,0.096125,0.002289,0.011443,0.025176,0.000000,0.000000,0.000000,0.000000,0,0,0,0,0,0,0,0,0,0,0,0.045257568359375,-0.004302978515625,0,0,0,0,0,0,0,0,Object notstarted,Object notstarted,Object notstarted,Object notstarted,Object notstarted,Object notstarted,Object notstarted,Object notstarted,Object notstarted
2024-03-18 10:35:08,350.350,__main___datalogs,INFO,JoyConState.PREP_SNS,-6.587500,10.362500,-126.440000,0.096125,0.002289,0.011443,0.025176,0.000000,0.000000,0.000000,0.000000,0,0,0,0,0,0,0,0,0,0,0,0.045257568359375,-0.004302978515625,0,0,0,0,0,0,0,0,Object notstarted,Object notstarted,Object notstarted,Object notstarted,Object notstarted,Object notstarted,Object notstarted,Object notstarted,Object notstarted
2024-03-18 10:35:08,392.392,__main___datalogs,INFO,JoyConState.PREP_SNS,-6.587500,10.362500,-126.440000,0.096125,0.006866,0.011443,0.025176,0.000000,0.000000,0.000000,0.000000,0,0,0,0,0,0,0,0,0,0,0,0.045257568359375,-0.004302978515625,0,0,0,0,0,0,0,0,Object notstarted,Object notstarted,Object notstarted,Object notstarted,Object notstarted,Object notstarted,Object notstarted,Object notstarted,Object notstarted
2024-03-18 10:35:08,436.436,__main___datalogs,INFO,JoyConState.PREP_SNS,-6.587500,10.362500,-126.440000,0.096125,0.002289,0.011443,0.020598,0.000000,0.000000,0.000000,0.000000,0,0,0,0,0,0,0,0,0,0,0,0.045257568359375,-0.004302978515625,0,0,0,0,0,0,0,0,Object notstarted,Object notstarted,Object notstarted,Object notstarted,Object notstarted,Object notstarted,Object notstarted,Object notstarted,Object notstarted
2024-03-18 10:35:08,478.478,__main___datalogs,INFO,JoyConState.PREP_SNS,-6.587500,10.362500,-126.440000,0.096125,0.006866,0.011443,0.025176,0.000000,0.000000,0.000000,0.000000,0,0,0,0,0,0,0,0,0,0,0,0.045257568359375,-0.004302978515625,0,0,0,0,0,0,0,0,Object notstarted,Object notstarted,Object notstarted,Object notstarted,Object notstarted,Object notstarted,Object notstarted,Object notstarted,Object notstarted
2024-03-18 10:35:08,523.523,__main___datalogs,INFO,JoyConState.PREP_SNS,-6.587500,10.362500,-126.440000,0.096125,0.006866,0.011443,0.025176,0.000000,0.000000,0.000000,0.000000,0,0,0,0,0,0,0,0,0,0,0,0.045257568359375,-0.004302978515625,0,0,0,0,0,0,0,0,Object notstarted,Object notstarted,Object notstarted,Object notstarted,Object notstarted,Object notstarted,Object notstarted,Object notstarted,Object notstarted
2024-03-18 10:35:08,565.565,__main___datalogs,INFO,JoyConState.PREP_SNS,-6.587500,10.362500,-126.440000,0.098413,0.002289,0.011443,0.025176,0.000000,0.000000,0.000000,0.000000,0,0,0,0,0,0,0,0,0,0,0,0.045257568359375,-0.004302978515625,0,0,0,0,0,0,0,0,Object notstarted,Object notstarted,Object notstarted,Object notstarted,Object notstarted,Object notstarted,Object notstarted,Object notstarted,Object notstarted
2024-03-18 10:35:08,609.609,__main___datalogs,INFO,JoyConState.PREP_SNS,-6.587500,10.362500,-126.440000,0.098413,0.006866,0.011443,0.025176,0.000000,0.000000,0.000000,0.000000,0,0,0,0,0,0,0,0,0,0,0,0.045257568359375,-0.004302978515625,0,0,0,0,0,0,0,0,Object notstarted,Object notstarted,Object notstarted,Object notstarted,Object notstarted,Object notstarted,Object notstarted,Object notstarted,Object notstarted
2024-03-18 10:35:08,652.652,__main___datalogs,INFO,JoyConState.PREP_SNS,-6.587500,10.362500,-126.440000,0.096125,0.006866,0.011443,0.025176,0.000000,0.000000,0.000000,0.000000,0,0,0,0,0,0,0,0,0,0,0,0.045257568359375,-0.004302978515625,0,0,0,0,0,0,0,0,Object notstarted,Object notstarted,Object notstarted,Object notstarted,Object notstarted,Object notstarted,Object notstarted,Object notstarted,Object notstarted
2024-03-18 10:35:08,697.697,__main___datalogs,INFO,JoyConState.PREP_SNS,-6.587500,10.362500,-126.440000,0.096125,0.006866,0.011443,0.025176,0.000000,0.000000,0.000000,0.000000,0,0,0,0,0,0,0,0,0,0,0,0.045257568359375,-0.004302978515625,0,0,0,0,0,0,0,0,Object notstarted,Object notstarted,Object notstarted,Object notstarted,Object notstarted,Object notstarted,Object notstarted,Object notstarted,Object notstarted
2024-03-18 10:35:08,741.741,__main___datalogs,INFO,JoyConState.PREP_SNS,-6.587500,10.362500,-126.440000,0.098413,0.002289,0.004577,0.025176,0.000000,0.000000,0.000000,0.000000,0,0,0,0,0,0,0,0,0,0,0,0.045257568359375,-0.004302978515625,0,0,0,0,0,0,0,0,Object notstarted,Object notstarted,Object notstarted,Object notstarted,Object notstarted,Object notstarted,Object notstarted,Object notstarted,Object notstarted
2024-03-18 10:35:08,786.786,__main___datalogs,INFO,JoyConState.PREP_SNS,-6.587500,10.362500,-126.440000,0.098413,0.006866,0.004577,0.025176,0.000000,0.000000,0.000000,0.000000,0,0,0,0,0,0,0,0,0,0,0,0.045257568359375,-0.004302978515625,0,0,0,0,0,0,0,0,Object notstarted,Object notstarted,Object notstarted,Object notstarted,Object notstarted,Object notstarted,Object notstarted,Object notstarted,Object notstarted
2024-03-18 10:35:08,829.829,__main___datalogs,INFO,JoyConState.PREP_SNS,-6.587500,10.362500,-126.440000,0.096125,0.002289,0.011443,0.020598,0.000000,0.000000,0.000000,0.000000,0,0,0,0,0,0,0,0,0,0,0,0.045257568359375,-0.004302978515625,0,0,0,0,0,0,0,0,Object notstarted,Object notstarted,Object notstarted,Object notstarted,Object notstarted,Object notstarted,Object notstarted,Object notstarted,Object notstarted
2024-03-18 10:35:08,874.874,__main___datalogs,INFO,JoyConState.PREP_SNS,-6.587500,10.362500,-126.440000,0.091547,0.002289,0.011443,0.025176,0.000000,0.000000,0.000000,0.000000,0,0,0,0,0,0,0,0,0,0,0,0.045257568359375,-0.004302978515625,0,0,0,0,0,0,0,0,Object notstarted,Object notstarted,Object notstarted,Object notstarted,Object notstarted,Object notstarted,Object notstarted,Object notstarted,Object notstarted
2024-03-18 10:35:08,913.913,__main___datalogs,INFO,JoyConState.PREP_SNS,-6.587500,10.362500,-126.440000,0.091547,0.002289,0.011443,0.025176,0.000000,0.000000,0.000000,0.000000,0,0,0,0,0,0,0,0,0,0,0,0.045257568359375,-0.004302978515625,0,0,0,0,0,0,0,0,Object notstarted,Object notstarted,Object notstarted,Object notstarted,Object notstarted,Object notstarted,Object notstarted,Object notstarted,Object notstarted
2024-03-18 10:35:08,957.957,__main___datalogs,INFO,JoyConState.PREP_SNS,-6.587500,10.362500,-126.440000,0.098413,0.002289,0.011443,0.016021,0.000000,0.000000,0.000000,0.000000,0,0,0,0,0,0,0,0,0,0,0,0.045257568359375,-0.004302978515625,0,0,0,0,0,0,0,0,Object notstarted,Object notstarted,Object notstarted,Object notstarted,Object notstarted,Object notstarted,Object notstarted,Object notstarted,Object notstarted
2024-03-18 10:35:09,001.001,__main___datalogs,INFO,JoyConState.PREP_SNS,-6.587500,10.362500,-126.440000,0.098413,0.002289,0.011443,0.020598,0.000000,0.000000,0.000000,0.000000,0,0,0,0,0,0,0,0,0,0,0,0.045257568359375,-0.004302978515625,0,0,0,0,0,0,0,0,Object notstarted,Object notstarted,Object notstarted,Object notstarted,Object notstarted,Object notstarted,Object notstarted,Object notstarted,Object notstarted
2024-03-18 10:35:09,044.044,__main___datalogs,INFO,JoyConState.PREP_SNS,-6.587500,10.362500,-126.440000,0.098413,0.002289,0.011443,0.020598,0.000000,0.000000,0.000000,0.000000,0,0,0,0,0,0,0,0,0,0,0,0.045257568359375,-0.004302978515625,0,0,0,0,0,0,0,0,Object notstarted,Object notstarted,Object notstarted,Object notstarted,Object notstarted,Object notstarted,Object notstarted,Object notstarted,Object notstarted
2024-03-18 10:35:09,086.086,__main___datalogs,INFO,JoyConState.PREP_SNS,-6.587500,10.362500,-126.440000,0.098413,0.002289,0.011443,0.025176,0.000000,0.000000,0.000000,0.000000,0,0,0,0,0,0,0,0,0,0,0,0.045257568359375,-0.004302978515625,0,0,0,0,0,0,0,0,Object notstarted,Object notstarted,Object notstarted,Object notstarted,Object notstarted,Object notstarted,Object notstarted,Object notstarted,Object notstarted
2024-03-18 10:35:09,132.132,__main___datalogs,INFO,JoyConState.PREP_SNS,-6.587500,10.362500,-126.440000,0.091547,0.002289,0.004577,0.025176,0.000000,0.000000,0.000000,0.000000,0,0,0,0,0,0,0,0,0,0,0,0.045257568359375,-0.004302978515625,0,0,0,0,0,0,0,0,Object notstarted,Object notstarted,Object notstarted,Object notstarted,Object notstarted,Object notstarted,Object notstarted,Object notstarted,Object notstarted
2024-03-18 10:35:09,174.174,__main___datalogs,INFO,JoyConState.PREP_SNS,-6.587500,10.362500,-126.440000,0.091547,0.006866,0.004577,0.025176,0.000000,0.000000,0.000000,0.000000,0,0,0,0,0,0,0,0,0,0,0,0.045257568359375,-0.004302978515625,0,0,0,0,0,0,0,0,Object notstarted,Object notstarted,Object notstarted,Object notstarted,Object notstarted,Object notstarted,Object notstarted,Object notstarted,Object notstarted
2024-03-18 10:35:09,219.219,__main___datalogs,INFO,JoyConState.PREP_SNS,-6.587500,10.362500,-126.440000,0.091547,0.006866,0.013732,0.025176,0.000000,0.000000,0.000000,0.000000,0,0,0,0,0,0,0,0,0,0,0,0.045257568359375,-0.004302978515625,0,0,0,0,0,0,0,0,Object notstarted,Object notstarted,Object notstarted,Object notstarted,Object notstarted,Object notstarted,Object notstarted,Object notstarted,Object notstarted
2024-03-18 10:35:09,260.260,__main___datalogs,INFO,JoyConState.PREP_SNS,-6.587500,10.362500,-126.440000,0.091547,0.006866,0.011443,0.025176,0.000000,0.000000,0.000000,0.000000,0,0,0,0,0,0,0,0,0,0,0,0.045257568359375,-0.004302978515625,0,0,0,0,0,0,0,0,Object notstarted,Object notstarted,Object notstarted,Object notstarted,Object notstarted,Object notstarted,Object notstarted,Object notstarted,Object notstarted
2024-03-18 10:35:09,302.302,__main___datalogs,INFO,JoyConState.PREP_SNS,-6.587500,10.362500,-126.440000,0.096125,0.006866,0.011443,0.025176,0.000000,0.000000,0.000000,0.000000,0,0,0,0,0,0,0,0,0,0,0,0.045257568359375,-0.004302978515625,0,0,0,0,0,0,0,0,Object notstarted,Object notstarted,Object notstarted,Object notstarted,Object notstarted,Object notstarted,Object notstarted,Object notstarted,Object notstarted
2024-03-18 10:35:09,345.345,__main___datalogs,INFO,JoyConState.PREP_SNS,-6.587500,10.362500,-126.440000,0.098413,0.006866,0.004577,0.025176,0.000000,0.000000,0.000000,0.000000,0,0,0,0,0,0,0,0,0,0,0,0.045257568359375,-0.004302978515625,0,0,0,0,0,0,0,0,Object notstarted,Object notstarted,Object notstarted,Object notstarted,Object notstarted,Object notstarted,Object notstarted,Object notstarted,Object notstarted
2024-03-18 10:35:09,388.388,__main___datalogs,INFO,JoyConState.PREP_SNS,-6.587500,10.362500,-126.440000,0.096125,0.006866,0.004577,0.025176,0.000000,0.000000,0.000000,0.000000,0,0,0,0,0,0,0,0,0,0,0,0.045257568359375,-0.004302978515625,0,0,0,0,0,0,0,0,Object notstarted,Object notstarted,Object notstarted,Object notstarted,Object notstarted,Object notstarted,Object notstarted,Object notstarted,Object notstarted
2024-03-18 10:35:09,430.430,__main___datalogs,INFO,JoyConState.PREP_SNS,-6.587500,10.362500,-126.440000,0.096125,0.009155,0.004577,0.025176,0.000000,0.000000,0.000000,0.000000,0,0,0,0,0,0,0,0,0,0,0,0.045257568359375,-0.004302978515625,0,0,0,0,0,0,0,0,Object notstarted,Object notstarted,Object notstarted,Object notstarted,Object notstarted,Object notstarted,Object notstarted,Object notstarted,Object notstarted
2024-03-18 10:35:09,473.473,__main___datalogs,INFO,JoyConState.PREP_SNS,-6.587500,10.362500,-126.440000,0.096125,0.006866,0.004577,0.020598,0.000000,0.000000,0.000000,0.000000,0,0,0,0,0,0,0,0,0,0,0,0.045257568359375,-0.004302978515625,0,0,0,0,0,0,0,0,Object notstarted,Object notstarted,Object notstarted,Object notstarted,Object notstarted,Object notstarted,Object notstarted,Object notstarted,Object notstarted
2024-03-18 10:35:09,516.516,__main___datalogs,INFO,JoyConState.PREP_SNS,-6.587500,10.362500,-126.440000,0.091547,-0.002289,0.004577,0.025176,0.000000,0.000000,0.000000,0.000000,0,0,0,0,0,0,0,0,0,0,0,0.045257568359375,-0.004302978515625,0,0,0,0,0,0,0,0,Object notstarted,Object notstarted,Object notstarted,Object notstarted,Object notstarted,Object notstarted,Object notstarted,Object notstarted,Object notstarted
2024-03-18 10:35:09,560.560,__main___datalogs,INFO,JoyConState.PREP_SNS,-6.587500,10.362500,-126.440000,0.098413,0.002289,0.004577,0.025176,0.000000,0.000000,0.000000,0.000000,0,0,0,0,0,0,0,0,0,0,0,0.045257568359375,-0.004302978515625,0,0,0,0,0,0,0,0,Object notstarted,Object notstarted,Object notstarted,Object notstarted,Object notstarted,Object notstarted,Object notstarted,Object notstarted,Object notstarted
2024-03-18 10:35:09,603.603,__main___datalogs,INFO,JoyConState.PREP_SNS,-6.587500,10.362500,-126.440000,0.098413,0.006866,0.011443,0.025176,0.000000,0.000000,0.000000,0.000000,0,0,0,0,0,0,0,0,0,0,0,0.045257568359375,-0.004302978515625,0,0,0,0,0,0,0,0,Object notstarted,Object notstarted,Object notstarted,Object notstarted,Object notstarted,Object notstarted,Object notstarted,Object notstarted,Object notstarted
2024-03-18 10:35:09,647.647,__main___datalogs,INFO,JoyConState.PREP_SNS,-6.587500,10.362500,-126.440000,0.091547,0.006866,0.011443,0.025176,0.000000,0.000000,0.000000,0.000000,0,0,0,0,0,0,0,0,0,0,0,0.045257568359375,-0.004302978515625,0,0,0,0,0,0,0,0,Object notstarted,Object notstarted,Object notstarted,Object notstarted,Object notstarted,Object notstarted,Object notstarted,Object notstarted,Object notstarted
2024-03-18 10:35:09,689.689,__main___datalogs,INFO,JoyConState.PREP_SNS,-6.587500,10.362500,-126.440000,0.096125,0.002289,0.011443,0.025176,0.000000,0.000000,0.000000,0.000000,0,0,0,0,0,0,0,0,0,0,0,0.045257568359375,-0.004302978515625,0,0,0,0,0,0,0,0,Object notstarted,Object notstarted,Object notstarted,Object notstarted,Object notstarted,Object notstarted,Object notstarted,Object notstarted,Object notstarted
2024-03-18 10:35:09,735.735,__main___datalogs,INFO,JoyConState.PREP_SNS,-6.587500,10.362500,-126.440000,0.091547,0.002289,0.013732,0.025176,0.000000,0.000000,0.000000,0.000000,0,0,0,0,0,0,0,0,0,0,0,0.045257568359375,-0.004302978515625,0,0,0,0,0,0,0,0,Object notstarted,Object notstarted,Object notstarted,Object notstarted,Object notstarted,Object notstarted,Object notstarted,Object notstarted,Object notstarted
2024-03-18 10:35:09,778.778,__main___datalogs,INFO,JoyConState.PREP_SNS,-6.587500,10.362500,-126.440000,0.098413,0.006866,0.011443,0.020598,0.000000,0.000000,0.000000,0.000000,0,0,0,0,0,0,0,0,0,0,0,0.045257568359375,-0.004302978515625,0,0,0,0,0,0,0,0,Object notstarted,Object notstarted,Object notstarted,Object notstarted,Object notstarted,Object notstarted,Object notstarted,Object notstarted,Object notstarted
2024-03-18 10:35:09,823.823,__main___datalogs,INFO,JoyConState.PREP_SNS,-6.587500,10.362500,-126.440000,0.096125,0.006866,0.011443,0.020598,0.000000,0.000000,0.000000,0.000000,0,0,0,0,0,0,0,0,0,0,0,0.045257568359375,-0.004302978515625,0,0,0,0,0,0,0,0,Object notstarted,Object notstarted,Object notstarted,Object notstarted,Object notstarted,Object notstarted,Object notstarted,Object notstarted,Object notstarted
2024-03-18 10:35:09,866.866,__main___datalogs,INFO,JoyConState.PREP_SNS,-6.587500,10.362500,-126.440000,0.096125,0.006866,0.011443,0.025176,0.000000,0.000000,0.000000,0.000000,0,0,0,0,0,0,0,0,0,0,0,0.045257568359375,-0.004302978515625,0,0,0,0,0,0,0,0,Object notstarted,Object notstarted,Object notstarted,Object notstarted,Object notstarted,Object notstarted,Object notstarted,Object notstarted,Object notstarted
2024-03-18 10:35:09,911.911,__main___datalogs,INFO,JoyConState.PREP_SNS,-6.587500,10.362500,-126.440000,0.091547,0.006866,0.004577,0.025176,0.000000,0.000000,0.000000,0.000000,0,0,0,0,0,0,0,0,0,0,0,0.045257568359375,-0.004302978515625,0,0,0,0,0,0,0,0,Object notstarted,Object notstarted,Object notstarted,Object notstarted,Object notstarted,Object notstarted,Object notstarted,Object notstarted,Object notstarted
2024-03-18 10:35:09,952.952,__main___datalogs,INFO,JoyConState.PREP_SNS,-6.587500,10.362500,-126.440000,0.098413,0.006866,0.011443,0.020598,0.000000,0.000000,0.000000,0.000000,0,0,0,0,0,0,0,0,0,0,0,0.045257568359375,-0.004302978515625,0,0,0,0,0,0,0,0,Object notstarted,Object notstarted,Object notstarted,Object notstarted,Object notstarted,Object notstarted,Object notstarted,Object notstarted,Object notstarted
2024-03-18 10:35:09,997.997,__main___datalogs,INFO,JoyConState.PREP_SNS,-6.587500,10.362500,-126.440000,0.098413,0.002289,0.011443,0.020598,0.000000,0.000000,0.000000,0.000000,0,0,0,0,0,0,0,0,0,0,0,0.045257568359375,-0.004302978515625,0,0,0,0,0,0,0,0,Object notstarted,Object notstarted,Object notstarted,Object notstarted,Object notstarted,Object notstarted,Object notstarted,Object notstarted,Object notstarted
2024-03-18 10:35:10,039.039,__main___datalogs,INFO,JoyConState.PREP_SNS,-6.587500,10.362500,-126.440000,0.096125,0.006866,0.011443,0.025176,0.000000,0.000000,0.000000,0.000000,0,0,0,0,0,0,0,0,0,0,0,0.045257568359375,-0.004302978515625,0,0,0,0,0,0,0,0,Object notstarted,Object notstarted,Object notstarted,Object notstarted,Object notstarted,Object notstarted,Object notstarted,Object notstarted,Object notstarted
2024-03-18 10:35:10,082.082,__main___datalogs,INFO,JoyConState.PREP_SNS,-6.587500,10.362500,-126.440000,0.096125,0.002289,0.004577,0.025176,0.000000,0.000000,0.000000,0.000000,0,0,0,0,0,0,0,0,0,0,0,0.045257568359375,-0.004302978515625,0,0,0,0,0,0,0,0,Object notstarted,Object notstarted,Object notstarted,Object notstarted,Object notstarted,Object notstarted,Object notstarted,Object notstarted,Object notstarted
2024-03-18 10:35:10,124.124,__main___datalogs,INFO,JoyConState.PREP_SNS,-6.587500,10.362500,-126.440000,0.096125,0.002289,0.004577,0.020598,0.000000,0.000000,0.000000,0.000000,0,0,0,0,0,0,0,0,0,0,0,0.045257568359375,-0.004302978515625,0,0,0,0,0,0,0,0,Object notstarted,Object notstarted,Object notstarted,Object notstarted,Object notstarted,Object notstarted,Object notstarted,Object notstarted,Object notstarted
2024-03-18 10:35:10,167.167,__main___datalogs,INFO,JoyConState.PREP_SNS,-6.587500,10.362500,-126.440000,0.098413,0.002289,0.011443,0.025176,0.000000,0.000000,0.000000,0.000000,0,0,0,0,0,0,0,0,0,0,0,0.045257568359375,-0.004302978515625,0,0,0,0,0,0,0,0,Object notstarted,Object notstarted,Object notstarted,Object notstarted,Object notstarted,Object notstarted,Object notstarted,Object notstarted,Object notstarted
2024-03-18 10:35:10,211.211,__main___datalogs,INFO,JoyConState.PREP_SNS,-6.587500,10.362500,-126.440000,0.098413,0.006866,0.011443,0.025176,0.000000,0.000000,0.000000,0.000000,0,0,0,0,0,0,0,0,0,0,0,0.045257568359375,-0.004302978515625,0,0,0,0,0,0,0,0,Object notstarted,Object notstarted,Object notstarted,Object notstarted,Object notstarted,Object notstarted,Object notstarted,Object notstarted,Object notstarted
2024-03-18 10:35:10,267.267,__main___datalogs,INFO,JoyConState.PREP_SNS,-6.587500,10.362500,-126.440000,0.098413,0.006866,0.011443,0.025176,0.000000,0.000000,0.000000,0.000000,0,0,0,0,0,0,0,0,0,0,0,0.045257568359375,-0.004302978515625,0,0,0,0,0,0,0,0,Object notstarted,Object notstarted,Object notstarted,Object notstarted,Object notstarted,Object notstarted,Object notstarted,Object notstarted,Object notstarted
2024-03-18 10:35:10,326.326,__main___datalogs,INFO,JoyConState.PREP_SNS,-6.587500,10.362500,-126.440000,0.098413,0.002289,0.011443,0.025176,0.000000,0.000000,0.000000,0.000000,0,0,0,0,0,0,0,0,0,0,0,0.045257568359375,-0.004302978515625,0,0,0,0,0,0,0,0,Object notstarted,Object notstarted,Object notstarted,Object notstarted,Object notstarted,Object notstarted,Object notstarted,Object notstarted,Object notstarted
2024-03-18 10:35:10,372.372,__main___datalogs,INFO,JoyConState.PREP_SNS,-6.587500,10.362500,-126.440000,0.096125,0.002289,0.011443,0.025176,0.000000,0.000000,0.000000,0.000000,0,0,0,0,0,0,0,0,0,0,0,0.045257568359375,-0.004302978515625,0,0,0,0,0,0,0,0,Object notstarted,Object notstarted,Object notstarted,Object notstarted,Object notstarted,Object notstarted,Object notstarted,Object notstarted,Object notstarted
2024-03-18 10:35:10,414.414,__main___datalogs,INFO,JoyConState.PREP_SNS,-6.587500,10.362500,-126.440000,0.098413,0.002289,0.011443,0.020598,0.000000,0.000000,0.000000,0.000000,0,0,0,0,0,0,0,0,0,0,0,0.045257568359375,-0.004302978515625,0,0,0,0,0,0,0,0,Object notstarted,Object notstarted,Object notstarted,Object notstarted,Object notstarted,Object notstarted,Object notstarted,Object notstarted,Object notstarted
2024-03-18 10:35:10,457.457,__main___datalogs,INFO,JoyConState.PREP_SNS,-6.587500,10.362500,-126.440000,0.096125,0.002289,0.011443,0.025176,0.000000,0.000000,0.000000,0.000000,0,0,0,0,0,0,0,0,0,0,0,0.045257568359375,-0.004302978515625,0,0,0,0,0,0,0,0,Object notstarted,Object notstarted,Object notstarted,Object notstarted,Object notstarted,Object notstarted,Object notstarted,Object notstarted,Object notstarted
2024-03-18 10:35:10,498.498,__main___datalogs,INFO,JoyConState.PREP_SNS,-6.587500,10.362500,-126.440000,0.098413,0.006866,0.011443,0.025176,0.000000,0.000000,0.000000,0.000000,0,0,0,0,0,0,0,0,0,0,0,0.045257568359375,-0.004302978515625,0,0,0,0,0,0,0,0,Object notstarted,Object notstarted,Object notstarted,Object notstarted,Object notstarted,Object notstarted,Object notstarted,Object notstarted,Object notstarted
2024-03-18 10:35:10,542.542,__main___datalogs,INFO,JoyConState.PREP_SNS,-6.587500,10.362500,-126.440000,0.098413,0.006866,0.004577,0.020598,0.000000,0.000000,0.000000,0.000000,0,0,0,0,0,0,0,0,0,0,0,0.045257568359375,-0.004302978515625,0,0,0,0,0,0,0,0,Object notstarted,Object notstarted,Object notstarted,Object notstarted,Object notstarted,Object notstarted,Object notstarted,Object notstarted,Object notstarted
2024-03-18 10:35:10,584.584,__main___datalogs,INFO,JoyConState.PREP_SNS,-6.587500,10.362500,-126.440000,0.098413,0.006866,0.004577,0.025176,0.000000,0.000000,0.000000,0.000000,0,0,0,0,0,0,0,0,0,0,0,0.045257568359375,-0.004302978515625,0,0,0,0,0,0,0,0,Object notstarted,Object notstarted,Object notstarted,Object notstarted,Object notstarted,Object notstarted,Object notstarted,Object notstarted,Object notstarted
2024-03-18 10:35:10,627.627,__main___datalogs,INFO,JoyConState.PREP_SNS,-6.587500,10.362500,-126.440000,0.098413,0.006866,0.004577,0.025176,0.000000,0.000000,0.000000,0.000000,0,0,0,0,0,0,0,0,0,0,0,0.045257568359375,-0.004302978515625,0,0,0,0,0,0,0,0,Object notstarted,Object notstarted,Object notstarted,Object notstarted,Object notstarted,Object notstarted,Object notstarted,Object notstarted,Object notstarted
2024-03-18 10:35:10,669.669,__main___datalogs,INFO,JoyConState.PREP_SNS,-6.587500,10.362500,-126.440000,0.098413,0.002289,0.004577,0.025176,0.000000,0.000000,0.000000,0.000000,0,0,0,0,0,0,0,0,0,0,0,0.045257568359375,-0.004302978515625,0,0,0,0,0,0,0,0,Object notstarted,Object notstarted,Object notstarted,Object notstarted,Object notstarted,Object notstarted,Object notstarted,Object notstarted,Object notstarted
2024-03-18 10:35:10,713.713,__main___datalogs,INFO,JoyConState.PREP_SNS,-6.587500,10.362500,-126.440000,0.098413,0.002289,0.004577,0.025176,0.000000,0.000000,0.000000,0.000000,0,0,0,0,0,0,0,0,0,0,0,0.045257568359375,-0.004302978515625,0,0,0,0,0,0,0,0,Object notstarted,Object notstarted,Object notstarted,Object notstarted,Object notstarted,Object notstarted,Object notstarted,Object notstarted,Object notstarted
2024-03-18 10:35:10,756.756,__main___datalogs,INFO,JoyConState.PREP_SNS,-6.587500,10.362500,-126.440000,0.096125,0.006866,0.011443,0.025176,0.000000,0.000000,0.000000,0.000000,0,0,0,0,0,0,0,0,0,0,0,0.045257568359375,-0.004302978515625,0,0,0,0,0,0,0,0,Object notstarted,Object notstarted,Object notstarted,Object notstarted,Object notstarted,Object notstarted,Object notstarted,Object notstarted,Object notstarted
2024-03-18 10:35:10,800.800,__main___datalogs,INFO,JoyConState.PREP_SNS,-6.587500,10.362500,-126.440000,0.098413,0.006866,0.011443,0.020598,0.000000,0.000000,0.000000,0.000000,0,0,0,0,0,0,0,0,0,0,0,0.045257568359375,-0.004302978515625,0,0,0,0,0,0,0,0,Object notstarted,Object notstarted,Object notstarted,Object notstarted,Object notstarted,Object notstarted,Object notstarted,Object notstarted,Object notstarted
2024-03-18 10:35:10,842.842,__main___datalogs,INFO,JoyConState.PREP_SNS,-6.587500,10.362500,-126.440000,0.098413,0.006866,0.004577,0.025176,0.000000,0.000000,0.000000,0.000000,0,0,0,0,0,0,0,0,0,0,0,0.045257568359375,-0.004302978515625,0,0,0,0,0,0,0,0,Object notstarted,Object notstarted,Object notstarted,Object notstarted,Object notstarted,Object notstarted,Object notstarted,Object notstarted,Object notstarted
2024-03-18 10:35:10,886.886,__main___datalogs,INFO,JoyConState.PREP_SNS,-6.587500,10.362500,-126.440000,0.098413,0.006866,0.011443,0.025176,0.000000,0.000000,0.000000,0.000000,0,0,0,0,0,0,0,0,0,0,0,0.045257568359375,-0.004302978515625,0,0,0,0,0,0,0,0,Object notstarted,Object notstarted,Object notstarted,Object notstarted,Object notstarted,Object notstarted,Object notstarted,Object notstarted,Object notstarted
2024-03-18 10:35:10,928.928,__main___datalogs,INFO,JoyConState.PREP_SNS,-6.587500,10.362500,-126.440000,0.098413,-0.002289,0.011443,0.025176,0.000000,0.000000,0.000000,0.000000,0,0,0,0,0,0,0,0,0,0,0,0.045257568359375,-0.004302978515625,0,0,0,0,0,0,0,0,Object notstarted,Object notstarted,Object notstarted,Object notstarted,Object notstarted,Object notstarted,Object notstarted,Object notstarted,Object notstarted
2024-03-18 10:35:10,972.972,__main___datalogs,INFO,JoyConState.PREP_SNS,-6.587500,10.362500,-126.440000,0.098413,0.002289,0.011443,0.025176,0.000000,0.000000,0.000000,0.000000,0,0,0,0,0,0,0,0,0,0,0,0.045257568359375,-0.004302978515625,0,0,0,0,0,0,0,0,Object notstarted,Object notstarted,Object notstarted,Object notstarted,Object notstarted,Object notstarted,Object notstarted,Object notstarted,Object notstarted
2024-03-18 10:35:11,015.015,__main___datalogs,INFO,JoyConState.PREP_SNS,-6.587500,10.362500,-126.440000,0.096125,0.006866,0.011443,0.025176,0.000000,0.000000,0.000000,0.000000,0,0,0,0,0,0,0,0,0,0,0,0.045257568359375,-0.004302978515625,0,0,0,0,0,0,0,0,Object notstarted,Object notstarted,Object notstarted,Object notstarted,Object notstarted,Object notstarted,Object notstarted,Object notstarted,Object notstarted
2024-03-18 10:35:11,058.058,__main___datalogs,INFO,JoyConState.PREP_SNS,-6.587500,10.362500,-126.440000,0.096125,0.006866,0.011443,0.025176,0.000000,0.000000,0.000000,0.000000,0,0,0,0,0,0,0,0,0,0,0,0.045257568359375,-0.004302978515625,0,0,0,0,0,0,0,0,Object notstarted,Object notstarted,Object notstarted,Object notstarted,Object notstarted,Object notstarted,Object notstarted,Object notstarted,Object notstarted
2024-03-18 10:35:11,101.101,__main___datalogs,INFO,JoyConState.PREP_SNS,-6.587500,10.362500,-126.440000,0.096125,0.006866,0.011443,0.025176,0.000000,0.000000,0.000000,0.000000,0,0,0,0,0,0,0,0,0,0,0,0.045257568359375,-0.004302978515625,0,0,0,0,0,0,0,0,Object notstarted,Object notstarted,Object notstarted,Object notstarted,Object notstarted,Object notstarted,Object notstarted,Object notstarted,Object notstarted
2024-03-18 10:35:11,144.144,__main___datalogs,INFO,JoyConState.PREP_SNS,-6.587500,10.362500,-126.440000,0.098413,0.002289,0.011443,0.025176,0.000000,0.000000,0.000000,0.000000,0,0,0,0,0,0,0,0,0,0,0,0.045257568359375,-0.004302978515625,0,0,0,0,0,0,0,0,Object notstarted,Object notstarted,Object notstarted,Object notstarted,Object notstarted,Object notstarted,Object notstarted,Object notstarted,Object notstarted
2024-03-18 10:35:11,186.186,__main___datalogs,INFO,JoyConState.PREP_SNS,-6.587500,10.362500,-126.440000,0.098413,-0.002289,0.011443,0.025176,0.000000,0.000000,0.000000,0.000000,0,0,0,0,0,0,0,0,0,0,0,0.045257568359375,-0.004302978515625,0,0,0,0,0,0,0,0,Object notstarted,Object notstarted,Object notstarted,Object notstarted,Object notstarted,Object notstarted,Object notstarted,Object notstarted,Object notstarted
2024-03-18 10:35:11,229.229,__main___datalogs,INFO,JoyConState.PREP_SNS,-6.587500,10.362500,-126.440000,0.098413,0.002289,0.004577,0.020598,0.000000,0.000000,0.000000,0.000000,0,0,0,0,0,0,0,0,0,0,0,0.045257568359375,-0.004302978515625,0,0,0,0,0,0,0,0,Object notstarted,Object notstarted,Object notstarted,Object notstarted,Object notstarted,Object notstarted,Object notstarted,Object notstarted,Object notstarted
2024-03-18 10:35:11,272.272,__main___datalogs,INFO,JoyConState.PREP_SNS,-6.587500,10.362500,-126.440000,0.096125,0.002289,0.004577,0.020598,0.000000,0.000000,0.000000,0.000000,0,0,0,0,0,0,0,0,0,0,0,0.045257568359375,-0.004302978515625,0,0,0,0,0,0,0,0,Object notstarted,Object notstarted,Object notstarted,Object notstarted,Object notstarted,Object notstarted,Object notstarted,Object notstarted,Object notstarted
2024-03-18 10:35:11,324.324,__main___datalogs,INFO,JoyConState.PREP_SNS,-6.587500,10.362500,-126.440000,0.098413,0.002289,0.013732,0.020598,0.000000,0.000000,0.000000,0.000000,0,0,0,0,0,0,0,0,0,0,0,0.045257568359375,-0.004302978515625,0,0,0,0,0,0,0,0,Object notstarted,Object notstarted,Object notstarted,Object notstarted,Object notstarted,Object notstarted,Object notstarted,Object notstarted,Object notstarted
2024-03-18 10:35:11,368.368,__main___datalogs,INFO,JoyConState.PREP_SNS,-6.587500,10.362500,-126.440000,0.098413,0.002289,0.011443,0.025176,0.000000,0.000000,0.000000,0.000000,0,0,0,0,0,0,0,0,0,0,0,0.045257568359375,-0.004302978515625,0,0,0,0,0,0,0,0,Object notstarted,Object notstarted,Object notstarted,Object notstarted,Object notstarted,Object notstarted,Object notstarted,Object notstarted,Object notstarted
2024-03-18 10:35:11,413.413,__main___datalogs,INFO,JoyConState.PREP_SNS,-6.587500,10.362500,-126.440000,0.098413,0.006866,0.011443,0.025176,0.000000,0.000000,0.000000,0.000000,0,0,0,0,0,0,0,0,0,0,0,0.045257568359375,-0.004302978515625,0,0,0,0,0,0,0,0,Object notstarted,Object notstarted,Object notstarted,Object notstarted,Object notstarted,Object notstarted,Object notstarted,Object notstarted,Object notstarted
2024-03-18 10:35:11,455.455,__main___datalogs,INFO,JoyConState.PREP_SNS,-6.587500,10.362500,-126.440000,0.098413,0.002289,0.011443,0.025176,0.000000,0.000000,0.000000,0.000000,0,0,0,0,0,0,0,0,0,0,0,0.045257568359375,-0.004302978515625,0,0,0,0,0,0,0,0,Object notstarted,Object notstarted,Object notstarted,Object notstarted,Object notstarted,Object notstarted,Object notstarted,Object notstarted,Object notstarted
2024-03-18 10:35:11,499.499,__main___datalogs,INFO,JoyConState.PREP_SNS,-6.587500,10.362500,-126.440000,0.098413,0.006866,0.011443,0.025176,0.000000,0.000000,0.000000,0.000000,0,0,0,0,0,0,0,0,0,0,0,0.045257568359375,-0.004302978515625,0,0,0,0,0,0,0,0,Object notstarted,Object notstarted,Object notstarted,Object notstarted,Object notstarted,Object notstarted,Object notstarted,Object notstarted,Object notstarted
2024-03-18 10:35:11,543.543,__main___datalogs,INFO,JoyConState.PREP_SNS,-6.587500,10.362500,-126.440000,0.098413,0.006866,0.011443,0.020598,0.000000,0.000000,0.000000,0.000000,0,0,0,0,0,0,0,0,0,0,0,0.045257568359375,-0.004302978515625,0,0,0,0,0,0,0,0,Object notstarted,Object notstarted,Object notstarted,Object notstarted,Object notstarted,Object notstarted,Object notstarted,Object notstarted,Object notstarted
2024-03-18 10:35:11,586.586,__main___datalogs,INFO,JoyConState.PREP_SNS,-6.587500,10.362500,-126.440000,0.098413,0.006866,0.011443,0.020598,0.000000,0.000000,0.000000,0.000000,0,0,0,0,0,0,0,0,0,0,0,0.045257568359375,-0.004302978515625,0,0,0,0,0,0,0,0,Object notstarted,Object notstarted,Object notstarted,Object notstarted,Object notstarted,Object notstarted,Object notstarted,Object notstarted,Object notstarted
2024-03-18 10:35:11,629.629,__main___datalogs,INFO,JoyConState.PREP_SNS,-6.587500,10.362500,-126.440000,0.098413,0.002289,0.011443,0.025176,0.000000,0.000000,0.000000,0.000000,0,0,0,0,0,0,0,0,0,0,0,0.045257568359375,-0.004302978515625,0,0,0,0,0,0,0,0,Object notstarted,Object notstarted,Object notstarted,Object notstarted,Object notstarted,Object notstarted,Object notstarted,Object notstarted,Object notstarted
2024-03-18 10:35:11,674.674,__main___datalogs,INFO,JoyConState.PREP_SNS,-6.587500,10.362500,-126.440000,0.096125,0.002289,0.011443,0.025176,0.000000,0.000000,0.000000,0.000000,0,0,0,0,0,0,0,0,0,0,0,0.045257568359375,-0.004302978515625,0,0,0,0,0,0,0,0,Object notstarted,Object notstarted,Object notstarted,Object notstarted,Object notstarted,Object notstarted,Object notstarted,Object notstarted,Object notstarted
2024-03-18 10:35:11,717.717,__main___datalogs,INFO,JoyConState.PREP_SNS,-6.587500,10.362500,-126.440000,0.098413,0.006866,0.011443,0.025176,0.000000,0.000000,0.000000,0.000000,0,0,0,0,0,0,0,0,0,0,0,0.045257568359375,-0.004302978515625,0,0,0,0,0,0,0,0,Object notstarted,Object notstarted,Object notstarted,Object notstarted,Object notstarted,Object notstarted,Object notstarted,Object notstarted,Object notstarted
2024-03-18 10:35:11,760.760,__main___datalogs,INFO,JoyConState.PREP_SNS,-6.587500,10.362500,-126.440000,0.098413,0.006866,0.011443,0.025176,0.000000,0.000000,0.000000,0.000000,0,0,0,0,0,0,0,0,0,0,0,0.045257568359375,-0.004302978515625,0,0,0,0,0,0,0,0,Object notstarted,Object notstarted,Object notstarted,Object notstarted,Object notstarted,Object notstarted,Object notstarted,Object notstarted,Object notstarted
2024-03-18 10:35:11,804.804,__main___datalogs,INFO,JoyConState.PREP_SNS,-6.587500,10.362500,-126.440000,0.098413,0.002289,0.011443,0.025176,0.000000,0.000000,0.000000,0.000000,0,0,0,0,0,0,0,0,0,0,0,0.045257568359375,-0.004302978515625,0,0,0,0,0,0,0,0,Object notstarted,Object notstarted,Object notstarted,Object notstarted,Object notstarted,Object notstarted,Object notstarted,Object notstarted,Object notstarted
2024-03-18 10:35:11,848.848,__main___datalogs,INFO,JoyConState.PREP_SNS,-6.587500,10.362500,-126.440000,0.098413,0.002289,0.004577,0.025176,0.000000,0.000000,0.000000,0.000000,0,0,0,0,0,0,0,0,0,0,0,0.045257568359375,-0.004302978515625,0,0,0,0,0,0,0,0,Object notstarted,Object notstarted,Object notstarted,Object notstarted,Object notstarted,Object notstarted,Object notstarted,Object notstarted,Object notstarted
2024-03-18 10:35:11,889.889,__main___datalogs,INFO,JoyConState.PREP_SNS,-6.587500,10.362500,-126.440000,0.098413,0.002289,0.004577,0.025176,0.000000,0.000000,0.000000,0.000000,0,0,0,0,0,0,0,0,0,0,0,0.045257568359375,-0.004302978515625,0,0,0,0,0,0,0,0,Object notstarted,Object notstarted,Object notstarted,Object notstarted,Object notstarted,Object notstarted,Object notstarted,Object notstarted,Object notstarted
2024-03-18 10:35:11,934.934,__main___datalogs,INFO,JoyConState.PREP_SNS,-6.587500,10.362500,-126.440000,0.098413,0.002289,0.004577,0.025176,0.000000,0.000000,0.000000,0.000000,0,0,0,0,0,0,0,0,0,0,0,0.045257568359375,-0.004302978515625,0,0,0,0,0,0,0,0,Object notstarted,Object notstarted,Object notstarted,Object notstarted,Object notstarted,Object notstarted,Object notstarted,Object notstarted,Object notstarted
2024-03-18 10:35:11,978.978,__main___datalogs,INFO,JoyConState.PREP_SNS,-6.587500,10.362500,-126.440000,0.098413,0.002289,0.004577,0.025176,0.000000,0.000000,0.000000,0.000000,0,0,0,0,0,0,0,0,0,0,0,0.045257568359375,-0.004302978515625,0,0,0,0,0,0,0,0,Object notstarted,Object notstarted,Object notstarted,Object notstarted,Object notstarted,Object notstarted,Object notstarted,Object notstarted,Object notstarted
2024-03-18 10:35:12,023.023,__main___datalogs,INFO,JoyConState.PREP_SNS,-6.587500,10.362500,-126.440000,0.098413,-0.002289,0.004577,0.020598,0.000000,0.000000,0.000000,0.000000,0,0,0,0,0,0,0,0,0,0,0,0.045257568359375,-0.004302978515625,0,0,0,0,0,0,0,0,Object notstarted,Object notstarted,Object notstarted,Object notstarted,Object notstarted,Object notstarted,Object notstarted,Object notstarted,Object notstarted
2024-03-18 10:35:12,065.065,__main___datalogs,INFO,JoyConState.PREP_SNS,-6.587500,10.362500,-126.440000,0.098413,-0.002289,0.004577,0.025176,0.000000,0.000000,0.000000,0.000000,0,0,0,0,0,0,0,0,0,0,0,0.045257568359375,-0.004302978515625,0,0,0,0,0,0,0,0,Object notstarted,Object notstarted,Object notstarted,Object notstarted,Object notstarted,Object notstarted,Object notstarted,Object notstarted,Object notstarted
2024-03-18 10:35:12,108.108,__main___datalogs,INFO,JoyConState.PREP_SNS,-6.587500,10.362500,-126.440000,0.096125,0.006866,0.011443,0.025176,0.000000,0.000000,0.000000,0.000000,0,0,0,0,0,0,0,0,0,0,0,0.045257568359375,-0.004302978515625,0,0,0,0,0,0,0,0,Object notstarted,Object notstarted,Object notstarted,Object notstarted,Object notstarted,Object notstarted,Object notstarted,Object notstarted,Object notstarted
2024-03-18 10:35:12,150.150,__main___datalogs,INFO,JoyConState.PREP_SNS,-6.587500,10.362500,-126.440000,0.096125,0.006866,0.011443,0.025176,0.000000,0.000000,0.000000,0.000000,0,0,0,0,0,0,0,0,0,0,0,0.045257568359375,-0.004302978515625,0,0,0,0,0,0,0,0,Object notstarted,Object notstarted,Object notstarted,Object notstarted,Object notstarted,Object notstarted,Object notstarted,Object notstarted,Object notstarted
2024-03-18 10:35:12,194.194,__main___datalogs,INFO,JoyConState.PREP_SNS,-6.587500,10.362500,-126.440000,0.096125,0.006866,0.011443,0.025176,0.000000,0.000000,0.000000,0.000000,0,0,0,0,0,0,0,0,0,0,0,0.045257568359375,-0.004302978515625,0,0,0,0,0,0,0,0,Object notstarted,Object notstarted,Object notstarted,Object notstarted,Object notstarted,Object notstarted,Object notstarted,Object notstarted,Object notstarted
2024-03-18 10:35:12,235.235,__main___datalogs,INFO,JoyConState.PREP_SNS,-6.587500,10.362500,-126.440000,0.096125,0.006866,0.011443,0.025176,0.000000,0.000000,0.000000,0.000000,0,0,0,0,0,0,0,0,0,0,0,0.045257568359375,-0.004302978515625,0,0,0,0,0,0,0,0,Object notstarted,Object notstarted,Object notstarted,Object notstarted,Object notstarted,Object notstarted,Object notstarted,Object notstarted,Object notstarted
2024-03-18 10:35:12,279.279,__main___datalogs,INFO,JoyConState.PREP_SNS,-6.587500,10.362500,-126.440000,0.091547,0.006866,0.011443,0.025176,0.000000,0.000000,0.000000,0.000000,0,0,0,0,0,0,0,0,0,0,0,0.045257568359375,-0.004302978515625,0,0,0,0,0,0,0,0,Object notstarted,Object notstarted,Object notstarted,Object notstarted,Object notstarted,Object notstarted,Object notstarted,Object notstarted,Object notstarted
2024-03-18 10:35:12,322.322,__main___datalogs,INFO,JoyConState.PREP_SNS,-6.587500,10.362500,-126.440000,0.098413,0.002289,0.013732,0.025176,0.000000,0.000000,0.000000,0.000000,0,0,0,0,0,0,0,0,0,0,0,0.045257568359375,-0.004302978515625,0,0,0,0,0,0,0,0,Object notstarted,Object notstarted,Object notstarted,Object notstarted,Object notstarted,Object notstarted,Object notstarted,Object notstarted,Object notstarted
2024-03-18 10:35:12,365.365,__main___datalogs,INFO,JoyConState.PREP_SNS,-6.587500,10.362500,-126.440000,0.098413,0.006866,0.011443,0.025176,0.000000,0.000000,0.000000,0.000000,0,0,0,0,0,0,0,0,0,0,0,0.045257568359375,-0.004302978515625,0,0,0,0,0,0,0,0,Object notstarted,Object notstarted,Object notstarted,Object notstarted,Object notstarted,Object notstarted,Object notstarted,Object notstarted,Object notstarted
2024-03-18 10:35:12,426.426,__main___datalogs,INFO,JoyConState.PREP_SNS,-6.587500,10.362500,-126.440000,0.096125,0.006866,0.011443,0.025176,0.000000,0.000000,0.000000,0.000000,0,0,0,0,0,0,0,0,0,0,0,0.045257568359375,-0.004302978515625,0,0,0,0,0,0,0,0,Object notstarted,Object notstarted,Object notstarted,Object notstarted,Object notstarted,Object notstarted,Object notstarted,Object notstarted,Object notstarted
2024-03-18 10:35:12,470.470,__main___datalogs,INFO,JoyConState.PREP_SNS,-6.587500,10.362500,-126.440000,0.096125,0.006866,0.011443,0.025176,0.000000,0.000000,0.000000,0.000000,0,0,0,0,0,0,0,0,0,0,0,0.045257568359375,-0.004302978515625,0,0,0,0,0,0,0,0,Object notstarted,Object notstarted,Object notstarted,Object notstarted,Object notstarted,Object notstarted,Object notstarted,Object notstarted,Object notstarted
2024-03-18 10:35:12,513.513,__main___datalogs,INFO,JoyConState.PREP_SNS,-6.587500,10.362500,-126.440000,0.096125,-0.002289,0.011443,0.025176,0.000000,0.000000,0.000000,0.000000,0,0,0,0,0,0,0,0,0,0,0,0.045257568359375,-0.004302978515625,0,0,0,0,0,0,0,0,Object notstarted,Object notstarted,Object notstarted,Object notstarted,Object notstarted,Object notstarted,Object notstarted,Object notstarted,Object notstarted
2024-03-18 10:35:12,557.557,__main___datalogs,INFO,JoyConState.PREP_SNS,-6.587500,10.362500,-126.440000,0.096125,0.002289,0.011443,0.020598,0.000000,0.000000,0.000000,0.000000,0,0,0,0,0,0,0,0,0,0,0,0.045257568359375,-0.004302978515625,0,0,0,0,0,0,0,0,Object notstarted,Object notstarted,Object notstarted,Object notstarted,Object notstarted,Object notstarted,Object notstarted,Object notstarted,Object notstarted
2024-03-18 10:35:12,598.598,__main___datalogs,INFO,JoyConState.PREP_SNS,-6.587500,10.362500,-126.440000,0.096125,0.006866,0.011443,0.020598,0.000000,0.000000,0.000000,0.000000,0,0,0,0,0,0,0,0,0,0,0,0.045257568359375,-0.004302978515625,0,0,0,0,0,0,0,0,Object notstarted,Object notstarted,Object notstarted,Object notstarted,Object notstarted,Object notstarted,Object notstarted,Object notstarted,Object notstarted
2024-03-18 10:35:12,642.642,__main___datalogs,INFO,JoyConState.PREP_SNS,-6.587500,10.362500,-126.440000,0.096125,0.006866,0.011443,0.025176,0.000000,0.000000,0.000000,0.000000,0,0,0,0,0,0,0,0,0,0,0,0.045257568359375,-0.004302978515625,0,0,0,0,0,0,0,0,Object notstarted,Object notstarted,Object notstarted,Object notstarted,Object notstarted,Object notstarted,Object notstarted,Object notstarted,Object notstarted
2024-03-18 10:35:12,687.687,__main___datalogs,INFO,JoyConState.PREP_SNS,-6.587500,10.362500,-126.440000,0.096125,0.006866,0.011443,0.025176,0.000000,0.000000,0.000000,0.000000,0,0,0,0,0,0,0,0,0,0,0,0.045257568359375,-0.004302978515625,0,0,0,0,0,0,0,0,Object notstarted,Object notstarted,Object notstarted,Object notstarted,Object notstarted,Object notstarted,Object notstarted,Object notstarted,Object notstarted
2024-03-18 10:35:12,733.733,__main___datalogs,INFO,JoyConState.PREP_SNS,-6.587500,10.362500,-126.440000,0.096125,0.006866,0.013732,0.025176,0.000000,0.000000,0.000000,0.000000,0,0,0,0,0,0,0,0,0,0,0,0.045257568359375,-0.004302978515625,0,0,0,0,0,0,0,0,Object notstarted,Object notstarted,Object notstarted,Object notstarted,Object notstarted,Object notstarted,Object notstarted,Object notstarted,Object notstarted
2024-03-18 10:35:12,776.776,__main___datalogs,INFO,JoyConState.PREP_SNS,-6.587500,10.362500,-126.440000,0.096125,0.006866,0.004577,0.025176,0.000000,0.000000,0.000000,0.000000,0,0,0,0,0,0,0,0,0,0,0,0.045257568359375,-0.004302978515625,0,0,0,0,0,0,0,0,Object notstarted,Object notstarted,Object notstarted,Object notstarted,Object notstarted,Object notstarted,Object notstarted,Object notstarted,Object notstarted
2024-03-18 10:35:12,823.823,__main___datalogs,INFO,JoyConState.PREP_SNS,-6.587500,10.362500,-126.440000,0.098413,0.006866,0.004577,0.025176,0.000000,0.000000,0.000000,0.000000,0,0,0,0,0,0,0,0,0,0,0,0.045257568359375,-0.004302978515625,0,0,0,0,0,0,0,0,Object notstarted,Object notstarted,Object notstarted,Object notstarted,Object notstarted,Object notstarted,Object notstarted,Object notstarted,Object notstarted
2024-03-18 10:35:12,865.865,__main___datalogs,INFO,JoyConState.PREP_SNS,-6.587500,10.362500,-126.440000,0.098413,0.006866,0.011443,0.025176,0.000000,0.000000,0.000000,0.000000,0,0,0,0,0,0,0,0,0,0,0,0.045257568359375,-0.004302978515625,0,0,0,0,0,0,0,0,Object notstarted,Object notstarted,Object notstarted,Object notstarted,Object notstarted,Object notstarted,Object notstarted,Object notstarted,Object notstarted
2024-03-18 10:35:12,908.908,__main___datalogs,INFO,JoyConState.PREP_SNS,-6.587500,10.362500,-126.440000,0.098413,0.002289,0.011443,0.020598,0.000000,0.000000,0.000000,0.000000,0,0,0,0,0,0,0,0,0,0,0,0.045257568359375,-0.004302978515625,0,0,0,0,0,0,0,0,Object notstarted,Object notstarted,Object notstarted,Object notstarted,Object notstarted,Object notstarted,Object notstarted,Object notstarted,Object notstarted
2024-03-18 10:35:12,951.951,__main___datalogs,INFO,JoyConState.PREP_SNS,-6.587500,10.362500,-126.440000,0.098413,0.006866,0.011443,0.025176,0.000000,0.000000,0.000000,0.000000,0,0,0,0,0,0,0,0,0,0,0,0.045257568359375,-0.004302978515625,0,0,0,0,0,0,0,0,Object notstarted,Object notstarted,Object notstarted,Object notstarted,Object notstarted,Object notstarted,Object notstarted,Object notstarted,Object notstarted
2024-03-18 10:35:12,997.997,__main___datalogs,INFO,JoyConState.PREP_SNS,-6.587500,10.362500,-126.440000,0.098413,0.006866,0.011443,0.025176,0.000000,0.000000,0.000000,0.000000,0,0,0,0,0,0,0,0,0,0,0,0.045257568359375,-0.004302978515625,0,0,0,0,0,0,0,0,Object notstarted,Object notstarted,Object notstarted,Object notstarted,Object notstarted,Object notstarted,Object notstarted,Object notstarted,Object notstarted
2024-03-18 10:35:13,040.040,__main___datalogs,INFO,JoyConState.PREP_SNS,-6.587500,10.362500,-126.440000,0.098413,0.002289,0.011443,0.025176,0.000000,0.000000,0.000000,0.000000,0,0,0,0,0,0,0,0,0,0,0,0.045257568359375,-0.004302978515625,0,0,0,0,0,0,0,0,Object notstarted,Object notstarted,Object notstarted,Object notstarted,Object notstarted,Object notstarted,Object notstarted,Object notstarted,Object notstarted
2024-03-18 10:35:13,086.086,__main___datalogs,INFO,JoyConState.PREP_SNS,-6.587500,10.362500,-126.440000,0.096125,0.002289,0.004577,0.025176,0.000000,0.000000,0.000000,0.000000,0,0,0,0,0,0,0,0,0,0,0,0.045257568359375,-0.004302978515625,0,0,0,0,0,0,0,0,Object notstarted,Object notstarted,Object notstarted,Object notstarted,Object notstarted,Object notstarted,Object notstarted,Object notstarted,Object notstarted
2024-03-18 10:35:13,129.129,__main___datalogs,INFO,JoyConState.PREP_SNS,-6.587500,10.362500,-126.440000,0.096125,0.002289,0.004577,0.025176,0.000000,0.000000,0.000000,0.000000,0,0,0,0,0,0,0,0,0,0,0,0.045257568359375,-0.004302978515625,0,0,0,0,0,0,0,0,Object notstarted,Object notstarted,Object notstarted,Object notstarted,Object notstarted,Object notstarted,Object notstarted,Object notstarted,Object notstarted
2024-03-18 10:35:13,181.181,__main___datalogs,INFO,JoyConState.PREP_SNS,-6.587500,10.362500,-126.440000,0.096125,0.006866,0.011443,0.025176,0.000000,0.000000,0.000000,0.000000,0,0,0,0,0,0,0,0,0,0,0,0.045257568359375,-0.004302978515625,0,0,0,0,0,0,0,0,Object notstarted,Object notstarted,Object notstarted,Object notstarted,Object notstarted,Object notstarted,Object notstarted,Object notstarted,Object notstarted
2024-03-18 10:35:13,230.230,__main___datalogs,INFO,JoyConState.PREP_SNS,-6.587500,10.362500,-126.440000,0.098413,0.002289,0.011443,0.020598,0.000000,0.000000,0.000000,0.000000,0,0,0,0,0,0,0,0,0,0,0,0.045257568359375,-0.004302978515625,0,0,0,0,0,0,0,0,Object notstarted,Object notstarted,Object notstarted,Object notstarted,Object notstarted,Object notstarted,Object notstarted,Object notstarted,Object notstarted
2024-03-18 10:35:13,279.279,__main___datalogs,INFO,JoyConState.PREP_SNS,-6.587500,10.362500,-126.440000,0.096125,0.002289,0.004577,0.025176,0.000000,0.000000,0.000000,0.000000,0,0,0,0,0,0,0,0,0,0,0,0.045257568359375,-0.004302978515625,0,0,0,0,0,0,0,0,Object notstarted,Object notstarted,Object notstarted,Object notstarted,Object notstarted,Object notstarted,Object notstarted,Object notstarted,Object notstarted
2024-03-18 10:35:13,321.321,__main___datalogs,INFO,JoyConState.PREP_SNS,-6.587500,10.362500,-126.440000,0.096125,0.002289,0.004577,0.020598,0.000000,0.000000,0.000000,0.000000,0,0,0,0,0,0,0,0,0,0,0,0.045257568359375,-0.004302978515625,0,0,0,0,0,0,0,0,Object notstarted,Object notstarted,Object notstarted,Object notstarted,Object notstarted,Object notstarted,Object notstarted,Object notstarted,Object notstarted
2024-03-18 10:35:13,367.367,__main___datalogs,INFO,JoyConState.PREP_SNS,-6.587500,10.362500,-126.440000,0.098413,-0.002289,0.011443,0.025176,0.000000,0.000000,0.000000,0.000000,0,0,0,0,0,0,0,0,0,0,0,0.045257568359375,-0.004302978515625,0,0,0,0,0,0,0,0,Object notstarted,Object notstarted,Object notstarted,Object notstarted,Object notstarted,Object notstarted,Object notstarted,Object notstarted,Object notstarted
2024-03-18 10:35:13,411.411,__main___datalogs,INFO,JoyConState.PREP_SNS,-6.587500,10.362500,-126.440000,0.098413,0.006866,0.011443,0.025176,0.000000,0.000000,0.000000,0.000000,0,0,0,0,0,0,0,0,0,0,0,0.045257568359375,-0.004302978515625,0,0,0,0,0,0,0,0,Object notstarted,Object notstarted,Object notstarted,Object notstarted,Object notstarted,Object notstarted,Object notstarted,Object notstarted,Object notstarted
2024-03-18 10:35:13,464.464,__main___datalogs,INFO,JoyConState.PREP_SNS,-6.587500,10.362500,-126.440000,0.096125,0.006866,0.011443,0.025176,0.000000,0.000000,0.000000,0.000000,0,0,0,0,0,0,0,0,0,0,0,0.045257568359375,-0.004302978515625,0,0,0,0,0,0,0,0,Object notstarted,Object notstarted,Object notstarted,Object notstarted,Object notstarted,Object notstarted,Object notstarted,Object notstarted,Object notstarted
2024-03-18 10:35:13,507.507,__main___datalogs,INFO,JoyConState.PREP_SNS,-6.587500,10.362500,-126.440000,0.096125,0.006866,0.011443,0.025176,0.000000,0.000000,0.000000,0.000000,0,0,0,0,0,0,0,0,0,0,0,0.045257568359375,-0.004302978515625,0,0,0,0,0,0,0,0,Object notstarted,Object notstarted,Object notstarted,Object notstarted,Object notstarted,Object notstarted,Object notstarted,Object notstarted,Object notstarted
2024-03-18 10:35:13,551.551,__main___datalogs,INFO,JoyConState.PREP_SNS,-6.587500,10.362500,-126.440000,0.098413,0.002289,0.004577,0.020598,0.000000,0.000000,0.000000,0.000000,0,0,0,0,0,0,0,0,0,0,0,0.045257568359375,-0.004302978515625,0,0,0,0,0,0,0,0,Object notstarted,Object notstarted,Object notstarted,Object notstarted,Object notstarted,Object notstarted,Object notstarted,Object notstarted,Object notstarted
2024-03-18 10:35:13,597.597,__main___datalogs,INFO,JoyConState.PREP_SNS,-6.587500,10.362500,-126.440000,0.102991,0.002289,0.004577,0.020598,0.000000,0.000000,0.000000,0.000000,0,0,0,0,0,0,0,0,0,0,0,0.045257568359375,-0.004302978515625,0,0,0,0,0,0,0,0,Object notstarted,Object notstarted,Object notstarted,Object notstarted,Object notstarted,Object notstarted,Object notstarted,Object notstarted,Object notstarted
2024-03-18 10:35:13,648.648,__main___datalogs,INFO,JoyConState.PREP_SNS,-6.587500,10.362500,-126.440000,0.098413,-0.002289,0.004577,0.020598,0.000000,0.000000,0.000000,0.000000,0,0,0,0,0,0,0,0,0,0,0,0.045257568359375,-0.004302978515625,0,0,0,0,0,0,0,0,Object notstarted,Object notstarted,Object notstarted,Object notstarted,Object notstarted,Object notstarted,Object notstarted,Object notstarted,Object notstarted
2024-03-18 10:35:13,692.692,__main___datalogs,INFO,JoyConState.PREP_SNS,-6.587500,10.362500,-126.440000,0.098413,0.002289,0.004577,0.025176,0.000000,0.000000,0.000000,0.000000,0,0,0,0,0,0,0,0,0,0,0,0.045257568359375,-0.004302978515625,0,0,0,0,0,0,0,0,Object notstarted,Object notstarted,Object notstarted,Object notstarted,Object notstarted,Object notstarted,Object notstarted,Object notstarted,Object notstarted
2024-03-18 10:35:13,738.738,__main___datalogs,INFO,JoyConState.PREP_SNS,-6.587500,10.362500,-126.440000,0.096125,0.006866,0.004577,0.025176,0.000000,0.000000,0.000000,0.000000,0,0,0,0,0,0,0,0,0,0,0,0.045257568359375,-0.004302978515625,0,0,0,0,0,0,0,0,Object notstarted,Object notstarted,Object notstarted,Object notstarted,Object notstarted,Object notstarted,Object notstarted,Object notstarted,Object notstarted
2024-03-18 10:35:13,782.782,__main___datalogs,INFO,JoyConState.PREP_SNS,-6.587500,10.362500,-126.440000,0.098413,0.006866,0.004577,0.025176,0.000000,0.000000,0.000000,0.000000,0,0,0,0,0,0,0,0,0,0,0,0.045257568359375,-0.004302978515625,0,0,0,0,0,0,0,0,Object notstarted,Object notstarted,Object notstarted,Object notstarted,Object notstarted,Object notstarted,Object notstarted,Object notstarted,Object notstarted
2024-03-18 10:35:13,825.825,__main___datalogs,INFO,JoyConState.PREP_SNS,-6.587500,10.362500,-126.440000,0.102991,0.002289,0.011443,0.020598,0.000000,0.000000,0.000000,0.000000,0,0,0,0,0,0,0,0,0,0,0,0.045257568359375,-0.004302978515625,0,0,0,0,0,0,0,0,Object notstarted,Object notstarted,Object notstarted,Object notstarted,Object notstarted,Object notstarted,Object notstarted,Object notstarted,Object notstarted
2024-03-18 10:35:13,866.866,__main___datalogs,INFO,JoyConState.PREP_SNS,-6.587500,10.362500,-126.440000,0.096125,0.002289,0.011443,0.025176,0.000000,0.000000,0.000000,0.000000,0,0,0,0,0,0,0,0,0,0,0,0.045257568359375,-0.004302978515625,0,0,0,0,0,0,0,0,Object notstarted,Object notstarted,Object notstarted,Object notstarted,Object notstarted,Object notstarted,Object notstarted,Object notstarted,Object notstarted
2024-03-18 10:35:13,908.908,__main___datalogs,INFO,JoyConState.PREP_SNS,-6.587500,10.362500,-126.440000,0.096125,0.002289,0.011443,0.025176,0.000000,0.000000,0.000000,0.000000,0,0,0,0,0,0,0,0,0,0,0,0.045257568359375,-0.004302978515625,0,0,0,0,0,0,0,0,Object notstarted,Object notstarted,Object notstarted,Object notstarted,Object notstarted,Object notstarted,Object notstarted,Object notstarted,Object notstarted
2024-03-18 10:35:13,950.950,__main___datalogs,INFO,JoyConState.PREP_SNS,-6.587500,10.362500,-126.440000,0.096125,0.002289,0.011443,0.025176,0.000000,0.000000,0.000000,0.000000,0,0,0,0,0,0,0,0,0,0,0,0.045257568359375,-0.004302978515625,0,0,0,0,0,0,0,0,Object notstarted,Object notstarted,Object notstarted,Object notstarted,Object notstarted,Object notstarted,Object notstarted,Object notstarted,Object notstarted
2024-03-18 10:35:13,994.994,__main___datalogs,INFO,JoyConState.PREP_SNS,-6.587500,10.362500,-126.440000,0.096125,0.006866,0.011443,0.020598,0.000000,0.000000,0.000000,0.000000,0,0,0,0,0,0,0,0,0,0,0,0.045257568359375,-0.004302978515625,0,0,0,0,0,0,0,0,Object notstarted,Object notstarted,Object notstarted,Object notstarted,Object notstarted,Object notstarted,Object notstarted,Object notstarted,Object notstarted
2024-03-18 10:35:14,035.035,__main___datalogs,INFO,JoyConState.PREP_SNS,-6.587500,10.362500,-126.440000,0.096125,0.002289,0.004577,0.020598,0.000000,0.000000,0.000000,0.000000,0,0,0,0,0,0,0,0,0,0,0,0.045257568359375,-0.004302978515625,0,0,0,0,0,0,0,0,Object notstarted,Object notstarted,Object notstarted,Object notstarted,Object notstarted,Object notstarted,Object notstarted,Object notstarted,Object notstarted
2024-03-18 10:35:14,078.078,__main___datalogs,INFO,JoyConState.PREP_SNS,-6.587500,10.362500,-126.440000,0.098413,0.002289,0.004577,0.020598,0.000000,0.000000,0.000000,0.000000,0,0,0,0,0,0,0,0,0,0,0,0.045257568359375,-0.004302978515625,0,0,0,0,0,0,0,0,Object notstarted,Object notstarted,Object notstarted,Object notstarted,Object notstarted,Object notstarted,Object notstarted,Object notstarted,Object notstarted
2024-03-18 10:35:14,120.120,__main___datalogs,INFO,JoyConState.PREP_SNS,-6.587500,10.362500,-126.440000,0.098413,0.006866,0.011443,0.025176,0.000000,0.000000,0.000000,0.000000,0,0,0,0,0,0,0,0,0,0,0,0.045257568359375,-0.004302978515625,0,0,0,0,0,0,0,0,Object notstarted,Object notstarted,Object notstarted,Object notstarted,Object notstarted,Object notstarted,Object notstarted,Object notstarted,Object notstarted
2024-03-18 10:35:14,170.170,__main___datalogs,INFO,JoyConState.PREP_SNS,-6.587500,10.362500,-126.440000,0.098413,0.006866,0.011443,0.025176,0.000000,0.000000,0.000000,0.000000,0,0,0,0,0,0,0,0,0,0,0,0.045257568359375,-0.004302978515625,0,0,0,0,0,0,0,0,Object notstarted,Object notstarted,Object notstarted,Object notstarted,Object notstarted,Object notstarted,Object notstarted,Object notstarted,Object notstarted
2024-03-18 10:35:14,210.210,__main___datalogs,INFO,JoyConState.PREP_SNS,-6.587500,10.362500,-126.440000,0.098413,0.009155,0.011443,0.025176,0.000000,0.000000,0.000000,0.000000,0,0,0,0,0,0,0,0,0,0,0,0.045257568359375,-0.004302978515625,0,0,0,0,0,0,0,0,Object notstarted,Object notstarted,Object notstarted,Object notstarted,Object notstarted,Object notstarted,Object notstarted,Object notstarted,Object notstarted
2024-03-18 10:35:14,259.259,__main___datalogs,INFO,JoyConState.PREP_SNS,-6.587500,10.362500,-126.440000,0.098413,0.006866,0.011443,0.025176,0.000000,0.000000,0.000000,0.000000,0,0,0,0,0,0,0,0,0,0,0,0.045257568359375,-0.004302978515625,0,0,0,0,0,0,0,0,Object notstarted,Object notstarted,Object notstarted,Object notstarted,Object notstarted,Object notstarted,Object notstarted,Object notstarted,Object notstarted
2024-03-18 10:35:14,305.305,__main___datalogs,INFO,JoyConState.PREP_SNS,-6.587500,10.362500,-126.440000,0.098413,0.002289,0.011443,0.020598,0.000000,0.000000,0.000000,0.000000,0,0,0,0,0,0,0,0,0,0,0,0.045257568359375,-0.004302978515625,0,0,0,0,0,0,0,0,Object notstarted,Object notstarted,Object notstarted,Object notstarted,Object notstarted,Object notstarted,Object notstarted,Object notstarted,Object notstarted
2024-03-18 10:35:14,351.351,__main___datalogs,INFO,JoyConState.PREP_SNS,-6.587500,10.362500,-126.440000,0.098413,0.006866,0.011443,0.025176,0.000000,0.000000,0.000000,0.000000,0,0,0,0,0,0,0,0,0,0,0,0.045257568359375,-0.004302978515625,0,0,0,0,0,0,0,0,Object notstarted,Object notstarted,Object notstarted,Object notstarted,Object notstarted,Object notstarted,Object notstarted,Object notstarted,Object notstarted
2024-03-18 10:35:14,394.394,__main___datalogs,INFO,JoyConState.PREP_SNS,-6.587500,10.362500,-126.440000,0.098413,0.002289,0.011443,0.025176,0.000000,0.000000,0.000000,0.000000,0,0,0,0,0,0,0,0,0,0,0,0.045257568359375,-0.004302978515625,0,0,0,0,0,0,0,0,Object notstarted,Object notstarted,Object notstarted,Object notstarted,Object notstarted,Object notstarted,Object notstarted,Object notstarted,Object notstarted
2024-03-18 10:35:14,439.439,__main___datalogs,INFO,JoyConState.PREP_SNS,-6.587500,10.362500,-126.440000,0.098413,0.002289,0.011443,0.025176,0.000000,0.000000,0.000000,0.000000,0,0,0,0,0,0,0,0,0,0,0,0.045257568359375,-0.004302978515625,0,0,0,0,0,0,0,0,Object notstarted,Object notstarted,Object notstarted,Object notstarted,Object notstarted,Object notstarted,Object notstarted,Object notstarted,Object notstarted
2024-03-18 10:35:14,483.483,__main___datalogs,INFO,JoyConState.PREP_SNS,-6.587500,10.362500,-126.440000,0.096125,0.002289,0.011443,0.025176,0.000000,0.000000,0.000000,0.000000,0,0,0,0,0,0,0,0,0,0,0,0.045257568359375,-0.004302978515625,0,0,0,0,0,0,0,0,Object notstarted,Object notstarted,Object notstarted,Object notstarted,Object notstarted,Object notstarted,Object notstarted,Object notstarted,Object notstarted
2024-03-18 10:35:14,536.536,__main___datalogs,INFO,JoyConState.PREP_SNS,-6.587500,10.362500,-126.440000,0.096125,0.002289,0.011443,0.025176,0.000000,0.000000,0.000000,0.000000,0,0,0,0,0,0,0,0,0,0,0,0.045257568359375,-0.004302978515625,0,0,0,0,0,0,0,0,Object notstarted,Object notstarted,Object notstarted,Object notstarted,Object notstarted,Object notstarted,Object notstarted,Object notstarted,Object notstarted
2024-03-18 10:35:14,578.578,__main___datalogs,INFO,JoyConState.PREP_SNS,-6.587500,10.362500,-126.440000,0.098413,0.002289,0.011443,0.025176,0.000000,0.000000,0.000000,0.000000,0,0,0,0,0,0,0,0,0,0,0,0.045257568359375,-0.004302978515625,0,0,0,0,0,0,0,0,Object notstarted,Object notstarted,Object notstarted,Object notstarted,Object notstarted,Object notstarted,Object notstarted,Object notstarted,Object notstarted
2024-03-18 10:35:14,622.622,__main___datalogs,INFO,JoyConState.PREP_SNS,-6.587500,10.362500,-126.440000,0.098413,0.002289,0.011443,0.025176,0.000000,0.000000,0.000000,0.000000,0,0,0,0,0,0,0,0,0,0,0,0.045257568359375,-0.004302978515625,0,0,0,0,0,0,0,0,Object notstarted,Object notstarted,Object notstarted,Object notstarted,Object notstarted,Object notstarted,Object notstarted,Object notstarted,Object notstarted
2024-03-18 10:35:14,665.665,__main___datalogs,INFO,JoyConState.PREP_SNS,-6.587500,10.362500,-126.440000,0.098413,0.002289,0.011443,0.025176,0.000000,0.000000,0.000000,0.000000,0,0,0,0,0,0,0,0,0,0,0,0.045257568359375,-0.004302978515625,0,0,0,0,0,0,0,0,Object notstarted,Object notstarted,Object notstarted,Object notstarted,Object notstarted,Object notstarted,Object notstarted,Object notstarted,Object notstarted
2024-03-18 10:35:14,711.711,__main___datalogs,INFO,JoyConState.PREP_SNS,-6.587500,10.362500,-126.440000,0.098413,0.002289,0.002289,0.020598,0.000000,0.000000,0.000000,0.000000,0,0,0,0,0,0,0,0,0,0,0,0.045257568359375,-0.004302978515625,0,0,0,0,0,0,0,0,Object notstarted,Object notstarted,Object notstarted,Object notstarted,Object notstarted,Object notstarted,Object notstarted,Object notstarted,Object notstarted
2024-03-18 10:35:14,753.753,__main___datalogs,INFO,JoyConState.PREP_SNS,-6.587500,10.362500,-126.440000,0.102991,0.006866,0.004577,0.025176,0.000000,0.000000,0.000000,0.000000,0,0,0,0,0,0,0,0,0,0,0,0.045257568359375,-0.004302978515625,0,0,0,0,0,0,0,0,Object notstarted,Object notstarted,Object notstarted,Object notstarted,Object notstarted,Object notstarted,Object notstarted,Object notstarted,Object notstarted
2024-03-18 10:35:14,797.797,__main___datalogs,INFO,JoyConState.PREP_SNS,-6.587500,10.362500,-126.440000,0.096125,0.006866,0.004577,0.025176,0.000000,0.000000,0.000000,0.000000,0,0,0,0,0,0,0,0,0,0,0,0.045257568359375,-0.004302978515625,0,0,0,0,0,0,0,0,Object notstarted,Object notstarted,Object notstarted,Object notstarted,Object notstarted,Object notstarted,Object notstarted,Object notstarted,Object notstarted
2024-03-18 10:35:14,842.842,__main___datalogs,INFO,JoyConState.PREP_SNS,-6.587500,10.362500,-126.440000,0.098413,0.002289,0.004577,0.025176,0.000000,0.000000,0.000000,0.000000,0,0,0,0,0,0,0,0,0,0,0,0.045257568359375,-0.004302978515625,0,0,0,0,0,0,0,0,Object notstarted,Object notstarted,Object notstarted,Object notstarted,Object notstarted,Object notstarted,Object notstarted,Object notstarted,Object notstarted
2024-03-18 10:35:14,885.885,__main___datalogs,INFO,JoyConState.PREP_SNS,-6.587500,10.362500,-126.440000,0.096125,0.006866,0.011443,0.025176,0.000000,0.000000,0.000000,0.000000,0,0,0,0,0,0,0,0,0,0,0,0.045257568359375,-0.004302978515625,0,0,0,0,0,0,0,0,Object notstarted,Object notstarted,Object notstarted,Object notstarted,Object notstarted,Object notstarted,Object notstarted,Object notstarted,Object notstarted
2024-03-18 10:35:14,927.927,__main___datalogs,INFO,JoyConState.PREP_SNS,-6.587500,10.362500,-126.440000,0.096125,0.002289,0.011443,0.025176,0.000000,0.000000,0.000000,0.000000,0,0,0,0,0,0,0,0,0,0,0,0.045257568359375,-0.004302978515625,0,0,0,0,0,0,0,0,Object notstarted,Object notstarted,Object notstarted,Object notstarted,Object notstarted,Object notstarted,Object notstarted,Object notstarted,Object notstarted
2024-03-18 10:35:14,976.976,__main___datalogs,INFO,JoyConState.PREP_SNS,-6.587500,10.362500,-126.440000,0.098413,0.006866,0.011443,0.025176,0.000000,0.000000,0.000000,0.000000,0,0,0,0,0,0,0,0,0,0,0,0.045257568359375,-0.004302978515625,0,0,0,0,0,0,0,0,Object notstarted,Object notstarted,Object notstarted,Object notstarted,Object notstarted,Object notstarted,Object notstarted,Object notstarted,Object notstarted
2024-03-18 10:35:15,022.022,__main___datalogs,INFO,JoyConState.PREP_SNS,-6.587500,10.362500,-126.440000,0.096125,0.006866,0.011443,0.025176,0.000000,0.000000,0.000000,0.000000,0,0,0,0,0,0,0,0,0,0,0,0.045257568359375,-0.004302978515625,0,0,0,0,0,0,0,0,Object notstarted,Object notstarted,Object notstarted,Object notstarted,Object notstarted,Object notstarted,Object notstarted,Object notstarted,Object notstarted
2024-03-18 10:35:15,071.071,__main___datalogs,INFO,JoyConState.PREP_SNS,-6.587500,10.362500,-126.440000,0.096125,0.002289,0.011443,0.025176,0.000000,0.000000,0.000000,0.000000,0,0,0,0,0,0,0,0,0,0,0,0.045257568359375,-0.004302978515625,0,0,0,0,0,0,0,0,Object notstarted,Object notstarted,Object notstarted,Object notstarted,Object notstarted,Object notstarted,Object notstarted,Object notstarted,Object notstarted
2024-03-18 10:35:15,113.113,__main___datalogs,INFO,JoyConState.PREP_SNS,-6.587500,10.362500,-126.440000,0.096125,0.002289,0.011443,0.025176,0.000000,0.000000,0.000000,0.000000,0,0,0,0,0,0,0,0,0,0,0,0.045257568359375,-0.004302978515625,0,0,0,0,0,0,0,0,Object notstarted,Object notstarted,Object notstarted,Object notstarted,Object notstarted,Object notstarted,Object notstarted,Object notstarted,Object notstarted
2024-03-18 10:35:15,158.158,__main___datalogs,INFO,JoyConState.PREP_SNS,-6.587500,10.362500,-126.440000,0.096125,0.006866,0.011443,0.025176,0.000000,0.000000,0.000000,0.000000,0,0,0,0,0,0,0,0,0,0,0,0.045257568359375,-0.004302978515625,0,0,0,0,0,0,0,0,Object notstarted,Object notstarted,Object notstarted,Object notstarted,Object notstarted,Object notstarted,Object notstarted,Object notstarted,Object notstarted
2024-03-18 10:35:15,201.201,__main___datalogs,INFO,JoyConState.PREP_SNS,-6.587500,10.362500,-126.440000,0.096125,0.006866,0.011443,0.025176,0.000000,0.000000,0.000000,0.000000,0,0,0,0,0,0,0,0,0,0,0,0.045257568359375,-0.004302978515625,0,0,0,0,0,0,0,0,Object notstarted,Object notstarted,Object notstarted,Object notstarted,Object notstarted,Object notstarted,Object notstarted,Object notstarted,Object notstarted
2024-03-18 10:35:15,244.244,__main___datalogs,INFO,JoyConState.PREP_SNS,-6.587500,10.362500,-126.440000,0.096125,0.002289,0.011443,0.025176,0.000000,0.000000,0.000000,0.000000,0,0,0,0,0,0,0,0,0,0,0,0.045257568359375,-0.004302978515625,0,0,0,0,0,0,0,0,Object notstarted,Object notstarted,Object notstarted,Object notstarted,Object notstarted,Object notstarted,Object notstarted,Object notstarted,Object notstarted
2024-03-18 10:35:15,289.289,__main___datalogs,INFO,JoyConState.PREP_SNS,-6.587500,10.362500,-126.440000,0.096125,0.002289,0.011443,0.025176,0.000000,0.000000,0.000000,0.000000,0,0,0,0,0,0,0,0,0,0,0,0.045257568359375,-0.004302978515625,0,0,0,0,0,0,0,0,Object notstarted,Object notstarted,Object notstarted,Object notstarted,Object notstarted,Object notstarted,Object notstarted,Object notstarted,Object notstarted
2024-03-18 10:35:15,338.338,__main___datalogs,INFO,JoyConState.PREP_SNS,-6.587500,10.362500,-126.440000,0.096125,0.002289,0.011443,0.025176,0.000000,0.000000,0.000000,0.000000,0,0,0,0,0,0,0,0,0,0,0,0.045257568359375,-0.004302978515625,0,0,0,0,0,0,0,0,Object notstarted,Object notstarted,Object notstarted,Object notstarted,Object notstarted,Object notstarted,Object notstarted,Object notstarted,Object notstarted
2024-03-18 10:35:15,380.380,__main___datalogs,INFO,JoyConState.PREP_SNS,-6.587500,10.362500,-126.440000,0.096125,0.006866,0.011443,0.025176,0.000000,0.000000,0.000000,0.000000,0,0,0,0,0,0,0,0,0,0,0,0.045257568359375,-0.004302978515625,0,0,0,0,0,0,0,0,Object notstarted,Object notstarted,Object notstarted,Object notstarted,Object notstarted,Object notstarted,Object notstarted,Object notstarted,Object notstarted
2024-03-18 10:35:15,426.426,__main___datalogs,INFO,JoyConState.PREP_SNS,-6.587500,10.362500,-126.440000,0.096125,0.006866,0.011443,0.020598,0.000000,0.000000,0.000000,0.000000,0,0,0,0,0,0,0,0,0,0,0,0.045257568359375,-0.004302978515625,0,0,0,0,0,0,0,0,Object notstarted,Object notstarted,Object notstarted,Object notstarted,Object notstarted,Object notstarted,Object notstarted,Object notstarted,Object notstarted
2024-03-18 10:35:15,469.469,__main___datalogs,INFO,JoyConState.PREP_SNS,-6.587500,10.362500,-126.440000,0.096125,0.002289,0.011443,0.020598,0.000000,0.000000,0.000000,0.000000,0,0,0,0,0,0,0,0,0,0,0,0.045257568359375,-0.004302978515625,0,0,0,0,0,0,0,0,Object notstarted,Object notstarted,Object notstarted,Object notstarted,Object notstarted,Object notstarted,Object notstarted,Object notstarted,Object notstarted
2024-03-18 10:35:15,513.513,__main___datalogs,INFO,JoyConState.PREP_SNS,-6.587500,10.362500,-126.440000,0.096125,0.002289,0.011443,0.025176,0.000000,0.000000,0.000000,0.000000,0,0,0,0,0,0,0,0,0,0,0,0.045257568359375,-0.004302978515625,0,0,0,0,0,0,0,0,Object notstarted,Object notstarted,Object notstarted,Object notstarted,Object notstarted,Object notstarted,Object notstarted,Object notstarted,Object notstarted
2024-03-18 10:35:15,554.554,__main___datalogs,INFO,JoyConState.PREP_SNS,-6.587500,10.362500,-126.440000,0.098413,0.006866,0.011443,0.025176,0.000000,0.000000,0.000000,0.000000,0,0,0,0,0,0,0,0,0,0,0,0.045257568359375,-0.004302978515625,0,0,0,0,0,0,0,0,Object notstarted,Object notstarted,Object notstarted,Object notstarted,Object notstarted,Object notstarted,Object notstarted,Object notstarted,Object notstarted
2024-03-18 10:35:15,612.612,__main___datalogs,INFO,JoyConState.PREP_SNS,-6.587500,10.362500,-126.440000,0.098413,0.006866,0.011443,0.025176,0.000000,0.000000,0.000000,0.000000,0,0,0,0,0,0,0,0,0,0,0,0.045257568359375,-0.004302978515625,0,0,0,0,0,0,0,0,Object notstarted,Object notstarted,Object notstarted,Object notstarted,Object notstarted,Object notstarted,Object notstarted,Object notstarted,Object notstarted
2024-03-18 10:35:15,673.673,__main___datalogs,INFO,JoyConState.PREP_SNS,-6.587500,10.362500,-126.440000,0.098413,0.002289,0.004577,0.025176,0.000000,0.000000,0.000000,0.000000,0,0,0,0,0,0,0,0,0,0,0,0.045257568359375,-0.004302978515625,0,0,0,0,0,0,0,0,Object notstarted,Object notstarted,Object notstarted,Object notstarted,Object notstarted,Object notstarted,Object notstarted,Object notstarted,Object notstarted
2024-03-18 10:35:15,718.718,__main___datalogs,INFO,JoyConState.PREP_SNS,-6.587500,10.362500,-126.440000,0.096125,0.002289,0.004577,0.025176,0.000000,0.000000,0.000000,0.000000,0,0,0,0,0,0,0,0,0,0,0,0.045257568359375,-0.004302978515625,0,0,0,0,0,0,0,0,Object notstarted,Object notstarted,Object notstarted,Object notstarted,Object notstarted,Object notstarted,Object notstarted,Object notstarted,Object notstarted
2024-03-18 10:35:15,763.763,__main___datalogs,INFO,JoyConState.PREP_SNS,-6.587500,10.362500,-126.440000,0.096125,0.002289,0.004577,0.020598,0.000000,0.000000,0.000000,0.000000,0,0,0,0,0,0,0,0,0,0,0,0.045257568359375,-0.004302978515625,0,0,0,0,0,0,0,0,Object notstarted,Object notstarted,Object notstarted,Object notstarted,Object notstarted,Object notstarted,Object notstarted,Object notstarted,Object notstarted
2024-03-18 10:35:15,812.812,__main___datalogs,INFO,JoyConState.PREP_SNS,-6.587500,10.362500,-126.440000,0.096125,0.002289,0.004577,0.025176,0.000000,0.000000,0.000000,0.000000,0,0,0,0,0,0,0,0,0,0,0,0.045257568359375,-0.004302978515625,0,0,0,0,0,0,0,0,Object notstarted,Object notstarted,Object notstarted,Object notstarted,Object notstarted,Object notstarted,Object notstarted,Object notstarted,Object notstarted
2024-03-18 10:35:15,858.858,__main___datalogs,INFO,JoyConState.PREP_SNS,-6.587500,10.362500,-126.440000,0.096125,0.006866,0.011443,0.020598,0.000000,0.000000,0.000000,0.000000,0,0,0,0,0,0,0,0,0,0,0,0.045257568359375,-0.004302978515625,0,0,0,0,0,0,0,0,Object notstarted,Object notstarted,Object notstarted,Object notstarted,Object notstarted,Object notstarted,Object notstarted,Object notstarted,Object notstarted
2024-03-18 10:35:15,904.904,__main___datalogs,INFO,JoyConState.PREP_SNS,-6.587500,10.362500,-126.440000,0.096125,0.006866,0.004577,0.025176,0.000000,0.000000,0.000000,0.000000,0,0,0,0,0,0,0,0,0,0,0,0.045257568359375,-0.004302978515625,0,0,0,0,0,0,0,0,Object notstarted,Object notstarted,Object notstarted,Object notstarted,Object notstarted,Object notstarted,Object notstarted,Object notstarted,Object notstarted
2024-03-18 10:35:15,945.945,__main___datalogs,INFO,JoyConState.PREP_SNS,-6.587500,10.362500,-126.440000,0.096125,0.006866,0.011443,0.025176,0.000000,0.000000,0.000000,0.000000,0,0,0,0,0,0,0,0,0,0,0,0.045257568359375,-0.004302978515625,0,0,0,0,0,0,0,0,Object notstarted,Object notstarted,Object notstarted,Object notstarted,Object notstarted,Object notstarted,Object notstarted,Object notstarted,Object notstarted
2024-03-18 10:35:15,989.989,__main___datalogs,INFO,JoyConState.PREP_SNS,-6.587500,10.362500,-126.440000,0.096125,0.006866,0.004577,0.025176,0.000000,0.000000,0.000000,0.000000,0,0,0,0,0,0,0,0,0,0,0,0.045257568359375,-0.004302978515625,0,0,0,0,0,0,0,0,Object notstarted,Object notstarted,Object notstarted,Object notstarted,Object notstarted,Object notstarted,Object notstarted,Object notstarted,Object notstarted
2024-03-18 10:35:16,030.030,__main___datalogs,INFO,JoyConState.PREP_SNS,-6.587500,10.362500,-126.440000,0.096125,0.006866,0.011443,0.020598,0.000000,0.000000,0.000000,0.000000,0,0,0,0,0,0,0,0,0,0,0,0.045257568359375,-0.004302978515625,0,0,0,0,0,0,0,0,Object notstarted,Object notstarted,Object notstarted,Object notstarted,Object notstarted,Object notstarted,Object notstarted,Object notstarted,Object notstarted
2024-03-18 10:35:16,074.074,__main___datalogs,INFO,JoyConState.PREP_SNS,-6.587500,10.362500,-126.440000,0.096125,0.006866,0.011443,0.025176,0.000000,0.000000,0.000000,0.000000,0,0,0,0,0,0,0,0,0,0,0,0.045257568359375,-0.004302978515625,0,0,0,0,0,0,0,0,Object notstarted,Object notstarted,Object notstarted,Object notstarted,Object notstarted,Object notstarted,Object notstarted,Object notstarted,Object notstarted
2024-03-18 10:35:16,116.116,__main___datalogs,INFO,JoyConState.PREP_SNS,-6.587500,10.362500,-126.440000,0.098413,0.006866,0.011443,0.025176,0.000000,0.000000,0.000000,0.000000,0,0,0,0,0,0,0,0,0,0,0,0.045257568359375,-0.004302978515625,0,0,0,0,0,0,0,0,Object notstarted,Object notstarted,Object notstarted,Object notstarted,Object notstarted,Object notstarted,Object notstarted,Object notstarted,Object notstarted
2024-03-18 10:35:16,159.159,__main___datalogs,INFO,JoyConState.PREP_SNS,-6.587500,10.362500,-126.440000,0.098413,0.006866,0.011443,0.025176,0.000000,0.000000,0.000000,0.000000,0,0,0,0,0,0,0,0,0,0,0,0.045257568359375,-0.004302978515625,0,0,0,0,0,0,0,0,Object notstarted,Object notstarted,Object notstarted,Object notstarted,Object notstarted,Object notstarted,Object notstarted,Object notstarted,Object notstarted
2024-03-18 10:35:16,202.202,__main___datalogs,INFO,JoyConState.PREP_SNS,-6.587500,10.362500,-126.440000,0.098413,0.006866,0.011443,0.025176,0.000000,0.000000,0.000000,0.000000,0,0,0,0,0,0,0,0,0,0,0,0.045257568359375,-0.004302978515625,0,0,0,0,0,0,0,0,Object notstarted,Object notstarted,Object notstarted,Object notstarted,Object notstarted,Object notstarted,Object notstarted,Object notstarted,Object notstarted
2024-03-18 10:35:16,248.248,__main___datalogs,INFO,JoyConState.PREP_SNS,-6.587500,10.362500,-126.440000,0.098413,0.006866,0.011443,0.020598,0.000000,0.000000,0.000000,0.000000,0,0,0,0,0,0,0,0,0,0,0,0.045257568359375,-0.004302978515625,0,0,0,0,0,0,0,0,Object notstarted,Object notstarted,Object notstarted,Object notstarted,Object notstarted,Object notstarted,Object notstarted,Object notstarted,Object notstarted
2024-03-18 10:35:16,289.289,__main___datalogs,INFO,JoyConState.PREP_SNS,-6.587500,10.362500,-126.440000,0.098413,0.006866,0.011443,0.025176,0.000000,0.000000,0.000000,0.000000,0,0,0,0,0,0,0,0,0,0,0,0.045257568359375,-0.004302978515625,0,0,0,0,0,0,0,0,Object notstarted,Object notstarted,Object notstarted,Object notstarted,Object notstarted,Object notstarted,Object notstarted,Object notstarted,Object notstarted
2024-03-18 10:35:16,332.332,__main___datalogs,INFO,JoyConState.PREP_SNS,-6.587500,10.362500,-126.440000,0.098413,0.006866,0.011443,0.025176,0.000000,0.000000,0.000000,0.000000,0,0,0,0,0,0,0,0,0,0,0,0.045257568359375,-0.004302978515625,0,0,0,0,0,0,0,0,Object notstarted,Object notstarted,Object notstarted,Object notstarted,Object notstarted,Object notstarted,Object notstarted,Object notstarted,Object notstarted
2024-03-18 10:35:16,374.374,__main___datalogs,INFO,JoyConState.PREP_SNS,-6.587500,10.362500,-126.440000,0.098413,0.002289,0.004577,0.020598,0.000000,0.000000,0.000000,0.000000,0,0,0,0,0,0,0,0,0,0,0,0.045257568359375,-0.004302978515625,0,0,0,0,0,0,0,0,Object notstarted,Object notstarted,Object notstarted,Object notstarted,Object notstarted,Object notstarted,Object notstarted,Object notstarted,Object notstarted
2024-03-18 10:35:16,421.421,__main___datalogs,INFO,JoyConState.PREP_SNS,-6.587500,10.362500,-126.440000,0.096125,0.002289,0.013732,0.025176,0.000000,0.000000,0.000000,0.000000,0,0,0,0,0,0,0,0,0,0,0,0.045257568359375,-0.004302978515625,0,0,0,0,0,0,0,0,Object notstarted,Object notstarted,Object notstarted,Object notstarted,Object notstarted,Object notstarted,Object notstarted,Object notstarted,Object notstarted
2024-03-18 10:35:16,465.465,__main___datalogs,INFO,JoyConState.PREP_SNS,-6.587500,10.362500,-126.440000,0.096125,0.002289,0.011443,0.020598,0.000000,0.000000,0.000000,0.000000,0,0,0,0,0,0,0,0,0,0,0,0.045257568359375,-0.004302978515625,0,0,0,0,0,0,0,0,Object notstarted,Object notstarted,Object notstarted,Object notstarted,Object notstarted,Object notstarted,Object notstarted,Object notstarted,Object notstarted
2024-03-18 10:35:16,513.513,__main___datalogs,INFO,JoyConState.PREP_SNS,-6.587500,10.362500,-126.440000,0.096125,0.006866,0.011443,0.025176,0.000000,0.000000,0.000000,0.000000,0,0,0,0,0,0,0,0,0,0,0,0.045257568359375,-0.004302978515625,0,0,0,0,0,0,0,0,Object notstarted,Object notstarted,Object notstarted,Object notstarted,Object notstarted,Object notstarted,Object notstarted,Object notstarted,Object notstarted
2024-03-18 10:35:16,560.560,__main___datalogs,INFO,JoyConState.PREP_SNS,-6.587500,10.362500,-126.440000,0.098413,0.006866,0.004577,0.020598,0.000000,0.000000,0.000000,0.000000,0,0,0,0,0,0,0,0,0,0,0,0.045257568359375,-0.004302978515625,0,0,0,0,0,0,0,0,Object notstarted,Object notstarted,Object notstarted,Object notstarted,Object notstarted,Object notstarted,Object notstarted,Object notstarted,Object notstarted
2024-03-18 10:35:16,603.603,__main___datalogs,INFO,JoyConState.PREP_SNS,-6.587500,10.362500,-126.440000,0.096125,0.006866,0.004577,0.025176,0.000000,0.000000,0.000000,0.000000,0,0,0,0,0,0,0,0,0,0,0,0.045257568359375,-0.004302978515625,0,0,0,0,0,0,0,0,Object notstarted,Object notstarted,Object notstarted,Object notstarted,Object notstarted,Object notstarted,Object notstarted,Object notstarted,Object notstarted
2024-03-18 10:35:16,645.645,__main___datalogs,INFO,JoyConState.PREP_SNS,-6.587500,10.362500,-126.440000,0.098413,0.006866,0.011443,0.020598,0.000000,0.000000,0.000000,0.000000,0,0,0,0,0,0,0,0,0,0,0,0.045257568359375,-0.004302978515625,0,0,0,0,0,0,0,0,Object notstarted,Object notstarted,Object notstarted,Object notstarted,Object notstarted,Object notstarted,Object notstarted,Object notstarted,Object notstarted
2024-03-18 10:35:16,691.691,__main___datalogs,INFO,JoyConState.PREP_SNS,-6.587500,10.362500,-126.440000,0.102991,0.006866,0.011443,0.025176,0.000000,0.000000,0.000000,0.000000,0,0,0,0,0,0,0,0,0,0,0,0.045257568359375,-0.004302978515625,0,0,0,0,0,0,0,0,Object notstarted,Object notstarted,Object notstarted,Object notstarted,Object notstarted,Object notstarted,Object notstarted,Object notstarted,Object notstarted
2024-03-18 10:35:16,733.733,__main___datalogs,INFO,JoyConState.PREP_SNS,-6.587500,10.362500,-126.440000,0.098413,0.002289,0.011443,0.025176,0.000000,0.000000,0.000000,0.000000,0,0,0,0,0,0,0,0,0,0,0,0.045257568359375,-0.004302978515625,0,0,0,0,0,0,0,0,Object notstarted,Object notstarted,Object notstarted,Object notstarted,Object notstarted,Object notstarted,Object notstarted,Object notstarted,Object notstarted
2024-03-18 10:35:16,775.775,__main___datalogs,INFO,JoyConState.PREP_SNS,-6.587500,10.362500,-126.440000,0.098413,0.002289,0.011443,0.020598,0.000000,0.000000,0.000000,0.000000,0,0,0,0,0,0,0,0,0,0,0,0.045257568359375,-0.004302978515625,0,0,0,0,0,0,0,0,Object notstarted,Object notstarted,Object notstarted,Object notstarted,Object notstarted,Object notstarted,Object notstarted,Object notstarted,Object notstarted
2024-03-18 10:35:16,819.819,__main___datalogs,INFO,JoyConState.PREP_SNS,-6.587500,10.362500,-126.440000,0.102991,0.006866,0.004577,0.025176,0.000000,0.000000,0.000000,0.000000,0,0,0,0,0,0,0,0,0,0,0,0.045257568359375,-0.004302978515625,0,0,0,0,0,0,0,0,Object notstarted,Object notstarted,Object notstarted,Object notstarted,Object notstarted,Object notstarted,Object notstarted,Object notstarted,Object notstarted
2024-03-18 10:35:16,865.865,__main___datalogs,INFO,JoyConState.PREP_SNS,-6.587500,10.362500,-126.440000,0.098413,0.006866,0.011443,0.025176,0.000000,0.000000,0.000000,0.000000,0,0,0,0,0,0,0,0,0,0,0,0.045257568359375,-0.004302978515625,0,0,0,0,0,0,0,0,Object notstarted,Object notstarted,Object notstarted,Object notstarted,Object notstarted,Object notstarted,Object notstarted,Object notstarted,Object notstarted
2024-03-18 10:35:16,907.907,__main___datalogs,INFO,JoyConState.PREP_SNS,-6.587500,10.362500,-126.440000,0.098413,0.006866,0.011443,0.025176,0.000000,0.000000,0.000000,0.000000,0,0,0,0,0,0,0,0,0,0,0,0.045257568359375,-0.004302978515625,0,0,0,0,0,0,0,0,Object notstarted,Object notstarted,Object notstarted,Object notstarted,Object notstarted,Object notstarted,Object notstarted,Object notstarted,Object notstarted
2024-03-18 10:35:16,952.952,__main___datalogs,INFO,JoyConState.PREP_SNS,-6.587500,10.362500,-126.440000,0.096125,0.002289,0.011443,0.025176,0.000000,0.000000,0.000000,0.000000,0,0,0,0,0,0,0,0,0,0,0,0.045257568359375,-0.004302978515625,0,0,0,0,0,0,0,0,Object notstarted,Object notstarted,Object notstarted,Object notstarted,Object notstarted,Object notstarted,Object notstarted,Object notstarted,Object notstarted
2024-03-18 10:35:16,995.995,__main___datalogs,INFO,JoyConState.PREP_SNS,-6.587500,10.362500,-126.440000,0.098413,0.002289,0.011443,0.020598,0.000000,0.000000,0.000000,0.000000,0,0,0,0,0,0,0,0,0,0,0,0.045257568359375,-0.004302978515625,0,0,0,0,0,0,0,0,Object notstarted,Object notstarted,Object notstarted,Object notstarted,Object notstarted,Object notstarted,Object notstarted,Object notstarted,Object notstarted
2024-03-18 10:35:17,040.040,__main___datalogs,INFO,JoyConState.PREP_SNS,-6.587500,10.362500,-126.440000,0.098413,-0.002289,0.011443,0.016021,0.000000,0.000000,0.000000,0.000000,0,0,0,0,0,0,0,0,0,0,0,0.045257568359375,-0.004302978515625,0,0,0,0,0,0,0,0,Object notstarted,Object notstarted,Object notstarted,Object notstarted,Object notstarted,Object notstarted,Object notstarted,Object notstarted,Object notstarted
2024-03-18 10:35:17,081.081,__main___datalogs,INFO,JoyConState.PREP_SNS,-6.587500,10.362500,-126.440000,0.096125,0.002289,0.011443,0.016021,0.000000,0.000000,0.000000,0.000000,0,0,0,0,0,0,0,0,0,0,0,0.045257568359375,-0.004302978515625,0,0,0,0,0,0,0,0,Object notstarted,Object notstarted,Object notstarted,Object notstarted,Object notstarted,Object notstarted,Object notstarted,Object notstarted,Object notstarted
2024-03-18 10:35:17,124.124,__main___datalogs,INFO,JoyConState.PREP_SNS,-6.587500,10.362500,-126.440000,0.098413,0.002289,0.013732,0.020598,0.000000,0.000000,0.000000,0.000000,0,0,0,0,0,0,0,0,0,0,0,0.045257568359375,-0.004302978515625,0,0,0,0,0,0,0,0,Object notstarted,Object notstarted,Object notstarted,Object notstarted,Object notstarted,Object notstarted,Object notstarted,Object notstarted,Object notstarted
2024-03-18 10:35:17,164.164,__main___datalogs,INFO,JoyConState.PREP_SNS,-6.587500,10.362500,-126.440000,0.096125,0.006866,0.011443,0.025176,0.000000,0.000000,0.000000,0.000000,0,0,0,0,0,0,0,0,0,0,0,0.045257568359375,-0.004302978515625,0,0,0,0,0,0,0,0,Object notstarted,Object notstarted,Object notstarted,Object notstarted,Object notstarted,Object notstarted,Object notstarted,Object notstarted,Object notstarted
2024-03-18 10:35:17,207.207,__main___datalogs,INFO,JoyConState.PREP_SNS,-6.587500,10.362500,-126.440000,0.096125,0.006866,0.011443,0.025176,0.000000,0.000000,0.000000,0.000000,0,0,0,0,0,0,0,0,0,0,0,0.045257568359375,-0.004302978515625,0,0,0,0,0,0,0,0,Object notstarted,Object notstarted,Object notstarted,Object notstarted,Object notstarted,Object notstarted,Object notstarted,Object notstarted,Object notstarted
2024-03-18 10:35:17,253.253,__main___datalogs,INFO,JoyConState.PREP_SNS,-6.587500,10.362500,-126.440000,0.102991,0.006866,0.011443,0.025176,0.000000,0.000000,0.000000,0.000000,0,0,0,0,0,0,0,0,0,0,0,0.045257568359375,-0.004302978515625,0,0,0,0,0,0,0,0,Object notstarted,Object notstarted,Object notstarted,Object notstarted,Object notstarted,Object notstarted,Object notstarted,Object notstarted,Object notstarted
2024-03-18 10:35:17,302.302,__main___datalogs,INFO,JoyConState.PREP_SNS,-6.587500,10.362500,-126.440000,0.098413,0.002289,0.011443,0.020598,0.000000,0.000000,0.000000,0.000000,0,0,0,0,0,0,0,0,0,0,0,0.045257568359375,-0.004302978515625,0,0,0,0,0,0,0,0,Object notstarted,Object notstarted,Object notstarted,Object notstarted,Object notstarted,Object notstarted,Object notstarted,Object notstarted,Object notstarted
2024-03-18 10:35:17,347.347,__main___datalogs,INFO,JoyConState.PREP_SNS,-6.587500,10.362500,-126.440000,0.096125,0.006866,0.011443,0.020598,0.000000,0.000000,0.000000,0.000000,0,0,0,0,0,0,0,0,0,0,0,0.045257568359375,-0.004302978515625,0,0,0,0,0,0,0,0,Object notstarted,Object notstarted,Object notstarted,Object notstarted,Object notstarted,Object notstarted,Object notstarted,Object notstarted,Object notstarted
2024-03-18 10:35:17,396.396,__main___datalogs,INFO,JoyConState.PREP_SNS,-6.587500,10.362500,-126.440000,0.098413,0.006866,0.004577,0.025176,0.000000,0.000000,0.000000,0.000000,0,0,0,0,0,0,0,0,0,0,0,0.045257568359375,-0.004302978515625,0,0,0,0,0,0,0,0,Object notstarted,Object notstarted,Object notstarted,Object notstarted,Object notstarted,Object notstarted,Object notstarted,Object notstarted,Object notstarted
2024-03-18 10:35:17,439.439,__main___datalogs,INFO,JoyConState.PREP_SNS,-6.587500,10.362500,-126.440000,0.098413,0.002289,0.004577,0.020598,0.000000,0.000000,0.000000,0.000000,0,0,0,0,0,0,0,0,0,0,0,0.045257568359375,-0.004302978515625,0,0,0,0,0,0,0,0,Object notstarted,Object notstarted,Object notstarted,Object notstarted,Object notstarted,Object notstarted,Object notstarted,Object notstarted,Object notstarted
2024-03-18 10:35:17,482.482,__main___datalogs,INFO,JoyConState.PREP_SNS,-6.587500,10.362500,-126.440000,0.098413,0.002289,0.011443,0.025176,0.000000,0.000000,0.000000,0.000000,0,0,0,0,0,0,0,0,0,0,0,0.045257568359375,-0.004302978515625,0,0,0,0,0,0,0,0,Object notstarted,Object notstarted,Object notstarted,Object notstarted,Object notstarted,Object notstarted,Object notstarted,Object notstarted,Object notstarted
2024-03-18 10:35:17,525.525,__main___datalogs,INFO,JoyConState.PREP_SNS,-6.587500,10.362500,-126.440000,0.098413,-0.002289,0.011443,0.025176,0.000000,0.000000,0.000000,0.000000,0,0,0,0,0,0,0,0,0,0,0,0.045257568359375,-0.004302978515625,0,0,0,0,0,0,0,0,Object notstarted,Object notstarted,Object notstarted,Object notstarted,Object notstarted,Object notstarted,Object notstarted,Object notstarted,Object notstarted
2024-03-18 10:35:17,570.570,__main___datalogs,INFO,JoyConState.PREP_SNS,-6.587500,10.362500,-126.440000,0.098413,0.006866,0.011443,0.020598,0.000000,0.000000,0.000000,0.000000,0,0,0,0,0,0,0,0,0,0,0,0.045257568359375,-0.004302978515625,0,0,0,0,0,0,0,0,Object notstarted,Object notstarted,Object notstarted,Object notstarted,Object notstarted,Object notstarted,Object notstarted,Object notstarted,Object notstarted
2024-03-18 10:35:17,611.611,__main___datalogs,INFO,JoyConState.PREP_SNS,-6.587500,10.362500,-126.440000,0.091547,0.006866,0.004577,0.025176,0.000000,0.000000,0.000000,0.000000,0,0,0,0,0,0,0,0,0,0,0,0.045257568359375,-0.004302978515625,0,0,0,0,0,0,0,0,Object notstarted,Object notstarted,Object notstarted,Object notstarted,Object notstarted,Object notstarted,Object notstarted,Object notstarted,Object notstarted
2024-03-18 10:35:17,654.654,__main___datalogs,INFO,JoyConState.PREP_SNS,-6.587500,10.362500,-126.440000,0.091547,0.006866,0.011443,0.025176,0.000000,0.000000,0.000000,0.000000,0,0,0,0,0,0,0,0,0,0,0,0.045257568359375,-0.004302978515625,0,0,0,0,0,0,0,0,Object notstarted,Object notstarted,Object notstarted,Object notstarted,Object notstarted,Object notstarted,Object notstarted,Object notstarted,Object notstarted
2024-03-18 10:35:17,696.696,__main___datalogs,INFO,JoyConState.PREP_SNS,-6.587500,10.362500,-126.440000,0.091547,0.006866,0.004577,0.020598,0.000000,0.000000,0.000000,0.000000,0,0,0,0,0,0,0,0,0,0,0,0.045257568359375,-0.004302978515625,0,0,0,0,0,0,0,0,Object notstarted,Object notstarted,Object notstarted,Object notstarted,Object notstarted,Object notstarted,Object notstarted,Object notstarted,Object notstarted
2024-03-18 10:35:17,758.758,__main___datalogs,INFO,JoyConState.PREP_SNS,-6.587500,10.362500,-126.440000,0.096125,0.006866,0.004577,0.025176,0.000000,0.000000,0.000000,0.000000,0,0,0,0,0,0,0,0,0,0,0,0.045257568359375,-0.004302978515625,0,0,0,0,0,0,0,0,Object notstarted,Object notstarted,Object notstarted,Object notstarted,Object notstarted,Object notstarted,Object notstarted,Object notstarted,Object notstarted
2024-03-18 10:35:17,802.802,__main___datalogs,INFO,JoyConState.PREP_SNS,-6.587500,10.362500,-126.440000,0.096125,0.006866,0.011443,0.025176,0.000000,0.000000,0.000000,0.000000,0,0,0,0,0,0,0,0,0,0,0,0.045257568359375,-0.004302978515625,0,0,0,0,0,0,0,0,Object notstarted,Object notstarted,Object notstarted,Object notstarted,Object notstarted,Object notstarted,Object notstarted,Object notstarted,Object notstarted
2024-03-18 10:35:17,848.848,__main___datalogs,INFO,JoyConState.PREP_SNS,-6.587500,10.362500,-126.440000,0.096125,0.006866,0.011443,0.025176,0.000000,0.000000,0.000000,0.000000,0,0,0,0,0,0,0,0,0,0,0,0.045257568359375,-0.004302978515625,0,0,0,0,0,0,0,0,Object notstarted,Object notstarted,Object notstarted,Object notstarted,Object notstarted,Object notstarted,Object notstarted,Object notstarted,Object notstarted
2024-03-18 10:35:17,890.890,__main___datalogs,INFO,JoyConState.PREP_SNS,-6.587500,10.362500,-126.440000,0.096125,-0.002289,0.013732,0.025176,0.000000,0.000000,0.000000,0.000000,0,0,0,0,0,0,0,0,0,0,0,0.045257568359375,-0.004302978515625,0,0,0,0,0,0,0,0,Object notstarted,Object notstarted,Object notstarted,Object notstarted,Object notstarted,Object notstarted,Object notstarted,Object notstarted,Object notstarted
2024-03-18 10:35:17,934.934,__main___datalogs,INFO,JoyConState.PREP_SNS,-6.587500,10.362500,-126.440000,0.096125,0.002289,0.011443,0.025176,0.000000,0.000000,0.000000,0.000000,0,0,0,0,0,0,0,0,0,0,0,0.045257568359375,-0.004302978515625,0,0,0,0,0,0,0,0,Object notstarted,Object notstarted,Object notstarted,Object notstarted,Object notstarted,Object notstarted,Object notstarted,Object notstarted,Object notstarted
2024-03-18 10:35:17,975.975,__main___datalogs,INFO,JoyConState.PREP_SNS,-6.587500,10.362500,-126.440000,0.091547,-0.002289,0.011443,0.025176,0.000000,0.000000,0.000000,0.000000,0,0,0,0,0,0,0,0,0,0,0,0.045257568359375,-0.004302978515625,0,0,0,0,0,0,0,0,Object notstarted,Object notstarted,Object notstarted,Object notstarted,Object notstarted,Object notstarted,Object notstarted,Object notstarted,Object notstarted
2024-03-18 10:35:18,018.018,__main___datalogs,INFO,JoyConState.PREP_SNS,-6.587500,10.362500,-126.440000,0.096125,0.002289,0.011443,0.025176,0.000000,0.000000,0.000000,0.000000,0,0,0,0,0,0,0,0,0,0,0,0.045257568359375,-0.004302978515625,0,0,0,0,0,0,0,0,Object notstarted,Object notstarted,Object notstarted,Object notstarted,Object notstarted,Object notstarted,Object notstarted,Object notstarted,Object notstarted
2024-03-18 10:35:18,061.061,__main___datalogs,INFO,JoyConState.PREP_SNS,-6.587500,10.362500,-126.440000,0.096125,0.006866,0.011443,0.025176,0.000000,0.000000,0.000000,0.000000,0,0,0,0,0,0,0,0,0,0,0,0.045257568359375,-0.004302978515625,0,0,0,0,0,0,0,0,Object notstarted,Object notstarted,Object notstarted,Object notstarted,Object notstarted,Object notstarted,Object notstarted,Object notstarted,Object notstarted
2024-03-18 10:35:18,105.105,__main___datalogs,INFO,JoyConState.PREP_SNS,-6.587500,10.362500,-126.440000,0.091547,0.006866,0.011443,0.020598,0.000000,0.000000,0.000000,0.000000,0,0,0,0,0,0,0,0,0,0,0,0.045257568359375,-0.004302978515625,0,0,0,0,0,0,0,0,Object notstarted,Object notstarted,Object notstarted,Object notstarted,Object notstarted,Object notstarted,Object notstarted,Object notstarted,Object notstarted
2024-03-18 10:35:18,147.147,__main___datalogs,INFO,JoyConState.PREP_SNS,-6.587500,10.362500,-126.440000,0.096125,0.006866,0.011443,0.025176,0.000000,0.000000,0.000000,0.000000,0,0,0,0,0,0,0,0,0,0,0,0.045257568359375,-0.004302978515625,0,0,0,0,0,0,0,0,Object notstarted,Object notstarted,Object notstarted,Object notstarted,Object notstarted,Object notstarted,Object notstarted,Object notstarted,Object notstarted
2024-03-18 10:35:18,191.191,__main___datalogs,INFO,JoyConState.PREP_SNS,-6.587500,10.362500,-126.440000,0.096125,0.006866,0.011443,0.025176,0.000000,0.000000,0.000000,0.000000,0,0,0,0,0,0,0,0,0,0,0,0.045257568359375,-0.004302978515625,0,0,0,0,0,0,0,0,Object notstarted,Object notstarted,Object notstarted,Object notstarted,Object notstarted,Object notstarted,Object notstarted,Object notstarted,Object notstarted
2024-03-18 10:35:18,234.234,__main___datalogs,INFO,JoyConState.PREP_SNS,-6.587500,10.362500,-126.440000,0.096125,0.006866,0.011443,0.025176,0.000000,0.000000,0.000000,0.000000,0,0,0,0,0,0,0,0,0,0,0,0.045257568359375,-0.004302978515625,0,0,0,0,0,0,0,0,Object notstarted,Object notstarted,Object notstarted,Object notstarted,Object notstarted,Object notstarted,Object notstarted,Object notstarted,Object notstarted
2024-03-18 10:35:18,279.279,__main___datalogs,INFO,JoyConState.PREP_SNS,-6.587500,10.362500,-126.440000,0.096125,0.006866,0.011443,0.025176,0.000000,0.000000,0.000000,0.000000,0,0,0,0,0,0,0,0,0,0,0,0.045257568359375,-0.004302978515625,0,0,0,0,0,0,0,0,Object notstarted,Object notstarted,Object notstarted,Object notstarted,Object notstarted,Object notstarted,Object notstarted,Object notstarted,Object notstarted
2024-03-18 10:35:18,321.321,__main___datalogs,INFO,JoyConState.PREP_SNS,-6.587500,10.362500,-126.440000,0.096125,0.002289,0.011443,0.025176,0.000000,0.000000,0.000000,0.000000,0,0,0,0,0,0,0,0,0,0,0,0.045257568359375,-0.004302978515625,0,0,0,0,0,0,0,0,Object notstarted,Object notstarted,Object notstarted,Object notstarted,Object notstarted,Object notstarted,Object notstarted,Object notstarted,Object notstarted
2024-03-18 10:35:18,367.367,__main___datalogs,INFO,JoyConState.PREP_SNS,-6.587500,10.362500,-126.440000,0.091547,0.006866,0.011443,0.025176,0.000000,0.000000,0.000000,0.000000,0,0,0,0,0,0,0,0,0,0,0,0.045257568359375,-0.004302978515625,0,0,0,0,0,0,0,0,Object notstarted,Object notstarted,Object notstarted,Object notstarted,Object notstarted,Object notstarted,Object notstarted,Object notstarted,Object notstarted
2024-03-18 10:35:18,410.410,__main___datalogs,INFO,JoyConState.PREP_SNS,-6.587500,10.362500,-126.440000,0.096125,0.006866,0.011443,0.025176,0.000000,0.000000,0.000000,0.000000,0,0,0,0,0,0,0,0,0,0,0,0.045257568359375,-0.004302978515625,0,0,0,0,0,0,0,0,Object notstarted,Object notstarted,Object notstarted,Object notstarted,Object notstarted,Object notstarted,Object notstarted,Object notstarted,Object notstarted
2024-03-18 10:35:18,454.454,__main___datalogs,INFO,JoyConState.PREP_SNS,-6.587500,10.362500,-126.440000,0.091547,0.006866,0.011443,0.025176,0.000000,0.000000,0.000000,0.000000,0,0,0,0,0,0,0,0,0,0,0,0.045257568359375,-0.004302978515625,0,0,0,0,0,0,0,0,Object notstarted,Object notstarted,Object notstarted,Object notstarted,Object notstarted,Object notstarted,Object notstarted,Object notstarted,Object notstarted
2024-03-18 10:35:18,496.496,__main___datalogs,INFO,JoyConState.PREP_SNS,-6.587500,10.362500,-126.440000,0.096125,0.002289,0.011443,0.025176,0.000000,0.000000,0.000000,0.000000,0,0,0,0,0,0,0,0,0,0,0,0.045257568359375,-0.004302978515625,0,0,0,0,0,0,0,0,Object notstarted,Object notstarted,Object notstarted,Object notstarted,Object notstarted,Object notstarted,Object notstarted,Object notstarted,Object notstarted
2024-03-18 10:35:18,537.537,__main___datalogs,INFO,JoyConState.PREP_SNS,-6.587500,10.362500,-126.440000,0.096125,0.002289,0.011443,0.025176,0.000000,0.000000,0.000000,0.000000,0,0,0,0,0,0,0,0,0,0,0,0.045257568359375,-0.004302978515625,0,0,0,0,0,0,0,0,Object notstarted,Object notstarted,Object notstarted,Object notstarted,Object notstarted,Object notstarted,Object notstarted,Object notstarted,Object notstarted
2024-03-18 10:35:18,579.579,__main___datalogs,INFO,JoyConState.PREP_SNS,-6.587500,10.362500,-126.440000,0.096125,0.002289,0.011443,0.025176,0.000000,0.000000,0.000000,0.000000,0,0,0,0,0,0,0,0,0,0,0,0.045257568359375,-0.004302978515625,0,0,0,0,0,0,0,0,Object notstarted,Object notstarted,Object notstarted,Object notstarted,Object notstarted,Object notstarted,Object notstarted,Object notstarted,Object notstarted
2024-03-18 10:35:18,621.621,__main___datalogs,INFO,JoyConState.PREP_SNS,-6.587500,10.362500,-126.440000,0.096125,0.006866,0.011443,0.025176,0.000000,0.000000,0.000000,0.000000,0,0,0,0,0,0,0,0,0,0,0,0.045257568359375,-0.004302978515625,0,0,0,0,0,0,0,0,Object notstarted,Object notstarted,Object notstarted,Object notstarted,Object notstarted,Object notstarted,Object notstarted,Object notstarted,Object notstarted
2024-03-18 10:35:18,666.666,__main___datalogs,INFO,JoyConState.PREP_SNS,-6.587500,10.362500,-126.440000,0.096125,0.002289,0.011443,0.025176,0.000000,0.000000,0.000000,0.000000,0,0,0,0,0,0,0,0,0,0,0,0.045257568359375,-0.004302978515625,0,0,0,0,0,0,0,0,Object notstarted,Object notstarted,Object notstarted,Object notstarted,Object notstarted,Object notstarted,Object notstarted,Object notstarted,Object notstarted
2024-03-18 10:35:18,710.710,__main___datalogs,INFO,JoyConState.PREP_SNS,-6.587500,10.362500,-126.440000,0.096125,0.002289,0.011443,0.025176,0.000000,0.000000,0.000000,0.000000,0,0,0,0,0,0,0,0,0,0,0,0.045257568359375,-0.004302978515625,0,0,0,0,0,0,0,0,Object notstarted,Object notstarted,Object notstarted,Object notstarted,Object notstarted,Object notstarted,Object notstarted,Object notstarted,Object notstarted
2024-03-18 10:35:18,753.753,__main___datalogs,INFO,JoyConState.PREP_SNS,-6.587500,10.362500,-126.440000,0.096125,0.002289,0.011443,0.025176,0.000000,0.000000,0.000000,0.000000,0,0,0,0,0,0,0,0,0,0,0,0.045257568359375,-0.004302978515625,0,0,0,0,0,0,0,0,Object notstarted,Object notstarted,Object notstarted,Object notstarted,Object notstarted,Object notstarted,Object notstarted,Object notstarted,Object notstarted
2024-03-18 10:35:18,803.803,__main___datalogs,INFO,JoyConState.PREP_SNS,-6.587500,10.362500,-126.440000,0.096125,0.002289,0.011443,0.025176,0.000000,0.000000,0.000000,0.000000,0,0,0,0,0,0,0,0,0,0,0,0.045257568359375,-0.004302978515625,0,0,0,0,0,0,0,0,Object notstarted,Object notstarted,Object notstarted,Object notstarted,Object notstarted,Object notstarted,Object notstarted,Object notstarted,Object notstarted
2024-03-18 10:35:18,864.864,__main___datalogs,INFO,JoyConState.PREP_SNS,-6.587500,10.362500,-126.440000,0.096125,-0.002289,0.011443,0.025176,0.000000,0.000000,0.000000,0.000000,0,0,0,0,0,0,0,0,0,0,0,0.045257568359375,-0.004302978515625,0,0,0,0,0,0,0,0,Object notstarted,Object notstarted,Object notstarted,Object notstarted,Object notstarted,Object notstarted,Object notstarted,Object notstarted,Object notstarted
2024-03-18 10:35:18,909.909,__main___datalogs,INFO,JoyConState.PREP_SNS,-6.587500,10.362500,-126.440000,0.091547,0.006866,0.011443,0.020598,0.000000,0.000000,0.000000,0.000000,0,0,0,0,0,0,0,0,0,0,0,0.045257568359375,-0.004302978515625,0,0,0,0,0,0,0,0,Object notstarted,Object notstarted,Object notstarted,Object notstarted,Object notstarted,Object notstarted,Object notstarted,Object notstarted,Object notstarted
2024-03-18 10:35:18,952.952,__main___datalogs,INFO,JoyConState.PREP_SNS,-6.587500,10.362500,-126.440000,0.091547,0.006866,0.011443,0.025176,0.000000,0.000000,0.000000,0.000000,0,0,0,0,0,0,0,0,0,0,0,0.045257568359375,-0.004302978515625,0,0,0,0,0,0,0,0,Object notstarted,Object notstarted,Object notstarted,Object notstarted,Object notstarted,Object notstarted,Object notstarted,Object notstarted,Object notstarted
2024-03-18 10:35:18,998.998,__main___datalogs,INFO,JoyConState.PREP_SNS,-6.587500,10.362500,-126.440000,0.096125,0.002289,0.013732,0.025176,0.000000,0.000000,0.000000,0.000000,0,0,0,0,0,0,0,0,0,0,0,0.045257568359375,-0.004302978515625,0,0,0,0,0,0,0,0,Object notstarted,Object notstarted,Object notstarted,Object notstarted,Object notstarted,Object notstarted,Object notstarted,Object notstarted,Object notstarted
2024-03-18 10:35:19,041.041,__main___datalogs,INFO,JoyConState.PREP_SNS,-6.587500,10.362500,-126.440000,0.091547,0.006866,0.011443,0.020598,0.000000,0.000000,0.000000,0.000000,0,0,0,0,0,0,0,0,0,0,0,0.045257568359375,-0.004302978515625,0,0,0,0,0,0,0,0,Object notstarted,Object notstarted,Object notstarted,Object notstarted,Object notstarted,Object notstarted,Object notstarted,Object notstarted,Object notstarted
2024-03-18 10:35:19,086.086,__main___datalogs,INFO,JoyConState.PREP_SNS,-6.587500,10.362500,-126.440000,0.091547,0.002289,0.011443,0.025176,0.000000,0.000000,0.000000,0.000000,0,0,0,0,0,0,0,0,0,0,0,0.045257568359375,-0.004302978515625,0,0,0,0,0,0,0,0,Object notstarted,Object notstarted,Object notstarted,Object notstarted,Object notstarted,Object notstarted,Object notstarted,Object notstarted,Object notstarted
2024-03-18 10:35:19,128.128,__main___datalogs,INFO,JoyConState.PREP_SNS,-6.587500,10.362500,-126.440000,0.091547,0.002289,0.011443,0.020598,0.000000,0.000000,0.000000,0.000000,0,0,0,0,0,0,0,0,0,0,0,0.045257568359375,-0.004302978515625,0,0,0,0,0,0,0,0,Object notstarted,Object notstarted,Object notstarted,Object notstarted,Object notstarted,Object notstarted,Object notstarted,Object notstarted,Object notstarted
2024-03-18 10:35:19,171.171,__main___datalogs,INFO,JoyConState.PREP_SNS,-6.587500,10.362500,-126.440000,0.091547,0.006866,0.011443,0.025176,0.000000,0.000000,0.000000,0.000000,0,0,0,0,0,0,0,0,0,0,0,0.045257568359375,-0.004302978515625,0,0,0,0,0,0,0,0,Object notstarted,Object notstarted,Object notstarted,Object notstarted,Object notstarted,Object notstarted,Object notstarted,Object notstarted,Object notstarted
2024-03-18 10:35:19,214.214,__main___datalogs,INFO,JoyConState.PREP_SNS,-6.587500,10.362500,-126.440000,0.096125,0.006866,0.011443,0.020598,0.000000,0.000000,0.000000,0.000000,0,0,0,0,0,0,0,0,0,0,0,0.045257568359375,-0.004302978515625,0,0,0,0,0,0,0,0,Object notstarted,Object notstarted,Object notstarted,Object notstarted,Object notstarted,Object notstarted,Object notstarted,Object notstarted,Object notstarted
2024-03-18 10:35:19,257.257,__main___datalogs,INFO,JoyConState.PREP_SNS,-6.587500,10.362500,-126.440000,0.096125,0.006866,0.011443,0.020598,0.000000,0.000000,0.000000,0.000000,0,0,0,0,0,0,0,0,0,0,0,0.045257568359375,-0.004302978515625,0,0,0,0,0,0,0,0,Object notstarted,Object notstarted,Object notstarted,Object notstarted,Object notstarted,Object notstarted,Object notstarted,Object notstarted,Object notstarted
2024-03-18 10:35:19,299.299,__main___datalogs,INFO,JoyConState.PREP_SNS,-6.587500,10.362500,-126.440000,0.096125,0.002289,0.011443,0.025176,0.000000,0.000000,0.000000,0.000000,0,0,0,0,0,0,0,0,0,0,0,0.045257568359375,-0.004302978515625,0,0,0,0,0,0,0,0,Object notstarted,Object notstarted,Object notstarted,Object notstarted,Object notstarted,Object notstarted,Object notstarted,Object notstarted,Object notstarted
2024-03-18 10:35:19,342.342,__main___datalogs,INFO,JoyConState.PREP_SNS,-6.587500,10.362500,-126.440000,0.096125,0.002289,0.011443,0.025176,0.000000,0.000000,0.000000,0.000000,0,0,0,0,0,0,0,0,0,0,0,0.045257568359375,-0.004302978515625,0,0,0,0,0,0,0,0,Object notstarted,Object notstarted,Object notstarted,Object notstarted,Object notstarted,Object notstarted,Object notstarted,Object notstarted,Object notstarted
2024-03-18 10:35:19,384.384,__main___datalogs,INFO,JoyConState.PREP_SNS,-6.587500,10.362500,-126.440000,0.091547,0.002289,0.011443,0.025176,0.000000,0.000000,0.000000,0.000000,0,0,0,0,0,0,0,0,0,0,0,0.045257568359375,-0.004302978515625,0,0,0,0,0,0,0,0,Object notstarted,Object notstarted,Object notstarted,Object notstarted,Object notstarted,Object notstarted,Object notstarted,Object notstarted,Object notstarted
2024-03-18 10:35:19,426.426,__main___datalogs,INFO,JoyConState.PREP_SNS,-6.587500,10.362500,-126.440000,0.096125,0.006866,0.004577,0.025176,0.000000,0.000000,0.000000,0.000000,0,0,0,0,0,0,0,0,0,0,0,0.045257568359375,-0.004302978515625,0,0,0,0,0,0,0,0,Object notstarted,Object notstarted,Object notstarted,Object notstarted,Object notstarted,Object notstarted,Object notstarted,Object notstarted,Object notstarted
2024-03-18 10:35:19,468.468,__main___datalogs,INFO,JoyConState.PREP_SNS,-6.587500,10.362500,-126.440000,0.091547,0.006866,0.004577,0.025176,0.000000,0.000000,0.000000,0.000000,0,0,0,0,0,0,0,0,0,0,0,0.045257568359375,-0.004302978515625,0,0,0,0,0,0,0,0,Object notstarted,Object notstarted,Object notstarted,Object notstarted,Object notstarted,Object notstarted,Object notstarted,Object notstarted,Object notstarted
2024-03-18 10:35:19,513.513,__main___datalogs,INFO,JoyConState.PREP_SNS,-6.587500,10.362500,-126.440000,0.091547,0.006866,0.011443,0.025176,0.000000,0.000000,0.000000,0.000000,0,0,0,0,0,0,0,0,0,0,0,0.045257568359375,-0.004302978515625,0,0,0,0,0,0,0,0,Object notstarted,Object notstarted,Object notstarted,Object notstarted,Object notstarted,Object notstarted,Object notstarted,Object notstarted,Object notstarted
2024-03-18 10:35:19,554.554,__main___datalogs,INFO,JoyConState.PREP_SNS,-6.587500,10.362500,-126.440000,0.091547,0.006866,0.011443,0.025176,0.000000,0.000000,0.000000,0.000000,0,0,0,0,0,0,0,0,0,0,0,0.045257568359375,-0.004302978515625,0,0,0,0,0,0,0,0,Object notstarted,Object notstarted,Object notstarted,Object notstarted,Object notstarted,Object notstarted,Object notstarted,Object notstarted,Object notstarted
2024-03-18 10:35:19,597.597,__main___datalogs,INFO,JoyConState.PREP_SNS,-6.587500,10.362500,-126.440000,0.091547,0.006866,0.011443,0.025176,0.000000,0.000000,0.000000,0.000000,0,0,0,0,0,0,0,0,0,0,0,0.045257568359375,-0.004302978515625,0,0,0,0,0,0,0,0,Object notstarted,Object notstarted,Object notstarted,Object notstarted,Object notstarted,Object notstarted,Object notstarted,Object notstarted,Object notstarted
2024-03-18 10:35:19,641.641,__main___datalogs,INFO,JoyConState.PREP_SNS,-6.587500,10.362500,-126.440000,0.096125,0.006866,0.011443,0.020598,0.000000,0.000000,0.000000,0.000000,0,0,0,0,0,0,0,0,0,0,0,0.045257568359375,-0.004302978515625,0,0,0,0,0,0,0,0,Object notstarted,Object notstarted,Object notstarted,Object notstarted,Object notstarted,Object notstarted,Object notstarted,Object notstarted,Object notstarted
2024-03-18 10:35:19,686.686,__main___datalogs,INFO,JoyConState.PREP_SNS,-6.587500,10.362500,-126.440000,0.096125,-0.002289,0.011443,0.020598,0.000000,0.000000,0.000000,0.000000,0,0,0,0,0,0,0,0,0,0,0,0.045257568359375,-0.004302978515625,0,0,0,0,0,0,0,0,Object notstarted,Object notstarted,Object notstarted,Object notstarted,Object notstarted,Object notstarted,Object notstarted,Object notstarted,Object notstarted
2024-03-18 10:35:19,729.729,__main___datalogs,INFO,JoyConState.PREP_SNS,-6.587500,10.362500,-126.440000,0.096125,0.002289,0.011443,0.025176,0.000000,0.000000,0.000000,0.000000,0,0,0,0,0,0,0,0,0,0,0,0.045257568359375,-0.004302978515625,0,0,0,0,0,0,0,0,Object notstarted,Object notstarted,Object notstarted,Object notstarted,Object notstarted,Object notstarted,Object notstarted,Object notstarted,Object notstarted
2024-03-18 10:35:19,773.773,__main___datalogs,INFO,JoyConState.PREP_SNS,-6.587500,10.362500,-126.440000,0.096125,0.006866,0.011443,0.020598,0.000000,0.000000,0.000000,0.000000,0,0,0,0,0,0,0,0,0,0,0,0.045257568359375,-0.004302978515625,0,0,0,0,0,0,0,0,Object notstarted,Object notstarted,Object notstarted,Object notstarted,Object notstarted,Object notstarted,Object notstarted,Object notstarted,Object notstarted
2024-03-18 10:35:19,816.816,__main___datalogs,INFO,JoyConState.PREP_SNS,-6.587500,10.362500,-126.440000,0.096125,0.006866,0.011443,0.020598,0.000000,0.000000,0.000000,0.000000,0,0,0,0,0,0,0,0,0,0,0,0.045257568359375,-0.004302978515625,0,0,0,0,0,0,0,0,Object notstarted,Object notstarted,Object notstarted,Object notstarted,Object notstarted,Object notstarted,Object notstarted,Object notstarted,Object notstarted
2024-03-18 10:35:19,867.867,__main___datalogs,INFO,JoyConState.PREP_SNS,-6.587500,10.362500,-126.440000,0.096125,0.006866,0.011443,0.025176,0.000000,0.000000,0.000000,0.000000,0,0,0,0,0,0,0,0,0,0,0,0.045257568359375,-0.004302978515625,0,0,0,0,0,0,0,0,Object notstarted,Object notstarted,Object notstarted,Object notstarted,Object notstarted,Object notstarted,Object notstarted,Object notstarted,Object notstarted
2024-03-18 10:35:19,909.909,__main___datalogs,INFO,JoyConState.PREP_SNS,-6.587500,10.362500,-126.440000,0.096125,0.002289,0.011443,0.025176,0.000000,0.000000,0.000000,0.000000,0,0,0,0,0,0,0,0,0,0,0,0.045257568359375,-0.004302978515625,0,0,0,0,0,0,0,0,Object notstarted,Object notstarted,Object notstarted,Object notstarted,Object notstarted,Object notstarted,Object notstarted,Object notstarted,Object notstarted
2024-03-18 10:35:19,955.955,__main___datalogs,INFO,JoyConState.PREP_SNS,-6.587500,10.362500,-126.440000,0.098413,0.006866,0.011443,0.025176,0.000000,0.000000,0.000000,0.000000,0,0,0,0,0,0,0,0,0,0,0,0.045257568359375,-0.004302978515625,0,0,0,0,0,0,0,0,Object notstarted,Object notstarted,Object notstarted,Object notstarted,Object notstarted,Object notstarted,Object notstarted,Object notstarted,Object notstarted
2024-03-18 10:35:19,998.998,__main___datalogs,INFO,JoyConState.PREP_SNS,-6.587500,10.362500,-126.440000,0.096125,0.002289,0.011443,0.025176,0.000000,0.000000,0.000000,0.000000,0,0,0,0,0,0,0,0,0,0,0,0.045257568359375,-0.004302978515625,0,0,0,0,0,0,0,0,Object notstarted,Object notstarted,Object notstarted,Object notstarted,Object notstarted,Object notstarted,Object notstarted,Object notstarted,Object notstarted
2024-03-18 10:35:20,040.040,__main___datalogs,INFO,JoyConState.PREP_SNS,-6.587500,10.362500,-126.440000,0.096125,0.006866,0.011443,0.020598,0.000000,0.000000,0.000000,0.000000,0,0,0,0,0,0,0,0,0,0,0,0.045257568359375,-0.004302978515625,0,0,0,0,0,0,0,0,Object notstarted,Object notstarted,Object notstarted,Object notstarted,Object notstarted,Object notstarted,Object notstarted,Object notstarted,Object notstarted
2024-03-18 10:35:20,084.084,__main___datalogs,INFO,JoyConState.PREP_SNS,-6.587500,10.362500,-126.440000,0.096125,0.006866,0.011443,0.016021,0.000000,0.000000,0.000000,0.000000,0,0,0,0,0,0,0,0,0,0,0,0.045257568359375,-0.004302978515625,0,0,0,0,0,0,0,0,Object notstarted,Object notstarted,Object notstarted,Object notstarted,Object notstarted,Object notstarted,Object notstarted,Object notstarted,Object notstarted
2024-03-18 10:35:20,126.126,__main___datalogs,INFO,JoyConState.PREP_SNS,-6.587500,10.362500,-126.440000,0.096125,0.006866,0.011443,0.025176,0.000000,0.000000,0.000000,0.000000,0,0,0,0,0,0,0,0,0,0,0,0.045257568359375,-0.004302978515625,0,0,0,0,0,0,0,0,Object notstarted,Object notstarted,Object notstarted,Object notstarted,Object notstarted,Object notstarted,Object notstarted,Object notstarted,Object notstarted
2024-03-18 10:35:20,169.169,__main___datalogs,INFO,JoyConState.PREP_SNS,-6.587500,10.362500,-126.440000,0.096125,0.002289,0.004577,0.025176,0.000000,0.000000,0.000000,0.000000,0,0,0,0,0,0,0,0,0,0,0,0.045257568359375,-0.004302978515625,0,0,0,0,0,0,0,0,Object notstarted,Object notstarted,Object notstarted,Object notstarted,Object notstarted,Object notstarted,Object notstarted,Object notstarted,Object notstarted
2024-03-18 10:35:20,213.213,__main___datalogs,INFO,JoyConState.PREP_SNS,-6.587500,10.362500,-126.440000,0.098413,-0.002289,0.004577,0.025176,0.000000,0.000000,0.000000,0.000000,0,0,0,0,0,0,0,0,0,0,0,0.045257568359375,-0.004302978515625,0,0,0,0,0,0,0,0,Object notstarted,Object notstarted,Object notstarted,Object notstarted,Object notstarted,Object notstarted,Object notstarted,Object notstarted,Object notstarted
2024-03-18 10:35:20,254.254,__main___datalogs,INFO,JoyConState.PREP_SNS,-6.587500,10.362500,-126.440000,0.098413,-0.002289,0.004577,0.020598,0.000000,0.000000,0.000000,0.000000,0,0,0,0,0,0,0,0,0,0,0,0.045257568359375,-0.004302978515625,0,0,0,0,0,0,0,0,Object notstarted,Object notstarted,Object notstarted,Object notstarted,Object notstarted,Object notstarted,Object notstarted,Object notstarted,Object notstarted
2024-03-18 10:35:20,300.300,__main___datalogs,INFO,JoyConState.PREP_SNS,-6.587500,10.362500,-126.440000,0.091547,0.006866,0.002289,0.025176,0.000000,0.000000,0.000000,0.000000,0,0,0,0,0,0,0,0,0,0,0,0.045257568359375,-0.004302978515625,0,0,0,0,0,0,0,0,Object notstarted,Object notstarted,Object notstarted,Object notstarted,Object notstarted,Object notstarted,Object notstarted,Object notstarted,Object notstarted
2024-03-18 10:35:20,342.342,__main___datalogs,INFO,JoyConState.PREP_SNS,-6.587500,10.362500,-126.440000,0.091547,0.006866,0.004577,0.025176,0.000000,0.000000,0.000000,0.000000,0,0,0,0,0,0,0,0,0,0,0,0.045257568359375,-0.004302978515625,0,0,0,0,0,0,0,0,Object notstarted,Object notstarted,Object notstarted,Object notstarted,Object notstarted,Object notstarted,Object notstarted,Object notstarted,Object notstarted
2024-03-18 10:35:20,384.384,__main___datalogs,INFO,JoyConState.PREP_SNS,-6.587500,10.362500,-126.440000,0.091547,0.002289,0.011443,0.025176,0.000000,0.000000,0.000000,0.000000,0,0,0,0,0,0,0,0,0,0,0,0.045257568359375,-0.004302978515625,0,0,0,0,0,0,0,0,Object notstarted,Object notstarted,Object notstarted,Object notstarted,Object notstarted,Object notstarted,Object notstarted,Object notstarted,Object notstarted
2024-03-18 10:35:20,426.426,__main___datalogs,INFO,JoyConState.PREP_SNS,-6.587500,10.362500,-126.440000,0.096125,0.006866,0.011443,0.025176,0.000000,0.000000,0.000000,0.000000,0,0,0,0,0,0,0,0,0,0,0,0.045257568359375,-0.004302978515625,0,0,0,0,0,0,0,0,Object notstarted,Object notstarted,Object notstarted,Object notstarted,Object notstarted,Object notstarted,Object notstarted,Object notstarted,Object notstarted
2024-03-18 10:35:20,469.469,__main___datalogs,INFO,JoyConState.PREP_SNS,-6.587500,10.362500,-126.440000,0.096125,0.002289,0.011443,0.025176,0.000000,0.000000,0.000000,0.000000,0,0,0,0,0,0,0,0,0,0,0,0.045257568359375,-0.004302978515625,0,0,0,0,0,0,0,0,Object notstarted,Object notstarted,Object notstarted,Object notstarted,Object notstarted,Object notstarted,Object notstarted,Object notstarted,Object notstarted
2024-03-18 10:35:20,508.508,__main___datalogs,INFO,JoyConState.PREP_SNS,-6.587500,10.362500,-126.440000,0.091547,0.006866,0.011443,0.025176,0.000000,0.000000,0.000000,0.000000,0,0,0,0,0,0,0,0,0,0,0,0.045257568359375,-0.004302978515625,0,0,0,0,0,0,0,0,Object notstarted,Object notstarted,Object notstarted,Object notstarted,Object notstarted,Object notstarted,Object notstarted,Object notstarted,Object notstarted
2024-03-18 10:35:20,552.552,__main___datalogs,INFO,JoyConState.PREP_SNS,-6.587500,10.362500,-126.440000,0.096125,0.006866,0.011443,0.020598,0.000000,0.000000,0.000000,0.000000,0,0,0,0,0,0,0,0,0,0,0,0.045257568359375,-0.004302978515625,0,0,0,0,0,0,0,0,Object notstarted,Object notstarted,Object notstarted,Object notstarted,Object notstarted,Object notstarted,Object notstarted,Object notstarted,Object notstarted
2024-03-18 10:35:20,593.593,__main___datalogs,INFO,JoyConState.PREP_SNS,-6.587500,10.362500,-126.440000,0.096125,0.002289,0.011443,0.025176,0.000000,0.000000,0.000000,0.000000,0,0,0,0,0,0,0,0,0,0,0,0.045257568359375,-0.004302978515625,0,0,0,0,0,0,0,0,Object notstarted,Object notstarted,Object notstarted,Object notstarted,Object notstarted,Object notstarted,Object notstarted,Object notstarted,Object notstarted
2024-03-18 10:35:20,636.636,__main___datalogs,INFO,JoyConState.PREP_SNS,-6.587500,10.362500,-126.440000,0.098413,0.002289,0.011443,0.020598,0.000000,0.000000,0.000000,0.000000,0,0,0,0,0,0,0,0,0,0,0,0.045257568359375,-0.004302978515625,0,0,0,0,0,0,0,0,Object notstarted,Object notstarted,Object notstarted,Object notstarted,Object notstarted,Object notstarted,Object notstarted,Object notstarted,Object notstarted
2024-03-18 10:35:20,679.679,__main___datalogs,INFO,JoyConState.PREP_SNS,-6.587500,10.362500,-126.440000,0.098413,0.002289,0.004577,0.025176,0.000000,0.000000,0.000000,0.000000,0,0,0,0,0,0,0,0,0,0,0,0.045257568359375,-0.004302978515625,0,0,0,0,0,0,0,0,Object notstarted,Object notstarted,Object notstarted,Object notstarted,Object notstarted,Object notstarted,Object notstarted,Object notstarted,Object notstarted
2024-03-18 10:35:20,723.723,__main___datalogs,INFO,JoyConState.PREP_SNS,-6.587500,10.362500,-126.440000,0.098413,0.002289,0.004577,0.025176,0.000000,0.000000,0.000000,0.000000,0,0,0,0,0,0,0,0,0,0,0,0.045257568359375,-0.004302978515625,0,0,0,0,0,0,0,0,Object notstarted,Object notstarted,Object notstarted,Object notstarted,Object notstarted,Object notstarted,Object notstarted,Object notstarted,Object notstarted
2024-03-18 10:35:20,765.765,__main___datalogs,INFO,JoyConState.PREP_SNS,-6.587500,10.362500,-126.440000,0.098413,0.002289,0.004577,0.020598,0.000000,0.000000,0.000000,0.000000,0,0,0,0,0,0,0,0,0,0,0,0.045257568359375,-0.004302978515625,0,0,0,0,0,0,0,0,Object notstarted,Object notstarted,Object notstarted,Object notstarted,Object notstarted,Object notstarted,Object notstarted,Object notstarted,Object notstarted
2024-03-18 10:35:20,809.809,__main___datalogs,INFO,JoyConState.PREP_SNS,-6.587500,10.362500,-126.440000,0.098413,0.002289,0.004577,0.025176,0.000000,0.000000,0.000000,0.000000,0,0,0,0,0,0,0,0,0,0,0,0.045257568359375,-0.004302978515625,0,0,0,0,0,0,0,0,Object notstarted,Object notstarted,Object notstarted,Object notstarted,Object notstarted,Object notstarted,Object notstarted,Object notstarted,Object notstarted
2024-03-18 10:35:20,851.851,__main___datalogs,INFO,JoyConState.PREP_SNS,-6.587500,10.362500,-126.440000,0.098413,0.002289,0.004577,0.020598,0.000000,0.000000,0.000000,0.000000,0,0,0,0,0,0,0,0,0,0,0,0.045257568359375,-0.004302978515625,0,0,0,0,0,0,0,0,Object notstarted,Object notstarted,Object notstarted,Object notstarted,Object notstarted,Object notstarted,Object notstarted,Object notstarted,Object notstarted
2024-03-18 10:35:20,896.896,__main___datalogs,INFO,JoyConState.PREP_SNS,-6.587500,10.362500,-126.440000,0.098413,0.006866,0.004577,0.025176,0.000000,0.000000,0.000000,0.000000,0,0,0,0,0,0,0,0,0,0,0,0.045257568359375,-0.004302978515625,0,0,0,0,0,0,0,0,Object notstarted,Object notstarted,Object notstarted,Object notstarted,Object notstarted,Object notstarted,Object notstarted,Object notstarted,Object notstarted
2024-03-18 10:35:20,960.960,__main___datalogs,INFO,JoyConState.PREP_SNS,-6.587500,10.362500,-126.440000,0.091547,0.006866,0.004577,0.020598,0.000000,0.000000,0.000000,0.000000,0,0,0,0,0,0,0,0,0,0,0,0.045257568359375,-0.004302978515625,0,0,0,0,0,0,0,0,Object notstarted,Object notstarted,Object notstarted,Object notstarted,Object notstarted,Object notstarted,Object notstarted,Object notstarted,Object notstarted
2024-03-18 10:35:21,004.004,__main___datalogs,INFO,JoyConState.PREP_SNS,-6.587500,10.362500,-126.440000,0.096125,0.002289,0.011443,0.025176,0.000000,0.000000,0.000000,0.000000,0,0,0,0,0,0,0,0,0,0,0,0.045257568359375,-0.004302978515625,0,0,0,0,0,0,0,0,Object notstarted,Object notstarted,Object notstarted,Object notstarted,Object notstarted,Object notstarted,Object notstarted,Object notstarted,Object notstarted
2024-03-18 10:35:21,047.047,__main___datalogs,INFO,JoyConState.PREP_SNS,-6.587500,10.362500,-126.440000,0.098413,0.002289,0.013732,0.025176,0.000000,0.000000,0.000000,0.000000,0,0,0,0,0,0,0,0,0,0,0,0.045257568359375,-0.004302978515625,0,0,0,0,0,0,0,0,Object notstarted,Object notstarted,Object notstarted,Object notstarted,Object notstarted,Object notstarted,Object notstarted,Object notstarted,Object notstarted
2024-03-18 10:35:21,094.094,__main___datalogs,INFO,JoyConState.PREP_SNS,-6.587500,10.362500,-126.440000,0.096125,0.006866,0.011443,0.025176,0.000000,0.000000,0.000000,0.000000,0,0,0,0,0,0,0,0,0,0,0,0.045257568359375,-0.004302978515625,0,0,0,0,0,0,0,0,Object notstarted,Object notstarted,Object notstarted,Object notstarted,Object notstarted,Object notstarted,Object notstarted,Object notstarted,Object notstarted
2024-03-18 10:35:21,137.137,__main___datalogs,INFO,JoyConState.PREP_SNS,-6.587500,10.362500,-126.440000,0.091547,0.006866,0.004577,0.020598,0.000000,0.000000,0.000000,0.000000,0,0,0,0,0,0,0,0,0,0,0,0.045257568359375,-0.004302978515625,0,0,0,0,0,0,0,0,Object notstarted,Object notstarted,Object notstarted,Object notstarted,Object notstarted,Object notstarted,Object notstarted,Object notstarted,Object notstarted
2024-03-18 10:35:21,182.182,__main___datalogs,INFO,JoyConState.PREP_SNS,-6.587500,10.362500,-126.440000,0.091547,0.002289,0.004577,0.025176,0.000000,0.000000,0.000000,0.000000,0,0,0,0,0,0,0,0,0,0,0,0.045257568359375,-0.004302978515625,0,0,0,0,0,0,0,0,Object notstarted,Object notstarted,Object notstarted,Object notstarted,Object notstarted,Object notstarted,Object notstarted,Object notstarted,Object notstarted
2024-03-18 10:35:21,224.224,__main___datalogs,INFO,JoyConState.PREP_SNS,-6.587500,10.362500,-126.440000,0.096125,0.002289,0.004577,0.025176,0.000000,0.000000,0.000000,0.000000,0,0,0,0,0,0,0,0,0,0,0,0.045257568359375,-0.004302978515625,0,0,0,0,0,0,0,0,Object notstarted,Object notstarted,Object notstarted,Object notstarted,Object notstarted,Object notstarted,Object notstarted,Object notstarted,Object notstarted
2024-03-18 10:35:21,267.267,__main___datalogs,INFO,JoyConState.PREP_SNS,-6.587500,10.362500,-126.440000,0.096125,-0.002289,0.011443,0.025176,0.000000,0.000000,0.000000,0.000000,0,0,0,0,0,0,0,0,0,0,0,0.045257568359375,-0.004302978515625,0,0,0,0,0,0,0,0,Object notstarted,Object notstarted,Object notstarted,Object notstarted,Object notstarted,Object notstarted,Object notstarted,Object notstarted,Object notstarted
2024-03-18 10:35:21,309.309,__main___datalogs,INFO,JoyConState.PREP_SNS,-6.587500,10.362500,-126.440000,0.096125,0.006866,0.011443,0.025176,0.000000,0.000000,0.000000,0.000000,0,0,0,0,0,0,0,0,0,0,0,0.045257568359375,-0.004302978515625,0,0,0,0,0,0,0,0,Object notstarted,Object notstarted,Object notstarted,Object notstarted,Object notstarted,Object notstarted,Object notstarted,Object notstarted,Object notstarted
2024-03-18 10:35:21,354.354,__main___datalogs,INFO,JoyConState.PREP_SNS,-6.587500,10.362500,-126.440000,0.091547,0.006866,0.011443,0.020598,0.000000,0.000000,0.000000,0.000000,0,0,0,0,0,0,0,0,0,0,0,0.045257568359375,-0.004302978515625,0,0,0,0,0,0,0,0,Object notstarted,Object notstarted,Object notstarted,Object notstarted,Object notstarted,Object notstarted,Object notstarted,Object notstarted,Object notstarted
2024-03-18 10:35:21,395.395,__main___datalogs,INFO,JoyConState.PREP_SNS,-6.587500,10.362500,-126.440000,0.091547,0.006866,0.011443,0.025176,0.000000,0.000000,0.000000,0.000000,0,0,0,0,0,0,0,0,0,0,0,0.045257568359375,-0.004302978515625,0,0,0,0,0,0,0,0,Object notstarted,Object notstarted,Object notstarted,Object notstarted,Object notstarted,Object notstarted,Object notstarted,Object notstarted,Object notstarted
2024-03-18 10:35:21,438.438,__main___datalogs,INFO,JoyConState.PREP_SNS,-6.587500,10.362500,-126.440000,0.096125,0.006866,0.004577,0.025176,0.000000,0.000000,0.000000,0.000000,0,0,0,0,0,0,0,0,0,0,0,0.045257568359375,-0.004302978515625,0,0,0,0,0,0,0,0,Object notstarted,Object notstarted,Object notstarted,Object notstarted,Object notstarted,Object notstarted,Object notstarted,Object notstarted,Object notstarted
2024-03-18 10:35:21,482.482,__main___datalogs,INFO,JoyConState.PREP_SNS,-6.587500,10.362500,-126.440000,0.096125,0.002289,0.011443,0.025176,0.000000,0.000000,0.000000,0.000000,0,0,0,0,0,0,0,0,0,0,0,0.045257568359375,-0.004302978515625,0,0,0,0,0,0,0,0,Object notstarted,Object notstarted,Object notstarted,Object notstarted,Object notstarted,Object notstarted,Object notstarted,Object notstarted,Object notstarted
2024-03-18 10:35:21,527.527,__main___datalogs,INFO,JoyConState.PREP_SNS,-6.587500,10.362500,-126.440000,0.098413,0.002289,0.004577,0.025176,0.000000,0.000000,0.000000,0.000000,0,0,0,0,0,0,0,0,0,0,0,0.045257568359375,-0.004302978515625,0,0,0,0,0,0,0,0,Object notstarted,Object notstarted,Object notstarted,Object notstarted,Object notstarted,Object notstarted,Object notstarted,Object notstarted,Object notstarted
2024-03-18 10:35:21,571.571,__main___datalogs,INFO,JoyConState.PREP_SNS,-6.587500,10.362500,-126.440000,0.096125,0.002289,0.004577,0.020598,0.000000,0.000000,0.000000,0.000000,0,0,0,0,0,0,0,0,0,0,0,0.045257568359375,-0.004302978515625,0,0,0,0,0,0,0,0,Object notstarted,Object notstarted,Object notstarted,Object notstarted,Object notstarted,Object notstarted,Object notstarted,Object notstarted,Object notstarted
2024-03-18 10:35:21,615.615,__main___datalogs,INFO,JoyConState.PREP_SNS,-6.587500,10.362500,-126.440000,0.091547,0.002289,0.004577,0.025176,0.000000,0.000000,0.000000,0.000000,0,0,0,0,0,0,0,0,0,0,0,0.045257568359375,-0.004302978515625,0,0,0,0,0,0,0,0,Object notstarted,Object notstarted,Object notstarted,Object notstarted,Object notstarted,Object notstarted,Object notstarted,Object notstarted,Object notstarted
2024-03-18 10:35:21,658.658,__main___datalogs,INFO,JoyConState.PREP_SNS,-6.587500,10.362500,-126.440000,0.098413,0.006866,0.011443,0.025176,0.000000,0.000000,0.000000,0.000000,0,0,0,0,0,0,0,0,0,0,0,0.045257568359375,-0.004302978515625,0,0,0,0,0,0,0,0,Object notstarted,Object notstarted,Object notstarted,Object notstarted,Object notstarted,Object notstarted,Object notstarted,Object notstarted,Object notstarted
2024-03-18 10:35:21,703.703,__main___datalogs,INFO,JoyConState.PREP_SNS,-6.587500,10.362500,-126.440000,0.098413,0.002289,0.011443,0.025176,0.000000,0.000000,0.000000,0.000000,0,0,0,0,0,0,0,0,0,0,0,0.045257568359375,-0.004302978515625,0,0,0,0,0,0,0,0,Object notstarted,Object notstarted,Object notstarted,Object notstarted,Object notstarted,Object notstarted,Object notstarted,Object notstarted,Object notstarted
2024-03-18 10:35:21,745.745,__main___datalogs,INFO,JoyConState.PREP_SNS,-6.587500,10.362500,-126.440000,0.096125,0.002289,0.011443,0.025176,0.000000,0.000000,0.000000,0.000000,0,0,0,0,0,0,0,0,0,0,0,0.045257568359375,-0.004302978515625,0,0,0,0,0,0,0,0,Object notstarted,Object notstarted,Object notstarted,Object notstarted,Object notstarted,Object notstarted,Object notstarted,Object notstarted,Object notstarted
2024-03-18 10:35:21,788.788,__main___datalogs,INFO,JoyConState.PREP_SNS,-6.587500,10.362500,-126.440000,0.098413,0.002289,0.011443,0.025176,0.000000,0.000000,0.000000,0.000000,0,0,0,0,0,0,0,0,0,0,0,0.045257568359375,-0.004302978515625,0,0,0,0,0,0,0,0,Object notstarted,Object notstarted,Object notstarted,Object notstarted,Object notstarted,Object notstarted,Object notstarted,Object notstarted,Object notstarted
2024-03-18 10:35:21,831.831,__main___datalogs,INFO,JoyConState.PREP_SNS,-6.587500,10.362500,-126.440000,0.096125,0.002289,0.004577,0.025176,0.000000,0.000000,0.000000,0.000000,0,0,0,0,0,0,0,0,0,0,0,0.045257568359375,-0.004302978515625,0,0,0,0,0,0,0,0,Object notstarted,Object notstarted,Object notstarted,Object notstarted,Object notstarted,Object notstarted,Object notstarted,Object notstarted,Object notstarted
2024-03-18 10:35:21,876.876,__main___datalogs,INFO,JoyConState.PREP_SNS,-6.587500,10.362500,-126.440000,0.096125,0.002289,0.004577,0.025176,0.000000,0.000000,0.000000,0.000000,0,0,0,0,0,0,0,0,0,0,0,0.045257568359375,-0.004302978515625,0,0,0,0,0,0,0,0,Object notstarted,Object notstarted,Object notstarted,Object notstarted,Object notstarted,Object notstarted,Object notstarted,Object notstarted,Object notstarted
2024-03-18 10:35:21,915.915,__main___datalogs,INFO,JoyConState.PREP_SNS,-6.587500,10.362500,-126.440000,0.091547,-0.002289,0.011443,0.020598,0.000000,0.000000,0.000000,0.000000,0,0,0,0,0,0,0,0,0,0,0,0.045257568359375,-0.004302978515625,0,0,0,0,0,0,0,0,Object notstarted,Object notstarted,Object notstarted,Object notstarted,Object notstarted,Object notstarted,Object notstarted,Object notstarted,Object notstarted
2024-03-18 10:35:21,953.953,__main___datalogs,INFO,JoyConState.PREP_SNS,-6.587500,10.362500,-126.440000,0.096125,0.002289,0.011443,0.020598,0.000000,0.000000,0.000000,0.000000,0,0,0,0,0,0,0,0,0,0,0,0.045257568359375,-0.004302978515625,0,0,0,0,0,0,0,0,Object notstarted,Object notstarted,Object notstarted,Object notstarted,Object notstarted,Object notstarted,Object notstarted,Object notstarted,Object notstarted
2024-03-18 10:35:21,991.991,__main___datalogs,INFO,JoyConState.PREP_SNS,-6.587500,10.362500,-126.440000,0.098413,0.006866,0.011443,0.020598,0.000000,0.000000,0.000000,0.000000,0,0,0,0,0,0,0,0,0,0,0,0.045257568359375,-0.004302978515625,0,0,0,0,0,0,0,0,Object notstarted,Object notstarted,Object notstarted,Object notstarted,Object notstarted,Object notstarted,Object notstarted,Object notstarted,Object notstarted
2024-03-18 10:35:22,043.043,__main___datalogs,INFO,JoyConState.PREP_SNS,-6.587500,10.362500,-126.440000,0.098413,0.006866,0.011443,0.025176,0.000000,0.000000,0.000000,0.000000,0,0,0,0,0,0,0,0,0,0,0,0.045257568359375,-0.004302978515625,0,0,0,0,0,0,0,0,Object notstarted,Object notstarted,Object notstarted,Object notstarted,Object notstarted,Object notstarted,Object notstarted,Object notstarted,Object notstarted
2024-03-18 10:35:22,086.086,__main___datalogs,INFO,JoyConState.PREP_SNS,-6.587500,10.362500,-126.440000,0.096125,0.006866,0.011443,0.025176,0.000000,0.000000,0.000000,0.000000,0,0,0,0,0,0,0,0,0,0,0,0.045257568359375,-0.004302978515625,0,0,0,0,0,0,0,0,Object notstarted,Object notstarted,Object notstarted,Object notstarted,Object notstarted,Object notstarted,Object notstarted,Object notstarted,Object notstarted
2024-03-18 10:35:22,129.129,__main___datalogs,INFO,JoyConState.PREP_SNS,-6.587500,10.362500,-126.440000,0.098413,0.002289,0.011443,0.025176,0.000000,0.000000,0.000000,0.000000,0,0,0,0,0,0,0,0,0,0,0,0.045257568359375,-0.004302978515625,0,0,0,0,0,0,0,0,Object notstarted,Object notstarted,Object notstarted,Object notstarted,Object notstarted,Object notstarted,Object notstarted,Object notstarted,Object notstarted
2024-03-18 10:35:22,172.172,__main___datalogs,INFO,JoyConState.PREP_SNS,-6.587500,10.362500,-126.440000,0.096125,0.006866,0.011443,0.025176,0.000000,0.000000,0.000000,0.000000,0,0,0,0,0,0,0,0,0,0,0,0.045257568359375,-0.004302978515625,0,0,0,0,0,0,0,0,Object notstarted,Object notstarted,Object notstarted,Object notstarted,Object notstarted,Object notstarted,Object notstarted,Object notstarted,Object notstarted
2024-03-18 10:35:22,217.217,__main___datalogs,INFO,JoyConState.PREP_SNS,-6.587500,10.362500,-126.440000,0.096125,0.006866,0.002289,0.025176,0.000000,0.000000,0.000000,0.000000,0,0,0,0,0,0,0,0,0,0,0,0.045257568359375,-0.004302978515625,0,0,0,0,0,0,0,0,Object notstarted,Object notstarted,Object notstarted,Object notstarted,Object notstarted,Object notstarted,Object notstarted,Object notstarted,Object notstarted
2024-03-18 10:35:22,265.265,__main___datalogs,INFO,JoyConState.PREP_SNS,-6.587500,10.362500,-126.440000,0.096125,0.006866,0.004577,0.020598,0.000000,0.000000,0.000000,0.000000,0,0,0,0,0,0,0,0,0,0,0,0.045257568359375,-0.004302978515625,0,0,0,0,0,0,0,0,Object notstarted,Object notstarted,Object notstarted,Object notstarted,Object notstarted,Object notstarted,Object notstarted,Object notstarted,Object notstarted
2024-03-18 10:35:22,313.313,__main___datalogs,INFO,JoyConState.PREP_SNS,-6.587500,10.362500,-126.440000,0.096125,0.006866,0.011443,0.025176,0.000000,0.000000,0.000000,0.000000,0,0,0,0,0,0,0,0,0,0,0,0.045257568359375,-0.004302978515625,0,0,0,0,0,0,0,0,Object notstarted,Object notstarted,Object notstarted,Object notstarted,Object notstarted,Object notstarted,Object notstarted,Object notstarted,Object notstarted
2024-03-18 10:35:22,355.355,__main___datalogs,INFO,JoyConState.PREP_SNS,-6.587500,10.362500,-126.440000,0.091547,0.006866,0.011443,0.025176,0.000000,0.000000,0.000000,0.000000,0,0,0,0,0,0,0,0,0,0,0,0.045257568359375,-0.004302978515625,0,0,0,0,0,0,0,0,Object notstarted,Object notstarted,Object notstarted,Object notstarted,Object notstarted,Object notstarted,Object notstarted,Object notstarted,Object notstarted
2024-03-18 10:35:22,397.397,__main___datalogs,INFO,JoyConState.PREP_SNS,-6.587500,10.362500,-126.440000,0.096125,0.006866,0.011443,0.020598,0.000000,0.000000,0.000000,0.000000,0,0,0,0,0,0,0,0,0,0,0,0.045257568359375,-0.004302978515625,0,0,0,0,0,0,0,0,Object notstarted,Object notstarted,Object notstarted,Object notstarted,Object notstarted,Object notstarted,Object notstarted,Object notstarted,Object notstarted
2024-03-18 10:35:22,439.439,__main___datalogs,INFO,JoyConState.PREP_SNS,-6.587500,10.362500,-126.440000,0.091547,0.002289,0.011443,0.025176,0.000000,0.000000,0.000000,0.000000,0,0,0,0,0,0,0,0,0,0,0,0.045257568359375,-0.004302978515625,0,0,0,0,0,0,0,0,Object notstarted,Object notstarted,Object notstarted,Object notstarted,Object notstarted,Object notstarted,Object notstarted,Object notstarted,Object notstarted
2024-03-18 10:35:22,483.483,__main___datalogs,INFO,JoyConState.PREP_SNS,-6.587500,10.362500,-126.440000,0.096125,0.006866,0.011443,0.025176,0.000000,0.000000,0.000000,0.000000,0,0,0,0,0,0,0,0,0,0,0,0.045257568359375,-0.004302978515625,0,0,0,0,0,0,0,0,Object notstarted,Object notstarted,Object notstarted,Object notstarted,Object notstarted,Object notstarted,Object notstarted,Object notstarted,Object notstarted
2024-03-18 10:35:22,525.525,__main___datalogs,INFO,JoyConState.PREP_SNS,-6.587500,10.362500,-126.440000,0.091547,0.006866,0.011443,0.025176,0.000000,0.000000,0.000000,0.000000,0,0,0,0,0,0,0,0,0,0,0,0.045257568359375,-0.004302978515625,0,0,0,0,0,0,0,0,Object notstarted,Object notstarted,Object notstarted,Object notstarted,Object notstarted,Object notstarted,Object notstarted,Object notstarted,Object notstarted
2024-03-18 10:35:22,567.567,__main___datalogs,INFO,JoyConState.PREP_SNS,-6.587500,10.362500,-126.440000,0.096125,0.006866,0.011443,0.025176,0.000000,0.000000,0.000000,0.000000,0,0,0,0,0,0,0,0,0,0,0,0.045257568359375,-0.004302978515625,0,0,0,0,0,0,0,0,Object notstarted,Object notstarted,Object notstarted,Object notstarted,Object notstarted,Object notstarted,Object notstarted,Object notstarted,Object notstarted
2024-03-18 10:35:22,608.608,__main___datalogs,INFO,JoyConState.PREP_SNS,-6.587500,10.362500,-126.440000,0.098413,0.006866,0.011443,0.025176,0.000000,0.000000,0.000000,0.000000,0,0,0,0,0,0,0,0,0,0,0,0.045257568359375,-0.004302978515625,0,0,0,0,0,0,0,0,Object notstarted,Object notstarted,Object notstarted,Object notstarted,Object notstarted,Object notstarted,Object notstarted,Object notstarted,Object notstarted
2024-03-18 10:35:22,651.651,__main___datalogs,INFO,JoyConState.PREP_SNS,-6.587500,10.362500,-126.440000,0.098413,0.006866,0.011443,0.020598,0.000000,0.000000,0.000000,0.000000,0,0,0,0,0,0,0,0,0,0,0,0.045257568359375,-0.004302978515625,0,0,0,0,0,0,0,0,Object notstarted,Object notstarted,Object notstarted,Object notstarted,Object notstarted,Object notstarted,Object notstarted,Object notstarted,Object notstarted
2024-03-18 10:35:22,693.693,__main___datalogs,INFO,JoyConState.PREP_SNS,-6.587500,10.362500,-126.440000,0.096125,0.002289,0.011443,0.025176,0.000000,0.000000,0.000000,0.000000,0,0,0,0,0,0,0,0,0,0,0,0.045257568359375,-0.004302978515625,0,0,0,0,0,0,0,0,Object notstarted,Object notstarted,Object notstarted,Object notstarted,Object notstarted,Object notstarted,Object notstarted,Object notstarted,Object notstarted
2024-03-18 10:35:22,737.737,__main___datalogs,INFO,JoyConState.PREP_SNS,-6.587500,10.362500,-126.440000,0.096125,0.006866,0.011443,0.025176,0.000000,0.000000,0.000000,0.000000,0,0,0,0,0,0,0,0,0,0,0,0.045257568359375,-0.004302978515625,0,0,0,0,0,0,0,0,Object notstarted,Object notstarted,Object notstarted,Object notstarted,Object notstarted,Object notstarted,Object notstarted,Object notstarted,Object notstarted
2024-03-18 10:35:22,779.779,__main___datalogs,INFO,JoyConState.PREP_SNS,-6.587500,10.362500,-126.440000,0.098413,0.006866,0.004577,0.025176,0.000000,0.000000,0.000000,0.000000,0,0,0,0,0,0,0,0,0,0,0,0.045257568359375,-0.004302978515625,0,0,0,0,0,0,0,0,Object notstarted,Object notstarted,Object notstarted,Object notstarted,Object notstarted,Object notstarted,Object notstarted,Object notstarted,Object notstarted
2024-03-18 10:35:22,823.823,__main___datalogs,INFO,JoyConState.PREP_SNS,-6.587500,10.362500,-126.440000,0.098413,0.002289,0.004577,0.025176,0.000000,0.000000,0.000000,0.000000,0,0,0,0,0,0,0,0,0,0,0,0.045257568359375,-0.004302978515625,0,0,0,0,0,0,0,0,Object notstarted,Object notstarted,Object notstarted,Object notstarted,Object notstarted,Object notstarted,Object notstarted,Object notstarted,Object notstarted
2024-03-18 10:35:22,865.865,__main___datalogs,INFO,JoyConState.PREP_SNS,-6.587500,10.362500,-126.440000,0.098413,0.002289,0.011443,0.025176,0.000000,0.000000,0.000000,0.000000,0,0,0,0,0,0,0,0,0,0,0,0.045257568359375,-0.004302978515625,0,0,0,0,0,0,0,0,Object notstarted,Object notstarted,Object notstarted,Object notstarted,Object notstarted,Object notstarted,Object notstarted,Object notstarted,Object notstarted
2024-03-18 10:35:22,909.909,__main___datalogs,INFO,JoyConState.PREP_SNS,-6.587500,10.362500,-126.440000,0.098413,0.002289,0.011443,0.025176,0.000000,0.000000,0.000000,0.000000,0,0,0,0,0,0,0,0,0,0,0,0.045257568359375,-0.004302978515625,0,0,0,0,0,0,0,0,Object notstarted,Object notstarted,Object notstarted,Object notstarted,Object notstarted,Object notstarted,Object notstarted,Object notstarted,Object notstarted
2024-03-18 10:35:22,951.951,__main___datalogs,INFO,JoyConState.PREP_SNS,-6.587500,10.362500,-126.440000,0.098413,0.002289,0.011443,0.025176,0.000000,0.000000,0.000000,0.000000,0,0,0,0,0,0,0,0,0,0,0,0.045257568359375,-0.004302978515625,0,0,0,0,0,0,0,0,Object notstarted,Object notstarted,Object notstarted,Object notstarted,Object notstarted,Object notstarted,Object notstarted,Object notstarted,Object notstarted
2024-03-18 10:35:22,997.997,__main___datalogs,INFO,JoyConState.PREP_SNS,-6.587500,10.362500,-126.440000,0.096125,0.002289,0.011443,0.025176,0.000000,0.000000,0.000000,0.000000,0,0,0,0,0,0,0,0,0,0,0,0.045257568359375,-0.004302978515625,0,0,0,0,0,0,0,0,Object notstarted,Object notstarted,Object notstarted,Object notstarted,Object notstarted,Object notstarted,Object notstarted,Object notstarted,Object notstarted
2024-03-18 10:35:23,039.039,__main___datalogs,INFO,JoyConState.PREP_SNS,-6.587500,10.362500,-126.440000,0.091547,0.006866,0.013732,0.025176,0.000000,0.000000,0.000000,0.000000,0,0,0,0,0,0,0,0,0,0,0,0.045257568359375,-0.004302978515625,0,0,0,0,0,0,0,0,Object notstarted,Object notstarted,Object notstarted,Object notstarted,Object notstarted,Object notstarted,Object notstarted,Object notstarted,Object notstarted
2024-03-18 10:35:23,085.085,__main___datalogs,INFO,JoyConState.PREP_SNS,-6.587500,10.362500,-126.440000,0.096125,0.006866,0.011443,0.025176,0.000000,0.000000,0.000000,0.000000,0,0,0,0,0,0,0,0,0,0,0,0.045257568359375,-0.004302978515625,0,0,0,0,0,0,0,0,Object notstarted,Object notstarted,Object notstarted,Object notstarted,Object notstarted,Object notstarted,Object notstarted,Object notstarted,Object notstarted
2024-03-18 10:35:23,128.128,__main___datalogs,INFO,JoyConState.PREP_SNS,-6.587500,10.362500,-126.440000,0.096125,0.006866,0.011443,0.025176,0.000000,0.000000,0.000000,0.000000,0,0,0,0,0,0,0,0,0,0,0,0.045257568359375,-0.004302978515625,0,0,0,0,0,0,0,0,Object notstarted,Object notstarted,Object notstarted,Object notstarted,Object notstarted,Object notstarted,Object notstarted,Object notstarted,Object notstarted
2024-03-18 10:35:23,172.172,__main___datalogs,INFO,JoyConState.PREP_SNS,-6.587500,10.362500,-126.440000,0.096125,0.006866,0.011443,0.025176,0.000000,0.000000,0.000000,0.000000,0,0,0,0,0,0,0,0,0,0,0,0.045257568359375,-0.004302978515625,0,0,0,0,0,0,0,0,Object notstarted,Object notstarted,Object notstarted,Object notstarted,Object notstarted,Object notstarted,Object notstarted,Object notstarted,Object notstarted
2024-03-18 10:35:23,214.214,__main___datalogs,INFO,JoyConState.PREP_SNS,-6.587500,10.362500,-126.440000,0.098413,0.002289,0.011443,0.025176,0.000000,0.000000,0.000000,0.000000,0,0,0,0,0,0,0,0,0,0,0,0.045257568359375,-0.004302978515625,0,0,0,0,0,0,0,0,Object notstarted,Object notstarted,Object notstarted,Object notstarted,Object notstarted,Object notstarted,Object notstarted,Object notstarted,Object notstarted
2024-03-18 10:35:23,258.258,__main___datalogs,INFO,JoyConState.PREP_SNS,-6.587500,10.362500,-126.440000,0.096125,0.002289,0.011443,0.025176,0.000000,0.000000,0.000000,0.000000,0,0,0,0,0,0,0,0,0,0,0,0.045257568359375,-0.004302978515625,0,0,0,0,0,0,0,0,Object notstarted,Object notstarted,Object notstarted,Object notstarted,Object notstarted,Object notstarted,Object notstarted,Object notstarted,Object notstarted
2024-03-18 10:35:23,300.300,__main___datalogs,INFO,JoyConState.PREP_SNS,-6.587500,10.362500,-126.440000,0.098413,0.002289,0.004577,0.025176,0.000000,0.000000,0.000000,0.000000,0,0,0,0,0,0,0,0,0,0,0,0.045257568359375,-0.004302978515625,0,0,0,0,0,0,0,0,Object notstarted,Object notstarted,Object notstarted,Object notstarted,Object notstarted,Object notstarted,Object notstarted,Object notstarted,Object notstarted
2024-03-18 10:35:23,345.345,__main___datalogs,INFO,JoyConState.PREP_SNS,-6.587500,10.362500,-126.440000,0.098413,0.002289,0.004577,0.025176,0.000000,0.000000,0.000000,0.000000,0,0,0,0,0,0,0,0,0,0,0,0.045257568359375,-0.004302978515625,0,0,0,0,0,0,0,0,Object notstarted,Object notstarted,Object notstarted,Object notstarted,Object notstarted,Object notstarted,Object notstarted,Object notstarted,Object notstarted
2024-03-18 10:35:23,387.387,__main___datalogs,INFO,JoyConState.PREP_SNS,-6.587500,10.362500,-126.440000,0.096125,0.002289,0.004577,0.025176,0.000000,0.000000,0.000000,0.000000,0,0,0,0,0,0,0,0,0,0,0,0.045257568359375,-0.004302978515625,0,0,0,0,0,0,0,0,Object notstarted,Object notstarted,Object notstarted,Object notstarted,Object notstarted,Object notstarted,Object notstarted,Object notstarted,Object notstarted
2024-03-18 10:35:23,429.429,__main___datalogs,INFO,JoyConState.PREP_SNS,-6.587500,10.362500,-126.440000,0.098413,0.002289,0.004577,0.025176,0.000000,0.000000,0.000000,0.000000,0,0,0,0,0,0,0,0,0,0,0,0.045257568359375,-0.004302978515625,0,0,0,0,0,0,0,0,Object notstarted,Object notstarted,Object notstarted,Object notstarted,Object notstarted,Object notstarted,Object notstarted,Object notstarted,Object notstarted
2024-03-18 10:35:23,472.472,__main___datalogs,INFO,JoyConState.PREP_SNS,-6.587500,10.362500,-126.440000,0.098413,0.002289,0.011443,0.025176,0.000000,0.000000,0.000000,0.000000,0,0,0,0,0,0,0,0,0,0,0,0.045257568359375,-0.004302978515625,0,0,0,0,0,0,0,0,Object notstarted,Object notstarted,Object notstarted,Object notstarted,Object notstarted,Object notstarted,Object notstarted,Object notstarted,Object notstarted
2024-03-18 10:35:23,515.515,__main___datalogs,INFO,JoyConState.PREP_SNS,-6.587500,10.362500,-126.440000,0.098413,0.002289,0.011443,0.025176,0.000000,0.000000,0.000000,0.000000,0,0,0,0,0,0,0,0,0,0,0,0.045257568359375,-0.004302978515625,0,0,0,0,0,0,0,0,Object notstarted,Object notstarted,Object notstarted,Object notstarted,Object notstarted,Object notstarted,Object notstarted,Object notstarted,Object notstarted
2024-03-18 10:35:23,558.558,__main___datalogs,INFO,JoyConState.PREP_SNS,-6.587500,10.362500,-126.440000,0.098413,0.002289,0.011443,0.020598,0.000000,0.000000,0.000000,0.000000,0,0,0,0,0,0,0,0,0,0,0,0.045257568359375,-0.004302978515625,0,0,0,0,0,0,0,0,Object notstarted,Object notstarted,Object notstarted,Object notstarted,Object notstarted,Object notstarted,Object notstarted,Object notstarted,Object notstarted
2024-03-18 10:35:23,599.599,__main___datalogs,INFO,JoyConState.PREP_SNS,-6.587500,10.362500,-126.440000,0.098413,0.006866,0.011443,0.020598,0.000000,0.000000,0.000000,0.000000,0,0,0,0,0,0,0,0,0,0,0,0.045257568359375,-0.004302978515625,0,0,0,0,0,0,0,0,Object notstarted,Object notstarted,Object notstarted,Object notstarted,Object notstarted,Object notstarted,Object notstarted,Object notstarted,Object notstarted
2024-03-18 10:35:23,640.640,__main___datalogs,INFO,JoyConState.PREP_SNS,-6.587500,10.362500,-126.440000,0.098413,0.006866,0.011443,0.025176,0.000000,0.000000,0.000000,0.000000,0,0,0,0,0,0,0,0,0,0,0,0.045257568359375,-0.004302978515625,0,0,0,0,0,0,0,0,Object notstarted,Object notstarted,Object notstarted,Object notstarted,Object notstarted,Object notstarted,Object notstarted,Object notstarted,Object notstarted
2024-03-18 10:35:23,686.686,__main___datalogs,INFO,JoyConState.PREP_SNS,-6.587500,10.362500,-126.440000,0.096125,0.002289,0.011443,0.020598,0.000000,0.000000,0.000000,0.000000,0,0,0,0,0,0,0,0,0,0,0,0.045257568359375,-0.004302978515625,0,0,0,0,0,0,0,0,Object notstarted,Object notstarted,Object notstarted,Object notstarted,Object notstarted,Object notstarted,Object notstarted,Object notstarted,Object notstarted
2024-03-18 10:35:23,729.729,__main___datalogs,INFO,JoyConState.PREP_SNS,-6.587500,10.362500,-126.440000,0.091547,0.006866,0.011443,0.025176,0.000000,0.000000,0.000000,0.000000,0,0,0,0,0,0,0,0,0,0,0,0.045257568359375,-0.004302978515625,0,0,0,0,0,0,0,0,Object notstarted,Object notstarted,Object notstarted,Object notstarted,Object notstarted,Object notstarted,Object notstarted,Object notstarted,Object notstarted
2024-03-18 10:35:23,773.773,__main___datalogs,INFO,JoyConState.PREP_SNS,-6.587500,10.362500,-126.440000,0.096125,0.006866,0.011443,0.025176,0.000000,0.000000,0.000000,0.000000,0,0,0,0,0,0,0,0,0,0,0,0.045257568359375,-0.004302978515625,0,0,0,0,0,0,0,0,Object notstarted,Object notstarted,Object notstarted,Object notstarted,Object notstarted,Object notstarted,Object notstarted,Object notstarted,Object notstarted
2024-03-18 10:35:23,813.813,__main___datalogs,INFO,JoyConState.PREP_SNS,-6.587500,10.362500,-126.440000,0.098413,0.006866,0.011443,0.020598,0.000000,0.000000,0.000000,0.000000,0,0,0,0,0,0,0,0,0,0,0,0.045257568359375,-0.004302978515625,0,0,0,0,0,0,0,0,Object notstarted,Object notstarted,Object notstarted,Object notstarted,Object notstarted,Object notstarted,Object notstarted,Object notstarted,Object notstarted
2024-03-18 10:35:23,856.856,__main___datalogs,INFO,JoyConState.PREP_SNS,-6.587500,10.362500,-126.440000,0.096125,0.006866,0.002289,0.025176,0.000000,0.000000,0.000000,0.000000,0,0,0,0,0,0,0,0,0,0,0,0.045257568359375,-0.004302978515625,0,0,0,0,0,0,0,0,Object notstarted,Object notstarted,Object notstarted,Object notstarted,Object notstarted,Object notstarted,Object notstarted,Object notstarted,Object notstarted
2024-03-18 10:35:23,899.899,__main___datalogs,INFO,JoyConState.PREP_SNS,-6.587500,10.362500,-126.440000,0.098413,0.006866,0.004577,0.025176,0.000000,0.000000,0.000000,0.000000,0,0,0,0,0,0,0,0,0,0,0,0.045257568359375,-0.004302978515625,0,0,0,0,0,0,0,0,Object notstarted,Object notstarted,Object notstarted,Object notstarted,Object notstarted,Object notstarted,Object notstarted,Object notstarted,Object notstarted
2024-03-18 10:35:23,942.942,__main___datalogs,INFO,JoyConState.PREP_SNS,-6.587500,10.362500,-126.440000,0.098413,0.006866,0.004577,0.025176,0.000000,0.000000,0.000000,0.000000,0,0,0,0,0,0,0,0,0,0,0,0.045257568359375,-0.004302978515625,0,0,0,0,0,0,0,0,Object notstarted,Object notstarted,Object notstarted,Object notstarted,Object notstarted,Object notstarted,Object notstarted,Object notstarted,Object notstarted
2024-03-18 10:35:23,985.985,__main___datalogs,INFO,JoyConState.PREP_SNS,-6.587500,10.362500,-126.440000,0.096125,0.006866,0.004577,0.025176,0.000000,0.000000,0.000000,0.000000,0,0,0,0,0,0,0,0,0,0,0,0.045257568359375,-0.004302978515625,0,0,0,0,0,0,0,0,Object notstarted,Object notstarted,Object notstarted,Object notstarted,Object notstarted,Object notstarted,Object notstarted,Object notstarted,Object notstarted
2024-03-18 10:35:24,028.028,__main___datalogs,INFO,JoyConState.PREP_SNS,-6.587500,10.362500,-126.440000,0.098413,0.002289,0.004577,0.025176,0.000000,0.000000,0.000000,0.000000,0,0,0,0,0,0,0,0,0,0,0,0.045257568359375,-0.004302978515625,0,0,0,0,0,0,0,0,Object notstarted,Object notstarted,Object notstarted,Object notstarted,Object notstarted,Object notstarted,Object notstarted,Object notstarted,Object notstarted
2024-03-18 10:35:24,071.071,__main___datalogs,INFO,JoyConState.PREP_SNS,-6.587500,10.362500,-126.440000,0.098413,0.002289,0.004577,0.025176,0.000000,0.000000,0.000000,0.000000,0,0,0,0,0,0,0,0,0,0,0,0.045257568359375,-0.004302978515625,0,0,0,0,0,0,0,0,Object notstarted,Object notstarted,Object notstarted,Object notstarted,Object notstarted,Object notstarted,Object notstarted,Object notstarted,Object notstarted
2024-03-18 10:35:24,130.130,__main___datalogs,INFO,JoyConState.PREP_SNS,-6.587500,10.362500,-126.440000,0.096125,0.006866,0.011443,0.025176,0.000000,0.000000,0.000000,0.000000,0,0,0,0,0,0,0,0,0,0,0,0.045257568359375,-0.004302978515625,0,0,0,0,0,0,0,0,Object notstarted,Object notstarted,Object notstarted,Object notstarted,Object notstarted,Object notstarted,Object notstarted,Object notstarted,Object notstarted
2024-03-18 10:35:24,189.189,__main___datalogs,INFO,JoyConState.PREP_SNS,-6.587500,10.362500,-126.440000,0.098413,0.006866,0.011443,0.020598,0.000000,0.000000,0.000000,0.000000,0,0,0,0,0,0,0,0,0,0,0,0.045257568359375,-0.004302978515625,0,0,0,0,0,0,0,0,Object notstarted,Object notstarted,Object notstarted,Object notstarted,Object notstarted,Object notstarted,Object notstarted,Object notstarted,Object notstarted
2024-03-18 10:35:24,235.235,__main___datalogs,INFO,JoyConState.PREP_SNS,-6.587500,10.362500,-126.440000,0.098413,0.002289,0.004577,0.025176,0.000000,0.000000,0.000000,0.000000,0,0,0,0,0,0,0,0,0,0,0,0.045257568359375,-0.004302978515625,0,0,0,0,0,0,0,0,Object notstarted,Object notstarted,Object notstarted,Object notstarted,Object notstarted,Object notstarted,Object notstarted,Object notstarted,Object notstarted
2024-03-18 10:35:24,278.278,__main___datalogs,INFO,JoyConState.PREP_SNS,-6.587500,10.362500,-126.440000,0.098413,0.002289,0.004577,0.025176,0.000000,0.000000,0.000000,0.000000,0,0,0,0,0,0,0,0,0,0,0,0.045257568359375,-0.004302978515625,0,0,0,0,0,0,0,0,Object notstarted,Object notstarted,Object notstarted,Object notstarted,Object notstarted,Object notstarted,Object notstarted,Object notstarted,Object notstarted
2024-03-18 10:35:24,321.321,__main___datalogs,INFO,JoyConState.PREP_SNS,-6.587500,10.362500,-126.440000,0.096125,0.002289,0.011443,0.025176,0.000000,0.000000,0.000000,0.000000,0,0,0,0,0,0,0,0,0,0,0,0.045257568359375,-0.004302978515625,0,0,0,0,0,0,0,0,Object notstarted,Object notstarted,Object notstarted,Object notstarted,Object notstarted,Object notstarted,Object notstarted,Object notstarted,Object notstarted
2024-03-18 10:35:24,362.362,__main___datalogs,INFO,JoyConState.PREP_SNS,-6.587500,10.362500,-126.440000,0.096125,0.002289,0.011443,0.025176,0.000000,0.000000,0.000000,0.000000,0,0,0,0,0,0,0,0,0,0,0,0.045257568359375,-0.004302978515625,0,0,0,0,0,0,0,0,Object notstarted,Object notstarted,Object notstarted,Object notstarted,Object notstarted,Object notstarted,Object notstarted,Object notstarted,Object notstarted
2024-03-18 10:35:24,404.404,__main___datalogs,INFO,JoyConState.PREP_SNS,-6.587500,10.362500,-126.440000,0.098413,0.002289,0.011443,0.020598,0.000000,0.000000,0.000000,0.000000,0,0,0,0,0,0,0,0,0,0,0,0.045257568359375,-0.004302978515625,0,0,0,0,0,0,0,0,Object notstarted,Object notstarted,Object notstarted,Object notstarted,Object notstarted,Object notstarted,Object notstarted,Object notstarted,Object notstarted
2024-03-18 10:35:24,446.446,__main___datalogs,INFO,JoyConState.PREP_SNS,-6.587500,10.362500,-126.440000,0.098413,0.006866,0.004577,0.020598,0.000000,0.000000,0.000000,0.000000,0,0,0,0,0,0,0,0,0,0,0,0.045257568359375,-0.004302978515625,0,0,0,0,0,0,0,0,Object notstarted,Object notstarted,Object notstarted,Object notstarted,Object notstarted,Object notstarted,Object notstarted,Object notstarted,Object notstarted
2024-03-18 10:35:24,490.490,__main___datalogs,INFO,JoyConState.PREP_SNS,-6.587500,10.362500,-126.440000,0.096125,0.006866,0.011443,0.025176,0.000000,0.000000,0.000000,0.000000,0,0,0,0,0,0,0,0,0,0,0,0.045257568359375,-0.004302978515625,0,0,0,0,0,0,0,0,Object notstarted,Object notstarted,Object notstarted,Object notstarted,Object notstarted,Object notstarted,Object notstarted,Object notstarted,Object notstarted
2024-03-18 10:35:24,533.533,__main___datalogs,INFO,JoyConState.PREP_SNS,-6.587500,10.362500,-126.440000,0.098413,0.006866,0.011443,0.025176,0.000000,0.000000,0.000000,0.000000,0,0,0,0,0,0,0,0,0,0,0,0.045257568359375,-0.004302978515625,0,0,0,0,0,0,0,0,Object notstarted,Object notstarted,Object notstarted,Object notstarted,Object notstarted,Object notstarted,Object notstarted,Object notstarted,Object notstarted
2024-03-18 10:35:24,576.576,__main___datalogs,INFO,JoyConState.PREP_SNS,-6.587500,10.362500,-126.440000,0.098413,0.006866,0.013732,0.025176,0.000000,0.000000,0.000000,0.000000,0,0,0,0,0,0,0,0,0,0,0,0.045257568359375,-0.004302978515625,0,0,0,0,0,0,0,0,Object notstarted,Object notstarted,Object notstarted,Object notstarted,Object notstarted,Object notstarted,Object notstarted,Object notstarted,Object notstarted
2024-03-18 10:35:24,618.618,__main___datalogs,INFO,JoyConState.PREP_SNS,-6.587500,10.362500,-126.440000,0.098413,0.006866,0.004577,0.025176,0.000000,0.000000,0.000000,0.000000,0,0,0,0,0,0,0,0,0,0,0,0.045257568359375,-0.004302978515625,0,0,0,0,0,0,0,0,Object notstarted,Object notstarted,Object notstarted,Object notstarted,Object notstarted,Object notstarted,Object notstarted,Object notstarted,Object notstarted
2024-03-18 10:35:24,663.663,__main___datalogs,INFO,JoyConState.PREP_SNS,-6.587500,10.362500,-126.440000,0.096125,0.006866,0.004577,0.025176,0.000000,0.000000,0.000000,0.000000,0,0,0,0,0,0,0,0,0,0,0,0.045257568359375,-0.004302978515625,0,0,0,0,0,0,0,0,Object notstarted,Object notstarted,Object notstarted,Object notstarted,Object notstarted,Object notstarted,Object notstarted,Object notstarted,Object notstarted
2024-03-18 10:35:24,706.706,__main___datalogs,INFO,JoyConState.PREP_SNS,-6.587500,10.362500,-126.440000,0.091547,0.006866,0.011443,0.025176,0.000000,0.000000,0.000000,0.000000,0,0,0,0,0,0,0,0,0,0,0,0.045257568359375,-0.004302978515625,0,0,0,0,0,0,0,0,Object notstarted,Object notstarted,Object notstarted,Object notstarted,Object notstarted,Object notstarted,Object notstarted,Object notstarted,Object notstarted
2024-03-18 10:35:24,750.750,__main___datalogs,INFO,JoyConState.PREP_SNS,-6.587500,10.362500,-126.440000,0.096125,0.002289,0.011443,0.025176,0.000000,0.000000,0.000000,0.000000,0,0,0,0,0,0,0,0,0,0,0,0.045257568359375,-0.004302978515625,0,0,0,0,0,0,0,0,Object notstarted,Object notstarted,Object notstarted,Object notstarted,Object notstarted,Object notstarted,Object notstarted,Object notstarted,Object notstarted
2024-03-18 10:35:24,792.792,__main___datalogs,INFO,JoyConState.PREP_SNS,-6.587500,10.362500,-126.440000,0.096125,0.002289,0.004577,0.025176,0.000000,0.000000,0.000000,0.000000,0,0,0,0,0,0,0,0,0,0,0,0.045257568359375,-0.004302978515625,0,0,0,0,0,0,0,0,Object notstarted,Object notstarted,Object notstarted,Object notstarted,Object notstarted,Object notstarted,Object notstarted,Object notstarted,Object notstarted
2024-03-18 10:35:24,835.835,__main___datalogs,INFO,JoyConState.PREP_SNS,-6.587500,10.362500,-126.440000,0.096125,0.002289,0.004577,0.025176,0.000000,0.000000,0.000000,0.000000,0,0,0,0,0,0,0,0,0,0,0,0.045257568359375,-0.004302978515625,0,0,0,0,0,0,0,0,Object notstarted,Object notstarted,Object notstarted,Object notstarted,Object notstarted,Object notstarted,Object notstarted,Object notstarted,Object notstarted
2024-03-18 10:35:24,878.878,__main___datalogs,INFO,JoyConState.PREP_SNS,-6.587500,10.362500,-126.440000,0.096125,0.006866,0.004577,0.025176,0.000000,0.000000,0.000000,0.000000,0,0,0,0,0,0,0,0,0,0,0,0.045257568359375,-0.004302978515625,0,0,0,0,0,0,0,0,Object notstarted,Object notstarted,Object notstarted,Object notstarted,Object notstarted,Object notstarted,Object notstarted,Object notstarted,Object notstarted
2024-03-18 10:35:24,921.921,__main___datalogs,INFO,JoyConState.PREP_SNS,-6.587500,10.362500,-126.440000,0.096125,0.006866,0.004577,0.025176,0.000000,0.000000,0.000000,0.000000,0,0,0,0,0,0,0,0,0,0,0,0.045257568359375,-0.004302978515625,0,0,0,0,0,0,0,0,Object notstarted,Object notstarted,Object notstarted,Object notstarted,Object notstarted,Object notstarted,Object notstarted,Object notstarted,Object notstarted
2024-03-18 10:35:24,962.962,__main___datalogs,INFO,JoyConState.PREP_SNS,-6.587500,10.362500,-126.440000,0.096125,0.002289,0.004577,0.025176,0.000000,0.000000,0.000000,0.000000,0,0,0,0,0,0,0,0,0,0,0,0.045257568359375,-0.004302978515625,0,0,0,0,0,0,0,0,Object notstarted,Object notstarted,Object notstarted,Object notstarted,Object notstarted,Object notstarted,Object notstarted,Object notstarted,Object notstarted
2024-03-18 10:35:25,006.006,__main___datalogs,INFO,JoyConState.PREP_SNS,-6.587500,10.362500,-126.440000,0.096125,0.002289,0.004577,0.025176,0.000000,0.000000,0.000000,0.000000,0,0,0,0,0,0,0,0,0,0,0,0.045257568359375,-0.004302978515625,0,0,0,0,0,0,0,0,Object notstarted,Object notstarted,Object notstarted,Object notstarted,Object notstarted,Object notstarted,Object notstarted,Object notstarted,Object notstarted
2024-03-18 10:35:25,046.046,__main___datalogs,INFO,JoyConState.PREP_SNS,-6.587500,10.362500,-126.440000,0.096125,0.006866,0.004577,0.025176,0.000000,0.000000,0.000000,0.000000,0,0,0,0,0,0,0,0,0,0,0,0.045257568359375,-0.004302978515625,0,0,0,0,0,0,0,0,Object notstarted,Object notstarted,Object notstarted,Object notstarted,Object notstarted,Object notstarted,Object notstarted,Object notstarted,Object notstarted
2024-03-18 10:35:25,089.089,__main___datalogs,INFO,JoyConState.PREP_SNS,-6.587500,10.362500,-126.440000,0.096125,0.002289,0.004577,0.025176,0.000000,0.000000,0.000000,0.000000,0,0,0,0,0,0,0,0,0,0,0,0.045257568359375,-0.004302978515625,0,0,0,0,0,0,0,0,Object notstarted,Object notstarted,Object notstarted,Object notstarted,Object notstarted,Object notstarted,Object notstarted,Object notstarted,Object notstarted
2024-03-18 10:35:25,132.132,__main___datalogs,INFO,JoyConState.PREP_SNS,-6.587500,10.362500,-126.440000,0.096125,0.006866,0.004577,0.025176,0.000000,0.000000,0.000000,0.000000,0,0,0,0,0,0,0,0,0,0,0,0.045257568359375,-0.004302978515625,0,0,0,0,0,0,0,0,Object notstarted,Object notstarted,Object notstarted,Object notstarted,Object notstarted,Object notstarted,Object notstarted,Object notstarted,Object notstarted
2024-03-18 10:35:25,198.198,__main___datalogs,INFO,JoyConState.GO_HOME,-6.587500,10.362500,-126.440000,0.096125,0.006866,0.004577,0.025176,0.000000,0.000000,0.000000,0.000000,0,0,0,0,0,0,0,0,0,0,0,0.045257568359375,-0.004302978515625,0,0,0,0,0,0,0,0,Object notstarted,Object notstarted,Object notstarted,Object notstarted,Object notstarted,Object notstarted,Object notstarted,Object notstarted,Object notstarted
2024-03-18 10:35:25,253.253,__main___datalogs,INFO,JoyConState.GO_HOME,-6.587500,10.362500,-126.402500,0.096125,0.002289,0.011443,0.025176,0.000000,0.000000,0.000000,0.000000,0,0,0,0,0,0,0,0,0,0,0,0.045257568359375,-0.004302978515625,0,0,0,0,0,0,0,0,Object notstarted,Object notstarted,Object notstarted,Object notstarted,Object notstarted,Object notstarted,Object notstarted,Object notstarted,Object notstarted
2024-03-18 10:35:25,300.300,__main___datalogs,INFO,JoyConState.GO_HOME,-6.575000,10.337500,-126.157500,0.096125,0.002289,0.011443,0.020598,0.000000,0.000000,0.000000,0.000000,0,0,0,0,0,0,0,0,0,0,0,0.045257568359375,-0.004302978515625,0,0,0,0,0,0,0,0,Object notstarted,Object notstarted,Object notstarted,Object notstarted,Object notstarted,Object notstarted,Object notstarted,Object notstarted,Object notstarted
2024-03-18 10:35:25,342.342,__main___datalogs,INFO,JoyConState.GO_HOME,-6.550000,10.300000,-125.700000,0.096125,0.002289,0.011443,0.020598,0.000000,0.000000,0.000000,0.000000,0,0,0,0,0,0,0,0,0,0,0,0.045257568359375,-0.004302978515625,0,0,0,0,0,0,0,0,Object notstarted,Object notstarted,Object notstarted,Object notstarted,Object notstarted,Object notstarted,Object notstarted,Object notstarted,Object notstarted
2024-03-18 10:35:25,385.385,__main___datalogs,INFO,JoyConState.GO_HOME,-6.512500,10.250000,-125.095000,0.096125,0.002289,0.004577,0.025176,0.000000,0.000000,0.000000,0.000000,0,0,0,0,0,0,0,0,0,0,0,0.045257568359375,-0.004302978515625,0,0,0,0,0,0,0,0,Object notstarted,Object notstarted,Object notstarted,Object notstarted,Object notstarted,Object notstarted,Object notstarted,Object notstarted,Object notstarted
2024-03-18 10:35:25,430.430,__main___datalogs,INFO,JoyConState.GO_HOME,-6.475000,10.187500,-124.280000,0.096125,0.002289,0.011443,0.025176,0.000000,0.000000,0.000000,0.000000,0,0,0,0,0,0,0,0,0,0,0,0.045257568359375,-0.004302978515625,0,0,0,0,0,0,0,0,Object notstarted,Object notstarted,Object notstarted,Object notstarted,Object notstarted,Object notstarted,Object notstarted,Object notstarted,Object notstarted
2024-03-18 10:35:25,475.475,__main___datalogs,INFO,JoyConState.GO_HOME,-6.425000,10.100000,-123.255000,0.096125,0.002289,0.013732,0.025176,0.000000,0.000000,0.000000,0.000000,0,0,0,0,0,0,0,0,0,0,0,0.045257568359375,-0.004302978515625,0,0,0,0,0,0,0,0,Object notstarted,Object notstarted,Object notstarted,Object notstarted,Object notstarted,Object notstarted,Object notstarted,Object notstarted,Object notstarted
2024-03-18 10:35:25,519.519,__main___datalogs,INFO,JoyConState.GO_HOME,-6.362500,10.000000,-122.020000,0.096125,0.006866,0.011443,0.025176,0.000000,0.000000,0.000000,0.000000,0,0,0,0,0,0,0,0,0,0,0,0.045257568359375,-0.004302978515625,0,0,0,0,0,0,0,0,Object notstarted,Object notstarted,Object notstarted,Object notstarted,Object notstarted,Object notstarted,Object notstarted,Object notstarted,Object notstarted
2024-03-18 10:35:25,565.565,__main___datalogs,INFO,JoyConState.GO_HOME,-6.287500,9.887500,-120.635000,0.102991,0.006866,0.011443,0.025176,0.000000,0.000000,0.000000,0.000000,0,0,0,0,0,0,0,0,0,0,0,0.045257568359375,-0.004302978515625,0,0,0,0,0,0,0,0,Object notstarted,Object notstarted,Object notstarted,Object notstarted,Object notstarted,Object notstarted,Object notstarted,Object notstarted,Object notstarted
2024-03-18 10:35:25,609.609,__main___datalogs,INFO,JoyConState.GO_HOME,-6.200000,9.750000,-119.015000,0.098413,0.006866,0.011443,0.025176,0.000000,0.000000,0.000000,0.000000,0,0,0,0,0,0,0,0,0,0,0,0.045257568359375,-0.004302978515625,0,0,0,0,0,0,0,0,Object notstarted,Object notstarted,Object notstarted,Object notstarted,Object notstarted,Object notstarted,Object notstarted,Object notstarted,Object notstarted
2024-03-18 10:35:25,655.655,__main___datalogs,INFO,JoyConState.GO_HOME,-6.125000,9.625000,-117.500000,0.098413,0.006866,0.011443,0.025176,0.000000,0.000000,0.000000,0.000000,0,0,0,0,0,0,0,0,0,0,0,0.045257568359375,-0.004302978515625,0,0,0,0,0,0,0,0,Object notstarted,Object notstarted,Object notstarted,Object notstarted,Object notstarted,Object notstarted,Object notstarted,Object notstarted,Object notstarted
2024-03-18 10:35:25,700.700,__main___datalogs,INFO,JoyConState.GO_HOME,-6.037500,9.500000,-115.885000,0.098413,0.006866,0.013732,0.025176,0.000000,0.000000,0.000000,0.000000,0,0,0,0,0,0,0,0,0,0,0,0.045257568359375,-0.004302978515625,0,0,0,0,0,0,0,0,Object notstarted,Object notstarted,Object notstarted,Object notstarted,Object notstarted,Object notstarted,Object notstarted,Object notstarted,Object notstarted
2024-03-18 10:35:25,745.745,__main___datalogs,INFO,JoyConState.GO_HOME,-5.962500,9.375000,-114.325000,0.096125,0.006866,0.011443,0.025176,0.000000,0.000000,0.000000,0.000000,0,0,0,0,0,0,0,0,0,0,0,0.045257568359375,-0.004302978515625,0,0,0,0,0,0,0,0,Object notstarted,Object notstarted,Object notstarted,Object notstarted,Object notstarted,Object notstarted,Object notstarted,Object notstarted,Object notstarted
2024-03-18 10:35:25,789.789,__main___datalogs,INFO,JoyConState.GO_HOME,-5.875000,9.237500,-112.760000,0.096125,0.006866,0.004577,0.025176,0.000000,0.000000,0.000000,0.000000,0,0,0,0,0,0,0,0,0,0,0,0.045257568359375,-0.004302978515625,0,0,0,0,0,0,0,0,Object notstarted,Object notstarted,Object notstarted,Object notstarted,Object notstarted,Object notstarted,Object notstarted,Object notstarted,Object notstarted
2024-03-18 10:35:25,832.832,__main___datalogs,INFO,JoyConState.GO_HOME,-5.800000,9.112500,-111.230000,0.096125,0.006866,0.004577,0.020598,0.000000,0.000000,0.000000,0.000000,0,0,0,0,0,0,0,0,0,0,0,0.045257568359375,-0.004302978515625,0,0,0,0,0,0,0,0,Object notstarted,Object notstarted,Object notstarted,Object notstarted,Object notstarted,Object notstarted,Object notstarted,Object notstarted,Object notstarted
2024-03-18 10:35:25,875.875,__main___datalogs,INFO,JoyConState.GO_HOME,-5.712500,8.987500,-109.715000,0.096125,0.006866,0.004577,0.025176,0.000000,0.000000,0.000000,0.000000,0,0,0,0,0,0,0,0,0,0,0,0.045257568359375,-0.004302978515625,0,0,0,0,0,0,0,0,Object notstarted,Object notstarted,Object notstarted,Object notstarted,Object notstarted,Object notstarted,Object notstarted,Object notstarted,Object notstarted
2024-03-18 10:35:25,920.920,__main___datalogs,INFO,JoyConState.GO_HOME,-5.637500,8.875000,-108.225000,0.096125,0.002289,0.004577,0.025176,0.000000,0.000000,0.000000,0.000000,0,0,0,0,0,0,0,0,0,0,0,0.045257568359375,-0.004302978515625,0,0,0,0,0,0,0,0,Object notstarted,Object notstarted,Object notstarted,Object notstarted,Object notstarted,Object notstarted,Object notstarted,Object notstarted,Object notstarted
2024-03-18 10:35:25,965.965,__main___datalogs,INFO,JoyConState.GO_HOME,-5.550000,8.737500,-106.635000,0.096125,0.006866,0.011443,0.020598,0.000000,0.000000,0.000000,0.000000,0,0,0,0,0,0,0,0,0,0,0,0.045257568359375,-0.004302978515625,0,0,0,0,0,0,0,0,Object notstarted,Object notstarted,Object notstarted,Object notstarted,Object notstarted,Object notstarted,Object notstarted,Object notstarted,Object notstarted
2024-03-18 10:35:26,011.011,__main___datalogs,INFO,JoyConState.GO_HOME,-5.475000,8.612500,-105.070000,0.096125,0.006866,0.011443,0.025176,0.000000,0.000000,0.000000,0.000000,0,0,0,0,0,0,0,0,0,0,0,0.045257568359375,-0.004302978515625,0,0,0,0,0,0,0,0,Object notstarted,Object notstarted,Object notstarted,Object notstarted,Object notstarted,Object notstarted,Object notstarted,Object notstarted,Object notstarted
2024-03-18 10:35:26,056.056,__main___datalogs,INFO,JoyConState.GO_HOME,-5.387500,8.475000,-103.470000,0.098413,0.002289,0.011443,0.025176,0.000000,0.000000,0.000000,0.000000,0,0,0,0,0,0,0,0,0,0,0,0.045257568359375,-0.004302978515625,0,0,0,0,0,0,0,0,Object notstarted,Object notstarted,Object notstarted,Object notstarted,Object notstarted,Object notstarted,Object notstarted,Object notstarted,Object notstarted
2024-03-18 10:35:26,102.102,__main___datalogs,INFO,JoyConState.GO_HOME,-5.312500,8.350000,-101.895000,0.098413,0.002289,0.011443,0.025176,0.000000,0.000000,0.000000,0.000000,0,0,0,0,0,0,0,0,0,0,0,0.045257568359375,-0.004302978515625,0,0,0,0,0,0,0,0,Object notstarted,Object notstarted,Object notstarted,Object notstarted,Object notstarted,Object notstarted,Object notstarted,Object notstarted,Object notstarted
2024-03-18 10:35:26,144.144,__main___datalogs,INFO,JoyConState.GO_HOME,-5.225000,8.225000,-100.320000,0.098413,0.002289,0.011443,0.020598,0.000000,0.000000,0.000000,0.000000,0,0,0,0,0,0,0,0,0,0,0,0.045257568359375,-0.004302978515625,0,0,0,0,0,0,0,0,Object notstarted,Object notstarted,Object notstarted,Object notstarted,Object notstarted,Object notstarted,Object notstarted,Object notstarted,Object notstarted
2024-03-18 10:35:26,189.189,__main___datalogs,INFO,JoyConState.GO_HOME,-5.150000,8.100000,-98.845000,0.098413,0.002289,0.011443,0.020598,0.000000,0.000000,0.000000,0.000000,0,0,0,0,0,0,0,0,0,0,0,0.045257568359375,-0.004302978515625,0,0,0,0,0,0,0,0,Object notstarted,Object notstarted,Object notstarted,Object notstarted,Object notstarted,Object notstarted,Object notstarted,Object notstarted,Object notstarted
2024-03-18 10:35:26,234.234,__main___datalogs,INFO,JoyConState.GO_HOME,-5.062500,7.975000,-97.255000,0.098413,0.006866,0.011443,0.020598,0.000000,0.000000,0.000000,0.000000,0,0,0,0,0,0,0,0,0,0,0,0.045257568359375,-0.004302978515625,0,0,0,0,0,0,0,0,Object notstarted,Object notstarted,Object notstarted,Object notstarted,Object notstarted,Object notstarted,Object notstarted,Object notstarted,Object notstarted
2024-03-18 10:35:26,315.315,__main___datalogs,INFO,JoyConState.GO_HOME,-4.937500,7.762500,-94.720000,0.098413,0.006866,0.011443,0.020598,0.000000,0.000000,0.000000,0.000000,0,0,0,0,0,0,0,0,0,0,0,0.045257568359375,-0.004302978515625,0,0,0,0,0,0,0,0,Object notstarted,Object notstarted,Object notstarted,Object notstarted,Object notstarted,Object notstarted,Object notstarted,Object notstarted,Object notstarted
2024-03-18 10:35:26,382.382,__main___datalogs,INFO,JoyConState.GO_HOME,-4.812500,7.562500,-92.290000,0.096125,0.006866,0.011443,0.025176,0.000000,0.000000,0.000000,0.000000,0,0,0,0,0,0,0,0,0,0,0,0.045257568359375,-0.004302978515625,0,0,0,0,0,0,0,0,Object notstarted,Object notstarted,Object notstarted,Object notstarted,Object notstarted,Object notstarted,Object notstarted,Object notstarted,Object notstarted
2024-03-18 10:35:26,427.427,__main___datalogs,INFO,JoyConState.GO_HOME,-4.712500,7.425000,-90.555000,0.096125,0.006866,0.011443,0.025176,0.000000,0.000000,0.000000,0.000000,0,0,0,0,0,0,0,0,0,0,0,0.045257568359375,-0.004302978515625,0,0,0,0,0,0,0,0,Object notstarted,Object notstarted,Object notstarted,Object notstarted,Object notstarted,Object notstarted,Object notstarted,Object notstarted,Object notstarted
2024-03-18 10:35:26,470.470,__main___datalogs,INFO,JoyConState.GO_HOME,-4.637500,7.287500,-88.990000,0.098413,0.006866,0.011443,0.025176,0.000000,0.000000,0.000000,0.000000,0,0,0,0,0,0,0,0,0,0,0,0.045257568359375,-0.004302978515625,0,0,0,0,0,0,0,0,Object notstarted,Object notstarted,Object notstarted,Object notstarted,Object notstarted,Object notstarted,Object notstarted,Object notstarted,Object notstarted
2024-03-18 10:35:26,516.516,__main___datalogs,INFO,JoyConState.GO_HOME,-4.562500,7.175000,-87.520000,0.098413,0.002289,0.011443,0.025176,0.000000,0.000000,0.000000,0.000000,0,0,0,0,0,0,0,0,0,0,0,0.045257568359375,-0.004302978515625,0,0,0,0,0,0,0,0,Object notstarted,Object notstarted,Object notstarted,Object notstarted,Object notstarted,Object notstarted,Object notstarted,Object notstarted,Object notstarted
2024-03-18 10:35:26,559.559,__main___datalogs,INFO,JoyConState.GO_HOME,-4.475000,7.037500,-85.905000,0.091547,0.006866,0.011443,0.025176,0.000000,0.000000,0.000000,0.000000,0,0,0,0,0,0,0,0,0,0,0,0.045257568359375,-0.004302978515625,0,0,0,0,0,0,0,0,Object notstarted,Object notstarted,Object notstarted,Object notstarted,Object notstarted,Object notstarted,Object notstarted,Object notstarted,Object notstarted
2024-03-18 10:35:26,605.605,__main___datalogs,INFO,JoyConState.GO_HOME,-4.400000,6.912500,-84.375000,0.091547,0.006866,0.011443,0.025176,0.000000,0.000000,0.000000,0.000000,0,0,0,0,0,0,0,0,0,0,0,0.045257568359375,-0.004302978515625,0,0,0,0,0,0,0,0,Object notstarted,Object notstarted,Object notstarted,Object notstarted,Object notstarted,Object notstarted,Object notstarted,Object notstarted,Object notstarted
2024-03-18 10:35:26,649.649,__main___datalogs,INFO,JoyConState.GO_HOME,-4.312500,6.787500,-82.780000,0.098413,0.006866,0.011443,0.025176,0.000000,0.000000,0.000000,0.000000,0,0,0,0,0,0,0,0,0,0,0,0.045257568359375,-0.004302978515625,0,0,0,0,0,0,0,0,Object notstarted,Object notstarted,Object notstarted,Object notstarted,Object notstarted,Object notstarted,Object notstarted,Object notstarted,Object notstarted
2024-03-18 10:35:26,697.697,__main___datalogs,INFO,JoyConState.GO_HOME,-4.237500,6.662500,-81.230000,0.098413,0.006866,0.011443,0.020598,0.000000,0.000000,0.000000,0.000000,0,0,0,0,0,0,0,0,0,0,0,0.045257568359375,-0.004302978515625,0,0,0,0,0,0,0,0,Object notstarted,Object notstarted,Object notstarted,Object notstarted,Object notstarted,Object notstarted,Object notstarted,Object notstarted,Object notstarted
2024-03-18 10:35:26,741.741,__main___datalogs,INFO,JoyConState.GO_HOME,-4.150000,6.525000,-79.590000,0.098413,0.002289,0.011443,0.025176,0.000000,0.000000,0.000000,0.000000,0,0,0,0,0,0,0,0,0,0,0,0.045257568359375,-0.004302978515625,0,0,0,0,0,0,0,0,Object notstarted,Object notstarted,Object notstarted,Object notstarted,Object notstarted,Object notstarted,Object notstarted,Object notstarted,Object notstarted
2024-03-18 10:35:26,787.787,__main___datalogs,INFO,JoyConState.GO_HOME,-4.062500,6.400000,-78.020000,0.096125,-0.002289,0.004577,0.025176,0.000000,0.000000,0.000000,0.000000,0,0,0,0,0,0,0,0,0,0,0,0.045257568359375,-0.004302978515625,0,0,0,0,0,0,0,0,Object notstarted,Object notstarted,Object notstarted,Object notstarted,Object notstarted,Object notstarted,Object notstarted,Object notstarted,Object notstarted
2024-03-18 10:35:26,830.830,__main___datalogs,INFO,JoyConState.GO_HOME,-3.987500,6.262500,-76.435000,0.096125,0.002289,0.011443,0.025176,0.000000,0.000000,0.000000,0.000000,0,0,0,0,0,0,0,0,0,0,0,0.045257568359375,-0.004302978515625,0,0,0,0,0,0,0,0,Object notstarted,Object notstarted,Object notstarted,Object notstarted,Object notstarted,Object notstarted,Object notstarted,Object notstarted,Object notstarted
2024-03-18 10:35:26,876.876,__main___datalogs,INFO,JoyConState.GO_HOME,-3.900000,6.137500,-74.950000,0.096125,0.002289,0.011443,0.025176,0.000000,0.000000,0.000000,0.000000,0,0,0,0,0,0,0,0,0,0,0,0.045257568359375,-0.004302978515625,0,0,0,0,0,0,0,0,Object notstarted,Object notstarted,Object notstarted,Object notstarted,Object notstarted,Object notstarted,Object notstarted,Object notstarted,Object notstarted
2024-03-18 10:35:26,920.920,__main___datalogs,INFO,JoyConState.GO_HOME,-3.825000,6.012500,-73.345000,0.096125,0.002289,0.011443,0.025176,0.000000,0.000000,0.000000,0.000000,0,0,0,0,0,0,0,0,0,0,0,0.045257568359375,-0.004302978515625,0,0,0,0,0,0,0,0,Object notstarted,Object notstarted,Object notstarted,Object notstarted,Object notstarted,Object notstarted,Object notstarted,Object notstarted,Object notstarted
2024-03-18 10:35:26,965.965,__main___datalogs,INFO,JoyConState.GO_HOME,-3.737500,5.887500,-71.825000,0.096125,-0.002289,0.011443,0.025176,0.000000,0.000000,0.000000,0.000000,0,0,0,0,0,0,0,0,0,0,0,0.045257568359375,-0.004302978515625,0,0,0,0,0,0,0,0,Object notstarted,Object notstarted,Object notstarted,Object notstarted,Object notstarted,Object notstarted,Object notstarted,Object notstarted,Object notstarted
2024-03-18 10:35:27,008.008,__main___datalogs,INFO,JoyConState.GO_HOME,-3.662500,5.762500,-70.240000,0.096125,0.002289,0.011443,0.020598,0.000000,0.000000,0.000000,0.000000,0,0,0,0,0,0,0,0,0,0,0,0.045257568359375,-0.004302978515625,0,0,0,0,0,0,0,0,Object notstarted,Object notstarted,Object notstarted,Object notstarted,Object notstarted,Object notstarted,Object notstarted,Object notstarted,Object notstarted
2024-03-18 10:35:27,054.054,__main___datalogs,INFO,JoyConState.GO_HOME,-3.575000,5.637500,-68.735000,0.096125,0.006866,0.011443,0.025176,0.000000,0.000000,0.000000,0.000000,0,0,0,0,0,0,0,0,0,0,0,0.045257568359375,-0.004302978515625,0,0,0,0,0,0,0,0,Object notstarted,Object notstarted,Object notstarted,Object notstarted,Object notstarted,Object notstarted,Object notstarted,Object notstarted,Object notstarted
2024-03-18 10:35:27,098.098,__main___datalogs,INFO,JoyConState.GO_HOME,-3.500000,5.500000,-67.155000,0.096125,0.006866,0.011443,0.025176,0.000000,0.000000,0.000000,0.000000,0,0,0,0,0,0,0,0,0,0,0,0.045257568359375,-0.004302978515625,0,0,0,0,0,0,0,0,Object notstarted,Object notstarted,Object notstarted,Object notstarted,Object notstarted,Object notstarted,Object notstarted,Object notstarted,Object notstarted
2024-03-18 10:35:27,145.145,__main___datalogs,INFO,JoyConState.GO_HOME,-3.412500,5.375000,-65.605000,0.096125,0.006866,0.011443,0.020598,0.000000,0.000000,0.000000,0.000000,0,0,0,0,0,0,0,0,0,0,0,0.045257568359375,-0.004302978515625,0,0,0,0,0,0,0,0,Object notstarted,Object notstarted,Object notstarted,Object notstarted,Object notstarted,Object notstarted,Object notstarted,Object notstarted,Object notstarted
2024-03-18 10:35:27,189.189,__main___datalogs,INFO,JoyConState.GO_HOME,-3.337500,5.237500,-63.970000,0.096125,0.006866,0.011443,0.020598,0.000000,0.000000,0.000000,0.000000,0,0,0,0,0,0,0,0,0,0,0,0.045257568359375,-0.004302978515625,0,0,0,0,0,0,0,0,Object notstarted,Object notstarted,Object notstarted,Object notstarted,Object notstarted,Object notstarted,Object notstarted,Object notstarted,Object notstarted
2024-03-18 10:35:27,234.234,__main___datalogs,INFO,JoyConState.GO_HOME,-3.250000,5.112500,-62.445000,0.096125,0.006866,0.011443,0.025176,0.000000,0.000000,0.000000,0.000000,0,0,0,0,0,0,0,0,0,0,0,0.045257568359375,-0.004302978515625,0,0,0,0,0,0,0,0,Object notstarted,Object notstarted,Object notstarted,Object notstarted,Object notstarted,Object notstarted,Object notstarted,Object notstarted,Object notstarted
2024-03-18 10:35:27,278.278,__main___datalogs,INFO,JoyConState.GO_HOME,-3.175000,4.987500,-60.885000,0.096125,0.002289,0.011443,0.020598,0.000000,0.000000,0.000000,0.000000,0,0,0,0,0,0,0,0,0,0,0,0.045257568359375,-0.004302978515625,0,0,0,0,0,0,0,0,Object notstarted,Object notstarted,Object notstarted,Object notstarted,Object notstarted,Object notstarted,Object notstarted,Object notstarted,Object notstarted
2024-03-18 10:35:27,323.323,__main___datalogs,INFO,JoyConState.GO_HOME,-3.087500,4.862500,-59.335000,0.096125,0.002289,0.011443,0.025176,0.000000,0.000000,0.000000,0.000000,0,0,0,0,0,0,0,0,0,0,0,0.045257568359375,-0.004302978515625,0,0,0,0,0,0,0,0,Object notstarted,Object notstarted,Object notstarted,Object notstarted,Object notstarted,Object notstarted,Object notstarted,Object notstarted,Object notstarted
2024-03-18 10:35:27,380.380,__main___datalogs,INFO,JoyConState.GO_HOME,-2.987500,4.700000,-57.325000,0.096125,0.002289,0.011443,0.020598,0.000000,0.000000,0.000000,0.000000,0,0,0,0,0,0,0,0,0,0,0,0.045257568359375,-0.004302978515625,0,0,0,0,0,0,0,0,Object notstarted,Object notstarted,Object notstarted,Object notstarted,Object notstarted,Object notstarted,Object notstarted,Object notstarted,Object notstarted
2024-03-18 10:35:27,463.463,__main___datalogs,INFO,JoyConState.GO_HOME,-2.850000,4.487500,-54.695000,0.096125,0.002289,0.011443,0.025176,0.000000,0.000000,0.000000,0.000000,0,0,0,0,0,0,0,0,0,0,0,0.045257568359375,-0.004302978515625,0,0,0,0,0,0,0,0,Object notstarted,Object notstarted,Object notstarted,Object notstarted,Object notstarted,Object notstarted,Object notstarted,Object notstarted,Object notstarted
2024-03-18 10:35:27,503.503,__main___datalogs,INFO,JoyConState.GO_HOME,-2.750000,4.337500,-52.875000,0.098413,0.006866,0.011443,0.020598,0.000000,0.000000,0.000000,0.000000,0,0,0,0,0,0,0,0,0,0,0,0.045257568359375,-0.004302978515625,0,0,0,0,0,0,0,0,Object notstarted,Object notstarted,Object notstarted,Object notstarted,Object notstarted,Object notstarted,Object notstarted,Object notstarted,Object notstarted
2024-03-18 10:35:27,550.550,__main___datalogs,INFO,JoyConState.GO_HOME,-2.687500,4.225000,-51.485000,0.098413,0.002289,0.011443,0.025176,0.000000,0.000000,0.000000,0.000000,0,0,0,0,0,0,0,0,0,0,0,0.045257568359375,-0.004302978515625,0,0,0,0,0,0,0,0,Object notstarted,Object notstarted,Object notstarted,Object notstarted,Object notstarted,Object notstarted,Object notstarted,Object notstarted,Object notstarted
2024-03-18 10:35:27,595.595,__main___datalogs,INFO,JoyConState.GO_HOME,-2.600000,4.087500,-49.835000,0.098413,0.002289,0.011443,0.025176,0.000000,0.000000,0.000000,0.000000,0,0,0,0,0,0,0,0,0,0,0,0.045257568359375,-0.004302978515625,0,0,0,0,0,0,0,0,Object notstarted,Object notstarted,Object notstarted,Object notstarted,Object notstarted,Object notstarted,Object notstarted,Object notstarted,Object notstarted
2024-03-18 10:35:27,640.640,__main___datalogs,INFO,JoyConState.GO_HOME,-2.512500,3.962500,-48.305000,0.098413,0.006866,0.011443,0.025176,0.000000,0.000000,0.000000,0.000000,0,0,0,0,0,0,0,0,0,0,0,0.045257568359375,-0.004302978515625,0,0,0,0,0,0,0,0,Object notstarted,Object notstarted,Object notstarted,Object notstarted,Object notstarted,Object notstarted,Object notstarted,Object notstarted,Object notstarted
2024-03-18 10:35:27,685.685,__main___datalogs,INFO,JoyConState.GO_HOME,-2.437500,3.825000,-46.720000,0.091547,0.006866,0.011443,0.025176,0.000000,0.000000,0.000000,0.000000,0,0,0,0,0,0,0,0,0,0,0,0.045257568359375,-0.004302978515625,0,0,0,0,0,0,0,0,Object notstarted,Object notstarted,Object notstarted,Object notstarted,Object notstarted,Object notstarted,Object notstarted,Object notstarted,Object notstarted
2024-03-18 10:35:27,731.731,__main___datalogs,INFO,JoyConState.GO_HOME,-2.350000,3.700000,-45.160000,0.096125,0.006866,0.011443,0.025176,0.000000,0.000000,0.000000,0.000000,0,0,0,0,0,0,0,0,0,0,0,0.045257568359375,-0.004302978515625,0,0,0,0,0,0,0,0,Object notstarted,Object notstarted,Object notstarted,Object notstarted,Object notstarted,Object notstarted,Object notstarted,Object notstarted,Object notstarted
2024-03-18 10:35:27,773.773,__main___datalogs,INFO,JoyConState.GO_HOME,-2.262500,3.562500,-43.530000,0.096125,0.002289,0.011443,0.025176,0.000000,0.000000,0.000000,0.000000,0,0,0,0,0,0,0,0,0,0,0,0.045257568359375,-0.004302978515625,0,0,0,0,0,0,0,0,Object notstarted,Object notstarted,Object notstarted,Object notstarted,Object notstarted,Object notstarted,Object notstarted,Object notstarted,Object notstarted
2024-03-18 10:35:27,817.817,__main___datalogs,INFO,JoyConState.GO_HOME,-2.187500,3.450000,-42.090000,0.096125,0.002289,0.004577,0.020598,0.000000,0.000000,0.000000,0.000000,0,0,0,0,0,0,0,0,0,0,0,0.045257568359375,-0.004302978515625,0,0,0,0,0,0,0,0,Object notstarted,Object notstarted,Object notstarted,Object notstarted,Object notstarted,Object notstarted,Object notstarted,Object notstarted,Object notstarted
2024-03-18 10:35:27,859.859,__main___datalogs,INFO,JoyConState.GO_HOME,-2.112500,3.325000,-40.555000,0.096125,0.006866,0.004577,0.020598,0.000000,0.000000,0.000000,0.000000,0,0,0,0,0,0,0,0,0,0,0,0.045257568359375,-0.004302978515625,0,0,0,0,0,0,0,0,Object notstarted,Object notstarted,Object notstarted,Object notstarted,Object notstarted,Object notstarted,Object notstarted,Object notstarted,Object notstarted
2024-03-18 10:35:27,906.906,__main___datalogs,INFO,JoyConState.GO_HOME,-2.037500,3.200000,-39.095000,0.098413,0.006866,0.011443,0.020598,0.000000,0.000000,0.000000,0.000000,0,0,0,0,0,0,0,0,0,0,0,0.045257568359375,-0.004302978515625,0,0,0,0,0,0,0,0,Object notstarted,Object notstarted,Object notstarted,Object notstarted,Object notstarted,Object notstarted,Object notstarted,Object notstarted,Object notstarted
2024-03-18 10:35:27,949.949,__main___datalogs,INFO,JoyConState.GO_HOME,-1.950000,3.075000,-37.470000,0.098413,0.006866,0.011443,0.020598,0.000000,0.000000,0.000000,0.000000,0,0,0,0,0,0,0,0,0,0,0,0.045257568359375,-0.004302978515625,0,0,0,0,0,0,0,0,Object notstarted,Object notstarted,Object notstarted,Object notstarted,Object notstarted,Object notstarted,Object notstarted,Object notstarted,Object notstarted
2024-03-18 10:35:27,996.996,__main___datalogs,INFO,JoyConState.GO_HOME,-1.875000,2.950000,-35.955000,0.096125,0.006866,0.011443,0.020598,0.000000,0.000000,0.000000,0.000000,0,0,0,0,0,0,0,0,0,0,0,0.045257568359375,-0.004302978515625,0,0,0,0,0,0,0,0,Object notstarted,Object notstarted,Object notstarted,Object notstarted,Object notstarted,Object notstarted,Object notstarted,Object notstarted,Object notstarted
2024-03-18 10:35:28,040.040,__main___datalogs,INFO,JoyConState.GO_HOME,-1.787500,2.812500,-34.325000,0.096125,0.002289,0.011443,0.025176,0.000000,0.000000,0.000000,0.000000,0,0,0,0,0,0,0,0,0,0,0,0.045257568359375,-0.004302978515625,0,0,0,0,0,0,0,0,Object notstarted,Object notstarted,Object notstarted,Object notstarted,Object notstarted,Object notstarted,Object notstarted,Object notstarted,Object notstarted
2024-03-18 10:35:28,083.083,__main___datalogs,INFO,JoyConState.GO_HOME,-1.712500,2.687500,-32.780000,0.096125,0.002289,0.011443,0.025176,0.000000,0.000000,0.000000,0.000000,0,0,0,0,0,0,0,0,0,0,0,0.045257568359375,-0.004302978515625,0,0,0,0,0,0,0,0,Object notstarted,Object notstarted,Object notstarted,Object notstarted,Object notstarted,Object notstarted,Object notstarted,Object notstarted,Object notstarted
2024-03-18 10:35:28,127.127,__main___datalogs,INFO,JoyConState.GO_HOME,-1.625000,2.562500,-31.270000,0.098413,0.002289,0.011443,0.020598,0.000000,0.000000,0.000000,0.000000,0,0,0,0,0,0,0,0,0,0,0,0.045257568359375,-0.004302978515625,0,0,0,0,0,0,0,0,Object notstarted,Object notstarted,Object notstarted,Object notstarted,Object notstarted,Object notstarted,Object notstarted,Object notstarted,Object notstarted
2024-03-18 10:35:28,173.173,__main___datalogs,INFO,JoyConState.GO_HOME,-1.550000,2.437500,-29.755000,0.098413,0.006866,0.011443,0.025176,0.000000,0.000000,0.000000,0.000000,0,0,0,0,0,0,0,0,0,0,0,0.045257568359375,-0.004302978515625,0,0,0,0,0,0,0,0,Object notstarted,Object notstarted,Object notstarted,Object notstarted,Object notstarted,Object notstarted,Object notstarted,Object notstarted,Object notstarted
2024-03-18 10:35:28,218.218,__main___datalogs,INFO,JoyConState.GO_HOME,-1.462500,2.312500,-28.165000,0.098413,0.006866,0.011443,0.020598,0.000000,0.000000,0.000000,0.000000,0,0,0,0,0,0,0,0,0,0,0,0.045257568359375,-0.004302978515625,0,0,0,0,0,0,0,0,Object notstarted,Object notstarted,Object notstarted,Object notstarted,Object notstarted,Object notstarted,Object notstarted,Object notstarted,Object notstarted
2024-03-18 10:35:28,264.264,__main___datalogs,INFO,JoyConState.GO_HOME,-1.387500,2.175000,-26.580000,0.098413,0.006866,0.011443,0.025176,0.000000,0.000000,0.000000,0.000000,0,0,0,0,0,0,0,0,0,0,0,0.045257568359375,-0.004302978515625,0,0,0,0,0,0,0,0,Object notstarted,Object notstarted,Object notstarted,Object notstarted,Object notstarted,Object notstarted,Object notstarted,Object notstarted,Object notstarted
2024-03-18 10:35:28,306.306,__main___datalogs,INFO,JoyConState.GO_HOME,-1.300000,2.050000,-25.000000,0.098413,0.006866,0.011443,0.025176,0.000000,0.000000,0.000000,0.000000,0,0,0,0,0,0,0,0,0,0,0,0.045257568359375,-0.004302978515625,0,0,0,0,0,0,0,0,Object notstarted,Object notstarted,Object notstarted,Object notstarted,Object notstarted,Object notstarted,Object notstarted,Object notstarted,Object notstarted
2024-03-18 10:35:28,350.350,__main___datalogs,INFO,JoyConState.GO_HOME,-1.225000,1.925000,-23.500000,0.098413,0.006866,0.013732,0.025176,0.000000,0.000000,0.000000,0.000000,0,0,0,0,0,0,0,0,0,0,0,0.045257568359375,-0.004302978515625,0,0,0,0,0,0,0,0,Object notstarted,Object notstarted,Object notstarted,Object notstarted,Object notstarted,Object notstarted,Object notstarted,Object notstarted,Object notstarted
2024-03-18 10:35:28,393.393,__main___datalogs,INFO,JoyConState.GO_HOME,-1.150000,1.800000,-21.995000,0.096125,0.006866,0.011443,0.025176,0.000000,0.000000,0.000000,0.000000,0,0,0,0,0,0,0,0,0,0,0,0.045257568359375,-0.004302978515625,0,0,0,0,0,0,0,0,Object notstarted,Object notstarted,Object notstarted,Object notstarted,Object notstarted,Object notstarted,Object notstarted,Object notstarted,Object notstarted
2024-03-18 10:35:28,437.437,__main___datalogs,INFO,JoyConState.GO_HOME,-1.062500,1.675000,-20.475000,0.096125,0.006866,0.011443,0.020598,0.000000,0.000000,0.000000,0.000000,0,0,0,0,0,0,0,0,0,0,0,0.045257568359375,-0.004302978515625,0,0,0,0,0,0,0,0,Object notstarted,Object notstarted,Object notstarted,Object notstarted,Object notstarted,Object notstarted,Object notstarted,Object notstarted,Object notstarted
2024-03-18 10:35:28,505.505,__main___datalogs,INFO,JoyConState.GO_HOME,-0.950000,1.500000,-18.305000,0.096125,0.002289,0.011443,0.025176,0.000000,0.000000,0.000000,0.000000,0,0,0,0,0,0,0,0,0,0,0,0.045257568359375,-0.004302978515625,0,0,0,0,0,0,0,0,Object notstarted,Object notstarted,Object notstarted,Object notstarted,Object notstarted,Object notstarted,Object notstarted,Object notstarted,Object notstarted
2024-03-18 10:35:28,586.586,__main___datalogs,INFO,JoyConState.GO_HOME,-0.812500,1.287500,-15.655000,0.096125,0.002289,0.011443,0.025176,0.000000,0.000000,0.000000,0.000000,0,0,0,0,0,0,0,0,0,0,0,0.045257568359375,-0.004302978515625,0,0,0,0,0,0,0,0,Object notstarted,Object notstarted,Object notstarted,Object notstarted,Object notstarted,Object notstarted,Object notstarted,Object notstarted,Object notstarted
2024-03-18 10:35:28,631.631,__main___datalogs,INFO,JoyConState.GO_HOME,-0.712500,1.125000,-13.760000,0.098413,0.002289,0.011443,0.025176,0.000000,0.000000,0.000000,0.000000,0,0,0,0,0,0,0,0,0,0,0,0.045257568359375,-0.004302978515625,0,0,0,0,0,0,0,0,Object notstarted,Object notstarted,Object notstarted,Object notstarted,Object notstarted,Object notstarted,Object notstarted,Object notstarted,Object notstarted
2024-03-18 10:35:28,677.677,__main___datalogs,INFO,JoyConState.GO_HOME,-0.637500,1.000000,-12.210000,0.096125,0.006866,0.011443,0.025176,0.000000,0.000000,0.000000,0.000000,0,0,0,0,0,0,0,0,0,0,0,0.045257568359375,-0.004302978515625,0,0,0,0,0,0,0,0,Object notstarted,Object notstarted,Object notstarted,Object notstarted,Object notstarted,Object notstarted,Object notstarted,Object notstarted,Object notstarted
2024-03-18 10:35:28,721.721,__main___datalogs,INFO,JoyConState.GO_HOME,-0.550000,0.862500,-10.585000,0.096125,0.006866,0.011443,0.020598,0.000000,0.000000,0.000000,0.000000,0,0,0,0,0,0,0,0,0,0,0,0.045257568359375,-0.004302978515625,0,0,0,0,0,0,0,0,Object notstarted,Object notstarted,Object notstarted,Object notstarted,Object notstarted,Object notstarted,Object notstarted,Object notstarted,Object notstarted
2024-03-18 10:35:28,765.765,__main___datalogs,INFO,JoyConState.GO_HOME,-0.475000,0.737500,-9.070000,0.096125,0.006866,0.011443,0.025176,0.000000,0.000000,0.000000,0.000000,0,0,0,0,0,0,0,0,0,0,0,0.045257568359375,-0.004302978515625,0,0,0,0,0,0,0,0,Object notstarted,Object notstarted,Object notstarted,Object notstarted,Object notstarted,Object notstarted,Object notstarted,Object notstarted,Object notstarted
2024-03-18 10:35:28,809.809,__main___datalogs,INFO,JoyConState.GO_HOME,-0.387500,0.612500,-7.500000,0.098413,0.006866,0.011443,0.025176,0.000000,0.000000,0.000000,0.000000,0,0,0,0,0,0,0,0,0,0,0,0.045257568359375,-0.004302978515625,0,0,0,0,0,0,0,0,Object notstarted,Object notstarted,Object notstarted,Object notstarted,Object notstarted,Object notstarted,Object notstarted,Object notstarted,Object notstarted
2024-03-18 10:35:28,855.855,__main___datalogs,INFO,JoyConState.GO_HOME,-0.312500,0.487500,-5.975000,0.098413,0.006866,0.004577,0.025176,0.000000,0.000000,0.000000,0.000000,0,0,0,0,0,0,0,0,0,0,0,0.045257568359375,-0.004302978515625,0,0,0,0,0,0,0,0,Object notstarted,Object notstarted,Object notstarted,Object notstarted,Object notstarted,Object notstarted,Object notstarted,Object notstarted,Object notstarted
2024-03-18 10:35:28,899.899,__main___datalogs,INFO,JoyConState.GO_HOME,-0.237500,0.375000,-4.505000,0.098413,0.006866,0.004577,0.025176,0.000000,0.000000,0.000000,0.000000,0,0,0,0,0,0,0,0,0,0,0,0.045257568359375,-0.004302978515625,0,0,0,0,0,0,0,0,Object notstarted,Object notstarted,Object notstarted,Object notstarted,Object notstarted,Object notstarted,Object notstarted,Object notstarted,Object notstarted
2024-03-18 10:35:28,945.945,__main___datalogs,INFO,JoyConState.GO_HOME,-0.175000,0.275000,-3.290000,0.096125,0.006866,0.011443,0.025176,0.000000,0.000000,0.000000,0.000000,0,0,0,0,0,0,0,0,0,0,0,0.045257568359375,-0.004302978515625,0,0,0,0,0,0,0,0,Object notstarted,Object notstarted,Object notstarted,Object notstarted,Object notstarted,Object notstarted,Object notstarted,Object notstarted,Object notstarted
2024-03-18 10:35:28,989.989,__main___datalogs,INFO,JoyConState.GO_HOME,-0.112500,0.175000,-2.205000,0.096125,0.002289,0.011443,0.025176,0.000000,0.000000,0.000000,0.000000,0,0,0,0,0,0,0,0,0,0,0,0.045257568359375,-0.004302978515625,0,0,0,0,0,0,0,0,Object notstarted,Object notstarted,Object notstarted,Object notstarted,Object notstarted,Object notstarted,Object notstarted,Object notstarted,Object notstarted
2024-03-18 10:35:29,034.034,__main___datalogs,INFO,JoyConState.GO_HOME,-0.075000,0.112500,-1.387500,0.098413,0.006866,0.011443,0.025176,0.000000,0.000000,0.000000,0.000000,0,0,0,0,0,0,0,0,0,0,0,0.045257568359375,-0.004302978515625,0,0,0,0,0,0,0,0,Object notstarted,Object notstarted,Object notstarted,Object notstarted,Object notstarted,Object notstarted,Object notstarted,Object notstarted,Object notstarted
2024-03-18 10:35:29,078.078,__main___datalogs,INFO,JoyConState.GO_HOME,-0.037500,0.062500,-0.745000,0.098413,0.002289,0.013732,0.020598,0.000000,0.000000,0.000000,0.000000,0,0,0,0,0,0,0,0,0,0,0,0.045257568359375,-0.004302978515625,0,0,0,0,0,0,0,0,Object notstarted,Object notstarted,Object notstarted,Object notstarted,Object notstarted,Object notstarted,Object notstarted,Object notstarted,Object notstarted
2024-03-18 10:35:29,122.122,__main___datalogs,INFO,JoyConState.GO_HOME,-0.012500,0.025000,-0.305000,0.096125,0.002289,0.011443,0.025176,0.000000,0.000000,0.000000,0.000000,0,0,0,0,0,0,0,0,0,0,0,0.045257568359375,-0.004302978515625,0,0,0,0,0,0,0,0,Object notstarted,Object notstarted,Object notstarted,Object notstarted,Object notstarted,Object notstarted,Object notstarted,Object notstarted,Object notstarted
2024-03-18 10:35:29,163.163,__main___datalogs,INFO,JoyConState.GO_HOME,0.000000,0.000000,-0.052500,0.096125,0.006866,0.011443,0.020598,0.000000,0.000000,0.000000,0.000000,0,0,0,0,0,0,0,0,0,0,0,0.045257568359375,-0.004302978515625,0,0,0,0,0,0,0,0,Object notstarted,Object notstarted,Object notstarted,Object notstarted,Object notstarted,Object notstarted,Object notstarted,Object notstarted,Object notstarted
2024-03-18 10:35:29,205.205,__main___datalogs,INFO,JoyConState.GO_HOME,0.000000,0.000000,0.000000,0.096125,0.006866,0.011443,0.025176,0.000000,0.000000,0.000000,0.000000,0,0,0,0,0,0,0,0,0,0,0,0.045257568359375,-0.004302978515625,0,0,0,0,0,0,0,0,Object notstarted,Object notstarted,Object notstarted,Object notstarted,Object notstarted,Object notstarted,Object notstarted,Object notstarted,Object notstarted
2024-03-18 10:35:29,243.243,__main___datalogs,INFO,JoyConState.GO_HOME,0.000000,0.000000,0.000000,0.098413,0.006866,0.011443,0.020598,0.000000,0.000000,0.000000,0.000000,0,0,0,0,0,0,0,0,0,0,0,0.045257568359375,-0.004302978515625,0,0,0,0,0,0,0,0,Object notstarted,Object notstarted,Object notstarted,Object notstarted,Object notstarted,Object notstarted,Object notstarted,Object notstarted,Object notstarted
2024-03-18 10:35:29,285.285,__main___datalogs,INFO,JoyConState.GO_HOME,0.000000,0.000000,0.000000,0.098413,0.006866,0.011443,0.025176,0.000000,0.000000,0.000000,0.000000,0,0,0,0,0,0,0,0,0,0,0,0.045257568359375,-0.004302978515625,0,0,0,0,0,0,0,0,Object notstarted,Object notstarted,Object notstarted,Object notstarted,Object notstarted,Object notstarted,Object notstarted,Object notstarted,Object notstarted
2024-03-18 10:35:29,327.327,__main___datalogs,INFO,JoyConState.GO_HOME,0.000000,0.000000,0.000000,0.098413,0.006866,0.011443,0.020598,0.000000,0.000000,0.000000,0.000000,0,0,0,0,0,0,0,0,0,0,0,0.045257568359375,-0.004302978515625,0,0,0,0,0,0,0,0,Object notstarted,Object notstarted,Object notstarted,Object notstarted,Object notstarted,Object notstarted,Object notstarted,Object notstarted,Object notstarted
2024-03-18 10:35:29,371.371,__main___datalogs,INFO,JoyConState.GO_HOME,0.000000,0.000000,0.000000,0.098413,0.006866,0.011443,0.020598,0.000000,0.000000,0.000000,0.000000,0,0,0,0,0,0,0,0,0,0,0,0.045257568359375,-0.004302978515625,0,0,0,0,0,0,0,0,Object notstarted,Object notstarted,Object notstarted,Object notstarted,Object notstarted,Object notstarted,Object notstarted,Object notstarted,Object notstarted
2024-03-18 10:35:29,415.415,__main___datalogs,INFO,JoyConState.GO_HOME,0.000000,0.000000,0.000000,0.098413,0.006866,0.011443,0.020598,0.000000,0.000000,0.000000,0.000000,0,0,0,0,0,0,0,0,0,0,0,0.045257568359375,-0.004302978515625,0,0,0,0,0,0,0,0,Object notstarted,Object notstarted,Object notstarted,Object notstarted,Object notstarted,Object notstarted,Object notstarted,Object notstarted,Object notstarted
2024-03-18 10:35:29,459.459,__main___datalogs,INFO,JoyConState.GO_HOME,0.000000,0.000000,0.000000,0.096125,0.006866,0.011443,0.025176,0.000000,0.000000,0.000000,0.000000,0,0,0,0,0,0,0,0,0,0,0,0.045257568359375,-0.004302978515625,0,0,0,0,0,0,0,0,Object notstarted,Object notstarted,Object notstarted,Object notstarted,Object notstarted,Object notstarted,Object notstarted,Object notstarted,Object notstarted
2024-03-18 10:35:29,501.501,__main___datalogs,INFO,JoyConState.GO_HOME,0.000000,0.000000,0.000000,0.098413,0.006866,0.011443,0.025176,0.000000,0.000000,0.000000,0.000000,0,0,0,0,0,0,0,0,0,0,0,0.045257568359375,-0.004302978515625,0,0,0,0,0,0,0,0,Object notstarted,Object notstarted,Object notstarted,Object notstarted,Object notstarted,Object notstarted,Object notstarted,Object notstarted,Object notstarted
2024-03-18 10:35:29,546.546,__main___datalogs,INFO,JoyConState.GO_HOME,0.000000,0.000000,0.000000,0.098413,0.002289,0.011443,0.025176,0.000000,0.000000,0.000000,0.000000,0,0,0,0,0,0,0,0,0,0,0,0.045257568359375,-0.004302978515625,0,0,0,0,0,0,0,0,Object notstarted,Object notstarted,Object notstarted,Object notstarted,Object notstarted,Object notstarted,Object notstarted,Object notstarted,Object notstarted
2024-03-18 10:35:29,603.603,__main___datalogs,INFO,JoyConState.GO_HOME,0.000000,0.000000,0.000000,0.098413,0.006866,0.004577,0.025176,0.000000,0.000000,0.000000,0.000000,0,0,0,0,0,0,0,0,0,0,0,0.045257568359375,-0.004302978515625,0,0,0,0,0,0,0,0,Object notstarted,Object notstarted,Object notstarted,Object notstarted,Object notstarted,Object notstarted,Object notstarted,Object notstarted,Object notstarted
2024-03-18 10:35:29,665.665,__main___datalogs,INFO,JoyConState.GO_HOME,0.000000,0.000000,0.000000,0.096125,0.006866,0.011443,0.025176,0.000000,0.000000,0.000000,0.000000,0,0,0,0,0,0,0,0,0,0,0,0.045257568359375,-0.004302978515625,0,0,0,0,0,0,0,0,Object notstarted,Object notstarted,Object notstarted,Object notstarted,Object notstarted,Object notstarted,Object notstarted,Object notstarted,Object notstarted
2024-03-18 10:35:29,706.706,__main___datalogs,INFO,JoyConState.GO_HOME,0.000000,0.000000,0.000000,0.096125,0.006866,0.011443,0.025176,0.000000,0.000000,0.000000,0.000000,0,0,0,0,0,0,0,0,0,0,0,0.045257568359375,-0.004302978515625,0,0,0,0,0,0,0,0,Object notstarted,Object notstarted,Object notstarted,Object notstarted,Object notstarted,Object notstarted,Object notstarted,Object notstarted,Object notstarted
2024-03-18 10:35:29,751.751,__main___datalogs,INFO,JoyConState.GO_HOME,0.000000,0.000000,0.000000,0.096125,0.006866,0.011443,0.025176,0.000000,0.000000,0.000000,0.000000,0,0,0,0,0,0,0,0,0,0,0,0.045257568359375,-0.004302978515625,0,0,0,0,0,0,0,0,Object notstarted,Object notstarted,Object notstarted,Object notstarted,Object notstarted,Object notstarted,Object notstarted,Object notstarted,Object notstarted
2024-03-18 10:35:29,793.793,__main___datalogs,INFO,JoyConState.GO_HOME,0.000000,0.000000,0.000000,0.096125,0.006866,0.011443,0.025176,0.000000,0.000000,0.000000,0.000000,0,0,0,0,0,0,0,0,0,0,0,0.045257568359375,-0.004302978515625,0,0,0,0,0,0,0,0,Object notstarted,Object notstarted,Object notstarted,Object notstarted,Object notstarted,Object notstarted,Object notstarted,Object notstarted,Object notstarted
2024-03-18 10:35:29,837.837,__main___datalogs,INFO,JoyConState.GO_HOME,0.000000,0.000000,0.000000,0.102991,0.002289,0.011443,0.025176,0.000000,0.000000,0.000000,0.000000,0,0,0,0,0,0,0,0,0,0,0,0.045257568359375,-0.004302978515625,0,0,0,0,0,0,0,0,Object notstarted,Object notstarted,Object notstarted,Object notstarted,Object notstarted,Object notstarted,Object notstarted,Object notstarted,Object notstarted
2024-03-18 10:35:29,880.880,__main___datalogs,INFO,JoyConState.GO_HOME,0.000000,0.000000,0.000000,0.098413,0.006866,0.011443,0.025176,0.000000,0.000000,0.000000,0.000000,0,0,0,0,0,0,0,0,0,0,0,0.045257568359375,-0.004302978515625,0,0,0,0,0,0,0,0,Object notstarted,Object notstarted,Object notstarted,Object notstarted,Object notstarted,Object notstarted,Object notstarted,Object notstarted,Object notstarted
2024-03-18 10:35:29,923.923,__main___datalogs,INFO,JoyConState.GO_HOME,0.000000,0.000000,0.000000,0.098413,0.006866,0.011443,0.020598,0.000000,0.000000,0.000000,0.000000,0,0,0,0,0,0,0,0,0,0,0,0.045257568359375,-0.004302978515625,0,0,0,0,0,0,0,0,Object notstarted,Object notstarted,Object notstarted,Object notstarted,Object notstarted,Object notstarted,Object notstarted,Object notstarted,Object notstarted
2024-03-18 10:35:29,967.967,__main___datalogs,INFO,JoyConState.GO_HOME,0.000000,0.000000,0.000000,0.096125,0.002289,0.004577,0.025176,0.000000,0.000000,0.000000,0.000000,0,0,0,0,0,0,0,0,0,0,0,0.045257568359375,-0.004302978515625,0,0,0,0,0,0,0,0,Object notstarted,Object notstarted,Object notstarted,Object notstarted,Object notstarted,Object notstarted,Object notstarted,Object notstarted,Object notstarted
2024-03-18 10:35:30,011.011,__main___datalogs,INFO,JoyConState.GO_HOME,0.000000,0.000000,0.000000,0.096125,0.002289,0.011443,0.025176,0.000000,0.000000,0.000000,0.000000,0,0,0,0,0,0,0,0,0,0,0,0.045257568359375,-0.004302978515625,0,0,0,0,0,0,0,0,Object notstarted,Object notstarted,Object notstarted,Object notstarted,Object notstarted,Object notstarted,Object notstarted,Object notstarted,Object notstarted
2024-03-18 10:35:30,051.051,__main___datalogs,INFO,JoyConState.GO_HOME,0.000000,0.000000,0.000000,0.098413,-0.002289,0.011443,0.020598,0.000000,0.000000,0.000000,0.000000,0,0,0,0,0,0,0,0,0,0,0,0.045257568359375,-0.004302978515625,0,0,0,0,0,0,0,0,Object notstarted,Object notstarted,Object notstarted,Object notstarted,Object notstarted,Object notstarted,Object notstarted,Object notstarted,Object notstarted
2024-03-18 10:35:30,096.096,__main___datalogs,INFO,JoyConState.GO_HOME,0.000000,0.000000,0.000000,0.098413,0.006866,0.013732,0.025176,0.000000,0.000000,0.000000,0.000000,0,0,0,0,0,0,0,0,0,0,0,0.045257568359375,-0.004302978515625,0,0,0,0,0,0,0,0,Object notstarted,Object notstarted,Object notstarted,Object notstarted,Object notstarted,Object notstarted,Object notstarted,Object notstarted,Object notstarted
2024-03-18 10:35:30,137.137,__main___datalogs,INFO,JoyConState.GO_HOME,0.000000,0.000000,0.000000,0.096125,0.006866,0.011443,0.025176,0.000000,0.000000,0.000000,0.000000,0,0,0,0,0,0,0,0,0,0,0,0.045257568359375,-0.004302978515625,0,0,0,0,0,0,0,0,Object notstarted,Object notstarted,Object notstarted,Object notstarted,Object notstarted,Object notstarted,Object notstarted,Object notstarted,Object notstarted
2024-03-18 10:35:30,181.181,__main___datalogs,INFO,JoyConState.GO_HOME,0.000000,0.000000,0.000000,0.096125,0.006866,0.011443,0.025176,0.000000,0.000000,0.000000,0.000000,0,0,0,0,0,0,0,0,0,0,0,0.045257568359375,-0.004302978515625,0,0,0,0,0,0,0,0,Object notstarted,Object notstarted,Object notstarted,Object notstarted,Object notstarted,Object notstarted,Object notstarted,Object notstarted,Object notstarted
2024-03-18 10:35:30,223.223,__main___datalogs,INFO,JoyConState.GO_HOME,0.000000,0.000000,0.000000,0.098413,0.006866,0.011443,0.025176,0.000000,0.000000,0.000000,0.000000,0,0,0,0,0,0,0,0,0,0,0,0.045257568359375,-0.004302978515625,0,0,0,0,0,0,0,0,Object notstarted,Object notstarted,Object notstarted,Object notstarted,Object notstarted,Object notstarted,Object notstarted,Object notstarted,Object notstarted
2024-03-18 10:35:30,266.266,__main___datalogs,INFO,JoyConState.GO_HOME,0.000000,0.000000,0.000000,0.098413,0.006866,0.011443,0.025176,0.000000,0.000000,0.000000,0.000000,0,0,0,0,0,0,0,0,0,0,0,0.045257568359375,-0.004302978515625,0,0,0,0,0,0,0,0,Object notstarted,Object notstarted,Object notstarted,Object notstarted,Object notstarted,Object notstarted,Object notstarted,Object notstarted,Object notstarted
2024-03-18 10:35:30,309.309,__main___datalogs,INFO,JoyConState.GO_HOME,0.000000,0.000000,0.000000,0.098413,0.006866,0.011443,0.025176,0.000000,0.000000,0.000000,0.000000,0,0,0,0,0,0,0,0,0,0,0,0.045257568359375,-0.004302978515625,0,0,0,0,0,0,0,0,Object notstarted,Object notstarted,Object notstarted,Object notstarted,Object notstarted,Object notstarted,Object notstarted,Object notstarted,Object notstarted
2024-03-18 10:35:30,351.351,__main___datalogs,INFO,JoyConState.GO_HOME,0.000000,0.000000,0.000000,0.096125,0.006866,0.011443,0.025176,0.000000,0.000000,0.000000,0.000000,0,0,0,0,0,0,0,0,0,0,0,0.045257568359375,-0.004302978515625,0,0,0,0,0,0,0,0,Object notstarted,Object notstarted,Object notstarted,Object notstarted,Object notstarted,Object notstarted,Object notstarted,Object notstarted,Object notstarted
2024-03-18 10:35:30,394.394,__main___datalogs,INFO,JoyConState.GO_HOME,0.000000,0.000000,0.000000,0.096125,0.006866,0.004577,0.025176,0.000000,0.000000,0.000000,0.000000,0,0,0,0,0,0,0,0,0,0,0,0.045257568359375,-0.004302978515625,0,0,0,0,0,0,0,0,Object notstarted,Object notstarted,Object notstarted,Object notstarted,Object notstarted,Object notstarted,Object notstarted,Object notstarted,Object notstarted
2024-03-18 10:35:30,438.438,__main___datalogs,INFO,JoyConState.GO_HOME,0.000000,0.000000,0.000000,0.091547,0.006866,0.004577,0.020598,0.000000,0.000000,0.000000,0.000000,0,0,0,0,0,0,0,0,0,0,0,0.045257568359375,-0.004302978515625,0,0,0,0,0,0,0,0,Object notstarted,Object notstarted,Object notstarted,Object notstarted,Object notstarted,Object notstarted,Object notstarted,Object notstarted,Object notstarted
2024-03-18 10:35:30,481.481,__main___datalogs,INFO,JoyConState.GO_HOME,0.000000,0.000000,0.000000,0.096125,0.006866,0.011443,0.020598,0.000000,0.000000,0.000000,0.000000,0,0,0,0,0,0,0,0,0,0,0,0.045257568359375,-0.004302978515625,0,0,0,0,0,0,0,0,Object notstarted,Object notstarted,Object notstarted,Object notstarted,Object notstarted,Object notstarted,Object notstarted,Object notstarted,Object notstarted
2024-03-18 10:35:30,525.525,__main___datalogs,INFO,JoyConState.GO_HOME,0.000000,0.000000,0.000000,0.096125,0.009155,0.011443,0.020598,0.000000,0.000000,0.000000,0.000000,0,0,0,0,0,0,0,0,0,0,0,0.045257568359375,-0.004302978515625,0,0,0,0,0,0,0,0,Object notstarted,Object notstarted,Object notstarted,Object notstarted,Object notstarted,Object notstarted,Object notstarted,Object notstarted,Object notstarted
2024-03-18 10:35:30,568.568,__main___datalogs,INFO,JoyConState.GO_HOME,0.000000,0.000000,0.000000,0.098413,0.002289,0.011443,0.020598,0.000000,0.000000,0.000000,0.000000,0,0,0,0,0,0,0,0,0,0,0,0.045257568359375,-0.004302978515625,0,0,0,0,0,0,0,0,Object notstarted,Object notstarted,Object notstarted,Object notstarted,Object notstarted,Object notstarted,Object notstarted,Object notstarted,Object notstarted
2024-03-18 10:35:30,613.613,__main___datalogs,INFO,JoyConState.GO_HOME,0.000000,0.000000,0.000000,0.098413,0.002289,0.011443,0.020598,0.000000,0.000000,0.000000,0.000000,0,0,0,0,0,0,0,0,0,0,0,0.045257568359375,-0.004302978515625,0,0,0,0,0,0,0,0,Object notstarted,Object notstarted,Object notstarted,Object notstarted,Object notstarted,Object notstarted,Object notstarted,Object notstarted,Object notstarted
2024-03-18 10:35:30,659.659,__main___datalogs,INFO,JoyConState.GO_HOME,0.000000,0.000000,0.000000,0.096125,0.002289,0.004577,0.025176,0.000000,0.000000,0.000000,0.000000,0,0,0,0,0,0,0,0,0,0,0,0.045257568359375,-0.004302978515625,0,0,0,0,0,0,0,0,Object notstarted,Object notstarted,Object notstarted,Object notstarted,Object notstarted,Object notstarted,Object notstarted,Object notstarted,Object notstarted
2024-03-18 10:35:30,709.709,__main___datalogs,INFO,JoyConState.GO_HOME,0.000000,0.000000,0.000000,0.096125,0.006866,0.011443,0.025176,0.000000,0.000000,0.000000,0.000000,0,0,0,0,0,0,0,0,0,0,0,0.045257568359375,-0.004302978515625,0,0,0,0,0,0,0,0,Object notstarted,Object notstarted,Object notstarted,Object notstarted,Object notstarted,Object notstarted,Object notstarted,Object notstarted,Object notstarted
2024-03-18 10:35:30,752.752,__main___datalogs,INFO,JoyConState.GO_HOME,0.000000,0.000000,0.000000,0.098413,0.006866,0.004577,0.025176,0.000000,0.000000,0.000000,0.000000,0,0,0,0,0,0,0,0,0,0,0,0.045257568359375,-0.004302978515625,0,0,0,0,0,0,0,0,Object notstarted,Object notstarted,Object notstarted,Object notstarted,Object notstarted,Object notstarted,Object notstarted,Object notstarted,Object notstarted
2024-03-18 10:35:30,798.798,__main___datalogs,INFO,JoyConState.GO_HOME,0.000000,0.000000,0.000000,0.098413,0.002289,0.004577,0.020598,0.000000,0.000000,0.000000,0.000000,0,0,0,0,0,0,0,0,0,0,0,0.045257568359375,-0.004302978515625,0,0,0,0,0,0,0,0,Object notstarted,Object notstarted,Object notstarted,Object notstarted,Object notstarted,Object notstarted,Object notstarted,Object notstarted,Object notstarted
2024-03-18 10:35:30,840.840,__main___datalogs,INFO,JoyConState.GO_HOME,0.000000,0.000000,0.000000,0.098413,0.002289,0.004577,0.025176,0.000000,0.000000,0.000000,0.000000,0,0,0,0,0,0,0,0,0,0,0,0.045257568359375,-0.004302978515625,0,0,0,0,0,0,0,0,Object notstarted,Object notstarted,Object notstarted,Object notstarted,Object notstarted,Object notstarted,Object notstarted,Object notstarted,Object notstarted
2024-03-18 10:35:30,884.884,__main___datalogs,INFO,JoyConState.GO_HOME,0.000000,0.000000,0.000000,0.096125,0.006866,0.011443,0.025176,0.000000,0.000000,0.000000,0.000000,0,0,0,0,0,0,0,0,0,0,0,0.045257568359375,-0.004302978515625,0,0,0,0,0,0,0,0,Object notstarted,Object notstarted,Object notstarted,Object notstarted,Object notstarted,Object notstarted,Object notstarted,Object notstarted,Object notstarted
2024-03-18 10:35:30,926.926,__main___datalogs,INFO,JoyConState.GO_HOME,0.000000,0.000000,0.000000,0.096125,0.006866,0.013732,0.025176,0.000000,0.000000,0.000000,0.000000,0,0,0,0,0,0,0,0,0,0,0,0.045257568359375,-0.004302978515625,0,0,0,0,0,0,0,0,Object notstarted,Object notstarted,Object notstarted,Object notstarted,Object notstarted,Object notstarted,Object notstarted,Object notstarted,Object notstarted
2024-03-18 10:35:30,969.969,__main___datalogs,INFO,JoyConState.GO_HOME,0.000000,0.000000,0.000000,0.098413,0.002289,0.011443,0.025176,0.000000,0.000000,0.000000,0.000000,0,0,0,0,0,0,0,0,0,0,0,0.045257568359375,-0.004302978515625,0,0,0,0,0,0,0,0,Object notstarted,Object notstarted,Object notstarted,Object notstarted,Object notstarted,Object notstarted,Object notstarted,Object notstarted,Object notstarted
2024-03-18 10:35:31,012.012,__main___datalogs,INFO,JoyConState.GO_HOME,0.000000,0.000000,0.000000,0.098413,0.002289,0.011443,0.020598,0.000000,0.000000,0.000000,0.000000,0,0,0,0,0,0,0,0,0,0,0,0.045257568359375,-0.004302978515625,0,0,0,0,0,0,0,0,Object notstarted,Object notstarted,Object notstarted,Object notstarted,Object notstarted,Object notstarted,Object notstarted,Object notstarted,Object notstarted
2024-03-18 10:35:31,056.056,__main___datalogs,INFO,JoyConState.GO_HOME,0.000000,0.000000,0.000000,0.098413,0.006866,0.011443,0.020598,0.000000,0.000000,0.000000,0.000000,0,0,0,0,0,0,0,0,0,0,0,0.045257568359375,-0.004302978515625,0,0,0,0,0,0,0,0,Object notstarted,Object notstarted,Object notstarted,Object notstarted,Object notstarted,Object notstarted,Object notstarted,Object notstarted,Object notstarted
2024-03-18 10:35:31,098.098,__main___datalogs,INFO,JoyConState.GO_HOME,0.000000,0.000000,0.000000,0.096125,0.006866,0.011443,0.020598,0.000000,0.000000,0.000000,0.000000,0,0,0,0,0,0,0,0,0,0,0,0.045257568359375,-0.004302978515625,0,0,0,0,0,0,0,0,Object notstarted,Object notstarted,Object notstarted,Object notstarted,Object notstarted,Object notstarted,Object notstarted,Object notstarted,Object notstarted
2024-03-18 10:35:31,141.141,__main___datalogs,INFO,JoyConState.GO_HOME,0.000000,0.000000,0.000000,0.096125,0.006866,0.011443,0.025176,0.000000,0.000000,0.000000,0.000000,0,0,0,0,0,0,0,0,0,0,0,0.045257568359375,-0.004302978515625,0,0,0,0,0,0,0,0,Object notstarted,Object notstarted,Object notstarted,Object notstarted,Object notstarted,Object notstarted,Object notstarted,Object notstarted,Object notstarted
2024-03-18 10:35:31,184.184,__main___datalogs,INFO,JoyConState.GO_HOME,0.000000,0.000000,0.000000,0.098413,0.006866,0.011443,0.025176,0.000000,0.000000,0.000000,0.000000,0,0,0,0,0,0,0,0,0,0,0,0.045257568359375,-0.004302978515625,0,0,0,0,0,0,0,0,Object notstarted,Object notstarted,Object notstarted,Object notstarted,Object notstarted,Object notstarted,Object notstarted,Object notstarted,Object notstarted
2024-03-18 10:35:31,228.228,__main___datalogs,INFO,JoyConState.GO_HOME,0.000000,0.000000,0.000000,0.096125,0.006866,0.011443,0.020598,0.000000,0.000000,0.000000,0.000000,0,0,0,0,0,0,0,0,0,0,0,0.045257568359375,-0.004302978515625,0,0,0,0,0,0,0,0,Object notstarted,Object notstarted,Object notstarted,Object notstarted,Object notstarted,Object notstarted,Object notstarted,Object notstarted,Object notstarted
2024-03-18 10:35:31,270.270,__main___datalogs,INFO,JoyConState.GO_HOME,0.000000,0.000000,0.000000,0.102991,0.006866,0.011443,0.020598,0.000000,0.000000,0.000000,0.000000,0,0,0,0,0,0,0,0,0,0,0,0.045257568359375,-0.004302978515625,0,0,0,0,0,0,0,0,Object notstarted,Object notstarted,Object notstarted,Object notstarted,Object notstarted,Object notstarted,Object notstarted,Object notstarted,Object notstarted
2024-03-18 10:35:31,315.315,__main___datalogs,INFO,JoyConState.GO_HOME,0.000000,0.000000,0.000000,0.098413,0.006866,0.011443,0.020598,0.000000,0.000000,0.000000,0.000000,0,0,0,0,0,0,0,0,0,0,0,0.045257568359375,-0.004302978515625,0,0,0,0,0,0,0,0,Object notstarted,Object notstarted,Object notstarted,Object notstarted,Object notstarted,Object notstarted,Object notstarted,Object notstarted,Object notstarted
2024-03-18 10:35:31,355.355,__main___datalogs,INFO,JoyConState.GO_HOME,0.000000,0.000000,0.000000,0.098413,0.006866,0.011443,0.025176,0.000000,0.000000,0.000000,0.000000,0,0,0,0,0,0,0,0,0,0,0,0.045257568359375,-0.004302978515625,0,0,0,0,0,0,0,0,Object notstarted,Object notstarted,Object notstarted,Object notstarted,Object notstarted,Object notstarted,Object notstarted,Object notstarted,Object notstarted
2024-03-18 10:35:31,396.396,__main___datalogs,INFO,JoyConState.GO_HOME,0.000000,0.000000,0.000000,0.098413,0.006866,0.011443,0.020598,0.000000,0.000000,0.000000,0.000000,0,0,0,0,0,0,0,0,0,0,0,0.045257568359375,-0.004302978515625,0,0,0,0,0,0,0,0,Object notstarted,Object notstarted,Object notstarted,Object notstarted,Object notstarted,Object notstarted,Object notstarted,Object notstarted,Object notstarted
2024-03-18 10:35:31,438.438,__main___datalogs,INFO,JoyConState.GO_HOME,0.000000,0.000000,0.000000,0.098413,0.006866,0.011443,0.025176,0.000000,0.000000,0.000000,0.000000,0,0,0,0,0,0,0,0,0,0,0,0.045257568359375,-0.004302978515625,0,0,0,0,0,0,0,0,Object notstarted,Object notstarted,Object notstarted,Object notstarted,Object notstarted,Object notstarted,Object notstarted,Object notstarted,Object notstarted
2024-03-18 10:35:31,482.482,__main___datalogs,INFO,JoyConState.GO_HOME,0.000000,0.000000,0.000000,0.098413,0.006866,0.011443,0.025176,0.000000,0.000000,0.000000,0.000000,0,0,0,0,0,0,0,0,0,0,0,0.045257568359375,-0.004302978515625,0,0,0,0,0,0,0,0,Object notstarted,Object notstarted,Object notstarted,Object notstarted,Object notstarted,Object notstarted,Object notstarted,Object notstarted,Object notstarted
2024-03-18 10:35:31,524.524,__main___datalogs,INFO,JoyConState.GO_HOME,0.000000,0.000000,0.000000,0.098413,0.006866,0.013732,0.025176,0.000000,0.000000,0.000000,0.000000,0,0,0,0,0,0,0,0,0,0,0,0.045257568359375,-0.004302978515625,0,0,0,0,0,0,0,0,Object notstarted,Object notstarted,Object notstarted,Object notstarted,Object notstarted,Object notstarted,Object notstarted,Object notstarted,Object notstarted
2024-03-18 10:35:31,568.568,__main___datalogs,INFO,JoyConState.GO_HOME,0.000000,0.000000,0.000000,0.098413,0.006866,0.011443,0.025176,0.000000,0.000000,0.000000,0.000000,0,0,0,0,0,0,0,0,0,0,0,0.045257568359375,-0.004302978515625,0,0,0,0,0,0,0,0,Object notstarted,Object notstarted,Object notstarted,Object notstarted,Object notstarted,Object notstarted,Object notstarted,Object notstarted,Object notstarted
2024-03-18 10:35:31,610.610,__main___datalogs,INFO,JoyConState.GO_HOME,0.000000,0.000000,0.000000,0.098413,0.002289,0.011443,0.025176,0.000000,0.000000,0.000000,0.000000,0,0,0,0,0,0,0,0,0,0,0,0.045257568359375,-0.004302978515625,0,0,0,0,0,0,0,0,Object notstarted,Object notstarted,Object notstarted,Object notstarted,Object notstarted,Object notstarted,Object notstarted,Object notstarted,Object notstarted
2024-03-18 10:35:31,654.654,__main___datalogs,INFO,JoyConState.GO_HOME,0.000000,0.000000,0.000000,0.096125,0.006866,0.011443,0.025176,0.000000,0.000000,0.000000,0.000000,0,0,0,0,0,0,0,0,0,0,0,0.045257568359375,-0.004302978515625,0,0,0,0,0,0,0,0,Object notstarted,Object notstarted,Object notstarted,Object notstarted,Object notstarted,Object notstarted,Object notstarted,Object notstarted,Object notstarted
2024-03-18 10:35:31,695.695,__main___datalogs,INFO,JoyConState.GO_HOME,0.000000,0.000000,0.000000,0.096125,0.002289,0.013732,0.020598,0.000000,0.000000,0.000000,0.000000,0,0,0,0,0,0,0,0,0,0,0,0.045257568359375,-0.004302978515625,0,0,0,0,0,0,0,0,Object notstarted,Object notstarted,Object notstarted,Object notstarted,Object notstarted,Object notstarted,Object notstarted,Object notstarted,Object notstarted
2024-03-18 10:35:31,759.759,__main___datalogs,INFO,JoyConState.GO_HOME,0.000000,0.000000,0.000000,0.096125,0.002289,0.004577,0.020598,0.000000,0.000000,0.000000,0.000000,0,0,0,0,0,0,0,0,0,0,0,0.045257568359375,-0.004302978515625,0,0,0,0,0,0,0,0,Object notstarted,Object notstarted,Object notstarted,Object notstarted,Object notstarted,Object notstarted,Object notstarted,Object notstarted,Object notstarted
2024-03-18 10:35:31,802.802,__main___datalogs,INFO,JoyConState.GO_HOME,0.000000,0.000000,0.000000,0.098413,0.006866,0.004577,0.025176,0.000000,0.000000,0.000000,0.000000,0,0,0,0,0,0,0,0,0,0,0,0.045257568359375,-0.004302978515625,0,0,0,0,0,0,0,0,Object notstarted,Object notstarted,Object notstarted,Object notstarted,Object notstarted,Object notstarted,Object notstarted,Object notstarted,Object notstarted
2024-03-18 10:35:31,845.845,__main___datalogs,INFO,JoyConState.GO_HOME,0.000000,0.000000,0.000000,0.096125,0.006866,0.011443,0.025176,0.000000,0.000000,0.000000,0.000000,0,0,0,0,0,0,0,0,0,0,0,0.045257568359375,-0.004302978515625,0,0,0,0,0,0,0,0,Object notstarted,Object notstarted,Object notstarted,Object notstarted,Object notstarted,Object notstarted,Object notstarted,Object notstarted,Object notstarted
2024-03-18 10:35:31,888.888,__main___datalogs,INFO,JoyConState.GO_HOME,0.000000,0.000000,0.000000,0.102991,0.006866,0.011443,0.025176,0.000000,0.000000,0.000000,0.000000,0,0,0,0,0,0,0,0,0,0,0,0.045257568359375,-0.004302978515625,0,0,0,0,0,0,0,0,Object notstarted,Object notstarted,Object notstarted,Object notstarted,Object notstarted,Object notstarted,Object notstarted,Object notstarted,Object notstarted
2024-03-18 10:35:31,932.932,__main___datalogs,INFO,JoyConState.GO_HOME,0.000000,0.000000,0.000000,0.098413,0.006866,0.004577,0.020598,0.000000,0.000000,0.000000,0.000000,0,0,0,0,0,0,0,0,0,0,0,0.045257568359375,-0.004302978515625,0,0,0,0,0,0,0,0,Object notstarted,Object notstarted,Object notstarted,Object notstarted,Object notstarted,Object notstarted,Object notstarted,Object notstarted,Object notstarted
2024-03-18 10:35:31,974.974,__main___datalogs,INFO,JoyConState.GO_HOME,0.000000,0.000000,0.000000,0.098413,0.006866,0.011443,0.016021,0.000000,0.000000,0.000000,0.000000,0,0,0,0,0,0,0,0,0,0,0,0.045257568359375,-0.004302978515625,0,0,0,0,0,0,0,0,Object notstarted,Object notstarted,Object notstarted,Object notstarted,Object notstarted,Object notstarted,Object notstarted,Object notstarted,Object notstarted
2024-03-18 10:35:32,023.023,__main___datalogs,INFO,JoyConState.GO_HOME,0.000000,0.000000,0.000000,0.098413,0.002289,0.004577,0.025176,0.000000,0.000000,0.000000,0.000000,0,0,0,0,0,0,0,0,0,0,0,0.045257568359375,-0.004302978515625,0,0,0,0,0,0,0,0,Object notstarted,Object notstarted,Object notstarted,Object notstarted,Object notstarted,Object notstarted,Object notstarted,Object notstarted,Object notstarted
2024-03-18 10:35:32,073.073,__main___datalogs,INFO,JoyConState.GO_HOME,0.000000,0.000000,0.000000,0.096125,0.002289,0.004577,0.025176,0.000000,0.000000,0.000000,0.000000,0,0,0,0,0,0,0,0,0,0,0,0.045257568359375,-0.004302978515625,0,0,0,0,0,0,0,0,Object notstarted,Object notstarted,Object notstarted,Object notstarted,Object notstarted,Object notstarted,Object notstarted,Object notstarted,Object notstarted
2024-03-18 10:35:32,117.117,__main___datalogs,INFO,JoyConState.GO_HOME,0.000000,0.000000,0.000000,0.096125,0.002289,0.004577,0.025176,0.000000,0.000000,0.000000,0.000000,0,0,0,0,0,0,0,0,0,0,0,0.045257568359375,-0.004302978515625,0,0,0,0,0,0,0,0,Object notstarted,Object notstarted,Object notstarted,Object notstarted,Object notstarted,Object notstarted,Object notstarted,Object notstarted,Object notstarted
2024-03-18 10:35:32,161.161,__main___datalogs,INFO,JoyConState.GO_HOME,0.000000,0.000000,0.000000,0.096125,0.002289,0.011443,0.025176,0.000000,0.000000,0.000000,0.000000,0,0,0,0,0,0,0,0,0,0,0,0.045257568359375,-0.004302978515625,0,0,0,0,0,0,0,0,Object notstarted,Object notstarted,Object notstarted,Object notstarted,Object notstarted,Object notstarted,Object notstarted,Object notstarted,Object notstarted
2024-03-18 10:35:32,203.203,__main___datalogs,INFO,JoyConState.GO_HOME,0.000000,0.000000,0.000000,0.098413,0.006866,0.011443,0.025176,0.000000,0.000000,0.000000,0.000000,0,0,0,0,0,0,0,0,0,0,0,0.045257568359375,-0.004302978515625,0,0,0,0,0,0,0,0,Object notstarted,Object notstarted,Object notstarted,Object notstarted,Object notstarted,Object notstarted,Object notstarted,Object notstarted,Object notstarted
2024-03-18 10:35:32,246.246,__main___datalogs,INFO,JoyConState.GO_HOME,0.000000,0.000000,0.000000,0.098413,0.006866,0.011443,0.025176,0.000000,0.000000,0.000000,0.000000,0,0,0,0,0,0,0,0,0,0,0,0.045257568359375,-0.004302978515625,0,0,0,0,0,0,0,0,Object notstarted,Object notstarted,Object notstarted,Object notstarted,Object notstarted,Object notstarted,Object notstarted,Object notstarted,Object notstarted
2024-03-18 10:35:32,292.292,__main___datalogs,INFO,JoyConState.GO_HOME,0.000000,0.000000,0.000000,0.102991,0.002289,0.011443,0.025176,0.000000,0.000000,0.000000,0.000000,0,0,0,0,0,0,0,0,0,0,0,0.045257568359375,-0.004302978515625,0,0,0,0,0,0,0,0,Object notstarted,Object notstarted,Object notstarted,Object notstarted,Object notstarted,Object notstarted,Object notstarted,Object notstarted,Object notstarted
2024-03-18 10:35:32,335.335,__main___datalogs,INFO,JoyConState.GO_HOME,0.000000,0.000000,0.000000,0.098413,0.002289,0.004577,0.025176,0.000000,0.000000,0.000000,0.000000,0,0,0,0,0,0,0,0,0,0,0,0.045257568359375,-0.004302978515625,0,0,0,0,0,0,0,0,Object notstarted,Object notstarted,Object notstarted,Object notstarted,Object notstarted,Object notstarted,Object notstarted,Object notstarted,Object notstarted
2024-03-18 10:35:32,379.379,__main___datalogs,INFO,JoyConState.GO_HOME,0.000000,0.000000,0.000000,0.098413,0.002289,0.002289,0.025176,0.000000,0.000000,0.000000,0.000000,0,0,0,0,0,0,0,0,0,0,0,0.045257568359375,-0.004302978515625,0,0,0,0,0,0,0,0,Object notstarted,Object notstarted,Object notstarted,Object notstarted,Object notstarted,Object notstarted,Object notstarted,Object notstarted,Object notstarted
2024-03-18 10:35:32,421.421,__main___datalogs,INFO,JoyConState.GO_HOME,0.000000,0.000000,0.000000,0.098413,0.006866,0.011443,0.025176,0.000000,0.000000,0.000000,0.000000,0,0,0,0,0,0,0,0,0,0,0,0.045257568359375,-0.004302978515625,0,0,0,0,0,0,0,0,Object notstarted,Object notstarted,Object notstarted,Object notstarted,Object notstarted,Object notstarted,Object notstarted,Object notstarted,Object notstarted
2024-03-18 10:35:32,466.466,__main___datalogs,INFO,JoyConState.GO_HOME,0.000000,0.000000,0.000000,0.096125,0.006866,0.011443,0.025176,0.000000,0.000000,0.000000,0.000000,0,0,0,0,0,0,0,0,0,0,0,0.045257568359375,-0.004302978515625,0,0,0,0,0,0,0,0,Object notstarted,Object notstarted,Object notstarted,Object notstarted,Object notstarted,Object notstarted,Object notstarted,Object notstarted,Object notstarted
2024-03-18 10:35:32,507.507,__main___datalogs,INFO,JoyConState.GO_HOME,0.000000,0.000000,0.000000,0.096125,0.006866,0.011443,0.025176,0.000000,0.000000,0.000000,0.000000,0,0,0,0,0,0,0,0,0,0,0,0.045257568359375,-0.004302978515625,0,0,0,0,0,0,0,0,Object notstarted,Object notstarted,Object notstarted,Object notstarted,Object notstarted,Object notstarted,Object notstarted,Object notstarted,Object notstarted
2024-03-18 10:35:32,551.551,__main___datalogs,INFO,JoyConState.GO_HOME,0.000000,0.000000,0.000000,0.098413,0.006866,0.011443,0.020598,0.000000,0.000000,0.000000,0.000000,0,0,0,0,0,0,0,0,0,0,0,0.045257568359375,-0.004302978515625,0,0,0,0,0,0,0,0,Object notstarted,Object notstarted,Object notstarted,Object notstarted,Object notstarted,Object notstarted,Object notstarted,Object notstarted,Object notstarted
2024-03-18 10:35:32,595.595,__main___datalogs,INFO,JoyConState.GO_HOME,0.000000,0.000000,0.000000,0.096125,0.002289,0.004577,0.025176,0.000000,0.000000,0.000000,0.000000,0,0,0,0,0,0,0,0,0,0,0,0.045257568359375,-0.004302978515625,0,0,0,0,0,0,0,0,Object notstarted,Object notstarted,Object notstarted,Object notstarted,Object notstarted,Object notstarted,Object notstarted,Object notstarted,Object notstarted
2024-03-18 10:35:32,638.638,__main___datalogs,INFO,JoyConState.GO_HOME,0.000000,0.000000,0.000000,0.096125,0.002289,0.004577,0.025176,0.000000,0.000000,0.000000,0.000000,0,0,0,0,0,0,0,0,0,0,0,0.045257568359375,-0.004302978515625,0,0,0,0,0,0,0,0,Object notstarted,Object notstarted,Object notstarted,Object notstarted,Object notstarted,Object notstarted,Object notstarted,Object notstarted,Object notstarted
2024-03-18 10:35:32,681.681,__main___datalogs,INFO,JoyConState.GO_HOME,0.000000,0.000000,0.000000,0.096125,0.006866,0.004577,0.025176,0.000000,0.000000,0.000000,0.000000,0,0,0,0,0,0,0,0,0,0,0,0.045257568359375,-0.004302978515625,0,0,0,0,0,0,0,0,Object notstarted,Object notstarted,Object notstarted,Object notstarted,Object notstarted,Object notstarted,Object notstarted,Object notstarted,Object notstarted
2024-03-18 10:35:32,726.726,__main___datalogs,INFO,JoyConState.GO_HOME,0.000000,0.000000,0.000000,0.098413,0.006866,0.011443,0.025176,0.000000,0.000000,0.000000,0.000000,0,0,0,0,0,0,0,0,0,0,0,0.045257568359375,-0.004302978515625,0,0,0,0,0,0,0,0,Object notstarted,Object notstarted,Object notstarted,Object notstarted,Object notstarted,Object notstarted,Object notstarted,Object notstarted,Object notstarted
2024-03-18 10:35:32,769.769,__main___datalogs,INFO,JoyConState.GO_HOME,0.000000,0.000000,0.000000,0.098413,0.002289,0.011443,0.025176,0.000000,0.000000,0.000000,0.000000,0,0,0,0,0,0,0,0,0,0,0,0.045257568359375,-0.004302978515625,0,0,0,0,0,0,0,0,Object notstarted,Object notstarted,Object notstarted,Object notstarted,Object notstarted,Object notstarted,Object notstarted,Object notstarted,Object notstarted
2024-03-18 10:35:32,826.826,__main___datalogs,INFO,JoyConState.GO_HOME,0.000000,0.000000,0.000000,0.102991,0.006866,0.011443,0.020598,0.000000,0.000000,0.000000,0.000000,0,0,0,0,0,0,0,0,0,0,0,0.045257568359375,-0.004302978515625,0,0,0,0,0,0,0,0,Object notstarted,Object notstarted,Object notstarted,Object notstarted,Object notstarted,Object notstarted,Object notstarted,Object notstarted,Object notstarted
2024-03-18 10:35:32,868.868,__main___datalogs,INFO,JoyConState.GO_HOME,0.000000,0.000000,0.000000,0.098413,0.006866,0.011443,0.025176,0.000000,0.000000,0.000000,0.000000,0,0,0,0,0,0,0,0,0,0,0,0.045257568359375,-0.004302978515625,0,0,0,0,0,0,0,0,Object notstarted,Object notstarted,Object notstarted,Object notstarted,Object notstarted,Object notstarted,Object notstarted,Object notstarted,Object notstarted
2024-03-18 10:35:32,911.911,__main___datalogs,INFO,JoyConState.GO_HOME,0.000000,0.000000,0.000000,0.098413,0.006866,0.011443,0.025176,0.000000,0.000000,0.000000,0.000000,0,0,0,0,0,0,0,0,0,0,0,0.045257568359375,-0.004302978515625,0,0,0,0,0,0,0,0,Object notstarted,Object notstarted,Object notstarted,Object notstarted,Object notstarted,Object notstarted,Object notstarted,Object notstarted,Object notstarted
2024-03-18 10:35:32,953.953,__main___datalogs,INFO,JoyConState.GO_HOME,0.000000,0.000000,0.000000,0.098413,0.006866,0.011443,0.025176,0.000000,0.000000,0.000000,0.000000,0,0,0,0,0,0,0,0,0,0,0,0.045257568359375,-0.004302978515625,0,0,0,0,0,0,0,0,Object notstarted,Object notstarted,Object notstarted,Object notstarted,Object notstarted,Object notstarted,Object notstarted,Object notstarted,Object notstarted
2024-03-18 10:35:32,998.998,__main___datalogs,INFO,JoyConState.GO_HOME,0.000000,0.000000,0.000000,0.098413,0.002289,0.011443,0.025176,0.000000,0.000000,0.000000,0.000000,0,0,0,0,0,0,0,0,0,0,0,0.045257568359375,-0.004302978515625,0,0,0,0,0,0,0,0,Object notstarted,Object notstarted,Object notstarted,Object notstarted,Object notstarted,Object notstarted,Object notstarted,Object notstarted,Object notstarted
2024-03-18 10:35:33,040.040,__main___datalogs,INFO,JoyConState.GO_HOME,0.000000,0.000000,0.000000,0.102991,0.002289,0.011443,0.025176,0.000000,0.000000,0.000000,0.000000,0,0,0,0,0,0,0,0,0,0,0,0.045257568359375,-0.004302978515625,0,0,0,0,0,0,0,0,Object notstarted,Object notstarted,Object notstarted,Object notstarted,Object notstarted,Object notstarted,Object notstarted,Object notstarted,Object notstarted
2024-03-18 10:35:33,082.082,__main___datalogs,INFO,JoyConState.GO_HOME,0.000000,0.000000,0.000000,0.098413,0.002289,0.011443,0.025176,0.000000,0.000000,0.000000,0.000000,0,0,0,0,0,0,0,0,0,0,0,0.045257568359375,-0.004302978515625,0,0,0,0,0,0,0,0,Object notstarted,Object notstarted,Object notstarted,Object notstarted,Object notstarted,Object notstarted,Object notstarted,Object notstarted,Object notstarted
2024-03-18 10:35:33,124.124,__main___datalogs,INFO,JoyConState.GO_HOME,0.000000,0.000000,0.000000,0.098413,0.006866,0.011443,0.025176,0.000000,0.000000,0.000000,0.000000,0,0,0,0,0,0,0,0,0,0,0,0.045257568359375,-0.004302978515625,0,0,0,0,0,0,0,0,Object notstarted,Object notstarted,Object notstarted,Object notstarted,Object notstarted,Object notstarted,Object notstarted,Object notstarted,Object notstarted
2024-03-18 10:35:33,169.169,__main___datalogs,INFO,JoyConState.GO_HOME,0.000000,0.000000,0.000000,0.098413,0.006866,0.011443,0.025176,0.000000,0.000000,0.000000,0.000000,0,0,0,0,0,0,0,0,0,0,0,0.045257568359375,-0.004302978515625,0,0,0,0,0,0,0,0,Object notstarted,Object notstarted,Object notstarted,Object notstarted,Object notstarted,Object notstarted,Object notstarted,Object notstarted,Object notstarted
2024-03-18 10:35:33,211.211,__main___datalogs,INFO,JoyConState.GO_HOME,0.000000,0.000000,0.000000,0.098413,0.006866,0.011443,0.025176,0.000000,0.000000,0.000000,0.000000,0,0,0,0,0,0,0,0,0,0,0,0.045257568359375,-0.004302978515625,0,0,0,0,0,0,0,0,Object notstarted,Object notstarted,Object notstarted,Object notstarted,Object notstarted,Object notstarted,Object notstarted,Object notstarted,Object notstarted
2024-03-18 10:35:33,262.262,__main___datalogs,INFO,JoyConState.GO_HOME,0.000000,0.000000,0.000000,0.098413,0.006866,0.011443,0.020598,0.000000,0.000000,0.000000,0.000000,0,0,0,0,0,0,0,0,0,0,0,0.045257568359375,-0.004302978515625,0,0,0,0,0,0,0,0,Object notstarted,Object notstarted,Object notstarted,Object notstarted,Object notstarted,Object notstarted,Object notstarted,Object notstarted,Object notstarted
2024-03-18 10:35:33,303.303,__main___datalogs,INFO,JoyConState.GO_HOME,0.000000,0.000000,0.000000,0.102991,0.002289,0.011443,0.025176,0.000000,0.000000,0.000000,0.000000,0,0,0,0,0,0,0,0,0,0,0,0.045257568359375,-0.004302978515625,0,0,0,0,0,0,0,0,Object notstarted,Object notstarted,Object notstarted,Object notstarted,Object notstarted,Object notstarted,Object notstarted,Object notstarted,Object notstarted
2024-03-18 10:35:33,348.348,__main___datalogs,INFO,JoyConState.GO_HOME,0.000000,0.000000,0.000000,0.098413,0.002289,0.011443,0.025176,0.000000,0.000000,0.000000,0.000000,0,0,0,0,0,0,0,0,0,0,0,0.045257568359375,-0.004302978515625,0,0,0,0,0,0,0,0,Object notstarted,Object notstarted,Object notstarted,Object notstarted,Object notstarted,Object notstarted,Object notstarted,Object notstarted,Object notstarted
2024-03-18 10:35:33,389.389,__main___datalogs,INFO,JoyConState.GO_HOME,0.000000,0.000000,0.000000,0.098413,0.006866,0.011443,0.020598,0.000000,0.000000,0.000000,0.000000,0,0,0,0,0,0,0,0,0,0,0,0.045257568359375,-0.004302978515625,0,0,0,0,0,0,0,0,Object notstarted,Object notstarted,Object notstarted,Object notstarted,Object notstarted,Object notstarted,Object notstarted,Object notstarted,Object notstarted
2024-03-18 10:35:33,433.433,__main___datalogs,INFO,JoyConState.GO_HOME,0.000000,0.000000,0.000000,0.102991,0.006866,0.011443,0.025176,0.000000,0.000000,0.000000,0.000000,0,0,0,0,0,0,0,0,0,0,0,0.045257568359375,-0.004302978515625,0,0,0,0,0,0,0,0,Object notstarted,Object notstarted,Object notstarted,Object notstarted,Object notstarted,Object notstarted,Object notstarted,Object notstarted,Object notstarted
2024-03-18 10:35:33,476.476,__main___datalogs,INFO,JoyConState.GO_HOME,0.000000,0.000000,0.000000,0.098413,0.006866,0.013732,0.025176,0.000000,0.000000,0.000000,0.000000,0,0,0,0,0,0,0,0,0,0,0,0.045257568359375,-0.004302978515625,0,0,0,0,0,0,0,0,Object notstarted,Object notstarted,Object notstarted,Object notstarted,Object notstarted,Object notstarted,Object notstarted,Object notstarted,Object notstarted
2024-03-18 10:35:33,519.519,__main___datalogs,INFO,JoyConState.GO_HOME,0.000000,0.000000,0.000000,0.096125,0.006866,0.011443,0.020598,0.000000,0.000000,0.000000,0.000000,0,0,0,0,0,0,0,0,0,0,0,0.045257568359375,-0.004302978515625,0,0,0,0,0,0,0,0,Object notstarted,Object notstarted,Object notstarted,Object notstarted,Object notstarted,Object notstarted,Object notstarted,Object notstarted,Object notstarted
2024-03-18 10:35:33,561.561,__main___datalogs,INFO,JoyConState.GO_HOME,0.000000,0.000000,0.000000,0.096125,0.006866,0.011443,0.020598,0.000000,0.000000,0.000000,0.000000,0,0,0,0,0,0,0,0,0,0,0,0.045257568359375,-0.004302978515625,0,0,0,0,0,0,0,0,Object notstarted,Object notstarted,Object notstarted,Object notstarted,Object notstarted,Object notstarted,Object notstarted,Object notstarted,Object notstarted
2024-03-18 10:35:33,604.604,__main___datalogs,INFO,JoyConState.GO_HOME,0.000000,0.000000,0.000000,0.096125,0.006866,0.011443,0.020598,0.000000,0.000000,0.000000,0.000000,0,0,0,0,0,0,0,0,0,0,0,0.045257568359375,-0.004302978515625,0,0,0,0,0,0,0,0,Object notstarted,Object notstarted,Object notstarted,Object notstarted,Object notstarted,Object notstarted,Object notstarted,Object notstarted,Object notstarted
2024-03-18 10:35:33,647.647,__main___datalogs,INFO,JoyConState.GO_HOME,0.000000,0.000000,0.000000,0.098413,0.006866,0.011443,0.020598,0.000000,0.000000,0.000000,0.000000,0,0,0,0,0,0,0,0,0,0,0,0.045257568359375,-0.004302978515625,0,0,0,0,0,0,0,0,Object notstarted,Object notstarted,Object notstarted,Object notstarted,Object notstarted,Object notstarted,Object notstarted,Object notstarted,Object notstarted
2024-03-18 10:35:33,691.691,__main___datalogs,INFO,JoyConState.GO_HOME,0.000000,0.000000,0.000000,0.102991,0.009155,0.011443,0.025176,0.000000,0.000000,0.000000,0.000000,0,0,0,0,0,0,0,0,0,0,0,0.045257568359375,-0.004302978515625,0,0,0,0,0,0,0,0,Object notstarted,Object notstarted,Object notstarted,Object notstarted,Object notstarted,Object notstarted,Object notstarted,Object notstarted,Object notstarted
2024-03-18 10:35:33,733.733,__main___datalogs,INFO,JoyConState.GO_HOME,0.000000,0.000000,0.000000,0.098413,0.002289,0.011443,0.025176,0.000000,0.000000,0.000000,0.000000,0,0,0,0,0,0,0,0,0,0,0,0.045257568359375,-0.004302978515625,0,0,0,0,0,0,0,0,Object notstarted,Object notstarted,Object notstarted,Object notstarted,Object notstarted,Object notstarted,Object notstarted,Object notstarted,Object notstarted
2024-03-18 10:35:33,778.778,__main___datalogs,INFO,JoyConState.GO_HOME,0.000000,0.000000,0.000000,0.098413,0.002289,0.004577,0.020598,0.000000,0.000000,0.000000,0.000000,0,0,0,0,0,0,0,0,0,0,0,0.045257568359375,-0.004302978515625,0,0,0,0,0,0,0,0,Object notstarted,Object notstarted,Object notstarted,Object notstarted,Object notstarted,Object notstarted,Object notstarted,Object notstarted,Object notstarted
2024-03-18 10:35:33,821.821,__main___datalogs,INFO,JoyConState.GO_HOME,0.000000,0.000000,0.000000,0.096125,0.009155,0.004577,0.025176,0.000000,0.000000,0.000000,0.000000,0,0,0,0,0,0,0,0,0,0,0,0.045257568359375,-0.004302978515625,0,0,0,0,0,0,0,0,Object notstarted,Object notstarted,Object notstarted,Object notstarted,Object notstarted,Object notstarted,Object notstarted,Object notstarted,Object notstarted
2024-03-18 10:35:33,870.870,__main___datalogs,INFO,JoyConState.GO_HOME,0.000000,0.000000,0.000000,0.098413,0.006866,0.011443,0.025176,0.000000,0.000000,0.000000,0.000000,0,0,0,0,0,0,0,0,0,0,0,0.045257568359375,-0.004302978515625,0,0,0,0,0,0,0,0,Object notstarted,Object notstarted,Object notstarted,Object notstarted,Object notstarted,Object notstarted,Object notstarted,Object notstarted,Object notstarted
2024-03-18 10:35:33,931.931,__main___datalogs,INFO,JoyConState.GO_HOME,0.000000,0.000000,0.000000,0.098413,0.006866,0.011443,0.025176,0.000000,0.000000,0.000000,0.000000,0,0,0,0,0,0,0,0,0,0,0,0.045257568359375,-0.004302978515625,0,0,0,0,0,0,0,0,Object notstarted,Object notstarted,Object notstarted,Object notstarted,Object notstarted,Object notstarted,Object notstarted,Object notstarted,Object notstarted
2024-03-18 10:35:33,976.976,__main___datalogs,INFO,JoyConState.GO_HOME,0.000000,0.000000,0.000000,0.098413,0.006866,0.011443,0.020598,0.000000,0.000000,0.000000,0.000000,0,0,0,0,0,0,0,0,0,0,0,0.045257568359375,-0.004302978515625,0,0,0,0,0,0,0,0,Object notstarted,Object notstarted,Object notstarted,Object notstarted,Object notstarted,Object notstarted,Object notstarted,Object notstarted,Object notstarted
2024-03-18 10:35:34,019.019,__main___datalogs,INFO,JoyConState.GO_HOME,0.000000,0.000000,0.000000,0.098413,0.006866,0.011443,0.025176,0.000000,0.000000,0.000000,0.000000,0,0,0,0,0,0,0,0,0,0,0,0.045257568359375,-0.004302978515625,0,0,0,0,0,0,0,0,Object notstarted,Object notstarted,Object notstarted,Object notstarted,Object notstarted,Object notstarted,Object notstarted,Object notstarted,Object notstarted
2024-03-18 10:35:34,063.063,__main___datalogs,INFO,JoyConState.GO_HOME,0.000000,0.000000,0.000000,0.098413,0.006866,0.011443,0.025176,0.000000,0.000000,0.000000,0.000000,0,0,0,0,0,0,0,0,0,0,0,0.045257568359375,-0.004302978515625,0,0,0,0,0,0,0,0,Object notstarted,Object notstarted,Object notstarted,Object notstarted,Object notstarted,Object notstarted,Object notstarted,Object notstarted,Object notstarted
2024-03-18 10:35:34,105.105,__main___datalogs,INFO,JoyConState.GO_HOME,0.000000,0.000000,0.000000,0.096125,0.002289,0.011443,0.025176,0.000000,0.000000,0.000000,0.000000,0,0,0,0,0,0,0,0,0,0,0,0.045257568359375,-0.004302978515625,0,0,0,0,0,0,0,0,Object notstarted,Object notstarted,Object notstarted,Object notstarted,Object notstarted,Object notstarted,Object notstarted,Object notstarted,Object notstarted
2024-03-18 10:35:34,147.147,__main___datalogs,INFO,JoyConState.GO_HOME,0.000000,0.000000,0.000000,0.098413,-0.002289,0.011443,0.025176,0.000000,0.000000,0.000000,0.000000,0,0,0,0,0,0,0,0,0,0,0,0.045257568359375,-0.004302978515625,0,0,0,0,0,0,0,0,Object notstarted,Object notstarted,Object notstarted,Object notstarted,Object notstarted,Object notstarted,Object notstarted,Object notstarted,Object notstarted
2024-03-18 10:35:34,193.193,__main___datalogs,INFO,JoyConState.GO_HOME,0.000000,0.000000,0.000000,0.098413,0.002289,0.011443,0.020598,0.000000,0.000000,0.000000,0.000000,0,0,0,0,0,0,0,0,0,0,0,0.045257568359375,-0.004302978515625,0,0,0,0,0,0,0,0,Object notstarted,Object notstarted,Object notstarted,Object notstarted,Object notstarted,Object notstarted,Object notstarted,Object notstarted,Object notstarted
2024-03-18 10:35:34,239.239,__main___datalogs,INFO,JoyConState.GO_HOME,0.000000,0.000000,0.000000,0.098413,0.006866,0.011443,0.025176,0.000000,0.000000,0.000000,0.000000,0,0,0,0,0,0,0,0,0,0,0,0.045257568359375,-0.004302978515625,0,0,0,0,0,0,0,0,Object notstarted,Object notstarted,Object notstarted,Object notstarted,Object notstarted,Object notstarted,Object notstarted,Object notstarted,Object notstarted
2024-03-18 10:35:34,281.281,__main___datalogs,INFO,JoyConState.GO_HOME,0.000000,0.000000,0.000000,0.102991,0.006866,0.011443,0.025176,0.000000,0.000000,0.000000,0.000000,0,0,0,0,0,0,0,0,0,0,0,0.045257568359375,-0.004302978515625,0,0,0,0,0,0,0,0,Object notstarted,Object notstarted,Object notstarted,Object notstarted,Object notstarted,Object notstarted,Object notstarted,Object notstarted,Object notstarted
2024-03-18 10:35:34,328.328,__main___datalogs,INFO,JoyConState.GO_HOME,0.000000,0.000000,0.000000,0.098413,0.002289,0.011443,0.025176,0.000000,0.000000,0.000000,0.000000,0,0,0,0,0,0,0,0,0,0,0,0.045257568359375,-0.004302978515625,0,0,0,0,0,0,0,0,Object notstarted,Object notstarted,Object notstarted,Object notstarted,Object notstarted,Object notstarted,Object notstarted,Object notstarted,Object notstarted
2024-03-18 10:35:34,367.367,__main___datalogs,INFO,JoyConState.GO_HOME,0.000000,0.000000,0.000000,0.098413,0.006866,0.004577,0.025176,0.000000,0.000000,0.000000,0.000000,0,0,0,0,0,0,0,0,0,0,0,0.045257568359375,-0.004302978515625,0,0,0,0,0,0,0,0,Object notstarted,Object notstarted,Object notstarted,Object notstarted,Object notstarted,Object notstarted,Object notstarted,Object notstarted,Object notstarted
2024-03-18 10:35:34,412.412,__main___datalogs,INFO,JoyConState.GO_HOME,0.000000,0.000000,0.000000,0.098413,0.006866,0.011443,0.025176,0.000000,0.000000,0.000000,0.000000,0,0,0,0,0,0,0,0,0,0,0,0.045257568359375,-0.004302978515625,0,0,0,0,0,0,0,0,Object notstarted,Object notstarted,Object notstarted,Object notstarted,Object notstarted,Object notstarted,Object notstarted,Object notstarted,Object notstarted
2024-03-18 10:35:34,454.454,__main___datalogs,INFO,JoyConState.GO_HOME,0.000000,0.000000,0.000000,0.098413,0.006866,0.011443,0.025176,0.000000,0.000000,0.000000,0.000000,0,0,0,0,0,0,0,0,0,0,0,0.045257568359375,-0.004302978515625,0,0,0,0,0,0,0,0,Object notstarted,Object notstarted,Object notstarted,Object notstarted,Object notstarted,Object notstarted,Object notstarted,Object notstarted,Object notstarted
2024-03-18 10:35:34,499.499,__main___datalogs,INFO,JoyConState.GO_HOME,0.000000,0.000000,0.000000,0.098413,0.002289,0.011443,0.020598,0.000000,0.000000,0.000000,0.000000,0,0,0,0,0,0,0,0,0,0,0,0.045257568359375,-0.004302978515625,0,0,0,0,0,0,0,0,Object notstarted,Object notstarted,Object notstarted,Object notstarted,Object notstarted,Object notstarted,Object notstarted,Object notstarted,Object notstarted
2024-03-18 10:35:34,543.543,__main___datalogs,INFO,JoyConState.GO_HOME,0.000000,0.000000,0.000000,0.098413,0.002289,0.011443,0.020598,0.000000,0.000000,0.000000,0.000000,0,0,0,0,0,0,0,0,0,0,0,0.045257568359375,-0.004302978515625,0,0,0,0,0,0,0,0,Object notstarted,Object notstarted,Object notstarted,Object notstarted,Object notstarted,Object notstarted,Object notstarted,Object notstarted,Object notstarted
2024-03-18 10:35:34,586.586,__main___datalogs,INFO,JoyConState.GO_HOME,0.000000,0.000000,0.000000,0.102991,0.002289,0.011443,0.025176,0.000000,0.000000,0.000000,0.000000,0,0,0,0,0,0,0,0,0,0,0,0.045257568359375,-0.004302978515625,0,0,0,0,0,0,0,0,Object notstarted,Object notstarted,Object notstarted,Object notstarted,Object notstarted,Object notstarted,Object notstarted,Object notstarted,Object notstarted
2024-03-18 10:35:34,628.628,__main___datalogs,INFO,JoyConState.GO_HOME,0.000000,0.000000,0.000000,0.102991,0.006866,0.011443,0.025176,0.000000,0.000000,0.000000,0.000000,0,0,0,0,0,0,0,0,0,0,0,0.045257568359375,-0.004302978515625,0,0,0,0,0,0,0,0,Object notstarted,Object notstarted,Object notstarted,Object notstarted,Object notstarted,Object notstarted,Object notstarted,Object notstarted,Object notstarted
2024-03-18 10:35:34,670.670,__main___datalogs,INFO,JoyConState.GO_HOME,0.000000,0.000000,0.000000,0.098413,0.006866,0.011443,0.020598,0.000000,0.000000,0.000000,0.000000,0,0,0,0,0,0,0,0,0,0,0,0.045257568359375,-0.004302978515625,0,0,0,0,0,0,0,0,Object notstarted,Object notstarted,Object notstarted,Object notstarted,Object notstarted,Object notstarted,Object notstarted,Object notstarted,Object notstarted
2024-03-18 10:35:34,712.712,__main___datalogs,INFO,JoyConState.GO_HOME,0.000000,0.000000,0.000000,0.098413,0.006866,0.011443,0.020598,0.000000,0.000000,0.000000,0.000000,0,0,0,0,0,0,0,0,0,0,0,0.045257568359375,-0.004302978515625,0,0,0,0,0,0,0,0,Object notstarted,Object notstarted,Object notstarted,Object notstarted,Object notstarted,Object notstarted,Object notstarted,Object notstarted,Object notstarted
2024-03-18 10:35:34,757.757,__main___datalogs,INFO,JoyConState.GO_HOME,0.000000,0.000000,0.000000,0.096125,-0.002289,0.011443,0.025176,0.000000,0.000000,0.000000,0.000000,0,0,0,0,0,0,0,0,0,0,0,0.045257568359375,-0.004302978515625,0,0,0,0,0,0,0,0,Object notstarted,Object notstarted,Object notstarted,Object notstarted,Object notstarted,Object notstarted,Object notstarted,Object notstarted,Object notstarted
2024-03-18 10:35:34,799.799,__main___datalogs,INFO,JoyConState.GO_HOME,0.000000,0.000000,0.000000,0.096125,0.002289,0.011443,0.020598,0.000000,0.000000,0.000000,0.000000,0,0,0,0,0,0,0,0,0,0,0,0.045257568359375,-0.004302978515625,0,0,0,0,0,0,0,0,Object notstarted,Object notstarted,Object notstarted,Object notstarted,Object notstarted,Object notstarted,Object notstarted,Object notstarted,Object notstarted
2024-03-18 10:35:34,843.843,__main___datalogs,INFO,JoyConState.GO_HOME,0.000000,0.000000,0.000000,0.096125,0.002289,0.011443,0.020598,0.000000,0.000000,0.000000,0.000000,0,0,0,0,0,0,0,0,0,0,0,0.045257568359375,-0.004302978515625,0,0,0,0,0,0,0,0,Object notstarted,Object notstarted,Object notstarted,Object notstarted,Object notstarted,Object notstarted,Object notstarted,Object notstarted,Object notstarted
2024-03-18 10:35:34,882.882,__main___datalogs,INFO,JoyConState.GO_HOME,0.000000,0.000000,0.000000,0.102991,0.002289,0.011443,0.020598,0.000000,0.000000,0.000000,0.000000,0,0,0,0,0,0,0,0,0,0,0,0.045257568359375,-0.004302978515625,0,0,0,0,0,0,0,0,Object notstarted,Object notstarted,Object notstarted,Object notstarted,Object notstarted,Object notstarted,Object notstarted,Object notstarted,Object notstarted
2024-03-18 10:35:34,935.935,__main___datalogs,INFO,JoyConState.GO_HOME,0.000000,0.000000,0.000000,0.098413,0.002289,0.004577,0.020598,0.000000,0.000000,0.000000,0.000000,0,0,0,0,0,0,0,0,0,0,0,0.045257568359375,-0.004302978515625,0,0,0,0,0,0,0,0,Object notstarted,Object notstarted,Object notstarted,Object notstarted,Object notstarted,Object notstarted,Object notstarted,Object notstarted,Object notstarted
2024-03-18 10:35:34,977.977,__main___datalogs,INFO,JoyConState.GO_HOME,0.000000,0.000000,0.000000,0.102991,0.002289,0.004577,0.025176,0.000000,0.000000,0.000000,0.000000,0,0,0,0,0,0,0,0,0,0,0,0.045257568359375,-0.004302978515625,0,0,0,0,0,0,0,0,Object notstarted,Object notstarted,Object notstarted,Object notstarted,Object notstarted,Object notstarted,Object notstarted,Object notstarted,Object notstarted
2024-03-18 10:35:35,020.020,__main___datalogs,INFO,JoyConState.GO_HOME,0.000000,0.000000,0.000000,0.102991,0.002289,0.011443,0.020598,0.000000,0.000000,0.000000,0.000000,0,0,0,0,0,0,0,0,0,0,0,0.045257568359375,-0.004302978515625,0,0,0,0,0,0,0,0,Object notstarted,Object notstarted,Object notstarted,Object notstarted,Object notstarted,Object notstarted,Object notstarted,Object notstarted,Object notstarted
2024-03-18 10:35:35,062.062,__main___datalogs,INFO,JoyConState.GO_HOME,0.000000,0.000000,0.000000,0.096125,0.002289,0.011443,0.025176,0.000000,0.000000,0.000000,0.000000,0,0,0,0,0,0,0,0,0,0,0,0.045257568359375,-0.004302978515625,0,0,0,0,0,0,0,0,Object notstarted,Object notstarted,Object notstarted,Object notstarted,Object notstarted,Object notstarted,Object notstarted,Object notstarted,Object notstarted
2024-03-18 10:35:35,106.106,__main___datalogs,INFO,JoyConState.GO_HOME,0.000000,0.000000,0.000000,0.098413,0.006866,0.004577,0.025176,0.000000,0.000000,0.000000,0.000000,0,0,0,0,0,0,0,0,0,0,0,0.045257568359375,-0.004302978515625,0,0,0,0,0,0,0,0,Object notstarted,Object notstarted,Object notstarted,Object notstarted,Object notstarted,Object notstarted,Object notstarted,Object notstarted,Object notstarted
2024-03-18 10:35:35,149.149,__main___datalogs,INFO,JoyConState.GO_HOME,0.000000,0.000000,0.000000,0.096125,0.006866,0.004577,0.020598,0.000000,0.000000,0.000000,0.000000,0,0,0,0,0,0,0,0,0,0,0,0.045257568359375,-0.004302978515625,0,0,0,0,0,0,0,0,Object notstarted,Object notstarted,Object notstarted,Object notstarted,Object notstarted,Object notstarted,Object notstarted,Object notstarted,Object notstarted
2024-03-18 10:35:35,193.193,__main___datalogs,INFO,JoyConState.GO_HOME,0.000000,0.000000,0.000000,0.098413,0.006866,0.004577,0.025176,0.000000,0.000000,0.000000,0.000000,0,0,0,0,0,0,0,0,0,0,0,0.045257568359375,-0.004302978515625,0,0,0,0,0,0,0,0,Object notstarted,Object notstarted,Object notstarted,Object notstarted,Object notstarted,Object notstarted,Object notstarted,Object notstarted,Object notstarted
2024-03-18 10:35:35,235.235,__main___datalogs,INFO,JoyConState.GO_HOME,0.000000,0.000000,0.000000,0.098413,0.002289,0.011443,0.025176,0.000000,0.000000,0.000000,0.000000,0,0,0,0,0,0,0,0,0,0,0,0.045257568359375,-0.004302978515625,0,0,0,0,0,0,0,0,Object notstarted,Object notstarted,Object notstarted,Object notstarted,Object notstarted,Object notstarted,Object notstarted,Object notstarted,Object notstarted
2024-03-18 10:35:35,280.280,__main___datalogs,INFO,JoyConState.GO_HOME,0.000000,0.000000,0.000000,0.098413,0.002289,0.011443,0.025176,0.000000,0.000000,0.000000,0.000000,0,0,0,0,0,0,0,0,0,0,0,0.045257568359375,-0.004302978515625,0,0,0,0,0,0,0,0,Object notstarted,Object notstarted,Object notstarted,Object notstarted,Object notstarted,Object notstarted,Object notstarted,Object notstarted,Object notstarted
2024-03-18 10:35:35,321.321,__main___datalogs,INFO,JoyConState.GO_HOME,0.000000,0.000000,0.000000,0.096125,0.002289,0.011443,0.025176,0.000000,0.000000,0.000000,0.000000,0,0,0,0,0,0,0,0,0,0,0,0.045257568359375,-0.004302978515625,0,0,0,0,0,0,0,0,Object notstarted,Object notstarted,Object notstarted,Object notstarted,Object notstarted,Object notstarted,Object notstarted,Object notstarted,Object notstarted
2024-03-18 10:35:35,364.364,__main___datalogs,INFO,JoyConState.GO_HOME,0.000000,0.000000,0.000000,0.098413,0.002289,0.011443,0.025176,0.000000,0.000000,0.000000,0.000000,0,0,0,0,0,0,0,0,0,0,0,0.045257568359375,-0.004302978515625,0,0,0,0,0,0,0,0,Object notstarted,Object notstarted,Object notstarted,Object notstarted,Object notstarted,Object notstarted,Object notstarted,Object notstarted,Object notstarted
2024-03-18 10:35:35,406.406,__main___datalogs,INFO,JoyConState.GO_HOME,0.000000,0.000000,0.000000,0.098413,0.006866,0.011443,0.025176,0.000000,0.000000,0.000000,0.000000,0,0,0,0,0,0,0,0,0,0,0,0.045257568359375,-0.004302978515625,0,0,0,0,0,0,0,0,Object notstarted,Object notstarted,Object notstarted,Object notstarted,Object notstarted,Object notstarted,Object notstarted,Object notstarted,Object notstarted
2024-03-18 10:35:35,449.449,__main___datalogs,INFO,JoyConState.GO_HOME,0.000000,0.000000,0.000000,0.098413,0.006866,0.011443,0.025176,0.000000,0.000000,0.000000,0.000000,0,0,0,0,0,0,0,0,0,0,0,0.045257568359375,-0.004302978515625,0,0,0,0,0,0,0,0,Object notstarted,Object notstarted,Object notstarted,Object notstarted,Object notstarted,Object notstarted,Object notstarted,Object notstarted,Object notstarted
2024-03-18 10:35:35,491.491,__main___datalogs,INFO,JoyConState.GO_HOME,0.000000,0.000000,0.000000,0.096125,0.006866,0.011443,0.025176,0.000000,0.000000,0.000000,0.000000,0,0,0,0,0,0,0,0,0,0,0,0.045257568359375,-0.004302978515625,0,0,0,0,0,0,0,0,Object notstarted,Object notstarted,Object notstarted,Object notstarted,Object notstarted,Object notstarted,Object notstarted,Object notstarted,Object notstarted
2024-03-18 10:35:35,535.535,__main___datalogs,INFO,JoyConState.GO_HOME,0.000000,0.000000,0.000000,0.096125,0.006866,0.011443,0.025176,0.000000,0.000000,0.000000,0.000000,0,0,0,0,0,0,0,0,0,0,0,0.045257568359375,-0.004302978515625,0,0,0,0,0,0,0,0,Object notstarted,Object notstarted,Object notstarted,Object notstarted,Object notstarted,Object notstarted,Object notstarted,Object notstarted,Object notstarted
2024-03-18 10:35:35,576.576,__main___datalogs,INFO,JoyConState.GO_HOME,0.000000,0.000000,0.000000,0.096125,0.009155,0.011443,0.020598,0.000000,0.000000,0.000000,0.000000,0,0,0,0,0,0,0,0,0,0,0,0.045257568359375,-0.004302978515625,0,0,0,0,0,0,0,0,Object notstarted,Object notstarted,Object notstarted,Object notstarted,Object notstarted,Object notstarted,Object notstarted,Object notstarted,Object notstarted
2024-03-18 10:35:35,620.620,__main___datalogs,INFO,JoyConState.GO_HOME,0.000000,0.000000,0.000000,0.096125,0.002289,0.011443,0.020598,0.000000,0.000000,0.000000,0.000000,0,0,0,0,0,0,0,0,0,0,0,0.045257568359375,-0.004302978515625,0,0,0,0,0,0,0,0,Object notstarted,Object notstarted,Object notstarted,Object notstarted,Object notstarted,Object notstarted,Object notstarted,Object notstarted,Object notstarted
2024-03-18 10:35:35,662.662,__main___datalogs,INFO,JoyConState.GO_HOME,0.000000,0.000000,0.000000,0.096125,0.002289,0.011443,0.025176,0.000000,0.000000,0.000000,0.000000,0,0,0,0,0,0,0,0,0,0,0,0.045257568359375,-0.004302978515625,0,0,0,0,0,0,0,0,Object notstarted,Object notstarted,Object notstarted,Object notstarted,Object notstarted,Object notstarted,Object notstarted,Object notstarted,Object notstarted
2024-03-18 10:35:35,708.708,__main___datalogs,INFO,JoyConState.GO_HOME,0.000000,0.000000,0.000000,0.102991,0.006866,0.013732,0.025176,0.000000,0.000000,0.000000,0.000000,0,0,0,0,0,0,0,0,0,0,0,0.045257568359375,-0.004302978515625,0,0,0,0,0,0,0,0,Object notstarted,Object notstarted,Object notstarted,Object notstarted,Object notstarted,Object notstarted,Object notstarted,Object notstarted,Object notstarted
2024-03-18 10:35:35,750.750,__main___datalogs,INFO,JoyConState.GO_HOME,0.000000,0.000000,0.000000,0.089258,0.006866,0.011443,0.025176,0.000000,0.000000,0.000000,0.000000,0,0,0,0,0,0,0,0,0,0,0,0.045257568359375,-0.004302978515625,0,0,0,0,0,0,0,0,Object notstarted,Object notstarted,Object notstarted,Object notstarted,Object notstarted,Object notstarted,Object notstarted,Object notstarted,Object notstarted
2024-03-18 10:35:35,793.793,__main___datalogs,INFO,JoyConState.GO_HOME,0.000000,0.000000,0.000000,0.091547,0.006866,0.004577,0.025176,0.000000,0.000000,0.000000,0.000000,0,0,0,0,0,0,0,0,0,0,0,0.045257568359375,-0.004302978515625,0,0,0,0,0,0,0,0,Object notstarted,Object notstarted,Object notstarted,Object notstarted,Object notstarted,Object notstarted,Object notstarted,Object notstarted,Object notstarted
2024-03-18 10:35:35,836.836,__main___datalogs,INFO,JoyConState.GO_HOME,0.000000,0.000000,0.000000,0.091547,0.006866,0.011443,0.020598,0.000000,0.000000,0.000000,0.000000,0,0,0,0,0,0,0,0,0,0,0,0.045257568359375,-0.004302978515625,0,0,0,0,0,0,0,0,Object notstarted,Object notstarted,Object notstarted,Object notstarted,Object notstarted,Object notstarted,Object notstarted,Object notstarted,Object notstarted
2024-03-18 10:35:35,881.881,__main___datalogs,INFO,JoyConState.GO_HOME,0.000000,0.000000,0.000000,0.096125,0.006866,0.011443,0.020598,0.000000,0.000000,0.000000,0.000000,0,0,0,0,0,0,0,0,0,0,0,0.045257568359375,-0.004302978515625,0,0,0,0,0,0,0,0,Object notstarted,Object notstarted,Object notstarted,Object notstarted,Object notstarted,Object notstarted,Object notstarted,Object notstarted,Object notstarted
2024-03-18 10:35:35,923.923,__main___datalogs,INFO,JoyConState.GO_HOME,0.000000,0.000000,0.000000,0.091547,0.002289,0.011443,0.025176,0.000000,0.000000,0.000000,0.000000,0,0,0,0,0,0,0,0,0,0,0,0.045257568359375,-0.004302978515625,0,0,0,0,0,0,0,0,Object notstarted,Object notstarted,Object notstarted,Object notstarted,Object notstarted,Object notstarted,Object notstarted,Object notstarted,Object notstarted
2024-03-18 10:35:35,967.967,__main___datalogs,INFO,JoyConState.GO_HOME,0.000000,0.000000,0.000000,0.091547,0.002289,0.011443,0.025176,0.000000,0.000000,0.000000,0.000000,0,0,0,0,0,0,0,0,0,0,0,0.045257568359375,-0.004302978515625,0,0,0,0,0,0,0,0,Object notstarted,Object notstarted,Object notstarted,Object notstarted,Object notstarted,Object notstarted,Object notstarted,Object notstarted,Object notstarted
2024-03-18 10:35:36,023.023,__main___datalogs,INFO,JoyConState.GO_HOME,0.000000,0.000000,0.000000,0.096125,0.002289,0.011443,0.020598,0.000000,0.000000,0.000000,0.000000,0,0,0,0,0,0,0,0,0,0,0,0.045257568359375,-0.004302978515625,0,0,0,0,0,0,0,0,Object notstarted,Object notstarted,Object notstarted,Object notstarted,Object notstarted,Object notstarted,Object notstarted,Object notstarted,Object notstarted
2024-03-18 10:35:36,067.067,__main___datalogs,INFO,JoyConState.GO_HOME,0.000000,0.000000,0.000000,0.096125,0.002289,0.011443,0.025176,0.000000,0.000000,0.000000,0.000000,0,0,0,0,0,0,0,0,0,0,0,0.045257568359375,-0.004302978515625,0,0,0,0,0,0,0,0,Object notstarted,Object notstarted,Object notstarted,Object notstarted,Object notstarted,Object notstarted,Object notstarted,Object notstarted,Object notstarted
2024-03-18 10:35:36,108.108,__main___datalogs,INFO,JoyConState.GO_HOME,0.000000,0.000000,0.000000,0.091547,0.002289,0.011443,0.025176,0.000000,0.000000,0.000000,0.000000,0,0,0,0,0,0,0,0,0,0,0,0.045257568359375,-0.004302978515625,0,0,0,0,0,0,0,0,Object notstarted,Object notstarted,Object notstarted,Object notstarted,Object notstarted,Object notstarted,Object notstarted,Object notstarted,Object notstarted
2024-03-18 10:35:36,151.151,__main___datalogs,INFO,JoyConState.GO_HOME,0.000000,0.000000,0.000000,0.091547,0.002289,0.011443,0.025176,0.000000,0.000000,0.000000,0.000000,0,0,0,0,0,0,0,0,0,0,0,0.045257568359375,-0.004302978515625,0,0,0,0,0,0,0,0,Object notstarted,Object notstarted,Object notstarted,Object notstarted,Object notstarted,Object notstarted,Object notstarted,Object notstarted,Object notstarted
2024-03-18 10:35:36,193.193,__main___datalogs,INFO,JoyConState.GO_HOME,0.000000,0.000000,0.000000,0.096125,0.002289,0.011443,0.020598,0.000000,0.000000,0.000000,0.000000,0,0,0,0,0,0,0,0,0,0,0,0.045257568359375,-0.004302978515625,0,0,0,0,0,0,0,0,Object notstarted,Object notstarted,Object notstarted,Object notstarted,Object notstarted,Object notstarted,Object notstarted,Object notstarted,Object notstarted
2024-03-18 10:35:36,238.238,__main___datalogs,INFO,JoyConState.GO_HOME,0.000000,0.000000,0.000000,0.096125,0.006866,0.011443,0.025176,0.000000,0.000000,0.000000,0.000000,0,0,0,0,0,0,0,0,0,0,0,0.045257568359375,-0.004302978515625,0,0,0,0,0,0,0,0,Object notstarted,Object notstarted,Object notstarted,Object notstarted,Object notstarted,Object notstarted,Object notstarted,Object notstarted,Object notstarted
2024-03-18 10:35:36,282.282,__main___datalogs,INFO,JoyConState.GO_HOME,0.000000,0.000000,0.000000,0.091547,0.006866,0.011443,0.025176,0.000000,0.000000,0.000000,0.000000,0,0,0,0,0,0,0,0,0,0,0,0.045257568359375,-0.004302978515625,0,0,0,0,0,0,0,0,Object notstarted,Object notstarted,Object notstarted,Object notstarted,Object notstarted,Object notstarted,Object notstarted,Object notstarted,Object notstarted
2024-03-18 10:35:36,326.326,__main___datalogs,INFO,JoyConState.GO_HOME,0.000000,0.000000,0.000000,0.096125,0.002289,0.011443,0.020598,0.000000,0.000000,0.000000,0.000000,0,0,0,0,0,0,0,0,0,0,0,0.045257568359375,-0.004302978515625,0,0,0,0,0,0,0,0,Object notstarted,Object notstarted,Object notstarted,Object notstarted,Object notstarted,Object notstarted,Object notstarted,Object notstarted,Object notstarted
2024-03-18 10:35:36,369.369,__main___datalogs,INFO,JoyConState.GO_HOME,0.000000,0.000000,0.000000,0.091547,0.002289,0.011443,0.025176,0.000000,0.000000,0.000000,0.000000,0,0,0,0,0,0,0,0,0,0,0,0.045257568359375,-0.004302978515625,0,0,0,0,0,0,0,0,Object notstarted,Object notstarted,Object notstarted,Object notstarted,Object notstarted,Object notstarted,Object notstarted,Object notstarted,Object notstarted
2024-03-18 10:35:36,412.412,__main___datalogs,INFO,JoyConState.GO_HOME,0.000000,0.000000,0.000000,0.098413,0.002289,0.011443,0.025176,0.000000,0.000000,0.000000,0.000000,0,0,0,0,0,0,0,0,0,0,0,0.045257568359375,-0.004302978515625,0,0,0,0,0,0,0,0,Object notstarted,Object notstarted,Object notstarted,Object notstarted,Object notstarted,Object notstarted,Object notstarted,Object notstarted,Object notstarted
2024-03-18 10:35:36,455.455,__main___datalogs,INFO,JoyConState.GO_HOME,0.000000,0.000000,0.000000,0.098413,0.002289,0.011443,0.020598,0.000000,0.000000,0.000000,0.000000,0,0,0,0,0,0,0,0,0,0,0,0.045257568359375,-0.004302978515625,0,0,0,0,0,0,0,0,Object notstarted,Object notstarted,Object notstarted,Object notstarted,Object notstarted,Object notstarted,Object notstarted,Object notstarted,Object notstarted
2024-03-18 10:35:36,499.499,__main___datalogs,INFO,JoyConState.GO_HOME,0.000000,0.000000,0.000000,0.091547,0.002289,0.011443,0.025176,0.000000,0.000000,0.000000,0.000000,0,0,0,0,0,0,0,0,0,0,0,0.045257568359375,-0.004302978515625,0,0,0,0,0,0,0,0,Object notstarted,Object notstarted,Object notstarted,Object notstarted,Object notstarted,Object notstarted,Object notstarted,Object notstarted,Object notstarted
2024-03-18 10:35:36,540.540,__main___datalogs,INFO,JoyConState.GO_HOME,0.000000,0.000000,0.000000,0.096125,0.002289,0.011443,0.020598,0.000000,0.000000,0.000000,0.000000,0,0,0,0,0,0,0,0,0,0,0,0.045257568359375,-0.004302978515625,0,0,0,0,0,0,0,0,Object notstarted,Object notstarted,Object notstarted,Object notstarted,Object notstarted,Object notstarted,Object notstarted,Object notstarted,Object notstarted
2024-03-18 10:35:36,583.583,__main___datalogs,INFO,JoyConState.GO_HOME,0.000000,0.000000,0.000000,0.091547,0.002289,0.011443,0.025176,0.000000,0.000000,0.000000,0.000000,0,0,0,0,0,0,0,0,0,0,0,0.045257568359375,-0.004302978515625,0,0,0,0,0,0,0,0,Object notstarted,Object notstarted,Object notstarted,Object notstarted,Object notstarted,Object notstarted,Object notstarted,Object notstarted,Object notstarted
2024-03-18 10:35:36,625.625,__main___datalogs,INFO,JoyConState.GO_HOME,0.000000,0.000000,0.000000,0.096125,0.002289,0.011443,0.025176,0.000000,0.000000,0.000000,0.000000,0,0,0,0,0,0,0,0,0,0,0,0.045257568359375,-0.004302978515625,0,0,0,0,0,0,0,0,Object notstarted,Object notstarted,Object notstarted,Object notstarted,Object notstarted,Object notstarted,Object notstarted,Object notstarted,Object notstarted
2024-03-18 10:35:36,668.668,__main___datalogs,INFO,JoyConState.GO_HOME,0.000000,0.000000,0.000000,0.096125,0.006866,0.011443,0.025176,0.000000,0.000000,0.000000,0.000000,0,0,0,0,0,0,0,0,0,0,0,0.045257568359375,-0.004302978515625,0,0,0,0,0,0,0,0,Object notstarted,Object notstarted,Object notstarted,Object notstarted,Object notstarted,Object notstarted,Object notstarted,Object notstarted,Object notstarted
2024-03-18 10:35:36,711.711,__main___datalogs,INFO,JoyConState.GO_HOME,0.000000,0.000000,0.000000,0.091547,0.006866,0.013732,0.025176,0.000000,0.000000,0.000000,0.000000,0,0,0,0,0,0,0,0,0,0,0,0.045257568359375,-0.004302978515625,0,0,0,0,0,0,0,0,Object notstarted,Object notstarted,Object notstarted,Object notstarted,Object notstarted,Object notstarted,Object notstarted,Object notstarted,Object notstarted
2024-03-18 10:35:36,757.757,__main___datalogs,INFO,JoyConState.GO_HOME,0.000000,0.000000,0.000000,0.091547,0.006866,0.011443,0.025176,0.000000,0.000000,0.000000,0.000000,0,0,0,0,0,0,0,0,0,0,0,0.045257568359375,-0.004302978515625,0,0,0,0,0,0,0,0,Object notstarted,Object notstarted,Object notstarted,Object notstarted,Object notstarted,Object notstarted,Object notstarted,Object notstarted,Object notstarted
2024-03-18 10:35:36,800.800,__main___datalogs,INFO,JoyConState.GO_HOME,0.000000,0.000000,0.000000,0.091547,0.006866,0.011443,0.025176,0.000000,0.000000,0.000000,0.000000,0,0,0,0,0,0,0,0,0,0,0,0.045257568359375,-0.004302978515625,0,0,0,0,0,0,0,0,Object notstarted,Object notstarted,Object notstarted,Object notstarted,Object notstarted,Object notstarted,Object notstarted,Object notstarted,Object notstarted
2024-03-18 10:35:36,844.844,__main___datalogs,INFO,JoyConState.GO_HOME,0.000000,0.000000,0.000000,0.091547,0.006866,0.011443,0.025176,0.000000,0.000000,0.000000,0.000000,0,0,0,0,0,0,0,0,0,0,0,0.045257568359375,-0.004302978515625,0,0,0,0,0,0,0,0,Object notstarted,Object notstarted,Object notstarted,Object notstarted,Object notstarted,Object notstarted,Object notstarted,Object notstarted,Object notstarted
2024-03-18 10:35:36,885.885,__main___datalogs,INFO,JoyConState.GO_HOME,0.000000,0.000000,0.000000,0.091547,0.006866,0.011443,0.020598,0.000000,0.000000,0.000000,0.000000,0,0,0,0,0,0,0,0,0,0,0,0.045257568359375,-0.004302978515625,0,0,0,0,0,0,0,0,Object notstarted,Object notstarted,Object notstarted,Object notstarted,Object notstarted,Object notstarted,Object notstarted,Object notstarted,Object notstarted
2024-03-18 10:35:36,930.930,__main___datalogs,INFO,JoyConState.GO_HOME,0.000000,0.000000,0.000000,0.096125,0.006866,0.004577,0.025176,0.000000,0.000000,0.000000,0.000000,0,0,0,0,0,0,0,0,0,0,0,0.045257568359375,-0.004302978515625,0,0,0,0,0,0,0,0,Object notstarted,Object notstarted,Object notstarted,Object notstarted,Object notstarted,Object notstarted,Object notstarted,Object notstarted,Object notstarted
2024-03-18 10:35:36,972.972,__main___datalogs,INFO,JoyConState.GO_HOME,0.000000,0.000000,0.000000,0.091547,0.006866,0.011443,0.020598,0.000000,0.000000,0.000000,0.000000,0,0,0,0,0,0,0,0,0,0,0,0.045257568359375,-0.004302978515625,0,0,0,0,0,0,0,0,Object notstarted,Object notstarted,Object notstarted,Object notstarted,Object notstarted,Object notstarted,Object notstarted,Object notstarted,Object notstarted
2024-03-18 10:35:37,015.015,__main___datalogs,INFO,JoyConState.GO_HOME,0.000000,0.000000,0.000000,0.091547,0.006866,0.013732,0.025176,0.000000,0.000000,0.000000,0.000000,0,0,0,0,0,0,0,0,0,0,0,0.045257568359375,-0.004302978515625,0,0,0,0,0,0,0,0,Object notstarted,Object notstarted,Object notstarted,Object notstarted,Object notstarted,Object notstarted,Object notstarted,Object notstarted,Object notstarted
2024-03-18 10:35:37,063.063,__main___datalogs,INFO,JoyConState.GO_HOME,0.000000,0.000000,0.000000,0.091547,0.002289,0.013732,0.025176,0.000000,0.000000,0.000000,0.000000,0,0,0,0,0,0,0,0,0,0,0,0.045257568359375,-0.004302978515625,0,0,0,0,0,0,0,0,Object notstarted,Object notstarted,Object notstarted,Object notstarted,Object notstarted,Object notstarted,Object notstarted,Object notstarted,Object notstarted
2024-03-18 10:35:37,110.110,__main___datalogs,INFO,JoyConState.GO_HOME,0.000000,0.000000,0.000000,0.091547,0.006866,0.011443,0.025176,0.000000,0.000000,0.000000,0.000000,0,0,0,0,0,0,0,0,0,0,0,0.045257568359375,-0.004302978515625,0,0,0,0,0,0,0,0,Object notstarted,Object notstarted,Object notstarted,Object notstarted,Object notstarted,Object notstarted,Object notstarted,Object notstarted,Object notstarted
2024-03-18 10:35:37,152.152,__main___datalogs,INFO,JoyConState.GO_HOME,0.000000,0.000000,0.000000,0.091547,0.006866,0.011443,0.025176,0.000000,0.000000,0.000000,0.000000,0,0,0,0,0,0,0,0,0,0,0,0.045257568359375,-0.004302978515625,0,0,0,0,0,0,0,0,Object notstarted,Object notstarted,Object notstarted,Object notstarted,Object notstarted,Object notstarted,Object notstarted,Object notstarted,Object notstarted
2024-03-18 10:35:37,197.197,__main___datalogs,INFO,JoyConState.GO_HOME,0.000000,0.000000,0.000000,0.091547,0.006866,0.011443,0.025176,0.000000,0.000000,0.000000,0.000000,0,0,0,0,0,0,0,0,0,0,0,0.045257568359375,-0.004302978515625,0,0,0,0,0,0,0,0,Object notstarted,Object notstarted,Object notstarted,Object notstarted,Object notstarted,Object notstarted,Object notstarted,Object notstarted,Object notstarted
2024-03-18 10:35:37,239.239,__main___datalogs,INFO,JoyConState.GO_HOME,0.000000,0.000000,0.000000,0.091547,0.006866,0.011443,0.020598,0.000000,0.000000,0.000000,0.000000,0,0,0,0,0,0,0,0,0,0,0,0.045257568359375,-0.004302978515625,0,0,0,0,0,0,0,0,Object notstarted,Object notstarted,Object notstarted,Object notstarted,Object notstarted,Object notstarted,Object notstarted,Object notstarted,Object notstarted
2024-03-18 10:35:37,283.283,__main___datalogs,INFO,JoyConState.GO_HOME,0.000000,0.000000,0.000000,0.096125,0.006866,0.011443,0.020598,0.000000,0.000000,0.000000,0.000000,0,0,0,0,0,0,0,0,0,0,0,0.045257568359375,-0.004302978515625,0,0,0,0,0,0,0,0,Object notstarted,Object notstarted,Object notstarted,Object notstarted,Object notstarted,Object notstarted,Object notstarted,Object notstarted,Object notstarted
2024-03-18 10:35:37,324.324,__main___datalogs,INFO,JoyConState.GO_HOME,0.000000,0.000000,0.000000,0.096125,0.006866,0.004577,0.025176,0.000000,0.000000,0.000000,0.000000,0,0,0,0,0,0,0,0,0,0,0,0.045257568359375,-0.004302978515625,0,0,0,0,0,0,0,0,Object notstarted,Object notstarted,Object notstarted,Object notstarted,Object notstarted,Object notstarted,Object notstarted,Object notstarted,Object notstarted
2024-03-18 10:35:37,370.370,__main___datalogs,INFO,JoyConState.GO_HOME,0.000000,0.000000,0.000000,0.096125,0.006866,0.004577,0.025176,0.000000,0.000000,0.000000,0.000000,0,0,0,0,0,0,0,0,0,0,0,0.045257568359375,-0.004302978515625,0,0,0,0,0,0,0,0,Object notstarted,Object notstarted,Object notstarted,Object notstarted,Object notstarted,Object notstarted,Object notstarted,Object notstarted,Object notstarted
2024-03-18 10:35:37,411.411,__main___datalogs,INFO,JoyConState.GO_HOME,0.000000,0.000000,0.000000,0.091547,0.006866,0.011443,0.025176,0.000000,0.000000,0.000000,0.000000,0,0,0,0,0,0,0,0,0,0,0,0.045257568359375,-0.004302978515625,0,0,0,0,0,0,0,0,Object notstarted,Object notstarted,Object notstarted,Object notstarted,Object notstarted,Object notstarted,Object notstarted,Object notstarted,Object notstarted
2024-03-18 10:35:37,455.455,__main___datalogs,INFO,JoyConState.GO_HOME,0.000000,0.000000,0.000000,0.091547,0.006866,0.011443,0.020598,0.000000,0.000000,0.000000,0.000000,0,0,0,0,0,0,0,0,0,0,0,0.045257568359375,-0.004302978515625,0,0,0,0,0,0,0,0,Object notstarted,Object notstarted,Object notstarted,Object notstarted,Object notstarted,Object notstarted,Object notstarted,Object notstarted,Object notstarted
2024-03-18 10:35:37,497.497,__main___datalogs,INFO,JoyConState.GO_HOME,0.000000,0.000000,0.000000,0.091547,0.006866,0.011443,0.020598,0.000000,0.000000,0.000000,0.000000,0,0,0,0,0,0,0,0,0,0,0,0.045257568359375,-0.004302978515625,0,0,0,0,0,0,0,0,Object notstarted,Object notstarted,Object notstarted,Object notstarted,Object notstarted,Object notstarted,Object notstarted,Object notstarted,Object notstarted
2024-03-18 10:35:37,543.543,__main___datalogs,INFO,JoyConState.GO_HOME,0.000000,0.000000,0.000000,0.091547,0.006866,0.011443,0.025176,0.000000,0.000000,0.000000,0.000000,0,0,0,0,0,0,0,0,0,0,0,0.045257568359375,-0.004302978515625,0,0,0,0,0,0,0,0,Object notstarted,Object notstarted,Object notstarted,Object notstarted,Object notstarted,Object notstarted,Object notstarted,Object notstarted,Object notstarted
2024-03-18 10:35:37,586.586,__main___datalogs,INFO,JoyConState.GO_HOME,0.000000,0.000000,0.000000,0.091547,0.006866,0.011443,0.025176,0.000000,0.000000,0.000000,0.000000,0,0,0,0,0,0,0,0,0,0,0,0.045257568359375,-0.004302978515625,0,0,0,0,0,0,0,0,Object notstarted,Object notstarted,Object notstarted,Object notstarted,Object notstarted,Object notstarted,Object notstarted,Object notstarted,Object notstarted
2024-03-18 10:35:37,630.630,__main___datalogs,INFO,JoyConState.GO_HOME,0.000000,0.000000,0.000000,0.096125,0.002289,0.011443,0.020598,0.000000,0.000000,0.000000,0.000000,0,0,0,0,0,0,0,0,0,0,0,0.045257568359375,-0.004302978515625,0,0,0,0,0,0,0,0,Object notstarted,Object notstarted,Object notstarted,Object notstarted,Object notstarted,Object notstarted,Object notstarted,Object notstarted,Object notstarted
2024-03-18 10:35:37,674.674,__main___datalogs,INFO,JoyConState.GO_HOME,0.000000,0.000000,0.000000,0.098413,0.002289,0.011443,0.025176,0.000000,0.000000,0.000000,0.000000,0,0,0,0,0,0,0,0,0,0,0,0.045257568359375,-0.004302978515625,0,0,0,0,0,0,0,0,Object notstarted,Object notstarted,Object notstarted,Object notstarted,Object notstarted,Object notstarted,Object notstarted,Object notstarted,Object notstarted
2024-03-18 10:35:37,716.716,__main___datalogs,INFO,JoyConState.GO_HOME,0.000000,0.000000,0.000000,0.096125,0.002289,0.011443,0.025176,0.000000,0.000000,0.000000,0.000000,0,0,0,0,0,0,0,0,0,0,0,0.045257568359375,-0.004302978515625,0,0,0,0,0,0,0,0,Object notstarted,Object notstarted,Object notstarted,Object notstarted,Object notstarted,Object notstarted,Object notstarted,Object notstarted,Object notstarted
2024-03-18 10:35:37,758.758,__main___datalogs,INFO,JoyConState.GO_HOME,0.000000,0.000000,0.000000,0.096125,0.002289,0.011443,0.020598,0.000000,0.000000,0.000000,0.000000,0,0,0,0,0,0,0,0,0,0,0,0.045257568359375,-0.004302978515625,0,0,0,0,0,0,0,0,Object notstarted,Object notstarted,Object notstarted,Object notstarted,Object notstarted,Object notstarted,Object notstarted,Object notstarted,Object notstarted
2024-03-18 10:35:37,802.802,__main___datalogs,INFO,JoyConState.GO_HOME,0.000000,0.000000,0.000000,0.098413,0.002289,0.011443,0.025176,0.000000,0.000000,0.000000,0.000000,0,0,0,0,0,0,0,0,0,0,0,0.045257568359375,-0.004302978515625,0,0,0,0,0,0,0,0,Object notstarted,Object notstarted,Object notstarted,Object notstarted,Object notstarted,Object notstarted,Object notstarted,Object notstarted,Object notstarted
2024-03-18 10:35:37,845.845,__main___datalogs,INFO,JoyConState.GO_HOME,0.000000,0.000000,0.000000,0.096125,0.002289,0.011443,0.025176,0.000000,0.000000,0.000000,0.000000,0,0,0,0,0,0,0,0,0,0,0,0.045257568359375,-0.004302978515625,0,0,0,0,0,0,0,0,Object notstarted,Object notstarted,Object notstarted,Object notstarted,Object notstarted,Object notstarted,Object notstarted,Object notstarted,Object notstarted
2024-03-18 10:35:37,886.886,__main___datalogs,INFO,JoyConState.GO_HOME,0.000000,0.000000,0.000000,0.096125,0.002289,0.011443,0.025176,0.000000,0.000000,0.000000,0.000000,0,0,0,0,0,0,0,0,0,0,0,0.045257568359375,-0.004302978515625,0,0,0,0,0,0,0,0,Object notstarted,Object notstarted,Object notstarted,Object notstarted,Object notstarted,Object notstarted,Object notstarted,Object notstarted,Object notstarted
2024-03-18 10:35:37,926.926,__main___datalogs,INFO,JoyConState.GO_HOME,0.000000,0.000000,0.000000,0.091547,0.006866,0.011443,0.025176,0.000000,0.000000,0.000000,0.000000,0,0,0,0,0,0,0,0,0,0,0,0.045257568359375,-0.004302978515625,0,0,0,0,0,0,0,0,Object notstarted,Object notstarted,Object notstarted,Object notstarted,Object notstarted,Object notstarted,Object notstarted,Object notstarted,Object notstarted
2024-03-18 10:35:37,967.967,__main___datalogs,INFO,JoyConState.GO_HOME,0.000000,0.000000,0.000000,0.091547,0.006866,0.011443,0.025176,0.000000,0.000000,0.000000,0.000000,0,0,0,0,0,0,0,0,0,0,0,0.045257568359375,-0.004302978515625,0,0,0,0,0,0,0,0,Object notstarted,Object notstarted,Object notstarted,Object notstarted,Object notstarted,Object notstarted,Object notstarted,Object notstarted,Object notstarted
2024-03-18 10:35:38,010.010,__main___datalogs,INFO,JoyConState.GO_HOME,0.000000,0.000000,0.000000,0.091547,0.006866,0.011443,0.020598,0.000000,0.000000,0.000000,0.000000,0,0,0,0,0,0,0,0,0,0,0,0.045257568359375,-0.004302978515625,0,0,0,0,0,0,0,0,Object notstarted,Object notstarted,Object notstarted,Object notstarted,Object notstarted,Object notstarted,Object notstarted,Object notstarted,Object notstarted
2024-03-18 10:35:38,055.055,__main___datalogs,INFO,JoyConState.GO_HOME,0.000000,0.000000,0.000000,0.091547,0.006866,0.011443,0.020598,0.000000,0.000000,0.000000,0.000000,0,0,0,0,0,0,0,0,0,0,0,0.045257568359375,-0.004302978515625,0,0,0,0,0,0,0,0,Object notstarted,Object notstarted,Object notstarted,Object notstarted,Object notstarted,Object notstarted,Object notstarted,Object notstarted,Object notstarted
2024-03-18 10:35:38,097.097,__main___datalogs,INFO,JoyConState.GO_HOME,0.000000,0.000000,0.000000,0.096125,0.006866,0.011443,0.025176,0.000000,0.000000,0.000000,0.000000,0,0,0,0,0,0,0,0,0,0,0,0.045257568359375,-0.004302978515625,0,0,0,0,0,0,0,0,Object notstarted,Object notstarted,Object notstarted,Object notstarted,Object notstarted,Object notstarted,Object notstarted,Object notstarted,Object notstarted
2024-03-18 10:35:38,163.163,__main___datalogs,INFO,JoyConState.GO_HOME,0.000000,0.000000,0.000000,0.091547,0.006866,0.011443,0.025176,0.000000,0.000000,0.000000,0.000000,0,0,0,0,0,0,0,0,0,0,0,0.045257568359375,-0.004302978515625,0,0,0,0,0,0,0,0,Object notstarted,Object notstarted,Object notstarted,Object notstarted,Object notstarted,Object notstarted,Object notstarted,Object notstarted,Object notstarted
2024-03-18 10:35:38,204.204,__main___datalogs,INFO,JoyConState.GO_HOME,0.000000,0.000000,0.000000,0.091547,0.006866,0.011443,0.025176,0.000000,0.000000,0.000000,0.000000,0,0,0,0,0,0,0,0,0,0,0,0.045257568359375,-0.004302978515625,0,0,0,0,0,0,0,0,Object notstarted,Object notstarted,Object notstarted,Object notstarted,Object notstarted,Object notstarted,Object notstarted,Object notstarted,Object notstarted
2024-03-18 10:35:38,247.247,__main___datalogs,INFO,JoyConState.GO_HOME,0.000000,0.000000,0.000000,0.096125,0.002289,0.011443,0.025176,0.000000,0.000000,0.000000,0.000000,0,0,0,0,0,0,0,0,0,0,0,0.045257568359375,-0.004302978515625,0,0,0,0,0,0,0,0,Object notstarted,Object notstarted,Object notstarted,Object notstarted,Object notstarted,Object notstarted,Object notstarted,Object notstarted,Object notstarted
2024-03-18 10:35:38,288.288,__main___datalogs,INFO,JoyConState.GO_HOME,0.000000,0.000000,0.000000,0.096125,0.002289,0.011443,0.025176,0.000000,0.000000,0.000000,0.000000,0,0,0,0,0,0,0,0,0,0,0,0.045257568359375,-0.004302978515625,0,0,0,0,0,0,0,0,Object notstarted,Object notstarted,Object notstarted,Object notstarted,Object notstarted,Object notstarted,Object notstarted,Object notstarted,Object notstarted
2024-03-18 10:35:38,333.333,__main___datalogs,INFO,JoyConState.GO_HOME,0.000000,0.000000,0.000000,0.098413,0.006866,0.011443,0.020598,0.000000,0.000000,0.000000,0.000000,0,0,0,0,0,0,0,0,0,0,0,0.045257568359375,-0.004302978515625,0,0,0,0,0,0,0,0,Object notstarted,Object notstarted,Object notstarted,Object notstarted,Object notstarted,Object notstarted,Object notstarted,Object notstarted,Object notstarted
2024-03-18 10:35:38,376.376,__main___datalogs,INFO,JoyConState.GO_HOME,0.000000,0.000000,0.000000,0.091547,0.006866,0.004577,0.025176,0.000000,0.000000,0.000000,0.000000,0,0,0,0,0,0,0,0,0,0,0,0.045257568359375,-0.004302978515625,0,0,0,0,0,0,0,0,Object notstarted,Object notstarted,Object notstarted,Object notstarted,Object notstarted,Object notstarted,Object notstarted,Object notstarted,Object notstarted
2024-03-18 10:35:38,419.419,__main___datalogs,INFO,JoyConState.GO_HOME,0.000000,0.000000,0.000000,0.096125,0.006866,0.011443,0.025176,0.000000,0.000000,0.000000,0.000000,0,0,0,0,0,0,0,0,0,0,0,0.045257568359375,-0.004302978515625,0,0,0,0,0,0,0,0,Object notstarted,Object notstarted,Object notstarted,Object notstarted,Object notstarted,Object notstarted,Object notstarted,Object notstarted,Object notstarted
2024-03-18 10:35:38,462.462,__main___datalogs,INFO,JoyConState.GO_HOME,0.000000,0.000000,0.000000,0.096125,0.006866,0.011443,0.025176,0.000000,0.000000,0.000000,0.000000,0,0,0,0,0,0,0,0,0,0,0,0.045257568359375,-0.004302978515625,0,0,0,0,0,0,0,0,Object notstarted,Object notstarted,Object notstarted,Object notstarted,Object notstarted,Object notstarted,Object notstarted,Object notstarted,Object notstarted
2024-03-18 10:35:38,506.506,__main___datalogs,INFO,JoyConState.GO_HOME,0.000000,0.000000,0.000000,0.091547,0.006866,0.011443,0.025176,0.000000,0.000000,0.000000,0.000000,0,0,0,0,0,0,0,0,0,0,0,0.045257568359375,-0.004302978515625,0,0,0,0,0,0,0,0,Object notstarted,Object notstarted,Object notstarted,Object notstarted,Object notstarted,Object notstarted,Object notstarted,Object notstarted,Object notstarted
2024-03-18 10:35:38,549.549,__main___datalogs,INFO,JoyConState.GO_HOME,0.000000,0.000000,0.000000,0.091547,0.006866,0.011443,0.025176,0.000000,0.000000,0.000000,0.000000,0,0,0,0,0,0,0,0,0,0,0,0.045257568359375,-0.004302978515625,0,0,0,0,0,0,0,0,Object notstarted,Object notstarted,Object notstarted,Object notstarted,Object notstarted,Object notstarted,Object notstarted,Object notstarted,Object notstarted
2024-03-18 10:35:38,592.592,__main___datalogs,INFO,JoyConState.GO_HOME,0.000000,0.000000,0.000000,0.091547,0.002289,0.011443,0.025176,0.000000,0.000000,0.000000,0.000000,0,0,0,0,0,0,0,0,0,0,0,0.045257568359375,-0.004302978515625,0,0,0,0,0,0,0,0,Object notstarted,Object notstarted,Object notstarted,Object notstarted,Object notstarted,Object notstarted,Object notstarted,Object notstarted,Object notstarted
2024-03-18 10:35:38,635.635,__main___datalogs,INFO,JoyConState.GO_HOME,0.000000,0.000000,0.000000,0.096125,0.002289,0.011443,0.025176,0.000000,0.000000,0.000000,0.000000,0,0,0,0,0,0,0,0,0,0,0,0.045257568359375,-0.004302978515625,0,0,0,0,0,0,0,0,Object notstarted,Object notstarted,Object notstarted,Object notstarted,Object notstarted,Object notstarted,Object notstarted,Object notstarted,Object notstarted
2024-03-18 10:35:38,679.679,__main___datalogs,INFO,JoyConState.GO_HOME,0.000000,0.000000,0.000000,0.091547,-0.002289,0.011443,0.020598,0.000000,0.000000,0.000000,0.000000,0,0,0,0,0,0,0,0,0,0,0,0.045257568359375,-0.004302978515625,0,0,0,0,0,0,0,0,Object notstarted,Object notstarted,Object notstarted,Object notstarted,Object notstarted,Object notstarted,Object notstarted,Object notstarted,Object notstarted
2024-03-18 10:35:38,721.721,__main___datalogs,INFO,JoyConState.GO_HOME,0.000000,0.000000,0.000000,0.096125,-0.002289,0.011443,0.020598,0.000000,0.000000,0.000000,0.000000,0,0,0,0,0,0,0,0,0,0,0,0.045257568359375,-0.004302978515625,0,0,0,0,0,0,0,0,Object notstarted,Object notstarted,Object notstarted,Object notstarted,Object notstarted,Object notstarted,Object notstarted,Object notstarted,Object notstarted
2024-03-18 10:35:38,766.766,__main___datalogs,INFO,JoyConState.GO_HOME,0.000000,0.000000,0.000000,0.096125,0.002289,0.011443,0.020598,0.000000,0.000000,0.000000,0.000000,0,0,0,0,0,0,0,0,0,0,0,0.045257568359375,-0.004302978515625,0,0,0,0,0,0,0,0,Object notstarted,Object notstarted,Object notstarted,Object notstarted,Object notstarted,Object notstarted,Object notstarted,Object notstarted,Object notstarted
2024-03-18 10:35:38,808.808,__main___datalogs,INFO,JoyConState.GO_HOME,0.000000,0.000000,0.000000,0.091547,0.002289,0.011443,0.020598,0.000000,0.000000,0.000000,0.000000,0,0,0,0,0,0,0,0,0,0,0,0.045257568359375,-0.004302978515625,0,0,0,0,0,0,0,0,Object notstarted,Object notstarted,Object notstarted,Object notstarted,Object notstarted,Object notstarted,Object notstarted,Object notstarted,Object notstarted
2024-03-18 10:35:38,849.849,__main___datalogs,INFO,JoyConState.GO_HOME,0.000000,0.000000,0.000000,0.096125,0.006866,0.011443,0.025176,0.000000,0.000000,0.000000,0.000000,0,0,0,0,0,0,0,0,0,0,0,0.045257568359375,-0.004302978515625,0,0,0,0,0,0,0,0,Object notstarted,Object notstarted,Object notstarted,Object notstarted,Object notstarted,Object notstarted,Object notstarted,Object notstarted,Object notstarted
2024-03-18 10:35:38,890.890,__main___datalogs,INFO,JoyConState.GO_HOME,0.000000,0.000000,0.000000,0.098413,0.006866,0.011443,0.020598,0.000000,0.000000,0.000000,0.000000,0,0,0,0,0,0,0,0,0,0,0,0.045257568359375,-0.004302978515625,0,0,0,0,0,0,0,0,Object notstarted,Object notstarted,Object notstarted,Object notstarted,Object notstarted,Object notstarted,Object notstarted,Object notstarted,Object notstarted
2024-03-18 10:35:38,932.932,__main___datalogs,INFO,JoyConState.GO_HOME,0.000000,0.000000,0.000000,0.096125,0.006866,0.011443,0.025176,0.000000,0.000000,0.000000,0.000000,0,0,0,0,0,0,0,0,0,0,0,0.045257568359375,-0.004302978515625,0,0,0,0,0,0,0,0,Object notstarted,Object notstarted,Object notstarted,Object notstarted,Object notstarted,Object notstarted,Object notstarted,Object notstarted,Object notstarted
2024-03-18 10:35:38,973.973,__main___datalogs,INFO,JoyConState.GO_HOME,0.000000,0.000000,0.000000,0.096125,0.002289,0.011443,0.025176,0.000000,0.000000,0.000000,0.000000,0,0,0,0,0,0,0,0,0,0,0,0.045257568359375,-0.004302978515625,0,0,0,0,0,0,0,0,Object notstarted,Object notstarted,Object notstarted,Object notstarted,Object notstarted,Object notstarted,Object notstarted,Object notstarted,Object notstarted
2024-03-18 10:35:39,016.016,__main___datalogs,INFO,JoyConState.GO_HOME,0.000000,0.000000,0.000000,0.098413,0.002289,0.011443,0.020598,0.000000,0.000000,0.000000,0.000000,0,0,0,0,0,0,0,0,0,0,0,0.045257568359375,-0.004302978515625,0,0,0,0,0,0,0,0,Object notstarted,Object notstarted,Object notstarted,Object notstarted,Object notstarted,Object notstarted,Object notstarted,Object notstarted,Object notstarted
2024-03-18 10:35:39,058.058,__main___datalogs,INFO,JoyConState.GO_HOME,0.000000,0.000000,0.000000,0.091547,0.002289,0.011443,0.020598,0.000000,0.000000,0.000000,0.000000,0,0,0,0,0,0,0,0,0,0,0,0.045257568359375,-0.004302978515625,0,0,0,0,0,0,0,0,Object notstarted,Object notstarted,Object notstarted,Object notstarted,Object notstarted,Object notstarted,Object notstarted,Object notstarted,Object notstarted
2024-03-18 10:35:39,099.099,__main___datalogs,INFO,JoyConState.GO_HOME,0.000000,0.000000,0.000000,0.091547,0.006866,0.011443,0.020598,0.000000,0.000000,0.000000,0.000000,0,0,0,0,0,0,0,0,0,0,0,0.045257568359375,-0.004302978515625,0,0,0,0,0,0,0,0,Object notstarted,Object notstarted,Object notstarted,Object notstarted,Object notstarted,Object notstarted,Object notstarted,Object notstarted,Object notstarted
2024-03-18 10:35:39,141.141,__main___datalogs,INFO,JoyConState.GO_HOME,0.000000,0.000000,0.000000,0.096125,0.002289,0.004577,0.025176,0.000000,0.000000,0.000000,0.000000,0,0,0,0,0,0,0,0,0,0,0,0.045257568359375,-0.004302978515625,0,0,0,0,0,0,0,0,Object notstarted,Object notstarted,Object notstarted,Object notstarted,Object notstarted,Object notstarted,Object notstarted,Object notstarted,Object notstarted
2024-03-18 10:35:39,202.202,__main___datalogs,INFO,JoyConState.GO_HOME,0.000000,0.000000,0.000000,0.096125,0.002289,0.004577,0.025176,0.000000,0.000000,0.000000,0.000000,0,0,0,0,0,0,0,0,0,0,0,0.045257568359375,-0.004302978515625,0,0,0,0,0,0,0,0,Object notstarted,Object notstarted,Object notstarted,Object notstarted,Object notstarted,Object notstarted,Object notstarted,Object notstarted,Object notstarted
2024-03-18 10:35:39,263.263,__main___datalogs,INFO,JoyConState.GO_HOME,0.000000,0.000000,0.000000,0.096125,0.006866,0.011443,0.025176,0.000000,0.000000,0.000000,0.000000,0,0,0,0,0,0,0,0,0,0,0,0.045257568359375,-0.004302978515625,0,0,0,0,0,0,0,0,Object notstarted,Object notstarted,Object notstarted,Object notstarted,Object notstarted,Object notstarted,Object notstarted,Object notstarted,Object notstarted
2024-03-18 10:35:39,308.308,__main___datalogs,INFO,JoyConState.GO_HOME,0.000000,0.000000,0.000000,0.096125,0.006866,0.011443,0.020598,0.000000,0.000000,0.000000,0.000000,0,0,0,0,0,0,0,0,0,0,0,0.045257568359375,-0.004302978515625,0,0,0,0,0,0,0,0,Object notstarted,Object notstarted,Object notstarted,Object notstarted,Object notstarted,Object notstarted,Object notstarted,Object notstarted,Object notstarted
2024-03-18 10:35:39,351.351,__main___datalogs,INFO,JoyConState.GO_HOME,0.000000,0.000000,0.000000,0.091547,0.006866,0.004577,0.020598,0.000000,0.000000,0.000000,0.000000,0,0,0,0,0,0,0,0,0,0,0,0.045257568359375,-0.004302978515625,0,0,0,0,0,0,0,0,Object notstarted,Object notstarted,Object notstarted,Object notstarted,Object notstarted,Object notstarted,Object notstarted,Object notstarted,Object notstarted
2024-03-18 10:35:39,396.396,__main___datalogs,INFO,JoyConState.GO_HOME,0.000000,0.000000,0.000000,0.096125,0.006866,0.004577,0.020598,0.000000,0.000000,0.000000,0.000000,0,0,0,0,0,0,0,0,0,0,0,0.045257568359375,-0.004302978515625,0,0,0,0,0,0,0,0,Object notstarted,Object notstarted,Object notstarted,Object notstarted,Object notstarted,Object notstarted,Object notstarted,Object notstarted,Object notstarted
2024-03-18 10:35:39,439.439,__main___datalogs,INFO,JoyConState.GO_HOME,0.000000,0.000000,0.000000,0.096125,0.006866,0.011443,0.025176,0.000000,0.000000,0.000000,0.000000,0,0,0,0,0,0,0,0,0,0,0,0.045257568359375,-0.004302978515625,0,0,0,0,0,0,0,0,Object notstarted,Object notstarted,Object notstarted,Object notstarted,Object notstarted,Object notstarted,Object notstarted,Object notstarted,Object notstarted
2024-03-18 10:35:39,482.482,__main___datalogs,INFO,JoyConState.GO_HOME,0.000000,0.000000,0.000000,0.096125,0.006866,0.011443,0.025176,0.000000,0.000000,0.000000,0.000000,0,0,0,0,0,0,0,0,0,0,0,0.045257568359375,-0.004302978515625,0,0,0,0,0,0,0,0,Object notstarted,Object notstarted,Object notstarted,Object notstarted,Object notstarted,Object notstarted,Object notstarted,Object notstarted,Object notstarted
2024-03-18 10:35:39,524.524,__main___datalogs,INFO,JoyConState.GO_HOME,0.000000,0.000000,0.000000,0.098413,0.006866,0.011443,0.025176,0.000000,0.000000,0.000000,0.000000,0,0,0,0,0,0,0,0,0,0,0,0.045257568359375,-0.004302978515625,0,0,0,0,0,0,0,0,Object notstarted,Object notstarted,Object notstarted,Object notstarted,Object notstarted,Object notstarted,Object notstarted,Object notstarted,Object notstarted
2024-03-18 10:35:39,568.568,__main___datalogs,INFO,JoyConState.GO_HOME,0.000000,0.000000,0.000000,0.096125,0.006866,0.011443,0.025176,0.000000,0.000000,0.000000,0.000000,0,0,0,0,0,0,0,0,0,0,0,0.045257568359375,-0.004302978515625,0,0,0,0,0,0,0,0,Object notstarted,Object notstarted,Object notstarted,Object notstarted,Object notstarted,Object notstarted,Object notstarted,Object notstarted,Object notstarted
2024-03-18 10:35:39,611.611,__main___datalogs,INFO,JoyConState.GO_HOME,0.000000,0.000000,0.000000,0.096125,0.006866,0.011443,0.025176,0.000000,0.000000,0.000000,0.000000,0,0,0,0,0,0,0,0,0,0,0,0.045257568359375,-0.004302978515625,0,0,0,0,0,0,0,0,Object notstarted,Object notstarted,Object notstarted,Object notstarted,Object notstarted,Object notstarted,Object notstarted,Object notstarted,Object notstarted
2024-03-18 10:35:39,656.656,__main___datalogs,INFO,JoyConState.GO_HOME,0.000000,0.000000,0.000000,0.098413,0.006866,0.011443,0.025176,0.000000,0.000000,0.000000,0.000000,0,0,0,0,0,0,0,0,0,0,0,0.045257568359375,-0.004302978515625,0,0,0,0,0,0,0,0,Object notstarted,Object notstarted,Object notstarted,Object notstarted,Object notstarted,Object notstarted,Object notstarted,Object notstarted,Object notstarted
2024-03-18 10:35:39,699.699,__main___datalogs,INFO,JoyConState.GO_HOME,0.000000,0.000000,0.000000,0.091547,0.006866,0.011443,0.025176,0.000000,0.000000,0.000000,0.000000,0,0,0,0,0,0,0,0,0,0,0,0.045257568359375,-0.004302978515625,0,0,0,0,0,0,0,0,Object notstarted,Object notstarted,Object notstarted,Object notstarted,Object notstarted,Object notstarted,Object notstarted,Object notstarted,Object notstarted
2024-03-18 10:35:39,743.743,__main___datalogs,INFO,JoyConState.GO_HOME,0.000000,0.000000,0.000000,0.091547,0.006866,0.011443,0.020598,0.000000,0.000000,0.000000,0.000000,0,0,0,0,0,0,0,0,0,0,0,0.045257568359375,-0.004302978515625,0,0,0,0,0,0,0,0,Object notstarted,Object notstarted,Object notstarted,Object notstarted,Object notstarted,Object notstarted,Object notstarted,Object notstarted,Object notstarted
2024-03-18 10:35:39,785.785,__main___datalogs,INFO,JoyConState.GO_HOME,0.000000,0.000000,0.000000,0.091547,0.002289,0.011443,0.020598,0.000000,0.000000,0.000000,0.000000,0,0,0,0,0,0,0,0,0,0,0,0.045257568359375,-0.004302978515625,0,0,0,0,0,0,0,0,Object notstarted,Object notstarted,Object notstarted,Object notstarted,Object notstarted,Object notstarted,Object notstarted,Object notstarted,Object notstarted
2024-03-18 10:35:39,828.828,__main___datalogs,INFO,JoyConState.GO_HOME,0.000000,0.000000,0.000000,0.096125,0.002289,0.011443,0.025176,0.000000,0.000000,0.000000,0.000000,0,0,0,0,0,0,0,0,0,0,0,0.045257568359375,-0.004302978515625,0,0,0,0,0,0,0,0,Object notstarted,Object notstarted,Object notstarted,Object notstarted,Object notstarted,Object notstarted,Object notstarted,Object notstarted,Object notstarted
2024-03-18 10:35:39,871.871,__main___datalogs,INFO,JoyConState.GO_HOME,0.000000,0.000000,0.000000,0.091547,0.006866,0.011443,0.025176,0.000000,0.000000,0.000000,0.000000,0,0,0,0,0,0,0,0,0,0,0,0.045257568359375,-0.004302978515625,0,0,0,0,0,0,0,0,Object notstarted,Object notstarted,Object notstarted,Object notstarted,Object notstarted,Object notstarted,Object notstarted,Object notstarted,Object notstarted
2024-03-18 10:35:39,911.911,__main___datalogs,INFO,JoyConState.GO_HOME,0.000000,0.000000,0.000000,0.091547,0.002289,0.011443,0.025176,0.000000,0.000000,0.000000,0.000000,0,0,0,0,0,0,0,0,0,0,0,0.045257568359375,-0.004302978515625,0,0,0,0,0,0,0,0,Object notstarted,Object notstarted,Object notstarted,Object notstarted,Object notstarted,Object notstarted,Object notstarted,Object notstarted,Object notstarted
2024-03-18 10:35:39,951.951,__main___datalogs,INFO,JoyConState.GO_HOME,0.000000,0.000000,0.000000,0.096125,0.002289,0.011443,0.025176,0.000000,0.000000,0.000000,0.000000,0,0,0,0,0,0,0,0,0,0,0,0.045257568359375,-0.004302978515625,0,0,0,0,0,0,0,0,Object notstarted,Object notstarted,Object notstarted,Object notstarted,Object notstarted,Object notstarted,Object notstarted,Object notstarted,Object notstarted
2024-03-18 10:35:39,996.996,__main___datalogs,INFO,JoyConState.GO_HOME,0.000000,0.000000,0.000000,0.096125,0.002289,0.011443,0.025176,0.000000,0.000000,0.000000,0.000000,0,0,0,0,0,0,0,0,0,0,0,0.045257568359375,-0.004302978515625,0,0,0,0,0,0,0,0,Object notstarted,Object notstarted,Object notstarted,Object notstarted,Object notstarted,Object notstarted,Object notstarted,Object notstarted,Object notstarted
2024-03-18 10:35:40,038.038,__main___datalogs,INFO,JoyConState.GO_HOME,0.000000,0.000000,0.000000,0.096125,0.002289,0.011443,0.025176,0.000000,0.000000,0.000000,0.000000,0,0,0,0,0,0,0,0,0,0,0,0.045257568359375,-0.004302978515625,0,0,0,0,0,0,0,0,Object notstarted,Object notstarted,Object notstarted,Object notstarted,Object notstarted,Object notstarted,Object notstarted,Object notstarted,Object notstarted
2024-03-18 10:35:40,082.082,__main___datalogs,INFO,JoyConState.GO_HOME,0.000000,0.000000,0.000000,0.096125,0.006866,0.011443,0.025176,0.000000,0.000000,0.000000,0.000000,0,0,0,0,0,0,0,0,0,0,0,0.045257568359375,-0.004302978515625,0,0,0,0,0,0,0,0,Object notstarted,Object notstarted,Object notstarted,Object notstarted,Object notstarted,Object notstarted,Object notstarted,Object notstarted,Object notstarted
2024-03-18 10:35:40,124.124,__main___datalogs,INFO,JoyConState.GO_HOME,0.000000,0.000000,0.000000,0.091547,0.002289,0.011443,0.025176,0.000000,0.000000,0.000000,0.000000,0,0,0,0,0,0,0,0,0,0,0,0.045257568359375,-0.004302978515625,0,0,0,0,0,0,0,0,Object notstarted,Object notstarted,Object notstarted,Object notstarted,Object notstarted,Object notstarted,Object notstarted,Object notstarted,Object notstarted
2024-03-18 10:35:40,167.167,__main___datalogs,INFO,JoyConState.GO_HOME,0.000000,0.000000,0.000000,0.096125,0.006866,0.011443,0.025176,0.000000,0.000000,0.000000,0.000000,0,0,0,0,0,0,0,0,0,0,0,0.045257568359375,-0.004302978515625,0,0,0,0,0,0,0,0,Object notstarted,Object notstarted,Object notstarted,Object notstarted,Object notstarted,Object notstarted,Object notstarted,Object notstarted,Object notstarted
2024-03-18 10:35:40,210.210,__main___datalogs,INFO,JoyConState.GO_HOME,0.000000,0.000000,0.000000,0.098413,0.002289,0.011443,0.025176,0.000000,0.000000,0.000000,0.000000,0,0,0,0,0,0,0,0,0,0,0,0.045257568359375,-0.004302978515625,0,0,0,0,0,0,0,0,Object notstarted,Object notstarted,Object notstarted,Object notstarted,Object notstarted,Object notstarted,Object notstarted,Object notstarted,Object notstarted
2024-03-18 10:35:40,269.269,__main___datalogs,INFO,JoyConState.GO_HOME,0.000000,0.000000,0.000000,0.098413,0.006866,0.011443,0.025176,0.000000,0.000000,0.000000,0.000000,0,0,0,0,0,0,0,0,0,0,0,0.045257568359375,-0.004302978515625,0,0,0,0,0,0,0,0,Object notstarted,Object notstarted,Object notstarted,Object notstarted,Object notstarted,Object notstarted,Object notstarted,Object notstarted,Object notstarted
2024-03-18 10:35:40,328.328,__main___datalogs,INFO,JoyConState.GO_HOME,0.000000,0.000000,0.000000,0.096125,0.006866,0.004577,0.025176,0.000000,0.000000,0.000000,0.000000,0,0,0,0,0,0,0,0,0,0,0,0.045257568359375,-0.004302978515625,0,0,0,0,0,0,0,0,Object notstarted,Object notstarted,Object notstarted,Object notstarted,Object notstarted,Object notstarted,Object notstarted,Object notstarted,Object notstarted
2024-03-18 10:35:40,375.375,__main___datalogs,INFO,JoyConState.GO_HOME,0.000000,0.000000,0.000000,0.096125,0.006866,0.004577,0.025176,0.000000,0.000000,0.000000,0.000000,0,0,0,0,0,0,0,0,0,0,0,0.045257568359375,-0.004302978515625,0,0,0,0,0,0,0,0,Object notstarted,Object notstarted,Object notstarted,Object notstarted,Object notstarted,Object notstarted,Object notstarted,Object notstarted,Object notstarted
2024-03-18 10:35:40,418.418,__main___datalogs,INFO,JoyConState.GO_HOME,0.000000,0.000000,0.000000,0.096125,0.006866,0.011443,0.025176,0.000000,0.000000,0.000000,0.000000,0,0,0,0,0,0,0,0,0,0,0,0.045257568359375,-0.004302978515625,0,0,0,0,0,0,0,0,Object notstarted,Object notstarted,Object notstarted,Object notstarted,Object notstarted,Object notstarted,Object notstarted,Object notstarted,Object notstarted
2024-03-18 10:35:40,463.463,__main___datalogs,INFO,JoyConState.GO_HOME,0.000000,0.000000,0.000000,0.096125,0.006866,0.011443,0.025176,0.000000,0.000000,0.000000,0.000000,0,0,0,0,0,0,0,0,0,0,0,0.045257568359375,-0.004302978515625,0,0,0,0,0,0,0,0,Object notstarted,Object notstarted,Object notstarted,Object notstarted,Object notstarted,Object notstarted,Object notstarted,Object notstarted,Object notstarted
2024-03-18 10:35:40,505.505,__main___datalogs,INFO,JoyConState.GO_HOME,0.000000,0.000000,0.000000,0.096125,0.006866,0.011443,0.025176,0.000000,0.000000,0.000000,0.000000,0,0,0,0,0,0,0,0,0,0,0,0.045257568359375,-0.004302978515625,0,0,0,0,0,0,0,0,Object notstarted,Object notstarted,Object notstarted,Object notstarted,Object notstarted,Object notstarted,Object notstarted,Object notstarted,Object notstarted
2024-03-18 10:35:40,548.548,__main___datalogs,INFO,JoyConState.GO_HOME,0.000000,0.000000,0.000000,0.091547,0.006866,0.011443,0.025176,0.000000,0.000000,0.000000,0.000000,0,0,0,0,0,0,0,0,0,0,0,0.045257568359375,-0.004302978515625,0,0,0,0,0,0,0,0,Object notstarted,Object notstarted,Object notstarted,Object notstarted,Object notstarted,Object notstarted,Object notstarted,Object notstarted,Object notstarted
2024-03-18 10:35:40,592.592,__main___datalogs,INFO,JoyConState.GO_HOME,0.000000,0.000000,0.000000,0.091547,0.002289,0.011443,0.025176,0.000000,0.000000,0.000000,0.000000,0,0,0,0,0,0,0,0,0,0,0,0.045257568359375,-0.004302978515625,0,0,0,0,0,0,0,0,Object notstarted,Object notstarted,Object notstarted,Object notstarted,Object notstarted,Object notstarted,Object notstarted,Object notstarted,Object notstarted
2024-03-18 10:35:40,637.637,__main___datalogs,INFO,JoyConState.GO_HOME,0.000000,0.000000,0.000000,0.096125,0.002289,0.011443,0.025176,0.000000,0.000000,0.000000,0.000000,0,0,0,0,0,0,0,0,0,0,0,0.045257568359375,-0.004302978515625,0,0,0,0,0,0,0,0,Object notstarted,Object notstarted,Object notstarted,Object notstarted,Object notstarted,Object notstarted,Object notstarted,Object notstarted,Object notstarted
2024-03-18 10:35:40,680.680,__main___datalogs,INFO,JoyConState.GO_HOME,0.000000,0.000000,0.000000,0.096125,0.006866,0.011443,0.025176,0.000000,0.000000,0.000000,0.000000,0,0,0,0,0,0,0,0,0,0,0,0.045257568359375,-0.004302978515625,0,0,0,0,0,0,0,0,Object notstarted,Object notstarted,Object notstarted,Object notstarted,Object notstarted,Object notstarted,Object notstarted,Object notstarted,Object notstarted
2024-03-18 10:35:40,723.723,__main___datalogs,INFO,JoyConState.GO_HOME,0.000000,0.000000,0.000000,0.096125,0.002289,0.011443,0.025176,0.000000,0.000000,0.000000,0.000000,0,0,0,0,0,0,0,0,0,0,0,0.045257568359375,-0.004302978515625,0,0,0,0,0,0,0,0,Object notstarted,Object notstarted,Object notstarted,Object notstarted,Object notstarted,Object notstarted,Object notstarted,Object notstarted,Object notstarted
2024-03-18 10:35:40,765.765,__main___datalogs,INFO,JoyConState.GO_HOME,0.000000,0.000000,0.000000,0.098413,0.006866,0.011443,0.020598,0.000000,0.000000,0.000000,0.000000,0,0,0,0,0,0,0,0,0,0,0,0.045257568359375,-0.004302978515625,0,0,0,0,0,0,0,0,Object notstarted,Object notstarted,Object notstarted,Object notstarted,Object notstarted,Object notstarted,Object notstarted,Object notstarted,Object notstarted
2024-03-18 10:35:40,811.811,__main___datalogs,INFO,JoyConState.GO_HOME,0.000000,0.000000,0.000000,0.096125,0.002289,0.004577,0.025176,0.000000,0.000000,0.000000,0.000000,0,0,0,0,0,0,0,0,0,0,0,0.045257568359375,-0.004302978515625,0,0,0,0,0,0,0,0,Object notstarted,Object notstarted,Object notstarted,Object notstarted,Object notstarted,Object notstarted,Object notstarted,Object notstarted,Object notstarted
2024-03-18 10:35:40,854.854,__main___datalogs,INFO,JoyConState.GO_HOME,0.000000,0.000000,0.000000,0.096125,0.002289,0.004577,0.025176,0.000000,0.000000,0.000000,0.000000,0,0,0,0,0,0,0,0,0,0,0,0.045257568359375,-0.004302978515625,0,0,0,0,0,0,0,0,Object notstarted,Object notstarted,Object notstarted,Object notstarted,Object notstarted,Object notstarted,Object notstarted,Object notstarted,Object notstarted
2024-03-18 10:35:40,898.898,__main___datalogs,INFO,JoyConState.GO_HOME,0.000000,0.000000,0.000000,0.098413,0.002289,0.013732,0.020598,0.000000,0.000000,0.000000,0.000000,0,0,0,0,0,0,0,0,0,0,0,0.045257568359375,-0.004302978515625,0,0,0,0,0,0,0,0,Object notstarted,Object notstarted,Object notstarted,Object notstarted,Object notstarted,Object notstarted,Object notstarted,Object notstarted,Object notstarted
2024-03-18 10:35:40,941.941,__main___datalogs,INFO,JoyConState.GO_HOME,0.000000,0.000000,0.000000,0.098413,0.002289,0.004577,0.025176,0.000000,0.000000,0.000000,0.000000,0,0,0,0,0,0,0,0,0,0,0,0.045257568359375,-0.004302978515625,0,0,0,0,0,0,0,0,Object notstarted,Object notstarted,Object notstarted,Object notstarted,Object notstarted,Object notstarted,Object notstarted,Object notstarted,Object notstarted
2024-03-18 10:35:40,986.986,__main___datalogs,INFO,JoyConState.GO_HOME,0.000000,0.000000,0.000000,0.098413,0.006866,0.011443,0.025176,0.000000,0.000000,0.000000,0.000000,0,0,0,0,0,0,0,0,0,0,0,0.045257568359375,-0.004302978515625,0,0,0,0,0,0,0,0,Object notstarted,Object notstarted,Object notstarted,Object notstarted,Object notstarted,Object notstarted,Object notstarted,Object notstarted,Object notstarted
2024-03-18 10:35:41,027.027,__main___datalogs,INFO,JoyConState.GO_HOME,0.000000,0.000000,0.000000,0.096125,0.006866,0.011443,0.025176,0.000000,0.000000,0.000000,0.000000,0,0,0,0,0,0,0,0,0,0,0,0.045257568359375,-0.004302978515625,0,0,0,0,0,0,0,0,Object notstarted,Object notstarted,Object notstarted,Object notstarted,Object notstarted,Object notstarted,Object notstarted,Object notstarted,Object notstarted
2024-03-18 10:35:41,071.071,__main___datalogs,INFO,JoyConState.GO_HOME,0.000000,0.000000,0.000000,0.091547,0.006866,0.011443,0.025176,0.000000,0.000000,0.000000,0.000000,0,0,0,0,0,0,0,0,0,0,0,0.045257568359375,-0.004302978515625,0,0,0,0,0,0,0,0,Object notstarted,Object notstarted,Object notstarted,Object notstarted,Object notstarted,Object notstarted,Object notstarted,Object notstarted,Object notstarted
2024-03-18 10:35:41,114.114,__main___datalogs,INFO,JoyConState.GO_HOME,0.000000,0.000000,0.000000,0.091547,0.006866,0.011443,0.025176,0.000000,0.000000,0.000000,0.000000,0,0,0,0,0,0,0,0,0,0,0,0.045257568359375,-0.004302978515625,0,0,0,0,0,0,0,0,Object notstarted,Object notstarted,Object notstarted,Object notstarted,Object notstarted,Object notstarted,Object notstarted,Object notstarted,Object notstarted
2024-03-18 10:35:41,159.159,__main___datalogs,INFO,JoyConState.GO_HOME,0.000000,0.000000,0.000000,0.091547,0.006866,0.011443,0.020598,0.000000,0.000000,0.000000,0.000000,0,0,0,0,0,0,0,0,0,0,0,0.045257568359375,-0.004302978515625,0,0,0,0,0,0,0,0,Object notstarted,Object notstarted,Object notstarted,Object notstarted,Object notstarted,Object notstarted,Object notstarted,Object notstarted,Object notstarted
2024-03-18 10:35:41,200.200,__main___datalogs,INFO,JoyConState.GO_HOME,0.000000,0.000000,0.000000,0.091547,0.006866,0.011443,0.020598,0.000000,0.000000,0.000000,0.000000,0,0,0,0,0,0,0,0,0,0,0,0.045257568359375,-0.004302978515625,0,0,0,0,0,0,0,0,Object notstarted,Object notstarted,Object notstarted,Object notstarted,Object notstarted,Object notstarted,Object notstarted,Object notstarted,Object notstarted
2024-03-18 10:35:41,244.244,__main___datalogs,INFO,JoyConState.GO_HOME,0.000000,0.000000,0.000000,0.091547,0.006866,0.011443,0.025176,0.000000,0.000000,0.000000,0.000000,0,0,0,0,0,0,0,0,0,0,0,0.045257568359375,-0.004302978515625,0,0,0,0,0,0,0,0,Object notstarted,Object notstarted,Object notstarted,Object notstarted,Object notstarted,Object notstarted,Object notstarted,Object notstarted,Object notstarted
2024-03-18 10:35:41,286.286,__main___datalogs,INFO,JoyConState.GO_HOME,0.000000,0.000000,0.000000,0.091547,-0.002289,0.011443,0.025176,0.000000,0.000000,0.000000,0.000000,0,0,0,0,0,0,0,0,0,0,0,0.045257568359375,-0.004302978515625,0,0,0,0,0,0,0,0,Object notstarted,Object notstarted,Object notstarted,Object notstarted,Object notstarted,Object notstarted,Object notstarted,Object notstarted,Object notstarted
2024-03-18 10:35:41,332.332,__main___datalogs,INFO,JoyConState.GO_HOME,0.000000,0.000000,0.000000,0.096125,0.002289,0.011443,0.025176,0.000000,0.000000,0.000000,0.000000,0,0,0,0,0,0,0,0,0,0,0,0.045257568359375,-0.004302978515625,0,0,0,0,0,0,0,0,Object notstarted,Object notstarted,Object notstarted,Object notstarted,Object notstarted,Object notstarted,Object notstarted,Object notstarted,Object notstarted
2024-03-18 10:35:41,394.394,__main___datalogs,INFO,JoyConState.GO_HOME,0.000000,0.000000,0.000000,0.096125,0.002289,0.011443,0.025176,0.000000,0.000000,0.000000,0.000000,0,0,0,0,0,0,0,0,0,0,0,0.045257568359375,-0.004302978515625,0,0,0,0,0,0,0,0,Object notstarted,Object notstarted,Object notstarted,Object notstarted,Object notstarted,Object notstarted,Object notstarted,Object notstarted,Object notstarted
2024-03-18 10:35:41,440.440,__main___datalogs,INFO,JoyConState.GO_HOME,0.000000,0.000000,0.000000,0.096125,0.002289,0.011443,0.025176,0.000000,0.000000,0.000000,0.000000,0,0,0,0,0,0,0,0,0,0,0,0.045257568359375,-0.004302978515625,0,0,0,0,0,0,0,0,Object notstarted,Object notstarted,Object notstarted,Object notstarted,Object notstarted,Object notstarted,Object notstarted,Object notstarted,Object notstarted
2024-03-18 10:35:41,483.483,__main___datalogs,INFO,JoyConState.GO_HOME,0.000000,0.000000,0.000000,0.096125,0.006866,0.011443,0.020598,0.000000,0.000000,0.000000,0.000000,0,0,0,0,0,0,0,0,0,0,0,0.045257568359375,-0.004302978515625,0,0,0,0,0,0,0,0,Object notstarted,Object notstarted,Object notstarted,Object notstarted,Object notstarted,Object notstarted,Object notstarted,Object notstarted,Object notstarted
2024-03-18 10:35:41,526.526,__main___datalogs,INFO,JoyConState.GO_HOME,0.000000,0.000000,0.000000,0.096125,0.006866,0.011443,0.020598,0.000000,0.000000,0.000000,0.000000,0,0,0,0,0,0,0,0,0,0,0,0.045257568359375,-0.004302978515625,0,0,0,0,0,0,0,0,Object notstarted,Object notstarted,Object notstarted,Object notstarted,Object notstarted,Object notstarted,Object notstarted,Object notstarted,Object notstarted
2024-03-18 10:35:41,568.568,__main___datalogs,INFO,JoyConState.GO_HOME,0.000000,0.000000,0.000000,0.091547,0.006866,0.011443,0.025176,0.000000,0.000000,0.000000,0.000000,0,0,0,0,0,0,0,0,0,0,0,0.045257568359375,-0.004302978515625,0,0,0,0,0,0,0,0,Object notstarted,Object notstarted,Object notstarted,Object notstarted,Object notstarted,Object notstarted,Object notstarted,Object notstarted,Object notstarted
2024-03-18 10:35:41,612.612,__main___datalogs,INFO,JoyConState.GO_HOME,0.000000,0.000000,0.000000,0.096125,0.006866,0.011443,0.020598,0.000000,0.000000,0.000000,0.000000,0,0,0,0,0,0,0,0,0,0,0,0.045257568359375,-0.004302978515625,0,0,0,0,0,0,0,0,Object notstarted,Object notstarted,Object notstarted,Object notstarted,Object notstarted,Object notstarted,Object notstarted,Object notstarted,Object notstarted
2024-03-18 10:35:41,654.654,__main___datalogs,INFO,JoyConState.GO_HOME,0.000000,0.000000,0.000000,0.096125,0.006866,0.013732,0.020598,0.000000,0.000000,0.000000,0.000000,0,0,0,0,0,0,0,0,0,0,0,0.045257568359375,-0.004302978515625,0,0,0,0,0,0,0,0,Object notstarted,Object notstarted,Object notstarted,Object notstarted,Object notstarted,Object notstarted,Object notstarted,Object notstarted,Object notstarted
2024-03-18 10:35:41,698.698,__main___datalogs,INFO,JoyConState.GO_HOME,0.000000,0.000000,0.000000,0.096125,0.002289,0.011443,0.025176,0.000000,0.000000,0.000000,0.000000,0,0,0,0,0,0,0,0,0,0,0,0.045257568359375,-0.004302978515625,0,0,0,0,0,0,0,0,Object notstarted,Object notstarted,Object notstarted,Object notstarted,Object notstarted,Object notstarted,Object notstarted,Object notstarted,Object notstarted
2024-03-18 10:35:41,740.740,__main___datalogs,INFO,JoyConState.GO_HOME,0.000000,0.000000,0.000000,0.096125,0.002289,0.011443,0.025176,0.000000,0.000000,0.000000,0.000000,0,0,0,0,0,0,0,0,0,0,0,0.045257568359375,-0.004302978515625,0,0,0,0,0,0,0,0,Object notstarted,Object notstarted,Object notstarted,Object notstarted,Object notstarted,Object notstarted,Object notstarted,Object notstarted,Object notstarted
2024-03-18 10:35:41,784.784,__main___datalogs,INFO,JoyConState.GO_HOME,0.000000,0.000000,0.000000,0.096125,0.006866,0.011443,0.025176,0.000000,0.000000,0.000000,0.000000,0,0,0,0,0,0,0,0,0,0,0,0.045257568359375,-0.004302978515625,0,0,0,0,0,0,0,0,Object notstarted,Object notstarted,Object notstarted,Object notstarted,Object notstarted,Object notstarted,Object notstarted,Object notstarted,Object notstarted
2024-03-18 10:35:41,827.827,__main___datalogs,INFO,JoyConState.GO_HOME,0.000000,0.000000,0.000000,0.096125,0.002289,0.011443,0.025176,0.000000,0.000000,0.000000,0.000000,0,0,0,0,0,0,0,0,0,0,0,0.045257568359375,-0.004302978515625,0,0,0,0,0,0,0,0,Object notstarted,Object notstarted,Object notstarted,Object notstarted,Object notstarted,Object notstarted,Object notstarted,Object notstarted,Object notstarted
2024-03-18 10:35:41,870.870,__main___datalogs,INFO,JoyConState.GO_HOME,0.000000,0.000000,0.000000,0.091547,0.006866,0.011443,0.025176,0.000000,0.000000,0.000000,0.000000,0,0,0,0,0,0,0,0,0,0,0,0.045257568359375,-0.004302978515625,0,0,0,0,0,0,0,0,Object notstarted,Object notstarted,Object notstarted,Object notstarted,Object notstarted,Object notstarted,Object notstarted,Object notstarted,Object notstarted
2024-03-18 10:35:41,912.912,__main___datalogs,INFO,JoyConState.GO_HOME,0.000000,0.000000,0.000000,0.096125,0.006866,0.011443,0.025176,0.000000,0.000000,0.000000,0.000000,0,0,0,0,0,0,0,0,0,0,0,0.045257568359375,-0.004302978515625,0,0,0,0,0,0,0,0,Object notstarted,Object notstarted,Object notstarted,Object notstarted,Object notstarted,Object notstarted,Object notstarted,Object notstarted,Object notstarted
2024-03-18 10:35:41,957.957,__main___datalogs,INFO,JoyConState.GO_HOME,0.000000,0.000000,0.000000,0.098413,0.006866,0.011443,0.025176,0.000000,0.000000,0.000000,0.000000,0,0,0,0,0,0,0,0,0,0,0,0.045257568359375,-0.004302978515625,0,0,0,0,0,0,0,0,Object notstarted,Object notstarted,Object notstarted,Object notstarted,Object notstarted,Object notstarted,Object notstarted,Object notstarted,Object notstarted
2024-03-18 10:35:41,999.999,__main___datalogs,INFO,JoyConState.GO_HOME,0.000000,0.000000,0.000000,0.096125,0.006866,0.011443,0.025176,0.000000,0.000000,0.000000,0.000000,0,0,0,0,0,0,0,0,0,0,0,0.045257568359375,-0.004302978515625,0,0,0,0,0,0,0,0,Object notstarted,Object notstarted,Object notstarted,Object notstarted,Object notstarted,Object notstarted,Object notstarted,Object notstarted,Object notstarted
2024-03-18 10:35:42,042.042,__main___datalogs,INFO,JoyConState.GO_HOME,0.000000,0.000000,0.000000,0.091547,0.006866,0.004577,0.020598,0.000000,0.000000,0.000000,0.000000,0,0,0,0,0,0,0,0,0,0,0,0.045257568359375,-0.004302978515625,0,0,0,0,0,0,0,0,Object notstarted,Object notstarted,Object notstarted,Object notstarted,Object notstarted,Object notstarted,Object notstarted,Object notstarted,Object notstarted
2024-03-18 10:35:42,086.086,__main___datalogs,INFO,JoyConState.GO_HOME,0.000000,0.000000,0.000000,0.091547,0.002289,0.011443,0.025176,0.000000,0.000000,0.000000,0.000000,0,0,0,0,0,0,0,0,0,0,0,0.045257568359375,-0.004302978515625,0,0,0,0,0,0,0,0,Object notstarted,Object notstarted,Object notstarted,Object notstarted,Object notstarted,Object notstarted,Object notstarted,Object notstarted,Object notstarted
2024-03-18 10:35:42,131.131,__main___datalogs,INFO,JoyConState.GO_HOME,0.000000,0.000000,0.000000,0.096125,0.002289,0.011443,0.025176,0.000000,0.000000,0.000000,0.000000,0,0,0,0,0,0,0,0,0,0,0,0.045257568359375,-0.004302978515625,0,0,0,0,0,0,0,0,Object notstarted,Object notstarted,Object notstarted,Object notstarted,Object notstarted,Object notstarted,Object notstarted,Object notstarted,Object notstarted
2024-03-18 10:35:42,173.173,__main___datalogs,INFO,JoyConState.GO_HOME,0.000000,0.000000,0.000000,0.098413,0.006866,0.011443,0.025176,0.000000,0.000000,0.000000,0.000000,0,0,0,0,0,0,0,0,0,0,0,0.045257568359375,-0.004302978515625,0,0,0,0,0,0,0,0,Object notstarted,Object notstarted,Object notstarted,Object notstarted,Object notstarted,Object notstarted,Object notstarted,Object notstarted,Object notstarted
2024-03-18 10:35:42,217.217,__main___datalogs,INFO,JoyConState.GO_HOME,0.000000,0.000000,0.000000,0.096125,0.006866,0.011443,0.025176,0.000000,0.000000,0.000000,0.000000,0,0,0,0,0,0,0,0,0,0,0,0.045257568359375,-0.004302978515625,0,0,0,0,0,0,0,0,Object notstarted,Object notstarted,Object notstarted,Object notstarted,Object notstarted,Object notstarted,Object notstarted,Object notstarted,Object notstarted
2024-03-18 10:35:42,259.259,__main___datalogs,INFO,JoyConState.GO_HOME,0.000000,0.000000,0.000000,0.091547,0.002289,0.011443,0.020598,0.000000,0.000000,0.000000,0.000000,0,0,0,0,0,0,0,0,0,0,0,0.045257568359375,-0.004302978515625,0,0,0,0,0,0,0,0,Object notstarted,Object notstarted,Object notstarted,Object notstarted,Object notstarted,Object notstarted,Object notstarted,Object notstarted,Object notstarted
2024-03-18 10:35:42,302.302,__main___datalogs,INFO,JoyConState.GO_HOME,0.000000,0.000000,0.000000,0.096125,0.006866,0.011443,0.025176,0.000000,0.000000,0.000000,0.000000,0,0,0,0,0,0,0,0,0,0,0,0.045257568359375,-0.004302978515625,0,0,0,0,0,0,0,0,Object notstarted,Object notstarted,Object notstarted,Object notstarted,Object notstarted,Object notstarted,Object notstarted,Object notstarted,Object notstarted
2024-03-18 10:35:42,345.345,__main___datalogs,INFO,JoyConState.GO_HOME,0.000000,0.000000,0.000000,0.091547,0.006866,0.011443,0.025176,0.000000,0.000000,0.000000,0.000000,0,0,0,0,0,0,0,0,0,0,0,0.045257568359375,-0.004302978515625,0,0,0,0,0,0,0,0,Object notstarted,Object notstarted,Object notstarted,Object notstarted,Object notstarted,Object notstarted,Object notstarted,Object notstarted,Object notstarted
2024-03-18 10:35:42,396.396,__main___datalogs,INFO,JoyConState.GO_HOME,0.000000,0.000000,0.000000,0.096125,0.006866,0.004577,0.025176,0.000000,0.000000,0.000000,0.000000,0,0,0,0,0,0,0,0,0,0,0,0.045257568359375,-0.004302978515625,0,0,0,0,0,0,0,0,Object notstarted,Object notstarted,Object notstarted,Object notstarted,Object notstarted,Object notstarted,Object notstarted,Object notstarted,Object notstarted
2024-03-18 10:35:42,441.441,__main___datalogs,INFO,JoyConState.GO_HOME,0.000000,0.000000,0.000000,0.096125,0.009155,0.013732,0.025176,0.000000,0.000000,0.000000,0.000000,0,0,0,0,0,0,0,0,0,0,0,0.045257568359375,-0.004302978515625,0,0,0,0,0,0,0,0,Object notstarted,Object notstarted,Object notstarted,Object notstarted,Object notstarted,Object notstarted,Object notstarted,Object notstarted,Object notstarted
2024-03-18 10:35:42,486.486,__main___datalogs,INFO,JoyConState.GO_HOME,0.000000,0.000000,0.000000,0.091547,0.006866,0.011443,0.025176,0.000000,0.000000,0.000000,0.000000,0,0,0,0,0,0,0,0,0,0,0,0.045257568359375,-0.004302978515625,0,0,0,0,0,0,0,0,Object notstarted,Object notstarted,Object notstarted,Object notstarted,Object notstarted,Object notstarted,Object notstarted,Object notstarted,Object notstarted
2024-03-18 10:35:42,528.528,__main___datalogs,INFO,JoyConState.GO_HOME,0.000000,0.000000,0.000000,0.091547,0.006866,0.004577,0.025176,0.000000,0.000000,0.000000,0.000000,0,0,0,0,0,0,0,0,0,0,0,0.045257568359375,-0.004302978515625,0,0,0,0,0,0,0,0,Object notstarted,Object notstarted,Object notstarted,Object notstarted,Object notstarted,Object notstarted,Object notstarted,Object notstarted,Object notstarted
2024-03-18 10:35:42,571.571,__main___datalogs,INFO,JoyConState.GO_HOME,0.000000,0.000000,0.000000,0.098413,0.006866,0.004577,0.025176,0.000000,0.000000,0.000000,0.000000,0,0,0,0,0,0,0,0,0,0,0,0.045257568359375,-0.004302978515625,0,0,0,0,0,0,0,0,Object notstarted,Object notstarted,Object notstarted,Object notstarted,Object notstarted,Object notstarted,Object notstarted,Object notstarted,Object notstarted
2024-03-18 10:35:42,613.613,__main___datalogs,INFO,JoyConState.GO_HOME,0.000000,0.000000,0.000000,0.098413,0.002289,0.004577,0.020598,0.000000,0.000000,0.000000,0.000000,0,0,0,0,0,0,0,0,0,0,0,0.045257568359375,-0.004302978515625,0,0,0,0,0,0,0,0,Object notstarted,Object notstarted,Object notstarted,Object notstarted,Object notstarted,Object notstarted,Object notstarted,Object notstarted,Object notstarted
2024-03-18 10:35:42,657.657,__main___datalogs,INFO,JoyConState.GO_HOME,0.000000,0.000000,0.000000,0.096125,0.006866,0.004577,0.025176,0.000000,0.000000,0.000000,0.000000,0,0,0,0,0,0,0,0,0,0,0,0.045257568359375,-0.004302978515625,0,0,0,0,0,0,0,0,Object notstarted,Object notstarted,Object notstarted,Object notstarted,Object notstarted,Object notstarted,Object notstarted,Object notstarted,Object notstarted
2024-03-18 10:35:42,700.700,__main___datalogs,INFO,JoyConState.GO_HOME,0.000000,0.000000,0.000000,0.091547,0.006866,0.004577,0.020598,0.000000,0.000000,0.000000,0.000000,0,0,0,0,0,0,0,0,0,0,0,0.045257568359375,-0.004302978515625,0,0,0,0,0,0,0,0,Object notstarted,Object notstarted,Object notstarted,Object notstarted,Object notstarted,Object notstarted,Object notstarted,Object notstarted,Object notstarted
2024-03-18 10:35:42,744.744,__main___datalogs,INFO,JoyConState.GO_HOME,0.000000,0.000000,0.000000,0.096125,0.006866,0.011443,0.016021,0.000000,0.000000,0.000000,0.000000,0,0,0,0,0,0,0,0,0,0,0,0.045257568359375,-0.004302978515625,0,0,0,0,0,0,0,0,Object notstarted,Object notstarted,Object notstarted,Object notstarted,Object notstarted,Object notstarted,Object notstarted,Object notstarted,Object notstarted
2024-03-18 10:35:42,785.785,__main___datalogs,INFO,JoyConState.GO_HOME,0.000000,0.000000,0.000000,0.091547,0.006866,0.011443,0.025176,0.000000,0.000000,0.000000,0.000000,0,0,0,0,0,0,0,0,0,0,0,0.045257568359375,-0.004302978515625,0,0,0,0,0,0,0,0,Object notstarted,Object notstarted,Object notstarted,Object notstarted,Object notstarted,Object notstarted,Object notstarted,Object notstarted,Object notstarted
2024-03-18 10:35:42,830.830,__main___datalogs,INFO,JoyConState.GO_HOME,0.000000,0.000000,0.000000,0.096125,0.006866,0.011443,0.020598,0.000000,0.000000,0.000000,0.000000,0,0,0,0,0,0,0,0,0,0,0,0.045257568359375,-0.004302978515625,0,0,0,0,0,0,0,0,Object notstarted,Object notstarted,Object notstarted,Object notstarted,Object notstarted,Object notstarted,Object notstarted,Object notstarted,Object notstarted
2024-03-18 10:35:42,871.871,__main___datalogs,INFO,JoyConState.GO_HOME,0.000000,0.000000,0.000000,0.096125,-0.002289,0.011443,0.020598,0.000000,0.000000,0.000000,0.000000,0,0,0,0,0,0,0,0,0,0,0,0.045257568359375,-0.004302978515625,0,0,0,0,0,0,0,0,Object notstarted,Object notstarted,Object notstarted,Object notstarted,Object notstarted,Object notstarted,Object notstarted,Object notstarted,Object notstarted
2024-03-18 10:35:42,917.917,__main___datalogs,INFO,JoyConState.GO_HOME,0.000000,0.000000,0.000000,0.098413,-0.002289,0.013732,0.020598,0.000000,0.000000,0.000000,0.000000,0,0,0,0,0,0,0,0,0,0,0,0.045257568359375,-0.004302978515625,0,0,0,0,0,0,0,0,Object notstarted,Object notstarted,Object notstarted,Object notstarted,Object notstarted,Object notstarted,Object notstarted,Object notstarted,Object notstarted
2024-03-18 10:35:42,958.958,__main___datalogs,INFO,JoyConState.GO_HOME,0.000000,0.000000,0.000000,0.096125,0.002289,0.011443,0.025176,0.000000,0.000000,0.000000,0.000000,0,0,0,0,0,0,0,0,0,0,0,0.045257568359375,-0.004302978515625,0,0,0,0,0,0,0,0,Object notstarted,Object notstarted,Object notstarted,Object notstarted,Object notstarted,Object notstarted,Object notstarted,Object notstarted,Object notstarted
2024-03-18 10:35:43,001.001,__main___datalogs,INFO,JoyConState.GO_HOME,0.000000,0.000000,0.000000,0.096125,0.006866,0.011443,0.025176,0.000000,0.000000,0.000000,0.000000,0,0,0,0,0,0,0,0,0,0,0,0.045257568359375,-0.004302978515625,0,0,0,0,0,0,0,0,Object notstarted,Object notstarted,Object notstarted,Object notstarted,Object notstarted,Object notstarted,Object notstarted,Object notstarted,Object notstarted
2024-03-18 10:35:43,044.044,__main___datalogs,INFO,JoyConState.GO_HOME,0.000000,0.000000,0.000000,0.096125,0.006866,0.011443,0.020598,0.000000,0.000000,0.000000,0.000000,0,0,0,0,0,0,0,0,0,0,0,0.045257568359375,-0.004302978515625,0,0,0,0,0,0,0,0,Object notstarted,Object notstarted,Object notstarted,Object notstarted,Object notstarted,Object notstarted,Object notstarted,Object notstarted,Object notstarted
2024-03-18 10:35:43,089.089,__main___datalogs,INFO,JoyConState.GO_HOME,0.000000,0.000000,0.000000,0.091547,0.002289,0.011443,0.020598,0.000000,0.000000,0.000000,0.000000,0,0,0,0,0,0,0,0,0,0,0,0.045257568359375,-0.004302978515625,0,0,0,0,0,0,0,0,Object notstarted,Object notstarted,Object notstarted,Object notstarted,Object notstarted,Object notstarted,Object notstarted,Object notstarted,Object notstarted
2024-03-18 10:35:43,132.132,__main___datalogs,INFO,JoyConState.GO_HOME,0.000000,0.000000,0.000000,0.096125,-0.002289,0.011443,0.025176,0.000000,0.000000,0.000000,0.000000,0,0,0,0,0,0,0,0,0,0,0,0.045257568359375,-0.004302978515625,0,0,0,0,0,0,0,0,Object notstarted,Object notstarted,Object notstarted,Object notstarted,Object notstarted,Object notstarted,Object notstarted,Object notstarted,Object notstarted
2024-03-18 10:35:43,178.178,__main___datalogs,INFO,JoyConState.GO_HOME,0.000000,0.000000,0.000000,0.096125,0.006866,0.011443,0.025176,0.000000,0.000000,0.000000,0.000000,0,0,0,0,0,0,0,0,0,0,0,0.045257568359375,-0.004302978515625,0,0,0,0,0,0,0,0,Object notstarted,Object notstarted,Object notstarted,Object notstarted,Object notstarted,Object notstarted,Object notstarted,Object notstarted,Object notstarted
2024-03-18 10:35:43,219.219,__main___datalogs,INFO,JoyConState.GO_HOME,0.000000,0.000000,0.000000,0.096125,0.006866,0.011443,0.020598,0.000000,0.000000,0.000000,0.000000,0,0,0,0,0,0,0,0,0,0,0,0.045257568359375,-0.004302978515625,0,0,0,0,0,0,0,0,Object notstarted,Object notstarted,Object notstarted,Object notstarted,Object notstarted,Object notstarted,Object notstarted,Object notstarted,Object notstarted
2024-03-18 10:35:43,264.264,__main___datalogs,INFO,JoyConState.GO_HOME,0.000000,0.000000,0.000000,0.096125,0.006866,0.011443,0.020598,0.000000,0.000000,0.000000,0.000000,0,0,0,0,0,0,0,0,0,0,0,0.045257568359375,-0.004302978515625,0,0,0,0,0,0,0,0,Object notstarted,Object notstarted,Object notstarted,Object notstarted,Object notstarted,Object notstarted,Object notstarted,Object notstarted,Object notstarted
2024-03-18 10:35:43,304.304,__main___datalogs,INFO,JoyConState.GO_HOME,0.000000,0.000000,0.000000,0.096125,0.006866,0.011443,0.020598,0.000000,0.000000,0.000000,0.000000,0,0,0,0,0,0,0,0,0,0,0,0.045257568359375,-0.004302978515625,0,0,0,0,0,0,0,0,Object notstarted,Object notstarted,Object notstarted,Object notstarted,Object notstarted,Object notstarted,Object notstarted,Object notstarted,Object notstarted
2024-03-18 10:35:43,348.348,__main___datalogs,INFO,JoyConState.GO_HOME,0.000000,0.000000,0.000000,0.096125,0.006866,0.011443,0.025176,0.000000,0.000000,0.000000,0.000000,0,0,0,0,0,0,0,0,0,0,0,0.045257568359375,-0.004302978515625,0,0,0,0,0,0,0,0,Object notstarted,Object notstarted,Object notstarted,Object notstarted,Object notstarted,Object notstarted,Object notstarted,Object notstarted,Object notstarted
2024-03-18 10:35:43,391.391,__main___datalogs,INFO,JoyConState.GO_HOME,0.000000,0.000000,0.000000,0.096125,0.006866,0.011443,0.025176,0.000000,0.000000,0.000000,0.000000,0,0,0,0,0,0,0,0,0,0,0,0.045257568359375,-0.004302978515625,0,0,0,0,0,0,0,0,Object notstarted,Object notstarted,Object notstarted,Object notstarted,Object notstarted,Object notstarted,Object notstarted,Object notstarted,Object notstarted
2024-03-18 10:35:43,437.437,__main___datalogs,INFO,JoyConState.GO_HOME,0.000000,0.000000,0.000000,0.096125,0.006866,0.011443,0.025176,0.000000,0.000000,0.000000,0.000000,0,0,0,0,0,0,0,0,0,0,0,0.045257568359375,-0.004302978515625,0,0,0,0,0,0,0,0,Object notstarted,Object notstarted,Object notstarted,Object notstarted,Object notstarted,Object notstarted,Object notstarted,Object notstarted,Object notstarted
2024-03-18 10:35:43,489.489,__main___datalogs,INFO,JoyConState.GO_HOME,0.000000,0.000000,0.000000,0.096125,0.002289,0.011443,0.025176,0.000000,0.000000,0.000000,0.000000,0,0,0,0,0,0,0,0,0,0,0,0.045257568359375,-0.004302978515625,0,0,0,0,0,0,0,0,Object notstarted,Object notstarted,Object notstarted,Object notstarted,Object notstarted,Object notstarted,Object notstarted,Object notstarted,Object notstarted
2024-03-18 10:35:43,534.534,__main___datalogs,INFO,JoyConState.GO_HOME,0.000000,0.000000,0.000000,0.096125,0.002289,0.011443,0.020598,0.000000,0.000000,0.000000,0.000000,0,0,0,0,0,0,0,0,0,0,0,0.045257568359375,-0.004302978515625,0,0,0,0,0,0,0,0,Object notstarted,Object notstarted,Object notstarted,Object notstarted,Object notstarted,Object notstarted,Object notstarted,Object notstarted,Object notstarted
2024-03-18 10:35:43,577.577,__main___datalogs,INFO,JoyConState.GO_HOME,0.000000,0.000000,0.000000,0.098413,0.006866,0.011443,0.020598,0.000000,0.000000,0.000000,0.000000,0,0,0,0,0,0,0,0,0,0,0,0.045257568359375,-0.004302978515625,0,0,0,0,0,0,0,0,Object notstarted,Object notstarted,Object notstarted,Object notstarted,Object notstarted,Object notstarted,Object notstarted,Object notstarted,Object notstarted
2024-03-18 10:35:43,622.622,__main___datalogs,INFO,JoyConState.GO_HOME,0.000000,0.000000,0.000000,0.098413,0.006866,0.011443,0.020598,0.000000,0.000000,0.000000,0.000000,0,0,0,0,0,0,0,0,0,0,0,0.045257568359375,-0.004302978515625,0,0,0,0,0,0,0,0,Object notstarted,Object notstarted,Object notstarted,Object notstarted,Object notstarted,Object notstarted,Object notstarted,Object notstarted,Object notstarted
2024-03-18 10:35:43,663.663,__main___datalogs,INFO,JoyConState.GO_HOME,0.000000,0.000000,0.000000,0.098413,0.006866,0.011443,0.025176,0.000000,0.000000,0.000000,0.000000,0,0,0,0,0,0,0,0,0,0,0,0.045257568359375,-0.004302978515625,0,0,0,0,0,0,0,0,Object notstarted,Object notstarted,Object notstarted,Object notstarted,Object notstarted,Object notstarted,Object notstarted,Object notstarted,Object notstarted
2024-03-18 10:35:43,707.707,__main___datalogs,INFO,JoyConState.GO_HOME,0.000000,0.000000,0.000000,0.098413,0.002289,0.011443,0.020598,0.000000,0.000000,0.000000,0.000000,0,0,0,0,0,0,0,0,0,0,0,0.045257568359375,-0.004302978515625,0,0,0,0,0,0,0,0,Object notstarted,Object notstarted,Object notstarted,Object notstarted,Object notstarted,Object notstarted,Object notstarted,Object notstarted,Object notstarted
2024-03-18 10:35:43,749.749,__main___datalogs,INFO,JoyConState.GO_HOME,0.000000,0.000000,0.000000,0.096125,0.002289,0.011443,0.025176,0.000000,0.000000,0.000000,0.000000,0,0,0,0,0,0,0,0,0,0,0,0.045257568359375,-0.004302978515625,0,0,0,0,0,0,0,0,Object notstarted,Object notstarted,Object notstarted,Object notstarted,Object notstarted,Object notstarted,Object notstarted,Object notstarted,Object notstarted
2024-03-18 10:35:43,794.794,__main___datalogs,INFO,JoyConState.GO_HOME,0.000000,0.000000,0.000000,0.091547,0.006866,0.011443,0.025176,0.000000,0.000000,0.000000,0.000000,0,0,0,0,0,0,0,0,0,0,0,0.045257568359375,-0.004302978515625,0,0,0,0,0,0,0,0,Object notstarted,Object notstarted,Object notstarted,Object notstarted,Object notstarted,Object notstarted,Object notstarted,Object notstarted,Object notstarted
2024-03-18 10:35:43,836.836,__main___datalogs,INFO,JoyConState.GO_HOME,0.000000,0.000000,0.000000,0.096125,0.006866,0.013732,0.025176,0.000000,0.000000,0.000000,0.000000,0,0,0,0,0,0,0,0,0,0,0,0.045257568359375,-0.004302978515625,0,0,0,0,0,0,0,0,Object notstarted,Object notstarted,Object notstarted,Object notstarted,Object notstarted,Object notstarted,Object notstarted,Object notstarted,Object notstarted
2024-03-18 10:35:43,878.878,__main___datalogs,INFO,JoyConState.GO_HOME,0.000000,0.000000,0.000000,0.098413,0.006866,0.011443,0.025176,0.000000,0.000000,0.000000,0.000000,0,0,0,0,0,0,0,0,0,0,0,0.045257568359375,-0.004302978515625,0,0,0,0,0,0,0,0,Object notstarted,Object notstarted,Object notstarted,Object notstarted,Object notstarted,Object notstarted,Object notstarted,Object notstarted,Object notstarted
2024-03-18 10:35:43,922.922,__main___datalogs,INFO,JoyConState.GO_HOME,0.000000,0.000000,0.000000,0.096125,0.002289,0.011443,0.025176,0.000000,0.000000,0.000000,0.000000,0,0,0,0,0,0,0,0,0,0,0,0.045257568359375,-0.004302978515625,0,0,0,0,0,0,0,0,Object notstarted,Object notstarted,Object notstarted,Object notstarted,Object notstarted,Object notstarted,Object notstarted,Object notstarted,Object notstarted
2024-03-18 10:35:43,965.965,__main___datalogs,INFO,JoyConState.GO_HOME,0.000000,0.000000,0.000000,0.096125,0.006866,0.004577,0.020598,0.000000,0.000000,0.000000,0.000000,0,0,0,0,0,0,0,0,0,0,0,0.045257568359375,-0.004302978515625,0,0,0,0,0,0,0,0,Object notstarted,Object notstarted,Object notstarted,Object notstarted,Object notstarted,Object notstarted,Object notstarted,Object notstarted,Object notstarted
2024-03-18 10:35:44,008.008,__main___datalogs,INFO,JoyConState.GO_HOME,0.000000,0.000000,0.000000,0.096125,0.006866,0.002289,0.025176,0.000000,0.000000,0.000000,0.000000,0,0,0,0,0,0,0,0,0,0,0,0.045257568359375,-0.004302978515625,0,0,0,0,0,0,0,0,Object notstarted,Object notstarted,Object notstarted,Object notstarted,Object notstarted,Object notstarted,Object notstarted,Object notstarted,Object notstarted
2024-03-18 10:35:44,050.050,__main___datalogs,INFO,JoyConState.GO_HOME,0.000000,0.000000,0.000000,0.096125,0.006866,0.004577,0.025176,0.000000,0.000000,0.000000,0.000000,0,0,0,0,0,0,0,0,0,0,0,0.045257568359375,-0.004302978515625,0,0,0,0,0,0,0,0,Object notstarted,Object notstarted,Object notstarted,Object notstarted,Object notstarted,Object notstarted,Object notstarted,Object notstarted,Object notstarted
2024-03-18 10:35:44,093.093,__main___datalogs,INFO,JoyConState.GO_HOME,0.000000,0.000000,0.000000,0.096125,0.002289,0.011443,0.020598,0.000000,0.000000,0.000000,0.000000,0,0,0,0,0,0,0,0,0,0,0,0.045257568359375,-0.004302978515625,0,0,0,0,0,0,0,0,Object notstarted,Object notstarted,Object notstarted,Object notstarted,Object notstarted,Object notstarted,Object notstarted,Object notstarted,Object notstarted
2024-03-18 10:35:44,136.136,__main___datalogs,INFO,JoyConState.GO_HOME,0.000000,0.000000,0.000000,0.096125,0.002289,0.011443,0.020598,0.000000,0.000000,0.000000,0.000000,0,0,0,0,0,0,0,0,0,0,0,0.045257568359375,-0.004302978515625,0,0,0,0,0,0,0,0,Object notstarted,Object notstarted,Object notstarted,Object notstarted,Object notstarted,Object notstarted,Object notstarted,Object notstarted,Object notstarted
2024-03-18 10:35:44,179.179,__main___datalogs,INFO,JoyConState.GO_HOME,0.000000,0.000000,0.000000,0.096125,0.002289,0.011443,0.025176,0.000000,0.000000,0.000000,0.000000,0,0,0,0,0,0,0,0,0,0,0,0.045257568359375,-0.004302978515625,0,0,0,0,0,0,0,0,Object notstarted,Object notstarted,Object notstarted,Object notstarted,Object notstarted,Object notstarted,Object notstarted,Object notstarted,Object notstarted
2024-03-18 10:35:44,224.224,__main___datalogs,INFO,JoyConState.GO_HOME,0.000000,0.000000,0.000000,0.098413,0.006866,0.011443,0.025176,0.000000,0.000000,0.000000,0.000000,0,0,0,0,0,0,0,0,0,0,0,0.045257568359375,-0.004302978515625,0,0,0,0,0,0,0,0,Object notstarted,Object notstarted,Object notstarted,Object notstarted,Object notstarted,Object notstarted,Object notstarted,Object notstarted,Object notstarted
2024-03-18 10:35:44,267.267,__main___datalogs,INFO,JoyConState.GO_HOME,0.000000,0.000000,0.000000,0.098413,0.006866,0.011443,0.020598,0.000000,0.000000,0.000000,0.000000,0,0,0,0,0,0,0,0,0,0,0,0.045257568359375,-0.004302978515625,0,0,0,0,0,0,0,0,Object notstarted,Object notstarted,Object notstarted,Object notstarted,Object notstarted,Object notstarted,Object notstarted,Object notstarted,Object notstarted
2024-03-18 10:35:44,312.312,__main___datalogs,INFO,JoyConState.GO_HOME,0.000000,0.000000,0.000000,0.096125,0.006866,0.013732,0.020598,0.000000,0.000000,0.000000,0.000000,0,0,0,0,0,0,0,0,0,0,0,0.045257568359375,-0.004302978515625,0,0,0,0,0,0,0,0,Object notstarted,Object notstarted,Object notstarted,Object notstarted,Object notstarted,Object notstarted,Object notstarted,Object notstarted,Object notstarted
2024-03-18 10:35:44,355.355,__main___datalogs,INFO,JoyConState.GO_HOME,0.000000,0.000000,0.000000,0.096125,0.006866,0.011443,0.025176,0.000000,0.000000,0.000000,0.000000,0,0,0,0,0,0,0,0,0,0,0,0.045257568359375,-0.004302978515625,0,0,0,0,0,0,0,0,Object notstarted,Object notstarted,Object notstarted,Object notstarted,Object notstarted,Object notstarted,Object notstarted,Object notstarted,Object notstarted
2024-03-18 10:35:44,396.396,__main___datalogs,INFO,JoyConState.GO_HOME,0.000000,0.000000,0.000000,0.098413,0.006866,0.011443,0.020598,0.000000,0.000000,0.000000,0.000000,0,0,0,0,0,0,0,0,0,0,0,0.045257568359375,-0.004302978515625,0,0,0,0,0,0,0,0,Object notstarted,Object notstarted,Object notstarted,Object notstarted,Object notstarted,Object notstarted,Object notstarted,Object notstarted,Object notstarted
2024-03-18 10:35:44,439.439,__main___datalogs,INFO,JoyConState.GO_HOME,0.000000,0.000000,0.000000,0.098413,0.006866,0.011443,0.025176,0.000000,0.000000,0.000000,0.000000,0,0,0,0,0,0,0,0,0,0,0,0.045257568359375,-0.004302978515625,0,0,0,0,0,0,0,0,Object notstarted,Object notstarted,Object notstarted,Object notstarted,Object notstarted,Object notstarted,Object notstarted,Object notstarted,Object notstarted
2024-03-18 10:35:44,483.483,__main___datalogs,INFO,JoyConState.GO_HOME,0.000000,0.000000,0.000000,0.098413,0.006866,0.011443,0.025176,0.000000,0.000000,0.000000,0.000000,0,0,0,0,0,0,0,0,0,0,0,0.045257568359375,-0.004302978515625,0,0,0,0,0,0,0,0,Object notstarted,Object notstarted,Object notstarted,Object notstarted,Object notstarted,Object notstarted,Object notstarted,Object notstarted,Object notstarted
2024-03-18 10:35:44,529.529,__main___datalogs,INFO,JoyConState.GO_HOME,0.000000,0.000000,0.000000,0.098413,0.009155,0.011443,0.025176,0.000000,0.000000,0.000000,0.000000,0,0,0,0,0,0,0,0,0,0,0,0.045257568359375,-0.004302978515625,0,0,0,0,0,0,0,0,Object notstarted,Object notstarted,Object notstarted,Object notstarted,Object notstarted,Object notstarted,Object notstarted,Object notstarted,Object notstarted
2024-03-18 10:35:44,577.577,__main___datalogs,INFO,JoyConState.GO_HOME,0.000000,0.000000,0.000000,0.098413,0.006866,0.011443,0.025176,0.000000,0.000000,0.000000,0.000000,0,0,0,0,0,0,0,0,0,0,0,0.045257568359375,-0.004302978515625,0,0,0,0,0,0,0,0,Object notstarted,Object notstarted,Object notstarted,Object notstarted,Object notstarted,Object notstarted,Object notstarted,Object notstarted,Object notstarted
2024-03-18 10:35:44,621.621,__main___datalogs,INFO,JoyConState.GO_HOME,0.000000,0.000000,0.000000,0.091547,0.006866,0.011443,0.025176,0.000000,0.000000,0.000000,0.000000,0,0,0,0,0,0,0,0,0,0,0,0.045257568359375,-0.004302978515625,0,0,0,0,0,0,0,0,Object notstarted,Object notstarted,Object notstarted,Object notstarted,Object notstarted,Object notstarted,Object notstarted,Object notstarted,Object notstarted
2024-03-18 10:35:44,663.663,__main___datalogs,INFO,JoyConState.GO_HOME,0.000000,0.000000,0.000000,0.096125,0.006866,0.011443,0.025176,0.000000,0.000000,0.000000,0.000000,0,0,0,0,0,0,0,0,0,0,0,0.045257568359375,-0.004302978515625,0,0,0,0,0,0,0,0,Object notstarted,Object notstarted,Object notstarted,Object notstarted,Object notstarted,Object notstarted,Object notstarted,Object notstarted,Object notstarted
2024-03-18 10:35:44,704.704,__main___datalogs,INFO,JoyConState.GO_HOME,0.000000,0.000000,0.000000,0.096125,0.006866,0.011443,0.020598,0.000000,0.000000,0.000000,0.000000,0,0,0,0,0,0,0,0,0,0,0,0.045257568359375,-0.004302978515625,0,0,0,0,0,0,0,0,Object notstarted,Object notstarted,Object notstarted,Object notstarted,Object notstarted,Object notstarted,Object notstarted,Object notstarted,Object notstarted
2024-03-18 10:35:44,749.749,__main___datalogs,INFO,JoyConState.GO_HOME,0.000000,0.000000,0.000000,0.096125,0.006866,0.011443,0.025176,0.000000,0.000000,0.000000,0.000000,0,0,0,0,0,0,0,0,0,0,0,0.045257568359375,-0.004302978515625,0,0,0,0,0,0,0,0,Object notstarted,Object notstarted,Object notstarted,Object notstarted,Object notstarted,Object notstarted,Object notstarted,Object notstarted,Object notstarted
2024-03-18 10:35:44,789.789,__main___datalogs,INFO,JoyConState.GO_HOME,0.000000,0.000000,0.000000,0.096125,0.002289,0.011443,0.025176,0.000000,0.000000,0.000000,0.000000,0,0,0,0,0,0,0,0,0,0,0,0.045257568359375,-0.004302978515625,0,0,0,0,0,0,0,0,Object notstarted,Object notstarted,Object notstarted,Object notstarted,Object notstarted,Object notstarted,Object notstarted,Object notstarted,Object notstarted
2024-03-18 10:35:44,832.832,__main___datalogs,INFO,JoyConState.GO_HOME,0.000000,0.000000,0.000000,0.096125,0.006866,0.011443,0.020598,0.000000,0.000000,0.000000,0.000000,0,0,0,0,0,0,0,0,0,0,0,0.045257568359375,-0.004302978515625,0,0,0,0,0,0,0,0,Object notstarted,Object notstarted,Object notstarted,Object notstarted,Object notstarted,Object notstarted,Object notstarted,Object notstarted,Object notstarted
2024-03-18 10:35:44,874.874,__main___datalogs,INFO,JoyConState.GO_HOME,0.000000,0.000000,0.000000,0.096125,0.006866,0.011443,0.025176,0.000000,0.000000,0.000000,0.000000,0,0,0,0,0,0,0,0,0,0,0,0.045257568359375,-0.004302978515625,0,0,0,0,0,0,0,0,Object notstarted,Object notstarted,Object notstarted,Object notstarted,Object notstarted,Object notstarted,Object notstarted,Object notstarted,Object notstarted
2024-03-18 10:35:44,918.918,__main___datalogs,INFO,JoyConState.GO_HOME,0.000000,0.000000,0.000000,0.096125,0.006866,0.011443,0.020598,0.000000,0.000000,0.000000,0.000000,0,0,0,0,0,0,0,0,0,0,0,0.045257568359375,-0.004302978515625,0,0,0,0,0,0,0,0,Object notstarted,Object notstarted,Object notstarted,Object notstarted,Object notstarted,Object notstarted,Object notstarted,Object notstarted,Object notstarted
2024-03-18 10:35:44,961.961,__main___datalogs,INFO,JoyConState.GO_HOME,0.000000,0.000000,0.000000,0.091547,0.006866,0.011443,0.025176,0.000000,0.000000,0.000000,0.000000,0,0,0,0,0,0,0,0,0,0,0,0.045257568359375,-0.004302978515625,0,0,0,0,0,0,0,0,Object notstarted,Object notstarted,Object notstarted,Object notstarted,Object notstarted,Object notstarted,Object notstarted,Object notstarted,Object notstarted
2024-03-18 10:35:45,004.004,__main___datalogs,INFO,JoyConState.GO_HOME,0.000000,0.000000,0.000000,0.096125,0.006866,0.011443,0.020598,0.000000,0.000000,0.000000,0.000000,0,0,0,0,0,0,0,0,0,0,0,0.045257568359375,-0.004302978515625,0,0,0,0,0,0,0,0,Object notstarted,Object notstarted,Object notstarted,Object notstarted,Object notstarted,Object notstarted,Object notstarted,Object notstarted,Object notstarted
2024-03-18 10:35:45,047.047,__main___datalogs,INFO,JoyConState.GO_HOME,0.000000,0.000000,0.000000,0.096125,0.006866,0.011443,0.025176,0.000000,0.000000,0.000000,0.000000,0,0,0,0,0,0,0,0,0,0,0,0.045257568359375,-0.004302978515625,0,0,0,0,0,0,0,0,Object notstarted,Object notstarted,Object notstarted,Object notstarted,Object notstarted,Object notstarted,Object notstarted,Object notstarted,Object notstarted
2024-03-18 10:35:45,092.092,__main___datalogs,INFO,JoyConState.GO_HOME,0.000000,0.000000,0.000000,0.096125,0.006866,0.011443,0.020598,0.000000,0.000000,0.000000,0.000000,0,0,0,0,0,0,0,0,0,0,0,0.045257568359375,-0.004302978515625,0,0,0,0,0,0,0,0,Object notstarted,Object notstarted,Object notstarted,Object notstarted,Object notstarted,Object notstarted,Object notstarted,Object notstarted,Object notstarted
2024-03-18 10:35:45,134.134,__main___datalogs,INFO,JoyConState.GO_HOME,0.000000,0.000000,0.000000,0.096125,0.006866,0.011443,0.025176,0.000000,0.000000,0.000000,0.000000,0,0,0,0,0,0,0,0,0,0,0,0.045257568359375,-0.004302978515625,0,0,0,0,0,0,0,0,Object notstarted,Object notstarted,Object notstarted,Object notstarted,Object notstarted,Object notstarted,Object notstarted,Object notstarted,Object notstarted
2024-03-18 10:35:45,189.189,__main___datalogs,INFO,JoyConState.USE_SNS,0.000000,0.000000,0.000000,0.096125,0.002289,0.011443,0.025176,0.000000,0.000000,0.000000,0.000000,0,0,0,0,0,0,0,0,0,0,0,0.045257568359375,-0.004302978515625,-5.882353,5.882353,0.0,0.0,-11.764706,0.0,-5.882353,-8.235294,Object notstarted,Object notstarted,Object notstarted,Object notstarted,Object notstarted,Object notstarted,Object notstarted,Object notstarted,Object notstarted
2024-03-18 10:35:45,297.297,__main___datalogs,INFO,JoyConState.USE_SNS,-0.100000,0.125000,-0.002500,0.097803,0.006256,0.011138,0.023955,0.000000,0.000000,0.000000,0.000000,0,0,0,0,0,0,0,0,0,0,0,0.045257568359375,-0.004302978515625,-2.9309995,12.965601,0.0,0.0,-15.896601,-10.034602,-12.965601,-4.1033993,Object notstarted,Object notstarted,Object notstarted,Object notstarted,Object notstarted,Object notstarted,Object notstarted,Object notstarted,Object notstarted
2024-03-18 10:35:45,420.420,__main___datalogs,INFO,JoyConState.USE_SNS,-2.850000,3.675000,-0.090000,0.096125,0.007019,0.011596,0.023955,0.000000,0.000000,0.000000,0.000000,0,0,0,0,0,0,0,0,0,0,0,0.045257568359375,-0.004302978515625,8.574173,6.460369,0.0,-10.034602,-7.9207983,-15.034542,-16.494972,-2.0446005,Object notstarted,Object notstarted,Object notstarted,Object notstarted,Object notstarted,Object notstarted,Object notstarted,Object notstarted,Object notstarted
2024-03-18 10:35:45,511.511,__main___datalogs,INFO,JoyConState.USE_SNS,-6.662500,8.575000,-0.207500,0.096277,0.006256,0.006408,0.024565,0.000000,0.000000,0.000000,0.000000,0,0,0,0,0,0,0,0,0,0,0,0.045257568359375,-0.004302978515625,14.306854,3.2190077,0.0,-15.034542,-3.9466953,-17.525864,-18.253551,-1.018763,Object notstarted,Object notstarted,Object notstarted,Object notstarted,Object notstarted,Object notstarted,Object notstarted,Object notstarted,Object notstarted
2024-03-18 10:35:45,594.594,__main___datalogs,INFO,JoyConState.USE_SNS,-9.237500,11.900000,-0.290000,0.097803,0.005340,0.004577,0.024870,0.000000,0.000000,0.000000,0.000000,0,0,0,0,0,0,0,0,0,0,0,0.045257568359375,-0.004302978515625,17.163277,1.6039348,0.0,-17.525864,-1.9665196,-18.767212,-19.129797,-0.50761896,Object notstarted,Object notstarted,Object notstarted,Object notstarted,Object notstarted,Object notstarted,Object notstarted,Object notstarted,Object notstarted
2024-03-18 10:35:45,716.716,__main___datalogs,INFO,JoyConState.USE_SNS,-9.587500,12.337500,-0.570000,0.096735,0.006256,0.011138,0.024260,0.000000,0.000000,0.000000,0.000000,0,0,0,0,0,0,0,0,0,0,0,0.045257568359375,-0.004302978515625,18.586548,0.7991924,0.0,-18.767212,-0.97985756,-19.385738,-19.566402,-0.25293127,Object notstarted,Object notstarted,Object notstarted,Object notstarted,Object notstarted,Object notstarted,Object notstarted,Object notstarted,Object notstarted
2024-03-18 10:35:45,845.845,__main___datalogs,INFO,JoyConState.USE_SNS,-9.587500,12.275000,-1.965000,0.096125,0.005646,0.011596,0.020903,0.000000,0.000000,0.000000,0.000000,0,0,0,0,0,0,0,0,0,0,0,0.045257568359375,-0.004302978515625,19.29572,0.39821357,0.0,-19.385738,-0.48823354,-19.693932,-19.78395,-0.12602805,Object notstarted,Object notstarted,Object notstarted,Object notstarted,Object notstarted,Object notstarted,Object notstarted,Object notstarted,Object notstarted
2024-03-18 10:35:45,989.989,__main___datalogs,INFO,JoyConState.USE_SNS,-9.587500,12.050000,-5.130000,0.096888,0.005951,0.008850,0.023345,0.000000,0.000000,0.000000,0.000000,0,0,0,0,0,0,0,0,0,0,0,0.045257568359375,-0.004302978515625,19.649078,0.19841784,0.0,-19.693932,-0.2432721,-19.847496,-19.89235,-0.06279598,Object notstarted,Object notstarted,Object notstarted,Object notstarted,Object notstarted,Object notstarted,Object notstarted,Object notstarted,Object notstarted
2024-03-18 10:35:46,091.091,__main___datalogs,INFO,JoyConState.USE_SNS,-9.587500,11.650000,-9.665000,0.096888,0.007934,0.010986,0.024108,0.000000,0.000000,0.000000,0.000000,0,0,0,0,0,0,0,0,0,0,0,0.045257568359375,-0.004302978515625,19.825146,0.098865636,0.0,-19.847496,-0.12121517,-19.924011,-19.946362,-0.03128935,Object notstarted,Object notstarted,Object notstarted,Object notstarted,Object notstarted,Object notstarted,Object notstarted,Object notstarted,Object notstarted
2024-03-18 10:35:46,187.187,__main___datalogs,INFO,JoyConState.USE_SNS,-9.587500,11.450000,-12.000000,0.096888,0.007324,0.011596,0.023345,0.000000,0.000000,0.000000,0.000000,0,0,0,0,0,0,0,0,0,0,0,0.045257568359375,-0.004302978515625,19.912876,0.04926177,0.0,-19.924011,-0.060397875,-19.96214,-19.973274,-0.015590541,Object notstarted,Object notstarted,Object notstarted,Object notstarted,Object notstarted,Object notstarted,Object notstarted,Object notstarted,Object notstarted
2024-03-18 10:35:46,271.271,__main___datalogs,INFO,JoyConState.USE_SNS,-9.587500,11.337500,-13.232500,0.096430,0.006256,0.011596,0.024565,0.000000,0.000000,0.000000,0.000000,0,0,0,0,0,0,0,0,0,0,0,0.045257568359375,-0.004302978515625,19.956589,0.024545658,0.0,-19.96214,-0.030094443,-19.981136,-19.986685,-0.0077682976,Object notstarted,Object notstarted,Object notstarted,Object notstarted,Object notstarted,Object notstarted,Object notstarted,Object notstarted,Object notstarted
2024-03-18 10:35:46,363.363,__main___datalogs,INFO,JoyConState.USE_SNS,-9.587500,11.312500,-13.587500,0.097193,0.007019,0.011443,0.022734,0.000000,0.000000,0.000000,0.000000,0,0,0,0,0,0,0,0,0,0,0,0.045257568359375,-0.004302978515625,19.97837,0.012230364,0.0,-19.981136,-0.014995156,-19.9906,-19.993366,-0.003870709,Object notstarted,Object notstarted,Object notstarted,Object notstarted,Object notstarted,Object notstarted,Object notstarted,Object notstarted,Object notstarted
2024-03-18 10:35:46,454.454,__main___datalogs,INFO,JoyConState.USE_SNS,-9.587500,11.250000,-14.242500,0.096888,0.005951,0.005340,0.023955,0.000000,0.000000,0.000000,0.000000,0,0,0,0,0,0,0,0,0,0,0,0.045257568359375,-0.004302978515625,19.989223,0.0060940227,0.0,-19.9906,-0.0074716355,-19.995317,-19.996695,-0.0019286579,Object notstarted,Object notstarted,Object notstarted,Object notstarted,Object notstarted,Object notstarted,Object notstarted,Object notstarted,Object notstarted
2024-03-18 10:35:46,555.555,__main___datalogs,INFO,JoyConState.USE_SNS,-9.587500,11.100000,-15.735000,0.099786,0.000763,0.010528,0.023650,0.000000,0.000000,0.000000,0.000000,0,0,0,0,0,0,0,0,0,0,0,0.045257568359375,-0.004302978515625,19.99463,0.003036468,0.0,-19.995317,-0.003722891,-19.997667,-19.998354,-0.0009609922,Object notstarted,Object notstarted,Object notstarted,Object notstarted,Object notstarted,Object notstarted,Object notstarted,Object notstarted,Object notstarted
2024-03-18 10:35:46,713.713,__main___datalogs,INFO,JoyConState.USE_SNS,-9.587500,10.837500,-18.375000,0.099481,0.004883,0.011596,0.023955,0.000000,0.000000,0.000000,0.000000,0,0,0,0,0,0,0,0,0,0,0,0.045257568359375,-0.004302978515625,19.997326,0.0015129807,0.0,-19.997667,-0.0018550046,-19.998838,-19.99918,-0.00047883348,Object notstarted,Object notstarted,Object notstarted,Object notstarted,Object notstarted,Object notstarted,Object notstarted,Object notstarted,Object notstarted
2024-03-18 10:35:46,888.888,__main___datalogs,INFO,JoyConState.USE_SNS,-9.587500,10.225000,-24.420000,0.097498,0.006561,0.010986,0.023345,0.000000,0.000000,0.000000,0.000000,0,0,0,0,0,0,0,0,0,0,0,0.045257568359375,-0.004302978515625,19.998669,0.00075387274,0.0,-19.998838,-0.00092429295,-19.99942,-19.999592,-0.00023858831,Object notstarted,Object notstarted,Object notstarted,Object notstarted,Object notstarted,Object notstarted,Object notstarted,Object notstarted,Object notstarted
2024-03-18 10:35:46,982.982,__main___datalogs,INFO,JoyConState.USE_SNS,-9.587500,9.700000,-29.875000,0.097040,0.007019,0.004883,0.023039,0.000000,0.000000,0.000000,0.000000,0,0,0,0,0,0,0,0,0,0,0,0.045257568359375,-0.004302978515625,19.999338,0.0003756321,0.0,-19.99942,-0.00046054737,-19.999712,-19.999798,-0.00011888138,Object notstarted,Object notstarted,Object notstarted,Object notstarted,Object notstarted,Object notstarted,Object notstarted,Object notstarted,Object notstarted
2024-03-18 10:35:47,074.074,__main___datalogs,INFO,JoyConState.USE_SNS,-9.587500,9.375000,-33.120000,0.099329,0.006256,0.011596,0.023039,0.000000,0.000000,0.000000,0.000000,0,0,0,0,0,0,0,0,0,0,0,0.045257568359375,-0.004302978515625,19.99967,0.00018716618,0.0,-19.999712,-0.0002294769,-19.999859,-19.9999,-5.9235015e-05,Object notstarted,Object notstarted,Object notstarted,Object notstarted,Object notstarted,Object notstarted,Object notstarted,Object notstarted,Object notstarted
2024-03-18 10:35:47,172.172,__main___datalogs,INFO,JoyConState.USE_SNS,-9.587500,9.150000,-35.455000,0.099634,0.006256,0.005493,0.022734,0.000000,0.000000,0.000000,0.000000,0,0,0,0,0,0,0,0,0,0,0,0.045257568359375,-0.004302978515625,19.999836,9.3259274e-05,0.0,-19.999859,-0.000114341434,-19.999931,-19.99995,-2.9515026e-05,Object notstarted,Object notstarted,Object notstarted,Object notstarted,Object notstarted,Object notstarted,Object notstarted,Object notstarted,Object notstarted
2024-03-18 10:35:47,281.281,__main___datalogs,INFO,JoyConState.USE_SNS,-9.587500,8.987500,-37.105000,0.095667,0.006714,0.005035,0.019683,0.000000,0.000000,0.000000,0.000000,0,0,0,0,0,0,0,0,0,0,0,0.045257568359375,-0.004302978515625,19.99992,4.6468293e-05,0.0,-19.999931,-5.6972898e-05,-19.999966,-19.999977,-1.470645e-05,Object notstarted,Object notstarted,Object notstarted,Object notstarted,Object notstarted,Object notstarted,Object notstarted,Object notstarted,Object notstarted
2024-03-18 10:35:47,424.424,__main___datalogs,INFO,JoyConState.USE_SNS,-9.587500,8.925000,-37.745000,0.096582,0.006714,0.009155,0.023039,0.000000,0.000000,0.000000,0.000000,0,0,0,0,0,0,0,0,0,0,0,0.045257568359375,-0.004302978515625,19.99996,2.3153752e-05,0.0,-19.999966,-2.8387882e-05,-19.999985,-19.999989,-7.327782e-06,Object notstarted,Object notstarted,Object notstarted,Object notstarted,Object notstarted,Object notstarted,Object notstarted,Object notstarted,Object notstarted
2024-03-18 10:35:47,523.523,__main___datalogs,INFO,JoyConState.USE_SNS,-9.587500,8.812500,-39.020000,0.098718,0.006561,0.011596,0.024260,0.000000,0.000000,0.000000,0.000000,0,0,0,0,0,0,0,0,0,0,0,0.045257568359375,-0.004302978515625,19.99998,1.1536818e-05,0.0,-19.999985,-1.4144828e-05,-19.999992,-19.999996,-3.6512133e-06,Object notstarted,Object notstarted,Object notstarted,Object notstarted,Object notstarted,Object notstarted,Object notstarted,Object notstarted,Object notstarted
2024-03-18 10:35:47,640.640,__main___datalogs,INFO,JoyConState.USE_SNS,-9.587500,8.650000,-41.025000,0.097345,0.006866,0.010986,0.023650,0.000000,0.000000,0.000000,0.000000,0,0,0,0,0,0,0,0,0,0,0,0.045257568359375,-0.004302978515625,19.99999,5.7484494e-06,0.0,-19.999992,-7.0479423e-06,-19.999996,-19.999996,-1.8192899e-06,Object notstarted,Object notstarted,Object notstarted,Object notstarted,Object notstarted,Object notstarted,Object notstarted,Object notstarted,Object notstarted
2024-03-18 10:35:47,754.754,__main___datalogs,INFO,JoyConState.USE_SNS,-9.587500,8.337500,-44.715000,0.096125,0.002594,0.011596,0.023955,0.000000,0.000000,0.000000,0.000000,0,0,0,0,0,0,0,0,0,0,0,0.045257568359375,-0.004302978515625,19.999996,2.8642796e-06,0.0,-19.999996,-3.5117778e-06,-19.999996,-19.999996,-9.0649746e-07,Object notstarted,Object notstarted,Object notstarted,Object notstarted,Object notstarted,Object notstarted,Object notstarted,Object notstarted,Object notstarted
2024-03-18 10:35:47,874.874,__main___datalogs,INFO,JoyConState.USE_SNS,-9.587500,7.950000,-49.350000,0.096277,0.005035,0.011443,0.023345,0.000000,0.000000,0.000000,0.000000,0,0,0,0,0,0,0,0,0,0,0,0.045257568359375,-0.004302978515625,19.999996,1.4271843e-06,0.0,-19.999996,-1.7498131e-06,-19.999996,-19.999996,-4.5168042e-07,Object notstarted,Object notstarted,Object notstarted,Object notstarted,Object notstarted,Object notstarted,Object notstarted,Object notstarted,Object notstarted
2024-03-18 10:35:47,981.981,__main___datalogs,INFO,JoyConState.USE_SNS,-9.587500,7.725000,-52.365000,0.096430,0.006256,0.011443,0.023039,0.000000,0.000000,0.000000,0.000000,0,0,0,0,0,0,0,0,0,0,0,0.045257568359375,-0.004302978515625,19.999996,7.11123e-07,0.0,-19.999996,-8.7187925e-07,-19.999996,-19.999996,-2.2505877e-07,Object notstarted,Object notstarted,Object notstarted,Object notstarted,Object notstarted,Object notstarted,Object notstarted,Object notstarted,Object notstarted
2024-03-18 10:35:48,123.123,__main___datalogs,INFO,JoyConState.USE_SNS,-9.587500,7.500000,-56.145000,0.098566,0.005951,0.011443,0.024260,0.000000,0.000000,0.000000,0.000000,0,0,0,0,0,0,0,0,0,0,0,0.045257568359375,-0.004302978515625,19.999996,3.5433118e-07,0.0,-19.999996,-4.3443123e-07,-19.999996,-19.999996,-1.12140015e-07,Object notstarted,Object notstarted,Object notstarted,Object notstarted,Object notstarted,Object notstarted,Object notstarted,Object notstarted,Object notstarted
2024-03-18 10:35:48,230.230,__main___datalogs,INFO,JoyConState.USE_SNS,-9.587500,7.225000,-61.030000,0.096125,0.005646,0.010986,0.023802,0.000000,0.000000,0.000000,0.000000,0,0,0,0,0,0,0,0,0,0,0,0.045257568359375,-0.004302978515625,19.999996,1.7655256e-07,0.0,-19.999996,-2.1646402e-07,-19.999996,-19.999996,-5.5875997e-08,Object notstarted,Object notstarted,Object notstarted,Object notstarted,Object notstarted,Object notstarted,Object notstarted,Object notstarted,Object notstarted
2024-03-18 10:35:48,323.323,__main___datalogs,INFO,JoyConState.USE_SNS,-9.587500,7.012500,-64.825000,0.096582,0.002289,0.010986,0.023345,0.000000,0.000000,0.000000,0.000000,0,0,0,0,0,0,0,0,0,0,0,0.045257568359375,-0.004302978515625,19.999996,8.797083e-08,0.0,-19.999996,-1.0785751e-07,-19.999996,-19.999996,-2.784133e-08,Object notstarted,Object notstarted,Object notstarted,Object notstarted,Object notstarted,Object notstarted,Object notstarted,Object notstarted,Object notstarted
2024-03-18 10:35:48,426.426,__main___datalogs,INFO,JoyConState.USE_SNS,-9.587500,6.850000,-67.820000,0.099024,0.005035,0.010223,0.023955,0.000000,0.000000,0.000000,0.000000,0,0,0,0,0,0,0,0,0,0,0,0.045257568359375,-0.004302978515625,19.999996,4.3833218e-08,0.0,-19.999996,-5.3742156e-08,-19.999996,-19.999996,-1.3872498e-08,Object notstarted,Object notstarted,Object notstarted,Object notstarted,Object notstarted,Object notstarted,Object notstarted,Object notstarted,Object notstarted
2024-03-18 10:35:48,518.518,__main___datalogs,INFO,JoyConState.USE_SNS,-9.587500,6.712500,-70.210000,0.099024,0.005646,0.011596,0.024260,0.000000,0.000000,0.000000,0.000000,0,0,0,0,0,0,0,0,0,0,0,0.045257568359375,-0.004302978515625,19.999996,2.1840773e-08,0.0,-19.999996,-2.6778098e-08,-19.999996,-19.999996,-6.9122486e-09,Object notstarted,Object notstarted,Object notstarted,Object notstarted,Object notstarted,Object notstarted,Object notstarted,Object notstarted,Object notstarted
2024-03-18 10:35:48,601.601,__main___datalogs,INFO,JoyConState.USE_SNS,-9.587500,6.650000,-71.437500,0.096277,0.005340,0.010986,0.023650,0.000000,0.000000,0.000000,0.000000,0,0,0,0,0,0,0,0,0,0,0,0.045257568359375,-0.004302978515625,19.999996,1.0882601e-08,0.0,-19.999996,-1.334272e-08,-19.999996,-19.999996,-3.4441656e-09,Object notstarted,Object notstarted,Object notstarted,Object notstarted,Object notstarted,Object notstarted,Object notstarted,Object notstarted,Object notstarted
2024-03-18 10:35:48,715.715,__main___datalogs,INFO,JoyConState.USE_SNS,-9.587500,6.625000,-71.852500,0.099024,0.006256,0.011596,0.024870,0.000000,0.000000,0.000000,0.000000,0,0,0,0,0,0,0,0,0,0,0,0.045257568359375,-0.004302978515625,19.999996,5.4224722e-09,0.0,-19.999996,-6.6482757e-09,-19.999996,-19.999996,-1.716124e-09,Object notstarted,Object notstarted,Object notstarted,Object notstarted,Object notstarted,Object notstarted,Object notstarted,Object notstarted,Object notstarted
2024-03-18 10:35:48,823.823,__main___datalogs,INFO,JoyConState.USE_SNS,-9.587500,6.612500,-72.692500,0.098871,0.005646,0.011443,0.023955,0.000000,0.000000,0.000000,0.000000,0,0,0,0,0,0,0,0,0,0,0,0.045257568359375,-0.004302978515625,19.999996,2.7018547e-09,0.0,-19.999996,-3.312636e-09,-19.999996,-19.999996,-8.5509294e-10,Object notstarted,Object notstarted,Object notstarted,Object notstarted,Object notstarted,Object notstarted,Object notstarted,Object notstarted,Object notstarted
2024-03-18 10:35:48,942.942,__main___datalogs,INFO,JoyConState.USE_SNS,-9.587500,6.550000,-75.410000,0.098413,0.002899,0.011443,0.023650,0.000000,0.000000,0.000000,0.000000,0,0,0,0,0,0,0,0,0,0,0,0.045257568359375,-0.004302978515625,19.999996,1.346253e-09,0.0,-19.999996,-1.6505869e-09,-19.999996,-19.999996,-4.2606707e-10,Object notstarted,Object notstarted,Object notstarted,Object notstarted,Object notstarted,Object notstarted,Object notstarted,Object notstarted,Object notstarted
2024-03-18 10:35:49,052.052,__main___datalogs,INFO,JoyConState.USE_SNS,-9.587500,6.475000,-78.845000,0.097498,0.005646,0.006561,0.023955,0.000000,0.000000,0.000000,0.000000,0,0,0,0,0,0,0,0,0,0,0,0.045257568359375,-0.004302978515625,19.999996,6.707974e-10,0.0,-19.999996,-8.2243784e-10,-19.999996,-19.999996,-2.122964e-10,Object notstarted,Object notstarted,Object notstarted,Object notstarted,Object notstarted,Object notstarted,Object notstarted,Object notstarted,Object notstarted
2024-03-18 10:35:49,145.145,__main___datalogs,INFO,JoyConState.USE_SNS,-9.587500,6.412500,-82.060000,0.096277,0.006561,0.009307,0.022429,0.000000,0.000000,0.000000,0.000000,0,0,0,0,0,0,0,0,0,0,0,0.045257568359375,-0.004302978515625,19.999996,3.3423816e-10,0.0,-19.999996,-4.0979606e-10,-19.999996,-19.999996,-1.0578092e-10,Object notstarted,Object notstarted,Object notstarted,Object notstarted,Object notstarted,Object notstarted,Object notstarted,Object notstarted,Object notstarted
2024-03-18 10:35:49,228.228,__main___datalogs,INFO,JoyConState.USE_SNS,-9.587500,6.350000,-85.235000,0.098108,0.005340,0.010070,0.023039,0.000000,0.000000,0.000000,0.000000,0,0,0,0,0,0,0,0,0,0,0,0.045257568359375,-0.004302978515625,19.999996,1.6654082e-10,0.0,-19.999996,-2.0418904e-10,-19.999996,-19.999996,-5.2707453e-11,Object notstarted,Object notstarted,Object notstarted,Object notstarted,Object notstarted,Object notstarted,Object notstarted,Object notstarted,Object notstarted
2024-03-18 10:35:49,369.369,__main___datalogs,INFO,JoyConState.USE_SNS,-9.587500,6.312500,-87.270000,0.098718,0.005951,0.011443,0.023650,0.000000,0.000000,0.000000,0.000000,0,0,0,0,0,0,0,0,0,0,0,0.045257568359375,-0.004302978515625,19.999996,8.298228e-11,0.0,-19.999996,-1.01741254e-10,-19.999996,-19.999996,-2.6262539e-11,Object notstarted,Object notstarted,Object notstarted,Object notstarted,Object notstarted,Object notstarted,Object notstarted,Object notstarted,Object notstarted
2024-03-18 10:35:49,493.493,__main___datalogs,INFO,JoyConState.USE_SNS,-9.587500,6.375000,-91.670000,0.098261,0.005951,0.011596,0.023345,0.000000,0.000000,0.000000,0.000000,0,0,0,0,0,0,0,0,0,0,0,0.045257568359375,-0.004302978515625,19.999996,4.1347575e-11,0.0,-19.999996,-5.0694608e-11,-19.999996,-19.999996,-1.3085833e-11,Object notstarted,Object notstarted,Object notstarted,Object notstarted,Object notstarted,Object notstarted,Object notstarted,Object notstarted,Object notstarted
2024-03-18 10:35:49,604.604,__main___datalogs,INFO,JoyConState.USE_SNS,-9.587500,6.487500,-95.990000,0.096582,0.005646,0.011596,0.023650,0.000000,0.000000,0.000000,0.000000,0,0,0,0,0,0,0,0,0,0,0,0.045257568359375,-0.004302978515625,19.999996,2.0602253e-11,0.0,-19.999996,-2.5259598e-11,-19.999996,-19.999996,-6.520277e-12,Object notstarted,Object notstarted,Object notstarted,Object notstarted,Object notstarted,Object notstarted,Object notstarted,Object notstarted,Object notstarted
2024-03-18 10:35:49,695.695,__main___datalogs,INFO,JoyConState.USE_SNS,-9.587500,6.587500,-99.565000,0.098413,0.006561,0.009002,0.022734,0.000000,0.000000,0.000000,0.000000,0,0,0,0,0,0,0,0,0,0,0,0.045257568359375,-0.004302978515625,19.999996,1.0265483e-11,0.0,-19.999996,-1.2586098e-11,-19.999996,-19.999996,-3.2488578e-12,Object notstarted,Object notstarted,Object notstarted,Object notstarted,Object notstarted,Object notstarted,Object notstarted,Object notstarted,Object notstarted
2024-03-18 10:35:49,796.796,__main___datalogs,INFO,JoyConState.USE_SNS,-9.587500,6.637500,-101.442500,0.098718,0.006256,0.006866,0.022734,0.000000,0.000000,0.000000,0.000000,0,0,0,0,0,0,0,0,0,0,0,0.045257568359375,-0.004302978515625,19.999996,5.1149814e-12,0.0,-19.999996,-6.2712743e-12,-19.999996,-19.999996,-1.6188081e-12,Object notstarted,Object notstarted,Object notstarted,Object notstarted,Object notstarted,Object notstarted,Object notstarted,Object notstarted,Object notstarted
2024-03-18 10:35:49,876.876,__main___datalogs,INFO,JoyConState.USE_SNS,-9.587500,6.675000,-102.660000,0.097345,0.005951,0.011443,0.022429,0.000000,0.000000,0.000000,0.000000,0,0,0,0,0,0,0,0,0,0,0,0.045257568359375,-0.004302978515625,19.999996,2.5486414e-12,0.0,-19.999996,-3.1247873e-12,-19.999996,-19.999996,-8.066034e-13,Object notstarted,Object notstarted,Object notstarted,Object notstarted,Object notstarted,Object notstarted,Object notstarted,Object notstarted,Object notstarted
2024-03-18 10:35:49,999.999,__main___datalogs,INFO,JoyConState.USE_SNS,-9.587500,6.675000,-102.940000,0.096125,0.006561,0.011443,0.023955,0.000000,0.000000,0.000000,0.000000,0,0,0,0,0,0,0,0,0,0,0,0.045257568359375,-0.004302978515625,19.999996,1.2699114e-12,0.0,-19.999996,-1.5569876e-12,-19.999996,-19.999996,-4.0190618e-13,Object notstarted,Object notstarted,Object notstarted,Object notstarted,Object notstarted,Object notstarted,Object notstarted,Object notstarted,Object notstarted
2024-03-18 10:35:50,119.119,__main___datalogs,INFO,JoyConState.USE_SNS,-9.587500,6.787500,-104.365000,0.098413,0.005951,0.010528,0.022429,0.000000,0.000000,0.000000,0.000000,0,0,0,0,0,0,0,0,0,0,0,0.045257568359375,-0.004302978515625,19.999996,6.3275866e-13,0.0,-19.999996,-7.758001e-13,-19.999996,-19.999996,-2.0025777e-13,Object notstarted,Object notstarted,Object notstarted,Object notstarted,Object notstarted,Object notstarted,Object notstarted,Object notstarted,Object notstarted
2024-03-18 10:35:50,208.208,__main___datalogs,INFO,JoyConState.USE_SNS,-9.587500,6.962500,-106.685000,0.098718,0.003815,0.010986,0.024260,0.000000,0.000000,0.000000,0.000000,0,0,0,0,0,0,0,0,0,0,0,0.045257568359375,-0.004302978515625,19.999996,3.152846e-13,0.0,-19.999996,-3.8655786e-13,-19.999996,-19.999996,-9.978242e-14,Object notstarted,Object notstarted,Object notstarted,Object notstarted,Object notstarted,Object notstarted,Object notstarted,Object notstarted,Object notstarted
2024-03-18 10:35:50,296.296,__main___datalogs,INFO,JoyConState.USE_SNS,-9.587500,7.175000,-109.450000,0.097040,0.002594,0.009155,0.022734,0.000000,0.000000,0.000000,0.000000,0,0,0,0,0,0,0,0,0,0,0,0.045257568359375,-0.004302978515625,19.999996,1.5709683e-13,0.0,-19.999996,-1.9261016e-13,-19.999996,-19.999996,-4.9718578e-14,Object notstarted,Object notstarted,Object notstarted,Object notstarted,Object notstarted,Object notstarted,Object notstarted,Object notstarted,Object notstarted
2024-03-18 10:35:50,394.394,__main___datalogs,INFO,JoyConState.USE_SNS,-9.587500,7.350000,-111.762500,0.096430,0.006256,0.011138,0.024260,0.000000,0.000000,0.000000,0.000000,0,0,0,0,0,0,0,0,0,0,0,0.045257568359375,-0.004302978515625,19.999996,7.8276625e-14,0.0,-19.999996,-9.597185e-14,-19.999996,-19.999996,-2.4773273e-14,Object notstarted,Object notstarted,Object notstarted,Object notstarted,Object notstarted,Object notstarted,Object notstarted,Object notstarted,Object notstarted
2024-03-18 10:35:50,502.502,__main___datalogs,INFO,JoyConState.USE_SNS,-9.587500,7.525000,-113.615000,0.096735,0.001373,0.010070,0.023650,0.000000,0.000000,0.000000,0.000000,0,0,0,0,0,0,0,0,0,0,0,0.045257568359375,-0.004302978515625,19.999996,3.900289e-14,0.0,-19.999996,-4.7819885e-14,-19.999996,-19.999996,-1.23437756e-14,Object notstarted,Object notstarted,Object notstarted,Object notstarted,Object notstarted,Object notstarted,Object notstarted,Object notstarted,Object notstarted
2024-03-18 10:35:50,642.642,__main___datalogs,INFO,JoyConState.USE_SNS,-9.587500,7.850000,-116.315000,0.099329,0.005340,0.010070,0.024565,0.000000,0.000000,0.000000,0.000000,0,0,0,0,0,0,0,0,0,0,0,0.045257568359375,-0.004302978515625,14.117644,5.882353,0.0,-14.117644,-5.882353,-19.999996,-19.999996,-6.150532e-15,Object notstarted,Object notstarted,Object notstarted,Object notstarted,Object notstarted,Object notstarted,Object notstarted,Object notstarted,Object notstarted
2024-03-18 10:35:50,774.774,__main___datalogs,INFO,JoyConState.USE_SNS,-9.587500,8.187500,-118.942500,0.097193,0.005646,0.011443,0.024260,0.000000,0.000000,0.000000,0.000000,0,0,0,0,0,0,0,0,0,0,0,0.045257568359375,-0.004302978515625,7.034397,12.965601,0.0,-7.034397,-12.965601,-19.999996,-19.999996,-3.0646251e-15,Object notstarted,Object notstarted,Object notstarted,Object notstarted,Object notstarted,Object notstarted,Object notstarted,Object notstarted,Object notstarted
2024-03-18 10:35:50,892.892,__main___datalogs,INFO,JoyConState.USE_SNS,-9.587500,8.287500,-119.687500,0.099329,0.006866,0.010986,0.023039,0.000000,0.000000,0.000000,0.000000,0,0,0,0,0,0,0,0,0,0,0,0.045257568359375,-0.004302978515625,3.5050285,16.494972,0.0,-3.5050285,-16.494972,-19.999996,-19.999996,-1.5270105e-15,Object notstarted,Object notstarted,Object notstarted,Object notstarted,Object notstarted,Object notstarted,Object notstarted,Object notstarted,Object notstarted
2024-03-18 10:35:50,998.998,__main___datalogs,INFO,JoyConState.USE_SNS,-9.587500,8.462500,-120.765000,0.097345,0.006561,0.009612,0.023955,0.000000,0.000000,0.000000,0.000000,0,0,0,0,0,0,0,0,0,0,0,0.045257568359375,-0.004302978515625,1.7464502,18.253551,0.0,-1.7464502,-18.253551,-19.999996,-19.999996,-7.608634e-16,Object notstarted,Object notstarted,Object notstarted,Object notstarted,Object notstarted,Object notstarted,Object notstarted,Object notstarted,Object notstarted
2024-03-18 10:35:51,104.104,__main___datalogs,INFO,JoyConState.USE_SNS,-9.587500,8.812500,-122.820000,0.099329,0.005340,0.010681,0.023345,0.000000,0.000000,0.000000,0.000000,0,0,0,0,0,0,0,0,0,0,0,0.045257568359375,-0.004302978515625,0.8702036,19.129797,0.0,-0.8702036,-19.129797,-19.999996,-19.999996,-3.7911532e-16,Object notstarted,Object notstarted,Object notstarted,Object notstarted,Object notstarted,Object notstarted,Object notstarted,Object notstarted,Object notstarted
2024-03-18 10:35:51,211.211,__main___datalogs,INFO,JoyConState.USE_SNS,-9.587500,9.087500,-124.355000,0.090632,0.006714,0.005035,0.024565,0.000000,0.000000,0.000000,0.000000,0,0,0,0,0,0,0,0,0,0,0,0.045257568359375,-0.004302978515625,0.43359628,19.566402,0.0,-0.43359628,-19.566402,-19.999996,-19.999996,-1.8890177e-16,Object notstarted,Object notstarted,Object notstarted,Object notstarted,Object notstarted,Object notstarted,Object notstarted,Object notstarted,Object notstarted
2024-03-18 10:35:51,319.319,__main___datalogs,INFO,JoyConState.USE_SNS,-9.587500,9.312500,-125.897500,0.093226,0.006866,0.011138,0.025176,0.000000,0.000000,0.000000,0.000000,0,0,0,0,0,0,0,0,0,0,0,0.045257568359375,-0.004302978515625,0.21604799,19.78395,0.0,-0.21604799,-19.78395,-19.999996,-19.999996,-9.412407e-17,Object notstarted,Object notstarted,Object notstarted,Object notstarted,Object notstarted,Object notstarted,Object notstarted,Object notstarted,Object notstarted
2024-03-18 10:35:51,444.444,__main___datalogs,INFO,JoyConState.USE_SNS,-9.587500,9.375000,-126.400000,0.096430,0.006256,0.011138,0.024870,0.000000,0.000000,0.000000,0.000000,0,0,0,0,0,0,0,0,0,0,0,0.045257568359375,-0.004302978515625,0.107650205,19.89235,0.0,-0.107650205,-19.89235,-19.999996,-19.999996,-4.6899195e-17,Object notstarted,Object notstarted,Object notstarted,Object notstarted,Object notstarted,Object notstarted,Object notstarted,Object notstarted,Object notstarted
2024-03-18 10:35:51,575.575,__main___datalogs,INFO,JoyConState.USE_SNS,-9.587500,9.487500,-127.615000,0.097040,0.006256,0.011749,0.023955,0.000000,0.000000,0.000000,0.000000,0,0,0,0,0,0,0,0,0,0,0,0.045257568359375,-0.004302978515625,0.05363886,19.946362,0.0,-0.05363886,-19.946362,-19.999996,-19.999996,-2.336846e-17,Object notstarted,Object notstarted,Object notstarted,Object notstarted,Object notstarted,Object notstarted,Object notstarted,Object notstarted,Object notstarted
2024-03-18 10:35:51,695.695,__main___datalogs,INFO,JoyConState.USE_SNS,-9.587500,9.687500,-129.700000,0.092768,0.005035,0.010528,0.023039,0.000000,0.000000,0.000000,0.000000,0,0,0,0,0,0,0,0,0,0,0,0.045257568359375,-0.004302978515625,0.02672663,19.973274,0.0,-0.02672663,-19.973274,-19.999996,-19.999996,-1.1643801e-17,Object notstarted,Object notstarted,Object notstarted,Object notstarted,Object notstarted,Object notstarted,Object notstarted,Object notstarted,Object notstarted
2024-03-18 10:35:51,817.817,__main___datalogs,INFO,JoyConState.USE_SNS,-9.587500,9.737500,-130.322500,0.091852,0.006256,0.011443,0.023955,0.000000,0.000000,0.000000,0.000000,0,0,0,0,0,0,0,0,0,0,0,0.045257568359375,-0.004302978515625,0.0133170765,19.986685,0.0,-0.0133170765,-19.986685,-19.999996,-19.999996,-5.8017563e-18,Object notstarted,Object notstarted,Object notstarted,Object notstarted,Object notstarted,Object notstarted,Object notstarted,Object notstarted,Object notstarted
2024-03-18 10:35:51,917.917,__main___datalogs,INFO,JoyConState.USE_SNS,-9.587500,9.837500,-131.545000,0.095209,0.002289,0.010223,0.022734,0.000000,0.000000,0.000000,0.000000,0,0,0,0,0,0,0,0,0,0,0,0.045257568359375,-0.004302978515625,0.0066354987,19.993366,0.0,-0.0066354987,-19.993366,-19.999996,-19.999996,-2.8908407e-18,Object notstarted,Object notstarted,Object notstarted,Object notstarted,Object notstarted,Object notstarted,Object notstarted,Object notstarted,Object notstarted
2024-03-18 10:35:52,021.021,__main___datalogs,INFO,JoyConState.USE_SNS,-9.587500,9.987500,-133.640000,0.092463,0.001678,0.011443,0.023650,0.000000,0.000000,0.000000,0.000000,0,0,0,0,0,0,0,0,0,0,0,0.045257568359375,-0.004302978515625,0.0033062694,19.996695,0.0,-0.0033062694,-19.996695,-19.999996,-19.999996,-1.440419e-18,Object notstarted,Object notstarted,Object notstarted,Object notstarted,Object notstarted,Object notstarted,Object notstarted,Object notstarted,Object notstarted
2024-03-18 10:35:52,177.177,__main___datalogs,INFO,JoyConState.USE_SNS,-9.587500,10.137500,-136.345000,0.095972,0.006561,0.011291,0.023955,0.000000,0.000000,0.000000,0.000000,0,0,0,0,0,0,0,0,0,0,0,0.045257568359375,-0.004302978515625,0.0016474146,19.998354,0.0,-0.0016474146,-19.998354,-19.999996,-19.999996,-7.177175e-19,Object notstarted,Object notstarted,Object notstarted,Object notstarted,Object notstarted,Object notstarted,Object notstarted,Object notstarted,Object notstarted
2024-03-18 10:35:52,291.291,__main___datalogs,INFO,JoyConState.USE_SNS,-9.587500,10.262500,-138.565000,0.096888,0.001221,0.011443,0.024565,0.000000,0.000000,0.000000,0.000000,0,0,0,0,0,0,0,0,0,0,0,0.045257568359375,-0.004302978515625,0.0008208571,19.99918,0.0,-0.0008208571,-19.99918,-19.999996,-19.999996,-3.5761704e-19,Object notstarted,Object notstarted,Object notstarted,Object notstarted,Object notstarted,Object notstarted,Object notstarted,Object notstarted,Object notstarted
2024-03-18 10:35:52,431.431,__main___datalogs,INFO,JoyConState.USE_SNS,-9.587500,10.287500,-138.975000,0.096277,0.005035,0.010986,0.025176,0.000000,0.000000,0.000000,0.000000,0,0,0,0,0,0,0,0,0,0,0,0.045257568359375,-0.004302978515625,0.0004090084,19.999592,0.0,-0.0004090084,-19.999592,-19.999996,-19.999996,-1.7818981e-19,Object notstarted,Object notstarted,Object notstarted,Object notstarted,Object notstarted,Object notstarted,Object notstarted,Object notstarted,Object notstarted
2024-03-18 10:35:52,548.548,__main___datalogs,INFO,JoyConState.USE_SNS,-9.587500,10.400000,-140.997500,0.095514,0.006256,0.011443,0.025176,0.000000,0.000000,0.000000,0.000000,0,0,0,0,0,0,0,0,0,0,0,0.045257568359375,-0.004302978515625,0.00020379659,19.999798,0.0,-0.00020379659,-19.999798,-19.999996,-19.999996,-8.878662e-20,Object notstarted,Object notstarted,Object notstarted,Object notstarted,Object notstarted,Object notstarted,Object notstarted,Object notstarted,Object notstarted
2024-03-18 10:35:52,659.659,__main___datalogs,INFO,JoyConState.USE_SNS,-9.587500,10.537500,-143.507500,0.092768,0.005951,0.010986,0.024565,0.000000,0.000000,0.000000,0.000000,0,0,0,0,0,0,0,0,0,0,0,0.045257568359375,-0.004302978515625,0.00010154571,19.9999,0.0,-0.00010154571,-19.9999,-19.999996,-19.999996,-4.4239703e-20,Object notstarted,Object notstarted,Object notstarted,Object notstarted,Object notstarted,Object notstarted,Object notstarted,Object notstarted,Object notstarted
2024-03-18 10:35:52,783.783,__main___datalogs,INFO,JoyConState.USE_SNS,-9.587500,10.662500,-146.005000,0.092158,0.004578,0.010986,0.023955,0.000000,0.000000,0.000000,0.000000,0,0,0,0,0,0,0,0,0,0,0,0.045257568359375,-0.004302978515625,5.0597177e-05,19.99995,0.0,-5.0597177e-05,-19.99995,-19.999996,-19.999996,-2.2043313e-20,Object notstarted,Object notstarted,Object notstarted,Object notstarted,Object notstarted,Object notstarted,Object notstarted,Object notstarted,Object notstarted
2024-03-18 10:35:52,880.880,__main___datalogs,INFO,JoyConState.USE_SNS,-9.587500,10.737500,-147.492500,0.095972,0.001678,0.010528,0.025176,0.000000,0.000000,0.000000,0.000000,0,0,0,0,0,0,0,0,0,0,0,0.045257568359375,-0.004302978515625,2.521105e-05,19.999977,0.0,-2.521105e-05,-19.999977,-19.999996,-19.999996,-1.098352e-20,Object notstarted,Object notstarted,Object notstarted,Object notstarted,Object notstarted,Object notstarted,Object notstarted,Object notstarted,Object notstarted
2024-03-18 10:35:52,972.972,__main___datalogs,INFO,JoyConState.USE_SNS,-9.587500,10.750000,-147.810000,0.096430,0.001373,0.011596,0.020903,0.000000,0.000000,0.000000,0.000000,0,0,0,0,0,0,0,0,0,0,0,0.045257568359375,-0.004302978515625,1.2561908e-05,19.999989,0.0,-1.2561908e-05,-19.999989,-19.999996,-19.999996,-5.4727578e-21,Object notstarted,Object notstarted,Object notstarted,Object notstarted,Object notstarted,Object notstarted,Object notstarted,Object notstarted,Object notstarted
2024-03-18 10:35:53,058.058,__main___datalogs,INFO,JoyConState.USE_SNS,-9.587500,10.800000,-148.815000,0.094446,0.005951,0.011443,0.020598,0.000000,0.000000,0.000000,0.000000,0,0,0,0,0,0,0,0,0,0,0,0.045257568359375,-0.004302978515625,6.259221e-06,19.999996,0.0,-6.259221e-06,-19.999996,-19.999996,-19.999996,-2.7269105e-21,Object notstarted,Object notstarted,Object notstarted,Object notstarted,Object notstarted,Object notstarted,Object notstarted,Object notstarted,Object notstarted
2024-03-18 10:35:53,145.145,__main___datalogs,INFO,JoyConState.USE_SNS,-9.587500,10.875000,-150.492500,0.092158,0.005646,0.011443,0.023345,0.000000,0.000000,0.000000,0.000000,0,0,0,0,0,0,0,0,0,0,0,0.045257568359375,-0.004302978515625,3.1187817e-06,19.999996,0.0,-3.1187817e-06,-19.999996,-19.999996,-19.999996,-1.3587376e-21,Object notstarted,Object notstarted,Object notstarted,Object notstarted,Object notstarted,Object notstarted,Object notstarted,Object notstarted,Object notstarted
2024-03-18 10:35:53,271.271,__main___datalogs,INFO,JoyConState.USE_SNS,-9.587500,10.962500,-152.342500,0.092768,0.006256,0.010986,0.024565,0.000000,0.000000,0.000000,0.000000,0,0,0,0,0,0,0,0,0,0,0,0.045257568359375,-0.004302978515625,1.5539952e-06,19.999996,0.0,-1.5539952e-06,-19.999996,-19.999996,-19.999996,-6.7701805e-22,Object notstarted,Object notstarted,Object notstarted,Object notstarted,Object notstarted,Object notstarted,Object notstarted,Object notstarted,Object notstarted
2024-03-18 10:35:53,442.442,__main___datalogs,INFO,JoyConState.USE_SNS,-9.587500,11.075000,-154.970000,0.096582,0.006256,0.010986,0.024870,0.000000,0.000000,0.000000,0.000000,0,0,0,0,0,0,0,0,0,0,0,0.045257568359375,-0.004302978515625,7.7430906e-07,19.999996,0.0,-7.7430906e-07,-19.999996,-19.999996,-19.999996,-3.3733775e-22,Object notstarted,Object notstarted,Object notstarted,Object notstarted,Object notstarted,Object notstarted,Object notstarted,Object notstarted,Object notstarted
2024-03-18 10:35:53,581.581,__main___datalogs,INFO,JoyConState.USE_SNS,-9.587500,11.125000,-155.860000,0.094446,0.006256,0.011291,0.025023,0.000000,0.000000,0.000000,0.000000,0,0,0,0,0,0,0,0,0,0,0,0.045257568359375,-0.004302978515625,3.8581493e-07,19.999996,0.0,-3.8581493e-07,-19.999996,-19.999996,-19.999996,-1.6808526e-22,Object notstarted,Object notstarted,Object notstarted,Object notstarted,Object notstarted,Object notstarted,Object notstarted,Object notstarted,Object notstarted
2024-03-18 10:35:53,699.699,__main___datalogs,INFO,JoyConState.USE_SNS,-9.587500,11.187500,-157.642500,0.096582,0.005951,0.011596,0.024718,0.000000,0.000000,0.000000,0.000000,0,0,0,0,0,0,0,0,0,0,0,0.045257568359375,-0.004302978515625,1.9223997e-07,19.999996,0.0,-1.9223997e-07,-19.999996,-19.999996,-19.999996,-8.375182e-23,Object notstarted,Object notstarted,Object notstarted,Object notstarted,Object notstarted,Object notstarted,Object notstarted,Object notstarted,Object notstarted
2024-03-18 10:35:53,792.792,__main___datalogs,INFO,JoyConState.USE_SNS,-9.587500,11.275000,-159.517500,0.092768,0.004730,0.011596,0.024565,0.000000,0.000000,0.000000,0.000000,0,0,0,0,0,0,0,0,0,0,0,0.045257568359375,-0.004302978515625,9.578739e-08,19.999996,0.0,-9.578739e-08,-19.999996,-19.999996,-19.999996,-4.1731013e-23,Object notstarted,Object notstarted,Object notstarted,Object notstarted,Object notstarted,Object notstarted,Object notstarted,Object notstarted,Object notstarted
2024-03-18 10:35:53,915.915,__main___datalogs,INFO,JoyConState.USE_SNS,-9.587500,11.287500,-159.970000,0.095209,0.006561,0.005035,0.025328,0.000000,0.000000,0.000000,0.000000,0,0,0,0,0,0,0,0,0,0,0,0.045257568359375,-0.004302978515625,4.7727973e-08,19.999996,0.0,-4.7727973e-08,-19.999996,-19.999996,-19.999996,-2.0793308e-23,Object notstarted,Object notstarted,Object notstarted,Object notstarted,Object notstarted,Object notstarted,Object notstarted,Object notstarted,Object notstarted
2024-03-18 10:35:54,008.008,__main___datalogs,INFO,JoyConState.USE_SNS,-9.587500,11.337500,-160.955000,0.094904,0.006561,0.011749,0.020598,0.000000,0.000000,0.000000,0.000000,0,0,0,0,0,0,0,0,0,0,0,0.045257568359375,-0.004302978515625,2.3781412e-08,19.999996,0.0,-2.3781412e-08,-19.999996,-19.999996,-19.999996,-1.036068e-23,Object notstarted,Object notstarted,Object notstarted,Object notstarted,Object notstarted,Object notstarted,Object notstarted,Object notstarted,Object notstarted
2024-03-18 10:35:54,134.134,__main___datalogs,INFO,JoyConState.USE_SNS,-9.587500,11.412500,-162.687500,0.096430,0.006866,0.011443,0.024870,0.000000,0.000000,0.000000,0.000000,0,0,0,0,0,0,0,0,0,0,0,0.045257568359375,-0.004302978515625,1.1849562e-08,19.999996,0.0,-1.1849562e-08,-19.999996,-19.999996,-19.999996,-5.1624154e-24,Object notstarted,Object notstarted,Object notstarted,Object notstarted,Object notstarted,Object notstarted,Object notstarted,Object notstarted,Object notstarted
2024-03-18 10:35:54,289.289,__main___datalogs,INFO,JoyConState.USE_SNS,-9.587500,11.512500,-165.085000,0.094294,0.005646,0.011596,0.024870,0.000000,0.000000,0.000000,0.000000,0,0,0,0,0,0,0,0,0,0,0,0.045257568359375,-0.004302978515625,5.9042806e-09,19.999996,0.0,-5.9042806e-09,-19.999996,-19.999996,-19.999996,-2.5722764e-24,Object notstarted,Object notstarted,Object notstarted,Object notstarted,Object notstarted,Object notstarted,Object notstarted,Object notstarted,Object notstarted
2024-03-18 10:35:54,412.412,__main___datalogs,INFO,JoyConState.USE_SNS,-9.587500,11.550000,-166.070000,0.095667,0.006256,0.011138,0.024565,0.000000,0.000000,0.000000,0.000000,0,0,0,0,0,0,0,0,0,0,0,0.045257568359375,-0.004302978515625,2.9419254e-09,19.999996,0.0,-2.9419254e-09,-19.999996,-19.999996,-19.999996,-1.28168795e-24,Object notstarted,Object notstarted,Object notstarted,Object notstarted,Object notstarted,Object notstarted,Object notstarted,Object notstarted,Object notstarted
2024-03-18 10:35:54,540.540,__main___datalogs,INFO,JoyConState.USE_SNS,-9.587500,11.612500,-167.355000,0.091852,0.005951,0.006866,0.025176,0.000000,0.000000,0.000000,0.000000,0,0,0,0,0,0,0,0,0,0,0,0.045257568359375,-0.004302978515625,1.465873e-09,19.999996,0.0,-1.465873e-09,-19.999996,-19.999996,-19.999996,-6.3862654e-25,Object notstarted,Object notstarted,Object notstarted,Object notstarted,Object notstarted,Object notstarted,Object notstarted,Object notstarted,Object notstarted
2024-03-18 10:35:54,662.662,__main___datalogs,INFO,JoyConState.USE_SNS,-9.587500,11.637500,-168.070000,0.096277,0.005951,0.006408,0.021514,0.000000,0.000000,0.000000,0.000000,0,0,0,0,0,0,0,0,0,0,0,0.045257568359375,-0.004302978515625,7.304004e-10,19.999996,0.0,-7.304004e-10,-19.999996,-19.999996,-19.999996,-3.182084e-25,Object notstarted,Object notstarted,Object notstarted,Object notstarted,Object notstarted,Object notstarted,Object notstarted,Object notstarted,Object notstarted
2024-03-18 10:35:54,804.804,__main___datalogs,INFO,JoyConState.USE_SNS,-9.587500,11.687500,-169.210000,0.096888,0.005951,0.010986,0.024565,0.000000,0.000000,0.000000,0.000000,0,0,0,0,0,0,0,0,0,0,0,0.045257568359375,-0.004302978515625,3.6393655e-10,19.999996,0.0,-3.6393655e-10,-19.999996,-19.999996,-19.999996,-1.5855367e-25,Object notstarted,Object notstarted,Object notstarted,Object notstarted,Object notstarted,Object notstarted,Object notstarted,Object notstarted,Object notstarted
2024-03-18 10:35:54,942.942,__main___datalogs,INFO,JoyConState.USE_SNS,-9.587500,11.762500,-171.207500,0.094294,0.005646,0.005645,0.023345,0.000000,0.000000,0.000000,0.000000,0,0,0,0,0,0,0,0,0,0,0,0.045257568359375,-0.004302978515625,1.8133864e-10,19.999996,0.0,-1.8133864e-10,-19.999996,-19.999996,-19.999996,-7.900253e-26,Object notstarted,Object notstarted,Object notstarted,Object notstarted,Object notstarted,Object notstarted,Object notstarted,Object notstarted,Object notstarted
2024-03-18 10:35:55,065.065,__main___datalogs,INFO,JoyConState.USE_SNS,-9.587500,11.800000,-171.850000,0.094294,0.003815,0.010070,0.025328,0.000000,0.000000,0.000000,0.000000,0,0,0,0,0,0,0,0,0,0,0,0.045257568359375,-0.004302978515625,9.035559e-11,19.999996,0.0,-9.035559e-11,-19.999996,-19.999996,-19.999996,-3.9364584e-26,Object notstarted,Object notstarted,Object notstarted,Object notstarted,Object notstarted,Object notstarted,Object notstarted,Object notstarted,Object notstarted
2024-03-18 10:35:55,189.189,__main___datalogs,INFO,JoyConState.USE_SNS,-9.587500,11.825000,-172.435000,0.097040,0.005493,0.011596,0.021819,0.000000,0.000000,0.000000,0.000000,0,0,0,0,0,0,0,0,0,0,0,0.045257568359375,-0.004302978515625,4.5021473e-11,19.999996,0.0,-4.5021473e-11,-19.999996,-19.999996,-19.999996,-1.9614188e-26,Object notstarted,Object notstarted,Object notstarted,Object notstarted,Object notstarted,Object notstarted,Object notstarted,Object notstarted,Object notstarted
2024-03-18 10:35:55,327.327,__main___datalogs,INFO,JoyConState.USE_SNS,-9.587500,11.850000,-173.075000,0.094904,0.005951,0.008239,0.024260,0.000000,0.000000,0.000000,0.000000,0,0,0,0,0,0,0,0,0,0,0,0.045257568359375,-0.004302978515625,2.2432846e-11,19.999996,0.0,-2.2432846e-11,-19.999996,-19.999996,-19.999996,-9.77316e-27,Object notstarted,Object notstarted,Object notstarted,Object notstarted,Object notstarted,Object notstarted,Object notstarted,Object notstarted,Object notstarted
2024-03-18 10:35:55,454.454,__main___datalogs,INFO,JoyConState.USE_SNS,-9.587500,11.887500,-174.157500,0.093378,0.005951,0.011138,0.024565,0.000000,0.000000,0.000000,0.000000,0,0,0,0,0,0,0,0,0,0,0,0.045257568359375,-0.004302978515625,1.1177612e-11,19.999996,0.0,-1.1177612e-11,-19.999996,-19.999996,-19.999996,-4.8696715e-27,Object notstarted,Object notstarted,Object notstarted,Object notstarted,Object notstarted,Object notstarted,Object notstarted,Object notstarted,Object notstarted
2024-03-18 10:35:55,562.562,__main___datalogs,INFO,JoyConState.USE_SNS,-9.587500,11.912500,-174.675000,0.096430,0.006866,0.010986,0.024260,0.000000,0.000000,0.000000,0.000000,0,0,0,0,0,0,0,0,0,0,0,0.045257568359375,-0.004302978515625,5.5694676e-12,19.999996,0.0,-5.5694676e-12,-19.999996,-19.999996,-19.999996,-2.4264108e-27,Object notstarted,Object notstarted,Object notstarted,Object notstarted,Object notstarted,Object notstarted,Object notstarted,Object notstarted,Object notstarted
2024-03-18 10:35:55,685.685,__main___datalogs,INFO,JoyConState.USE_SNS,-9.587500,11.925000,-175.125000,0.092768,0.006866,0.007782,0.023345,0.000000,0.000000,0.000000,0.000000,0,0,0,0,0,0,0,0,0,0,0,0.045257568359375,-0.004302978515625,2.7750983e-12,19.999996,0.0,-2.7750983e-12,-19.999996,-19.999996,-19.999996,-1.2090074e-27,Object notstarted,Object notstarted,Object notstarted,Object notstarted,Object notstarted,Object notstarted,Object notstarted,Object notstarted,Object notstarted
2024-03-18 10:35:55,858.858,__main___datalogs,INFO,JoyConState.USE_SNS,-9.587500,11.950000,-175.675000,0.093989,0.006714,0.011596,0.024260,0.000000,0.000000,0.000000,0.000000,0,0,0,0,0,0,0,0,0,0,0,0.045257568359375,-0.004302978515625,1.382748e-12,19.999996,0.0,-1.382748e-12,-19.999996,-19.999996,-19.999996,-6.02412e-28,Object notstarted,Object notstarted,Object notstarted,Object notstarted,Object notstarted,Object notstarted,Object notstarted,Object notstarted,Object notstarted
2024-03-18 10:35:56,018.018,__main___datalogs,INFO,JoyConState.USE_SNS,-9.587500,11.987500,-176.512500,0.096735,0.002289,0.010528,0.024870,0.000023,0.000000,0.000000,0.000000,0,0,0,0,0,0,0,0,0,0,0,0.045257568359375,-0.004302978515625,6.8898175e-13,14.117644,17.647058,-6.8898175e-13,-19.999996,-19.999996,-19.999996,-3.0016381e-28,Object notstarted,Object notstarted,Object notstarted,Object notstarted,Object notstarted,Object notstarted,Object notstarted,Object notstarted,Object notstarted
2024-03-18 10:35:56,160.160,__main___datalogs,INFO,JoyConState.USE_SNS,-9.587500,12.025000,-177.155000,0.094599,0.006561,0.011443,0.025328,0.000229,0.000000,0.000000,0.000000,0,0,0,0,0,0,0,0,0,0,0,0.045257568359375,-0.004302978515625,3.4329888e-13,7.034397,38.896805,-9.546102,-19.999996,-19.999996,-19.999996,-1.4956259e-28,Object notstarted,Object notstarted,Object notstarted,Object notstarted,Object notstarted,Object notstarted,Object notstarted,Object notstarted,Object notstarted
2024-03-18 10:35:56,285.285,__main___datalogs,INFO,JoyConState.USE_SNS,-9.587500,12.037500,-177.667500,0.094599,0.006256,0.006408,0.025023,0.000787,0.000000,0.000000,0.000000,0,0,0,0,0,0,0,0,0,0,0,0.045257568359375,-0.004302978515625,1.710555e-13,3.5050285,49.484917,-14.791137,-19.999996,-19.999996,-19.999996,-7.452254e-29,Object notstarted,Object notstarted,Object notstarted,Object notstarted,Object notstarted,Object notstarted,Object notstarted,Object notstarted,Object notstarted
2024-03-18 10:35:56,408.408,__main___datalogs,INFO,JoyConState.USE_SNS,-9.587500,12.062500,-178.115000,0.096735,0.006561,0.004577,0.025023,0.001838,0.000000,0.000000,0.000000,0,0,0,0,0,0,0,0,0,0,0,0.045257568359375,-0.004302978515625,8.523181e-14,1.7464502,54.76065,-17.40458,-19.999996,-19.999996,-19.999996,-3.713234e-29,Object notstarted,Object notstarted,Object notstarted,Object notstarted,Object notstarted,Object notstarted,Object notstarted,Object notstarted,Object notstarted
2024-03-18 10:35:56,530.530,__main___datalogs,INFO,JoyConState.USE_SNS,-9.587500,12.075000,-178.515000,0.096735,0.000763,0.010986,0.024870,0.003498,0.000000,0.000000,0.000000,0,0,0,0,0,0,0,0,0,0,0,0.045257568359375,-0.004302978515625,4.2468446e-14,0.8702036,57.38939,-18.70678,-19.999996,-19.999996,-19.999996,-1.8501927e-29,Object notstarted,Object notstarted,Object notstarted,Object notstarted,Object notstarted,Object notstarted,Object notstarted,Object notstarted,Object notstarted
2024-03-18 10:35:56,658.658,__main___datalogs,INFO,JoyConState.USE_SNS,-9.587500,12.087500,-178.937500,0.093073,0.005951,0.011443,0.024870,0.005863,0.000000,0.000000,0.000000,0,0,0,0,0,0,0,0,0,0,0,0.045257568359375,-0.004302978515625,2.116075e-14,0.43359628,58.69921,-19.355629,-19.999996,-19.999996,-19.999996,-9.2189534e-30,Object notstarted,Object notstarted,Object notstarted,Object notstarted,Object notstarted,Object notstarted,Object notstarted,Object notstarted,Object notstarted
2024-03-18 10:35:56,766.766,__main___datalogs,INFO,JoyConState.USE_SNS,-9.587500,12.112500,-179.287500,0.093683,0.001984,0.009765,0.025176,0.009008,0.000000,0.000000,0.000000,0,0,0,0,0,0,0,0,0,0,0,0.045257568359375,-0.004302978515625,1.0543765e-14,0.21604799,59.351852,-19.67893,-19.999996,-19.999996,-19.999996,-4.5935272e-30,Object notstarted,Object notstarted,Object notstarted,Object notstarted,Object notstarted,Object notstarted,Object notstarted,Object notstarted,Object notstarted
2024-03-18 10:35:56,906.906,__main___datalogs,INFO,JoyConState.USE_SNS,-9.587500,12.125000,-179.627500,0.093378,0.005951,0.011596,0.024870,0.012994,0.000000,0.000000,0.000000,0,0,0,0,0,0,0,0,0,0,0,0.045257568359375,-0.004302978515625,5.2536414e-15,0.107650205,59.677048,-19.840021,-19.999996,-19.999996,-19.999996,-2.2888165e-30,Object notstarted,Object notstarted,Object notstarted,Object notstarted,Object notstarted,Object notstarted,Object notstarted,Object notstarted,Object notstarted
2024-03-18 10:35:57,028.028,__main___datalogs,INFO,JoyConState.USE_SNS,-9.587500,12.137500,-179.947500,0.093989,0.006103,0.010986,0.025176,0.017867,0.000000,0.000000,0.000000,0,0,0,0,0,0,0,0,0,0,0,0.045257568359375,-0.004302978515625,2.6177316e-15,0.05363886,59.83908,-19.920288,-19.999996,-19.999996,-19.999996,-1.14044835e-30,Object notstarted,Object notstarted,Object notstarted,Object notstarted,Object notstarted,Object notstarted,Object notstarted,Object notstarted,Object notstarted
2024-03-18 10:35:57,167.167,__main___datalogs,INFO,JoyConState.USE_SNS,-9.587500,12.150000,-180.230000,0.093073,0.006561,0.011443,0.024413,0.023660,0.000000,0.000000,0.000000,0,0,0,0,0,0,0,0,0,0,0,0.045257568359375,-0.004302978515625,1.3043369e-15,0.02672663,59.919823,-19.960281,-19.999996,-19.999996,-19.999996,-5.682511e-31,Object notstarted,Object notstarted,Object notstarted,Object notstarted,Object notstarted,Object notstarted,Object notstarted,Object notstarted,Object notstarted
2024-03-18 10:35:57,290.290,__main___datalogs,INFO,JoyConState.USE_SNS,-9.587500,12.175000,-180.550000,0.096277,0.004730,0.011138,0.020293,0.030396,0.000000,0.000000,0.000000,0,0,0,0,0,0,0,0,0,0,0,0.045257568359375,-0.004302978515625,6.499118e-16,0.0133170765,59.960052,-19.98021,-19.999996,-19.999996,-19.999996,-2.831424e-31,Object notstarted,Object notstarted,Object notstarted,Object notstarted,Object notstarted,Object notstarted,Object notstarted,Object notstarted,Object notstarted
2024-03-18 10:35:57,413.413,__main___datalogs,INFO,JoyConState.USE_SNS,-9.587500,12.175000,-180.810000,0.095514,0.001373,0.011443,0.022429,0.038089,0.000000,0.000000,0.000000,0,0,0,0,0,0,0,0,0,0,0,0.045257568359375,-0.004302978515625,3.2383152e-16,0.0066354987,59.980095,-19.990139,-19.999996,-19.999996,-19.999996,-1.4108135e-31,Object notstarted,Object notstarted,Object notstarted,Object notstarted,Object notstarted,Object notstarted,Object notstarted,Object notstarted,Object notstarted
2024-03-18 10:35:57,522.522,__main___datalogs,INFO,JoyConState.USE_SNS,-9.587500,12.187500,-181.065000,0.094599,0.006256,0.010986,0.024260,0.046744,0.000000,0.000000,0.000000,0,0,0,0,0,0,0,0,0,0,0,0.045257568359375,-0.004302978515625,1.613555e-16,0.0033062694,59.99008,-19.995087,-19.999996,-19.999996,-19.999996,-7.029659e-32,Object notstarted,Object notstarted,Object notstarted,Object notstarted,Object notstarted,Object notstarted,Object notstarted,Object notstarted,Object notstarted
2024-03-18 10:35:57,641.641,__main___datalogs,INFO,JoyConState.USE_SNS,-9.587500,12.200000,-181.287500,0.094294,0.006561,0.011138,0.020293,0.056361,0.000000,0.000000,0.000000,0,0,0,0,0,0,0,0,0,0,0,0.045257568359375,-0.004302978515625,8.0398594e-17,0.0016474146,59.995056,-19.997553,-19.999996,-19.999996,-19.999996,-3.5026678e-32,Object notstarted,Object notstarted,Object notstarted,Object notstarted,Object notstarted,Object notstarted,Object notstarted,Object notstarted,Object notstarted
2024-03-18 10:35:57,749.749,__main___datalogs,INFO,JoyConState.USE_SNS,-9.587500,12.212500,-181.487500,0.094294,0.005951,0.010986,0.023955,0.066932,0.000000,0.000000,0.000000,0,0,0,0,0,0,0,0,0,0,0,0.045257568359375,-0.004302978515625,4.00602e-17,0.0008208571,59.997543,-19.99878,-19.999996,-19.999996,-19.999996,-1.745274e-32,Object notstarted,Object notstarted,Object notstarted,Object notstarted,Object notstarted,Object notstarted,Object notstarted,Object notstarted,Object notstarted
2024-03-18 10:35:57,889.889,__main___datalogs,INFO,JoyConState.USE_SNS,-9.587500,12.225000,-181.687500,0.095057,0.006561,0.011443,0.024565,0.078446,0.000000,0.000000,0.000000,0,0,0,0,0,0,0,0,0,0,0,0.045257568359375,-0.004302978515625,1.9960795e-17,0.0004090084,59.99878,-19.999392,-19.999996,-19.999996,-19.999996,-8.696175e-33,Object notstarted,Object notstarted,Object notstarted,Object notstarted,Object notstarted,Object notstarted,Object notstarted,Object notstarted,Object notstarted
2024-03-18 10:35:57,996.996,__main___datalogs,INFO,JoyConState.USE_SNS,-9.587500,12.225000,-181.902500,0.097193,0.005646,0.011443,0.024870,0.090886,0.000000,0.000000,0.000000,0,0,0,0,0,0,0,0,0,0,0,0.045257568359375,-0.004302978515625,9.945863e-18,0.00020379659,59.99939,-19.999699,-19.999996,-19.999996,-19.999996,-4.3330426e-33,Object notstarted,Object notstarted,Object notstarted,Object notstarted,Object notstarted,Object notstarted,Object notstarted,Object notstarted,Object notstarted
2024-03-18 10:35:58,108.108,__main___datalogs,INFO,JoyConState.USE_SNS,-9.587500,12.237500,-182.080000,0.095209,0.002899,0.011596,0.024870,0.104235,0.000000,0.000000,0.000000,0,0,0,0,0,0,0,0,0,0,0,0.045257568359375,-0.004302978515625,4.9557242e-18,0.00010154571,59.999702,-19.99985,-19.999996,-19.999996,-19.999996,-2.1590248e-33,Object notstarted,Object notstarted,Object notstarted,Object notstarted,Object notstarted,Object notstarted,Object notstarted,Object notstarted,Object notstarted
2024-03-18 10:35:58,215.215,__main___datalogs,INFO,JoyConState.USE_SNS,-9.587500,12.250000,-182.247500,0.096430,0.004425,0.011443,0.022734,0.118469,0.000000,0.000000,0.000000,0,0,0,0,0,0,0,0,0,0,0,0.045257568359375,-0.004302978515625,2.4692884e-18,5.0597177e-05,59.999855,-19.999924,-19.999996,-19.999996,-19.999996,-1.0757771e-33,Object notstarted,Object notstarted,Object notstarted,Object notstarted,Object notstarted,Object notstarted,Object notstarted,Object notstarted,Object notstarted
2024-03-18 10:35:58,323.323,__main___datalogs,INFO,JoyConState.USE_SNS,-9.587500,12.250000,-182.397500,0.096582,0.004730,0.011749,0.024260,0.133566,0.000000,0.000000,0.000000,0,0,0,0,0,0,0,0,0,0,0,0.045257568359375,-0.004302978515625,1.2303721e-18,2.521105e-05,59.99993,-19.999962,-19.999996,-19.999996,-19.999996,-5.3602735e-34,Object notstarted,Object notstarted,Object notstarted,Object notstarted,Object notstarted,Object notstarted,Object notstarted,Object notstarted,Object notstarted
2024-03-18 10:35:58,448.448,__main___datalogs,INFO,JoyConState.USE_SNS,-9.587500,12.262500,-182.552500,0.092615,0.001984,0.011443,0.023039,0.149499,0.000000,0.000000,0.000000,0,0,0,0,0,0,0,0,0,0,0,0.045257568359375,-0.004302978515625,6.130574e-19,1.2561908e-05,59.99997,-19.99998,-19.999996,-19.999996,-19.999996,-2.670863e-34,Object notstarted,Object notstarted,Object notstarted,Object notstarted,Object notstarted,Object notstarted,Object notstarted,Object notstarted,Object notstarted
2024-03-18 10:35:58,570.570,__main___datalogs,INFO,JoyConState.USE_SNS,-9.587500,12.275000,-182.710000,0.290662,0.004120,0.012054,0.024260,0.166242,0.000000,0.000000,0.000000,0,0,0,0,0,0,0,0,0,0,0,0.045257568359375,-0.004302978515625,3.0546805e-19,6.259221e-06,59.999985,-19.99999,-19.999996,-19.999996,-19.999996,-1.3308107e-34,Object notstarted,Object notstarted,Object notstarted,Object notstarted,Object notstarted,Object notstarted,Object notstarted,Object notstarted,Object notstarted
2024-03-18 10:35:58,699.699,__main___datalogs,INFO,JoyConState.USE_SNS,-9.587500,12.275000,-182.852500,0.353830,0.005035,0.008544,0.025176,0.183766,0.000000,0.000000,0.000000,0,0,0,0,0,0,0,0,0,0,0,0.045257568359375,-0.004302978515625,1.5220555e-19,3.1187817e-06,59.999992,-19.999996,-19.999996,-19.999996,-19.999996,-6.631029e-35,Object notstarted,Object notstarted,Object notstarted,Object notstarted,Object notstarted,Object notstarted,Object notstarted,Object notstarted,Object notstarted
2024-03-18 10:35:58,806.806,__main___datalogs,INFO,JoyConState.USE_SNS,-9.587500,12.275000,-182.972500,0.217119,0.005951,0.005951,0.023650,0.202044,0.000000,0.000000,0.000000,0,0,0,0,0,0,0,0,0,0,0,0.045257568359375,-0.004302978515625,7.583945e-20,1.5539952e-06,59.999992,-19.999996,-19.999996,-19.999996,-19.999996,-3.3040423e-35,Object notstarted,Object notstarted,Object notstarted,Object notstarted,Object notstarted,Object notstarted,Object notstarted,Object notstarted,Object notstarted
2024-03-18 10:35:58,914.914,__main___datalogs,INFO,JoyConState.USE_SNS,-9.587500,12.275000,-183.052500,0.230394,0.006561,0.011901,0.024870,0.221046,0.000000,0.000000,0.000000,0,0,0,0,0,0,0,0,0,0,0,0.045257568359375,-0.004302978515625,3.7788515e-20,7.7430906e-07,59.999992,-19.999996,-19.999996,-19.999996,-19.999996,-1.6463048e-35,Object notstarted,Object notstarted,Object notstarted,Object notstarted,Object notstarted,Object notstarted,Object notstarted,Object notstarted,Object notstarted
2024-03-18 10:35:59,037.037,__main___datalogs,INFO,JoyConState.USE_SNS,-9.587500,12.287500,-183.177500,0.566067,0.003815,0.012054,0.024870,0.240744,0.000000,0.000000,0.000000,0,0,0,0,0,0,0,0,0,0,0,0.045257568359375,-0.004302978515625,1.8828881e-20,3.8581493e-07,59.999992,-19.999996,-19.999996,-19.999996,-19.999996,-8.203042e-36,Object notstarted,Object notstarted,Object notstarted,Object notstarted,Object notstarted,Object notstarted,Object notstarted,Object notstarted,Object notstarted
2024-03-18 10:35:59,144.144,__main___datalogs,INFO,JoyConState.USE_SNS,-9.587500,12.300000,-183.292500,0.709338,0.003509,0.007324,0.024870,0.261109,0.000000,0.000000,0.000000,0,0,0,0,0,0,0,0,0,0,0,0.045257568359375,-0.004302978515625,9.3818655e-21,1.9223997e-07,59.999992,-19.999996,-19.999996,-19.999996,-19.999996,-4.087329e-36,Object notstarted,Object notstarted,Object notstarted,Object notstarted,Object notstarted,Object notstarted,Object notstarted,Object notstarted,Object notstarted
2024-03-18 10:35:59,268.268,__main___datalogs,INFO,JoyConState.USE_SNS,-9.587500,12.300000,-183.357500,0.789594,0.007629,0.010223,0.019988,0.282112,0.000000,0.000000,0.000000,0,0,0,0,0,0,0,0,0,0,0,0.045257568359375,-0.004302978515625,4.6747014e-21,9.578739e-08,59.999992,-19.999996,-19.999996,-19.999996,-19.999996,-2.036593e-36,Object notstarted,Object notstarted,Object notstarted,Object notstarted,Object notstarted,Object notstarted,Object notstarted,Object notstarted,Object notstarted
2024-03-18 10:35:59,407.407,__main___datalogs,INFO,JoyConState.USE_SNS,-9.587500,12.312500,-183.470000,0.636405,0.006866,0.007934,0.023345,0.303725,0.000000,0.000000,0.000000,0,0,0,0,0,0,0,0,0,0,0,0.045257568359375,-0.004302978515625,2.329263e-21,4.7727973e-08,59.999992,-19.999996,-19.999996,-19.999996,-19.999996,-1.014773e-36,Object notstarted,Object notstarted,Object notstarted,Object notstarted,Object notstarted,Object notstarted,Object notstarted,Object notstarted,Object notstarted
2024-03-18 10:35:59,514.514,__main___datalogs,INFO,JoyConState.USE_SNS,-9.587500,12.312500,-183.537500,0.695606,0.007019,0.007324,0.021514,0.325919,0.000000,0.000000,0.000000,0,0,0,0,0,0,0,0,0,0,0,0.045257568359375,-0.004302978515625,1.1606017e-21,2.3781412e-08,59.999992,-19.999996,-19.999996,-19.999996,-19.999996,-5.0563086e-37,Object notstarted,Object notstarted,Object notstarted,Object notstarted,Object notstarted,Object notstarted,Object notstarted,Object notstarted,Object notstarted
2024-03-18 10:35:59,639.639,__main___datalogs,INFO,JoyConState.USE_SNS,-9.587500,12.312500,-183.622500,1.086207,0.004425,0.012206,0.024260,0.348669,0.000000,0.000000,0.000000,0,0,0,0,0,0,0,0,0,0,0,0.045257568359375,-0.004302978515625,5.7829295e-22,1.1849562e-08,59.999992,-19.999996,-19.999996,-19.999996,-19.999996,-2.5194066e-37,Object notstarted,Object notstarted,Object notstarted,Object notstarted,Object notstarted,Object notstarted,Object notstarted,Object notstarted,Object notstarted
2024-03-18 10:35:59,783.783,__main___datalogs,INFO,JoyConState.USE_SNS,-9.587500,12.325000,-183.700000,0.985505,0.003815,0.009612,0.020903,0.371948,0.000000,0.000000,0.000000,0,0,0,0,0,0,0,0,0,0,0,0.045257568359375,-0.004302978515625,2.8814597e-22,5.9042806e-09,59.999992,-19.999996,-19.999996,-19.999996,-19.999996,-1.2553445e-37,Object notstarted,Object notstarted,Object notstarted,Object notstarted,Object notstarted,Object notstarted,Object notstarted,Object notstarted,Object notstarted
2024-03-18 10:35:59,905.905,__main___datalogs,INFO,JoyConState.USE_SNS,-9.587500,12.325000,-183.767500,0.923406,0.004425,0.006866,0.023650,0.395730,0.000000,0.000000,0.000000,0,0,0,0,0,0,0,0,0,0,0,0.045257568359375,-0.004302978515625,1.4357446e-22,2.9419254e-09,59.999992,-19.999996,-19.999996,-19.999996,-19.999996,-6.255004e-38,Object notstarted,Object notstarted,Object notstarted,Object notstarted,Object notstarted,Object notstarted,Object notstarted,Object notstarted,Object notstarted
2024-03-18 10:36:00,044.044,__main___datalogs,INFO,JoyConState.USE_SNS,-9.587500,12.325000,-183.815000,1.055386,0.004120,0.006408,0.020903,0.419991,0.000000,0.000000,0.000000,0,0,0,0,0,0,0,0,0,0,0,0.045257568359375,-0.004302978515625,7.1538836e-23,1.465873e-09,59.999992,-19.999996,-19.999996,-19.999996,-19.999996,-3.1166803e-38,Object notstarted,Object notstarted,Object notstarted,Object notstarted,Object notstarted,Object notstarted,Object notstarted,Object notstarted,Object notstarted
2024-03-18 10:36:00,185.185,__main___datalogs,INFO,JoyConState.USE_SNS,-9.587500,12.325000,-183.887500,1.147696,0.004730,0.012054,0.024565,0.444706,0.000000,0.000000,0.000000,0,0,0,0,0,0,0,0,0,0,0,0.045257568359375,-0.004302978515625,3.564565e-23,7.304004e-10,59.999992,-19.999996,-19.999996,-19.999996,-19.999996,-1.5529481e-38,Object notstarted,Object notstarted,Object notstarted,Object notstarted,Object notstarted,Object notstarted,Object notstarted,Object notstarted,Object notstarted
2024-03-18 10:36:00,308.308,__main___datalogs,INFO,JoyConState.USE_SNS,-9.587500,12.325000,-183.910000,1.121758,0.003509,0.008239,0.021208,0.469852,0.000000,0.000000,0.000000,0,0,0,0,0,0,0,0,0,0,0,0.045257568359375,-0.004302978515625,1.7761154e-23,3.6393655e-10,59.999992,-19.999996,-19.999996,-19.999996,-19.999996,-7.737873e-39,Object notstarted,Object notstarted,Object notstarted,Object notstarted,Object notstarted,Object notstarted,Object notstarted,Object notstarted,Object notstarted
2024-03-18 10:36:00,431.431,__main___datalogs,INFO,JoyConState.USE_SNS,-9.587500,12.325000,-183.985000,1.358712,0.002899,0.011749,0.019988,0.495407,0.000000,0.000000,0.000000,0,0,0,0,0,0,0,0,0,0,0,0.045257568359375,-0.004302978515625,8.8498495e-24,1.8133864e-10,59.999992,-19.999996,-19.999996,-19.999996,-19.999996,-3.85555e-39,Object notstarted,Object notstarted,Object notstarted,Object notstarted,Object notstarted,Object notstarted,Object notstarted,Object notstarted,Object notstarted
2024-03-18 10:36:00,556.556,__main___datalogs,INFO,JoyConState.USE_SNS,-9.587500,12.325000,-184.037500,1.407690,0.003357,0.008544,0.021514,0.521348,0.000000,0.000000,0.000000,0,0,0,0,0,0,0,0,0,0,0,0.045257568359375,-0.004302978515625,4.4096137e-24,9.035559e-11,59.999992,-19.999996,-19.999996,-19.999996,-19.999996,-1.921105e-39,Object notstarted,Object notstarted,Object notstarted,Object notstarted,Object notstarted,Object notstarted,Object notstarted,Object notstarted,Object notstarted
2024-03-18 10:36:00,662.662,__main___datalogs,INFO,JoyConState.USE_SNS,-9.587500,12.325000,-184.062500,1.266402,0.004425,0.012054,0.025328,0.547654,0.000000,0.000000,0.000000,0,0,0,0,0,0,0,0,0,0,0,0.045257568359375,-0.004302978515625,2.197178e-24,4.5021473e-11,59.999992,-19.999996,-19.999996,-19.999996,-19.999996,-9.57228e-40,Object notstarted,Object notstarted,Object notstarted,Object notstarted,Object notstarted,Object notstarted,Object notstarted,Object notstarted,Object notstarted
2024-03-18 10:36:00,770.770,__main___datalogs,INFO,JoyConState.USE_SNS,-9.587500,12.337500,-184.112500,1.298444,0.003815,0.008239,0.022429,0.574306,0.000000,0.000000,0.000000,0,0,0,0,0,0,0,0,0,0,0,0.045257568359375,-0.004302978515625,1.0947878e-24,2.2432846e-11,59.999992,-19.999996,-19.999996,-19.999996,-19.999996,-4.76959e-40,Object notstarted,Object notstarted,Object notstarted,Object notstarted,Object notstarted,Object notstarted,Object notstarted,Object notstarted,Object notstarted
2024-03-18 10:36:00,877.877,__main___datalogs,INFO,JoyConState.USE_SNS,-9.587500,12.337500,-184.140000,1.230394,0.005340,0.007629,0.023039,0.601285,0.000000,0.000000,0.000000,0,0,0,0,0,0,0,0,0,0,0,0.045257568359375,-0.004302978515625,5.454998e-25,1.1177612e-11,59.999992,-19.999996,-19.999996,-19.999996,-19.999996,-2.37653e-40,Object notstarted,Object notstarted,Object notstarted,Object notstarted,Object notstarted,Object notstarted,Object notstarted,Object notstarted,Object notstarted
2024-03-18 10:36:00,985.985,__main___datalogs,INFO,JoyConState.USE_SNS,-9.587500,12.337500,-184.187500,1.521209,-0.001068,0.009155,0.025023,0.628572,0.000000,0.000000,0.000000,0,0,0,0,0,0,0,0,0,0,0,0.045257568359375,-0.004302978515625,2.7180614e-25,5.5694676e-12,59.999992,-19.999996,-19.999996,-19.999996,-19.999996,-1.18415e-40,Object notstarted,Object notstarted,Object notstarted,Object notstarted,Object notstarted,Object notstarted,Object notstarted,Object notstarted,Object notstarted
2024-03-18 10:36:01,093.093,__main___datalogs,INFO,JoyConState.USE_SNS,-9.587500,12.337500,-184.210000,1.372750,0.004120,0.009155,0.021208,0.656151,0.000000,0.000000,0.000000,0,0,0,0,0,0,0,0,0,0,0,0.045257568359375,-0.004302978515625,1.3543282e-25,2.7750983e-12,59.999992,-19.999996,-19.999996,-19.999996,-19.999996,-5.9003e-41,Object notstarted,Object notstarted,Object notstarted,Object notstarted,Object notstarted,Object notstarted,Object notstarted,Object notstarted,Object notstarted
2024-03-18 10:36:01,232.232,__main___datalogs,INFO,JoyConState.USE_SNS,-9.587500,12.337500,-184.247500,1.059353,0.003509,0.009155,0.024565,0.684004,0.000000,0.000000,0.000000,0,0,0,0,0,0,0,0,0,0,0,0.045257568359375,-0.004302978515625,6.74821e-26,1.382748e-12,59.999992,-19.999996,-19.999996,-19.999996,-19.999996,-2.9399e-41,Object notstarted,Object notstarted,Object notstarted,Object notstarted,Object notstarted,Object notstarted,Object notstarted,Object notstarted,Object notstarted
2024-03-18 10:36:01,340.340,__main___datalogs,INFO,JoyConState.USE_SNS,-9.587500,12.337500,-184.270000,1.343454,0.004120,0.006866,0.025176,0.712117,0.000000,0.000000,0.000000,0,0,0,0,0,0,0,0,0,0,0,0.045257568359375,-0.004302978515625,3.3624302e-26,6.8898175e-13,59.999992,-19.999996,-19.999996,-19.999996,-19.999996,-1.4648e-41,Object notstarted,Object notstarted,Object notstarted,Object notstarted,Object notstarted,Object notstarted,Object notstarted,Object notstarted,Object notstarted
2024-03-18 10:36:01,478.478,__main___datalogs,INFO,JoyConState.USE_SNS,-9.587500,12.337500,-184.300000,1.317058,0.004425,0.007324,0.024565,0.740475,0.000000,0.000000,0.000000,0,0,0,0,0,0,0,0,0,0,0,0.045257568359375,-0.004302978515625,1.6753977e-26,3.4329888e-13,59.999992,-19.999996,-19.999996,-19.999996,-19.999996,-7.3e-42,Object notstarted,Object notstarted,Object notstarted,Object notstarted,Object notstarted,Object notstarted,Object notstarted,Object notstarted,Object notstarted
2024-03-18 10:36:01,603.603,__main___datalogs,INFO,JoyConState.USE_SNS,-9.587500,12.350000,-184.320000,1.506256,0.002594,0.009612,0.021208,0.769063,0.000000,0.000000,0.000000,0,0,0,0,0,0,0,0,0,0,0,0.045257568359375,-0.004302978515625,8.348003e-27,1.710555e-13,59.999992,-19.999996,-19.999996,-19.999996,-19.999996,-3.638e-42,Object notstarted,Object notstarted,Object notstarted,Object notstarted,Object notstarted,Object notstarted,Object notstarted,Object notstarted,Object notstarted
2024-03-18 10:36:01,727.727,__main___datalogs,INFO,JoyConState.USE_SNS,-9.587500,12.350000,-184.350000,1.896247,0.004730,0.012511,0.024260,0.797868,0.000000,0.000000,0.000000,0,0,0,0,0,0,0,0,0,0,0,0.045257568359375,-0.004302978515625,4.1595584e-27,8.523181e-14,59.999992,-19.999996,-19.999996,-19.999996,-19.999996,-1.812e-42,Object notstarted,Object notstarted,Object notstarted,Object notstarted,Object notstarted,Object notstarted,Object notstarted,Object notstarted,Object notstarted
2024-03-18 10:36:01,864.864,__main___datalogs,INFO,JoyConState.USE_SNS,-9.587500,12.350000,-184.370000,2.394568,0.007019,0.008239,0.022124,0.826878,0.000000,0.000000,0.000000,0,0,0,0,0,0,0,0,0,0,0,0.045257568359375,-0.004302978515625,2.0725828e-27,4.2468446e-14,59.999992,-19.999996,-19.999996,-19.999996,-19.999996,-9.02e-43,Object notstarted,Object notstarted,Object notstarted,Object notstarted,Object notstarted,Object notstarted,Object notstarted,Object notstarted,Object notstarted
2024-03-18 10:36:02,003.003,__main___datalogs,INFO,JoyConState.USE_SNS,-9.587500,12.350000,-184.370000,1.887092,0.004120,0.012054,0.023955,0.856080,0.000000,0.000000,0.000000,0,0,0,0,0,0,0,0,0,0,0,0.045257568359375,-0.004302978515625,1.0327057e-27,2.116075e-14,59.999992,-19.999996,-19.999996,-19.999996,-19.999996,-4.5e-43,Object notstarted,Object notstarted,Object notstarted,Object notstarted,Object notstarted,Object notstarted,Object notstarted,Object notstarted,Object notstarted
2024-03-18 10:36:02,147.147,__main___datalogs,INFO,JoyConState.USE_SNS,-9.587500,12.350000,-184.400000,1.683400,0.003967,0.010528,0.024565,0.885463,0.000000,0.000000,0.000000,0,0,0,0,0,0,0,0,0,0,0,0.045257568359375,-0.004302978515625,5.1456616e-28,1.0543765e-14,59.999992,-19.999996,-19.999996,-19.999996,-19.999996,-2.24e-43,Object notstarted,Object notstarted,Object notstarted,Object notstarted,Object notstarted,Object notstarted,Object notstarted,Object notstarted,Object notstarted
2024-03-18 10:36:02,254.254,__main___datalogs,INFO,JoyConState.USE_SNS,-9.587500,12.350000,-184.417500,1.892127,0.003815,0.007324,0.024565,0.915016,0.000000,0.000000,0.000000,0,0,0,0,0,0,0,0,0,0,0,0.045257568359375,-0.004302978515625,2.5639284e-28,5.2536414e-15,59.999992,-19.999996,-19.999996,-19.999996,-19.999996,-1.12e-43,Object notstarted,Object notstarted,Object notstarted,Object notstarted,Object notstarted,Object notstarted,Object notstarted,Object notstarted,Object notstarted
2024-03-18 10:36:02,361.361,__main___datalogs,INFO,JoyConState.USE_SNS,-9.587500,12.350000,-184.420000,2.155478,0.003509,0.007782,0.022429,0.944729,0.000000,0.000000,0.000000,0,0,0,0,0,0,0,0,0,0,0,0.045257568359375,-0.004302978515625,1.2775284e-28,2.6177316e-15,59.999992,-19.999996,-19.999996,-19.999996,-19.999996,-5.6e-44,Object notstarted,Object notstarted,Object notstarted,Object notstarted,Object notstarted,Object notstarted,Object notstarted,Object notstarted,Object notstarted
2024-03-18 10:36:02,486.486,__main___datalogs,INFO,JoyConState.USE_SNS,-9.587500,12.350000,-184.450000,2.357644,-0.001068,0.012511,0.024870,0.974592,0.000000,0.000000,0.000000,0,0,0,0,0,0,0,0,0,0,0,0.045257568359375,-0.004302978515625,6.36554e-29,1.3043369e-15,59.999992,-19.999996,-19.999996,-19.999996,-19.999996,-2.8e-44,Object notstarted,Object notstarted,Object notstarted,Object notstarted,Object notstarted,Object notstarted,Object notstarted,Object notstarted,Object notstarted
2024-03-18 10:36:02,609.609,__main___datalogs,INFO,JoyConState.USE_SNS,-9.587500,12.350000,-184.450000,2.007324,0.003509,0.012206,0.024260,1.004596,0.000000,0.000000,0.000000,0,0,0,0,0,0,0,0,0,0,0,0.045257568359375,-0.004302978515625,3.1717568e-29,6.499118e-16,59.999992,-19.999996,-19.999996,-19.999996,-19.999996,-1.4e-44,Object notstarted,Object notstarted,Object notstarted,Object notstarted,Object notstarted,Object notstarted,Object notstarted,Object notstarted,Object notstarted
2024-03-18 10:36:02,717.717,__main___datalogs,INFO,JoyConState.USE_SNS,-9.587500,12.350000,-184.470000,2.128013,0.007629,0.010223,0.024565,1.034731,0.000000,0.000000,0.000000,0,0,0,0,0,0,0,0,0,0,0,0.045257568359375,-0.004302978515625,1.580391e-29,3.2383152e-16,59.999992,-19.999996,-19.999996,-19.999996,-19.999996,-7e-45,Object notstarted,Object notstarted,Object notstarted,Object notstarted,Object notstarted,Object notstarted,Object notstarted,Object notstarted,Object notstarted
2024-03-18 10:36:02,856.856,__main___datalogs,INFO,JoyConState.USE_SNS,-9.587500,12.350000,-184.490000,2.036161,0.004272,0.007324,0.024565,1.064991,0.000000,0.000000,0.000000,0,0,0,0,0,0,0,0,0,0,0,0.045257568359375,-0.004302978515625,7.874613e-30,1.613555e-16,59.999992,-19.999996,-19.999996,-19.999996,-19.999996,-4e-45,Object notstarted,Object notstarted,Object notstarted,Object notstarted,Object notstarted,Object notstarted,Object notstarted,Object notstarted,Object notstarted
2024-03-18 10:36:02,965.965,__main___datalogs,INFO,JoyConState.USE_SNS,-9.587500,12.350000,-184.490000,2.539365,0.003815,0.006866,0.024870,1.095367,0.000000,0.000000,0.000000,0,0,0,0,0,0,0,0,0,0,0,0.045257568359375,-0.004302978515625,3.9236828e-30,8.0398594e-17,59.999992,-19.999996,-19.999996,-19.999996,-19.999996,-1e-45,Object notstarted,Object notstarted,Object notstarted,Object notstarted,Object notstarted,Object notstarted,Object notstarted,Object notstarted,Object notstarted
2024-03-18 10:36:03,104.104,__main___datalogs,INFO,JoyConState.USE_SNS,-9.587500,12.362500,-184.510000,2.146323,0.005035,0.010070,0.024718,1.125854,0.000000,0.000000,0.000000,0,0,0,0,0,0,0,0,0,0,0,0.045257568359375,-0.004302978515625,1.955053e-30,4.00602e-17,59.999992,-19.999996,-19.999996,-19.999996,-19.999996,-1e-45,Object notstarted,Object notstarted,Object notstarted,Object notstarted,Object notstarted,Object notstarted,Object notstarted,Object notstarted,Object notstarted
2024-03-18 10:36:03,211.211,__main___datalogs,INFO,JoyConState.USE_SNS,-9.587500,12.362500,-184.510000,2.345743,0.003509,0.012054,0.024260,1.156442,0.000000,0.000000,0.000000,0,0,0,0,0,0,0,0,0,0,0,0.045257568359375,-0.004302978515625,9.741441e-31,1.9960795e-17,59.999992,-19.999996,-19.999996,-19.999996,-19.999996,-1e-45,Object notstarted,Object notstarted,Object notstarted,Object notstarted,Object notstarted,Object notstarted,Object notstarted,Object notstarted,Object notstarted
2024-03-18 10:36:03,355.355,__main___datalogs,INFO,JoyConState.USE_SNS,-9.587500,12.362500,-184.530000,2.291883,0.002899,0.012511,0.023039,1.187127,0.000000,0.000000,0.000000,0,0,0,0,0,0,0,0,0,0,0,0.045257568359375,-0.004302978515625,4.853867e-31,9.945863e-18,59.999992,-19.999996,-19.999996,-19.999996,-19.999996,-1e-45,Object notstarted,Object notstarted,Object notstarted,Object notstarted,Object notstarted,Object notstarted,Object notstarted,Object notstarted,Object notstarted
2024-03-18 10:36:03,479.479,__main___datalogs,INFO,JoyConState.USE_SNS,-9.587500,12.362500,-184.530000,2.667074,0.004730,0.003815,0.024565,1.217902,0.000000,0.000000,0.000000,0,0,0,0,0,0,0,0,0,0,0,0.045257568359375,-0.004302978515625,2.418536e-31,4.9557242e-18,59.999992,-19.999996,-19.999996,-19.999996,-19.999996,-1e-45,Object notstarted,Object notstarted,Object notstarted,Object notstarted,Object notstarted,Object notstarted,Object notstarted,Object notstarted,Object notstarted
2024-03-18 10:36:03,587.587,__main___datalogs,INFO,JoyConState.USE_SNS,-9.587500,12.362500,-184.530000,2.603601,0.006866,0.010528,0.025023,1.248761,0.000000,0.000000,0.000000,0,0,0,0,0,0,0,0,0,0,0,0.045257568359375,-0.004302978515625,1.2050837e-31,2.4692884e-18,59.999992,-19.999996,-19.999996,-19.999996,-19.999996,-1e-45,Object notstarted,Object notstarted,Object notstarted,Object notstarted,Object notstarted,Object notstarted,Object notstarted,Object notstarted,Object notstarted
2024-03-18 10:36:03,725.725,__main___datalogs,INFO,JoyConState.USE_SNS,-9.587500,12.362500,-184.547500,2.780897,0.004120,0.007782,0.024870,1.279699,0.000000,0.000000,0.000000,0,0,0,0,0,0,0,0,0,0,0,0.045257568359375,-0.004302978515625,6.004569e-32,1.2303721e-18,59.999992,-19.999996,-19.999996,-19.999996,-19.999996,-1e-45,Object notstarted,Object notstarted,Object notstarted,Object notstarted,Object notstarted,Object notstarted,Object notstarted,Object notstarted,Object notstarted
2024-03-18 10:36:03,833.833,__main___datalogs,INFO,JoyConState.USE_SNS,-9.587500,12.362500,-184.550000,2.655935,0.006866,0.007782,0.020598,1.310711,0.000000,0.000000,0.000000,0,0,0,0,0,0,0,0,0,0,0,0.045257568359375,-0.004302978515625,2.991896e-32,6.130574e-19,59.999992,-19.999996,-19.999996,-19.999996,-19.999996,-1e-45,Object notstarted,Object notstarted,Object notstarted,Object notstarted,Object notstarted,Object notstarted,Object notstarted,Object notstarted,Object notstarted
2024-03-18 10:36:04,067.067,__main___datalogs,INFO,JoyConState.USE_SNS,-9.587500,12.362500,-184.550000,2.539670,0.005951,0.009765,0.023802,1.341791,0.000000,0.000000,0.000000,0,0,0,0,0,0,0,0,0,0,0,0.045257568359375,-0.004302978515625,1.490772e-32,3.0546805e-19,59.999992,-19.999996,-19.999996,-19.999996,-19.999996,-1e-45,Object notstarted,Object notstarted,Object notstarted,Object notstarted,Object notstarted,Object notstarted,Object notstarted,Object notstarted,Object notstarted
2024-03-18 10:36:04,175.175,__main___datalogs,INFO,JoyConState.USE_SNS,-9.587500,12.362500,-184.570000,2.590937,0.003815,0.010681,0.020903,1.372937,0.000000,0.000000,0.000000,0,0,0,0,0,0,0,0,0,0,0,0.045257568359375,-0.004302978515625,7.428068e-33,1.5220555e-19,59.999992,-19.999996,-19.999996,-19.999996,-19.999996,-1e-45,Object notstarted,Object notstarted,Object notstarted,Object notstarted,Object notstarted,Object notstarted,Object notstarted,Object notstarted,Object notstarted
2024-03-18 10:36:04,282.282,__main___datalogs,INFO,JoyConState.USE_SNS,-9.587500,12.362500,-184.570000,2.969179,0.003509,0.008697,0.025023,1.404143,0.000000,0.000000,0.000000,0,0,0,0,0,0,0,0,0,0,0,0.045257568359375,-0.004302978515625,3.701183e-33,7.583945e-20,59.999992,-19.999996,-19.999996,-19.999996,-19.999996,-1e-45,Object notstarted,Object notstarted,Object notstarted,Object notstarted,Object notstarted,Object notstarted,Object notstarted,Object notstarted,Object notstarted
2024-03-18 10:36:04,409.409,__main___datalogs,INFO,JoyConState.USE_SNS,-9.587500,12.362500,-184.570000,3.016173,0.004120,0.007324,0.025328,1.435407,0.000000,0.000000,0.000000,0,0,0,0,0,0,0,0,0,0,0,0.045257568359375,-0.004302978515625,1.844188e-33,3.7788515e-20,59.999992,-19.999996,-19.999996,-19.999996,-19.999996,-1e-45,Object notstarted,Object notstarted,Object notstarted,Object notstarted,Object notstarted,Object notstarted,Object notstarted,Object notstarted,Object notstarted
2024-03-18 10:36:04,550.550,__main___datalogs,INFO,JoyConState.USE_SNS,-9.587500,12.362500,-184.570000,3.308209,0.002289,0.009155,0.024870,1.466723,0.000000,0.000000,0.000000,0,0,0,0,0,0,0,0,0,0,0,0.045257568359375,-0.004302978515625,9.189034e-34,1.8828881e-20,59.999992,-19.999996,-19.999996,-19.999996,-19.999996,-1e-45,Object notstarted,Object notstarted,Object notstarted,Object notstarted,Object notstarted,Object notstarted,Object notstarted,Object notstarted,Object notstarted
2024-03-18 10:36:04,673.673,__main___datalogs,INFO,JoyConState.USE_SNS,-9.587500,12.362500,-184.570000,2.922338,0.002136,0.011749,0.021208,1.498089,0.000000,0.000000,0.000000,0,0,0,0,0,0,0,0,0,0,0,0.045257568359375,-0.004302978515625,4.578619e-34,9.3818655e-21,59.999992,-19.999996,-19.999996,-19.999996,-19.999996,-1e-45,Object notstarted,Object notstarted,Object notstarted,Object notstarted,Object notstarted,Object notstarted,Object notstarted,Object notstarted,Object notstarted
2024-03-18 10:36:04,780.780,__main___datalogs,INFO,JoyConState.USE_SNS,-9.587500,12.362500,-184.587500,2.810497,0.004730,0.012359,0.024260,1.529502,0.000000,0.000000,0.000000,0,0,0,0,0,0,0,0,0,0,0,0.045257568359375,-0.004302978515625,2.2813882e-34,4.6747014e-21,59.999992,-19.999996,-19.999996,-19.999996,-19.999996,-1e-45,Object notstarted,Object notstarted,Object notstarted,Object notstarted,Object notstarted,Object notstarted,Object notstarted,Object notstarted,Object notstarted
2024-03-18 10:36:04,904.904,__main___datalogs,INFO,JoyConState.USE_SNS,-9.587500,12.362500,-184.590000,2.998779,0.003204,0.007476,0.024870,1.560957,0.000000,0.000000,0.000000,0,0,0,0,0,0,0,0,0,0,0,0.045257568359375,-0.004302978515625,1.1367471e-34,2.329263e-21,59.999992,-19.999996,-19.999996,-19.999996,-19.999996,-1e-45,Object notstarted,Object notstarted,Object notstarted,Object notstarted,Object notstarted,Object notstarted,Object notstarted,Object notstarted,Object notstarted
2024-03-18 10:36:05,016.016,__main___datalogs,INFO,JoyConState.USE_SNS,-9.587500,12.362500,-184.590000,3.059506,0.003204,0.007782,0.024870,1.592453,0.000000,0.000000,0.000000,0,0,0,0,0,0,0,0,0,0,0,0.045257568359375,-0.004302978515625,5.664069e-35,1.1606017e-21,59.999992,-19.999996,-19.999996,-19.999996,-19.999996,-1e-45,Object notstarted,Object notstarted,Object notstarted,Object notstarted,Object notstarted,Object notstarted,Object notstarted,Object notstarted,Object notstarted
2024-03-18 10:36:05,138.138,__main___datalogs,INFO,JoyConState.USE_SNS,-9.587500,12.362500,-184.590000,2.960482,0.007324,0.010986,0.023650,1.623986,0.000000,0.000000,0.000000,0,0,0,0,0,0,0,0,0,0,0,0.045257568359375,-0.004302978515625,2.8222354e-35,5.7829295e-22,59.999992,-19.999996,-19.999996,-19.999996,-19.999996,-1e-45,Object notstarted,Object notstarted,Object notstarted,Object notstarted,Object notstarted,Object notstarted,Object notstarted,Object notstarted,Object notstarted
2024-03-18 10:36:05,263.263,__main___datalogs,INFO,JoyConState.USE_SNS,-9.587500,12.362500,-184.590000,2.917608,0.004120,0.008697,0.023650,1.655555,0.000000,0.000000,0.000000,0,0,0,0,0,0,0,0,0,0,0,0.045257568359375,-0.004302978515625,1.406235e-35,2.8814597e-22,59.999992,-19.999996,-19.999996,-19.999996,-19.999996,-1e-45,Object notstarted,Object notstarted,Object notstarted,Object notstarted,Object notstarted,Object notstarted,Object notstarted,Object notstarted,Object notstarted
2024-03-18 10:36:05,374.374,__main___datalogs,INFO,JoyConState.USE_SNS,-9.587500,12.362500,-184.590000,3.147543,0.003509,0.012359,0.024260,1.687157,0.000000,0.000000,0.000000,0,0,0,0,0,0,0,0,0,0,0,0.045257568359375,-0.004302978515625,7.006846e-36,1.4357446e-22,59.999992,-19.999996,-19.999996,-19.999996,-19.999996,-1e-45,Object notstarted,Object notstarted,Object notstarted,Object notstarted,Object notstarted,Object notstarted,Object notstarted,Object notstarted,Object notstarted
2024-03-18 10:36:05,482.482,__main___datalogs,INFO,JoyConState.USE_SNS,-9.587500,12.362500,-184.610000,3.172719,0.003204,0.012511,0.024260,1.718790,0.000000,0.000000,0.000000,0,0,0,0,0,0,0,0,0,0,0,0.045257568359375,-0.004302978515625,3.4913007e-36,7.1538836e-23,59.999992,-19.999996,-19.999996,-19.999996,-19.999996,-1e-45,Object notstarted,Object notstarted,Object notstarted,Object notstarted,Object notstarted,Object notstarted,Object notstarted,Object notstarted,Object notstarted
2024-03-18 10:36:05,608.608,__main___datalogs,INFO,JoyConState.USE_SNS,-9.587500,12.362500,-184.610000,3.241379,0.006561,0.011901,0.024870,1.750452,0.000000,0.000000,0.000000,0,0,0,0,0,0,0,0,0,0,0,0.045257568359375,-0.004302978515625,1.7396102e-36,3.564565e-23,59.999992,-19.999996,-19.999996,-19.999996,-19.999996,-1e-45,Object notstarted,Object notstarted,Object notstarted,Object notstarted,Object notstarted,Object notstarted,Object notstarted,Object notstarted,Object notstarted
2024-03-18 10:36:05,749.749,__main___datalogs,INFO,JoyConState.USE_SNS,-9.587500,12.362500,-184.610000,3.594294,0.003357,0.011596,0.024565,1.782142,0.000000,0.000000,0.000000,0,0,0,0,0,0,0,0,0,0,0,0.045257568359375,-0.004302978515625,8.667954e-37,1.7761154e-23,59.999992,-19.999996,-19.999996,-19.999996,-19.999996,-1e-45,Object notstarted,Object notstarted,Object notstarted,Object notstarted,Object notstarted,Object notstarted,Object notstarted,Object notstarted,Object notstarted
2024-03-18 10:36:05,855.855,__main___datalogs,INFO,JoyConState.USE_SNS,-9.587500,12.362500,-184.610000,3.290815,0.003204,0.012359,0.024565,1.813857,0.000000,0.000000,0.000000,0,0,0,0,0,0,0,0,0,0,0,0.045257568359375,-0.004302978515625,4.318981e-37,8.8498495e-24,59.999992,-19.999996,-19.999996,-19.999996,-19.999996,-1e-45,Object notstarted,Object notstarted,Object notstarted,Object notstarted,Object notstarted,Object notstarted,Object notstarted,Object notstarted,Object notstarted
2024-03-18 10:36:05,963.963,__main___datalogs,INFO,JoyConState.USE_SNS,-9.587500,12.362500,-184.610000,3.430577,0.003509,0.012664,0.025328,1.845594,0.000000,0.000000,0.000000,0,0,0,0,0,0,0,0,0,0,0,0.045257568359375,-0.004302978515625,2.1520182e-37,4.4096137e-24,59.999992,-19.999996,-19.999996,-19.999996,-19.999996,-1e-45,Object notstarted,Object notstarted,Object notstarted,Object notstarted,Object notstarted,Object notstarted,Object notstarted,Object notstarted,Object notstarted
2024-03-18 10:36:06,097.097,__main___datalogs,INFO,JoyConState.USE_SNS,-9.587500,12.362500,-184.610000,3.299359,0.003509,0.011443,0.024565,1.877354,0.000000,0.000000,0.000000,0,0,0,0,0,0,0,0,0,0,0,0.045257568359375,-0.004302978515625,1.072286e-37,2.197178e-24,59.999992,-19.999996,-19.999996,-19.999996,-19.999996,-1e-45,Object notstarted,Object notstarted,Object notstarted,Object notstarted,Object notstarted,Object notstarted,Object notstarted,Object notstarted,Object notstarted
2024-03-18 10:36:06,223.223,__main___datalogs,INFO,JoyConState.USE_SNS,-9.587500,12.362500,-184.610000,3.192707,0.003815,0.011443,0.023039,1.909134,0.000000,0.000000,0.000000,0,0,0,0,0,0,0,0,0,0,0,0.045257568359375,-0.004302978515625,5.3428786e-38,1.0947878e-24,59.999992,-19.999996,-19.999996,-19.999996,-19.999996,-1e-45,Object notstarted,Object notstarted,Object notstarted,Object notstarted,Object notstarted,Object notstarted,Object notstarted,Object notstarted,Object notstarted
2024-03-18 10:36:06,347.347,__main___datalogs,INFO,JoyConState.USE_SNS,-9.587500,12.362500,-184.610000,3.024413,0.007782,0.007324,0.020598,1.940933,0.000000,0.000000,0.000000,0,0,0,0,0,0,0,0,0,0,0,0.045257568359375,-0.004302978515625,2.6621958e-38,5.454998e-25,59.999992,-19.999996,-19.999996,-19.999996,-19.999996,-1e-45,Object notstarted,Object notstarted,Object notstarted,Object notstarted,Object notstarted,Object notstarted,Object notstarted,Object notstarted,Object notstarted
2024-03-18 10:36:06,459.459,__main___datalogs,INFO,JoyConState.USE_SNS,-9.587500,12.362500,-184.610000,3.526854,0.003204,0.007782,0.024718,1.972750,0.000000,0.000000,0.000000,0,0,0,0,0,0,0,0,0,0,0,0.045257568359375,-0.004302978515625,1.3264921e-38,2.7180614e-25,59.999992,-19.999996,-19.999996,-19.999996,-19.999996,-1e-45,Object notstarted,Object notstarted,Object notstarted,Object notstarted,Object notstarted,Object notstarted,Object notstarted,Object notstarted,Object notstarted
2024-03-18 10:36:06,567.567,__main___datalogs,INFO,JoyConState.USE_SNS,-9.587500,12.362500,-184.610000,3.654410,0.003815,0.008239,0.024870,2.004584,0.000000,0.000000,0.000000,0,0,0,0,0,0,0,0,0,0,0,0.045257568359375,-0.004302978515625,6.609511e-39,1.3543282e-25,59.999992,-19.999996,-19.999996,-19.999996,-19.999996,-1e-45,Object notstarted,Object notstarted,Object notstarted,Object notstarted,Object notstarted,Object notstarted,Object notstarted,Object notstarted,Object notstarted
2024-03-18 10:36:06,674.674,__main___datalogs,INFO,JoyConState.USE_SNS,-9.587500,12.362500,-184.610000,3.473909,0.004578,0.007324,0.024565,2.036434,0.000000,0.000000,0.000000,0,0,0,0,0,0,0,0,0,0,0,0.045257568359375,-0.004302978515625,3.29332e-39,6.74821e-26,59.999992,-19.999996,-19.999996,-19.999996,-19.999996,-1e-45,Object notstarted,Object notstarted,Object notstarted,Object notstarted,Object notstarted,Object notstarted,Object notstarted,Object notstarted,Object notstarted
2024-03-18 10:36:06,797.797,__main___datalogs,INFO,JoyConState.USE_SNS,-9.587500,12.362500,-184.627500,3.511901,0.003509,0.007782,0.024870,2.068298,0.000000,0.000000,0.000000,0,0,0,0,0,0,0,0,0,0,0,0.045257568359375,-0.004302978515625,1.640963e-39,3.3624302e-26,59.999992,-19.999996,-19.999996,-19.999996,-19.999996,-1e-45,Object notstarted,Object notstarted,Object notstarted,Object notstarted,Object notstarted,Object notstarted,Object notstarted,Object notstarted,Object notstarted
2024-03-18 10:36:06,920.920,__main___datalogs,INFO,JoyConState.USE_SNS,-9.587500,12.362500,-184.630000,3.673177,0.003204,0.006408,0.024565,2.100176,0.000000,0.000000,0.000000,0,0,0,0,0,0,0,0,0,0,0,0.045257568359375,-0.004302978515625,8.17642e-40,1.6753977e-26,59.999992,-19.999996,-19.999996,-19.999996,-19.999996,-1e-45,Object notstarted,Object notstarted,Object notstarted,Object notstarted,Object notstarted,Object notstarted,Object notstarted,Object notstarted,Object notstarted
2024-03-18 10:36:07,027.027,__main___datalogs,INFO,JoyConState.USE_SNS,-9.587500,12.362500,-184.630000,3.719103,0.007477,0.013122,0.023650,2.132067,0.000000,0.000000,0.000000,0,0,0,0,0,0,0,0,0,0,0,0.045257568359375,-0.004302978515625,4.07407e-40,8.348003e-27,59.999992,-19.999996,-19.999996,-19.999996,-19.999996,-1e-45,Object notstarted,Object notstarted,Object notstarted,Object notstarted,Object notstarted,Object notstarted,Object notstarted,Object notstarted,Object notstarted
2024-03-18 10:36:07,155.155,__main___datalogs,INFO,JoyConState.USE_SNS,-9.587500,12.362500,-184.630000,4.003357,0.003357,0.012664,0.023650,2.163969,0.000000,0.000000,0.000000,0,0,0,0,0,0,0,0,0,0,0,0.045257568359375,-0.004302978515625,2.02999e-40,4.1595584e-27,59.999992,-19.999996,-19.999996,-19.999996,-19.999996,-1e-45,Object notstarted,Object notstarted,Object notstarted,Object notstarted,Object notstarted,Object notstarted,Object notstarted,Object notstarted,Object notstarted
2024-03-18 10:36:07,262.262,__main___datalogs,INFO,JoyConState.USE_SNS,-9.587500,12.362500,-184.630000,3.939884,0.003815,0.012054,0.024260,2.195882,0.000000,0.000000,0.000000,0,0,0,0,0,0,0,0,0,0,0,0.045257568359375,-0.004302978515625,1.01149e-40,2.0725828e-27,59.999992,-19.999996,-19.999996,-19.999996,-19.999996,-1e-45,Object notstarted,Object notstarted,Object notstarted,Object notstarted,Object notstarted,Object notstarted,Object notstarted,Object notstarted,Object notstarted
2024-03-18 10:36:07,369.369,__main___datalogs,INFO,JoyConState.USE_SNS,-9.587500,12.362500,-184.630000,3.962161,0.005340,0.007476,0.024870,2.227804,0.000000,0.000000,0.000000,0,0,0,0,0,0,0,0,0,0,0,0.045257568359375,-0.004302978515625,5.0399e-41,1.0327057e-27,59.999992,-19.999996,-19.999996,-19.999996,-19.999996,-1e-45,Object notstarted,Object notstarted,Object notstarted,Object notstarted,Object notstarted,Object notstarted,Object notstarted,Object notstarted,Object notstarted
2024-03-18 10:36:07,494.494,__main___datalogs,INFO,JoyConState.USE_SNS,-9.587500,12.362500,-184.630000,3.946598,0.007324,0.007782,0.024565,2.259735,0.000000,0.000000,0.000000,0,0,0,0,0,0,0,0,0,0,0,0.045257568359375,-0.004302978515625,2.5113e-41,5.1456616e-28,59.999992,-19.999996,-19.999996,-19.999996,-19.999996,-1e-45,Object notstarted,Object notstarted,Object notstarted,Object notstarted,Object notstarted,Object notstarted,Object notstarted,Object notstarted,Object notstarted
2024-03-18 10:36:07,601.601,__main___datalogs,INFO,JoyConState.USE_SNS,-9.587500,12.362500,-184.630000,4.012359,0.000610,0.010681,0.022124,2.291675,0.000000,0.000000,0.000000,0,0,0,0,0,0,0,0,0,0,0,0.045257568359375,-0.004302978515625,1.2512e-41,2.5639284e-28,59.999992,-19.999996,-19.999996,-19.999996,-19.999996,-1e-45,Object notstarted,Object notstarted,Object notstarted,Object notstarted,Object notstarted,Object notstarted,Object notstarted,Object notstarted,Object notstarted
2024-03-18 10:36:07,728.728,__main___datalogs,INFO,JoyConState.USE_SNS,-9.587500,12.362500,-184.630000,3.953616,0.003815,0.012359,0.024260,2.323624,0.000000,0.000000,0.000000,0,0,0,0,0,0,0,0,0,0,0,0.045257568359375,-0.004302978515625,6.234e-42,1.2775284e-28,59.999992,-19.999996,-19.999996,-19.999996,-19.999996,-1e-45,Object notstarted,Object notstarted,Object notstarted,Object notstarted,Object notstarted,Object notstarted,Object notstarted,Object notstarted,Object notstarted
2024-03-18 10:36:07,852.852,__main___datalogs,INFO,JoyConState.USE_SNS,-9.587500,12.362500,-184.630000,3.834605,0.004425,0.011901,0.020598,2.355579,0.000000,0.000000,0.000000,0,0,0,0,0,0,0,0,0,0,0,0.045257568359375,-0.004302978515625,3.105e-42,6.36554e-29,59.999992,-19.999996,-19.999996,-19.999996,-19.999996,-1e-45,Object notstarted,Object notstarted,Object notstarted,Object notstarted,Object notstarted,Object notstarted,Object notstarted,Object notstarted,Object notstarted
2024-03-18 10:36:07,959.959,__main___datalogs,INFO,JoyConState.USE_SNS,-9.587500,12.362500,-184.630000,4.161276,0.003815,0.007476,0.019988,2.387542,0.000000,0.000000,0.000000,0,0,0,0,0,0,0,0,0,0,0,0.045257568359375,-0.004302978515625,1.547e-42,3.1717568e-29,59.999992,-19.999996,-19.999996,-19.999996,-19.999996,-1e-45,Object notstarted,Object notstarted,Object notstarted,Object notstarted,Object notstarted,Object notstarted,Object notstarted,Object notstarted,Object notstarted
2024-03-18 10:36:08,068.068,__main___datalogs,INFO,JoyConState.USE_SNS,-9.587500,12.362500,-184.630000,4.005798,0.003204,0.012359,0.025023,2.419510,0.000000,0.000000,0.000000,0,0,0,0,0,0,0,0,0,0,0,0.045257568359375,-0.004302978515625,7.71e-43,1.580391e-29,59.999992,-19.999996,-19.999996,-19.999996,-19.999996,-1e-45,Object notstarted,Object notstarted,Object notstarted,Object notstarted,Object notstarted,Object notstarted,Object notstarted,Object notstarted,Object notstarted
2024-03-18 10:36:08,206.206,__main___datalogs,INFO,JoyConState.USE_SNS,-9.587500,12.362500,-184.630000,3.967653,0.003815,0.007476,0.020293,2.451484,0.000000,0.000000,0.000000,0,0,0,0,0,0,0,0,0,0,0,0.045257568359375,-0.004302978515625,3.84e-43,7.874613e-30,59.999992,-19.999996,-19.999996,-19.999996,-19.999996,-1e-45,Object notstarted,Object notstarted,Object notstarted,Object notstarted,Object notstarted,Object notstarted,Object notstarted,Object notstarted,Object notstarted
2024-03-18 10:36:08,345.345,__main___datalogs,INFO,JoyConState.USE_SNS,-9.587500,12.362500,-184.630000,3.858712,0.005035,0.006408,0.019072,2.483463,0.000000,0.000000,0.000000,0,0,0,0,0,0,0,0,0,0,0,0.045257568359375,-0.004302978515625,1.9e-43,3.9236828e-30,59.999992,-19.999996,-19.999996,-19.999996,-19.999996,-1e-45,Object notstarted,Object notstarted,Object notstarted,Object notstarted,Object notstarted,Object notstarted,Object notstarted,Object notstarted,Object notstarted
2024-03-18 10:36:08,468.468,__main___datalogs,INFO,JoyConState.USE_SNS,-9.587500,12.362500,-184.630000,4.453769,0.003815,0.007782,0.024565,2.515447,0.000000,0.000000,0.000000,0,0,0,0,0,0,0,0,0,0,0,0.045257568359375,-0.004302978515625,9.5e-44,1.955053e-30,59.999992,-19.999996,-19.999996,-19.999996,-19.999996,-1e-45,Object notstarted,Object notstarted,Object notstarted,Object notstarted,Object notstarted,Object notstarted,Object notstarted,Object notstarted,Object notstarted
2024-03-18 10:36:08,606.606,__main___datalogs,INFO,JoyConState.USE_SNS,-9.587500,12.362500,-184.630000,4.334605,0.003509,0.011443,0.021514,2.547436,0.000000,0.000000,0.000000,0,0,0,0,0,0,0,0,0,0,0,0.045257568359375,-0.004302978515625,4.8e-44,9.741441e-31,59.999992,-19.999996,-19.999996,-19.999996,-19.999996,-1e-45,Object notstarted,Object notstarted,Object notstarted,Object notstarted,Object notstarted,Object notstarted,Object notstarted,Object notstarted,Object notstarted
2024-03-18 10:36:08,714.714,__main___datalogs,INFO,JoyConState.USE_SNS,-9.587500,12.362500,-184.630000,4.011749,0.003509,0.009612,0.023650,2.579430,0.000000,0.000000,0.000000,0,0,0,0,0,0,0,0,0,0,0,0.045257568359375,-0.004302978515625,2.4e-44,4.853867e-31,59.999992,-19.999996,-19.999996,-19.999996,-19.999996,-1e-45,Object notstarted,Object notstarted,Object notstarted,Object notstarted,Object notstarted,Object notstarted,Object notstarted,Object notstarted,Object notstarted
2024-03-18 10:36:08,837.837,__main___datalogs,INFO,JoyConState.USE_SNS,-9.587500,12.362500,-184.630000,4.831248,0.004120,0.006866,0.024870,2.611428,0.000000,0.000000,0.000000,0,0,0,0,0,0,0,0,0,0,0,0.045257568359375,-0.004302978515625,1.1e-44,2.418536e-31,59.999992,-19.999996,-19.999996,-19.999996,-19.999996,-1e-45,Object notstarted,Object notstarted,Object notstarted,Object notstarted,Object notstarted,Object notstarted,Object notstarted,Object notstarted,Object notstarted
2024-03-18 10:36:08,964.964,__main___datalogs,INFO,JoyConState.USE_SNS,-9.587500,12.362500,-184.630000,4.222612,0.004120,0.009155,0.021819,2.643431,0.000000,0.000000,0.000000,0,0,0,0,0,0,0,0,0,0,0,0.045257568359375,-0.004302978515625,6e-45,1.2050837e-31,59.999992,-19.999996,-19.999996,-19.999996,-19.999996,-1e-45,Object notstarted,Object notstarted,Object notstarted,Object notstarted,Object notstarted,Object notstarted,Object notstarted,Object notstarted,Object notstarted
2024-03-18 10:36:09,086.086,__main___datalogs,INFO,JoyConState.USE_SNS,-9.587500,12.362500,-184.630000,4.657461,0.005493,0.011749,0.024260,2.675437,0.000000,0.000000,0.000000,0,0,0,0,0,0,0,0,0,0,0,0.045257568359375,-0.004302978515625,3e-45,6.004569e-32,59.999992,-19.999996,-19.999996,-19.999996,-19.999996,-1e-45,Object notstarted,Object notstarted,Object notstarted,Object notstarted,Object notstarted,Object notstarted,Object notstarted,Object notstarted,Object notstarted
2024-03-18 10:36:09,193.193,__main___datalogs,INFO,JoyConState.USE_SNS,-9.587500,12.362500,-184.630000,4.524260,0.006256,0.008392,0.023955,2.707448,0.000000,0.000000,0.000000,0,0,0,0,0,0,0,0,0,0,0,0.045257568359375,-0.004302978515625,1e-45,2.991896e-32,59.999992,-19.999996,-19.999996,-19.999996,-19.999996,-1e-45,Object notstarted,Object notstarted,Object notstarted,Object notstarted,Object notstarted,Object notstarted,Object notstarted,Object notstarted,Object notstarted
2024-03-18 10:36:09,321.321,__main___datalogs,INFO,JoyConState.USE_SNS,-9.587500,12.362500,-184.630000,4.214831,0.003815,0.006866,0.023039,2.739462,0.000000,0.000000,0.000000,0,0,0,0,0,0,0,0,0,0,0,0.045257568359375,-0.004302978515625,1e-45,1.490772e-32,59.999992,-19.999996,-19.999996,-19.999996,-19.999996,-1e-45,Object notstarted,Object notstarted,Object notstarted,Object notstarted,Object notstarted,Object notstarted,Object notstarted,Object notstarted,Object notstarted
2024-03-18 10:36:09,428.428,__main___datalogs,INFO,JoyConState.USE_SNS,-9.587500,12.362500,-184.630000,4.497559,0.002899,0.008239,0.024565,2.771478,0.000000,0.000000,0.000000,0,0,0,0,0,0,0,0,0,0,0,0.045257568359375,-0.004302978515625,1e-45,7.428068e-33,59.999992,-19.999996,-19.999996,-19.999996,-19.999996,-1e-45,Object notstarted,Object notstarted,Object notstarted,Object notstarted,Object notstarted,Object notstarted,Object notstarted,Object notstarted,Object notstarted
2024-03-18 10:36:09,536.536,__main___datalogs,INFO,JoyConState.USE_SNS,-9.587500,12.362500,-184.630000,4.645560,0.004730,0.012664,0.020293,2.803497,0.000000,0.000000,0.000000,0,0,0,0,0,0,0,0,0,0,0,0.045257568359375,-0.004302978515625,1e-45,3.701183e-33,59.999992,-19.999996,-19.999996,-19.999996,-19.999996,-1e-45,Object notstarted,Object notstarted,Object notstarted,Object notstarted,Object notstarted,Object notstarted,Object notstarted,Object notstarted,Object notstarted
2024-03-18 10:36:09,642.642,__main___datalogs,INFO,JoyConState.USE_SNS,-9.587500,12.362500,-184.630000,4.354745,0.003815,0.011901,0.024870,2.835518,0.000000,0.000000,0.000000,0,0,0,0,0,0,0,0,0,0,0,0.045257568359375,-0.004302978515625,1e-45,1.844188e-33,59.999992,-19.999996,-19.999996,-19.999996,-19.999996,-1e-45,Object notstarted,Object notstarted,Object notstarted,Object notstarted,Object notstarted,Object notstarted,Object notstarted,Object notstarted,Object notstarted
2024-03-18 10:36:09,767.767,__main___datalogs,INFO,JoyConState.USE_SNS,-9.587500,12.362500,-184.630000,4.459719,0.005035,0.006866,0.024565,2.867541,0.000000,0.000000,0.000000,0,0,0,0,0,0,0,0,0,0,0,0.045257568359375,-0.004302978515625,1e-45,9.189034e-34,59.999992,-19.999996,-19.999996,-19.999996,-19.999996,-1e-45,Object notstarted,Object notstarted,Object notstarted,Object notstarted,Object notstarted,Object notstarted,Object notstarted,Object notstarted,Object notstarted
2024-03-18 10:36:09,874.874,__main___datalogs,INFO,JoyConState.USE_SNS,-9.587500,12.362500,-184.630000,4.731614,0.005035,0.010833,0.024565,2.899566,0.000000,0.000000,0.000000,0,0,0,0,0,0,0,0,0,0,0,0.045257568359375,-0.004302978515625,1e-45,4.578619e-34,59.999992,-19.999996,-19.999996,-19.999996,-19.999996,-1e-45,Object notstarted,Object notstarted,Object notstarted,Object notstarted,Object notstarted,Object notstarted,Object notstarted,Object notstarted,Object notstarted
2024-03-18 10:36:09,981.981,__main___datalogs,INFO,JoyConState.USE_SNS,-9.587500,12.362500,-184.630000,4.540739,0.005035,0.007324,0.023650,2.931593,0.000000,0.000000,0.000000,0,0,0,0,0,0,0,0,0,0,0,0.045257568359375,-0.004302978515625,1e-45,2.2813882e-34,59.999992,-19.999996,-19.999996,-19.999996,-19.999996,-1e-45,Object notstarted,Object notstarted,Object notstarted,Object notstarted,Object notstarted,Object notstarted,Object notstarted,Object notstarted,Object notstarted
2024-03-18 10:36:10,087.087,__main___datalogs,INFO,JoyConState.USE_SNS,-9.587500,12.362500,-184.630000,4.658987,0.003509,0.011443,0.024565,2.963622,0.000000,0.000000,0.000000,0,0,0,0,0,0,0,0,0,0,0,0.045257568359375,-0.004302978515625,1e-45,1.1367471e-34,59.999992,-19.999996,-19.999996,-19.999996,-19.999996,-1e-45,Object notstarted,Object notstarted,Object notstarted,Object notstarted,Object notstarted,Object notstarted,Object notstarted,Object notstarted,Object notstarted
2024-03-18 10:36:10,195.195,__main___datalogs,INFO,JoyConState.USE_SNS,-9.587500,12.362500,-184.630000,4.844065,0.003204,0.008697,0.024565,2.995653,0.000000,0.000000,0.000000,0,0,0,0,0,0,0,0,0,0,0,0.045257568359375,-0.004302978515625,1e-45,5.664069e-35,59.999992,-19.999996,-19.999996,-19.999996,-19.999996,-1e-45,Object notstarted,Object notstarted,Object notstarted,Object notstarted,Object notstarted,Object notstarted,Object notstarted,Object notstarted,Object notstarted
2024-03-18 10:36:10,306.306,__main___datalogs,INFO,JoyConState.USE_SNS,-9.587500,12.362500,-184.630000,4.862222,0.003204,0.008697,0.025328,3.027686,0.000000,0.000000,0.000000,0,0,0,0,0,0,0,0,0,0,0,0.045257568359375,-0.004302978515625,1e-45,2.8222354e-35,59.999992,-19.999996,-19.999996,-19.999996,-19.999996,-1e-45,Object notstarted,Object notstarted,Object notstarted,Object notstarted,Object notstarted,Object notstarted,Object notstarted,Object notstarted,Object notstarted
2024-03-18 10:36:10,414.414,__main___datalogs,INFO,JoyConState.USE_SNS,-9.587500,12.362500,-184.630000,4.599481,0.005035,0.005951,0.024718,3.059722,0.000000,0.000000,0.000000,0,0,0,0,0,0,0,0,0,0,0,0.045257568359375,-0.004302978515625,1e-45,1.406235e-35,59.999992,-19.999996,-19.999996,-19.999996,-19.999996,-1e-45,Object notstarted,Object notstarted,Object notstarted,Object notstarted,Object notstarted,Object notstarted,Object notstarted,Object notstarted,Object notstarted
2024-03-18 10:36:10,537.537,__main___datalogs,INFO,JoyConState.USE_SNS,-9.587500,12.362500,-184.630000,5.181111,0.003509,0.008392,0.024870,3.091760,0.000000,0.000000,0.000000,0,0,0,0,0,0,0,0,0,0,0,0.045257568359375,-0.004302978515625,1e-45,7.006846e-36,59.999992,-19.999996,-19.999996,-19.999996,-19.999996,-1e-45,Object notstarted,Object notstarted,Object notstarted,Object notstarted,Object notstarted,Object notstarted,Object notstarted,Object notstarted,Object notstarted
2024-03-18 10:36:10,676.676,__main___datalogs,INFO,JoyConState.USE_SNS,-9.587500,12.362500,-184.630000,4.749619,0.003815,0.007782,0.025176,3.123800,0.000000,0.000000,0.000000,0,0,0,0,0,0,0,0,0,0,0,0.045257568359375,-0.004302978515625,1e-45,3.4913007e-36,59.999992,-19.999996,-19.999996,-19.999996,-19.999996,-1e-45,Object notstarted,Object notstarted,Object notstarted,Object notstarted,Object notstarted,Object notstarted,Object notstarted,Object notstarted,Object notstarted
2024-03-18 10:36:10,804.804,__main___datalogs,INFO,JoyConState.USE_SNS,-9.587500,12.362500,-184.630000,4.718187,0.003204,0.008697,0.024870,3.155841,0.000000,0.000000,0.000000,0,0,0,0,0,0,0,0,0,0,0,0.045257568359375,-0.004302978515625,1e-45,1.7396102e-36,59.999992,-19.999996,-19.999996,-19.999996,-19.999996,-1e-45,Object notstarted,Object notstarted,Object notstarted,Object notstarted,Object notstarted,Object notstarted,Object notstarted,Object notstarted,Object notstarted
2024-03-18 10:36:10,927.927,__main___datalogs,INFO,JoyConState.USE_SNS,-9.587500,12.362500,-184.630000,4.814312,0.003509,0.005951,0.025176,3.187884,0.000000,0.000000,0.000000,0,0,0,0,0,0,0,0,0,0,0,0.045257568359375,-0.004302978515625,1e-45,8.667954e-37,59.999992,-19.999996,-19.999996,-19.999996,-19.999996,-1e-45,Object notstarted,Object notstarted,Object notstarted,Object notstarted,Object notstarted,Object notstarted,Object notstarted,Object notstarted,Object notstarted
2024-03-18 10:36:11,052.052,__main___datalogs,INFO,JoyConState.USE_SNS,-9.587500,12.362500,-184.630000,4.551572,0.003509,0.008239,0.025328,3.219927,0.000000,0.000000,0.000000,0,0,0,0,0,0,0,0,0,0,0,0.045257568359375,-0.004302978515625,1e-45,4.318981e-37,59.999992,-19.999996,-19.999996,-19.999996,-19.999996,-1e-45,Object notstarted,Object notstarted,Object notstarted,Object notstarted,Object notstarted,Object notstarted,Object notstarted,Object notstarted,Object notstarted
2024-03-18 10:36:11,195.195,__main___datalogs,INFO,JoyConState.USE_SNS,-9.587500,12.362500,-184.630000,4.563625,0.003204,0.012206,0.024565,3.251971,0.000000,0.000000,0.000000,0,0,0,0,0,0,0,0,0,0,0,0.045257568359375,-0.004302978515625,1e-45,2.1520182e-37,59.999992,-19.999996,-19.999996,-19.999996,-19.999996,-1e-45,Object notstarted,Object notstarted,Object notstarted,Object notstarted,Object notstarted,Object notstarted,Object notstarted,Object notstarted,Object notstarted
2024-03-18 10:36:11,351.351,__main___datalogs,INFO,JoyConState.USE_SNS,-9.587500,12.362500,-184.630000,4.799970,0.003204,0.008239,0.020598,3.284015,0.000000,0.000000,0.000000,0,0,0,0,0,0,0,0,0,0,0,0.045257568359375,-0.004302978515625,1e-45,1.072286e-37,59.999992,-19.999996,-19.999996,-19.999996,-19.999996,-1e-45,Object notstarted,Object notstarted,Object notstarted,Object notstarted,Object notstarted,Object notstarted,Object notstarted,Object notstarted,Object notstarted
2024-03-18 10:36:11,558.558,__main___datalogs,INFO,JoyConState.USE_SNS,-9.587500,12.362500,-184.630000,4.631370,0.002594,0.012359,0.024565,3.316059,0.000000,0.000000,0.000000,0,0,0,0,0,0,0,0,0,0,0,0.045257568359375,-0.004302978515625,1e-45,5.3428786e-38,59.999992,-19.999996,-19.999996,-19.999996,-19.999996,-1e-45,Object notstarted,Object notstarted,Object notstarted,Object notstarted,Object notstarted,Object notstarted,Object notstarted,Object notstarted,Object notstarted
2024-03-18 10:36:11,718.718,__main___datalogs,INFO,JoyConState.USE_SNS,-9.587500,12.362500,-184.630000,4.690876,0.005340,0.010986,0.025023,3.348104,0.000000,0.000000,0.000000,0,0,0,0,0,0,0,0,0,0,0,0.045257568359375,-0.004302978515625,1e-45,2.6621958e-38,59.999992,-19.999996,-19.999996,-19.999996,-19.999996,-1e-45,Object notstarted,Object notstarted,Object notstarted,Object notstarted,Object notstarted,Object notstarted,Object notstarted,Object notstarted,Object notstarted
2024-03-18 10:36:11,840.840,__main___datalogs,INFO,JoyConState.USE_SNS,-9.587500,12.362500,-184.630000,4.922948,0.003509,0.010528,0.024260,3.380149,0.000000,0.000000,0.000000,0,0,0,0,0,0,0,0,0,0,0,0.045257568359375,-0.004302978515625,1e-45,1.3264921e-38,59.999992,-19.999996,-19.999996,-19.999996,-19.999996,-1e-45,Object notstarted,Object notstarted,Object notstarted,Object notstarted,Object notstarted,Object notstarted,Object notstarted,Object notstarted,Object notstarted
2024-03-18 10:36:11,964.964,__main___datalogs,INFO,JoyConState.USE_SNS,-9.587500,12.362500,-184.630000,4.992524,0.004120,0.010070,0.022429,3.412195,0.000000,0.000000,0.000000,0,0,0,0,0,0,0,0,0,0,0,0.045257568359375,-0.004302978515625,1e-45,6.609511e-39,59.999992,-19.999996,-19.999996,-19.999996,-19.999996,-1e-45,Object notstarted,Object notstarted,Object notstarted,Object notstarted,Object notstarted,Object notstarted,Object notstarted,Object notstarted,Object notstarted
2024-03-18 10:36:12,087.087,__main___datalogs,INFO,JoyConState.USE_SNS,-9.587500,12.362500,-184.630000,4.587122,0.003204,0.009155,0.024260,3.444241,0.000000,0.000000,0.000000,0,0,0,0,0,0,0,0,0,0,0,0.045257568359375,-0.004302978515625,1e-45,3.29332e-39,59.999992,-19.999996,-19.999996,-19.999996,-19.999996,-1e-45,Object notstarted,Object notstarted,Object notstarted,Object notstarted,Object notstarted,Object notstarted,Object notstarted,Object notstarted,Object notstarted
2024-03-18 10:36:12,210.210,__main___datalogs,INFO,JoyConState.USE_SNS,-9.587500,12.362500,-184.630000,4.967348,0.003204,0.012206,0.024565,3.476288,0.000000,0.000000,0.000000,0,0,0,0,0,0,0,0,0,0,0,0.045257568359375,-0.004302978515625,1e-45,1.640963e-39,59.999992,-19.999996,-19.999996,-19.999996,-19.999996,-1e-45,Object notstarted,Object notstarted,Object notstarted,Object notstarted,Object notstarted,Object notstarted,Object notstarted,Object notstarted,Object notstarted
2024-03-18 10:36:12,350.350,__main___datalogs,INFO,JoyConState.USE_SNS,-9.587500,12.362500,-184.630000,4.850626,0.004425,0.008239,0.021208,3.508336,0.000000,0.000000,0.000000,0,0,0,0,0,0,0,0,0,0,0,0.045257568359375,-0.004302978515625,1e-45,8.17642e-40,59.999992,-19.999996,-19.999996,-19.999996,-19.999996,-1e-45,Object notstarted,Object notstarted,Object notstarted,Object notstarted,Object notstarted,Object notstarted,Object notstarted,Object notstarted,Object notstarted
2024-03-18 10:36:12,495.495,__main___datalogs,INFO,JoyConState.USE_SNS,-9.587500,12.362500,-184.630000,5.348032,0.003509,0.011443,0.025176,3.540384,0.000000,0.000000,0.000000,0,0,0,0,0,0,0,0,0,0,0,0.045257568359375,-0.004302978515625,1e-45,4.07407e-40,59.999992,-19.999996,-19.999996,-19.999996,-19.999996,-1e-45,Object notstarted,Object notstarted,Object notstarted,Object notstarted,Object notstarted,Object notstarted,Object notstarted,Object notstarted,Object notstarted
2024-03-18 10:36:12,616.616,__main___datalogs,INFO,JoyConState.USE_SNS,-9.587500,12.362500,-184.630000,5.164175,0.003204,0.007476,0.024870,3.572433,0.000000,0.000000,0.000000,0,0,0,0,0,0,0,0,0,0,0,0.045257568359375,-0.004302978515625,1e-45,2.02999e-40,59.999992,-19.999996,-19.999996,-19.999996,-19.999996,-1e-45,Object notstarted,Object notstarted,Object notstarted,Object notstarted,Object notstarted,Object notstarted,Object notstarted,Object notstarted,Object notstarted
2024-03-18 10:36:12,722.722,__main___datalogs,INFO,JoyConState.USE_SNS,-9.587500,12.362500,-184.630000,5.121453,0.002289,0.009612,0.025176,3.604481,0.000000,0.000000,0.000000,0,0,0,0,0,0,0,0,0,0,0,0.045257568359375,-0.004302978515625,1e-45,1.01149e-40,59.999992,-19.999996,-19.999996,-19.999996,-19.999996,-1e-45,Object notstarted,Object notstarted,Object notstarted,Object notstarted,Object notstarted,Object notstarted,Object notstarted,Object notstarted,Object notstarted
2024-03-18 10:36:12,863.863,__main___datalogs,INFO,JoyConState.USE_SNS,-9.587500,12.362500,-184.630000,5.177144,0.004120,0.011138,0.023039,3.636529,0.000000,0.000000,0.000000,0,0,0,0,0,0,0,0,0,0,0,0.045257568359375,-0.004302978515625,1e-45,5.0399e-41,59.999992,-19.999996,-19.999996,-19.999996,-19.999996,-1e-45,Object notstarted,Object notstarted,Object notstarted,Object notstarted,Object notstarted,Object notstarted,Object notstarted,Object notstarted,Object notstarted
2024-03-18 10:36:12,990.990,__main___datalogs,INFO,JoyConState.USE_SNS,-9.587500,12.362500,-184.630000,5.415929,0.003509,0.009765,0.024565,3.668577,0.000000,0.000000,0.000000,0,0,0,0,0,0,0,0,0,0,0,0.045257568359375,-0.004302978515625,1e-45,2.5113e-41,59.999992,-19.999996,-19.999996,-19.999996,-19.999996,-1e-45,Object notstarted,Object notstarted,Object notstarted,Object notstarted,Object notstarted,Object notstarted,Object notstarted,Object notstarted,Object notstarted
2024-03-18 10:36:13,115.115,__main___datalogs,INFO,JoyConState.USE_SNS,-9.587500,12.362500,-184.630000,5.611535,0.003815,0.008697,0.020903,3.700627,0.000000,0.000000,0.000000,0,0,0,0,0,0,0,0,0,0,0,0.045257568359375,-0.004302978515625,1e-45,1.2512e-41,59.999992,-19.999996,-19.999996,-19.999996,-19.999996,-1e-45,Object notstarted,Object notstarted,Object notstarted,Object notstarted,Object notstarted,Object notstarted,Object notstarted,Object notstarted,Object notstarted
2024-03-18 10:36:13,226.226,__main___datalogs,INFO,JoyConState.USE_SNS,-9.587500,12.362500,-184.630000,5.093226,0.001678,0.008239,0.023650,3.732676,0.000000,0.000000,0.000000,0,0,0,0,0,0,0,0,0,0,0,0.045257568359375,-0.004302978515625,1e-45,6.234e-42,59.999992,-19.999996,-19.999996,-19.999996,-19.999996,-1e-45,Object notstarted,Object notstarted,Object notstarted,Object notstarted,Object notstarted,Object notstarted,Object notstarted,Object notstarted,Object notstarted
2024-03-18 10:36:13,352.352,__main___datalogs,INFO,JoyConState.USE_SNS,-9.587500,12.362500,-184.630000,4.977113,0.005798,0.011291,0.023192,3.764727,0.000000,0.000000,0.000000,0,0,0,0,0,0,0,0,0,0,0,0.045257568359375,-0.004302978515625,1e-45,3.105e-42,59.999992,-19.999996,-19.999996,-19.999996,-19.999996,-1e-45,Object notstarted,Object notstarted,Object notstarted,Object notstarted,Object notstarted,Object notstarted,Object notstarted,Object notstarted,Object notstarted
2024-03-18 10:36:13,501.501,__main___datalogs,INFO,JoyConState.USE_SNS,-9.587500,12.362500,-184.630000,4.924779,0.004272,0.008697,0.025328,3.796778,0.000000,0.000000,0.000000,0,0,0,0,0,0,0,0,0,0,0,0.045257568359375,-0.004302978515625,1e-45,1.547e-42,59.999992,-19.999996,-19.999996,-19.999996,-19.999996,-1e-45,Object notstarted,Object notstarted,Object notstarted,Object notstarted,Object notstarted,Object notstarted,Object notstarted,Object notstarted,Object notstarted
2024-03-18 10:36:13,590.590,__main___datalogs,INFO,JoyConState.USE_SNS,-9.587500,12.362500,-184.630000,5.188435,0.003815,0.008850,0.020293,3.828830,0.000000,0.000000,0.000000,0,0,0,0,0,0,0,0,0,0,0,0.045257568359375,-0.004302978515625,1e-45,7.71e-43,59.999992,-19.999996,-19.999996,-19.999996,-19.999996,-1e-45,Object notstarted,Object notstarted,Object notstarted,Object notstarted,Object notstarted,Object notstarted,Object notstarted,Object notstarted,Object notstarted
2024-03-18 10:36:13,701.701,__main___datalogs,INFO,JoyConState.USE_SNS,-9.587500,12.362500,-184.630000,5.405401,0.003204,0.010833,0.024870,3.860883,0.000000,0.000000,0.000000,0,0,0,0,0,0,0,0,0,0,0,0.045257568359375,-0.004302978515625,1e-45,3.84e-43,59.999992,-19.999996,-19.999996,-19.999996,-19.999996,-1e-45,Object notstarted,Object notstarted,Object notstarted,Object notstarted,Object notstarted,Object notstarted,Object notstarted,Object notstarted,Object notstarted
2024-03-18 10:36:13,824.824,__main___datalogs,INFO,JoyConState.USE_SNS,-9.587500,12.362500,-184.630000,5.216509,0.003815,0.009155,0.025176,3.892937,0.000000,0.000000,0.000000,0,0,0,0,0,0,0,0,0,0,0,0.045257568359375,-0.004302978515625,1e-45,1.9e-43,59.999992,-19.999996,-19.999996,-19.999996,-19.999996,-1e-45,Object notstarted,Object notstarted,Object notstarted,Object notstarted,Object notstarted,Object notstarted,Object notstarted,Object notstarted,Object notstarted
2024-03-18 10:36:13,950.950,__main___datalogs,INFO,JoyConState.USE_SNS,-9.587500,12.362500,-184.630000,5.823162,0.000763,0.008239,0.025176,3.924991,0.000000,0.000000,0.000000,0,0,0,0,0,0,0,0,0,0,0,0.045257568359375,-0.004302978515625,1e-45,9.5e-44,59.999992,-19.999996,-19.999996,-19.999996,-19.999996,-1e-45,Object notstarted,Object notstarted,Object notstarted,Object notstarted,Object notstarted,Object notstarted,Object notstarted,Object notstarted,Object notstarted
2024-03-18 10:36:14,057.057,__main___datalogs,INFO,JoyConState.USE_SNS,-9.587500,12.362500,-184.630000,5.534483,0.003509,0.012206,0.024870,3.957046,0.000000,0.000000,0.000000,0,0,0,0,0,0,0,0,0,0,0,0.045257568359375,-0.004302978515625,1e-45,4.8e-44,59.999992,-19.999996,-19.999996,-19.999996,-19.999996,-1e-45,Object notstarted,Object notstarted,Object notstarted,Object notstarted,Object notstarted,Object notstarted,Object notstarted,Object notstarted,Object notstarted
2024-03-18 10:36:14,197.197,__main___datalogs,INFO,JoyConState.USE_SNS,-9.587500,12.362500,-184.630000,5.479860,0.002899,0.006866,0.025176,3.989101,0.000000,0.000000,0.000000,0,0,0,0,0,0,0,0,0,0,0,0.045257568359375,-0.004302978515625,1e-45,2.4e-44,59.999992,-19.999996,-19.999996,-19.999996,-19.999996,-1e-45,Object notstarted,Object notstarted,Object notstarted,Object notstarted,Object notstarted,Object notstarted,Object notstarted,Object notstarted,Object notstarted
2024-03-18 10:36:14,319.319,__main___datalogs,INFO,JoyConState.USE_SNS,-9.587500,12.362500,-184.630000,5.946750,0.003815,0.007782,0.020903,4.021157,0.000000,0.000000,0.000000,0,0,0,0,0,0,0,0,0,0,0,0.045257568359375,-0.004302978515625,1e-45,1.1e-44,59.999992,-19.999996,-19.999996,-19.999996,-19.999996,-1e-45,Object notstarted,Object notstarted,Object notstarted,Object notstarted,Object notstarted,Object notstarted,Object notstarted,Object notstarted,Object notstarted
2024-03-18 10:36:14,427.427,__main___datalogs,INFO,JoyConState.USE_SNS,-9.587500,12.362500,-184.630000,5.836436,0.004120,0.012817,0.024565,4.053212,0.000000,0.000000,0.000000,0,0,0,0,0,0,0,0,0,0,0,0.045257568359375,-0.004302978515625,1e-45,6e-45,59.999992,-19.999996,-19.999996,-19.999996,-19.999996,-1e-45,Object notstarted,Object notstarted,Object notstarted,Object notstarted,Object notstarted,Object notstarted,Object notstarted,Object notstarted,Object notstarted
2024-03-18 10:36:14,564.564,__main___datalogs,INFO,JoyConState.USE_SNS,-9.587500,12.362500,-184.630000,5.597803,0.006714,0.009765,0.020903,4.085267,0.000000,0.000000,0.000000,0,0,0,0,0,0,0,0,0,0,0,0.045257568359375,-0.004302978515625,1e-45,3e-45,59.999992,-19.999996,-19.999996,-19.999996,-19.999996,-1e-45,Object notstarted,Object notstarted,Object notstarted,Object notstarted,Object notstarted,Object notstarted,Object notstarted,Object notstarted,Object notstarted
2024-03-18 10:36:14,671.671,__main___datalogs,INFO,JoyConState.USE_SNS,-9.587500,12.362500,-184.630000,5.706439,0.004425,0.012054,0.024565,4.117320,0.000000,0.000000,0.000000,0,0,0,0,0,0,0,0,0,0,0,0.045257568359375,-0.004302978515625,1e-45,1e-45,59.999992,-19.999996,-19.999996,-19.999996,-19.999996,-1e-45,Object notstarted,Object notstarted,Object notstarted,Object notstarted,Object notstarted,Object notstarted,Object notstarted,Object notstarted,Object notstarted
2024-03-18 10:36:14,781.781,__main___datalogs,INFO,JoyConState.USE_SNS,-9.587500,12.362500,-184.630000,5.421117,0.003204,0.009765,0.025023,4.149374,0.000000,0.000000,0.000000,0,0,0,0,0,0,0,0,0,0,0,0.045257568359375,-0.004302978515625,1e-45,1e-45,59.999992,-19.999996,-19.999996,-19.999996,-19.999996,-1e-45,Object notstarted,Object notstarted,Object notstarted,Object notstarted,Object notstarted,Object notstarted,Object notstarted,Object notstarted,Object notstarted
2024-03-18 10:36:14,920.920,__main___datalogs,INFO,JoyConState.USE_SNS,-9.587500,12.362500,-184.630000,5.826671,0.003815,0.008697,0.025176,4.181427,0.000000,0.000000,0.000000,0,0,0,0,0,0,0,0,0,0,0,0.045257568359375,-0.004302978515625,1e-45,1e-45,59.999992,-19.999996,-19.999996,-19.999996,-19.999996,-1e-45,Object notstarted,Object notstarted,Object notstarted,Object notstarted,Object notstarted,Object notstarted,Object notstarted,Object notstarted,Object notstarted
2024-03-18 10:36:15,027.027,__main___datalogs,INFO,JoyConState.USE_SNS,-9.587500,12.362500,-184.630000,5.360238,0.002899,0.009155,0.024870,4.213480,0.000000,0.000000,0.000000,0,0,0,0,0,0,0,0,0,0,0,0.045257568359375,-0.004302978515625,1e-45,1e-45,59.999992,-19.999996,-19.999996,-19.999996,-19.999996,-1e-45,Object notstarted,Object notstarted,Object notstarted,Object notstarted,Object notstarted,Object notstarted,Object notstarted,Object notstarted,Object notstarted
2024-03-18 10:36:15,135.135,__main___datalogs,INFO,JoyConState.USE_SNS,-9.587500,12.362500,-184.630000,5.970705,0.004120,0.012054,0.021514,4.245532,0.000000,0.000000,0.000000,0,0,0,0,0,0,0,0,0,0,0,0.045257568359375,-0.004302978515625,1e-45,1e-45,59.999992,-19.999996,-19.999996,-19.999996,-19.999996,-1e-45,Object notstarted,Object notstarted,Object notstarted,Object notstarted,Object notstarted,Object notstarted,Object notstarted,Object notstarted,Object notstarted
2024-03-18 10:36:15,257.257,__main___datalogs,INFO,JoyConState.USE_SNS,-9.587500,12.362500,-184.630000,5.344065,0.007171,0.005798,0.024870,4.277584,0.000000,0.000000,0.000000,0,0,0,0,0,0,0,0,0,0,0,0.045257568359375,-0.004302978515625,1e-45,1e-45,59.999992,-19.999996,-19.999996,-19.999996,-19.999996,-1e-45,Object notstarted,Object notstarted,Object notstarted,Object notstarted,Object notstarted,Object notstarted,Object notstarted,Object notstarted,Object notstarted
2024-03-18 10:36:15,366.366,__main___datalogs,INFO,JoyConState.USE_SNS,-9.587500,12.362500,-184.630000,5.572475,0.005188,0.007324,0.024870,4.309635,0.000000,0.000000,0.000000,0,0,0,0,0,0,0,0,0,0,0,0.045257568359375,-0.004302978515625,1e-45,1e-45,59.999992,-19.999996,-19.999996,-19.999996,-19.999996,-1e-45,Object notstarted,Object notstarted,Object notstarted,Object notstarted,Object notstarted,Object notstarted,Object notstarted,Object notstarted,Object notstarted
2024-03-18 10:36:15,521.521,__main___datalogs,INFO,JoyConState.USE_SNS,-9.587500,12.362500,-184.630000,5.959567,0.007476,0.011596,0.024870,4.341688,0.000000,0.000000,0.000000,0,0,0,0,0,0,0,0,0,0,0,0.045257568359375,-0.004302978515625,1e-45,1e-45,59.999992,-19.999996,-19.999996,-19.999996,-19.999996,-1e-45,Object notstarted,Object notstarted,Object notstarted,Object notstarted,Object notstarted,Object notstarted,Object notstarted,Object notstarted,Object notstarted
2024-03-18 10:36:15,646.646,__main___datalogs,INFO,JoyConState.USE_SNS,-9.587500,12.362500,-184.630000,5.859323,0.007019,0.007782,0.025328,4.373740,0.000000,0.000000,0.000000,0,0,0,0,0,0,0,0,0,0,0,0.045257568359375,-0.004302978515625,1e-45,1e-45,59.999992,-19.999996,-19.999996,-19.999996,-19.999996,-1e-45,Object notstarted,Object notstarted,Object notstarted,Object notstarted,Object notstarted,Object notstarted,Object notstarted,Object notstarted,Object notstarted
2024-03-18 10:36:15,787.787,__main___datalogs,INFO,JoyConState.USE_SNS,-9.587500,12.362500,-184.630000,5.885108,0.002899,0.011901,0.020903,4.405794,0.000000,0.000000,0.000000,0,0,0,0,0,0,0,0,0,0,0,0.045257568359375,-0.004302978515625,1e-45,1e-45,59.999992,-19.999996,-19.999996,-19.999996,-19.999996,-1e-45,Object notstarted,Object notstarted,Object notstarted,Object notstarted,Object notstarted,Object notstarted,Object notstarted,Object notstarted,Object notstarted
2024-03-18 10:36:15,926.926,__main___datalogs,INFO,JoyConState.USE_SNS,-9.587500,12.362500,-184.630000,6.163107,0.003815,0.009612,0.025023,4.437848,0.000000,0.000000,0.000000,0,0,0,0,0,0,0,0,0,0,0,0.045257568359375,-0.004302978515625,1e-45,1e-45,59.999992,-19.999996,-19.999996,-19.999996,-19.999996,-1e-45,Object notstarted,Object notstarted,Object notstarted,Object notstarted,Object notstarted,Object notstarted,Object notstarted,Object notstarted,Object notstarted
2024-03-18 10:36:16,034.034,__main___datalogs,INFO,JoyConState.USE_SNS,-9.587500,12.362500,-184.630000,5.757858,0.002899,0.012511,0.024870,4.469904,0.000000,0.000000,0.000000,0,0,0,0,0,0,0,0,0,0,0,0.045257568359375,-0.004302978515625,1e-45,1e-45,59.999992,-19.999996,-19.999996,-19.999996,-19.999996,-1e-45,Object notstarted,Object notstarted,Object notstarted,Object notstarted,Object notstarted,Object notstarted,Object notstarted,Object notstarted,Object notstarted
2024-03-18 10:36:16,156.156,__main___datalogs,INFO,JoyConState.USE_SNS,-9.587500,12.362500,-184.630000,6.009612,0.004425,0.007476,0.024260,4.501959,0.000000,0.000000,0.000000,0,0,0,0,0,0,0,0,0,0,0,0.045257568359375,-0.004302978515625,1e-45,1e-45,59.999992,-19.999996,-19.999996,-19.999996,-19.999996,-1e-45,Object notstarted,Object notstarted,Object notstarted,Object notstarted,Object notstarted,Object notstarted,Object notstarted,Object notstarted,Object notstarted
2024-03-18 10:36:16,266.266,__main___datalogs,INFO,JoyConState.USE_SNS,-9.587500,12.362500,-184.630000,5.941410,0.006714,0.007324,0.025176,4.534015,0.000000,0.000000,0.000000,0,0,0,0,0,0,0,0,0,0,0,0.045257568359375,-0.004302978515625,1e-45,1e-45,59.999992,-19.999996,-19.999996,-19.999996,-19.999996,-1e-45,Object notstarted,Object notstarted,Object notstarted,Object notstarted,Object notstarted,Object notstarted,Object notstarted,Object notstarted,Object notstarted
2024-03-18 10:36:16,389.389,__main___datalogs,INFO,JoyConState.USE_SNS,-9.587500,12.362500,-184.630000,5.500610,0.004578,0.011749,0.020598,4.566072,0.000000,0.000000,0.000000,0,0,0,0,0,0,0,0,0,0,0,0.045257568359375,-0.004302978515625,1e-45,1e-45,59.999992,-19.999996,-19.999996,-19.999996,-19.999996,-1e-45,Object notstarted,Object notstarted,Object notstarted,Object notstarted,Object notstarted,Object notstarted,Object notstarted,Object notstarted,Object notstarted
2024-03-18 10:36:16,514.514,__main___datalogs,INFO,JoyConState.USE_SNS,-9.587500,12.362500,-184.630000,5.488862,0.002899,0.011749,0.024565,4.598128,0.000000,0.000000,0.000000,0,0,0,0,0,0,0,0,0,0,0,0.045257568359375,-0.004302978515625,1e-45,1e-45,59.999992,-19.999996,-19.999996,-19.999996,-19.999996,-1e-45,Object notstarted,Object notstarted,Object notstarted,Object notstarted,Object notstarted,Object notstarted,Object notstarted,Object notstarted,Object notstarted
2024-03-18 10:36:16,638.638,__main___datalogs,INFO,JoyConState.USE_SNS,-9.587500,12.362500,-184.630000,5.438053,0.002594,0.009460,0.021056,4.630185,0.000000,0.000000,0.000000,0,0,0,0,0,0,0,0,0,0,0,0.045257568359375,-0.004302978515625,1e-45,1e-45,59.999992,-19.999996,-19.999996,-19.999996,-19.999996,-1e-45,Object notstarted,Object notstarted,Object notstarted,Object notstarted,Object notstarted,Object notstarted,Object notstarted,Object notstarted,Object notstarted
2024-03-18 10:36:16,764.764,__main___datalogs,INFO,JoyConState.USE_SNS,-9.587500,12.362500,-184.630000,6.017394,0.006408,0.010070,0.024718,4.662241,0.000000,0.000000,0.000000,0,0,0,0,0,0,0,0,0,0,0,0.045257568359375,-0.004302978515625,1e-45,1e-45,59.999992,-19.999996,-19.999996,-19.999996,-19.999996,-1e-45,Object notstarted,Object notstarted,Object notstarted,Object notstarted,Object notstarted,Object notstarted,Object notstarted,Object notstarted,Object notstarted
2024-03-18 10:36:16,870.870,__main___datalogs,INFO,JoyConState.USE_SNS,-9.587500,12.362500,-184.630000,5.794172,0.005493,0.007324,0.024870,4.694297,0.000000,0.000000,0.000000,0,0,0,0,0,0,0,0,0,0,0,0.045257568359375,-0.004302978515625,1e-45,1e-45,59.999992,-19.999996,-19.999996,-19.999996,-19.999996,-1e-45,Object notstarted,Object notstarted,Object notstarted,Object notstarted,Object notstarted,Object notstarted,Object notstarted,Object notstarted,Object notstarted
2024-03-18 10:36:17,010.010,__main___datalogs,INFO,JoyConState.USE_SNS,-9.587500,12.362500,-184.630000,5.982759,0.006256,0.010070,0.025176,4.726353,0.000000,0.000000,0.000000,0,0,0,0,0,0,0,0,0,0,0,0.045257568359375,-0.004302978515625,1e-45,1e-45,59.999992,-19.999996,-19.999996,-19.999996,-19.999996,-1e-45,Object notstarted,Object notstarted,Object notstarted,Object notstarted,Object notstarted,Object notstarted,Object notstarted,Object notstarted,Object notstarted
2024-03-18 10:36:17,118.118,__main___datalogs,INFO,JoyConState.USE_SNS,-9.587500,12.362500,-184.630000,5.871834,0.002899,0.012817,0.024870,4.758407,0.000000,0.000000,0.000000,0,0,0,0,0,0,0,0,0,0,0,0.045257568359375,-0.004302978515625,1e-45,1e-45,59.999992,-19.999996,-19.999996,-19.999996,-19.999996,-1e-45,Object notstarted,Object notstarted,Object notstarted,Object notstarted,Object notstarted,Object notstarted,Object notstarted,Object notstarted,Object notstarted
2024-03-18 10:36:17,241.241,__main___datalogs,INFO,JoyConState.USE_SNS,-9.587500,12.362500,-184.630000,5.903265,0.003815,0.010223,0.020598,4.790461,0.000000,0.000000,0.000000,0,0,0,0,0,0,0,0,0,0,0,0.045257568359375,-0.004302978515625,1e-45,1e-45,59.999992,-19.999996,-19.999996,-19.999996,-19.999996,-1e-45,Object notstarted,Object notstarted,Object notstarted,Object notstarted,Object notstarted,Object notstarted,Object notstarted,Object notstarted,Object notstarted
2024-03-18 10:36:17,348.348,__main___datalogs,INFO,JoyConState.USE_SNS,-9.587500,12.362500,-184.630000,5.965212,0.004272,0.008239,0.026701,4.822515,0.000000,0.000000,0.000000,0,0,0,0,0,0,0,0,0,0,0,0.045257568359375,-0.004302978515625,1e-45,1e-45,59.999992,-19.999996,-19.999996,-19.999996,-19.999996,-1e-45,Object notstarted,Object notstarted,Object notstarted,Object notstarted,Object notstarted,Object notstarted,Object notstarted,Object notstarted,Object notstarted
2024-03-18 10:36:17,455.455,__main___datalogs,INFO,JoyConState.USE_SNS,-9.587500,12.362500,-184.630000,5.851541,0.004120,0.010070,0.025328,4.854569,0.000000,0.000000,0.000000,0,0,0,0,0,0,0,0,0,0,0,0.045257568359375,-0.004302978515625,1e-45,1e-45,59.999992,-19.999996,-19.999996,-19.999996,-19.999996,-1e-45,Object notstarted,Object notstarted,Object notstarted,Object notstarted,Object notstarted,Object notstarted,Object notstarted,Object notstarted,Object notstarted
2024-03-18 10:36:17,578.578,__main___datalogs,INFO,JoyConState.USE_SNS,-9.587500,12.362500,-184.630000,5.686756,0.002899,0.007782,0.025176,4.886622,0.000000,0.000000,0.000000,0,0,0,0,0,0,0,0,0,0,0,0.045257568359375,-0.004302978515625,1e-45,1e-45,59.999992,-19.999996,-19.999996,-19.999996,-19.999996,-1e-45,Object notstarted,Object notstarted,Object notstarted,Object notstarted,Object notstarted,Object notstarted,Object notstarted,Object notstarted,Object notstarted
2024-03-18 10:36:17,702.702,__main___datalogs,INFO,JoyConState.USE_SNS,-9.587500,12.362500,-184.630000,5.530363,-0.001221,0.011291,0.022734,4.918675,0.000000,0.000000,0.000000,0,0,0,0,0,0,0,0,0,0,0,0.045257568359375,-0.004302978515625,1e-45,1e-45,59.999992,-19.999996,-19.999996,-19.999996,-19.999996,-1e-45,Object notstarted,Object notstarted,Object notstarted,Object notstarted,Object notstarted,Object notstarted,Object notstarted,Object notstarted,Object notstarted
2024-03-18 10:36:17,808.808,__main___datalogs,INFO,JoyConState.USE_SNS,-9.587500,12.362500,-184.630000,5.902045,0.002899,0.005951,0.021208,4.950728,0.000000,0.000000,0.000000,0,0,0,0,0,0,0,0,0,0,0,0.045257568359375,-0.004302978515625,1e-45,1e-45,59.999992,-19.999996,-19.999996,-19.999996,-19.999996,-1e-45,Object notstarted,Object notstarted,Object notstarted,Object notstarted,Object notstarted,Object notstarted,Object notstarted,Object notstarted,Object notstarted
2024-03-18 10:36:17,932.932,__main___datalogs,INFO,JoyConState.USE_SNS,-9.587500,12.362500,-184.630000,6.225511,0.003815,0.006408,0.024565,4.982781,0.000000,0.000000,0.000000,0,0,0,0,0,0,0,0,0,0,0,0.045257568359375,-0.004302978515625,1e-45,1e-45,59.999992,-19.999996,-19.999996,-19.999996,-19.999996,-1e-45,Object notstarted,Object notstarted,Object notstarted,Object notstarted,Object notstarted,Object notstarted,Object notstarted,Object notstarted,Object notstarted
2024-03-18 10:36:18,087.087,__main___datalogs,INFO,JoyConState.USE_SNS,-9.587500,12.362500,-184.630000,6.608026,0.003509,0.009155,0.020903,5.014835,0.000000,0.000000,0.000000,0,0,0,0,0,0,0,0,0,0,0,0.045257568359375,-0.004302978515625,1e-45,1e-45,59.999992,-19.999996,-19.999996,-19.999996,-19.999996,-1e-45,Object notstarted,Object notstarted,Object notstarted,Object notstarted,Object notstarted,Object notstarted,Object notstarted,Object notstarted,Object notstarted
2024-03-18 10:36:18,215.215,__main___datalogs,INFO,JoyConState.USE_SNS,-9.587500,12.362500,-184.630000,6.035093,0.003509,0.009155,0.020293,5.046891,0.000000,0.000000,0.000000,0,0,0,0,0,0,0,0,0,0,0,0.045257568359375,-0.004302978515625,1e-45,1e-45,59.999992,-19.999996,-19.999996,-19.999996,-19.999996,-1e-45,Object notstarted,Object notstarted,Object notstarted,Object notstarted,Object notstarted,Object notstarted,Object notstarted,Object notstarted,Object notstarted
2024-03-18 10:36:18,338.338,__main___datalogs,INFO,JoyConState.USE_SNS,-9.587500,12.362500,-184.630000,5.709796,0.002899,0.007782,0.022124,5.078946,0.000000,0.000000,0.000000,0,0,0,0,0,0,0,0,0,0,0,0.045257568359375,-0.004302978515625,1e-45,1e-45,59.999992,-19.999996,-19.999996,-19.999996,-19.999996,-1e-45,Object notstarted,Object notstarted,Object notstarted,Object notstarted,Object notstarted,Object notstarted,Object notstarted,Object notstarted,Object notstarted
2024-03-18 10:36:18,463.463,__main___datalogs,INFO,JoyConState.USE_SNS,-9.587500,12.362500,-184.630000,5.832164,0.002594,0.007782,0.021208,5.111002,0.000000,0.000000,0.000000,0,0,0,0,0,0,0,0,0,0,0,0.045257568359375,-0.004302978515625,1e-45,1e-45,59.999992,-19.999996,-19.999996,-19.999996,-19.999996,-1e-45,Object notstarted,Object notstarted,Object notstarted,Object notstarted,Object notstarted,Object notstarted,Object notstarted,Object notstarted,Object notstarted
2024-03-18 10:36:18,591.591,__main___datalogs,INFO,JoyConState.USE_SNS,-9.587500,12.362500,-184.630000,5.544400,0.002289,0.014495,0.023497,5.143059,0.000000,0.000000,0.000000,0,0,0,0,0,0,0,0,0,0,0,0.045257568359375,-0.004302978515625,1e-45,1e-45,59.999992,-19.999996,-19.999996,-19.999996,-19.999996,-1e-45,Object notstarted,Object notstarted,Object notstarted,Object notstarted,Object notstarted,Object notstarted,Object notstarted,Object notstarted,Object notstarted
2024-03-18 10:36:18,730.730,__main___datalogs,INFO,JoyConState.USE_SNS,-9.587500,12.362500,-184.630000,6.133201,0.003509,0.008697,0.024718,5.175116,0.000000,0.000000,0.000000,0,0,0,0,0,0,0,0,0,0,0,0.045257568359375,-0.004302978515625,1e-45,1e-45,59.999992,-19.999996,-19.999996,-19.999996,-19.999996,-1e-45,Object notstarted,Object notstarted,Object notstarted,Object notstarted,Object notstarted,Object notstarted,Object notstarted,Object notstarted,Object notstarted
2024-03-18 10:36:18,856.856,__main___datalogs,INFO,JoyConState.USE_SNS,-9.587500,12.362500,-184.630000,5.901434,0.007477,0.006866,0.021819,5.207174,0.000000,0.000000,0.000000,0,0,0,0,0,0,0,0,0,0,0,0.045257568359375,-0.004302978515625,1e-45,1e-45,59.999992,-19.999996,-19.999996,-19.999996,-19.999996,-1e-45,Object notstarted,Object notstarted,Object notstarted,Object notstarted,Object notstarted,Object notstarted,Object notstarted,Object notstarted,Object notstarted
2024-03-18 10:36:18,997.997,__main___datalogs,INFO,JoyConState.USE_SNS,-9.587500,12.362500,-184.630000,6.223833,0.004730,0.009307,0.022582,5.239232,0.000000,0.000000,0.000000,0,0,0,0,0,0,0,0,0,0,0,0.045257568359375,-0.004302978515625,1e-45,1e-45,59.999992,-19.999996,-19.999996,-19.999996,-19.999996,-1e-45,Object notstarted,Object notstarted,Object notstarted,Object notstarted,Object notstarted,Object notstarted,Object notstarted,Object notstarted,Object notstarted
2024-03-18 10:36:19,104.104,__main___datalogs,INFO,JoyConState.USE_SNS,-9.587500,12.362500,-184.630000,6.211016,0.007477,0.011596,0.020598,5.271288,0.000000,0.000000,0.000000,0,0,0,0,0,0,0,0,0,0,0,0.045257568359375,-0.004302978515625,1e-45,1e-45,59.999992,-19.999996,-19.999996,-19.999996,-19.999996,-1e-45,Object notstarted,Object notstarted,Object notstarted,Object notstarted,Object notstarted,Object notstarted,Object notstarted,Object notstarted,Object notstarted
2024-03-18 10:36:19,244.244,__main___datalogs,INFO,JoyConState.USE_SNS,-9.587500,12.362500,-184.630000,6.010223,0.002747,0.012359,0.024260,5.303345,0.000000,0.000000,0.000000,0,0,0,0,0,0,0,0,0,0,0,0.045257568359375,-0.004302978515625,1e-45,1e-45,59.999992,-19.999996,-19.999996,-19.999996,-19.999996,-1e-45,Object notstarted,Object notstarted,Object notstarted,Object notstarted,Object notstarted,Object notstarted,Object notstarted,Object notstarted,Object notstarted
2024-03-18 10:36:19,354.354,__main___datalogs,INFO,JoyConState.USE_SNS,-9.587500,12.362500,-184.630000,6.272658,0.002899,0.007782,0.025023,5.335401,0.000000,0.000000,0.000000,0,0,0,0,0,0,0,0,0,0,0,0.045257568359375,-0.004302978515625,1e-45,1e-45,59.999992,-19.999996,-19.999996,-19.999996,-19.999996,-1e-45,Object notstarted,Object notstarted,Object notstarted,Object notstarted,Object notstarted,Object notstarted,Object notstarted,Object notstarted,Object notstarted
2024-03-18 10:36:19,478.478,__main___datalogs,INFO,JoyConState.USE_SNS,-9.587500,12.362500,-184.630000,5.793103,0.003509,0.006713,0.022582,5.367456,0.000000,0.000000,0.000000,0,0,0,0,0,0,0,0,0,0,0,0.045257568359375,-0.004302978515625,1e-45,1e-45,59.999992,-19.999996,-19.999996,-19.999996,-19.999996,-1e-45,Object notstarted,Object notstarted,Object notstarted,Object notstarted,Object notstarted,Object notstarted,Object notstarted,Object notstarted,Object notstarted
2024-03-18 10:36:19,601.601,__main___datalogs,INFO,JoyConState.USE_SNS,-9.587500,12.362500,-184.630000,5.778609,0.003509,0.009155,0.025176,5.399510,0.000000,0.000000,0.000000,0,0,0,0,0,0,0,0,0,0,0,0.045257568359375,-0.004302978515625,1e-45,1e-45,59.999992,-19.999996,-19.999996,-19.999996,-19.999996,-1e-45,Object notstarted,Object notstarted,Object notstarted,Object notstarted,Object notstarted,Object notstarted,Object notstarted,Object notstarted,Object notstarted
2024-03-18 10:36:19,741.741,__main___datalogs,INFO,JoyConState.USE_SNS,-9.587500,12.362500,-184.630000,5.814922,0.007324,0.008697,0.020903,5.431565,0.000000,0.000000,0.000000,0,0,0,0,0,0,0,0,0,0,0,0.045257568359375,-0.004302978515625,1e-45,1e-45,59.999992,-19.999996,-19.999996,-19.999996,-19.999996,-1e-45,Object notstarted,Object notstarted,Object notstarted,Object notstarted,Object notstarted,Object notstarted,Object notstarted,Object notstarted,Object notstarted
2024-03-18 10:36:19,877.877,__main___datalogs,INFO,JoyConState.USE_SNS,-9.587500,12.362500,-184.630000,6.084834,0.003815,0.007324,0.021819,5.463618,0.000000,0.000000,0.000000,0,0,0,0,0,0,0,0,0,0,0,0.045257568359375,-0.004302978515625,1e-45,1e-45,59.999992,-19.999996,-19.999996,-19.999996,-19.999996,-1e-45,Object notstarted,Object notstarted,Object notstarted,Object notstarted,Object notstarted,Object notstarted,Object notstarted,Object notstarted,Object notstarted
2024-03-18 10:36:20,002.002,__main___datalogs,INFO,JoyConState.USE_SNS,-9.587500,12.362500,-184.630000,5.703082,0.006408,0.007782,0.022124,5.495672,0.000000,0.000000,0.000000,0,0,0,0,0,0,0,0,0,0,0,0.045257568359375,-0.004302978515625,1e-45,1e-45,59.999992,-19.999996,-19.999996,-19.999996,-19.999996,-1e-45,Object notstarted,Object notstarted,Object notstarted,Object notstarted,Object notstarted,Object notstarted,Object notstarted,Object notstarted,Object notstarted
2024-03-18 10:36:20,109.109,__main___datalogs,INFO,JoyConState.USE_SNS,-9.587500,12.362500,-184.630000,6.291425,0.005035,0.007782,0.021208,5.527725,0.000000,0.000000,0.000000,0,0,0,0,0,0,0,0,0,0,0,0.045257568359375,-0.004302978515625,1e-45,1e-45,59.999992,-19.999996,-19.999996,-19.999996,-19.999996,-1e-45,Object notstarted,Object notstarted,Object notstarted,Object notstarted,Object notstarted,Object notstarted,Object notstarted,Object notstarted,Object notstarted
2024-03-18 10:36:20,265.265,__main___datalogs,INFO,JoyConState.USE_SNS,-9.587500,12.362500,-184.630000,6.543943,0.008087,0.008239,0.024870,5.559777,0.000000,0.000000,0.000000,0,0,0,0,0,0,0,0,0,0,0,0.045257568359375,-0.004302978515625,1e-45,1e-45,59.999992,-19.999996,-19.999996,-19.999996,-19.999996,-1e-45,Object notstarted,Object notstarted,Object notstarted,Object notstarted,Object notstarted,Object notstarted,Object notstarted,Object notstarted,Object notstarted
2024-03-18 10:36:20,389.389,__main___datalogs,INFO,JoyConState.USE_SNS,-9.587500,12.362500,-184.630000,6.494660,0.007019,0.012054,0.025328,5.591831,0.000000,0.000000,0.000000,0,0,0,0,0,0,0,0,0,0,0,0.045257568359375,-0.004302978515625,1e-45,1e-45,59.999992,-19.999996,-19.999996,-19.999996,-19.999996,-1e-45,Object notstarted,Object notstarted,Object notstarted,Object notstarted,Object notstarted,Object notstarted,Object notstarted,Object notstarted,Object notstarted
2024-03-18 10:36:20,528.528,__main___datalogs,INFO,JoyConState.USE_SNS,-9.587500,12.362500,-184.630000,5.959262,0.004425,0.008850,0.022429,5.623884,0.000000,0.000000,0.000000,0,0,0,0,0,0,0,0,0,0,0,0.045257568359375,-0.004302978515625,1e-45,1e-45,59.999992,-19.999996,-19.999996,-19.999996,-19.999996,-1e-45,Object notstarted,Object notstarted,Object notstarted,Object notstarted,Object notstarted,Object notstarted,Object notstarted,Object notstarted,Object notstarted
2024-03-18 10:36:20,635.635,__main___datalogs,INFO,JoyConState.USE_SNS,-9.587500,12.362500,-184.630000,6.216356,0.004730,0.006408,0.020903,5.655939,0.000000,0.000000,0.000000,0,0,0,0,0,0,0,0,0,0,0,0.045257568359375,-0.004302978515625,1e-45,1e-45,59.999992,-19.999996,-19.999996,-19.999996,-19.999996,-1e-45,Object notstarted,Object notstarted,Object notstarted,Object notstarted,Object notstarted,Object notstarted,Object notstarted,Object notstarted,Object notstarted
2024-03-18 10:36:20,775.775,__main___datalogs,INFO,JoyConState.USE_SNS,-9.587500,12.362500,-184.630000,6.417455,0.003815,0.010528,0.024107,5.687994,0.000000,0.000000,0.000000,0,0,0,0,0,0,0,0,0,0,0,0.045257568359375,-0.004302978515625,1e-45,1e-45,59.999992,-19.999996,-19.999996,-19.999996,-19.999996,-1e-45,Object notstarted,Object notstarted,Object notstarted,Object notstarted,Object notstarted,Object notstarted,Object notstarted,Object notstarted,Object notstarted
2024-03-18 10:36:20,902.902,__main___datalogs,INFO,JoyConState.USE_SNS,-9.587500,12.362500,-184.630000,6.320568,0.002899,0.006408,0.021208,5.720050,0.000000,0.000000,0.000000,0,0,0,0,0,0,0,0,0,0,0,0.045257568359375,-0.004302978515625,1e-45,1e-45,59.999992,-19.999996,-19.999996,-19.999996,-19.999996,-1e-45,Object notstarted,Object notstarted,Object notstarted,Object notstarted,Object notstarted,Object notstarted,Object notstarted,Object notstarted,Object notstarted
2024-03-18 10:36:21,009.009,__main___datalogs,INFO,JoyConState.USE_SNS,-9.587500,12.362500,-184.630000,6.146628,0.002899,0.008239,0.024565,5.752106,0.000000,0.000000,0.000000,0,0,0,0,0,0,0,0,0,0,0,0.045257568359375,-0.004302978515625,1e-45,1e-45,59.999992,-19.999996,-19.999996,-19.999996,-19.999996,-1e-45,Object notstarted,Object notstarted,Object notstarted,Object notstarted,Object notstarted,Object notstarted,Object notstarted,Object notstarted,Object notstarted
2024-03-18 10:36:21,120.120,__main___datalogs,INFO,JoyConState.USE_SNS,-9.587500,12.362500,-184.630000,6.192554,0.002899,0.011901,0.025328,5.784163,0.000000,0.000000,0.000000,0,0,0,0,0,0,0,0,0,0,0,0.045257568359375,-0.004302978515625,1e-45,1e-45,59.999992,-19.999996,-19.999996,-19.999996,-19.999996,-1e-45,Object notstarted,Object notstarted,Object notstarted,Object notstarted,Object notstarted,Object notstarted,Object notstarted,Object notstarted,Object notstarted
2024-03-18 10:36:21,244.244,__main___datalogs,INFO,JoyConState.USE_SNS,-9.587500,12.362500,-184.630000,6.411199,0.004120,0.009155,0.020903,5.816219,0.000000,0.000000,0.000000,0,0,0,0,0,0,0,0,0,0,0,0.045257568359375,-0.004302978515625,1e-45,1e-45,59.999992,-19.999996,-19.999996,-19.999996,-19.999996,-1e-45,Object notstarted,Object notstarted,Object notstarted,Object notstarted,Object notstarted,Object notstarted,Object notstarted,Object notstarted,Object notstarted
2024-03-18 10:36:21,385.385,__main___datalogs,INFO,JoyConState.USE_SNS,-9.587500,12.362500,-184.630000,6.432255,0.005035,0.007171,0.020903,5.848275,0.000000,0.000000,0.000000,0,0,0,0,0,0,0,0,0,0,0,0.045257568359375,-0.004302978515625,1e-45,1e-45,59.999992,-19.999996,-19.999996,-19.999996,-19.999996,-1e-45,Object notstarted,Object notstarted,Object notstarted,Object notstarted,Object notstarted,Object notstarted,Object notstarted,Object notstarted,Object notstarted
2024-03-18 10:36:21,508.508,__main___datalogs,INFO,JoyConState.USE_SNS,-9.587500,12.362500,-184.630000,5.996796,0.003204,0.012512,0.024565,5.880331,0.000000,0.000000,0.000000,0,0,0,0,0,0,0,0,0,0,0,0.045257568359375,-0.004302978515625,1e-45,1e-45,59.999992,-19.999996,-19.999996,-19.999996,-19.999996,-1e-45,Object notstarted,Object notstarted,Object notstarted,Object notstarted,Object notstarted,Object notstarted,Object notstarted,Object notstarted,Object notstarted
2024-03-18 10:36:21,634.634,__main___datalogs,INFO,JoyConState.USE_SNS,-9.587500,12.362500,-184.630000,6.036924,0.007324,0.008087,0.025328,5.912387,0.000000,0.000000,0.000000,0,0,0,0,0,0,0,0,0,0,0,0.045257568359375,-0.004302978515625,1e-45,1e-45,59.999992,-19.999996,-19.999996,-19.999996,-19.999996,-1e-45,Object notstarted,Object notstarted,Object notstarted,Object notstarted,Object notstarted,Object notstarted,Object notstarted,Object notstarted,Object notstarted
2024-03-18 10:36:21,760.760,__main___datalogs,INFO,JoyConState.USE_SNS,-9.587500,12.362500,-184.630000,6.612908,0.003815,0.009612,0.025481,5.944442,0.000000,0.000000,0.000000,0,0,0,0,0,0,0,0,0,0,0,0.045257568359375,-0.004302978515625,1e-45,1e-45,59.999992,-19.999996,-19.999996,-19.999996,-19.999996,-1e-45,Object notstarted,Object notstarted,Object notstarted,Object notstarted,Object notstarted,Object notstarted,Object notstarted,Object notstarted,Object notstarted
2024-03-18 10:36:21,899.899,__main___datalogs,INFO,JoyConState.USE_SNS,-9.587500,12.362500,-184.630000,6.642661,0.006256,0.010986,0.024870,5.976497,0.000000,0.000000,0.000000,0,0,0,0,0,0,0,0,0,0,0,0.045257568359375,-0.004302978515625,1e-45,1e-45,59.999992,-19.999996,-19.999996,-19.999996,-19.999996,-1e-45,Object notstarted,Object notstarted,Object notstarted,Object notstarted,Object notstarted,Object notstarted,Object notstarted,Object notstarted,Object notstarted
2024-03-18 10:36:22,083.083,__main___datalogs,INFO,JoyConState.USE_SNS,-9.587500,12.362500,-184.630000,6.243363,0.007476,0.010070,0.025328,6.008552,0.000000,0.000000,0.000000,0,0,0,0,0,0,0,0,0,0,0,0.045257568359375,-0.004302978515625,1e-45,1e-45,59.999992,-19.999996,-19.999996,-19.999996,-19.999996,-1e-45,Object notstarted,Object notstarted,Object notstarted,Object notstarted,Object notstarted,Object notstarted,Object notstarted,Object notstarted,Object notstarted
2024-03-18 10:36:22,207.207,__main___datalogs,INFO,JoyConState.USE_SNS,-9.587500,12.362500,-184.630000,6.165243,0.004730,0.008697,0.022124,6.040608,0.000000,0.000000,0.000000,0,0,0,0,0,0,0,0,0,0,0,0.045257568359375,-0.004302978515625,1e-45,1e-45,59.999992,-19.999996,-19.999996,-19.999996,-19.999996,-1e-45,Object notstarted,Object notstarted,Object notstarted,Object notstarted,Object notstarted,Object notstarted,Object notstarted,Object notstarted,Object notstarted
2024-03-18 10:36:22,299.299,__main___datalogs,INFO,JoyConState.USE_SNS,-9.587500,12.362500,-184.630000,6.186604,0.003204,0.007782,0.024870,6.072663,0.000000,0.000000,0.000000,0,0,0,0,0,0,0,0,0,0,0,0.045257568359375,-0.004302978515625,1e-45,1e-45,59.999992,-19.999996,-19.999996,-19.999996,-19.999996,-1e-45,Object notstarted,Object notstarted,Object notstarted,Object notstarted,Object notstarted,Object notstarted,Object notstarted,Object notstarted,Object notstarted
2024-03-18 10:36:22,406.406,__main___datalogs,INFO,JoyConState.USE_SNS,-9.587500,12.362500,-184.630000,6.369698,0.004120,0.012054,0.025023,6.104719,0.000000,0.000000,0.000000,0,0,0,0,0,0,0,0,0,0,0,0.045257568359375,-0.004302978515625,1e-45,1e-45,59.999992,-19.999996,-19.999996,-19.999996,-19.999996,-1e-45,Object notstarted,Object notstarted,Object notstarted,Object notstarted,Object notstarted,Object notstarted,Object notstarted,Object notstarted,Object notstarted
2024-03-18 10:36:22,534.534,__main___datalogs,INFO,JoyConState.USE_SNS,-9.587500,12.362500,-184.630000,6.761825,0.004425,0.009765,0.025328,6.136775,0.000000,0.000000,0.000000,0,0,0,0,0,0,0,0,0,0,0,0.045257568359375,-0.004302978515625,1e-45,1e-45,59.999992,-19.999996,-19.999996,-19.999996,-19.999996,-1e-45,Object notstarted,Object notstarted,Object notstarted,Object notstarted,Object notstarted,Object notstarted,Object notstarted,Object notstarted,Object notstarted
2024-03-18 10:36:22,644.644,__main___datalogs,INFO,JoyConState.USE_SNS,-9.587500,12.362500,-184.630000,6.707965,0.007324,0.010070,0.025176,6.168833,0.000000,0.000000,0.000000,0,0,0,0,0,0,0,0,0,0,0,0.045257568359375,-0.004302978515625,1e-45,1e-45,59.999992,-19.999996,-19.999996,-19.999996,-19.999996,-1e-45,Object notstarted,Object notstarted,Object notstarted,Object notstarted,Object notstarted,Object notstarted,Object notstarted,Object notstarted,Object notstarted
2024-03-18 10:36:22,752.752,__main___datalogs,INFO,JoyConState.USE_SNS,-9.587500,12.362500,-184.630000,6.044248,0.003662,0.006408,0.024565,6.200891,0.000000,0.000000,0.000000,0,0,0,0,0,0,0,0,0,0,0,0.045257568359375,-0.004302978515625,1e-45,1e-45,59.999992,-19.999996,-19.999996,-19.999996,-19.999996,-1e-45,Object notstarted,Object notstarted,Object notstarted,Object notstarted,Object notstarted,Object notstarted,Object notstarted,Object notstarted,Object notstarted
2024-03-18 10:36:22,893.893,__main___datalogs,INFO,JoyConState.USE_SNS,-9.587500,12.362500,-184.630000,6.621910,0.003204,0.008239,0.025176,6.232948,0.000000,0.000000,0.000000,0,0,0,0,0,0,0,0,0,0,0,0.045257568359375,-0.004302978515625,1e-45,1e-45,59.999992,-19.999996,-19.999996,-19.999996,-19.999996,-1e-45,Object notstarted,Object notstarted,Object notstarted,Object notstarted,Object notstarted,Object notstarted,Object notstarted,Object notstarted,Object notstarted
2024-03-18 10:36:23,034.034,__main___datalogs,INFO,JoyConState.USE_SNS,-9.587500,12.362500,-184.630000,6.436680,0.003509,0.008697,0.021208,6.265006,0.000000,0.000000,0.000000,0,0,0,0,0,0,0,0,0,0,0,0.045257568359375,-0.004302978515625,1e-45,1e-45,59.999992,-19.999996,-19.999996,-19.999996,-19.999996,-1e-45,Object notstarted,Object notstarted,Object notstarted,Object notstarted,Object notstarted,Object notstarted,Object notstarted,Object notstarted,Object notstarted
2024-03-18 10:36:23,157.157,__main___datalogs,INFO,JoyConState.USE_SNS,-9.587500,12.362500,-184.630000,6.197742,0.004120,0.009307,0.024565,6.297064,0.000000,0.000000,0.000000,0,0,0,0,0,0,0,0,0,0,0,0.045257568359375,-0.004302978515625,1e-45,1e-45,59.999992,-19.999996,-19.999996,-19.999996,-19.999996,-1e-45,Object notstarted,Object notstarted,Object notstarted,Object notstarted,Object notstarted,Object notstarted,Object notstarted,Object notstarted,Object notstarted
2024-03-18 10:36:23,266.266,__main___datalogs,INFO,JoyConState.USE_SNS,-9.587500,12.362500,-184.630000,6.287611,0.002899,0.006408,0.025023,6.329121,0.000000,0.000000,0.000000,0,0,0,0,0,0,0,0,0,0,0,0.045257568359375,-0.004302978515625,1e-45,1e-45,59.999992,-19.999996,-19.999996,-19.999996,-19.999996,-1e-45,Object notstarted,Object notstarted,Object notstarted,Object notstarted,Object notstarted,Object notstarted,Object notstarted,Object notstarted,Object notstarted
2024-03-18 10:36:23,374.374,__main___datalogs,INFO,JoyConState.USE_SNS,-9.587500,12.362500,-184.630000,6.572170,-0.000152,0.011901,0.025176,6.361177,0.000000,0.000000,0.000000,0,0,0,0,0,0,0,0,0,0,0,0.045257568359375,-0.004302978515625,1e-45,1e-45,59.999992,-19.999996,-19.999996,-19.999996,-19.999996,-1e-45,Object notstarted,Object notstarted,Object notstarted,Object notstarted,Object notstarted,Object notstarted,Object notstarted,Object notstarted,Object notstarted
2024-03-18 10:36:23,529.529,__main___datalogs,INFO,JoyConState.USE_SNS,-9.587500,12.362500,-184.630000,6.133964,0.003204,0.010528,0.020751,6.393233,0.000000,0.000000,0.000000,0,0,0,0,0,0,0,0,0,0,0,0.045257568359375,-0.004302978515625,1e-45,1e-45,59.999992,-19.999996,-19.999996,-19.999996,-19.999996,-1e-45,Object notstarted,Object notstarted,Object notstarted,Object notstarted,Object notstarted,Object notstarted,Object notstarted,Object notstarted,Object notstarted
2024-03-18 10:36:23,654.654,__main___datalogs,INFO,JoyConState.USE_SNS,-9.587500,12.362500,-184.630000,6.394721,0.004730,0.008697,0.021208,6.425288,0.000000,0.000000,0.000000,0,0,0,0,0,0,0,0,0,0,0,0.045257568359375,-0.004302978515625,1e-45,1e-45,59.999992,-19.999996,-19.999996,-19.999996,-19.999996,-1e-45,Object notstarted,Object notstarted,Object notstarted,Object notstarted,Object notstarted,Object notstarted,Object notstarted,Object notstarted,Object notstarted
2024-03-18 10:36:23,777.777,__main___datalogs,INFO,JoyConState.USE_SNS,-9.587500,12.362500,-184.630000,6.230089,-0.000458,0.012511,0.024870,6.457342,0.000000,0.000000,0.000000,0,0,0,0,0,0,0,0,0,0,0,0.045257568359375,-0.004302978515625,1e-45,1e-45,59.999992,-19.999996,-19.999996,-19.999996,-19.999996,-1e-45,Object notstarted,Object notstarted,Object notstarted,Object notstarted,Object notstarted,Object notstarted,Object notstarted,Object notstarted,Object notstarted
2024-03-18 10:36:23,901.901,__main___datalogs,INFO,JoyConState.USE_SNS,-9.587500,12.362500,-184.630000,6.536161,0.003357,0.008850,0.021514,6.489396,0.000000,0.000000,0.000000,0,0,0,0,0,0,0,0,0,0,0,0.045257568359375,-0.004302978515625,1e-45,1e-45,59.999992,-19.999996,-19.999996,-19.999996,-19.999996,-1e-45,Object notstarted,Object notstarted,Object notstarted,Object notstarted,Object notstarted,Object notstarted,Object notstarted,Object notstarted,Object notstarted
2024-03-18 10:36:24,010.010,__main___datalogs,INFO,JoyConState.USE_SNS,-9.587500,12.362500,-184.630000,6.464907,0.007019,0.012054,0.025328,6.521449,0.000000,0.000000,0.000000,0,0,0,0,0,0,0,0,0,0,0,0.045257568359375,-0.004302978515625,1e-45,1e-45,59.999992,-19.999996,-19.999996,-19.999996,-19.999996,-1e-45,Object notstarted,Object notstarted,Object notstarted,Object notstarted,Object notstarted,Object notstarted,Object notstarted,Object notstarted,Object notstarted
2024-03-18 10:36:24,122.122,__main___datalogs,INFO,JoyConState.USE_SNS,-9.587500,12.362500,-184.630000,6.240464,0.004120,0.008850,0.024870,6.553504,0.000000,0.000000,0.000000,0,0,0,0,0,0,0,0,0,0,0,0.045257568359375,-0.004302978515625,1e-45,1e-45,59.999992,-19.999996,-19.999996,-19.999996,-19.999996,-1e-45,Object notstarted,Object notstarted,Object notstarted,Object notstarted,Object notstarted,Object notstarted,Object notstarted,Object notstarted,Object notstarted
2024-03-18 10:36:24,247.247,__main___datalogs,INFO,JoyConState.USE_SNS,-9.587500,12.362500,-184.630000,6.107263,0.004730,0.008697,0.021819,6.585558,0.000000,0.000000,0.000000,0,0,0,0,0,0,0,0,0,0,0,0.045257568359375,-0.004302978515625,1e-45,1e-45,59.999992,-19.999996,-19.999996,-19.999996,-19.999996,-1e-45,Object notstarted,Object notstarted,Object notstarted,Object notstarted,Object notstarted,Object notstarted,Object notstarted,Object notstarted,Object notstarted
2024-03-18 10:36:24,370.370,__main___datalogs,INFO,JoyConState.USE_SNS,-9.587500,12.362500,-184.630000,6.571407,0.004120,0.008544,0.023955,6.617613,0.000000,0.000000,0.000000,0,0,0,0,0,0,0,0,0,0,0,0.045257568359375,-0.004302978515625,1e-45,1e-45,59.999992,-19.999996,-19.999996,-19.999996,-19.999996,-1e-45,Object notstarted,Object notstarted,Object notstarted,Object notstarted,Object notstarted,Object notstarted,Object notstarted,Object notstarted,Object notstarted
2024-03-18 10:36:24,479.479,__main___datalogs,INFO,JoyConState.USE_SNS,-9.587500,12.362500,-184.630000,6.380378,0.003815,0.004730,0.024565,6.649668,0.000000,0.000000,0.000000,0,0,0,0,0,0,0,0,0,0,0,0.045257568359375,-0.004302978515625,1e-45,1e-45,59.999992,-19.999996,-19.999996,-19.999996,-19.999996,-1e-45,Object notstarted,Object notstarted,Object notstarted,Object notstarted,Object notstarted,Object notstarted,Object notstarted,Object notstarted,Object notstarted
2024-03-18 10:36:24,602.602,__main___datalogs,INFO,JoyConState.USE_SNS,-9.587500,12.362500,-184.630000,6.595667,0.004120,0.009612,0.023650,6.681723,0.000000,0.000000,0.000000,0,0,0,0,0,0,0,0,0,0,0,0.045257568359375,-0.004302978515625,1e-45,1e-45,59.999992,-19.999996,-19.999996,-19.999996,-19.999996,-1e-45,Object notstarted,Object notstarted,Object notstarted,Object notstarted,Object notstarted,Object notstarted,Object notstarted,Object notstarted,Object notstarted
2024-03-18 10:36:24,730.730,__main___datalogs,INFO,JoyConState.USE_SNS,-9.587500,12.362500,-184.630000,6.465975,0.004120,0.012664,0.023650,6.713778,0.000000,0.000000,0.000000,0,0,0,0,0,0,0,0,0,0,0,0.045257568359375,-0.004302978515625,1e-45,1e-45,59.999992,-19.999996,-19.999996,-19.999996,-19.999996,-1e-45,Object notstarted,Object notstarted,Object notstarted,Object notstarted,Object notstarted,Object notstarted,Object notstarted,Object notstarted,Object notstarted
2024-03-18 10:36:24,857.857,__main___datalogs,INFO,JoyConState.USE_SNS,-9.587500,12.362500,-184.630000,6.389838,0.004425,0.008087,0.024565,6.745833,0.000000,0.000000,0.000000,0,0,0,0,0,0,0,0,0,0,0,0.045257568359375,-0.004302978515625,1e-45,1e-45,59.999992,-19.999996,-19.999996,-19.999996,-19.999996,-1e-45,Object notstarted,Object notstarted,Object notstarted,Object notstarted,Object notstarted,Object notstarted,Object notstarted,Object notstarted,Object notstarted
2024-03-18 10:36:24,964.964,__main___datalogs,INFO,JoyConState.USE_SNS,-9.587500,12.362500,-184.630000,6.685841,0.003509,0.010681,0.020903,6.777888,0.000000,0.000000,0.000000,0,0,0,0,0,0,0,0,0,0,0,0.045257568359375,-0.004302978515625,1e-45,1e-45,59.999992,-19.999996,-19.999996,-19.999996,-19.999996,-1e-45,Object notstarted,Object notstarted,Object notstarted,Object notstarted,Object notstarted,Object notstarted,Object notstarted,Object notstarted,Object notstarted
2024-03-18 10:36:25,092.092,__main___datalogs,INFO,JoyConState.USE_SNS,-9.587500,12.362500,-184.630000,6.134727,0.002899,0.006866,0.024260,6.809942,0.000000,0.000000,0.000000,0,0,0,0,0,0,0,0,0,0,0,0.045257568359375,-0.004302978515625,1e-45,1e-45,59.999992,-19.999996,-19.999996,-19.999996,-19.999996,-1e-45,Object notstarted,Object notstarted,Object notstarted,Object notstarted,Object notstarted,Object notstarted,Object notstarted,Object notstarted,Object notstarted
2024-03-18 10:36:25,201.201,__main___datalogs,INFO,JoyConState.USE_SNS,-9.587500,12.362500,-184.630000,6.316906,0.003204,0.010070,0.025176,6.841997,0.000000,0.000000,0.000000,0,0,0,0,0,0,0,0,0,0,0,0.045257568359375,-0.004302978515625,1e-45,1e-45,59.999992,-19.999996,-19.999996,-19.999996,-19.999996,-1e-45,Object notstarted,Object notstarted,Object notstarted,Object notstarted,Object notstarted,Object notstarted,Object notstarted,Object notstarted,Object notstarted
2024-03-18 10:36:25,323.323,__main___datalogs,INFO,JoyConState.USE_SNS,-9.587500,12.362500,-184.630000,6.491151,0.004120,0.011443,0.020293,6.874050,0.000000,0.000000,0.000000,0,0,0,0,0,0,0,0,0,0,0,0.045257568359375,-0.004302978515625,1e-45,1e-45,59.999992,-19.999996,-19.999996,-19.999996,-19.999996,-1e-45,Object notstarted,Object notstarted,Object notstarted,Object notstarted,Object notstarted,Object notstarted,Object notstarted,Object notstarted,Object notstarted
2024-03-18 10:36:25,447.447,__main___datalogs,INFO,JoyConState.USE_SNS,-9.587500,12.362500,-184.630000,5.949649,0.007477,0.009612,0.020598,6.906103,0.000000,0.000000,0.000000,0,0,0,0,0,0,0,0,0,0,0,0.045257568359375,-0.004302978515625,1e-45,1e-45,59.999992,-19.999996,-19.999996,-19.999996,-19.999996,-1e-45,Object notstarted,Object notstarted,Object notstarted,Object notstarted,Object notstarted,Object notstarted,Object notstarted,Object notstarted,Object notstarted
2024-03-18 10:36:25,555.555,__main___datalogs,INFO,JoyConState.USE_SNS,-9.587500,12.362500,-184.630000,6.374428,0.003662,0.010833,0.024260,6.938156,0.000000,0.000000,0.000000,0,0,0,0,0,0,0,0,0,0,0,0.045257568359375,-0.004302978515625,1e-45,1e-45,59.999992,-19.999996,-19.999996,-19.999996,-19.999996,-1e-45,Object notstarted,Object notstarted,Object notstarted,Object notstarted,Object notstarted,Object notstarted,Object notstarted,Object notstarted,Object notstarted
2024-03-18 10:36:25,682.682,__main___datalogs,INFO,JoyConState.USE_SNS,-9.587500,12.362500,-184.630000,6.493134,0.002899,0.008697,0.019378,6.970208,0.000000,0.000000,0.000000,0,0,0,0,0,0,0,0,0,0,0,0.045257568359375,-0.004302978515625,1e-45,1e-45,59.999992,-19.999996,-19.999996,-19.999996,-19.999996,-1e-45,Object notstarted,Object notstarted,Object notstarted,Object notstarted,Object notstarted,Object notstarted,Object notstarted,Object notstarted,Object notstarted
2024-03-18 10:36:25,806.806,__main___datalogs,INFO,JoyConState.USE_SNS,-9.587500,12.362500,-184.630000,6.677144,0.006103,0.008239,0.024565,7.002261,0.000000,0.000000,0.000000,0,0,0,0,0,0,0,0,0,0,0,0.045257568359375,-0.004302978515625,1e-45,1e-45,59.999992,-19.999996,-19.999996,-19.999996,-19.999996,-1e-45,Object notstarted,Object notstarted,Object notstarted,Object notstarted,Object notstarted,Object notstarted,Object notstarted,Object notstarted,Object notstarted
2024-03-18 10:36:25,914.914,__main___datalogs,INFO,JoyConState.USE_SNS,-9.587500,12.362500,-184.630000,6.627098,0.007019,0.005951,0.025328,7.034313,0.000000,0.000000,0.000000,0,0,0,0,0,0,0,0,0,0,0,0.045257568359375,-0.004302978515625,1e-45,1e-45,59.999992,-19.999996,-19.999996,-19.999996,-19.999996,-1e-45,Object notstarted,Object notstarted,Object notstarted,Object notstarted,Object notstarted,Object notstarted,Object notstarted,Object notstarted,Object notstarted
2024-03-18 10:36:26,020.020,__main___datalogs,INFO,JoyConState.USE_SNS,-9.587500,12.362500,-184.630000,6.052640,0.002289,0.007019,0.024260,7.066367,0.000000,0.000000,0.000000,0,0,0,0,0,0,0,0,0,0,0,0.045257568359375,-0.004302978515625,1e-45,1e-45,59.999992,-19.999996,-19.999996,-19.999996,-19.999996,-1e-45,Object notstarted,Object notstarted,Object notstarted,Object notstarted,Object notstarted,Object notstarted,Object notstarted,Object notstarted,Object notstarted
2024-03-18 10:36:26,161.161,__main___datalogs,INFO,JoyConState.USE_SNS,-9.587500,12.362500,-184.630000,6.684162,0.005951,0.007476,0.024870,7.098421,0.000000,0.000000,0.000000,0,0,0,0,0,0,0,0,0,0,0,0.045257568359375,-0.004302978515625,1e-45,1e-45,59.999992,-19.999996,-19.999996,-19.999996,-19.999996,-1e-45,Object notstarted,Object notstarted,Object notstarted,Object notstarted,Object notstarted,Object notstarted,Object notstarted,Object notstarted,Object notstarted
2024-03-18 10:36:26,272.272,__main___datalogs,INFO,JoyConState.USE_SNS,-9.587500,12.362500,-184.630000,6.487641,0.000458,0.012511,0.025176,7.130475,0.000000,0.000000,0.000000,0,0,0,0,0,0,0,0,0,0,0,0.045257568359375,-0.004302978515625,1e-45,1e-45,59.999992,-19.999996,-19.999996,-19.999996,-19.999996,-1e-45,Object notstarted,Object notstarted,Object notstarted,Object notstarted,Object notstarted,Object notstarted,Object notstarted,Object notstarted,Object notstarted
2024-03-18 10:36:26,383.383,__main___datalogs,INFO,JoyConState.USE_SNS,-9.587500,12.362500,-184.630000,6.680348,0.002899,0.008392,0.020598,7.162529,0.000000,0.000000,0.000000,0,0,0,0,0,0,0,0,0,0,0,0.045257568359375,-0.004302978515625,1e-45,1e-45,59.999992,-19.999996,-19.999996,-19.999996,-19.999996,-1e-45,Object notstarted,Object notstarted,Object notstarted,Object notstarted,Object notstarted,Object notstarted,Object notstarted,Object notstarted,Object notstarted
2024-03-18 10:36:26,490.490,__main___datalogs,INFO,JoyConState.USE_SNS,-9.587500,12.362500,-184.630000,6.602685,0.007324,0.008239,0.024260,7.194584,0.000000,0.000000,0.000000,0,0,0,0,0,0,0,0,0,0,0,0.045257568359375,-0.004302978515625,1e-45,1e-45,59.999992,-19.999996,-19.999996,-19.999996,-19.999996,-1e-45,Object notstarted,Object notstarted,Object notstarted,Object notstarted,Object notstarted,Object notstarted,Object notstarted,Object notstarted,Object notstarted
2024-03-18 10:36:26,596.596,__main___datalogs,INFO,JoyConState.USE_SNS,-9.587500,12.362500,-184.630000,6.595819,-0.000915,0.009155,0.025176,7.226638,0.000000,0.000000,0.000000,0,0,0,0,0,0,0,0,0,0,0,0.045257568359375,-0.004302978515625,1e-45,1e-45,59.999992,-19.999996,-19.999996,-19.999996,-19.999996,-1e-45,Object notstarted,Object notstarted,Object notstarted,Object notstarted,Object notstarted,Object notstarted,Object notstarted,Object notstarted,Object notstarted
2024-03-18 10:36:26,736.736,__main___datalogs,INFO,JoyConState.USE_SNS,-9.587500,12.362500,-184.630000,6.863595,0.005798,0.008239,0.025176,7.258692,0.000000,0.000000,0.000000,0,0,0,0,0,0,0,0,0,0,0,0.045257568359375,-0.004302978515625,1e-45,1e-45,59.999992,-19.999996,-19.999996,-19.999996,-19.999996,-1e-45,Object notstarted,Object notstarted,Object notstarted,Object notstarted,Object notstarted,Object notstarted,Object notstarted,Object notstarted,Object notstarted
2024-03-18 10:36:26,845.845,__main___datalogs,INFO,JoyConState.USE_SNS,-9.587500,12.362500,-184.630000,6.254501,0.005035,0.010070,0.024870,7.290745,0.000000,0.000000,0.000000,0,0,0,0,0,0,0,0,0,0,0,0.045257568359375,-0.004302978515625,1e-45,1e-45,59.999992,-19.999996,-19.999996,-19.999996,-19.999996,-1e-45,Object notstarted,Object notstarted,Object notstarted,Object notstarted,Object notstarted,Object notstarted,Object notstarted,Object notstarted,Object notstarted
2024-03-18 10:36:26,952.952,__main___datalogs,INFO,JoyConState.USE_SNS,-9.587500,12.362500,-184.630000,6.727342,0.006103,0.008697,0.020903,7.322798,0.000000,0.000000,0.000000,0,0,0,0,0,0,0,0,0,0,0,0.045257568359375,-0.004302978515625,1e-45,1e-45,59.999992,-19.999996,-19.999996,-19.999996,-19.999996,-1e-45,Object notstarted,Object notstarted,Object notstarted,Object notstarted,Object notstarted,Object notstarted,Object notstarted,Object notstarted,Object notstarted
2024-03-18 10:36:27,080.080,__main___datalogs,INFO,JoyConState.USE_SNS,-9.587500,12.362500,-184.630000,6.601007,0.002594,0.011596,0.023650,7.354850,0.000000,0.000000,0.000000,0,0,0,0,0,0,0,0,0,0,0,0.045257568359375,-0.004302978515625,1e-45,1e-45,59.999992,-19.999996,-19.999996,-19.999996,-19.999996,-1e-45,Object notstarted,Object notstarted,Object notstarted,Object notstarted,Object notstarted,Object notstarted,Object notstarted,Object notstarted,Object notstarted
2024-03-18 10:36:27,203.203,__main___datalogs,INFO,JoyConState.USE_SNS,-9.587500,12.362500,-184.630000,6.423711,0.006714,0.012817,0.021208,7.386903,0.000000,0.000000,0.000000,0,0,0,0,0,0,0,0,0,0,0,0.045257568359375,-0.004302978515625,1e-45,1e-45,59.999992,-19.999996,-19.999996,-19.999996,-19.999996,-1e-45,Object notstarted,Object notstarted,Object notstarted,Object notstarted,Object notstarted,Object notstarted,Object notstarted,Object notstarted,Object notstarted
2024-03-18 10:36:27,330.330,__main___datalogs,INFO,JoyConState.USE_SNS,-9.587500,12.362500,-184.630000,6.831401,0.005035,0.009307,0.020903,7.418955,0.000000,0.000000,0.000000,0,0,0,0,0,0,0,0,0,0,0,0.045257568359375,-0.004302978515625,1e-45,1e-45,59.999992,-19.999996,-19.999996,-19.999996,-19.999996,-1e-45,Object notstarted,Object notstarted,Object notstarted,Object notstarted,Object notstarted,Object notstarted,Object notstarted,Object notstarted,Object notstarted
2024-03-18 10:36:27,439.439,__main___datalogs,INFO,JoyConState.USE_SNS,-9.587500,12.362500,-184.630000,7.114739,0.004120,0.008239,0.024565,7.451009,0.000000,0.000000,0.000000,0,0,0,0,0,0,0,0,0,0,0,0.045257568359375,-0.004302978515625,1e-45,1e-45,59.999992,-19.999996,-19.999996,-19.999996,-19.999996,-1e-45,Object notstarted,Object notstarted,Object notstarted,Object notstarted,Object notstarted,Object notstarted,Object notstarted,Object notstarted,Object notstarted
2024-03-18 10:36:27,564.564,__main___datalogs,INFO,JoyConState.USE_SNS,-9.587500,12.362500,-184.630000,6.287153,0.003815,0.009155,0.025328,7.483061,0.000000,0.000000,0.000000,0,0,0,0,0,0,0,0,0,0,0,0.045257568359375,-0.004302978515625,1e-45,1e-45,59.999992,-19.999996,-19.999996,-19.999996,-19.999996,-1e-45,Object notstarted,Object notstarted,Object notstarted,Object notstarted,Object notstarted,Object notstarted,Object notstarted,Object notstarted,Object notstarted
2024-03-18 10:36:27,691.691,__main___datalogs,INFO,JoyConState.USE_SNS,-9.587500,12.362500,-184.630000,6.465060,0.004120,0.009155,0.023345,7.515114,0.000000,0.000000,0.000000,0,0,0,0,0,0,0,0,0,0,0,0.045257568359375,-0.004302978515625,1e-45,1e-45,59.999992,-19.999996,-19.999996,-19.999996,-19.999996,-1e-45,Object notstarted,Object notstarted,Object notstarted,Object notstarted,Object notstarted,Object notstarted,Object notstarted,Object notstarted,Object notstarted
2024-03-18 10:36:27,814.814,__main___datalogs,INFO,JoyConState.USE_SNS,-9.587500,12.362500,-184.630000,6.711321,0.005646,0.008239,0.023955,7.547168,0.000000,0.000000,0.000000,0,0,0,0,0,0,0,0,0,0,0,0.045257568359375,-0.004302978515625,1e-45,1e-45,59.999992,-19.999996,-19.999996,-19.999996,-19.999996,-1e-45,Object notstarted,Object notstarted,Object notstarted,Object notstarted,Object notstarted,Object notstarted,Object notstarted,Object notstarted,Object notstarted
2024-03-18 10:36:27,953.953,__main___datalogs,INFO,JoyConState.USE_SNS,-9.587500,12.362500,-184.630000,6.598261,0.002899,0.009918,0.025328,7.579222,0.000000,0.000000,0.000000,0,0,0,0,0,0,0,0,0,0,0,0.045257568359375,-0.004302978515625,1e-45,1e-45,59.999992,-19.999996,-19.999996,-19.999996,-19.999996,-1e-45,Object notstarted,Object notstarted,Object notstarted,Object notstarted,Object notstarted,Object notstarted,Object notstarted,Object notstarted,Object notstarted
2024-03-18 10:36:28,078.078,__main___datalogs,INFO,JoyConState.USE_SNS,-9.587500,12.362500,-184.630000,6.012512,0.005798,0.008239,0.024870,7.611276,0.000000,0.000000,0.000000,0,0,0,0,0,0,0,0,0,0,0,0.045257568359375,-0.004302978515625,1e-45,1e-45,59.999992,-19.999996,-19.999996,-19.999996,-19.999996,-1e-45,Object notstarted,Object notstarted,Object notstarted,Object notstarted,Object notstarted,Object notstarted,Object notstarted,Object notstarted,Object notstarted
2024-03-18 10:36:28,234.234,__main___datalogs,INFO,JoyConState.USE_SNS,-9.587500,12.362500,-184.630000,6.338877,0.005951,0.008697,0.025328,7.643330,0.000000,0.000000,0.000000,0,0,0,0,0,0,0,0,0,0,0,0.045257568359375,-0.004302978515625,1e-45,1e-45,59.999992,-19.999996,-19.999996,-19.999996,-19.999996,-1e-45,Object notstarted,Object notstarted,Object notstarted,Object notstarted,Object notstarted,Object notstarted,Object notstarted,Object notstarted,Object notstarted
2024-03-18 10:36:28,394.394,__main___datalogs,INFO,JoyConState.USE_SNS,-9.587500,12.362500,-184.630000,6.996186,0.005188,0.009155,0.023345,7.675384,0.000000,0.000000,0.000000,0,0,0,0,0,0,0,0,0,0,0,0.045257568359375,-0.004302978515625,1e-45,1e-45,59.999992,-19.999996,-19.999996,-19.999996,-19.999996,-1e-45,Object notstarted,Object notstarted,Object notstarted,Object notstarted,Object notstarted,Object notstarted,Object notstarted,Object notstarted,Object notstarted
2024-03-18 10:36:28,538.538,__main___datalogs,INFO,JoyConState.USE_SNS,-9.587500,12.362500,-184.630000,6.727495,0.005951,0.010528,0.025023,7.707437,0.000000,0.000000,0.000000,0,0,0,0,0,0,0,0,0,0,0,0.045257568359375,-0.004302978515625,1e-45,1e-45,59.999992,-19.999996,-19.999996,-19.999996,-19.999996,-1e-45,Object notstarted,Object notstarted,Object notstarted,Object notstarted,Object notstarted,Object notstarted,Object notstarted,Object notstarted,Object notstarted
2024-03-18 10:36:28,698.698,__main___datalogs,INFO,JoyConState.USE_SNS,-9.587500,12.362500,-184.630000,6.912115,0.006256,0.009765,0.025176,7.739489,0.000000,0.000000,0.000000,0,0,0,0,0,0,0,0,0,0,0,0.045257568359375,-0.004302978515625,1e-45,1e-45,59.999992,-19.999996,-19.999996,-19.999996,-19.999996,-1e-45,Object notstarted,Object notstarted,Object notstarted,Object notstarted,Object notstarted,Object notstarted,Object notstarted,Object notstarted,Object notstarted
2024-03-18 10:36:28,824.824,__main___datalogs,INFO,JoyConState.USE_SNS,-9.587500,12.362500,-184.630000,6.677754,0.002899,0.010375,0.025176,7.771540,0.000000,0.000000,0.000000,0,0,0,0,0,0,0,0,0,0,0,0.045257568359375,-0.004302978515625,1e-45,1e-45,59.999992,-19.999996,-19.999996,-19.999996,-19.999996,-1e-45,Object notstarted,Object notstarted,Object notstarted,Object notstarted,Object notstarted,Object notstarted,Object notstarted,Object notstarted,Object notstarted
2024-03-18 10:36:28,952.952,__main___datalogs,INFO,JoyConState.USE_SNS,-9.587500,12.362500,-184.630000,6.526244,0.006408,0.009765,0.021056,7.803592,0.000000,0.000000,0.000000,0,0,0,0,0,0,0,0,0,0,0,0.045257568359375,-0.004302978515625,1e-45,1e-45,59.999992,-19.999996,-19.999996,-19.999996,-19.999996,-1e-45,Object notstarted,Object notstarted,Object notstarted,Object notstarted,Object notstarted,Object notstarted,Object notstarted,Object notstarted,Object notstarted
2024-03-18 10:36:29,080.080,__main___datalogs,INFO,JoyConState.USE_SNS,-9.587500,12.362500,-184.630000,6.211321,0.006866,0.006866,0.024565,7.835645,0.000000,0.000000,0.000000,0,0,0,0,0,0,0,0,0,0,0,0.045257568359375,-0.004302978515625,1e-45,1e-45,59.999992,-19.999996,-19.999996,-19.999996,-19.999996,-1e-45,Object notstarted,Object notstarted,Object notstarted,Object notstarted,Object notstarted,Object notstarted,Object notstarted,Object notstarted,Object notstarted
2024-03-18 10:36:29,202.202,__main___datalogs,INFO,JoyConState.USE_SNS,-9.587500,12.362500,-184.630000,6.524718,0.005951,0.013122,0.024260,7.867698,0.000000,0.000000,0.000000,0,0,0,0,0,0,0,0,0,0,0,0.045257568359375,-0.004302978515625,1e-45,1e-45,59.999992,-19.999996,-19.999996,-19.999996,-19.999996,-1e-45,Object notstarted,Object notstarted,Object notstarted,Object notstarted,Object notstarted,Object notstarted,Object notstarted,Object notstarted,Object notstarted
2024-03-18 10:36:29,346.346,__main___datalogs,INFO,JoyConState.USE_SNS,-9.587500,12.362500,-184.630000,6.387702,0.006408,0.009155,0.024870,7.899751,0.000000,0.000000,0.000000,0,0,0,0,0,0,0,0,0,0,0,0.045257568359375,-0.004302978515625,1e-45,1e-45,59.999992,-19.999996,-19.999996,-19.999996,-19.999996,-1e-45,Object notstarted,Object notstarted,Object notstarted,Object notstarted,Object notstarted,Object notstarted,Object notstarted,Object notstarted,Object notstarted
2024-03-18 10:36:29,470.470,__main___datalogs,INFO,JoyConState.USE_SNS,-9.587500,12.362500,-184.630000,6.654562,0.005951,0.007476,0.024260,7.931804,0.000000,0.000000,0.000000,0,0,0,0,0,0,0,0,0,0,0,0.045257568359375,-0.004302978515625,1e-45,1e-45,59.999992,-19.999996,-19.999996,-19.999996,-19.999996,-1e-45,Object notstarted,Object notstarted,Object notstarted,Object notstarted,Object notstarted,Object notstarted,Object notstarted,Object notstarted,Object notstarted
2024-03-18 10:36:29,597.597,__main___datalogs,INFO,JoyConState.USE_SNS,-9.587500,12.362500,-184.630000,6.347422,0.003967,0.011138,0.025023,7.963859,0.000000,0.000000,0.000000,0,0,0,0,0,0,0,0,0,0,0,0.045257568359375,-0.004302978515625,1e-45,1e-45,59.999992,-19.999996,-19.999996,-19.999996,-19.999996,-1e-45,Object notstarted,Object notstarted,Object notstarted,Object notstarted,Object notstarted,Object notstarted,Object notstarted,Object notstarted,Object notstarted
2024-03-18 10:36:29,703.703,__main___datalogs,INFO,JoyConState.USE_SNS,-9.587500,12.362500,-184.630000,6.296002,0.005188,0.007782,0.020903,7.995913,0.000000,0.000000,0.000000,0,0,0,0,0,0,0,0,0,0,0,0.045257568359375,-0.004302978515625,1e-45,1e-45,59.999992,-19.999996,-19.999996,-19.999996,-19.999996,-1e-45,Object notstarted,Object notstarted,Object notstarted,Object notstarted,Object notstarted,Object notstarted,Object notstarted,Object notstarted,Object notstarted
2024-03-18 10:36:29,812.812,__main___datalogs,INFO,JoyConState.USE_SNS,-9.587500,12.362500,-184.630000,6.722002,0.005646,0.011443,0.020293,8.027967,0.000000,0.000000,0.000000,0,0,0,0,0,0,0,0,0,0,0,0.045257568359375,-0.004302978515625,1e-45,1e-45,59.999992,-19.999996,-19.999996,-19.999996,-19.999996,-1e-45,Object notstarted,Object notstarted,Object notstarted,Object notstarted,Object notstarted,Object notstarted,Object notstarted,Object notstarted,Object notstarted
2024-03-18 10:36:29,936.936,__main___datalogs,INFO,JoyConState.USE_SNS,-9.587500,12.362500,-184.630000,6.394721,0.005035,0.012817,0.024260,8.060020,0.000000,0.000000,0.000000,0,0,0,0,0,0,0,0,0,0,0,0.045257568359375,-0.004302978515625,1e-45,1e-45,59.999992,-19.999996,-19.999996,-19.999996,-19.999996,-1e-45,Object notstarted,Object notstarted,Object notstarted,Object notstarted,Object notstarted,Object notstarted,Object notstarted,Object notstarted,Object notstarted
2024-03-18 10:36:30,044.044,__main___datalogs,INFO,JoyConState.USE_SNS,-9.587500,12.362500,-184.630000,6.523497,0.005035,0.010070,0.023345,8.092073,0.000000,0.000000,0.000000,0,0,0,0,0,0,0,0,0,0,0,0.045257568359375,-0.004302978515625,1e-45,1e-45,59.999992,-19.999996,-19.999996,-19.999996,-19.999996,-1e-45,Object notstarted,Object notstarted,Object notstarted,Object notstarted,Object notstarted,Object notstarted,Object notstarted,Object notstarted,Object notstarted
2024-03-18 10:36:30,151.151,__main___datalogs,INFO,JoyConState.USE_SNS,-9.587500,12.362500,-184.630000,6.648612,0.004425,0.009612,0.025481,8.124125,0.000000,0.000000,0.000000,0,0,0,0,0,0,0,0,0,0,0,0.045257568359375,-0.004302978515625,1e-45,1e-45,59.999992,-19.999996,-19.999996,-19.999996,-19.999996,-1e-45,Object notstarted,Object notstarted,Object notstarted,Object notstarted,Object notstarted,Object notstarted,Object notstarted,Object notstarted,Object notstarted
2024-03-18 10:36:30,275.275,__main___datalogs,INFO,JoyConState.USE_SNS,-9.587500,12.362500,-184.630000,6.350778,0.004425,0.009155,0.024260,8.156178,0.000000,0.000000,0.000000,0,0,0,0,0,0,0,0,0,0,0,0.045257568359375,-0.004302978515625,1e-45,1e-45,59.999992,-19.999996,-19.999996,-19.999996,-19.999996,-1e-45,Object notstarted,Object notstarted,Object notstarted,Object notstarted,Object notstarted,Object notstarted,Object notstarted,Object notstarted,Object notstarted
2024-03-18 10:36:30,414.414,__main___datalogs,INFO,JoyConState.USE_SNS,-9.587500,12.362500,-184.630000,6.580256,0.005340,0.009612,0.024870,8.188229,0.000000,0.000000,0.000000,0,0,0,0,0,0,0,0,0,0,0,0.045257568359375,-0.004302978515625,1e-45,1e-45,59.999992,-19.999996,-19.999996,-19.999996,-19.999996,-1e-45,Object notstarted,Object notstarted,Object notstarted,Object notstarted,Object notstarted,Object notstarted,Object notstarted,Object notstarted,Object notstarted
2024-03-18 10:36:30,522.522,__main___datalogs,INFO,JoyConState.USE_SNS,-9.587500,12.362500,-184.630000,6.576137,0.005951,0.012512,0.020903,8.220281,0.000000,0.000000,0.000000,0,0,0,0,0,0,0,0,0,0,0,0.045257568359375,-0.004302978515625,1e-45,1e-45,59.999992,-19.999996,-19.999996,-19.999996,-19.999996,-1e-45,Object notstarted,Object notstarted,Object notstarted,Object notstarted,Object notstarted,Object notstarted,Object notstarted,Object notstarted,Object notstarted
2024-03-18 10:36:30,648.648,__main___datalogs,INFO,JoyConState.USE_SNS,-9.587500,12.362500,-184.630000,6.767165,0.006103,0.010070,0.024565,8.252335,0.000000,0.000000,0.000000,0,0,0,0,0,0,0,0,0,0,0,0.045257568359375,-0.004302978515625,1e-45,1e-45,59.999992,-19.999996,-19.999996,-19.999996,-19.999996,-1e-45,Object notstarted,Object notstarted,Object notstarted,Object notstarted,Object notstarted,Object notstarted,Object notstarted,Object notstarted,Object notstarted
2024-03-18 10:36:30,772.772,__main___datalogs,INFO,JoyConState.USE_SNS,-9.587500,12.362500,-184.630000,6.729631,0.005340,0.011443,0.024870,8.284387,0.000000,0.000000,0.000000,0,0,0,0,0,0,0,0,0,0,0,0.045257568359375,-0.004302978515625,1e-45,1e-45,59.999992,-19.999996,-19.999996,-19.999996,-19.999996,-1e-45,Object notstarted,Object notstarted,Object notstarted,Object notstarted,Object notstarted,Object notstarted,Object notstarted,Object notstarted,Object notstarted
2024-03-18 10:36:30,896.896,__main___datalogs,INFO,JoyConState.USE_SNS,-9.587500,12.362500,-184.630000,6.771437,0.002289,0.008392,0.024260,8.316441,0.000000,0.000000,0.000000,0,0,0,0,0,0,0,0,0,0,0,0.045257568359375,-0.004302978515625,1e-45,1e-45,59.999992,-19.999996,-19.999996,-19.999996,-19.999996,-1e-45,Object notstarted,Object notstarted,Object notstarted,Object notstarted,Object notstarted,Object notstarted,Object notstarted,Object notstarted,Object notstarted
2024-03-18 10:36:31,004.004,__main___datalogs,INFO,JoyConState.USE_SNS,-9.587500,12.362500,-184.630000,6.623589,0.005951,0.012817,0.019072,8.348495,0.000000,0.000000,0.000000,0,0,0,0,0,0,0,0,0,0,0,0.045257568359375,-0.004302978515625,1e-45,1e-45,59.999992,-19.999996,-19.999996,-19.999996,-19.999996,-1e-45,Object notstarted,Object notstarted,Object notstarted,Object notstarted,Object notstarted,Object notstarted,Object notstarted,Object notstarted,Object notstarted
2024-03-18 10:36:31,127.127,__main___datalogs,INFO,JoyConState.USE_SNS,-9.587500,12.362500,-184.630000,6.190723,0.005035,0.012817,0.019378,8.380549,0.000000,0.000000,0.000000,0,0,0,0,0,0,0,0,0,0,0,0.045257568359375,-0.004302978515625,1e-45,1e-45,59.999992,-19.999996,-19.999996,-19.999996,-19.999996,-1e-45,Object notstarted,Object notstarted,Object notstarted,Object notstarted,Object notstarted,Object notstarted,Object notstarted,Object notstarted,Object notstarted
2024-03-18 10:36:31,235.235,__main___datalogs,INFO,JoyConState.USE_SNS,-9.587500,12.362500,-184.630000,6.396399,0.006256,0.008239,0.025023,8.412602,0.000000,0.000000,0.000000,0,0,0,0,0,0,0,0,0,0,0,0.045257568359375,-0.004302978515625,1e-45,1e-45,59.999992,-19.999996,-19.999996,-19.999996,-19.999996,-1e-45,Object notstarted,Object notstarted,Object notstarted,Object notstarted,Object notstarted,Object notstarted,Object notstarted,Object notstarted,Object notstarted
2024-03-18 10:36:31,346.346,__main___datalogs,INFO,JoyConState.USE_SNS,-9.587500,12.362500,-184.630000,6.994507,0.005646,0.009155,0.024870,8.444656,0.000000,0.000000,0.000000,0,0,0,0,0,0,0,0,0,0,0,0.045257568359375,-0.004302978515625,1e-45,1e-45,59.999992,-19.999996,-19.999996,-19.999996,-19.999996,-1e-45,Object notstarted,Object notstarted,Object notstarted,Object notstarted,Object notstarted,Object notstarted,Object notstarted,Object notstarted,Object notstarted
2024-03-18 10:36:31,470.470,__main___datalogs,INFO,JoyConState.USE_SNS,-9.587500,12.362500,-184.630000,6.263961,0.004730,0.011749,0.024870,8.476708,0.000000,0.000000,0.000000,0,0,0,0,0,0,0,0,0,0,0,0.045257568359375,-0.004302978515625,1e-45,1e-45,59.999992,-19.999996,-19.999996,-19.999996,-19.999996,-1e-45,Object notstarted,Object notstarted,Object notstarted,Object notstarted,Object notstarted,Object notstarted,Object notstarted,Object notstarted,Object notstarted
2024-03-18 10:36:31,613.613,__main___datalogs,INFO,JoyConState.USE_SNS,-9.587500,12.362500,-184.630000,6.806683,0.004425,0.010528,0.024260,8.508760,0.000000,0.000000,0.000000,0,0,0,0,0,0,0,0,0,0,0,0.045257568359375,-0.004302978515625,1e-45,1e-45,59.999992,-19.999996,-19.999996,-19.999996,-19.999996,-1e-45,Object notstarted,Object notstarted,Object notstarted,Object notstarted,Object notstarted,Object notstarted,Object notstarted,Object notstarted,Object notstarted
2024-03-18 10:36:31,725.725,__main___datalogs,INFO,JoyConState.USE_SNS,-9.587500,12.362500,-184.630000,6.285627,0.004730,0.010070,0.024565,8.540813,0.000000,0.000000,0.000000,0,0,0,0,0,0,0,0,0,0,0,0.045257568359375,-0.004302978515625,1e-45,1e-45,59.999992,-19.999996,-19.999996,-19.999996,-19.999996,-1e-45,Object notstarted,Object notstarted,Object notstarted,Object notstarted,Object notstarted,Object notstarted,Object notstarted,Object notstarted,Object notstarted
2024-03-18 10:36:31,864.864,__main___datalogs,INFO,JoyConState.USE_SNS,-9.587500,12.362500,-184.630000,6.777846,0.005035,0.010528,0.022429,8.572865,0.000000,0.000000,0.000000,0,0,0,0,0,0,0,0,0,0,0,0.045257568359375,-0.004302978515625,1e-45,1e-45,59.999992,-19.999996,-19.999996,-19.999996,-19.999996,-1e-45,Object notstarted,Object notstarted,Object notstarted,Object notstarted,Object notstarted,Object notstarted,Object notstarted,Object notstarted,Object notstarted
2024-03-18 10:36:31,971.971,__main___datalogs,INFO,JoyConState.USE_SNS,-9.587500,12.362500,-184.630000,6.560269,0.004730,0.008239,0.024565,8.604919,0.000000,0.000000,0.000000,0,0,0,0,0,0,0,0,0,0,0,0.045257568359375,-0.004302978515625,1e-45,1e-45,59.999992,-19.999996,-19.999996,-19.999996,-19.999996,-1e-45,Object notstarted,Object notstarted,Object notstarted,Object notstarted,Object notstarted,Object notstarted,Object notstarted,Object notstarted,Object notstarted
2024-03-18 10:36:32,094.094,__main___datalogs,INFO,JoyConState.USE_SNS,-9.587500,12.362500,-184.630000,6.589106,0.004425,0.010986,0.024260,8.636972,0.000000,0.000000,0.000000,0,0,0,0,0,0,0,0,0,0,0,0.045257568359375,-0.004302978515625,1e-45,1e-45,59.999992,-19.999996,-19.999996,-19.999996,-19.999996,-1e-45,Object notstarted,Object notstarted,Object notstarted,Object notstarted,Object notstarted,Object notstarted,Object notstarted,Object notstarted,Object notstarted
2024-03-18 10:36:32,218.218,__main___datalogs,INFO,JoyConState.USE_SNS,-9.587500,12.362500,-184.630000,6.490845,0.005188,0.010681,0.023650,8.669027,0.000000,0.000000,0.000000,0,0,0,0,0,0,0,0,0,0,0,0.045257568359375,-0.004302978515625,1e-45,1e-45,59.999992,-19.999996,-19.999996,-19.999996,-19.999996,-1e-45,Object notstarted,Object notstarted,Object notstarted,Object notstarted,Object notstarted,Object notstarted,Object notstarted,Object notstarted,Object notstarted
2024-03-18 10:36:32,326.326,__main___datalogs,INFO,JoyConState.USE_SNS,-9.587500,12.362500,-184.630000,6.566372,0.004120,0.012359,0.023650,8.701083,0.000000,0.000000,0.000000,0,0,0,0,0,0,0,0,0,0,0,0.045257568359375,-0.004302978515625,1e-45,1e-45,59.999992,-19.999996,-19.999996,-19.999996,-19.999996,-1e-45,Object notstarted,Object notstarted,Object notstarted,Object notstarted,Object notstarted,Object notstarted,Object notstarted,Object notstarted,Object notstarted
2024-03-18 10:36:32,448.448,__main___datalogs,INFO,JoyConState.USE_SNS,-9.587500,12.362500,-184.630000,6.788679,-0.000458,0.009612,0.023955,8.733138,0.000000,0.000000,0.000000,0,0,0,0,0,0,0,0,0,0,0,0.045257568359375,-0.004302978515625,1e-45,1e-45,59.999992,-19.999996,-19.999996,-19.999996,-19.999996,-1e-45,Object notstarted,Object notstarted,Object notstarted,Object notstarted,Object notstarted,Object notstarted,Object notstarted,Object notstarted,Object notstarted
2024-03-18 10:36:32,605.605,__main___datalogs,INFO,JoyConState.USE_SNS,-9.587500,12.362500,-184.630000,6.802716,0.003204,0.012511,0.020293,8.765195,0.000000,0.000000,0.000000,0,0,0,0,0,0,0,0,0,0,0,0.045257568359375,-0.004302978515625,1e-45,1e-45,59.999992,-19.999996,-19.999996,-19.999996,-19.999996,-1e-45,Object notstarted,Object notstarted,Object notstarted,Object notstarted,Object notstarted,Object notstarted,Object notstarted,Object notstarted,Object notstarted
2024-03-18 10:36:32,712.712,__main___datalogs,INFO,JoyConState.USE_SNS,-9.587500,12.362500,-184.630000,6.797681,0.002899,0.009155,0.024870,8.797251,0.000000,0.000000,0.000000,0,0,0,0,0,0,0,0,0,0,0,0.045257568359375,-0.004302978515625,1e-45,1e-45,59.999992,-19.999996,-19.999996,-19.999996,-19.999996,-1e-45,Object notstarted,Object notstarted,Object notstarted,Object notstarted,Object notstarted,Object notstarted,Object notstarted,Object notstarted,Object notstarted
2024-03-18 10:36:32,852.852,__main___datalogs,INFO,JoyConState.USE_SNS,-9.587500,12.362500,-184.630000,6.496033,0.004425,0.007782,0.022734,8.829307,0.000000,0.000000,0.000000,0,0,0,0,0,0,0,0,0,0,0,0.045257568359375,-0.004302978515625,1e-45,1e-45,59.999992,-19.999996,-19.999996,-19.999996,-19.999996,-1e-45,Object notstarted,Object notstarted,Object notstarted,Object notstarted,Object notstarted,Object notstarted,Object notstarted,Object notstarted,Object notstarted
2024-03-18 10:36:32,994.994,__main___datalogs,INFO,JoyConState.USE_SNS,-9.587500,12.362500,-184.630000,6.888770,0.004425,0.007324,0.024260,8.861362,0.000000,0.000000,0.000000,0,0,0,0,0,0,0,0,0,0,0,0.045257568359375,-0.004302978515625,1e-45,1e-45,59.999992,-19.999996,-19.999996,-19.999996,-19.999996,-1e-45,Object notstarted,Object notstarted,Object notstarted,Object notstarted,Object notstarted,Object notstarted,Object notstarted,Object notstarted,Object notstarted
2024-03-18 10:36:33,118.118,__main___datalogs,INFO,JoyConState.USE_SNS,-9.587500,12.362500,-184.630000,6.587275,0.004730,0.008239,0.024565,8.893417,0.000000,0.000000,0.000000,0,0,0,0,0,0,0,0,0,0,0,0.045257568359375,-0.004302978515625,1e-45,1e-45,59.999992,-19.999996,-19.999996,-19.999996,-19.999996,-1e-45,Object notstarted,Object notstarted,Object notstarted,Object notstarted,Object notstarted,Object notstarted,Object notstarted,Object notstarted,Object notstarted
2024-03-18 10:36:33,242.242,__main___datalogs,INFO,JoyConState.USE_SNS,-9.587500,12.362500,-184.630000,6.969332,0.003204,0.006866,0.021514,8.925473,0.000000,0.000000,0.000000,0,0,0,0,0,0,0,0,0,0,0,0.045257568359375,-0.004302978515625,1e-45,1e-45,59.999992,-19.999996,-19.999996,-19.999996,-19.999996,-1e-45,Object notstarted,Object notstarted,Object notstarted,Object notstarted,Object notstarted,Object notstarted,Object notstarted,Object notstarted,Object notstarted
2024-03-18 10:36:33,352.352,__main___datalogs,INFO,JoyConState.USE_SNS,-9.587500,12.362500,-184.630000,7.009307,0.004425,0.011291,0.022429,8.957529,0.000000,0.000000,0.000000,0,0,0,0,0,0,0,0,0,0,0,0.045257568359375,-0.004302978515625,1e-45,1e-45,59.999992,-19.999996,-19.999996,-19.999996,-19.999996,-1e-45,Object notstarted,Object notstarted,Object notstarted,Object notstarted,Object notstarted,Object notstarted,Object notstarted,Object notstarted,Object notstarted
2024-03-18 10:36:33,528.528,__main___datalogs,INFO,JoyConState.USE_SNS,-9.587500,12.362500,-184.630000,6.469789,0.005340,0.010223,0.024260,8.989585,0.000000,0.000000,0.000000,0,0,0,0,0,0,0,0,0,0,0,0.045257568359375,-0.004302978515625,1e-45,1e-45,59.999992,-19.999996,-19.999996,-19.999996,-19.999996,-1e-45,Object notstarted,Object notstarted,Object notstarted,Object notstarted,Object notstarted,Object notstarted,Object notstarted,Object notstarted,Object notstarted
2024-03-18 10:36:33,666.666,__main___datalogs,INFO,JoyConState.USE_SNS,-9.587500,12.362500,-184.630000,6.526396,0.004578,0.008697,0.022734,9.021642,0.000000,0.000000,0.000000,0,0,0,0,0,0,0,0,0,0,0,0.045257568359375,-0.004302978515625,1e-45,1e-45,59.999992,-19.999996,-19.999996,-19.999996,-19.999996,-1e-45,Object notstarted,Object notstarted,Object notstarted,Object notstarted,Object notstarted,Object notstarted,Object notstarted,Object notstarted,Object notstarted
2024-03-18 10:36:33,789.789,__main___datalogs,INFO,JoyConState.USE_SNS,-9.587500,12.362500,-184.630000,6.847422,0.005035,0.006866,0.023650,9.053699,0.000000,0.000000,0.000000,0,0,0,0,0,0,0,0,0,0,0,0.045257568359375,-0.004302978515625,1e-45,1e-45,59.999992,-19.999996,-19.999996,-19.999996,-19.999996,-1e-45,Object notstarted,Object notstarted,Object notstarted,Object notstarted,Object notstarted,Object notstarted,Object notstarted,Object notstarted,Object notstarted
2024-03-18 10:36:33,896.896,__main___datalogs,INFO,JoyConState.USE_SNS,-9.587500,12.362500,-184.630000,6.649527,0.004425,0.008697,0.020293,9.085757,0.000000,0.000000,0.000000,0,0,0,0,0,0,0,0,0,0,0,0.045257568359375,-0.004302978515625,1e-45,1e-45,59.999992,-19.999996,-19.999996,-19.999996,-19.999996,-1e-45,Object notstarted,Object notstarted,Object notstarted,Object notstarted,Object notstarted,Object notstarted,Object notstarted,Object notstarted,Object notstarted
2024-03-18 10:36:34,039.039,__main___datalogs,INFO,JoyConState.USE_SNS,-9.587500,12.362500,-184.630000,6.413183,0.003509,0.008087,0.024870,9.117814,0.000000,0.000000,0.000000,0,0,0,0,0,0,0,0,0,0,0,0.045257568359375,-0.004302978515625,1e-45,1e-45,59.999992,-19.999996,-19.999996,-19.999996,-19.999996,-1e-45,Object notstarted,Object notstarted,Object notstarted,Object notstarted,Object notstarted,Object notstarted,Object notstarted,Object notstarted,Object notstarted
2024-03-18 10:36:34,179.179,__main___datalogs,INFO,JoyConState.USE_SNS,-9.587500,12.362500,-184.630000,6.671956,0.003204,0.008697,0.025328,9.149872,0.000000,0.000000,0.000000,0,0,0,0,0,0,0,0,0,0,0,0.045257568359375,-0.004302978515625,1e-45,1e-45,59.999992,-19.999996,-19.999996,-19.999996,-19.999996,-1e-45,Object notstarted,Object notstarted,Object notstarted,Object notstarted,Object notstarted,Object notstarted,Object notstarted,Object notstarted,Object notstarted
2024-03-18 10:36:34,287.287,__main___datalogs,INFO,JoyConState.USE_SNS,-9.587500,12.362500,-184.630000,6.593836,0.007629,0.007324,0.020903,9.181929,0.000000,0.000000,0.000000,0,0,0,0,0,0,0,0,0,0,0,0.045257568359375,-0.004302978515625,1e-45,1e-45,59.999992,-19.999996,-19.999996,-19.999996,-19.999996,-1e-45,Object notstarted,Object notstarted,Object notstarted,Object notstarted,Object notstarted,Object notstarted,Object notstarted,Object notstarted,Object notstarted
2024-03-18 10:36:34,393.393,__main___datalogs,INFO,JoyConState.USE_SNS,-9.587500,12.362500,-184.630000,6.471621,0.003815,0.008239,0.024565,9.213984,0.000000,0.000000,0.000000,0,0,0,0,0,0,0,0,0,0,0,0.045257568359375,-0.004302978515625,1e-45,1e-45,59.999992,-19.999996,-19.999996,-19.999996,-19.999996,-1e-45,Object notstarted,Object notstarted,Object notstarted,Object notstarted,Object notstarted,Object notstarted,Object notstarted,Object notstarted,Object notstarted
2024-03-18 10:36:34,533.533,__main___datalogs,INFO,JoyConState.USE_SNS,-9.587500,12.362500,-184.630000,6.783644,0.003815,0.012664,0.024718,9.246039,0.000000,0.000000,0.000000,0,0,0,0,0,0,0,0,0,0,0,0.045257568359375,-0.004302978515625,1e-45,1e-45,59.999992,-19.999996,-19.999996,-19.999996,-19.999996,-1e-45,Object notstarted,Object notstarted,Object notstarted,Object notstarted,Object notstarted,Object notstarted,Object notstarted,Object notstarted,Object notstarted
2024-03-18 10:36:34,668.668,__main___datalogs,INFO,JoyConState.USE_SNS,-9.587500,12.362500,-184.630000,6.410589,0.003357,0.007934,0.024870,9.278094,0.000000,0.000000,0.000000,0,0,0,0,0,0,0,0,0,0,0,0.045257568359375,-0.004302978515625,1e-45,1e-45,59.999992,-19.999996,-19.999996,-19.999996,-19.999996,-1e-45,Object notstarted,Object notstarted,Object notstarted,Object notstarted,Object notstarted,Object notstarted,Object notstarted,Object notstarted,Object notstarted
2024-03-18 10:36:34,807.807,__main___datalogs,INFO,JoyConState.USE_SNS,-9.587500,12.362500,-184.630000,6.512206,0.004120,0.007782,0.023955,9.310150,0.000000,0.000000,0.000000,0,0,0,0,0,0,0,0,0,0,0,0.045257568359375,-0.004302978515625,1e-45,1e-45,59.999992,-19.999996,-19.999996,-19.999996,-19.999996,-1e-45,Object notstarted,Object notstarted,Object notstarted,Object notstarted,Object notstarted,Object notstarted,Object notstarted,Object notstarted,Object notstarted
2024-03-18 10:36:34,930.930,__main___datalogs,INFO,JoyConState.USE_SNS,-9.587500,12.362500,-184.630000,6.246262,0.003815,0.007782,0.022124,9.342206,0.000000,0.000000,0.000000,0,0,0,0,0,0,0,0,0,0,0,0.045257568359375,-0.004302978515625,1e-45,1e-45,59.999992,-19.999996,-19.999996,-19.999996,-19.999996,-1e-45,Object notstarted,Object notstarted,Object notstarted,Object notstarted,Object notstarted,Object notstarted,Object notstarted,Object notstarted,Object notstarted
2024-03-18 10:36:35,024.024,__main___datalogs,INFO,JoyConState.USE_SNS,-9.587500,12.362500,-184.630000,6.509460,0.005340,0.007782,0.020903,9.374261,0.000000,0.000000,0.000000,0,0,0,0,0,0,0,0,0,0,0,0.045257568359375,-0.004302978515625,1e-45,1e-45,59.999992,-19.999996,-19.999996,-19.999996,-19.999996,-1e-45,Object notstarted,Object notstarted,Object notstarted,Object notstarted,Object notstarted,Object notstarted,Object notstarted,Object notstarted,Object notstarted
2024-03-18 10:36:35,130.130,__main___datalogs,INFO,JoyConState.USE_SNS,-9.587500,12.362500,-184.630000,6.615350,0.004120,0.012512,0.023650,9.406318,0.000000,0.000000,0.000000,0,0,0,0,0,0,0,0,0,0,0,0.045257568359375,-0.004302978515625,1e-45,1e-45,59.999992,-19.999996,-19.999996,-19.999996,-19.999996,-1e-45,Object notstarted,Object notstarted,Object notstarted,Object notstarted,Object notstarted,Object notstarted,Object notstarted,Object notstarted,Object notstarted
2024-03-18 10:36:35,253.253,__main___datalogs,INFO,JoyConState.USE_SNS,-9.587500,12.362500,-184.630000,6.701556,0.004425,0.008850,0.025328,9.438374,0.000000,0.000000,0.000000,0,0,0,0,0,0,0,0,0,0,0,0.045257568359375,-0.004302978515625,1e-45,1e-45,59.999992,-19.999996,-19.999996,-19.999996,-19.999996,-1e-45,Object notstarted,Object notstarted,Object notstarted,Object notstarted,Object notstarted,Object notstarted,Object notstarted,Object notstarted,Object notstarted
2024-03-18 10:36:35,377.377,__main___datalogs,INFO,JoyConState.USE_SNS,-9.587500,12.362500,-184.630000,6.476351,0.003815,0.006866,0.024260,9.470429,0.000000,0.000000,0.000000,0,0,0,0,0,0,0,0,0,0,0,0.045257568359375,-0.004302978515625,1e-45,1e-45,59.999992,-19.999996,-19.999996,-19.999996,-19.999996,-1e-45,Object notstarted,Object notstarted,Object notstarted,Object notstarted,Object notstarted,Object notstarted,Object notstarted,Object notstarted,Object notstarted
2024-03-18 10:36:35,504.504,__main___datalogs,INFO,JoyConState.USE_SNS,-9.587500,12.362500,-184.630000,6.421117,0.003815,0.013122,0.024260,9.502484,0.000000,0.000000,0.000000,0,0,0,0,0,0,0,0,0,0,0,0.045257568359375,-0.004302978515625,1e-45,1e-45,59.999992,-19.999996,-19.999996,-19.999996,-19.999996,-1e-45,Object notstarted,Object notstarted,Object notstarted,Object notstarted,Object notstarted,Object notstarted,Object notstarted,Object notstarted,Object notstarted
2024-03-18 10:36:35,659.659,__main___datalogs,INFO,JoyConState.USE_SNS,-9.587500,12.362500,-184.630000,6.498322,0.003509,0.008697,0.021208,9.534538,0.000000,0.000000,0.000000,0,0,0,0,0,0,0,0,0,0,0,0.045257568359375,-0.004302978515625,1e-45,1e-45,59.999992,-19.999996,-19.999996,-19.999996,-19.999996,-1e-45,Object notstarted,Object notstarted,Object notstarted,Object notstarted,Object notstarted,Object notstarted,Object notstarted,Object notstarted,Object notstarted
2024-03-18 10:36:35,798.798,__main___datalogs,INFO,JoyConState.USE_SNS,-9.587500,12.362500,-184.630000,6.574916,0.007324,0.009918,0.024565,9.566592,0.000000,0.000000,0.000000,0,0,0,0,0,0,0,0,0,0,0,0.045257568359375,-0.004302978515625,1e-45,1e-45,59.999992,-19.999996,-19.999996,-19.999996,-19.999996,-1e-45,Object notstarted,Object notstarted,Object notstarted,Object notstarted,Object notstarted,Object notstarted,Object notstarted,Object notstarted,Object notstarted
2024-03-18 10:36:35,905.905,__main___datalogs,INFO,JoyConState.USE_SNS,-9.587500,12.362500,-184.630000,6.721544,0.003815,0.009155,0.025023,9.598646,0.000000,0.000000,0.000000,0,0,0,0,0,0,0,0,0,0,0,0.045257568359375,-0.004302978515625,1e-45,1e-45,59.999992,-19.999996,-19.999996,-19.999996,-19.999996,-1e-45,Object notstarted,Object notstarted,Object notstarted,Object notstarted,Object notstarted,Object notstarted,Object notstarted,Object notstarted,Object notstarted
2024-03-18 10:36:36,046.046,__main___datalogs,INFO,JoyConState.USE_SNS,-9.587500,12.362500,-184.630000,6.519683,0.003509,0.010223,0.020903,9.630701,0.000000,0.000000,0.000000,0,0,0,0,0,0,0,0,0,0,0,0.045257568359375,-0.004302978515625,1e-45,1e-45,59.999992,-19.999996,-19.999996,-19.999996,-19.999996,-1e-45,Object notstarted,Object notstarted,Object notstarted,Object notstarted,Object notstarted,Object notstarted,Object notstarted,Object notstarted,Object notstarted
2024-03-18 10:36:36,203.203,__main___datalogs,INFO,JoyConState.USE_SNS,-9.587500,12.362500,-184.630000,6.282881,0.003815,0.009155,0.023345,9.662755,0.000000,0.000000,0.000000,0,0,0,0,0,0,0,0,0,0,0,0.045257568359375,-0.004302978515625,1e-45,1e-45,59.999992,-19.999996,-19.999996,-19.999996,-19.999996,-1e-45,Object notstarted,Object notstarted,Object notstarted,Object notstarted,Object notstarted,Object notstarted,Object notstarted,Object notstarted,Object notstarted
2024-03-18 10:36:36,346.346,__main___datalogs,INFO,JoyConState.USE_SNS,-9.587500,12.362500,-184.630000,6.455905,0.004425,0.010223,0.024870,9.694810,0.000000,0.000000,0.000000,0,0,0,0,0,0,0,0,0,0,0,0.045257568359375,-0.004302978515625,1e-45,1e-45,59.999992,-19.999996,-19.999996,-19.999996,-19.999996,-1e-45,Object notstarted,Object notstarted,Object notstarted,Object notstarted,Object notstarted,Object notstarted,Object notstarted,Object notstarted,Object notstarted
2024-03-18 10:36:36,452.452,__main___datalogs,INFO,JoyConState.USE_SNS,-9.587500,12.362500,-184.630000,6.951022,0.004120,0.008239,0.019683,9.726865,0.000000,0.000000,0.000000,0,0,0,0,0,0,0,0,0,0,0,0.045257568359375,-0.004302978515625,1e-45,1e-45,59.999992,-19.999996,-19.999996,-19.999996,-19.999996,-1e-45,Object notstarted,Object notstarted,Object notstarted,Object notstarted,Object notstarted,Object notstarted,Object notstarted,Object notstarted,Object notstarted
2024-03-18 10:36:36,560.560,__main___datalogs,INFO,JoyConState.USE_SNS,-9.587500,12.362500,-184.630000,6.638084,0.004425,0.011596,0.024260,9.758921,0.000000,0.000000,0.000000,0,0,0,0,0,0,0,0,0,0,0,0.045257568359375,-0.004302978515625,1e-45,1e-45,59.999992,-19.999996,-19.999996,-19.999996,-19.999996,-1e-45,Object notstarted,Object notstarted,Object notstarted,Object notstarted,Object notstarted,Object notstarted,Object notstarted,Object notstarted,Object notstarted
2024-03-18 10:36:36,669.669,__main___datalogs,INFO,JoyConState.USE_SNS,-9.587500,12.362500,-184.630000,6.579493,0.003509,0.013274,0.023345,9.790977,0.000000,0.000000,0.000000,0,0,0,0,0,0,0,0,0,0,0,0.045257568359375,-0.004302978515625,1e-45,1e-45,59.999992,-19.999996,-19.999996,-19.999996,-19.999996,-1e-45,Object notstarted,Object notstarted,Object notstarted,Object notstarted,Object notstarted,Object notstarted,Object notstarted,Object notstarted,Object notstarted
2024-03-18 10:36:36,788.788,__main___datalogs,INFO,JoyConState.USE_SNS,-9.587500,12.362500,-184.630000,6.970095,0.003815,0.008392,0.023345,9.823033,0.000000,0.000000,0.000000,0,0,0,0,0,0,0,0,0,0,0,0.045257568359375,-0.004302978515625,1e-45,1e-45,59.999992,-19.999996,-19.999996,-19.999996,-19.999996,-1e-45,Object notstarted,Object notstarted,Object notstarted,Object notstarted,Object notstarted,Object notstarted,Object notstarted,Object notstarted,Object notstarted
2024-03-18 10:36:36,926.926,__main___datalogs,INFO,JoyConState.USE_SNS,-9.587500,12.362500,-184.630000,6.228258,0.003815,0.009918,0.023345,9.855088,0.000000,0.000000,0.000000,0,0,0,0,0,0,0,0,0,0,0,0.045257568359375,-0.004302978515625,1e-45,1e-45,59.999992,-19.999996,-19.999996,-19.999996,-19.999996,-1e-45,Object notstarted,Object notstarted,Object notstarted,Object notstarted,Object notstarted,Object notstarted,Object notstarted,Object notstarted,Object notstarted
2024-03-18 10:36:37,050.050,__main___datalogs,INFO,JoyConState.USE_SNS,-9.587500,12.362500,-184.630000,5.907690,0.001526,0.008239,0.020293,9.887143,0.000000,0.000000,0.000000,0,0,0,0,0,0,0,0,0,0,0,0.045257568359375,-0.004302978515625,1e-45,1e-45,59.999992,-19.999996,-19.999996,-19.999996,-19.999996,-1e-45,Object notstarted,Object notstarted,Object notstarted,Object notstarted,Object notstarted,Object notstarted,Object notstarted,Object notstarted,Object notstarted
2024-03-18 10:36:37,174.174,__main___datalogs,INFO,JoyConState.USE_SNS,-9.587500,12.362500,-184.630000,6.550809,0.004730,0.012206,0.024260,9.919198,0.000000,0.000000,0.000000,0,0,0,0,0,0,0,0,0,0,0,0.045257568359375,-0.004302978515625,1e-45,1e-45,59.999992,-19.999996,-19.999996,-19.999996,-19.999996,-1e-45,Object notstarted,Object notstarted,Object notstarted,Object notstarted,Object notstarted,Object notstarted,Object notstarted,Object notstarted,Object notstarted
2024-03-18 10:36:37,301.301,__main___datalogs,INFO,JoyConState.USE_SNS,-9.587500,12.362500,-184.630000,6.135490,0.000000,0.006866,0.024260,9.951254,0.000000,0.000000,0.000000,0,0,0,0,0,0,0,0,0,0,0,0.045257568359375,-0.004302978515625,1e-45,1e-45,59.999992,-19.999996,-19.999996,-19.999996,-19.999996,-1e-45,Object notstarted,Object notstarted,Object notstarted,Object notstarted,Object notstarted,Object notstarted,Object notstarted,Object notstarted,Object notstarted
2024-03-18 10:36:37,442.442,__main___datalogs,INFO,JoyConState.USE_SNS,-9.587500,12.362500,-184.630000,6.563320,0.004425,0.012206,0.024260,9.983311,0.000000,0.000000,0.000000,0,0,0,0,0,0,0,0,0,0,0,0.045257568359375,-0.004302978515625,1e-45,1e-45,59.999992,-19.999996,-19.999996,-19.999996,-19.999996,-1e-45,Object notstarted,Object notstarted,Object notstarted,Object notstarted,Object notstarted,Object notstarted,Object notstarted,Object notstarted,Object notstarted
2024-03-18 10:36:37,550.550,__main___datalogs,INFO,JoyConState.USE_SNS,-9.587500,12.362500,-184.630000,6.641746,0.001678,0.008697,0.020903,10.015367,0.000000,0.000000,0.000000,0,0,0,0,0,0,0,0,0,0,0,0.045257568359375,-0.004302978515625,1e-45,1e-45,59.999992,-19.999996,-19.999996,-19.999996,-19.999996,-1e-45,Object notstarted,Object notstarted,Object notstarted,Object notstarted,Object notstarted,Object notstarted,Object notstarted,Object notstarted,Object notstarted
2024-03-18 10:36:37,674.674,__main___datalogs,INFO,JoyConState.USE_SNS,-9.587500,12.362500,-184.630000,6.684620,0.005646,0.012359,0.023650,10.047425,0.000000,0.000000,0.000000,0,0,0,0,0,0,0,0,0,0,0,0.045257568359375,-0.004302978515625,1e-45,1e-45,59.999992,-19.999996,-19.999996,-19.999996,-19.999996,-1e-45,Object notstarted,Object notstarted,Object notstarted,Object notstarted,Object notstarted,Object notstarted,Object notstarted,Object notstarted,Object notstarted
2024-03-18 10:36:37,798.798,__main___datalogs,INFO,JoyConState.USE_SNS,-9.587500,12.362500,-184.630000,6.766707,0.004425,0.012054,0.024870,10.079482,0.000000,0.000000,0.000000,0,0,0,0,0,0,0,0,0,0,0,0.045257568359375,-0.004302978515625,1e-45,1e-45,59.999992,-19.999996,-19.999996,-19.999996,-19.999996,-1e-45,Object notstarted,Object notstarted,Object notstarted,Object notstarted,Object notstarted,Object notstarted,Object notstarted,Object notstarted,Object notstarted
2024-03-18 10:36:37,906.906,__main___datalogs,INFO,JoyConState.USE_SNS,-9.587500,12.362500,-184.630000,6.772048,-0.000763,0.012664,0.024565,10.111537,0.000000,0.000000,0.000000,0,0,0,0,0,0,0,0,0,0,0,0.045257568359375,-0.004302978515625,1e-45,1e-45,59.999992,-19.999996,-19.999996,-19.999996,-19.999996,-1e-45,Object notstarted,Object notstarted,Object notstarted,Object notstarted,Object notstarted,Object notstarted,Object notstarted,Object notstarted,Object notstarted
2024-03-18 10:36:38,014.014,__main___datalogs,INFO,JoyConState.USE_SNS,-9.587500,12.362500,-184.630000,6.224748,0.006714,0.007324,0.023650,10.143592,0.000000,0.000000,0.000000,0,0,0,0,0,0,0,0,0,0,0,0.045257568359375,-0.004302978515625,1e-45,1e-45,59.999992,-19.999996,-19.999996,-19.999996,-19.999996,-1e-45,Object notstarted,Object notstarted,Object notstarted,Object notstarted,Object notstarted,Object notstarted,Object notstarted,Object notstarted,Object notstarted
2024-03-18 10:36:38,138.138,__main___datalogs,INFO,JoyConState.USE_SNS,-9.587500,12.362500,-184.630000,6.767928,0.002594,0.008392,0.024260,10.175647,0.000000,0.000000,0.000000,0,0,0,0,0,0,0,0,0,0,0,0.045257568359375,-0.004302978515625,1e-45,1e-45,59.999992,-19.999996,-19.999996,-19.999996,-19.999996,-1e-45,Object notstarted,Object notstarted,Object notstarted,Object notstarted,Object notstarted,Object notstarted,Object notstarted,Object notstarted,Object notstarted
2024-03-18 10:36:38,261.261,__main___datalogs,INFO,JoyConState.USE_SNS,-9.587500,12.362500,-184.630000,6.762283,0.005798,0.012969,0.024565,10.207701,0.000000,0.000000,0.000000,0,0,0,0,0,0,0,0,0,0,0,0.045257568359375,-0.004302978515625,1e-45,1e-45,59.999992,-19.999996,-19.999996,-19.999996,-19.999996,-1e-45,Object notstarted,Object notstarted,Object notstarted,Object notstarted,Object notstarted,Object notstarted,Object notstarted,Object notstarted,Object notstarted
2024-03-18 10:36:38,386.386,__main___datalogs,INFO,JoyConState.USE_SNS,-9.587500,12.362500,-184.630000,6.356119,0.004120,0.011443,0.022887,10.239755,0.000000,0.000000,0.000000,0,0,0,0,0,0,0,0,0,0,0,0.045257568359375,-0.004302978515625,1e-45,1e-45,59.999992,-19.999996,-19.999996,-19.999996,-19.999996,-1e-45,Object notstarted,Object notstarted,Object notstarted,Object notstarted,Object notstarted,Object notstarted,Object notstarted,Object notstarted,Object notstarted
2024-03-18 10:36:38,510.510,__main___datalogs,INFO,JoyConState.USE_SNS,-9.587500,12.362500,-184.630000,6.416845,0.003509,0.012664,0.022429,10.271809,0.000000,0.000000,0.000000,0,0,0,0,0,0,0,0,0,0,0,0.045257568359375,-0.004302978515625,1e-45,1e-45,59.999992,-19.999996,-19.999996,-19.999996,-19.999996,-1e-45,Object notstarted,Object notstarted,Object notstarted,Object notstarted,Object notstarted,Object notstarted,Object notstarted,Object notstarted,Object notstarted
2024-03-18 10:36:38,618.618,__main___datalogs,INFO,JoyConState.USE_SNS,-9.587500,12.362500,-184.630000,6.670430,0.003815,0.009765,0.023039,10.303864,0.000000,0.000000,0.000000,0,0,0,0,0,0,0,0,0,0,0,0.045257568359375,-0.004302978515625,1e-45,1e-45,59.999992,-19.999996,-19.999996,-19.999996,-19.999996,-1e-45,Object notstarted,Object notstarted,Object notstarted,Object notstarted,Object notstarted,Object notstarted,Object notstarted,Object notstarted,Object notstarted
2024-03-18 10:36:38,742.742,__main___datalogs,INFO,JoyConState.USE_SNS,-9.587500,12.362500,-184.630000,6.703540,0.004425,0.009765,0.024565,10.335919,0.000000,0.000000,0.000000,0,0,0,0,0,0,0,0,0,0,0,0.045257568359375,-0.004302978515625,1e-45,1e-45,59.999992,-19.999996,-19.999996,-19.999996,-19.999996,-1e-45,Object notstarted,Object notstarted,Object notstarted,Object notstarted,Object notstarted,Object notstarted,Object notstarted,Object notstarted,Object notstarted
2024-03-18 10:36:38,867.867,__main___datalogs,INFO,JoyConState.USE_SNS,-9.587500,12.362500,-184.630000,6.412878,0.002899,0.009307,0.023650,10.367975,0.000000,0.000000,0.000000,0,0,0,0,0,0,0,0,0,0,0,0.045257568359375,-0.004302978515625,1e-45,1e-45,59.999992,-19.999996,-19.999996,-19.999996,-19.999996,-1e-45,Object notstarted,Object notstarted,Object notstarted,Object notstarted,Object notstarted,Object notstarted,Object notstarted,Object notstarted,Object notstarted
2024-03-18 10:36:38,974.974,__main___datalogs,INFO,JoyConState.USE_SNS,-9.587500,12.362500,-184.630000,6.376259,0.004425,0.008697,0.024260,10.400031,0.000000,0.000000,0.000000,0,0,0,0,0,0,0,0,0,0,0,0.045257568359375,-0.004302978515625,1e-45,1e-45,59.999992,-19.999996,-19.999996,-19.999996,-19.999996,-1e-45,Object notstarted,Object notstarted,Object notstarted,Object notstarted,Object notstarted,Object notstarted,Object notstarted,Object notstarted,Object notstarted
2024-03-18 10:36:39,097.097,__main___datalogs,INFO,JoyConState.USE_SNS,-9.587500,12.362500,-184.630000,6.869088,0.003509,0.013122,0.024260,10.432086,0.000000,0.000000,0.000000,0,0,0,0,0,0,0,0,0,0,0,0.045257568359375,-0.004302978515625,1e-45,1e-45,59.999992,-19.999996,-19.999996,-19.999996,-19.999996,-1e-45,Object notstarted,Object notstarted,Object notstarted,Object notstarted,Object notstarted,Object notstarted,Object notstarted,Object notstarted,Object notstarted
2024-03-18 10:36:39,236.236,__main___datalogs,INFO,JoyConState.USE_SNS,-9.587500,12.362500,-184.630000,6.688129,0.008087,0.008239,0.024260,10.464141,0.000000,0.000000,0.000000,0,0,0,0,0,0,0,0,0,0,0,0.045257568359375,-0.004302978515625,1e-45,1e-45,59.999992,-19.999996,-19.999996,-19.999996,-19.999996,-1e-45,Object notstarted,Object notstarted,Object notstarted,Object notstarted,Object notstarted,Object notstarted,Object notstarted,Object notstarted,Object notstarted
2024-03-18 10:36:39,359.359,__main___datalogs,INFO,JoyConState.USE_SNS,-9.587500,12.362500,-184.630000,6.044400,0.001984,0.007782,0.024565,10.496196,0.000000,0.000000,0.000000,0,0,0,0,0,0,0,0,0,0,0,0.045257568359375,-0.004302978515625,1e-45,1e-45,59.999992,-19.999996,-19.999996,-19.999996,-19.999996,-1e-45,Object notstarted,Object notstarted,Object notstarted,Object notstarted,Object notstarted,Object notstarted,Object notstarted,Object notstarted,Object notstarted
2024-03-18 10:36:39,482.482,__main___datalogs,INFO,JoyConState.USE_SNS,-9.587500,12.362500,-184.630000,5.958956,0.003815,0.007629,0.023955,10.528252,0.000000,0.000000,0.000000,0,0,0,0,0,0,0,0,0,0,0,0.045257568359375,-0.004302978515625,1e-45,1e-45,59.999992,-19.999996,-19.999996,-19.999996,-19.999996,-1e-45,Object notstarted,Object notstarted,Object notstarted,Object notstarted,Object notstarted,Object notstarted,Object notstarted,Object notstarted,Object notstarted
2024-03-18 10:36:39,622.622,__main___datalogs,INFO,JoyConState.USE_SNS,-9.587500,12.362500,-184.630000,6.337962,0.004730,0.011749,0.024870,10.560308,0.000000,0.000000,0.000000,0,0,0,0,0,0,0,0,0,0,0,0.045257568359375,-0.004302978515625,1e-45,1e-45,59.999992,-19.999996,-19.999996,-19.999996,-19.999996,-1e-45,Object notstarted,Object notstarted,Object notstarted,Object notstarted,Object notstarted,Object notstarted,Object notstarted,Object notstarted,Object notstarted
2024-03-18 10:36:39,746.746,__main___datalogs,INFO,JoyConState.USE_SNS,-9.587500,12.362500,-184.630000,6.556149,0.003509,0.009918,0.023650,10.592364,0.000000,0.000000,0.000000,0,0,0,0,0,0,0,0,0,0,0,0.045257568359375,-0.004302978515625,1e-45,1e-45,59.999992,-19.999996,-19.999996,-19.999996,-19.999996,-1e-45,Object notstarted,Object notstarted,Object notstarted,Object notstarted,Object notstarted,Object notstarted,Object notstarted,Object notstarted,Object notstarted
2024-03-18 10:36:39,873.873,__main___datalogs,INFO,JoyConState.USE_SNS,-9.587500,12.362500,-184.630000,6.580104,0.003509,0.010528,0.024565,10.624419,0.000000,0.000000,0.000000,0,0,0,0,0,0,0,0,0,0,0,0.045257568359375,-0.004302978515625,1e-45,1e-45,59.999992,-19.999996,-19.999996,-19.999996,-19.999996,-1e-45,Object notstarted,Object notstarted,Object notstarted,Object notstarted,Object notstarted,Object notstarted,Object notstarted,Object notstarted,Object notstarted
2024-03-18 10:36:39,990.990,__main___datalogs,INFO,JoyConState.USE_SNS,-9.587500,12.362500,-184.630000,6.337046,0.003815,0.011138,0.024870,10.656476,0.000000,0.000000,0.000000,0,0,0,0,0,0,0,0,0,0,0,0.045257568359375,-0.004302978515625,1e-45,1e-45,59.999992,-19.999996,-19.999996,-19.999996,-19.999996,-1e-45,Object notstarted,Object notstarted,Object notstarted,Object notstarted,Object notstarted,Object notstarted,Object notstarted,Object notstarted,Object notstarted
2024-03-18 10:36:40,097.097,__main___datalogs,INFO,JoyConState.USE_SNS,-9.587500,12.362500,-184.630000,6.391822,0.003815,0.008850,0.024260,10.688534,0.000000,0.000000,0.000000,0,0,0,0,0,0,0,0,0,0,0,0.045257568359375,-0.004302978515625,1e-45,1e-45,59.999992,-19.999996,-19.999996,-19.999996,-19.999996,-1e-45,Object notstarted,Object notstarted,Object notstarted,Object notstarted,Object notstarted,Object notstarted,Object notstarted,Object notstarted,Object notstarted
2024-03-18 10:36:40,224.224,__main___datalogs,INFO,JoyConState.USE_SNS,-9.587500,12.362500,-184.630000,6.555844,0.005340,0.010070,0.021208,10.720589,0.000000,0.000000,0.000000,0,0,0,0,0,0,0,0,0,0,0,0.045257568359375,-0.004302978515625,1e-45,1e-45,59.999992,-19.999996,-19.999996,-19.999996,-19.999996,-1e-45,Object notstarted,Object notstarted,Object notstarted,Object notstarted,Object notstarted,Object notstarted,Object notstarted,Object notstarted,Object notstarted
2024-03-18 10:36:40,347.347,__main___datalogs,INFO,JoyConState.USE_SNS,-9.587500,12.362500,-184.630000,6.897772,0.004425,0.010070,0.023650,10.752645,0.000000,0.000000,0.000000,0,0,0,0,0,0,0,0,0,0,0,0.045257568359375,-0.004302978515625,1e-45,1e-45,59.999992,-19.999996,-19.999996,-19.999996,-19.999996,-1e-45,Object notstarted,Object notstarted,Object notstarted,Object notstarted,Object notstarted,Object notstarted,Object notstarted,Object notstarted,Object notstarted
2024-03-18 10:36:40,473.473,__main___datalogs,INFO,JoyConState.USE_SNS,-9.587500,12.362500,-184.630000,6.779524,0.003204,0.012511,0.023650,10.784700,0.000000,0.000000,0.000000,0,0,0,0,0,0,0,0,0,0,0,0.045257568359375,-0.004302978515625,1e-45,1e-45,59.999992,-19.999996,-19.999996,-19.999996,-19.999996,-1e-45,Object notstarted,Object notstarted,Object notstarted,Object notstarted,Object notstarted,Object notstarted,Object notstarted,Object notstarted,Object notstarted
2024-03-18 10:36:40,595.595,__main___datalogs,INFO,JoyConState.USE_SNS,-9.587500,12.362500,-184.630000,6.481386,0.002899,0.010528,0.024870,10.816754,0.000000,0.000000,0.000000,0,0,0,0,0,0,0,0,0,0,0,0.045257568359375,-0.004302978515625,1e-45,1e-45,59.999992,-19.999996,-19.999996,-19.999996,-19.999996,-1e-45,Object notstarted,Object notstarted,Object notstarted,Object notstarted,Object notstarted,Object notstarted,Object notstarted,Object notstarted,Object notstarted
2024-03-18 10:36:40,702.702,__main___datalogs,INFO,JoyConState.USE_SNS,-9.587500,12.362500,-184.630000,6.689655,0.004120,0.007782,0.024870,10.848809,0.000000,0.000000,0.000000,0,0,0,0,0,0,0,0,0,0,0,0.045257568359375,-0.004302978515625,1e-45,1e-45,59.999992,-19.999996,-19.999996,-19.999996,-19.999996,-1e-45,Object notstarted,Object notstarted,Object notstarted,Object notstarted,Object notstarted,Object notstarted,Object notstarted,Object notstarted,Object notstarted
2024-03-18 10:36:40,827.827,__main___datalogs,INFO,JoyConState.USE_SNS,-9.587500,12.362500,-184.630000,6.676228,0.007171,0.007782,0.019988,10.880862,0.000000,0.000000,0.000000,0,0,0,0,0,0,0,0,0,0,0,0.045257568359375,-0.004302978515625,1e-45,1e-45,59.999992,-19.999996,-19.999996,-19.999996,-19.999996,-1e-45,Object notstarted,Object notstarted,Object notstarted,Object notstarted,Object notstarted,Object notstarted,Object notstarted,Object notstarted,Object notstarted
2024-03-18 10:36:40,948.948,__main___datalogs,INFO,JoyConState.USE_SNS,-9.587500,12.362500,-184.630000,6.580562,0.003967,0.012512,0.023955,10.912918,0.000000,0.000000,0.000000,0,0,0,0,0,0,0,0,0,0,0,0.045257568359375,-0.004302978515625,1e-45,1e-45,59.999992,-19.999996,-19.999996,-19.999996,-19.999996,-1e-45,Object notstarted,Object notstarted,Object notstarted,Object notstarted,Object notstarted,Object notstarted,Object notstarted,Object notstarted,Object notstarted
2024-03-18 10:36:41,093.093,__main___datalogs,INFO,JoyConState.USE_SNS,-9.587500,12.362500,-184.630000,6.537992,0.006408,0.012359,0.025328,10.944973,0.000000,0.000000,0.000000,0,0,0,0,0,0,0,0,0,0,0,0.045257568359375,-0.004302978515625,1e-45,1e-45,59.999992,-19.999996,-19.999996,-19.999996,-19.999996,-1e-45,Object notstarted,Object notstarted,Object notstarted,Object notstarted,Object notstarted,Object notstarted,Object notstarted,Object notstarted,Object notstarted
2024-03-18 10:36:41,216.216,__main___datalogs,INFO,JoyConState.USE_SNS,-9.587500,12.362500,-184.630000,6.225511,0.006561,0.012664,0.025176,10.977030,0.000000,0.000000,0.000000,0,0,0,0,0,0,0,0,0,0,0,0.045257568359375,-0.004302978515625,1e-45,1e-45,59.999992,-19.999996,-19.999996,-19.999996,-19.999996,-1e-45,Object notstarted,Object notstarted,Object notstarted,Object notstarted,Object notstarted,Object notstarted,Object notstarted,Object notstarted,Object notstarted
2024-03-18 10:36:41,341.341,__main___datalogs,INFO,JoyConState.USE_SNS,-9.587500,12.362500,-184.630000,6.325603,0.003204,0.010528,0.025328,11.009085,0.000000,0.000000,0.000000,0,0,0,0,0,0,0,0,0,0,0,0.045257568359375,-0.004302978515625,1e-45,1e-45,59.999992,-19.999996,-19.999996,-19.999996,-19.999996,-1e-45,Object notstarted,Object notstarted,Object notstarted,Object notstarted,Object notstarted,Object notstarted,Object notstarted,Object notstarted,Object notstarted
2024-03-18 10:36:41,449.449,__main___datalogs,INFO,JoyConState.USE_SNS,-9.587500,12.362500,-184.630000,6.382057,0.007477,0.009155,0.024870,11.041140,0.000000,0.000000,0.000000,0,0,0,0,0,0,0,0,0,0,0,0.045257568359375,-0.004302978515625,1e-45,1e-45,59.999992,-19.999996,-19.999996,-19.999996,-19.999996,-1e-45,Object notstarted,Object notstarted,Object notstarted,Object notstarted,Object notstarted,Object notstarted,Object notstarted,Object notstarted,Object notstarted
2024-03-18 10:36:41,573.573,__main___datalogs,INFO,JoyConState.USE_SNS,-9.587500,12.362500,-184.630000,6.235124,0.003204,0.008239,0.024870,11.073197,0.000000,0.000000,0.000000,0,0,0,0,0,0,0,0,0,0,0,0.045257568359375,-0.004302978515625,1e-45,1e-45,59.999992,-19.999996,-19.999996,-19.999996,-19.999996,-1e-45,Object notstarted,Object notstarted,Object notstarted,Object notstarted,Object notstarted,Object notstarted,Object notstarted,Object notstarted,Object notstarted
2024-03-18 10:36:41,684.684,__main___datalogs,INFO,JoyConState.USE_SNS,-9.587500,12.362500,-184.630000,5.954226,0.001373,0.009155,0.022124,11.105252,0.000000,0.000000,0.000000,0,0,0,0,0,0,0,0,0,0,0,0.045257568359375,-0.004302978515625,1e-45,1e-45,59.999992,-19.999996,-19.999996,-19.999996,-19.999996,-1e-45,Object notstarted,Object notstarted,Object notstarted,Object notstarted,Object notstarted,Object notstarted,Object notstarted,Object notstarted,Object notstarted
2024-03-18 10:36:41,807.807,__main___datalogs,INFO,JoyConState.USE_SNS,-9.587500,12.362500,-184.630000,6.820873,0.002594,0.009155,0.024870,11.137307,0.000000,0.000000,0.000000,0,0,0,0,0,0,0,0,0,0,0,0.045257568359375,-0.004302978515625,1e-45,1e-45,59.999992,-19.999996,-19.999996,-19.999996,-19.999996,-1e-45,Object notstarted,Object notstarted,Object notstarted,Object notstarted,Object notstarted,Object notstarted,Object notstarted,Object notstarted,Object notstarted
2024-03-18 10:36:41,931.931,__main___datalogs,INFO,JoyConState.USE_SNS,-9.587500,12.362500,-184.630000,6.445224,0.006714,0.009155,0.024870,11.169362,0.000000,0.000000,0.000000,0,0,0,0,0,0,0,0,0,0,0,0.045257568359375,-0.004302978515625,1e-45,1e-45,59.999992,-19.999996,-19.999996,-19.999996,-19.999996,-1e-45,Object notstarted,Object notstarted,Object notstarted,Object notstarted,Object notstarted,Object notstarted,Object notstarted,Object notstarted,Object notstarted
2024-03-18 10:36:42,054.054,__main___datalogs,INFO,JoyConState.USE_SNS,-9.587500,12.362500,-184.630000,6.691334,0.004272,0.010070,0.025176,11.201417,0.000000,0.000000,0.000000,0,0,0,0,0,0,0,0,0,0,0,0.045257568359375,-0.004302978515625,1e-45,1e-45,59.999992,-19.999996,-19.999996,-19.999996,-19.999996,-1e-45,Object notstarted,Object notstarted,Object notstarted,Object notstarted,Object notstarted,Object notstarted,Object notstarted,Object notstarted,Object notstarted
2024-03-18 10:36:42,193.193,__main___datalogs,INFO,JoyConState.USE_SNS,-9.587500,12.362500,-184.630000,6.855966,0.002594,0.009155,0.023955,11.233472,0.000000,0.000000,0.000000,0,0,0,0,0,0,0,0,0,0,0,0.045257568359375,-0.004302978515625,1e-45,1e-45,59.999992,-19.999996,-19.999996,-19.999996,-19.999996,-1e-45,Object notstarted,Object notstarted,Object notstarted,Object notstarted,Object notstarted,Object notstarted,Object notstarted,Object notstarted,Object notstarted
2024-03-18 10:36:42,316.316,__main___datalogs,INFO,JoyConState.USE_SNS,-9.587500,12.362500,-184.630000,6.607873,0.006714,0.010223,0.020903,11.265528,0.000000,0.000000,0.000000,0,0,0,0,0,0,0,0,0,0,0,0.045257568359375,-0.004302978515625,1e-45,1e-45,59.999992,-19.999996,-19.999996,-19.999996,-19.999996,-1e-45,Object notstarted,Object notstarted,Object notstarted,Object notstarted,Object notstarted,Object notstarted,Object notstarted,Object notstarted,Object notstarted
2024-03-18 10:36:42,425.425,__main___datalogs,INFO,JoyConState.USE_SNS,-9.587500,12.362500,-184.630000,6.477571,0.004272,0.009460,0.024870,11.297584,0.000000,0.000000,0.000000,0,0,0,0,0,0,0,0,0,0,0,0.045257568359375,-0.004302978515625,1e-45,1e-45,59.999992,-19.999996,-19.999996,-19.999996,-19.999996,-1e-45,Object notstarted,Object notstarted,Object notstarted,Object notstarted,Object notstarted,Object notstarted,Object notstarted,Object notstarted,Object notstarted
2024-03-18 10:36:42,549.549,__main___datalogs,INFO,JoyConState.USE_SNS,-9.587500,12.362500,-184.630000,6.199420,0.003509,0.010070,0.023039,11.329639,0.000000,0.000000,0.000000,0,0,0,0,0,0,0,0,0,0,0,0.045257568359375,-0.004302978515625,1e-45,1e-45,59.999992,-19.999996,-19.999996,-19.999996,-19.999996,-1e-45,Object notstarted,Object notstarted,Object notstarted,Object notstarted,Object notstarted,Object notstarted,Object notstarted,Object notstarted,Object notstarted
2024-03-18 10:36:42,672.672,__main___datalogs,INFO,JoyConState.USE_SNS,-9.587500,12.362500,-184.630000,6.429966,0.003815,0.012664,0.020903,11.361693,0.000000,0.000000,0.000000,0,0,0,0,0,0,0,0,0,0,0,0.045257568359375,-0.004302978515625,1e-45,1e-45,59.999992,-19.999996,-19.999996,-19.999996,-19.999996,-1e-45,Object notstarted,Object notstarted,Object notstarted,Object notstarted,Object notstarted,Object notstarted,Object notstarted,Object notstarted,Object notstarted
2024-03-18 10:36:42,795.795,__main___datalogs,INFO,JoyConState.USE_SNS,-9.587500,12.362500,-184.630000,6.268081,0.000763,0.009612,0.025176,11.393748,0.000000,0.000000,0.000000,0,0,0,0,0,0,0,0,0,0,0,0.045257568359375,-0.004302978515625,1e-45,1e-45,59.999992,-19.999996,-19.999996,-19.999996,-19.999996,-1e-45,Object notstarted,Object notstarted,Object notstarted,Object notstarted,Object notstarted,Object notstarted,Object notstarted,Object notstarted,Object notstarted
2024-03-18 10:36:42,904.904,__main___datalogs,INFO,JoyConState.USE_SNS,-9.587500,12.362500,-184.630000,6.341166,0.005340,0.012054,0.023650,11.425802,0.000000,0.000000,0.000000,0,0,0,0,0,0,0,0,0,0,0,0.045257568359375,-0.004302978515625,1e-45,1e-45,59.999992,-19.999996,-19.999996,-19.999996,-19.999996,-1e-45,Object notstarted,Object notstarted,Object notstarted,Object notstarted,Object notstarted,Object notstarted,Object notstarted,Object notstarted,Object notstarted
2024-03-18 10:36:43,052.052,__main___datalogs,INFO,JoyConState.USE_SNS,-9.587500,12.362500,-184.630000,6.158682,0.004730,0.010070,0.025023,11.457857,0.000000,0.000000,0.000000,0,0,0,0,0,0,0,0,0,0,0,0.045257568359375,-0.004302978515625,1e-45,1e-45,59.999992,-19.999996,-19.999996,-19.999996,-19.999996,-1e-45,Object notstarted,Object notstarted,Object notstarted,Object notstarted,Object notstarted,Object notstarted,Object notstarted,Object notstarted,Object notstarted
2024-03-18 10:36:43,179.179,__main___datalogs,INFO,JoyConState.USE_SNS,-9.587500,12.362500,-184.630000,6.531126,0.004730,0.010986,0.024565,11.489912,0.000000,0.000000,0.000000,0,0,0,0,0,0,0,0,0,0,0,0.045257568359375,-0.004302978515625,1e-45,1e-45,59.999992,-19.999996,-19.999996,-19.999996,-19.999996,-1e-45,Object notstarted,Object notstarted,Object notstarted,Object notstarted,Object notstarted,Object notstarted,Object notstarted,Object notstarted,Object notstarted
2024-03-18 10:36:43,304.304,__main___datalogs,INFO,JoyConState.USE_SNS,-9.587500,12.362500,-184.630000,6.370919,0.005951,0.009155,0.024870,11.521969,0.000000,0.000000,0.000000,0,0,0,0,0,0,0,0,0,0,0,0.045257568359375,-0.004302978515625,1e-45,1e-45,59.999992,-19.999996,-19.999996,-19.999996,-19.999996,-1e-45,Object notstarted,Object notstarted,Object notstarted,Object notstarted,Object notstarted,Object notstarted,Object notstarted,Object notstarted,Object notstarted
2024-03-18 10:36:43,442.442,__main___datalogs,INFO,JoyConState.USE_SNS,-9.587500,12.362500,-184.630000,6.398383,0.004425,0.010986,0.021514,11.554026,0.000000,0.000000,0.000000,0,0,0,0,0,0,0,0,0,0,0,0.045257568359375,-0.004302978515625,1e-45,1e-45,59.999992,-19.999996,-19.999996,-19.999996,-19.999996,-1e-45,Object notstarted,Object notstarted,Object notstarted,Object notstarted,Object notstarted,Object notstarted,Object notstarted,Object notstarted,Object notstarted
2024-03-18 10:36:43,599.599,__main___datalogs,INFO,JoyConState.USE_SNS,-9.587500,12.362500,-184.630000,6.446750,0.006256,0.009155,0.023650,11.586083,0.000000,0.000000,0.000000,0,0,0,0,0,0,0,0,0,0,0,0.045257568359375,-0.004302978515625,1e-45,1e-45,59.999992,-19.999996,-19.999996,-19.999996,-19.999996,-1e-45,Object notstarted,Object notstarted,Object notstarted,Object notstarted,Object notstarted,Object notstarted,Object notstarted,Object notstarted,Object notstarted
2024-03-18 10:36:43,707.707,__main___datalogs,INFO,JoyConState.USE_SNS,-9.587500,12.362500,-184.630000,6.380683,0.004883,0.009155,0.025176,11.618139,0.000000,0.000000,0.000000,0,0,0,0,0,0,0,0,0,0,0,0.045257568359375,-0.004302978515625,1e-45,1e-45,59.999992,-19.999996,-19.999996,-19.999996,-19.999996,-1e-45,Object notstarted,Object notstarted,Object notstarted,Object notstarted,Object notstarted,Object notstarted,Object notstarted,Object notstarted,Object notstarted
2024-03-18 10:36:43,846.846,__main___datalogs,INFO,JoyConState.USE_SNS,-9.587500,12.362500,-184.630000,6.450412,0.004120,0.008239,0.022124,11.650194,0.000000,0.000000,0.000000,0,0,0,0,0,0,0,0,0,0,0,0.045257568359375,-0.004302978515625,1e-45,1e-45,59.999992,-19.999996,-19.999996,-19.999996,-19.999996,-1e-45,Object notstarted,Object notstarted,Object notstarted,Object notstarted,Object notstarted,Object notstarted,Object notstarted,Object notstarted,Object notstarted
2024-03-18 10:36:43,970.970,__main___datalogs,INFO,JoyConState.USE_SNS,-9.587500,12.362500,-184.630000,6.328807,0.003509,0.009612,0.025328,11.682249,0.000000,0.000000,0.000000,0,0,0,0,0,0,0,0,0,0,0,0.045257568359375,-0.004302978515625,1e-45,1e-45,59.999992,-19.999996,-19.999996,-19.999996,-19.999996,-1e-45,Object notstarted,Object notstarted,Object notstarted,Object notstarted,Object notstarted,Object notstarted,Object notstarted,Object notstarted,Object notstarted
2024-03-18 10:36:44,094.094,__main___datalogs,INFO,JoyConState.USE_SNS,-9.587500,12.362500,-184.630000,6.255264,0.004730,0.009155,0.021208,11.714305,0.000000,0.000000,0.000000,0,0,0,0,0,0,0,0,0,0,0,0.045257568359375,-0.004302978515625,1e-45,1e-45,59.999992,-19.999996,-19.999996,-19.999996,-19.999996,-1e-45,Object notstarted,Object notstarted,Object notstarted,Object notstarted,Object notstarted,Object notstarted,Object notstarted,Object notstarted,Object notstarted
2024-03-18 10:36:44,203.203,__main___datalogs,INFO,JoyConState.USE_SNS,-9.587500,12.362500,-184.630000,6.420964,0.004730,0.009155,0.024260,11.746359,0.000000,0.000000,0.000000,0,0,0,0,0,0,0,0,0,0,0,0.045257568359375,-0.004302978515625,1e-45,1e-45,59.999992,-19.999996,-19.999996,-19.999996,-19.999996,-1e-45,Object notstarted,Object notstarted,Object notstarted,Object notstarted,Object notstarted,Object notstarted,Object notstarted,Object notstarted,Object notstarted
2024-03-18 10:36:44,312.312,__main___datalogs,INFO,JoyConState.USE_SNS,-9.587500,12.362500,-184.630000,6.408300,0.005035,0.013427,0.025176,11.778412,0.000000,0.000000,0.000000,0,0,0,0,0,0,0,0,0,0,0,0.045257568359375,-0.004302978515625,1e-45,1e-45,59.999992,-19.999996,-19.999996,-19.999996,-19.999996,-1e-45,Object notstarted,Object notstarted,Object notstarted,Object notstarted,Object notstarted,Object notstarted,Object notstarted,Object notstarted,Object notstarted
2024-03-18 10:36:44,420.420,__main___datalogs,INFO,JoyConState.USE_SNS,-9.587500,12.362500,-184.630000,6.302258,0.004120,0.009155,0.025176,11.810469,0.000000,0.000000,0.000000,0,0,0,0,0,0,0,0,0,0,0,0.045257568359375,-0.004302978515625,1e-45,1e-45,59.999992,-19.999996,-19.999996,-19.999996,-19.999996,-1e-45,Object notstarted,Object notstarted,Object notstarted,Object notstarted,Object notstarted,Object notstarted,Object notstarted,Object notstarted,Object notstarted
2024-03-18 10:36:44,543.543,__main___datalogs,INFO,JoyConState.USE_SNS,-9.587500,12.362500,-184.630000,6.262893,0.003509,0.009155,0.024718,11.842524,0.000000,0.000000,0.000000,0,0,0,0,0,0,0,0,0,0,0,0.045257568359375,-0.004302978515625,1e-45,1e-45,59.999992,-19.999996,-19.999996,-19.999996,-19.999996,-1e-45,Object notstarted,Object notstarted,Object notstarted,Object notstarted,Object notstarted,Object notstarted,Object notstarted,Object notstarted,Object notstarted
2024-03-18 10:36:44,666.666,__main___datalogs,INFO,JoyConState.USE_SNS,-9.587500,12.362500,-184.630000,6.441105,0.005035,0.008239,0.020598,11.874580,0.000000,0.000000,0.000000,0,0,0,0,0,0,0,0,0,0,0,0.045257568359375,-0.004302978515625,1e-45,1e-45,59.999992,-19.999996,-19.999996,-19.999996,-19.999996,-1e-45,Object notstarted,Object notstarted,Object notstarted,Object notstarted,Object notstarted,Object notstarted,Object notstarted,Object notstarted,Object notstarted
2024-03-18 10:36:44,805.805,__main___datalogs,INFO,JoyConState.USE_SNS,-9.587500,12.362500,-184.630000,6.187214,0.003509,0.003204,0.025176,11.906636,0.000000,0.000000,0.000000,0,0,0,0,0,0,0,0,0,0,0,0.045257568359375,-0.004302978515625,1e-45,1e-45,59.999992,-19.999996,-19.999996,-19.999996,-19.999996,-1e-45,Object notstarted,Object notstarted,Object notstarted,Object notstarted,Object notstarted,Object notstarted,Object notstarted,Object notstarted,Object notstarted
2024-03-18 10:36:44,928.928,__main___datalogs,INFO,JoyConState.USE_SNS,-9.587500,12.362500,-184.630000,6.918065,0.003509,0.010833,0.024413,11.938691,0.000000,0.000000,0.000000,0,0,0,0,0,0,0,0,0,0,0,0.045257568359375,-0.004302978515625,1e-45,1e-45,59.999992,-19.999996,-19.999996,-19.999996,-19.999996,-1e-45,Object notstarted,Object notstarted,Object notstarted,Object notstarted,Object notstarted,Object notstarted,Object notstarted,Object notstarted,Object notstarted
2024-03-18 10:36:45,035.035,__main___datalogs,INFO,JoyConState.USE_SNS,-9.587500,12.362500,-184.630000,6.325298,0.007019,0.010070,0.024260,11.970746,0.000000,0.000000,0.000000,0,0,0,0,0,0,0,0,0,0,0,0.045257568359375,-0.004302978515625,1e-45,1e-45,59.999992,-19.999996,-19.999996,-19.999996,-19.999996,-1e-45,Object notstarted,Object notstarted,Object notstarted,Object notstarted,Object notstarted,Object notstarted,Object notstarted,Object notstarted,Object notstarted
2024-03-18 10:36:45,174.174,__main___datalogs,INFO,JoyConState.USE_SNS,-9.587500,12.362500,-184.630000,6.245194,0.005188,0.007782,0.023650,12.002802,0.000000,0.000000,0.000000,0,0,0,0,0,0,0,0,0,0,0,0.045257568359375,-0.004302978515625,1e-45,1e-45,59.999992,-19.999996,-19.999996,-19.999996,-19.999996,-1e-45,Object notstarted,Object notstarted,Object notstarted,Object notstarted,Object notstarted,Object notstarted,Object notstarted,Object notstarted,Object notstarted
2024-03-18 10:36:45,318.318,__main___datalogs,INFO,JoyConState.USE_SNS,-9.587500,12.362500,-184.630000,6.620385,0.003204,0.012969,0.024260,12.034857,0.000000,0.000000,0.000000,0,0,0,0,0,0,0,0,0,0,0,0.045257568359375,-0.004302978515625,1e-45,1e-45,59.999992,-19.999996,-19.999996,-19.999996,-19.999996,-1e-45,Object notstarted,Object notstarted,Object notstarted,Object notstarted,Object notstarted,Object notstarted,Object notstarted,Object notstarted,Object notstarted
2024-03-18 10:36:45,441.441,__main___datalogs,INFO,JoyConState.USE_SNS,-9.587500,12.362500,-184.630000,6.655783,0.004730,0.007782,0.024260,12.066913,0.000000,0.000000,0.000000,0,0,0,0,0,0,0,0,0,0,0,0.045257568359375,-0.004302978515625,1e-45,1e-45,59.999992,-19.999996,-19.999996,-19.999996,-19.999996,-1e-45,Object notstarted,Object notstarted,Object notstarted,Object notstarted,Object notstarted,Object notstarted,Object notstarted,Object notstarted,Object notstarted
2024-03-18 10:36:45,548.548,__main___datalogs,INFO,JoyConState.USE_SNS,-9.587500,12.362500,-184.630000,6.586665,0.005646,0.008697,0.024718,12.098969,0.000000,0.000000,0.000000,0,0,0,0,0,0,0,0,0,0,0,0.045257568359375,-0.004302978515625,1e-45,1e-45,59.999992,-19.999996,-19.999996,-19.999996,-19.999996,-1e-45,Object notstarted,Object notstarted,Object notstarted,Object notstarted,Object notstarted,Object notstarted,Object notstarted,Object notstarted,Object notstarted
2024-03-18 10:36:45,660.660,__main___datalogs,INFO,JoyConState.USE_SNS,-9.587500,12.362500,-184.630000,6.300733,0.004578,0.009155,0.019988,12.131024,0.000000,0.000000,0.000000,0,0,0,0,0,0,0,0,0,0,0,0.045257568359375,-0.004302978515625,1e-45,1e-45,59.999992,-19.999996,-19.999996,-19.999996,-19.999996,-1e-45,Object notstarted,Object notstarted,Object notstarted,Object notstarted,Object notstarted,Object notstarted,Object notstarted,Object notstarted,Object notstarted
2024-03-18 10:36:45,783.783,__main___datalogs,INFO,JoyConState.USE_SNS,-9.587500,12.362500,-184.630000,6.617943,0.004730,0.010070,0.024565,12.163078,0.000000,0.000000,0.000000,0,0,0,0,0,0,0,0,0,0,0,0.045257568359375,-0.004302978515625,1e-45,1e-45,59.999992,-19.999996,-19.999996,-19.999996,-19.999996,-1e-45,Object notstarted,Object notstarted,Object notstarted,Object notstarted,Object notstarted,Object notstarted,Object notstarted,Object notstarted,Object notstarted
2024-03-18 10:36:45,890.890,__main___datalogs,INFO,JoyConState.USE_SNS,-9.587500,12.362500,-184.630000,6.439884,0.003967,0.012817,0.020598,12.195134,0.000000,0.000000,0.000000,0,0,0,0,0,0,0,0,0,0,0,0.045257568359375,-0.004302978515625,1e-45,1e-45,59.999992,-19.999996,-19.999996,-19.999996,-19.999996,-1e-45,Object notstarted,Object notstarted,Object notstarted,Object notstarted,Object notstarted,Object notstarted,Object notstarted,Object notstarted,Object notstarted
2024-03-18 10:36:46,013.013,__main___datalogs,INFO,JoyConState.USE_SNS,-9.587500,12.362500,-184.630000,6.502136,0.004730,0.010223,0.020903,12.227188,0.000000,0.000000,0.000000,0,0,0,0,0,0,0,0,0,0,0,0.045257568359375,-0.004302978515625,1e-45,1e-45,59.999992,-19.999996,-19.999996,-19.999996,-19.999996,-1e-45,Object notstarted,Object notstarted,Object notstarted,Object notstarted,Object notstarted,Object notstarted,Object notstarted,Object notstarted,Object notstarted
2024-03-18 10:36:46,138.138,__main___datalogs,INFO,JoyConState.USE_SNS,-9.587500,12.362500,-184.630000,6.826671,0.007171,0.012664,0.024565,12.259242,0.000000,0.000000,0.000000,0,0,0,0,0,0,0,0,0,0,0,0.045257568359375,-0.004302978515625,1e-45,1e-45,59.999992,-19.999996,-19.999996,-19.999996,-19.999996,-1e-45,Object notstarted,Object notstarted,Object notstarted,Object notstarted,Object notstarted,Object notstarted,Object notstarted,Object notstarted,Object notstarted
2024-03-18 10:36:46,276.276,__main___datalogs,INFO,JoyConState.USE_SNS,-9.587500,12.362500,-184.630000,6.644492,0.005035,0.008697,0.024565,12.291297,0.000000,0.000000,0.000000,0,0,0,0,0,0,0,0,0,0,0,0.045257568359375,-0.004302978515625,1e-45,1e-45,59.999992,-19.999996,-19.999996,-19.999996,-19.999996,-1e-45,Object notstarted,Object notstarted,Object notstarted,Object notstarted,Object notstarted,Object notstarted,Object notstarted,Object notstarted,Object notstarted
2024-03-18 10:36:46,401.401,__main___datalogs,INFO,JoyConState.USE_SNS,-9.587500,12.362500,-184.630000,6.524260,0.005340,0.010070,0.024565,12.323353,0.000000,0.000000,0.000000,0,0,0,0,0,0,0,0,0,0,0,0.045257568359375,-0.004302978515625,1e-45,1e-45,59.999992,-19.999996,-19.999996,-19.999996,-19.999996,-1e-45,Object notstarted,Object notstarted,Object notstarted,Object notstarted,Object notstarted,Object notstarted,Object notstarted,Object notstarted,Object notstarted
2024-03-18 10:36:46,524.524,__main___datalogs,INFO,JoyConState.USE_SNS,-9.587500,12.362500,-184.630000,6.680500,0.004730,0.007782,0.024565,12.355410,0.000000,0.000000,0.000000,0,0,0,0,0,0,0,0,0,0,0,0.045257568359375,-0.004302978515625,1e-45,1e-45,59.999992,-19.999996,-19.999996,-19.999996,-19.999996,-1e-45,Object notstarted,Object notstarted,Object notstarted,Object notstarted,Object notstarted,Object notstarted,Object notstarted,Object notstarted,Object notstarted
2024-03-18 10:36:46,631.631,__main___datalogs,INFO,JoyConState.USE_SNS,-9.587500,12.362500,-184.630000,6.524565,0.005646,0.010528,0.023955,12.387468,0.000000,0.000000,0.000000,0,0,0,0,0,0,0,0,0,0,0,0.045257568359375,-0.004302978515625,1e-45,1e-45,59.999992,-19.999996,-19.999996,-19.999996,-19.999996,-1e-45,Object notstarted,Object notstarted,Object notstarted,Object notstarted,Object notstarted,Object notstarted,Object notstarted,Object notstarted,Object notstarted
2024-03-18 10:36:46,754.754,__main___datalogs,INFO,JoyConState.USE_SNS,-9.587500,12.362500,-184.630000,6.425542,0.004730,0.012206,0.024565,12.419524,0.000000,0.000000,0.000000,0,0,0,0,0,0,0,0,0,0,0,0.045257568359375,-0.004302978515625,1e-45,1e-45,59.999992,-19.999996,-19.999996,-19.999996,-19.999996,-1e-45,Object notstarted,Object notstarted,Object notstarted,Object notstarted,Object notstarted,Object notstarted,Object notstarted,Object notstarted,Object notstarted
2024-03-18 10:36:46,864.864,__main___datalogs,INFO,JoyConState.USE_SNS,-9.587500,12.362500,-184.630000,6.295392,0.001068,0.009155,0.020903,12.451579,0.000000,0.000000,0.000000,0,0,0,0,0,0,0,0,0,0,0,0.045257568359375,-0.004302978515625,1e-45,1e-45,59.999992,-19.999996,-19.999996,-19.999996,-19.999996,-1e-45,Object notstarted,Object notstarted,Object notstarted,Object notstarted,Object notstarted,Object notstarted,Object notstarted,Object notstarted,Object notstarted
2024-03-18 10:36:47,005.005,__main___datalogs,INFO,JoyConState.USE_SNS,-9.587500,12.362500,-184.630000,6.810192,0.003509,0.008697,0.024870,12.483633,0.000000,0.000000,0.000000,0,0,0,0,0,0,0,0,0,0,0,0.045257568359375,-0.004302978515625,1e-45,1e-45,59.999992,-19.999996,-19.999996,-19.999996,-19.999996,-1e-45,Object notstarted,Object notstarted,Object notstarted,Object notstarted,Object notstarted,Object notstarted,Object notstarted,Object notstarted,Object notstarted
2024-03-18 10:36:47,128.128,__main___datalogs,INFO,JoyConState.USE_SNS,-9.587500,12.362500,-184.630000,6.623131,0.005340,0.010986,0.021819,12.515689,0.000000,0.000000,0.000000,0,0,0,0,0,0,0,0,0,0,0,0.045257568359375,-0.004302978515625,1e-45,1e-45,59.999992,-19.999996,-19.999996,-19.999996,-19.999996,-1e-45,Object notstarted,Object notstarted,Object notstarted,Object notstarted,Object notstarted,Object notstarted,Object notstarted,Object notstarted,Object notstarted
2024-03-18 10:36:47,236.236,__main___datalogs,INFO,JoyConState.USE_SNS,-9.587500,12.362500,-184.630000,6.630149,0.005646,0.011138,0.020598,12.547744,0.000000,0.000000,0.000000,0,0,0,0,0,0,0,0,0,0,0,0.045257568359375,-0.004302978515625,1e-45,1e-45,59.999992,-19.999996,-19.999996,-19.999996,-19.999996,-1e-45,Object notstarted,Object notstarted,Object notstarted,Object notstarted,Object notstarted,Object notstarted,Object notstarted,Object notstarted,Object notstarted
2024-03-18 10:36:47,343.343,__main___datalogs,INFO,JoyConState.USE_SNS,-9.587500,12.362500,-184.630000,6.543790,0.004120,0.010070,0.020598,12.579800,0.000000,0.000000,0.000000,0,0,0,0,0,0,0,0,0,0,0,0.045257568359375,-0.004302978515625,1e-45,1e-45,59.999992,-19.999996,-19.999996,-19.999996,-19.999996,-1e-45,Object notstarted,Object notstarted,Object notstarted,Object notstarted,Object notstarted,Object notstarted,Object notstarted,Object notstarted,Object notstarted
2024-03-18 10:36:47,465.465,__main___datalogs,INFO,JoyConState.USE_SNS,-9.587500,12.362500,-184.630000,6.438969,0.003509,0.012817,0.024565,12.611855,0.000000,0.000000,0.000000,0,0,0,0,0,0,0,0,0,0,0,0.045257568359375,-0.004302978515625,1e-45,1e-45,59.999992,-19.999996,-19.999996,-19.999996,-19.999996,-1e-45,Object notstarted,Object notstarted,Object notstarted,Object notstarted,Object notstarted,Object notstarted,Object notstarted,Object notstarted,Object notstarted
2024-03-18 10:36:47,621.621,__main___datalogs,INFO,JoyConState.USE_SNS,-9.587500,12.362500,-184.630000,7.055081,0.004120,0.007934,0.024565,12.643910,0.000000,0.000000,0.000000,0,0,0,0,0,0,0,0,0,0,0,0.045257568359375,-0.004302978515625,1e-45,1e-45,59.999992,-19.999996,-19.999996,-19.999996,-19.999996,-1e-45,Object notstarted,Object notstarted,Object notstarted,Object notstarted,Object notstarted,Object notstarted,Object notstarted,Object notstarted,Object notstarted
2024-03-18 10:36:47,729.729,__main___datalogs,INFO,JoyConState.USE_SNS,-9.587500,12.362500,-184.630000,6.577663,0.004120,0.010986,0.025176,12.675967,0.000000,0.000000,0.000000,0,0,0,0,0,0,0,0,0,0,0,0.045257568359375,-0.004302978515625,1e-45,1e-45,59.999992,-19.999996,-19.999996,-19.999996,-19.999996,-1e-45,Object notstarted,Object notstarted,Object notstarted,Object notstarted,Object notstarted,Object notstarted,Object notstarted,Object notstarted,Object notstarted
2024-03-18 10:36:47,853.853,__main___datalogs,INFO,JoyConState.USE_SNS,-9.587500,12.362500,-184.630000,6.065304,0.005035,0.008239,0.025176,12.708022,0.000000,0.000000,0.000000,0,0,0,0,0,0,0,0,0,0,0,0.045257568359375,-0.004302978515625,1e-45,1e-45,59.999992,-19.999996,-19.999996,-19.999996,-19.999996,-1e-45,Object notstarted,Object notstarted,Object notstarted,Object notstarted,Object notstarted,Object notstarted,Object notstarted,Object notstarted,Object notstarted
2024-03-18 10:36:47,960.960,__main___datalogs,INFO,JoyConState.USE_SNS,-9.587500,12.362500,-184.630000,6.364205,0.004272,0.010070,0.025176,12.740077,0.000000,0.000000,0.000000,0,0,0,0,0,0,0,0,0,0,0,0.045257568359375,-0.004302978515625,1e-45,1e-45,59.999992,-19.999996,-19.999996,-19.999996,-19.999996,-1e-45,Object notstarted,Object notstarted,Object notstarted,Object notstarted,Object notstarted,Object notstarted,Object notstarted,Object notstarted,Object notstarted
2024-03-18 10:36:48,088.088,__main___datalogs,INFO,JoyConState.USE_SNS,-9.587500,12.362500,-184.630000,6.430272,0.003815,0.008239,0.021819,12.772132,0.000000,0.000000,0.000000,0,0,0,0,0,0,0,0,0,0,0,0.045257568359375,-0.004302978515625,1e-45,1e-45,59.999992,-19.999996,-19.999996,-19.999996,-19.999996,-1e-45,Object notstarted,Object notstarted,Object notstarted,Object notstarted,Object notstarted,Object notstarted,Object notstarted,Object notstarted,Object notstarted
2024-03-18 10:36:48,211.211,__main___datalogs,INFO,JoyConState.USE_SNS,-9.587500,12.362500,-184.630000,6.069576,0.004120,0.011443,0.021514,12.804187,0.000000,0.000000,0.000000,0,0,0,0,0,0,0,0,0,0,0,0.045257568359375,-0.004302978515625,1e-45,1e-45,59.999992,-19.999996,-19.999996,-19.999996,-19.999996,-1e-45,Object notstarted,Object notstarted,Object notstarted,Object notstarted,Object notstarted,Object notstarted,Object notstarted,Object notstarted,Object notstarted
2024-03-18 10:36:48,369.369,__main___datalogs,INFO,JoyConState.USE_SNS,-9.587500,12.362500,-184.630000,6.005951,0.004425,0.009460,0.024260,12.836243,0.000000,0.000000,0.000000,0,0,0,0,0,0,0,0,0,0,0,0.045257568359375,-0.004302978515625,1e-45,1e-45,59.999992,-19.999996,-19.999996,-19.999996,-19.999996,-1e-45,Object notstarted,Object notstarted,Object notstarted,Object notstarted,Object notstarted,Object notstarted,Object notstarted,Object notstarted,Object notstarted
2024-03-18 10:36:48,505.505,__main___datalogs,INFO,JoyConState.USE_SNS,-9.587500,12.362500,-184.630000,6.371071,0.003815,0.012817,0.023345,12.868298,0.000000,0.000000,0.000000,0,0,0,0,0,0,0,0,0,0,0,0.045257568359375,-0.004302978515625,1e-45,1e-45,59.999992,-19.999996,-19.999996,-19.999996,-19.999996,-1e-45,Object notstarted,Object notstarted,Object notstarted,Object notstarted,Object notstarted,Object notstarted,Object notstarted,Object notstarted,Object notstarted
2024-03-18 10:36:48,612.612,__main___datalogs,INFO,JoyConState.USE_SNS,-9.587500,12.362500,-184.630000,6.286848,0.005035,0.009307,0.023955,12.900354,0.000000,0.000000,0.000000,0,0,0,0,0,0,0,0,0,0,0,0.045257568359375,-0.004302978515625,1e-45,1e-45,59.999992,-19.999996,-19.999996,-19.999996,-19.999996,-1e-45,Object notstarted,Object notstarted,Object notstarted,Object notstarted,Object notstarted,Object notstarted,Object notstarted,Object notstarted,Object notstarted
2024-03-18 10:36:48,738.738,__main___datalogs,INFO,JoyConState.USE_SNS,-9.587500,12.362500,-184.630000,6.815533,0.002289,0.007782,0.024718,12.932410,0.000000,0.000000,0.000000,0,0,0,0,0,0,0,0,0,0,0,0.045257568359375,-0.004302978515625,1e-45,1e-45,59.999992,-19.999996,-19.999996,-19.999996,-19.999996,-1e-45,Object notstarted,Object notstarted,Object notstarted,Object notstarted,Object notstarted,Object notstarted,Object notstarted,Object notstarted,Object notstarted
2024-03-18 10:36:48,862.862,__main___datalogs,INFO,JoyConState.USE_SNS,-9.587500,12.362500,-184.630000,6.955752,0.002289,0.011291,0.023955,12.964466,0.000000,0.000000,0.000000,0,0,0,0,0,0,0,0,0,0,0,0.045257568359375,-0.004302978515625,1e-45,1e-45,59.999992,-19.999996,-19.999996,-19.999996,-19.999996,-1e-45,Object notstarted,Object notstarted,Object notstarted,Object notstarted,Object notstarted,Object notstarted,Object notstarted,Object notstarted,Object notstarted
2024-03-18 10:36:48,989.989,__main___datalogs,INFO,JoyConState.USE_SNS,-9.587500,12.362500,-184.630000,6.734361,0.005035,0.008697,0.024565,12.996520,0.000000,0.000000,0.000000,0,0,0,0,0,0,0,0,0,0,0,0.045257568359375,-0.004302978515625,1e-45,1e-45,59.999992,-19.999996,-19.999996,-19.999996,-19.999996,-1e-45,Object notstarted,Object notstarted,Object notstarted,Object notstarted,Object notstarted,Object notstarted,Object notstarted,Object notstarted,Object notstarted
2024-03-18 10:36:49,113.113,__main___datalogs,INFO,JoyConState.USE_SNS,-9.587500,12.362500,-184.630000,6.619316,0.003815,0.010070,0.024565,13.028575,0.000000,0.000000,0.000000,0,0,0,0,0,0,0,0,0,0,0,0.045257568359375,-0.004302978515625,1e-45,1e-45,59.999992,-19.999996,-19.999996,-19.999996,-19.999996,-1e-45,Object notstarted,Object notstarted,Object notstarted,Object notstarted,Object notstarted,Object notstarted,Object notstarted,Object notstarted,Object notstarted
2024-03-18 10:36:49,222.222,__main___datalogs,INFO,JoyConState.USE_SNS,-9.587500,12.362500,-184.630000,6.393500,0.005035,0.008697,0.024870,13.060631,0.000000,0.000000,0.000000,0,0,0,0,0,0,0,0,0,0,0,0.045257568359375,-0.004302978515625,1e-45,1e-45,59.999992,-19.999996,-19.999996,-19.999996,-19.999996,-1e-45,Object notstarted,Object notstarted,Object notstarted,Object notstarted,Object notstarted,Object notstarted,Object notstarted,Object notstarted,Object notstarted
2024-03-18 10:36:49,377.377,__main___datalogs,INFO,JoyConState.USE_SNS,-9.587500,12.362500,-184.630000,6.839640,0.003815,0.009002,0.024870,13.092688,0.000000,0.000000,0.000000,0,0,0,0,0,0,0,0,0,0,0,0.045257568359375,-0.004302978515625,1e-45,1e-45,59.999992,-19.999996,-19.999996,-19.999996,-19.999996,-1e-45,Object notstarted,Object notstarted,Object notstarted,Object notstarted,Object notstarted,Object notstarted,Object notstarted,Object notstarted,Object notstarted
2024-03-18 10:36:49,504.504,__main___datalogs,INFO,JoyConState.USE_SNS,-9.587500,12.362500,-184.630000,6.702014,0.004120,0.009155,0.025023,13.124743,0.000000,0.000000,0.000000,0,0,0,0,0,0,0,0,0,0,0,0.045257568359375,-0.004302978515625,1e-45,1e-45,59.999992,-19.999996,-19.999996,-19.999996,-19.999996,-1e-45,Object notstarted,Object notstarted,Object notstarted,Object notstarted,Object notstarted,Object notstarted,Object notstarted,Object notstarted,Object notstarted
2024-03-18 10:36:49,628.628,__main___datalogs,INFO,JoyConState.USE_SNS,-9.587500,12.362500,-184.630000,6.027006,0.005340,0.009612,0.024870,13.156800,0.000000,0.000000,0.000000,0,0,0,0,0,0,0,0,0,0,0,0.045257568359375,-0.004302978515625,1e-45,1e-45,59.999992,-19.999996,-19.999996,-19.999996,-19.999996,-1e-45,Object notstarted,Object notstarted,Object notstarted,Object notstarted,Object notstarted,Object notstarted,Object notstarted,Object notstarted,Object notstarted
2024-03-18 10:36:49,740.740,__main___datalogs,INFO,JoyConState.USE_SNS,-9.587500,12.362500,-184.630000,6.360391,0.005951,0.011291,0.025176,13.188856,0.000000,0.000000,0.000000,0,0,0,0,0,0,0,0,0,0,0,0.045257568359375,-0.004302978515625,1e-45,1e-45,59.999992,-19.999996,-19.999996,-19.999996,-19.999996,-1e-45,Object notstarted,Object notstarted,Object notstarted,Object notstarted,Object notstarted,Object notstarted,Object notstarted,Object notstarted,Object notstarted
2024-03-18 10:36:49,864.864,__main___datalogs,INFO,JoyConState.USE_SNS,-9.587500,12.362500,-184.630000,6.800427,0.005035,0.008392,0.022429,13.220910,0.000000,0.000000,0.000000,0,0,0,0,0,0,0,0,0,0,0,0.045257568359375,-0.004302978515625,1e-45,1e-45,59.999992,-19.999996,-19.999996,-19.999996,-19.999996,-1e-45,Object notstarted,Object notstarted,Object notstarted,Object notstarted,Object notstarted,Object notstarted,Object notstarted,Object notstarted,Object notstarted
2024-03-18 10:36:49,973.973,__main___datalogs,INFO,JoyConState.USE_SNS,-9.587500,12.362500,-184.630000,6.504883,0.001678,0.009002,0.024870,13.252965,0.000000,0.000000,0.000000,0,0,0,0,0,0,0,0,0,0,0,0.045257568359375,-0.004302978515625,1e-45,1e-45,59.999992,-19.999996,-19.999996,-19.999996,-19.999996,-1e-45,Object notstarted,Object notstarted,Object notstarted,Object notstarted,Object notstarted,Object notstarted,Object notstarted,Object notstarted,Object notstarted
2024-03-18 10:36:50,084.084,__main___datalogs,INFO,JoyConState.USE_SNS,-9.587500,12.362500,-184.630000,6.346048,-0.000152,0.007324,0.024870,13.285019,0.000000,0.000000,0.000000,0,0,0,0,0,0,0,0,0,0,0,0.045257568359375,-0.004302978515625,1e-45,1e-45,59.999992,-19.999996,-19.999996,-19.999996,-19.999996,-1e-45,Object notstarted,Object notstarted,Object notstarted,Object notstarted,Object notstarted,Object notstarted,Object notstarted,Object notstarted,Object notstarted
2024-03-18 10:36:50,208.208,__main___datalogs,INFO,JoyConState.USE_SNS,-9.587500,12.362500,-184.630000,5.950260,0.003662,0.010986,0.021514,13.317075,0.000000,0.000000,0.000000,0,0,0,0,0,0,0,0,0,0,0,0.045257568359375,-0.004302978515625,1e-45,1e-45,59.999992,-19.999996,-19.999996,-19.999996,-19.999996,-1e-45,Object notstarted,Object notstarted,Object notstarted,Object notstarted,Object notstarted,Object notstarted,Object notstarted,Object notstarted,Object notstarted
2024-03-18 10:36:50,315.315,__main___datalogs,INFO,JoyConState.USE_SNS,-9.587500,12.362500,-184.630000,6.174703,0.001068,0.009918,0.024565,13.349130,0.000000,0.000000,0.000000,0,0,0,0,0,0,0,0,0,0,0,0.045257568359375,-0.004302978515625,1e-45,1e-45,59.999992,-19.999996,-19.999996,-19.999996,-19.999996,-1e-45,Object notstarted,Object notstarted,Object notstarted,Object notstarted,Object notstarted,Object notstarted,Object notstarted,Object notstarted,Object notstarted
2024-03-18 10:36:50,426.426,__main___datalogs,INFO,JoyConState.USE_SNS,-9.587500,12.362500,-184.630000,6.691028,0.003815,0.008850,0.024565,13.381185,0.000000,0.000000,0.000000,0,0,0,0,0,0,0,0,0,0,0,0.045257568359375,-0.004302978515625,1e-45,1e-45,59.999992,-19.999996,-19.999996,-19.999996,-19.999996,-1e-45,Object notstarted,Object notstarted,Object notstarted,Object notstarted,Object notstarted,Object notstarted,Object notstarted,Object notstarted,Object notstarted
2024-03-18 10:36:50,549.549,__main___datalogs,INFO,JoyConState.USE_SNS,-9.587500,12.362500,-184.630000,6.728563,0.004883,0.008239,0.023345,13.413242,0.000000,0.000000,0.000000,0,0,0,0,0,0,0,0,0,0,0,0.045257568359375,-0.004302978515625,1e-45,1e-45,59.999992,-19.999996,-19.999996,-19.999996,-19.999996,-1e-45,Object notstarted,Object notstarted,Object notstarted,Object notstarted,Object notstarted,Object notstarted,Object notstarted,Object notstarted,Object notstarted
2024-03-18 10:36:50,672.672,__main___datalogs,INFO,JoyConState.USE_SNS,-9.587500,12.362500,-184.630000,6.494202,0.005035,0.012664,0.024870,13.445297,0.000000,0.000000,0.000000,0,0,0,0,0,0,0,0,0,0,0,0.045257568359375,-0.004302978515625,1e-45,1e-45,59.999992,-19.999996,-19.999996,-19.999996,-19.999996,-1e-45,Object notstarted,Object notstarted,Object notstarted,Object notstarted,Object notstarted,Object notstarted,Object notstarted,Object notstarted,Object notstarted
2024-03-18 10:36:50,781.781,__main___datalogs,INFO,JoyConState.USE_SNS,-9.587500,12.362500,-184.630000,6.483674,0.004730,0.007324,0.024565,13.477352,0.000000,0.000000,0.000000,0,0,0,0,0,0,0,0,0,0,0,0.045257568359375,-0.004302978515625,1e-45,1e-45,59.999992,-19.999996,-19.999996,-19.999996,-19.999996,-1e-45,Object notstarted,Object notstarted,Object notstarted,Object notstarted,Object notstarted,Object notstarted,Object notstarted,Object notstarted,Object notstarted
2024-03-18 10:36:50,889.889,__main___datalogs,INFO,JoyConState.USE_SNS,-9.587500,12.362500,-184.630000,6.224291,0.005798,0.010681,0.024870,13.509407,0.000000,0.000000,0.000000,0,0,0,0,0,0,0,0,0,0,0,0.045257568359375,-0.004302978515625,1e-45,1e-45,59.999992,-19.999996,-19.999996,-19.999996,-19.999996,-1e-45,Object notstarted,Object notstarted,Object notstarted,Object notstarted,Object notstarted,Object notstarted,Object notstarted,Object notstarted,Object notstarted
2024-03-18 10:36:51,000.000,__main___datalogs,INFO,JoyConState.USE_SNS,-9.587500,12.362500,-184.630000,6.850473,0.005340,0.012359,0.025023,13.541461,0.000000,0.000000,0.000000,0,0,0,0,0,0,0,0,0,0,0,0.045257568359375,-0.004302978515625,1e-45,1e-45,59.999992,-19.999996,-19.999996,-19.999996,-19.999996,-1e-45,Object notstarted,Object notstarted,Object notstarted,Object notstarted,Object notstarted,Object notstarted,Object notstarted,Object notstarted,Object notstarted
2024-03-18 10:36:51,123.123,__main___datalogs,INFO,JoyConState.USE_SNS,-9.587500,12.362500,-184.630000,6.513274,0.005646,0.009765,0.024870,13.573516,0.000000,0.000000,0.000000,0,0,0,0,0,0,0,0,0,0,0,0.045257568359375,-0.004302978515625,1e-45,1e-45,59.999992,-19.999996,-19.999996,-19.999996,-19.999996,-1e-45,Object notstarted,Object notstarted,Object notstarted,Object notstarted,Object notstarted,Object notstarted,Object notstarted,Object notstarted,Object notstarted
2024-03-18 10:36:51,246.246,__main___datalogs,INFO,JoyConState.USE_SNS,-9.587500,12.362500,-184.630000,6.289594,0.005646,0.012664,0.023650,13.605571,0.000000,0.000000,0.000000,0,0,0,0,0,0,0,0,0,0,0,0.045257568359375,-0.004302978515625,1e-45,1e-45,59.999992,-19.999996,-19.999996,-19.999996,-19.999996,-1e-45,Object notstarted,Object notstarted,Object notstarted,Object notstarted,Object notstarted,Object notstarted,Object notstarted,Object notstarted,Object notstarted
2024-03-18 10:36:51,371.371,__main___datalogs,INFO,JoyConState.USE_SNS,-9.587500,12.362500,-184.630000,6.533567,0.004425,0.008239,0.024870,13.637629,0.000000,0.000000,0.000000,0,0,0,0,0,0,0,0,0,0,0,0.045257568359375,-0.004302978515625,1e-45,1e-45,59.999992,-19.999996,-19.999996,-19.999996,-19.999996,-1e-45,Object notstarted,Object notstarted,Object notstarted,Object notstarted,Object notstarted,Object notstarted,Object notstarted,Object notstarted,Object notstarted
2024-03-18 10:36:51,495.495,__main___datalogs,INFO,JoyConState.USE_SNS,-9.587500,12.362500,-184.630000,6.976656,0.005646,0.009155,0.023650,13.669686,0.000000,0.000000,0.000000,0,0,0,0,0,0,0,0,0,0,0,0.045257568359375,-0.004302978515625,1e-45,1e-45,59.999992,-19.999996,-19.999996,-19.999996,-19.999996,-1e-45,Object notstarted,Object notstarted,Object notstarted,Object notstarted,Object notstarted,Object notstarted,Object notstarted,Object notstarted,Object notstarted
2024-03-18 10:36:51,624.624,__main___datalogs,INFO,JoyConState.USE_SNS,-9.587500,12.362500,-184.630000,6.602685,0.005035,0.007324,0.024565,13.701742,0.000000,0.000000,0.000000,0,0,0,0,0,0,0,0,0,0,0,0.045257568359375,-0.004302978515625,1e-45,1e-45,59.999992,-19.999996,-19.999996,-19.999996,-19.999996,-1e-45,Object notstarted,Object notstarted,Object notstarted,Object notstarted,Object notstarted,Object notstarted,Object notstarted,Object notstarted,Object notstarted
2024-03-18 10:36:51,746.746,__main___datalogs,INFO,JoyConState.USE_SNS,-9.587500,12.362500,-184.630000,6.557827,0.003815,0.012664,0.020598,13.733797,0.000000,0.000000,0.000000,0,0,0,0,0,0,0,0,0,0,0,0.045257568359375,-0.004302978515625,1e-45,1e-45,59.999992,-19.999996,-19.999996,-19.999996,-19.999996,-1e-45,Object notstarted,Object notstarted,Object notstarted,Object notstarted,Object notstarted,Object notstarted,Object notstarted,Object notstarted,Object notstarted
2024-03-18 10:36:51,873.873,__main___datalogs,INFO,JoyConState.USE_SNS,-9.587500,12.362500,-184.630000,6.222612,0.005493,0.006866,0.020293,13.765852,0.000000,0.000000,0.000000,0,0,0,0,0,0,0,0,0,0,0,0.045257568359375,-0.004302978515625,1e-45,1e-45,59.999992,-19.999996,-19.999996,-19.999996,-19.999996,-1e-45,Object notstarted,Object notstarted,Object notstarted,Object notstarted,Object notstarted,Object notstarted,Object notstarted,Object notstarted,Object notstarted
2024-03-18 10:36:51,997.997,__main___datalogs,INFO,JoyConState.USE_SNS,-9.587500,12.362500,-184.630000,6.035704,0.005340,0.009307,0.024260,13.797906,0.000000,0.000000,0.000000,0,0,0,0,0,0,0,0,0,0,0,0.045257568359375,-0.004302978515625,1e-45,1e-45,59.999992,-19.999996,-19.999996,-19.999996,-19.999996,-1e-45,Object notstarted,Object notstarted,Object notstarted,Object notstarted,Object notstarted,Object notstarted,Object notstarted,Object notstarted,Object notstarted
2024-03-18 10:36:52,121.121,__main___datalogs,INFO,JoyConState.USE_SNS,-9.587500,12.362500,-184.630000,6.359170,0.005493,0.010070,0.024260,13.829961,0.000000,0.000000,0.000000,0,0,0,0,0,0,0,0,0,0,0,0.045257568359375,-0.004302978515625,1e-45,1e-45,59.999992,-19.999996,-19.999996,-19.999996,-19.999996,-1e-45,Object notstarted,Object notstarted,Object notstarted,Object notstarted,Object notstarted,Object notstarted,Object notstarted,Object notstarted,Object notstarted
2024-03-18 10:36:52,246.246,__main___datalogs,INFO,JoyConState.USE_SNS,-9.587500,12.362500,-184.630000,6.366952,0.004425,0.010070,0.021208,13.862018,0.000000,0.000000,0.000000,0,0,0,0,0,0,0,0,0,0,0,0.045257568359375,-0.004302978515625,1e-45,1e-45,59.999992,-19.999996,-19.999996,-19.999996,-19.999996,-1e-45,Object notstarted,Object notstarted,Object notstarted,Object notstarted,Object notstarted,Object notstarted,Object notstarted,Object notstarted,Object notstarted
2024-03-18 10:36:52,370.370,__main___datalogs,INFO,JoyConState.USE_SNS,-9.587500,12.362500,-184.630000,6.746109,0.005951,0.009155,0.024565,13.894074,0.000000,0.000000,0.000000,0,0,0,0,0,0,0,0,0,0,0,0.045257568359375,-0.004302978515625,1e-45,1e-45,59.999992,-19.999996,-19.999996,-19.999996,-19.999996,-1e-45,Object notstarted,Object notstarted,Object notstarted,Object notstarted,Object notstarted,Object notstarted,Object notstarted,Object notstarted,Object notstarted
2024-03-18 10:36:52,481.481,__main___datalogs,INFO,JoyConState.USE_SNS,-9.587500,12.362500,-184.630000,6.542112,0.006408,0.011901,0.024565,13.926129,0.000000,0.000000,0.000000,0,0,0,0,0,0,0,0,0,0,0,0.045257568359375,-0.004302978515625,1e-45,1e-45,59.999992,-19.999996,-19.999996,-19.999996,-19.999996,-1e-45,Object notstarted,Object notstarted,Object notstarted,Object notstarted,Object notstarted,Object notstarted,Object notstarted,Object notstarted,Object notstarted
2024-03-18 10:36:52,623.623,__main___datalogs,INFO,JoyConState.USE_SNS,-9.587500,12.362500,-184.630000,6.602838,0.005340,0.009155,0.023345,13.958183,0.000000,0.000000,0.000000,0,0,0,0,0,0,0,0,0,0,0,0.045257568359375,-0.004302978515625,1e-45,1e-45,59.999992,-19.999996,-19.999996,-19.999996,-19.999996,-1e-45,Object notstarted,Object notstarted,Object notstarted,Object notstarted,Object notstarted,Object notstarted,Object notstarted,Object notstarted,Object notstarted
2024-03-18 10:36:52,746.746,__main___datalogs,INFO,JoyConState.USE_SNS,-9.587500,12.362500,-184.630000,6.303784,0.005646,0.012206,0.024565,13.990238,0.000000,0.000000,0.000000,0,0,0,0,0,0,0,0,0,0,0,0.045257568359375,-0.004302978515625,1e-45,1e-45,59.999992,-19.999996,-19.999996,-19.999996,-19.999996,-1e-45,Object notstarted,Object notstarted,Object notstarted,Object notstarted,Object notstarted,Object notstarted,Object notstarted,Object notstarted,Object notstarted
2024-03-18 10:36:52,870.870,__main___datalogs,INFO,JoyConState.USE_SNS,-9.587500,12.362500,-184.630000,6.278609,0.005340,0.010223,0.024870,14.022292,0.000000,0.000000,0.000000,0,0,0,0,0,0,0,0,0,0,0,0.045257568359375,-0.004302978515625,1e-45,1e-45,59.999992,-19.999996,-19.999996,-19.999996,-19.999996,-1e-45,Object notstarted,Object notstarted,Object notstarted,Object notstarted,Object notstarted,Object notstarted,Object notstarted,Object notstarted,Object notstarted
2024-03-18 10:36:52,978.978,__main___datalogs,INFO,JoyConState.USE_SNS,-9.587500,12.362500,-184.630000,6.364205,0.005035,0.010070,0.025176,14.054347,0.000000,0.000000,0.000000,0,0,0,0,0,0,0,0,0,0,0,0.045257568359375,-0.004302978515625,1e-45,1e-45,59.999992,-19.999996,-19.999996,-19.999996,-19.999996,-1e-45,Object notstarted,Object notstarted,Object notstarted,Object notstarted,Object notstarted,Object notstarted,Object notstarted,Object notstarted,Object notstarted
2024-03-18 10:36:53,105.105,__main___datalogs,INFO,JoyConState.USE_SNS,-9.587500,12.362500,-184.630000,6.857949,0.003815,0.012054,0.025023,14.086402,0.000000,0.000000,0.000000,0,0,0,0,0,0,0,0,0,0,0,0.045257568359375,-0.004302978515625,1e-45,1e-45,59.999992,-19.999996,-19.999996,-19.999996,-19.999996,-1e-45,Object notstarted,Object notstarted,Object notstarted,Object notstarted,Object notstarted,Object notstarted,Object notstarted,Object notstarted,Object notstarted
2024-03-18 10:36:53,213.213,__main___datalogs,INFO,JoyConState.USE_SNS,-9.587500,12.362500,-184.630000,6.647696,0.005035,0.008239,0.024565,14.118458,0.000000,0.000000,0.000000,0,0,0,0,0,0,0,0,0,0,0,0.045257568359375,-0.004302978515625,1e-45,1e-45,59.999992,-19.999996,-19.999996,-19.999996,-19.999996,-1e-45,Object notstarted,Object notstarted,Object notstarted,Object notstarted,Object notstarted,Object notstarted,Object notstarted,Object notstarted,Object notstarted
2024-03-18 10:36:53,338.338,__main___datalogs,INFO,JoyConState.USE_SNS,-9.587500,12.362500,-184.630000,6.744431,0.004578,0.008697,0.024870,14.150513,0.000000,0.000000,0.000000,0,0,0,0,0,0,0,0,0,0,0,0.045257568359375,-0.004302978515625,1e-45,1e-45,59.999992,-19.999996,-19.999996,-19.999996,-19.999996,-1e-45,Object notstarted,Object notstarted,Object notstarted,Object notstarted,Object notstarted,Object notstarted,Object notstarted,Object notstarted,Object notstarted
2024-03-18 10:36:53,481.481,__main___datalogs,INFO,JoyConState.USE_SNS,-9.587500,12.362500,-184.630000,6.507476,0.005035,0.009155,0.024108,14.182569,0.000000,0.000000,0.000000,0,0,0,0,0,0,0,0,0,0,0,0.045257568359375,-0.004302978515625,1e-45,1e-45,59.999992,-19.999996,-19.999996,-19.999996,-19.999996,-1e-45,Object notstarted,Object notstarted,Object notstarted,Object notstarted,Object notstarted,Object notstarted,Object notstarted,Object notstarted,Object notstarted
2024-03-18 10:36:53,625.625,__main___datalogs,INFO,JoyConState.USE_SNS,-9.587500,12.362500,-184.630000,6.551572,0.002899,0.010070,0.023955,14.214624,0.000000,0.000000,0.000000,0,0,0,0,0,0,0,0,0,0,0,0.045257568359375,-0.004302978515625,1e-45,1e-45,59.999992,-19.999996,-19.999996,-19.999996,-19.999996,-1e-45,Object notstarted,Object notstarted,Object notstarted,Object notstarted,Object notstarted,Object notstarted,Object notstarted,Object notstarted,Object notstarted
2024-03-18 10:36:53,751.751,__main___datalogs,INFO,JoyConState.USE_SNS,-9.587500,12.362500,-184.630000,6.225664,0.001678,0.009612,0.023955,14.246679,0.000000,0.000000,0.000000,0,0,0,0,0,0,0,0,0,0,0,0.045257568359375,-0.004302978515625,1e-45,1e-45,59.999992,-19.999996,-19.999996,-19.999996,-19.999996,-1e-45,Object notstarted,Object notstarted,Object notstarted,Object notstarted,Object notstarted,Object notstarted,Object notstarted,Object notstarted,Object notstarted
2024-03-18 10:36:53,874.874,__main___datalogs,INFO,JoyConState.USE_SNS,-9.587500,12.362500,-184.630000,5.941715,0.005798,0.009612,0.024565,14.278735,0.000000,0.000000,0.000000,0,0,0,0,0,0,0,0,0,0,0,0.045257568359375,-0.004302978515625,1e-45,1e-45,59.999992,-19.999996,-19.999996,-19.999996,-19.999996,-1e-45,Object notstarted,Object notstarted,Object notstarted,Object notstarted,Object notstarted,Object notstarted,Object notstarted,Object notstarted,Object notstarted
2024-03-18 10:36:53,997.997,__main___datalogs,INFO,JoyConState.USE_SNS,-9.587500,12.362500,-184.630000,6.397315,0.005646,0.009155,0.024870,14.310790,0.000000,0.000000,0.000000,0,0,0,0,0,0,0,0,0,0,0,0.045257568359375,-0.004302978515625,1e-45,1e-45,59.999992,-19.999996,-19.999996,-19.999996,-19.999996,-1e-45,Object notstarted,Object notstarted,Object notstarted,Object notstarted,Object notstarted,Object notstarted,Object notstarted,Object notstarted,Object notstarted
2024-03-18 10:36:54,105.105,__main___datalogs,INFO,JoyConState.USE_SNS,-9.587500,12.362500,-184.630000,6.278303,0.006408,0.012512,0.025176,14.342846,0.000000,0.000000,0.000000,0,0,0,0,0,0,0,0,0,0,0,0.045257568359375,-0.004302978515625,1e-45,1e-45,59.999992,-19.999996,-19.999996,-19.999996,-19.999996,-1e-45,Object notstarted,Object notstarted,Object notstarted,Object notstarted,Object notstarted,Object notstarted,Object notstarted,Object notstarted,Object notstarted
2024-03-18 10:36:54,228.228,__main___datalogs,INFO,JoyConState.USE_SNS,-9.587500,12.362500,-184.630000,6.503815,0.006408,0.008392,0.025176,14.374903,0.000000,0.000000,0.000000,0,0,0,0,0,0,0,0,0,0,0,0.045257568359375,-0.004302978515625,1e-45,1e-45,59.999992,-19.999996,-19.999996,-19.999996,-19.999996,-1e-45,Object notstarted,Object notstarted,Object notstarted,Object notstarted,Object notstarted,Object notstarted,Object notstarted,Object notstarted,Object notstarted
2024-03-18 10:36:54,353.353,__main___datalogs,INFO,JoyConState.USE_SNS,-9.587500,12.362500,-184.630000,6.662649,0.006256,0.010986,0.024413,14.406959,0.000000,0.000000,0.000000,0,0,0,0,0,0,0,0,0,0,0,0.045257568359375,-0.004302978515625,1e-45,1e-45,59.999992,-19.999996,-19.999996,-19.999996,-19.999996,-1e-45,Object notstarted,Object notstarted,Object notstarted,Object notstarted,Object notstarted,Object notstarted,Object notstarted,Object notstarted,Object notstarted
2024-03-18 10:36:54,461.461,__main___datalogs,INFO,JoyConState.USE_SNS,-9.587500,12.362500,-184.630000,6.516479,0.005646,0.009155,0.025176,14.439013,0.000000,0.000000,0.000000,0,0,0,0,0,0,0,0,0,0,0,0.045257568359375,-0.004302978515625,1e-45,1e-45,59.999992,-19.999996,-19.999996,-19.999996,-19.999996,-1e-45,Object notstarted,Object notstarted,Object notstarted,Object notstarted,Object notstarted,Object notstarted,Object notstarted,Object notstarted,Object notstarted
2024-03-18 10:36:54,572.572,__main___datalogs,INFO,JoyConState.USE_SNS,-9.587500,12.362500,-184.630000,6.518767,0.006561,0.010070,0.025176,14.471068,0.000000,0.000000,0.000000,0,0,0,0,0,0,0,0,0,0,0,0.045257568359375,-0.004302978515625,1e-45,1e-45,59.999992,-19.999996,-19.999996,-19.999996,-19.999996,-1e-45,Object notstarted,Object notstarted,Object notstarted,Object notstarted,Object notstarted,Object notstarted,Object notstarted,Object notstarted,Object notstarted
2024-03-18 10:36:54,697.697,__main___datalogs,INFO,JoyConState.USE_SNS,-9.587500,12.362500,-184.630000,6.287000,0.005951,0.010528,0.021208,14.503123,0.000000,0.000000,0.000000,0,0,0,0,0,0,0,0,0,0,0,0.045257568359375,-0.004302978515625,1e-45,1e-45,59.999992,-19.999996,-19.999996,-19.999996,-19.999996,-1e-45,Object notstarted,Object notstarted,Object notstarted,Object notstarted,Object notstarted,Object notstarted,Object notstarted,Object notstarted,Object notstarted
2024-03-18 10:36:54,831.831,__main___datalogs,INFO,JoyConState.USE_SNS,-9.587500,12.362500,-184.630000,6.433781,0.005035,0.008239,0.025328,14.535180,0.000000,0.000000,0.000000,0,0,0,0,0,0,0,0,0,0,0,0.045257568359375,-0.004302978515625,1e-45,1e-45,59.999992,-19.999996,-19.999996,-19.999996,-19.999996,-1e-45,Object notstarted,Object notstarted,Object notstarted,Object notstarted,Object notstarted,Object notstarted,Object notstarted,Object notstarted,Object notstarted
2024-03-18 10:36:54,938.938,__main___datalogs,INFO,JoyConState.USE_SNS,-9.587500,12.362500,-184.630000,6.836588,0.007019,0.007324,0.025023,14.567235,0.000000,0.000000,0.000000,0,0,0,0,0,0,0,0,0,0,0,0.045257568359375,-0.004302978515625,1e-45,1e-45,59.999992,-19.999996,-19.999996,-19.999996,-19.999996,-1e-45,Object notstarted,Object notstarted,Object notstarted,Object notstarted,Object notstarted,Object notstarted,Object notstarted,Object notstarted,Object notstarted
2024-03-18 10:36:55,045.045,__main___datalogs,INFO,JoyConState.USE_SNS,-9.587500,12.362500,-184.630000,6.072322,0.005035,0.009612,0.020903,14.599292,0.000000,0.000000,0.000000,0,0,0,0,0,0,0,0,0,0,0,0.045257568359375,-0.004302978515625,1e-45,1e-45,59.999992,-19.999996,-19.999996,-19.999996,-19.999996,-1e-45,Object notstarted,Object notstarted,Object notstarted,Object notstarted,Object notstarted,Object notstarted,Object notstarted,Object notstarted,Object notstarted
2024-03-18 10:36:55,169.169,__main___datalogs,INFO,JoyConState.USE_SNS,-9.587500,12.362500,-184.630000,6.667989,0.006408,0.009155,0.024260,14.631348,0.000000,0.000000,0.000000,0,0,0,0,0,0,0,0,0,0,0,0.045257568359375,-0.004302978515625,1e-45,1e-45,59.999992,-19.999996,-19.999996,-19.999996,-19.999996,-1e-45,Object notstarted,Object notstarted,Object notstarted,Object notstarted,Object notstarted,Object notstarted,Object notstarted,Object notstarted,Object notstarted
2024-03-18 10:36:55,292.292,__main___datalogs,INFO,JoyConState.USE_SNS,-9.587500,12.362500,-184.630000,6.766402,0.006103,0.012359,0.025176,14.663403,0.000000,0.000000,0.000000,0,0,0,0,0,0,0,0,0,0,0,0.045257568359375,-0.004302978515625,1e-45,1e-45,59.999992,-19.999996,-19.999996,-19.999996,-19.999996,-1e-45,Object notstarted,Object notstarted,Object notstarted,Object notstarted,Object notstarted,Object notstarted,Object notstarted,Object notstarted,Object notstarted
2024-03-18 10:36:55,401.401,__main___datalogs,INFO,JoyConState.USE_SNS,-9.587500,12.362500,-184.630000,6.803784,0.006866,0.010528,0.023650,14.695458,0.000000,0.000000,0.000000,0,0,0,0,0,0,0,0,0,0,0,0.045257568359375,-0.004302978515625,1e-45,1e-45,59.999992,-19.999996,-19.999996,-19.999996,-19.999996,-1e-45,Object notstarted,Object notstarted,Object notstarted,Object notstarted,Object notstarted,Object notstarted,Object notstarted,Object notstarted,Object notstarted
2024-03-18 10:36:55,524.524,__main___datalogs,INFO,JoyConState.USE_SNS,-9.587500,12.362500,-184.630000,6.588038,0.004120,0.008697,0.025176,14.727513,0.000000,0.000000,0.000000,0,0,0,0,0,0,0,0,0,0,0,0.045257568359375,-0.004302978515625,1e-45,1e-45,59.999992,-19.999996,-19.999996,-19.999996,-19.999996,-1e-45,Object notstarted,Object notstarted,Object notstarted,Object notstarted,Object notstarted,Object notstarted,Object notstarted,Object notstarted,Object notstarted
2024-03-18 10:36:55,617.617,__main___datalogs,INFO,JoyConState.USE_SNS,-9.587500,12.362500,-184.630000,6.809429,0.004883,0.007782,0.025176,14.759570,0.000000,0.000000,0.000000,0,0,0,0,0,0,0,0,0,0,0,0.045257568359375,-0.004302978515625,1e-45,1e-45,59.999992,-19.999996,-19.999996,-19.999996,-19.999996,-1e-45,Object notstarted,Object notstarted,Object notstarted,Object notstarted,Object notstarted,Object notstarted,Object notstarted,Object notstarted,Object notstarted
2024-03-18 10:36:55,724.724,__main___datalogs,INFO,JoyConState.USE_SNS,-9.587500,12.362500,-184.630000,6.588801,0.005798,0.007782,0.023650,14.791626,0.000000,0.000000,0.000000,0,0,0,0,0,0,0,0,0,0,0,0.045257568359375,-0.004302978515625,1e-45,1e-45,59.999992,-19.999996,-19.999996,-19.999996,-19.999996,-1e-45,Object notstarted,Object notstarted,Object notstarted,Object notstarted,Object notstarted,Object notstarted,Object notstarted,Object notstarted,Object notstarted
2024-03-18 10:36:55,831.831,__main___datalogs,INFO,JoyConState.USE_SNS,-9.587500,12.362500,-184.630000,6.329570,0.006103,0.012206,0.024260,14.823681,0.000000,0.000000,0.000000,0,0,0,0,0,0,0,0,0,0,0,0.045257568359375,-0.004302978515625,1e-45,1e-45,59.999992,-19.999996,-19.999996,-19.999996,-19.999996,-1e-45,Object notstarted,Object notstarted,Object notstarted,Object notstarted,Object notstarted,Object notstarted,Object notstarted,Object notstarted,Object notstarted
2024-03-18 10:36:55,969.969,__main___datalogs,INFO,JoyConState.USE_SNS,-9.587500,12.362500,-184.630000,6.642203,0.007019,0.007019,0.025176,14.855736,0.000000,0.000000,0.000000,0,0,0,0,0,0,0,0,0,0,0,0.045257568359375,-0.004302978515625,1e-45,1e-45,59.999992,-19.999996,-19.999996,-19.999996,-19.999996,-1e-45,Object notstarted,Object notstarted,Object notstarted,Object notstarted,Object notstarted,Object notstarted,Object notstarted,Object notstarted,Object notstarted
2024-03-18 10:36:56,096.096,__main___datalogs,INFO,JoyConState.USE_SNS,-9.587500,12.362500,-184.630000,6.290205,0.005798,0.012664,0.024870,14.887790,0.000000,0.000000,0.000000,0,0,0,0,0,0,0,0,0,0,0,0.045257568359375,-0.004302978515625,1e-45,1e-45,59.999992,-19.999996,-19.999996,-19.999996,-19.999996,-1e-45,Object notstarted,Object notstarted,Object notstarted,Object notstarted,Object notstarted,Object notstarted,Object notstarted,Object notstarted,Object notstarted
2024-03-18 10:36:56,237.237,__main___datalogs,INFO,JoyConState.USE_SNS,-9.587500,12.362500,-184.630000,6.634727,0.003815,0.009155,0.024870,14.919844,0.000000,0.000000,0.000000,0,0,0,0,0,0,0,0,0,0,0,0.045257568359375,-0.004302978515625,1e-45,1e-45,59.999992,-19.999996,-19.999996,-19.999996,-19.999996,-1e-45,Object notstarted,Object notstarted,Object notstarted,Object notstarted,Object notstarted,Object notstarted,Object notstarted,Object notstarted,Object notstarted
2024-03-18 10:36:56,344.344,__main___datalogs,INFO,JoyConState.USE_SNS,-9.587500,12.362500,-184.630000,6.415777,0.006714,0.012664,0.020598,14.951900,0.000000,0.000000,0.000000,0,0,0,0,0,0,0,0,0,0,0,0.045257568359375,-0.004302978515625,1e-45,1e-45,59.999992,-19.999996,-19.999996,-19.999996,-19.999996,-1e-45,Object notstarted,Object notstarted,Object notstarted,Object notstarted,Object notstarted,Object notstarted,Object notstarted,Object notstarted,Object notstarted
2024-03-18 10:36:56,452.452,__main___datalogs,INFO,JoyConState.USE_SNS,-9.587500,12.362500,-184.630000,6.721544,0.005951,0.006408,0.024870,14.983955,0.000000,0.000000,0.000000,0,0,0,0,0,0,0,0,0,0,0,0.045257568359375,-0.004302978515625,1e-45,1e-45,59.999992,-19.999996,-19.999996,-19.999996,-19.999996,-1e-45,Object notstarted,Object notstarted,Object notstarted,Object notstarted,Object notstarted,Object notstarted,Object notstarted,Object notstarted,Object notstarted
2024-03-18 10:36:56,575.575,__main___datalogs,INFO,JoyConState.USE_SNS,-9.587500,12.362500,-184.630000,6.175618,0.002289,0.010223,0.025328,15.016011,0.000000,0.000000,0.000000,0,0,0,0,0,0,0,0,0,0,0,0.045257568359375,-0.004302978515625,1e-45,1e-45,59.999992,-19.999996,-19.999996,-19.999996,-19.999996,-1e-45,Object notstarted,Object notstarted,Object notstarted,Object notstarted,Object notstarted,Object notstarted,Object notstarted,Object notstarted,Object notstarted
2024-03-18 10:36:56,699.699,__main___datalogs,INFO,JoyConState.USE_SNS,-9.587500,12.362500,-184.630000,6.707659,0.006103,0.008544,0.025023,15.048066,0.000000,0.000000,0.000000,0,0,0,0,0,0,0,0,0,0,0,0.045257568359375,-0.004302978515625,1e-45,1e-45,59.999992,-19.999996,-19.999996,-19.999996,-19.999996,-1e-45,Object notstarted,Object notstarted,Object notstarted,Object notstarted,Object notstarted,Object notstarted,Object notstarted,Object notstarted,Object notstarted
2024-03-18 10:36:56,823.823,__main___datalogs,INFO,JoyConState.USE_SNS,-9.587500,12.362500,-184.630000,6.386176,0.001831,0.008239,0.025481,15.080121,0.000000,0.000000,0.000000,0,0,0,0,0,0,0,0,0,0,0,0.045257568359375,-0.004302978515625,1e-45,1e-45,59.999992,-19.999996,-19.999996,-19.999996,-19.999996,-1e-45,Object notstarted,Object notstarted,Object notstarted,Object notstarted,Object notstarted,Object notstarted,Object notstarted,Object notstarted,Object notstarted
2024-03-18 10:36:56,950.950,__main___datalogs,INFO,JoyConState.USE_SNS,-9.587500,12.362500,-184.630000,6.685078,0.006561,0.010986,0.024260,15.112177,0.000000,0.000000,0.000000,0,0,0,0,0,0,0,0,0,0,0,0.045257568359375,-0.004302978515625,1e-45,1e-45,59.999992,-19.999996,-19.999996,-19.999996,-19.999996,-1e-45,Object notstarted,Object notstarted,Object notstarted,Object notstarted,Object notstarted,Object notstarted,Object notstarted,Object notstarted,Object notstarted
2024-03-18 10:36:57,058.058,__main___datalogs,INFO,JoyConState.USE_SNS,-9.587500,12.362500,-184.630000,6.587122,0.001831,0.007782,0.024718,15.144231,0.000000,0.000000,0.000000,0,0,0,0,0,0,0,0,0,0,0,0.045257568359375,-0.004302978515625,1e-45,1e-45,59.999992,-19.999996,-19.999996,-19.999996,-19.999996,-1e-45,Object notstarted,Object notstarted,Object notstarted,Object notstarted,Object notstarted,Object notstarted,Object notstarted,Object notstarted,Object notstarted
2024-03-18 10:36:57,185.185,__main___datalogs,INFO,JoyConState.USE_SNS,-9.587500,12.362500,-184.630000,6.334300,0.007019,0.006408,0.020598,15.176286,0.000000,0.000000,0.000000,0,0,0,0,0,0,0,0,0,0,0,0.045257568359375,-0.004302978515625,1e-45,1e-45,59.999992,-19.999996,-19.999996,-19.999996,-19.999996,-1e-45,Object notstarted,Object notstarted,Object notstarted,Object notstarted,Object notstarted,Object notstarted,Object notstarted,Object notstarted,Object notstarted
2024-03-18 10:36:57,308.308,__main___datalogs,INFO,JoyConState.USE_SNS,-9.587500,12.362500,-184.630000,6.576289,0.005035,0.008697,0.020293,15.208342,0.000000,0.000000,0.000000,0,0,0,0,0,0,0,0,0,0,0,0.045257568359375,-0.004302978515625,1e-45,1e-45,59.999992,-19.999996,-19.999996,-19.999996,-19.999996,-1e-45,Object notstarted,Object notstarted,Object notstarted,Object notstarted,Object notstarted,Object notstarted,Object notstarted,Object notstarted,Object notstarted
2024-03-18 10:36:57,432.432,__main___datalogs,INFO,JoyConState.USE_SNS,-9.587500,12.362500,-184.630000,6.658834,0.003509,0.010681,0.023955,15.240398,0.000000,0.000000,0.000000,0,0,0,0,0,0,0,0,0,0,0,0.045257568359375,-0.004302978515625,1e-45,1e-45,59.999992,-19.999996,-19.999996,-19.999996,-19.999996,-1e-45,Object notstarted,Object notstarted,Object notstarted,Object notstarted,Object notstarted,Object notstarted,Object notstarted,Object notstarted,Object notstarted
2024-03-18 10:36:57,570.570,__main___datalogs,INFO,JoyConState.USE_SNS,-9.587500,12.362500,-184.630000,6.474977,0.006256,0.005035,0.024870,15.272455,0.000000,0.000000,0.000000,0,0,0,0,0,0,0,0,0,0,0,0.045257568359375,-0.004302978515625,1e-45,1e-45,59.999992,-19.999996,-19.999996,-19.999996,-19.999996,-1e-45,Object notstarted,Object notstarted,Object notstarted,Object notstarted,Object notstarted,Object notstarted,Object notstarted,Object notstarted,Object notstarted
2024-03-18 10:36:57,710.710,__main___datalogs,INFO,JoyConState.USE_SNS,-9.587500,12.362500,-184.630000,6.532957,0.001678,0.008239,0.024260,15.304510,0.000000,0.000000,0.000000,0,0,0,0,0,0,0,0,0,0,0,0.045257568359375,-0.004302978515625,1e-45,1e-45,59.999992,-19.999996,-19.999996,-19.999996,-19.999996,-1e-45,Object notstarted,Object notstarted,Object notstarted,Object notstarted,Object notstarted,Object notstarted,Object notstarted,Object notstarted,Object notstarted
2024-03-18 10:36:57,817.817,__main___datalogs,INFO,JoyConState.USE_SNS,-9.587500,12.362500,-184.630000,6.729326,0.006714,0.006408,0.024870,15.336567,0.000000,0.000000,0.000000,0,0,0,0,0,0,0,0,0,0,0,0.045257568359375,-0.004302978515625,1e-45,1e-45,59.999992,-19.999996,-19.999996,-19.999996,-19.999996,-1e-45,Object notstarted,Object notstarted,Object notstarted,Object notstarted,Object notstarted,Object notstarted,Object notstarted,Object notstarted,Object notstarted
2024-03-18 10:36:57,943.943,__main___datalogs,INFO,JoyConState.USE_SNS,-9.587500,12.362500,-184.630000,6.719713,0.006561,0.011596,0.023650,15.368622,0.000000,0.000000,0.000000,0,0,0,0,0,0,0,0,0,0,0,0.045257568359375,-0.004302978515625,1e-45,1e-45,59.999992,-19.999996,-19.999996,-19.999996,-19.999996,-1e-45,Object notstarted,Object notstarted,Object notstarted,Object notstarted,Object notstarted,Object notstarted,Object notstarted,Object notstarted,Object notstarted
2024-03-18 10:36:58,069.069,__main___datalogs,INFO,JoyConState.USE_SNS,-9.587500,12.362500,-184.630000,6.750839,0.007019,0.008239,0.024870,15.400678,0.000000,0.000000,0.000000,0,0,0,0,0,0,0,0,0,0,0,0.045257568359375,-0.004302978515625,1e-45,1e-45,59.999992,-19.999996,-19.999996,-19.999996,-19.999996,-1e-45,Object notstarted,Object notstarted,Object notstarted,Object notstarted,Object notstarted,Object notstarted,Object notstarted,Object notstarted,Object notstarted
2024-03-18 10:36:58,290.290,__main___datalogs,INFO,JoyConState.USE_SNS,-9.587500,12.362500,-184.630000,6.784559,0.003967,0.008239,0.023345,15.432733,0.000000,0.000000,0.000000,0,0,0,0,0,0,0,0,0,0,0,0.045257568359375,-0.004302978515625,1e-45,1e-45,59.999992,-19.999996,-19.999996,-19.999996,-19.999996,-1e-45,Object notstarted,Object notstarted,Object notstarted,Object notstarted,Object notstarted,Object notstarted,Object notstarted,Object notstarted,Object notstarted
2024-03-18 10:36:58,401.401,__main___datalogs,INFO,JoyConState.USE_SNS,-9.587500,12.362500,-184.630000,6.883277,0.005798,0.013427,0.025023,15.464788,0.000000,0.000000,0.000000,0,0,0,0,0,0,0,0,0,0,0,0.045257568359375,-0.004302978515625,1e-45,1e-45,59.999992,-19.999996,-19.999996,-19.999996,-19.999996,-1e-45,Object notstarted,Object notstarted,Object notstarted,Object notstarted,Object notstarted,Object notstarted,Object notstarted,Object notstarted,Object notstarted
2024-03-18 10:36:58,523.523,__main___datalogs,INFO,JoyConState.USE_SNS,-9.587500,12.362500,-184.630000,6.636863,0.008850,0.009612,0.024870,15.496846,0.000000,0.000000,0.000000,0,0,0,0,0,0,0,0,0,0,0,0.045257568359375,-0.004302978515625,1e-45,1e-45,59.999992,-19.999996,-19.999996,-19.999996,-19.999996,-1e-45,Object notstarted,Object notstarted,Object notstarted,Object notstarted,Object notstarted,Object notstarted,Object notstarted,Object notstarted,Object notstarted
2024-03-18 10:36:58,666.666,__main___datalogs,INFO,JoyConState.USE_SNS,-9.587500,12.362500,-184.630000,6.864816,0.005798,0.009155,0.025176,15.528902,0.000000,0.000000,0.000000,0,0,0,0,0,0,0,0,0,0,0,0.045257568359375,-0.004302978515625,1e-45,1e-45,59.999992,-19.999996,-19.999996,-19.999996,-19.999996,-1e-45,Object notstarted,Object notstarted,Object notstarted,Object notstarted,Object notstarted,Object notstarted,Object notstarted,Object notstarted,Object notstarted
2024-03-18 10:36:58,775.775,__main___datalogs,INFO,JoyConState.USE_SNS,-9.587500,12.362500,-184.630000,6.624352,0.006866,0.012359,0.025176,15.560958,0.000000,0.000000,0.000000,0,0,0,0,0,0,0,0,0,0,0,0.045257568359375,-0.004302978515625,1e-45,1e-45,59.999992,-19.999996,-19.999996,-19.999996,-19.999996,-1e-45,Object notstarted,Object notstarted,Object notstarted,Object notstarted,Object notstarted,Object notstarted,Object notstarted,Object notstarted,Object notstarted
2024-03-18 10:36:58,883.883,__main___datalogs,INFO,JoyConState.USE_SNS,-9.587500,12.362500,-184.630000,6.895179,0.006561,0.007782,0.021819,15.593014,0.000000,0.000000,0.000000,0,0,0,0,0,0,0,0,0,0,0,0.045257568359375,-0.004302978515625,1e-45,1e-45,59.999992,-19.999996,-19.999996,-19.999996,-19.999996,-1e-45,Object notstarted,Object notstarted,Object notstarted,Object notstarted,Object notstarted,Object notstarted,Object notstarted,Object notstarted,Object notstarted
2024-03-18 10:36:59,010.010,__main___datalogs,INFO,JoyConState.USE_SNS,-9.587500,12.362500,-184.630000,6.742142,0.007019,0.012359,0.023955,15.625069,0.000000,0.000000,0.000000,0,0,0,0,0,0,0,0,0,0,0,0.045257568359375,-0.004302978515625,1e-45,1e-45,59.999992,-19.999996,-19.999996,-19.999996,-19.999996,-1e-45,Object notstarted,Object notstarted,Object notstarted,Object notstarted,Object notstarted,Object notstarted,Object notstarted,Object notstarted,Object notstarted
2024-03-18 10:36:59,135.135,__main___datalogs,INFO,JoyConState.USE_SNS,-9.587500,12.362500,-184.630000,6.983674,0.009002,0.007782,0.024565,15.657125,0.000000,0.000000,0.000000,0,0,0,0,0,0,0,0,0,0,0,0.045257568359375,-0.004302978515625,1e-45,1e-45,59.999992,-19.999996,-19.999996,-19.999996,-19.999996,-1e-45,Object notstarted,Object notstarted,Object notstarted,Object notstarted,Object notstarted,Object notstarted,Object notstarted,Object notstarted,Object notstarted
2024-03-18 10:36:59,241.241,__main___datalogs,INFO,JoyConState.USE_SNS,-9.587500,12.362500,-184.630000,6.759231,0.009002,0.008697,0.023039,15.689181,0.000000,0.000000,0.000000,0,0,0,0,0,0,0,0,0,0,0,0.045257568359375,-0.004302978515625,1e-45,1e-45,59.999992,-19.999996,-19.999996,-19.999996,-19.999996,-1e-45,Object notstarted,Object notstarted,Object notstarted,Object notstarted,Object notstarted,Object notstarted,Object notstarted,Object notstarted,Object notstarted
2024-03-18 10:36:59,349.349,__main___datalogs,INFO,JoyConState.USE_SNS,-9.587500,12.362500,-184.630000,6.398535,0.008239,0.010681,0.025176,15.721235,0.000000,0.000000,0.000000,0,0,0,0,0,0,0,0,0,0,0,0.045257568359375,-0.004302978515625,1e-45,1e-45,59.999992,-19.999996,-19.999996,-19.999996,-19.999996,-1e-45,Object notstarted,Object notstarted,Object notstarted,Object notstarted,Object notstarted,Object notstarted,Object notstarted,Object notstarted,Object notstarted
2024-03-18 10:36:59,474.474,__main___datalogs,INFO,JoyConState.USE_SNS,-9.587500,12.362500,-184.630000,6.965670,0.007019,0.008697,0.025176,15.753293,0.000000,0.000000,0.000000,0,0,0,0,0,0,0,0,0,0,0,0.045257568359375,-0.004302978515625,1e-45,1e-45,59.999992,-19.999996,-19.999996,-19.999996,-19.999996,-1e-45,Object notstarted,Object notstarted,Object notstarted,Object notstarted,Object notstarted,Object notstarted,Object notstarted,Object notstarted,Object notstarted
2024-03-18 10:36:59,614.614,__main___datalogs,INFO,JoyConState.USE_SNS,-9.587500,12.362500,-184.630000,7.164175,0.007171,0.012664,0.020293,15.785348,0.000000,0.000000,0.000000,0,0,0,0,0,0,0,0,0,0,0,0.045257568359375,-0.004302978515625,1e-45,1e-45,59.999992,-19.999996,-19.999996,-19.999996,-19.999996,-1e-45,Object notstarted,Object notstarted,Object notstarted,Object notstarted,Object notstarted,Object notstarted,Object notstarted,Object notstarted,Object notstarted
2024-03-18 10:36:59,742.742,__main___datalogs,INFO,JoyConState.USE_SNS,-9.587500,12.362500,-184.630000,6.764419,0.006714,0.009612,0.020293,15.817404,0.000000,0.000000,0.000000,0,0,0,0,0,0,0,0,0,0,0,0.045257568359375,-0.004302978515625,1e-45,1e-45,59.999992,-19.999996,-19.999996,-19.999996,-19.999996,-1e-45,Object notstarted,Object notstarted,Object notstarted,Object notstarted,Object notstarted,Object notstarted,Object notstarted,Object notstarted,Object notstarted
2024-03-18 10:36:59,865.865,__main___datalogs,INFO,JoyConState.USE_SNS,-9.587500,12.362500,-184.630000,6.774642,0.003357,0.012054,0.025328,15.849458,0.000000,0.000000,0.000000,0,0,0,0,0,0,0,0,0,0,0,0.045257568359375,-0.004302978515625,1e-45,1e-45,59.999992,-19.999996,-19.999996,-19.999996,-19.999996,-1e-45,Object notstarted,Object notstarted,Object notstarted,Object notstarted,Object notstarted,Object notstarted,Object notstarted,Object notstarted,Object notstarted
2024-03-18 10:36:59,974.974,__main___datalogs,INFO,JoyConState.USE_SNS,-9.587500,12.362500,-184.630000,6.731919,0.006256,0.009155,0.022734,15.881514,0.000000,0.000000,0.000000,0,0,0,0,0,0,0,0,0,0,0,0.045257568359375,-0.004302978515625,1e-45,1e-45,59.999992,-19.999996,-19.999996,-19.999996,-19.999996,-1e-45,Object notstarted,Object notstarted,Object notstarted,Object notstarted,Object notstarted,Object notstarted,Object notstarted,Object notstarted,Object notstarted
2024-03-18 10:37:00,133.133,__main___datalogs,INFO,JoyConState.USE_SNS,-9.587500,12.362500,-184.630000,6.382515,0.006561,0.009918,0.020598,15.913572,0.000000,0.000000,0.000000,0,0,0,0,0,0,0,0,0,0,0,0.045257568359375,-0.004302978515625,1e-45,1e-45,59.999992,-19.999996,-19.999996,-19.999996,-19.999996,-1e-45,Object notstarted,Object notstarted,Object notstarted,Object notstarted,Object notstarted,Object notstarted,Object notstarted,Object notstarted,Object notstarted
2024-03-18 10:37:00,274.274,__main___datalogs,INFO,JoyConState.USE_SNS,-9.587500,12.362500,-184.630000,6.537534,0.004120,0.008544,0.024260,15.945626,0.000000,0.000000,0.000000,0,0,0,0,0,0,0,0,0,0,0,0.045257568359375,-0.004302978515625,1e-45,1e-45,59.999992,-19.999996,-19.999996,-19.999996,-19.999996,-1e-45,Object notstarted,Object notstarted,Object notstarted,Object notstarted,Object notstarted,Object notstarted,Object notstarted,Object notstarted,Object notstarted
2024-03-18 10:37:00,383.383,__main___datalogs,INFO,JoyConState.USE_SNS,-9.587500,12.362500,-184.630000,6.485505,0.006866,0.005798,0.021208,15.977683,0.000000,0.000000,0.000000,0,0,0,0,0,0,0,0,0,0,0,0.045257568359375,-0.004302978515625,1e-45,1e-45,59.999992,-19.999996,-19.999996,-19.999996,-19.999996,-1e-45,Object notstarted,Object notstarted,Object notstarted,Object notstarted,Object notstarted,Object notstarted,Object notstarted,Object notstarted,Object notstarted
2024-03-18 10:37:00,505.505,__main___datalogs,INFO,JoyConState.USE_SNS,-9.587500,12.362500,-184.630000,7.093683,0.007171,0.011749,0.024718,16.009739,0.000000,0.000000,0.000000,0,0,0,0,0,0,0,0,0,0,0,0.045257568359375,-0.004302978515625,1e-45,1e-45,59.999992,-19.999996,-19.999996,-19.999996,-19.999996,-1e-45,Object notstarted,Object notstarted,Object notstarted,Object notstarted,Object notstarted,Object notstarted,Object notstarted,Object notstarted,Object notstarted
2024-03-18 10:37:00,629.629,__main___datalogs,INFO,JoyConState.USE_SNS,-9.587500,12.362500,-184.630000,6.918523,0.007019,0.007324,0.024718,16.041793,0.000000,0.000000,0.000000,0,0,0,0,0,0,0,0,0,0,0,0.045257568359375,-0.004302978515625,1e-45,1e-45,59.999992,-19.999996,-19.999996,-19.999996,-19.999996,-1e-45,Object notstarted,Object notstarted,Object notstarted,Object notstarted,Object notstarted,Object notstarted,Object notstarted,Object notstarted,Object notstarted
2024-03-18 10:37:00,757.757,__main___datalogs,INFO,JoyConState.USE_SNS,-9.587500,12.362500,-184.630000,7.033720,0.005798,0.011443,0.025176,16.073847,0.000000,0.000000,0.000000,0,0,0,0,0,0,0,0,0,0,0,0.045257568359375,-0.004302978515625,1e-45,1e-45,59.999992,-19.999996,-19.999996,-19.999996,-19.999996,-1e-45,Object notstarted,Object notstarted,Object notstarted,Object notstarted,Object notstarted,Object notstarted,Object notstarted,Object notstarted,Object notstarted
2024-03-18 10:37:00,881.881,__main___datalogs,INFO,JoyConState.USE_SNS,-9.587500,12.362500,-184.630000,6.835215,0.005646,0.008392,0.025176,16.105903,0.000000,0.000000,0.000000,0,0,0,0,0,0,0,0,0,0,0,0.045257568359375,-0.004302978515625,1e-45,1e-45,59.999992,-19.999996,-19.999996,-19.999996,-19.999996,-1e-45,Object notstarted,Object notstarted,Object notstarted,Object notstarted,Object notstarted,Object notstarted,Object notstarted,Object notstarted,Object notstarted
2024-03-18 10:37:01,005.005,__main___datalogs,INFO,JoyConState.USE_SNS,-9.587500,12.362500,-184.630000,6.510070,0.006714,0.008239,0.025633,16.137958,0.000000,0.000000,0.000000,0,0,0,0,0,0,0,0,0,0,0,0.045257568359375,-0.004302978515625,1e-45,1e-45,59.999992,-19.999996,-19.999996,-19.999996,-19.999996,-1e-45,Object notstarted,Object notstarted,Object notstarted,Object notstarted,Object notstarted,Object notstarted,Object notstarted,Object notstarted,Object notstarted
2024-03-18 10:37:01,112.112,__main___datalogs,INFO,JoyConState.USE_SNS,-9.587500,12.362500,-184.630000,6.727190,0.007477,0.006866,0.020903,16.170016,0.000000,0.000000,0.000000,0,0,0,0,0,0,0,0,0,0,0,0.045257568359375,-0.004302978515625,1e-45,1e-45,59.999992,-19.999996,-19.999996,-19.999996,-19.999996,-1e-45,Object notstarted,Object notstarted,Object notstarted,Object notstarted,Object notstarted,Object notstarted,Object notstarted,Object notstarted,Object notstarted
2024-03-18 10:37:01,220.220,__main___datalogs,INFO,JoyConState.USE_SNS,-9.587500,12.362500,-184.630000,6.794629,0.009765,0.009155,0.020293,16.202070,0.000000,0.000000,0.000000,0,0,0,0,0,0,0,0,0,0,0,0.045257568359375,-0.004302978515625,1e-45,1e-45,59.999992,-19.999996,-19.999996,-19.999996,-19.999996,-1e-45,Object notstarted,Object notstarted,Object notstarted,Object notstarted,Object notstarted,Object notstarted,Object notstarted,Object notstarted,Object notstarted
2024-03-18 10:37:01,343.343,__main___datalogs,INFO,JoyConState.USE_SNS,-9.587500,12.362500,-184.630000,6.640983,0.006408,0.012054,0.025176,16.234124,0.000000,0.000000,0.000000,0,0,0,0,0,0,0,0,0,0,0,0.045257568359375,-0.004302978515625,1e-45,1e-45,59.999992,-19.999996,-19.999996,-19.999996,-19.999996,-1e-45,Object notstarted,Object notstarted,Object notstarted,Object notstarted,Object notstarted,Object notstarted,Object notstarted,Object notstarted,Object notstarted
2024-03-18 10:37:01,482.482,__main___datalogs,INFO,JoyConState.USE_SNS,-9.587500,12.362500,-184.630000,6.821941,0.007324,0.009612,0.025176,16.266180,0.000000,0.000000,0.000000,0,0,0,0,0,0,0,0,0,0,0,0.045257568359375,-0.004302978515625,1e-45,1e-45,59.999992,-19.999996,-19.999996,-19.999996,-19.999996,-1e-45,Object notstarted,Object notstarted,Object notstarted,Object notstarted,Object notstarted,Object notstarted,Object notstarted,Object notstarted,Object notstarted
2024-03-18 10:37:01,588.588,__main___datalogs,INFO,JoyConState.USE_SNS,-9.587500,12.362500,-184.630000,6.856881,0.007324,0.008392,0.025023,16.298234,0.000000,0.000000,0.000000,0,0,0,0,0,0,0,0,0,0,0,0.045257568359375,-0.004302978515625,1e-45,1e-45,59.999992,-19.999996,-19.999996,-19.999996,-19.999996,-1e-45,Object notstarted,Object notstarted,Object notstarted,Object notstarted,Object notstarted,Object notstarted,Object notstarted,Object notstarted,Object notstarted
2024-03-18 10:37:01,746.746,__main___datalogs,INFO,JoyConState.USE_SNS,-9.587500,12.362500,-184.630000,6.695911,0.007324,0.011596,0.025023,16.330291,0.000000,0.000000,0.000000,0,0,0,0,0,0,0,0,0,0,0,0.045257568359375,-0.004302978515625,1e-45,1e-45,59.999992,-19.999996,-19.999996,-19.999996,-19.999996,-1e-45,Object notstarted,Object notstarted,Object notstarted,Object notstarted,Object notstarted,Object notstarted,Object notstarted,Object notstarted,Object notstarted
2024-03-18 10:37:01,884.884,__main___datalogs,INFO,JoyConState.USE_SNS,-9.587500,12.362500,-184.630000,6.547300,0.007934,0.008392,0.025176,16.362347,0.000000,0.000000,0.000000,0,0,0,0,0,0,0,0,0,0,0,0.045257568359375,-0.004302978515625,1e-45,1e-45,59.999992,-19.999996,-19.999996,-19.999996,-19.999996,-1e-45,Object notstarted,Object notstarted,Object notstarted,Object notstarted,Object notstarted,Object notstarted,Object notstarted,Object notstarted,Object notstarted
2024-03-18 10:37:02,007.007,__main___datalogs,INFO,JoyConState.USE_SNS,-9.587500,12.362500,-184.630000,6.565609,0.007934,0.006866,0.021361,16.394401,0.000000,0.000000,0.000000,0,0,0,0,0,0,0,0,0,0,0,0.045257568359375,-0.004302978515625,1e-45,1e-45,59.999992,-19.999996,-19.999996,-19.999996,-19.999996,-1e-45,Object notstarted,Object notstarted,Object notstarted,Object notstarted,Object notstarted,Object notstarted,Object notstarted,Object notstarted,Object notstarted
2024-03-18 10:37:02,132.132,__main___datalogs,INFO,JoyConState.USE_SNS,-9.587500,12.362500,-184.630000,6.465670,0.008392,0.011596,0.021514,16.426457,0.000000,0.000000,0.000000,0,0,0,0,0,0,0,0,0,0,0,0.045257568359375,-0.004302978515625,1e-45,1e-45,59.999992,-19.999996,-19.999996,-19.999996,-19.999996,-1e-45,Object notstarted,Object notstarted,Object notstarted,Object notstarted,Object notstarted,Object notstarted,Object notstarted,Object notstarted,Object notstarted
2024-03-18 10:37:02,271.271,__main___datalogs,INFO,JoyConState.USE_SNS,-9.587500,12.362500,-184.630000,7.040128,0.007782,0.007934,0.021208,16.458511,0.000000,0.000000,0.000000,0,0,0,0,0,0,0,0,0,0,0,0.045257568359375,-0.004302978515625,1e-45,1e-45,59.999992,-19.999996,-19.999996,-19.999996,-19.999996,-1e-45,Object notstarted,Object notstarted,Object notstarted,Object notstarted,Object notstarted,Object notstarted,Object notstarted,Object notstarted,Object notstarted
2024-03-18 10:37:02,414.414,__main___datalogs,INFO,JoyConState.USE_SNS,-9.587500,12.362500,-184.630000,7.135948,0.007934,0.008239,0.021514,16.490566,0.000000,0.000000,0.000000,0,0,0,0,0,0,0,0,0,0,0,0.045257568359375,-0.004302978515625,1e-45,1e-45,59.999992,-19.999996,-19.999996,-19.999996,-19.999996,-1e-45,Object notstarted,Object notstarted,Object notstarted,Object notstarted,Object notstarted,Object notstarted,Object notstarted,Object notstarted,Object notstarted
2024-03-18 10:37:02,555.555,__main___datalogs,INFO,JoyConState.USE_SNS,-9.587500,12.362500,-184.630000,6.550198,0.007934,0.008239,0.024870,16.522622,0.000000,0.000000,0.000000,0,0,0,0,0,0,0,0,0,0,0,0.045257568359375,-0.004302978515625,1e-45,1e-45,59.999992,-19.999996,-19.999996,-19.999996,-19.999996,-1e-45,Object notstarted,Object notstarted,Object notstarted,Object notstarted,Object notstarted,Object notstarted,Object notstarted,Object notstarted,Object notstarted
2024-03-18 10:37:02,679.679,__main___datalogs,INFO,JoyConState.USE_SNS,-9.587500,12.362500,-184.630000,6.568813,0.008392,0.012817,0.025481,16.554680,0.000000,0.000000,0.000000,0,0,0,0,0,0,0,0,0,0,0,0.045257568359375,-0.004302978515625,1e-45,1e-45,59.999992,-19.999996,-19.999996,-19.999996,-19.999996,-1e-45,Object notstarted,Object notstarted,Object notstarted,Object notstarted,Object notstarted,Object notstarted,Object notstarted,Object notstarted,Object notstarted
2024-03-18 10:37:02,786.786,__main___datalogs,INFO,JoyConState.USE_SNS,-9.587500,12.362500,-184.630000,6.511443,0.006561,0.007476,0.021819,16.586736,0.000000,0.000000,0.000000,0,0,0,0,0,0,0,0,0,0,0,0.045257568359375,-0.004302978515625,1e-45,1e-45,59.999992,-19.999996,-19.999996,-19.999996,-19.999996,-1e-45,Object notstarted,Object notstarted,Object notstarted,Object notstarted,Object notstarted,Object notstarted,Object notstarted,Object notstarted,Object notstarted
2024-03-18 10:37:02,893.893,__main___datalogs,INFO,JoyConState.USE_SNS,-9.587500,12.362500,-184.630000,6.802563,0.007019,0.008697,0.021514,16.618792,0.000000,0.000000,0.000000,0,0,0,0,0,0,0,0,0,0,0,0.045257568359375,-0.004302978515625,1e-45,1e-45,59.999992,-19.999996,-19.999996,-19.999996,-19.999996,-1e-45,Object notstarted,Object notstarted,Object notstarted,Object notstarted,Object notstarted,Object notstarted,Object notstarted,Object notstarted,Object notstarted
2024-03-18 10:37:03,001.001,__main___datalogs,INFO,JoyConState.USE_SNS,-9.587500,12.362500,-184.630000,6.704303,0.004120,0.012969,0.021514,16.650846,0.000000,0.000000,0.000000,0,0,0,0,0,0,0,0,0,0,0,0.045257568359375,-0.004302978515625,1e-45,1e-45,59.999992,-19.999996,-19.999996,-19.999996,-19.999996,-1e-45,Object notstarted,Object notstarted,Object notstarted,Object notstarted,Object notstarted,Object notstarted,Object notstarted,Object notstarted,Object notstarted
2024-03-18 10:37:03,109.109,__main___datalogs,INFO,JoyConState.USE_SNS,-9.587500,12.362500,-184.630000,7.283491,0.007629,0.009155,0.025023,16.682902,0.000000,0.000000,0.000000,0,0,0,0,0,0,0,0,0,0,0,0.045257568359375,-0.004302978515625,1e-45,1e-45,59.999992,-19.999996,-19.999996,-19.999996,-19.999996,-1e-45,Object notstarted,Object notstarted,Object notstarted,Object notstarted,Object notstarted,Object notstarted,Object notstarted,Object notstarted,Object notstarted
2024-03-18 10:37:03,249.249,__main___datalogs,INFO,JoyConState.USE_SNS,-9.587500,12.362500,-184.630000,7.021819,0.011138,0.007782,0.023345,16.714958,0.000000,0.000000,0.000000,0,0,0,0,0,0,0,0,0,0,0,0.045257568359375,-0.004302978515625,-5.882353,-5.882353,59.999992,-14.117644,-14.117644,-14.117644,-14.117644,-5.882353,Object notstarted,Object notstarted,Object notstarted,Object notstarted,Object notstarted,Object notstarted,Object notstarted,Object notstarted,Object notstarted
2024-03-18 10:37:03,355.355,__main___datalogs,INFO,JoyConState.USE_SNS,-9.587500,12.362500,-184.630000,6.912725,0.007782,0.013122,0.025023,16.747015,0.000000,0.000000,0.000000,0,0,0,0,0,0,0,0,0,0,0,0.045257568359375,-0.004302978515625,-12.965601,-12.965601,59.999992,-7.034397,-7.034397,-7.034397,-7.034397,-12.965601,Object notstarted,Object notstarted,Object notstarted,Object notstarted,Object notstarted,Object notstarted,Object notstarted,Object notstarted,Object notstarted
2024-03-18 10:37:03,462.462,__main___datalogs,INFO,JoyConState.USE_SNS,-9.587500,12.362500,-184.630000,6.910742,0.007629,0.010223,0.025176,16.779071,0.000000,0.000000,0.000000,0,0,0,0,0,0,0,0,0,0,0,0.045257568359375,-0.004302978515625,-16.494972,-16.494972,59.999992,-3.5050285,-3.5050285,-3.5050285,-3.5050285,-16.494972,Object notstarted,Object notstarted,Object notstarted,Object notstarted,Object notstarted,Object notstarted,Object notstarted,Object notstarted,Object notstarted
2024-03-18 10:37:03,622.622,__main___datalogs,INFO,JoyConState.USE_SNS,-9.587500,12.362500,-184.630000,6.339945,0.004730,0.008697,0.022734,16.811127,0.000000,0.000000,0.000000,0,0,0,0,0,0,0,0,0,0,0,0.045257568359375,-0.004302978515625,-12.371198,-12.371198,59.999992,-7.6288033,-7.6288033,-7.6288033,-7.6288033,-12.371198,Object notstarted,Object notstarted,Object notstarted,Object notstarted,Object notstarted,Object notstarted,Object notstarted,Object notstarted,Object notstarted
2024-03-18 10:37:03,748.748,__main___datalogs,INFO,JoyConState.USE_SNS,-9.587500,12.362500,-184.630000,6.841624,0.007782,0.010070,0.022429,16.843181,0.000000,0.000000,0.000000,0,0,0,0,0,0,0,0,0,0,0,0.045257568359375,-0.004302978515625,-6.164196,-6.164196,59.999992,-13.835806,-13.835806,-13.835806,-13.835806,-6.164196,Object notstarted,Object notstarted,Object notstarted,Object notstarted,Object notstarted,Object notstarted,Object notstarted,Object notstarted,Object notstarted
2024-03-18 10:37:03,886.886,__main___datalogs,INFO,JoyConState.USE_SNS,-9.587500,12.362500,-184.630000,6.773879,0.007629,0.008697,0.025176,16.875235,0.000000,0.000000,0.000000,0,0,0,0,0,0,0,0,0,0,0,0.045257568359375,-0.004302978515625,-3.0714333,-3.0714333,59.999992,-16.928568,-16.928568,-16.928568,-16.928568,-3.0714333,Object notstarted,Object notstarted,Object notstarted,Object notstarted,Object notstarted,Object notstarted,Object notstarted,Object notstarted,Object notstarted
2024-03-18 10:37:03,994.994,__main___datalogs,INFO,JoyConState.USE_SNS,-9.587500,12.362500,-184.630000,6.953311,0.008087,0.007782,0.021208,16.907291,0.000000,0.000000,0.000000,0,0,0,0,0,0,0,0,0,0,0,0.045257568359375,-0.004302978515625,-1.5304028,-1.5304028,59.999992,-18.469597,-18.469597,-18.469597,-18.469597,-1.5304028,Object notstarted,Object notstarted,Object notstarted,Object notstarted,Object notstarted,Object notstarted,Object notstarted,Object notstarted,Object notstarted
2024-03-18 10:37:04,119.119,__main___datalogs,INFO,JoyConState.USE_SNS,-9.587500,12.362500,-184.630000,7.167989,0.008239,0.011596,0.023650,16.939346,0.000000,0.000000,0.000000,0,0,0,0,0,0,0,0,0,0,0,0.045257568359375,-0.004302978515625,-0.7625537,-0.7625537,59.999992,-19.237446,-19.237446,-19.237446,-19.237446,-0.7625537,Object notstarted,Object notstarted,Object notstarted,Object notstarted,Object notstarted,Object notstarted,Object notstarted,Object notstarted,Object notstarted
2024-03-18 10:37:04,259.259,__main___datalogs,INFO,JoyConState.USE_SNS,-9.587500,12.362500,-184.630000,7.187977,0.008697,0.009155,0.023802,16.971404,0.000000,0.000000,0.000000,0,0,0,0,0,0,0,0,0,0,0,0.045257568359375,-0.004302978515625,-0.3799576,-0.3799576,59.999992,-19.620043,-19.620043,-19.620043,-19.620043,-0.3799576,Object notstarted,Object notstarted,Object notstarted,Object notstarted,Object notstarted,Object notstarted,Object notstarted,Object notstarted,Object notstarted
2024-03-18 10:37:04,402.402,__main___datalogs,INFO,JoyConState.USE_SNS,-9.587500,12.362500,-184.630000,6.536924,0.008545,0.010986,0.025481,17.003460,0.000000,0.000000,0.000000,0,0,0,0,0,0,0,0,0,0,0,0.045257568359375,-0.004302978515625,-0.18932144,-0.18932144,59.999992,-19.81068,-19.81068,-19.81068,-19.81068,-0.18932144,Object notstarted,Object notstarted,Object notstarted,Object notstarted,Object notstarted,Object notstarted,Object notstarted,Object notstarted,Object notstarted
2024-03-18 10:37:04,529.529,__main___datalogs,INFO,JoyConState.USE_SNS,-9.587500,12.362500,-184.630000,6.887245,0.007934,0.012054,0.020903,17.035514,0.000000,0.000000,0.000000,0,0,0,0,0,0,0,0,0,0,0,0.045257568359375,-0.004302978515625,-0.09433318,-0.09433318,59.999992,-19.905668,-19.905668,-19.905668,-19.905668,-0.09433318,Object notstarted,Object notstarted,Object notstarted,Object notstarted,Object notstarted,Object notstarted,Object notstarted,Object notstarted,Object notstarted
2024-03-18 10:37:04,667.667,__main___datalogs,INFO,JoyConState.USE_SNS,-9.587500,12.362500,-184.630000,6.553555,0.009460,0.010070,0.024870,17.067570,0.000000,0.000000,0.000000,0,0,0,0,0,0,0,0,0,0,0,0.045257568359375,-0.004302978515625,-0.047003385,-0.047003385,59.999992,-19.953,-19.953,-19.953,-19.953,-0.047003385,Object notstarted,Object notstarted,Object notstarted,Object notstarted,Object notstarted,Object notstarted,Object notstarted,Object notstarted,Object notstarted
2024-03-18 10:37:04,791.791,__main___datalogs,INFO,JoyConState.USE_SNS,-9.587500,12.362500,-184.630000,6.894111,0.009307,0.008697,0.025176,17.099626,0.000000,0.000000,0.000000,0,0,0,0,0,0,0,0,0,0,0,0.045257568359375,-0.004302978515625,-0.023420373,-0.023420373,59.999992,-19.976582,-19.976582,-19.976582,-19.976582,-0.023420373,Object notstarted,Object notstarted,Object notstarted,Object notstarted,Object notstarted,Object notstarted,Object notstarted,Object notstarted,Object notstarted
2024-03-18 10:37:04,917.917,__main___datalogs,INFO,JoyConState.USE_SNS,-9.587500,12.362500,-184.630000,6.905554,0.009155,0.008697,0.025328,17.131681,0.000000,0.000000,0.000000,0,0,0,0,0,0,0,0,0,0,0,0.045257568359375,-0.004302978515625,-0.011669667,-0.011669667,59.999992,-19.988333,-19.988333,-19.988333,-19.988333,-0.011669667,Object notstarted,Object notstarted,Object notstarted,Object notstarted,Object notstarted,Object notstarted,Object notstarted,Object notstarted,Object notstarted
2024-03-18 10:37:05,057.057,__main___datalogs,INFO,JoyConState.USE_SNS,-9.587500,12.362500,-184.630000,7.040891,0.009460,0.010528,0.021208,17.163735,0.000000,0.000000,0.000000,0,0,0,0,0,0,0,0,0,0,0,0.045257568359375,-0.004302978515625,-0.005814644,-0.005814644,59.999992,-19.994186,-19.994186,-19.994186,-19.994186,-0.005814644,Object notstarted,Object notstarted,Object notstarted,Object notstarted,Object notstarted,Object notstarted,Object notstarted,Object notstarted,Object notstarted
2024-03-18 10:37:05,200.200,__main___datalogs,INFO,JoyConState.USE_SNS,-9.587500,12.362500,-184.630000,6.925542,0.009002,0.005951,0.024718,17.195791,0.000000,0.000000,0.000000,0,0,0,0,0,0,0,0,0,0,0,0.045257568359375,-0.004302978515625,-0.002897262,-0.002897262,59.999992,-19.997103,-19.997103,-19.997103,-19.997103,-0.002897262,Object notstarted,Object notstarted,Object notstarted,Object notstarted,Object notstarted,Object notstarted,Object notstarted,Object notstarted,Object notstarted
2024-03-18 10:37:05,323.323,__main___datalogs,INFO,JoyConState.USE_SNS,-9.587500,12.362500,-184.630000,6.660818,0.009155,0.008697,0.023345,17.227845,0.000000,0.000000,0.000000,0,0,0,0,0,0,0,0,0,0,0,0.045257568359375,-0.004302978515625,-0.0014436186,-0.0014436186,59.999992,-19.998558,-19.998558,-19.998558,-19.998558,-0.0014436186,Object notstarted,Object notstarted,Object notstarted,Object notstarted,Object notstarted,Object notstarted,Object notstarted,Object notstarted,Object notstarted
2024-03-18 10:37:05,448.448,__main___datalogs,INFO,JoyConState.USE_SNS,-9.587500,12.362500,-184.630000,6.734819,0.010986,0.009155,0.020293,17.259900,0.000000,0.000000,0.000000,0,0,0,0,0,0,0,0,0,0,0,0.045257568359375,-0.004302978515625,-5.8830724,-5.8830724,59.999992,-14.116928,-14.116928,-14.116928,-14.116928,-5.8830724,Object notstarted,Object notstarted,Object notstarted,Object notstarted,Object notstarted,Object notstarted,Object notstarted,Object notstarted,Object notstarted
2024-03-18 10:37:05,586.586,__main___datalogs,INFO,JoyConState.USE_SNS,-9.587500,12.362500,-184.630000,6.618706,0.008239,0.012206,0.024718,17.291956,0.000000,0.000000,0.000000,0,0,0,0,0,0,0,0,0,0,0,0.045257568359375,-0.004302978515625,-12.9659605,-12.9659605,59.999992,-7.0340405,-7.0340405,-7.0340405,-7.0340405,-12.9659605,Object notstarted,Object notstarted,Object notstarted,Object notstarted,Object notstarted,Object notstarted,Object notstarted,Object notstarted,Object notstarted
2024-03-18 10:37:05,696.696,__main___datalogs,INFO,JoyConState.USE_SNS,-9.587500,12.362500,-184.630000,6.940800,0.005798,0.008239,0.021208,17.324012,0.000000,0.000000,0.000000,0,0,0,0,0,0,0,0,0,0,0,0.045257568359375,-0.004302978515625,-16.495152,-16.495152,59.999992,-3.5048509,-3.5048509,-3.5048509,-3.5048509,-16.495152,Object notstarted,Object notstarted,Object notstarted,Object notstarted,Object notstarted,Object notstarted,Object notstarted,Object notstarted,Object notstarted
2024-03-18 10:37:05,852.852,__main___datalogs,INFO,JoyConState.USE_SNS,-9.587500,12.362500,-184.630000,7.320415,0.005646,0.009155,0.020293,17.356068,0.000000,0.000000,0.000000,0,0,0,0,0,0,0,0,0,0,0,0.045257568359375,-0.004302978515625,-8.219038,-8.219038,59.999992,-11.780964,-11.780964,-11.780964,-11.780964,-8.219038,Object notstarted,Object notstarted,Object notstarted,Object notstarted,Object notstarted,Object notstarted,Object notstarted,Object notstarted,Object notstarted
2024-03-18 10:37:05,991.991,__main___datalogs,INFO,JoyConState.USE_SNS,-9.587500,12.362500,-184.630000,7.080104,0.003662,0.009155,0.024260,17.388122,0.000000,0.000000,0.000000,0,0,0,0,0,0,0,0,0,0,0,0.045257568359375,-0.004302978515625,-4.0952992,-4.0952992,59.999992,-15.904702,-15.904702,-15.904702,-15.904702,-4.0952992,Object notstarted,Object notstarted,Object notstarted,Object notstarted,Object notstarted,Object notstarted,Object notstarted,Object notstarted,Object notstarted
2024-03-18 10:37:06,119.119,__main___datalogs,INFO,JoyConState.USE_SNS,-9.587500,12.362500,-184.630000,6.775710,0.007629,0.010375,0.022734,17.420176,0.000000,0.000000,0.000000,0,0,0,0,0,0,0,0,0,0,0,0.045257568359375,-0.004302978515625,-2.0405645,-2.0405645,59.999992,-17.959436,-17.959436,-17.959436,-17.959436,-2.0405645,Object notstarted,Object notstarted,Object notstarted,Object notstarted,Object notstarted,Object notstarted,Object notstarted,Object notstarted,Object notstarted
2024-03-18 10:37:06,259.259,__main___datalogs,INFO,JoyConState.USE_SNS,-9.587500,12.362500,-184.630000,7.164327,0.007782,0.007629,0.021056,17.452233,0.000000,0.000000,0.000000,0,0,0,0,0,0,0,0,0,0,0,0.045257568359375,-0.004302978515625,-1.016752,-1.016752,59.999992,-18.98325,-18.98325,-18.98325,-18.98325,-1.016752,Object notstarted,Object notstarted,Object notstarted,Object notstarted,Object notstarted,Object notstarted,Object notstarted,Object notstarted,Object notstarted
2024-03-18 10:37:06,382.382,__main___datalogs,INFO,JoyConState.USE_SNS,-9.587500,12.362500,-184.630000,6.949802,0.007782,0.009460,0.023955,17.484285,0.000000,0.000000,0.000000,0,0,0,0,0,0,0,0,0,0,0,0.045257568359375,-0.004302978515625,-0.50661695,-0.50661695,59.999992,-19.493385,-19.493385,-19.493385,-19.493385,-0.50661695,Object notstarted,Object notstarted,Object notstarted,Object notstarted,Object notstarted,Object notstarted,Object notstarted,Object notstarted,Object notstarted
2024-03-18 10:37:06,494.494,__main___datalogs,INFO,JoyConState.USE_SNS,-9.587500,12.362500,-184.630000,6.481843,0.007782,0.010833,0.025633,17.516339,0.000000,0.000000,0.000000,0,0,0,0,0,0,0,0,0,0,0,0.045257568359375,-0.004302978515625,-0.252432,-0.252432,59.999992,-19.74757,-19.74757,-19.74757,-19.74757,-0.252432,Object notstarted,Object notstarted,Object notstarted,Object notstarted,Object notstarted,Object notstarted,Object notstarted,Object notstarted,Object notstarted
2024-03-18 10:37:06,618.618,__main___datalogs,INFO,JoyConState.USE_SNS,-9.587500,12.362500,-184.630000,7.351236,0.007782,0.009155,0.022124,17.548395,0.000000,0.000000,0.000000,0,0,0,0,0,0,0,0,0,0,0,0.045257568359375,-0.004302978515625,-0.12577927,-0.12577927,59.999992,-19.874222,-19.874222,-19.874222,-19.874222,-0.12577927,Object notstarted,Object notstarted,Object notstarted,Object notstarted,Object notstarted,Object notstarted,Object notstarted,Object notstarted,Object notstarted
2024-03-18 10:37:06,725.725,__main___datalogs,INFO,JoyConState.USE_SNS,-9.587500,12.362500,-184.630000,7.153341,0.007629,0.012206,0.024565,17.580450,0.000000,0.000000,0.000000,0,0,0,0,0,0,0,0,0,0,0,0.045257568359375,-0.004302978515625,-0.06267203,-0.06267203,59.999992,-19.937328,-19.937328,-19.937328,-19.937328,-0.06267203,Object notstarted,Object notstarted,Object notstarted,Object notstarted,Object notstarted,Object notstarted,Object notstarted,Object notstarted,Object notstarted
2024-03-18 10:37:06,833.833,__main___datalogs,INFO,JoyConState.USE_SNS,-9.587500,12.362500,-184.630000,7.179127,0.008239,0.007324,0.025633,17.612506,0.000000,0.000000,0.000000,0,0,0,0,0,0,0,0,0,0,0,0.045257568359375,-0.004302978515625,-0.031227585,-0.031227585,59.999992,-19.968773,-19.968773,-19.968773,-19.968773,-0.031227585,Object notstarted,Object notstarted,Object notstarted,Object notstarted,Object notstarted,Object notstarted,Object notstarted,Object notstarted,Object notstarted
2024-03-18 10:37:06,957.957,__main___datalogs,INFO,JoyConState.USE_SNS,-9.587500,12.362500,-184.630000,7.080561,0.009460,0.008697,0.025328,17.644560,0.000000,0.000000,0.000000,0,0,0,0,0,0,0,0,0,0,0,0.045257568359375,-0.004302978515625,-0.0155597655,-0.0155597655,59.999992,-19.984442,-19.984442,-19.984442,-19.984442,-0.0155597655,Object notstarted,Object notstarted,Object notstarted,Object notstarted,Object notstarted,Object notstarted,Object notstarted,Object notstarted,Object notstarted
2024-03-18 10:37:07,079.079,__main___datalogs,INFO,JoyConState.USE_SNS,-9.587500,12.362500,-184.630000,7.052487,0.008392,0.009155,0.025481,17.676614,0.000000,0.000000,0.000000,0,0,0,0,0,0,0,0,0,0,0,0.045257568359375,-0.004302978515625,-0.007752963,-0.007752963,59.999992,-19.992249,-19.992249,-19.992249,-19.992249,-0.007752963,Object notstarted,Object notstarted,Object notstarted,Object notstarted,Object notstarted,Object notstarted,Object notstarted,Object notstarted,Object notstarted
2024-03-18 10:37:07,203.203,__main___datalogs,INFO,JoyConState.USE_SNS,-9.587500,12.362500,-184.630000,6.675313,0.008239,0.007324,0.025938,17.708670,0.000000,0.000000,0.000000,0,0,0,0,0,0,0,0,0,0,0,0.045257568359375,-0.004302978515625,-0.003863068,-0.003863068,59.999992,-19.99614,-19.99614,-19.99614,-19.99614,-0.003863068,Object notstarted,Object notstarted,Object notstarted,Object notstarted,Object notstarted,Object notstarted,Object notstarted,Object notstarted,Object notstarted
2024-03-18 10:37:07,343.343,__main___datalogs,INFO,JoyConState.USE_SNS,-9.587500,12.362500,-184.630000,7.190418,0.008087,0.010986,0.025481,17.740726,0.000000,0.000000,0.000000,0,0,0,0,0,0,0,0,0,0,0,0.045257568359375,-0.004302978515625,-0.0019248507,-0.0019248507,59.999992,-19.998077,-19.998077,-19.998077,-19.998077,-0.0019248507,Object notstarted,Object notstarted,Object notstarted,Object notstarted,Object notstarted,Object notstarted,Object notstarted,Object notstarted,Object notstarted
2024-03-18 10:37:07,451.451,__main___datalogs,INFO,JoyConState.USE_SNS,-9.587500,12.362500,-184.630000,7.404028,0.007934,0.008239,0.020903,17.772783,0.000000,0.000000,0.000000,0,0,0,0,0,0,0,0,0,0,0,0.045257568359375,-0.004302978515625,-0.00095909525,-0.00095909525,59.999992,-19.999043,-19.999043,-19.999043,-19.999043,-0.00095909525,Object notstarted,Object notstarted,Object notstarted,Object notstarted,Object notstarted,Object notstarted,Object notstarted,Object notstarted,Object notstarted
2024-03-18 10:37:07,591.591,__main___datalogs,INFO,JoyConState.USE_SNS,-9.587500,12.362500,-184.630000,7.312176,0.007934,0.010681,0.025481,17.804839,0.000000,0.000000,0.000000,0,0,0,0,0,0,0,0,0,0,0,0.045257568359375,-0.004302978515625,-0.0004778883,-0.0004778883,59.999992,-19.999523,-19.999523,-19.999523,-19.999523,-0.0004778883,Object notstarted,Object notstarted,Object notstarted,Object notstarted,Object notstarted,Object notstarted,Object notstarted,Object notstarted,Object notstarted
2024-03-18 10:37:07,718.718,__main___datalogs,INFO,JoyConState.USE_SNS,-9.587500,12.362500,-184.630000,7.064998,0.007629,0.009307,0.021514,17.836893,0.000000,0.000000,0.000000,0,0,0,0,0,0,0,0,0,0,0,0.045257568359375,-0.004302978515625,-0.00023811737,-0.00023811737,59.999992,-19.999763,-19.999763,-19.999763,-19.999763,-0.00023811737,Object notstarted,Object notstarted,Object notstarted,Object notstarted,Object notstarted,Object notstarted,Object notstarted,Object notstarted,Object notstarted
2024-03-18 10:37:07,827.827,__main___datalogs,INFO,JoyConState.USE_SNS,-9.587500,12.362500,-184.630000,7.112603,0.007934,0.010070,0.022124,17.868947,0.000000,0.000000,0.000000,0,0,0,0,0,0,0,0,0,0,0,0.045257568359375,-0.004302978515625,-0.00011864673,-0.00011864673,59.999992,-19.999882,-19.999882,-19.999882,-19.999882,-0.00011864673,Object notstarted,Object notstarted,Object notstarted,Object notstarted,Object notstarted,Object notstarted,Object notstarted,Object notstarted,Object notstarted
2024-03-18 10:37:07,936.936,__main___datalogs,INFO,JoyConState.USE_SNS,-9.587500,12.362500,-184.630000,6.995118,0.007782,0.011138,0.025481,17.901001,0.000000,0.000000,0.000000,0,0,0,0,0,0,0,0,0,0,0,0.045257568359375,-0.004302978515625,-5.9118094e-05,-5.9118094e-05,59.999992,-19.99994,-19.99994,-19.99994,-19.99994,-5.9118094e-05,Object notstarted,Object notstarted,Object notstarted,Object notstarted,Object notstarted,Object notstarted,Object notstarted,Object notstarted,Object notstarted
2024-03-18 10:37:08,064.064,__main___datalogs,INFO,JoyConState.USE_SNS,-9.587500,12.362500,-184.630000,6.950107,0.008239,0.005035,0.022887,17.933058,0.000000,0.000000,0.000000,0,0,0,0,0,0,0,0,0,0,0,0.045257568359375,-0.004302978515625,-2.9456769e-05,-2.9456769e-05,59.999992,-19.99997,-19.99997,-19.99997,-19.99997,-2.9456769e-05,Object notstarted,Object notstarted,Object notstarted,Object notstarted,Object notstarted,Object notstarted,Object notstarted,Object notstarted,Object notstarted
2024-03-18 10:37:08,175.175,__main___datalogs,INFO,JoyConState.USE_SNS,-9.587500,12.362500,-184.630000,6.976045,0.008545,0.006866,0.026396,17.965112,0.000000,0.000000,0.000000,0,0,0,0,0,0,0,0,0,0,0,0.045257568359375,-0.004302978515625,-1.4677422e-05,-1.4677422e-05,59.999992,-19.999985,-19.999985,-19.999985,-19.999985,-1.4677422e-05,Object notstarted,Object notstarted,Object notstarted,Object notstarted,Object notstarted,Object notstarted,Object notstarted,Object notstarted,Object notstarted
2024-03-18 10:37:08,300.300,__main___datalogs,INFO,JoyConState.USE_SNS,-9.587500,12.362500,-184.630000,7.204608,0.007934,0.006866,0.025786,17.997170,0.000000,0.000000,0.000000,0,0,0,0,0,0,0,0,0,0,0,0.045257568359375,-0.004302978515625,-7.313318e-06,-7.313318e-06,59.999992,-19.999992,-19.999992,-19.999992,-19.999992,-7.313318e-06,Object notstarted,Object notstarted,Object notstarted,Object notstarted,Object notstarted,Object notstarted,Object notstarted,Object notstarted,Object notstarted
2024-03-18 10:37:08,407.407,__main___datalogs,INFO,JoyConState.USE_SNS,-9.587500,12.362500,-184.630000,7.240006,0.010681,0.009612,0.023955,18.029224,0.000000,0.000000,0.000000,0,0,0,0,0,0,0,0,0,0,0,0.045257568359375,-0.004302978515625,-5.8823566,-5.8823566,59.999992,-14.117644,-14.117644,-14.117644,-14.117644,-5.8823566,Object notstarted,Object notstarted,Object notstarted,Object notstarted,Object notstarted,Object notstarted,Object notstarted,Object notstarted,Object notstarted
2024-03-18 10:37:08,561.561,__main___datalogs,INFO,JoyConState.USE_SNS,-9.587500,12.362500,-184.630000,7.343912,0.004272,0.010833,0.023955,18.061278,0.000000,0.000000,0.000000,0,0,0,0,0,0,0,0,0,0,0,0.045257568359375,-0.004302978515625,-12.965604,-12.965604,59.999992,-7.034397,-7.034397,-7.034397,-7.034397,-12.965604,Object notstarted,Object notstarted,Object notstarted,Object notstarted,Object notstarted,Object notstarted,Object notstarted,Object notstarted,Object notstarted
2024-03-18 10:37:08,684.684,__main___datalogs,INFO,JoyConState.USE_SNS,-9.587500,12.362500,-184.630000,7.216967,0.007934,0.012969,0.024107,18.093333,0.000000,0.000000,0.000000,0,0,0,0,0,0,0,0,0,0,0,0.045257568359375,-0.004302978515625,-10.612619,-10.612619,59.999992,-9.387382,-9.387382,-9.387382,-9.387382,-10.612619,Object notstarted,Object notstarted,Object notstarted,Object notstarted,Object notstarted,Object notstarted,Object notstarted,Object notstarted,Object notstarted
2024-03-18 10:37:08,806.806,__main___datalogs,INFO,JoyConState.USE_SNS,-9.587500,12.362500,-184.630000,7.265182,0.008239,0.009155,0.025176,18.125389,0.000000,0.000000,0.000000,0,0,0,0,0,0,0,0,0,0,0,0.045257568359375,-0.004302978515625,-5.287949,-5.287949,59.999992,-14.712051,-14.712051,-14.712051,-14.712051,-5.287949,Object notstarted,Object notstarted,Object notstarted,Object notstarted,Object notstarted,Object notstarted,Object notstarted,Object notstarted,Object notstarted
2024-03-18 10:37:08,931.931,__main___datalogs,INFO,JoyConState.USE_SNS,-9.587500,12.362500,-184.630000,7.192859,0.008545,0.008239,0.023650,18.157445,0.000000,0.000000,0.000000,0,0,0,0,0,0,0,0,0,0,0,0.045257568359375,-0.004302978515625,-2.634826,-2.634826,59.999992,-17.365173,-17.365173,-17.365173,-17.365173,-2.634826,Object notstarted,Object notstarted,Object notstarted,Object notstarted,Object notstarted,Object notstarted,Object notstarted,Object notstarted,Object notstarted
2024-03-18 10:37:09,054.054,__main___datalogs,INFO,JoyConState.USE_SNS,-9.587500,12.362500,-184.630000,7.342844,0.007934,0.007782,0.027006,18.189501,0.000000,0.000000,0.000000,0,0,0,0,0,0,0,0,0,0,0,0.045257568359375,-0.004302978515625,-1.3128545,-1.3128545,59.999992,-18.687145,-18.687145,-18.687145,-18.687145,-1.3128545,Object notstarted,Object notstarted,Object notstarted,Object notstarted,Object notstarted,Object notstarted,Object notstarted,Object notstarted,Object notstarted
2024-03-18 10:37:09,193.193,__main___datalogs,INFO,JoyConState.USE_SNS,-9.587500,12.362500,-184.630000,7.395484,0.008392,0.009612,0.025938,18.221555,0.000000,0.000000,0.000000,0,0,0,0,0,0,0,0,0,0,0,0.045257568359375,-0.004302978515625,-0.6541559,-0.6541559,59.999992,-19.345844,-19.345844,-19.345844,-19.345844,-0.6541559,Object notstarted,Object notstarted,Object notstarted,Object notstarted,Object notstarted,Object notstarted,Object notstarted,Object notstarted,Object notstarted
2024-03-18 10:37:09,317.317,__main___datalogs,INFO,JoyConState.USE_SNS,-9.587500,12.362500,-184.630000,7.085139,0.009460,0.012817,0.024870,18.253610,0.000000,0.000000,0.000000,0,0,0,0,0,0,0,0,0,0,0,0.045257568359375,-0.004302978515625,-0.3259462,-0.3259462,59.999992,-19.674053,-19.674053,-19.674053,-19.674053,-0.3259462,Object notstarted,Object notstarted,Object notstarted,Object notstarted,Object notstarted,Object notstarted,Object notstarted,Object notstarted,Object notstarted
2024-03-18 10:37:09,438.438,__main___datalogs,INFO,JoyConState.USE_SNS,-9.587500,12.362500,-184.630000,7.031126,0.011291,0.010223,0.025481,18.285666,0.000000,0.000000,0.000000,0,0,0,0,0,0,0,0,0,0,0,0.045257568359375,-0.004302978515625,-6.044762,-6.044762,59.999992,-13.955238,-13.955238,-13.955238,-13.955238,-6.044762,Object notstarted,Object notstarted,Object notstarted,Object notstarted,Object notstarted,Object notstarted,Object notstarted,Object notstarted,Object notstarted
2024-03-18 10:37:09,579.579,__main___datalogs,INFO,JoyConState.USE_SNS,-9.587500,12.362500,-184.630000,7.337656,0.009155,0.010375,0.026854,18.317720,0.000000,0.000000,0.000000,0,0,0,0,0,0,0,0,0,0,0,0.045257568359375,-0.004302978515625,-13.046526,-13.046526,59.999992,-6.9534755,-6.9534755,-6.9534755,-6.9534755,-13.046526,Object notstarted,Object notstarted,Object notstarted,Object notstarted,Object notstarted,Object notstarted,Object notstarted,Object notstarted,Object notstarted
2024-03-18 10:37:09,703.703,__main___datalogs,INFO,JoyConState.USE_SNS,-9.587500,12.362500,-184.630000,7.871987,0.008850,0.008697,0.027769,18.349776,0.000000,0.000000,0.000000,0,0,0,0,0,0,0,0,0,0,0,0.045257568359375,-0.004302978515625,-16.535294,-16.535294,59.999992,-3.4647076,-3.4647076,-3.4647076,-3.4647076,-16.535294,Object notstarted,Object notstarted,Object notstarted,Object notstarted,Object notstarted,Object notstarted,Object notstarted,Object notstarted,Object notstarted
2024-03-18 10:37:09,843.843,__main___datalogs,INFO,JoyConState.USE_SNS,-9.587500,12.362500,-184.630000,7.324535,0.009002,0.009155,0.025633,18.381830,0.000000,0.000000,0.000000,0,0,0,0,0,0,0,0,0,0,0,0.045257568359375,-0.004302978515625,-12.391289,-12.391289,59.999992,-7.608712,-7.608712,-7.608712,-7.608712,-12.391289,Object notstarted,Object notstarted,Object notstarted,Object notstarted,Object notstarted,Object notstarted,Object notstarted,Object notstarted,Object notstarted
2024-03-18 10:37:09,982.982,__main___datalogs,INFO,JoyConState.USE_SNS,-9.587500,12.362500,-184.630000,7.214526,0.013427,0.010070,0.027464,18.413886,0.000000,0.000000,0.000000,0,0,0,0,0,0,0,0,0,0,0,0.045257568359375,-0.004302978515625,-12.056559,-12.056559,59.999992,-7.9434414,-7.9434414,-7.9434414,-7.9434414,-12.056559,Object notstarted,Object notstarted,Object notstarted,Object notstarted,Object notstarted,Object notstarted,Object notstarted,Object notstarted,Object notstarted
2024-03-18 10:37:10,105.105,__main___datalogs,INFO,JoyConState.USE_SNS,-9.587500,12.362500,-184.630000,7.238938,0.013732,0.006866,0.025633,18.445939,0.000000,0.000000,0.000000,0,0,0,0,0,0,0,0,0,0,0,0.045257568359375,-0.004302978515625,-16.042023,-16.042023,59.999992,-3.957978,-3.957978,-3.957978,-3.957978,-16.042023,Object notstarted,Object notstarted,Object notstarted,Object notstarted,Object notstarted,Object notstarted,Object notstarted,Object notstarted,Object notstarted
2024-03-18 10:37:10,231.231,__main___datalogs,INFO,JoyConState.USE_SNS,-9.587500,12.362500,-184.630000,7.151205,0.009613,0.008697,0.026396,18.477997,0.000000,0.000000,0.000000,0,0,0,0,0,0,0,0,0,0,0,0.045257568359375,-0.004302978515625,-18.027859,-18.027859,59.999992,-1.9721414,-1.9721414,-1.9721414,-1.9721414,-18.027859,Object notstarted,Object notstarted,Object notstarted,Object notstarted,Object notstarted,Object notstarted,Object notstarted,Object notstarted,Object notstarted
2024-03-18 10:37:10,341.341,__main___datalogs,INFO,JoyConState.USE_SNS,-9.587500,12.362500,-184.630000,7.181569,0.009460,0.010833,0.026091,18.510051,0.000000,0.000000,0.000000,0,0,0,0,0,0,0,0,0,0,0,0.045257568359375,-0.004302978515625,-19.017342,-19.017342,59.999992,-0.98265874,-0.98265874,-0.98265874,-0.98265874,-19.017342,Object notstarted,Object notstarted,Object notstarted,Object notstarted,Object notstarted,Object notstarted,Object notstarted,Object notstarted,Object notstarted
2024-03-18 10:37:10,449.449,__main___datalogs,INFO,JoyConState.USE_SNS,-9.587500,12.362500,-184.630000,7.337199,0.010375,0.012511,0.028837,18.542107,0.000000,0.000000,0.000000,0,0,0,0,0,0,0,0,0,0,0,0.045257568359375,-0.004302978515625,-19.510372,-19.510372,59.999992,-0.4896293,-0.4896293,-0.4896293,-0.4896293,-19.510372,Object notstarted,Object notstarted,Object notstarted,Object notstarted,Object notstarted,Object notstarted,Object notstarted,Object notstarted,Object notstarted
2024-03-18 10:37:10,572.572,__main___datalogs,INFO,JoyConState.USE_SNS,-9.587500,12.362500,-184.630000,7.537992,0.009765,0.012054,0.026396,18.574161,0.000000,0.000000,0.000000,0,0,0,0,0,0,0,0,0,0,0,0.045257568359375,-0.004302978515625,-19.756035,-19.756035,59.999992,-0.24396755,-0.24396755,-0.24396755,-0.24396755,-19.756035,Object notstarted,Object notstarted,Object notstarted,Object notstarted,Object notstarted,Object notstarted,Object notstarted,Object notstarted,Object notstarted
2024-03-18 10:37:10,731.731,__main___datalogs,INFO,JoyConState.USE_SNS,-9.587500,12.362500,-184.630000,7.470095,0.009765,0.011901,0.029905,18.606216,0.000000,0.000000,0.000000,0,0,0,0,0,0,0,0,0,0,0,0.045257568359375,-0.004302978515625,-19.87844,-19.87844,59.999992,-0.12156169,-0.12156169,-0.12156169,-0.12156169,-19.87844,Object notstarted,Object notstarted,Object notstarted,Object notstarted,Object notstarted,Object notstarted,Object notstarted,Object notstarted,Object notstarted
2024-03-18 10:37:10,854.854,__main___datalogs,INFO,JoyConState.USE_SNS,-9.587500,12.362500,-184.630000,7.049588,0.009613,0.010986,0.027769,18.638272,0.000000,0.000000,0.000000,0,0,0,0,0,0,0,0,0,0,0,0.045257568359375,-0.004302978515625,-19.93943,-19.93943,59.999992,-0.060570534,-0.060570534,-0.060570534,-0.060570534,-19.93943,Object notstarted,Object notstarted,Object notstarted,Object notstarted,Object notstarted,Object notstarted,Object notstarted,Object notstarted,Object notstarted
2024-03-18 10:37:10,962.962,__main___datalogs,INFO,JoyConState.USE_SNS,-9.587500,12.362500,-184.630000,7.504425,0.009460,0.012817,0.028685,18.670328,0.000000,0.000000,0.000000,0,0,0,0,0,0,0,0,0,0,0,0.045257568359375,-0.004302978515625,-19.96982,-19.96982,59.999992,-0.030180475,-0.030180475,-0.030180475,-0.030180475,-19.96982,Object notstarted,Object notstarted,Object notstarted,Object notstarted,Object notstarted,Object notstarted,Object notstarted,Object notstarted,Object notstarted
2024-03-18 10:37:11,086.086,__main___datalogs,INFO,JoyConState.USE_SNS,-9.587500,12.362500,-184.630000,7.418676,0.010070,0.009307,0.029600,18.702382,0.000000,0.000000,0.000000,0,0,0,0,0,0,0,0,0,0,0,0.045257568359375,-0.004302978515625,-19.984962,-19.984962,59.999992,-0.015038022,-0.015038022,-0.015038022,-0.015038022,-19.984962,Object notstarted,Object notstarted,Object notstarted,Object notstarted,Object notstarted,Object notstarted,Object notstarted,Object notstarted,Object notstarted
2024-03-18 10:37:11,210.210,__main___datalogs,INFO,JoyConState.USE_SNS,-9.587500,12.362500,-184.630000,7.712542,0.010070,0.008697,0.027006,18.734438,0.000000,0.000000,0.000000,0,0,0,0,0,0,0,0,0,0,0,0.045257568359375,-0.004302978515625,-19.992508,-19.992508,59.999992,-0.0074929935,-0.0074929935,-0.0074929935,-0.0074929935,-19.992508,Object notstarted,Object notstarted,Object notstarted,Object notstarted,Object notstarted,Object notstarted,Object notstarted,Object notstarted,Object notstarted
2024-03-18 10:37:11,333.333,__main___datalogs,INFO,JoyConState.USE_SNS,-9.587500,12.362500,-184.630000,7.264114,0.010528,0.006866,0.026701,18.766493,0.000000,0.000000,0.000000,0,0,0,0,0,0,0,0,0,0,0,0.045257568359375,-0.004302978515625,-19.99627,-19.99627,59.999992,-0.0037335332,-0.0037335332,-0.0037335332,-0.0037335332,-19.99627,Object notstarted,Object notstarted,Object notstarted,Object notstarted,Object notstarted,Object notstarted,Object notstarted,Object notstarted,Object notstarted
2024-03-18 10:37:11,472.472,__main___datalogs,INFO,JoyConState.USE_SNS,-9.587500,12.362500,-184.630000,7.350626,0.010375,0.012206,0.029448,18.798547,0.000000,0.000000,0.000000,0,0,0,0,0,0,0,0,0,0,0,0.045257568359375,-0.004302978515625,-19.998142,-19.998142,59.999992,-0.0018603073,-0.0018603073,-0.0018603073,-0.0018603073,-19.998142,Object notstarted,Object notstarted,Object notstarted,Object notstarted,Object notstarted,Object notstarted,Object notstarted,Object notstarted,Object notstarted
2024-03-18 10:37:11,612.612,__main___datalogs,INFO,JoyConState.USE_SNS,-9.587500,12.362500,-184.630000,7.376869,0.009155,0.009612,0.028074,18.830603,0.000000,0.000000,0.000000,0,0,0,0,0,0,0,0,0,0,0,0.045257568359375,-0.004302978515625,-19.999073,-19.999073,59.999992,-0.0009269351,-0.0009269351,-0.0009269351,-0.0009269351,-19.999073,Object notstarted,Object notstarted,Object notstarted,Object notstarted,Object notstarted,Object notstarted,Object notstarted,Object notstarted,Object notstarted
2024-03-18 10:37:11,756.756,__main___datalogs,INFO,JoyConState.USE_SNS,-9.587500,12.362500,-184.630000,7.376564,0.010986,0.012664,0.027312,18.862659,0.000000,0.000000,0.000000,0,0,0,0,0,0,0,0,0,0,0,0.045257568359375,-0.004302978515625,-19.999538,-19.999538,59.999992,-0.00046186388,-0.00046186388,-0.00046186388,-0.00046186388,-19.999538,Object notstarted,Object notstarted,Object notstarted,Object notstarted,Object notstarted,Object notstarted,Object notstarted,Object notstarted,Object notstarted
2024-03-18 10:37:11,864.864,__main___datalogs,INFO,JoyConState.USE_SNS,-9.587500,12.362500,-184.630000,7.692554,0.011596,0.006408,0.026244,18.894713,0.000000,0.000000,0.000000,0,0,0,0,0,0,0,0,0,0,0,0.045257568359375,-0.004302978515625,-19.999771,-19.999771,59.999992,-0.00023013288,-0.00023013288,-0.00023013288,-0.00023013288,-19.999771,Object notstarted,Object notstarted,Object notstarted,Object notstarted,Object notstarted,Object notstarted,Object notstarted,Object notstarted,Object notstarted
2024-03-18 10:37:11,988.988,__main___datalogs,INFO,JoyConState.USE_SNS,-9.587500,12.362500,-184.630000,7.241685,0.010375,0.007782,0.026701,18.926766,0.000000,0.000000,0.000000,0,0,0,0,0,0,0,0,0,0,0,0.045257568359375,-0.004302978515625,-19.999887,-19.999887,59.999992,-0.00011466829,-0.00011466829,-0.00011466829,-0.00011466829,-19.999887,Object notstarted,Object notstarted,Object notstarted,Object notstarted,Object notstarted,Object notstarted,Object notstarted,Object notstarted,Object notstarted
2024-03-18 10:37:12,096.096,__main___datalogs,INFO,JoyConState.USE_SNS,-9.587500,12.362500,-184.630000,7.339793,0.010986,0.009155,0.027312,18.958822,0.000000,0.000000,0.000000,0,0,0,0,0,0,0,0,0,0,0,0.045257568359375,-0.004302978515625,-19.999943,-19.999943,59.999992,-5.7135763e-05,-5.7135763e-05,-5.7135763e-05,-5.7135763e-05,-19.999943,Object notstarted,Object notstarted,Object notstarted,Object notstarted,Object notstarted,Object notstarted,Object notstarted,Object notstarted,Object notstarted
2024-03-18 10:37:12,220.220,__main___datalogs,INFO,JoyConState.USE_SNS,-9.587500,12.362500,-184.630000,7.808667,0.011901,0.006866,0.027006,18.990874,0.000000,0.000000,0.000000,0,0,0,0,0,0,0,0,0,0,0,0.045257568359375,-0.004302978515625,-19.999973,-19.999973,59.999992,-2.8469032e-05,-2.8469032e-05,-2.8469032e-05,-2.8469032e-05,-19.999973,Object notstarted,Object notstarted,Object notstarted,Object notstarted,Object notstarted,Object notstarted,Object notstarted,Object notstarted,Object notstarted
2024-03-18 10:37:12,344.344,__main___datalogs,INFO,JoyConState.USE_SNS,-9.587500,12.362500,-184.630000,7.557675,0.008697,0.012054,0.027159,19.022930,0.000000,0.000000,0.000000,0,0,0,0,0,0,0,0,0,0,0,0.045257568359375,-0.004302978515625,-19.999987,-19.999987,59.999992,-1.4185262e-05,-1.4185262e-05,-1.4185262e-05,-1.4185262e-05,-19.999987,Object notstarted,Object notstarted,Object notstarted,Object notstarted,Object notstarted,Object notstarted,Object notstarted,Object notstarted,Object notstarted
2024-03-18 10:37:12,467.467,__main___datalogs,INFO,JoyConState.USE_SNS,-9.587500,12.362500,-184.630000,7.428136,0.014037,0.009918,0.029295,19.054987,0.000000,0.000000,0.000000,0,0,0,0,0,0,0,0,0,0,0,0.045257568359375,-0.004302978515625,-19.999992,-19.999992,59.999992,-7.0680894e-06,-7.0680894e-06,-7.0680894e-06,-7.0680894e-06,-19.999992,Object notstarted,Object notstarted,Object notstarted,Object notstarted,Object notstarted,Object notstarted,Object notstarted,Object notstarted,Object notstarted
2024-03-18 10:37:12,590.590,__main___datalogs,INFO,JoyConState.USE_SNS,-9.587500,12.362500,-184.630000,7.621758,0.012817,0.007782,0.030821,19.087043,0.000000,0.000000,0.000000,0,0,0,0,0,0,0,0,0,0,0,0.045257568359375,-0.004302978515625,-19.999996,-19.999996,59.999992,-3.5218163e-06,-3.5218163e-06,-3.5218163e-06,-3.5218163e-06,-19.999996,Object notstarted,Object notstarted,Object notstarted,Object notstarted,Object notstarted,Object notstarted,Object notstarted,Object notstarted,Object notstarted
2024-03-18 10:37:12,730.730,__main___datalogs,INFO,JoyConState.USE_SNS,-9.587500,12.362500,-184.630000,7.318432,0.012817,0.007324,0.028380,19.119099,0.000000,0.000000,0.000000,0,0,0,0,0,0,0,0,0,0,0,0.045257568359375,-0.004302978515625,-19.999996,-19.999996,59.999992,-1.7548151e-06,-1.7548151e-06,-1.7548151e-06,-1.7548151e-06,-19.999996,Object notstarted,Object notstarted,Object notstarted,Object notstarted,Object notstarted,Object notstarted,Object notstarted,Object notstarted,Object notstarted
2024-03-18 10:37:12,874.874,__main___datalogs,INFO,JoyConState.USE_SNS,-9.587500,12.362500,-184.630000,7.026091,0.011291,0.010375,0.030516,19.151155,0.000000,0.000000,0.000000,0,0,0,0,0,0,0,0,0,0,0,0.045257568359375,-0.004302978515625,-19.999996,-19.999996,59.999992,-8.7437155e-07,-8.7437155e-07,-8.7437155e-07,-8.7437155e-07,-19.999996,Object notstarted,Object notstarted,Object notstarted,Object notstarted,Object notstarted,Object notstarted,Object notstarted,Object notstarted,Object notstarted
2024-03-18 10:37:12,996.996,__main___datalogs,INFO,JoyConState.USE_SNS,-9.587500,12.362500,-184.630000,7.435001,0.012817,0.010681,0.027464,19.183209,0.000000,0.000000,0.000000,0,0,0,0,0,0,0,0,0,0,0,0.045257568359375,-0.004302978515625,-19.999996,-19.999996,59.999992,-4.3567303e-07,-4.3567303e-07,-4.3567303e-07,-4.3567303e-07,-19.999996,Object notstarted,Object notstarted,Object notstarted,Object notstarted,Object notstarted,Object notstarted,Object notstarted,Object notstarted,Object notstarted
2024-03-18 10:37:13,120.120,__main___datalogs,INFO,JoyConState.USE_SNS,-9.587500,12.362500,-184.630000,7.202930,0.012206,0.014342,0.029143,19.215265,0.000000,0.000000,0.000000,0,0,0,0,0,0,0,0,0,0,0,0.045257568359375,-0.004302978515625,-19.999996,-19.999996,59.999992,-2.1708277e-07,-2.1708277e-07,-2.1708277e-07,-2.1708277e-07,-19.999996,Object notstarted,Object notstarted,Object notstarted,Object notstarted,Object notstarted,Object notstarted,Object notstarted,Object notstarted,Object notstarted
2024-03-18 10:37:13,248.248,__main___datalogs,INFO,JoyConState.USE_SNS,-9.587500,12.362500,-184.630000,7.346048,0.013427,0.011901,0.029448,19.247320,0.000000,0.000000,0.000000,0,0,0,0,0,0,0,0,0,0,0,0.045257568359375,-0.004302978515625,-19.999996,-19.999996,59.999992,-1.0816582e-07,-1.0816582e-07,-1.0816582e-07,-1.0816582e-07,-19.999996,Object notstarted,Object notstarted,Object notstarted,Object notstarted,Object notstarted,Object notstarted,Object notstarted,Object notstarted,Object notstarted
2024-03-18 10:37:13,375.375,__main___datalogs,INFO,JoyConState.USE_SNS,-9.587500,12.362500,-184.630000,7.388160,0.013122,0.012359,0.027769,19.279374,0.000000,0.000000,0.000000,0,0,0,0,0,0,0,0,0,0,0,0.045257568359375,-0.004302978515625,-19.999996,-19.999996,54.11764,-5.389577e-08,-5.389577e-08,-5.389577e-08,-5.389577e-08,-19.999996,Object notstarted,Object notstarted,Object notstarted,Object notstarted,Object notstarted,Object notstarted,Object notstarted,Object notstarted,Object notstarted
2024-03-18 10:37:13,498.498,__main___datalogs,INFO,JoyConState.USE_SNS,-9.587500,12.362500,-184.630000,7.339793,0.013427,0.012054,0.032042,19.311430,0.000000,0.000000,0.000000,0,0,0,0,0,0,0,0,0,0,0,0.045257568359375,-0.004302978515625,-19.999996,-19.999996,47.034397,-2.6854641e-08,-2.6854641e-08,-2.6854641e-08,-2.6854641e-08,-19.999996,Object notstarted,Object notstarted,Object notstarted,Object notstarted,Object notstarted,Object notstarted,Object notstarted,Object notstarted,Object notstarted
2024-03-18 10:37:13,638.638,__main___datalogs,INFO,JoyConState.USE_SNS,-9.587500,12.362500,-184.630000,7.271895,0.009613,0.016479,0.032957,19.343486,0.000000,0.000000,0.000000,0,0,0,0,0,0,0,0,0,0,0,0.045257568359375,-0.004302978515625,-19.999996,-19.999996,49.387383,-1.338086e-08,-1.338086e-08,-1.338086e-08,-1.338086e-08,-19.999996,Object notstarted,Object notstarted,Object notstarted,Object notstarted,Object notstarted,Object notstarted,Object notstarted,Object notstarted,Object notstarted
2024-03-18 10:37:13,779.779,__main___datalogs,INFO,JoyConState.USE_SNS,-9.587500,12.362500,-184.630000,7.589411,0.014037,0.014037,0.029905,19.375540,0.000000,0.000000,0.000000,0,0,0,0,0,0,0,0,0,0,0,0.045257568359375,-0.004302978515625,-19.999996,-19.999996,50.559807,-6.66728e-09,-6.66728e-09,-6.66728e-09,-6.66728e-09,-19.999996,Object notstarted,Object notstarted,Object notstarted,Object notstarted,Object notstarted,Object notstarted,Object notstarted,Object notstarted,Object notstarted
2024-03-18 10:37:13,903.903,__main___datalogs,INFO,JoyConState.USE_SNS,-9.587500,12.362500,-184.630000,7.408300,0.014648,0.014037,0.027312,19.407595,0.000000,0.000000,0.000000,0,0,0,0,0,0,0,0,0,0,0,0.045257568359375,-0.004302978515625,-19.999996,-19.999996,45.261635,-3.322105e-09,-3.322105e-09,-3.322105e-09,-3.322105e-09,-19.999996,Object notstarted,Object notstarted,Object notstarted,Object notstarted,Object notstarted,Object notstarted,Object notstarted,Object notstarted,Object notstarted
2024-03-18 10:37:14,013.013,__main___datalogs,INFO,JoyConState.USE_SNS,-9.587500,12.362500,-184.630000,7.519988,0.013427,0.015868,0.032957,19.439649,0.000000,0.000000,0.000000,0,0,0,0,0,0,0,0,0,0,0,0.045257568359375,-0.004302978515625,-19.999996,-19.999996,42.621716,-1.655305e-09,-1.655305e-09,-1.655305e-09,-1.655305e-09,-19.999996,Object notstarted,Object notstarted,Object notstarted,Object notstarted,Object notstarted,Object notstarted,Object notstarted,Object notstarted,Object notstarted
2024-03-18 10:37:14,136.136,__main___datalogs,INFO,JoyConState.USE_SNS,-9.587500,12.362500,-184.630000,7.644797,0.014343,0.016784,0.032042,19.471705,0.000000,0.000000,0.000000,0,0,0,0,0,0,0,0,0,0,0,0.045257568359375,-0.004302978515625,-19.999996,-19.999996,35.423973,-8.2478874e-10,-8.2478874e-10,-8.2478874e-10,-8.2478874e-10,-19.999996,Object notstarted,Object notstarted,Object notstarted,Object notstarted,Object notstarted,Object notstarted,Object notstarted,Object notstarted,Object notstarted
2024-03-18 10:37:14,246.246,__main___datalogs,INFO,JoyConState.USE_SNS,-9.587500,12.362500,-184.630000,7.639915,0.014953,0.017699,0.034178,19.503759,0.000000,0.000000,0.000000,0,0,0,0,0,0,0,0,0,0,0,0.045257568359375,-0.004302978515625,-19.999996,-19.999996,20.304811,-4.1096743e-10,-4.1096743e-10,-4.1096743e-10,-4.1096743e-10,-19.999996,Object notstarted,Object notstarted,Object notstarted,Object notstarted,Object notstarted,Object notstarted,Object notstarted,Object notstarted,Object notstarted
2024-03-18 10:37:14,369.369,__main___datalogs,INFO,JoyConState.USE_SNS,-9.587500,12.362500,-184.630000,7.502441,0.014648,0.018310,0.031126,19.535780,0.000000,0.000000,0.000000,0,0,0,0,0,0,0,0,0,0,0,0.045257568359375,-0.004302978515625,-19.999996,-19.999996,10.117277,1.6668209,-2.0477271e-10,-2.0477271e-10,-2.0477271e-10,-19.999996,Object notstarted,Object notstarted,Object notstarted,Object notstarted,Object notstarted,Object notstarted,Object notstarted,Object notstarted,Object notstarted
2024-03-18 10:37:14,491.491,__main___datalogs,INFO,JoyConState.USE_SNS,-9.587500,12.362500,-184.630000,7.319652,0.010986,0.024260,0.036009,19.567698,0.000000,0.000000,0.000000,0,0,0,0,0,0,0,0,0,0,0,0.045257568359375,-0.004302978515625,-19.999996,-19.999996,15.075737,4.934079,-1.02032084e-10,-1.02032084e-10,-1.02032084e-10,-19.999996,Object notstarted,Object notstarted,Object notstarted,Object notstarted,Object notstarted,Object notstarted,Object notstarted,Object notstarted,Object notstarted
2024-03-18 10:37:14,614.614,__main___datalogs,INFO,JoyConState.USE_SNS,-9.587500,12.350000,-184.610000,7.119469,0.013122,0.024565,0.031126,19.599488,0.000000,0.000000,0.000000,0,0,0,0,0,0,0,0,0,0,0,0.045257568359375,-0.004302978515625,-19.999996,-19.999996,17.546389,4.5031796,-5.083952e-11,-5.083952e-11,-5.083952e-11,-19.999996,Object notstarted,Object notstarted,Object notstarted,Object notstarted,Object notstarted,Object notstarted,Object notstarted,Object notstarted,Object notstarted
2024-03-18 10:37:14,770.770,__main___datalogs,INFO,JoyConState.USE_SNS,-9.587500,12.287500,-184.462500,7.170278,0.013122,0.024565,0.030211,19.631147,0.000000,0.000000,0.000000,0,0,0,0,0,0,0,0,0,0,0,0.045257568359375,-0.004302978515625,-19.999996,-19.999996,24.659794,3.2625992,-2.5331803e-11,-2.5331803e-11,-2.5331803e-11,-19.999996,Object notstarted,Object notstarted,Object notstarted,Object notstarted,Object notstarted,Object notstarted,Object notstarted,Object notstarted,Object notstarted
2024-03-18 10:37:14,914.914,__main___datalogs,INFO,JoyConState.USE_SNS,-9.587500,12.212500,-184.195000,7.271285,0.012206,0.024718,0.031126,19.662699,0.000000,0.000000,0.000000,0,0,0,0,0,0,0,0,0,0,0,0.045257568359375,-0.004302978515625,-19.999996,-19.999996,28.20419,1.6256549,-1.2622075e-11,-1.2622075e-11,-1.2622075e-11,-19.999996,Object notstarted,Object notstarted,Object notstarted,Object notstarted,Object notstarted,Object notstarted,Object notstarted,Object notstarted,Object notstarted
2024-03-18 10:37:15,036.036,__main___datalogs,INFO,JoyConState.USE_SNS,-9.587500,12.137500,-183.895000,7.760604,0.012206,0.030058,0.032652,19.694163,0.000000,0.000000,0.000000,0,0,0,0,0,0,0,0,0,0,0,0.045257568359375,-0.004302978515625,-19.999996,-19.999996,34.122505,0.81001496,-6.2892005e-12,-6.2892005e-12,-6.2892005e-12,-19.999996,Object notstarted,Object notstarted,Object notstarted,Object notstarted,Object notstarted,Object notstarted,Object notstarted,Object notstarted,Object notstarted
2024-03-18 10:37:15,144.144,__main___datalogs,INFO,JoyConState.USE_SNS,-9.587500,12.050000,-183.517500,7.444156,0.012817,0.026701,0.031736,19.725554,0.000000,0.000000,0.000000,0,0,0,0,0,0,0,0,0,0,0,0.045257568359375,-0.004302978515625,-19.999996,-19.999996,32.919174,0.4036061,-3.1337194e-12,-3.1337194e-12,-3.1337194e-12,-19.999996,Object notstarted,Object notstarted,Object notstarted,Object notstarted,Object notstarted,Object notstarted,Object notstarted,Object notstarted,Object notstarted
2024-03-18 10:37:15,269.269,__main___datalogs,INFO,JoyConState.USE_SNS,-9.587500,12.000000,-183.207500,7.621147,0.012206,0.029143,0.032347,19.756887,0.000000,0.000000,0.000000,0,0,0,0,0,0,0,0,0,0,0,0.045257568359375,-0.004302978515625,-19.999996,-19.999996,30.589485,0.20110478,-1.561438e-12,-1.561438e-12,-1.561438e-12,-19.999996,Object notstarted,Object notstarted,Object notstarted,Object notstarted,Object notstarted,Object notstarted,Object notstarted,Object notstarted,Object notstarted
2024-03-18 10:37:15,396.396,__main___datalogs,INFO,JoyConState.USE_SNS,-9.587500,11.937500,-182.907500,7.738480,0.013885,0.028532,0.032652,19.788176,0.000000,0.000000,0.000000,0,0,0,0,0,0,0,0,0,0,0,0.045257568359375,-0.004302978515625,-19.999996,-19.999996,19.39407,0.10020446,-7.780176e-13,-7.780176e-13,-7.780176e-13,-19.999996,Object notstarted,Object notstarted,Object notstarted,Object notstarted,Object notstarted,Object notstarted,Object notstarted,Object notstarted,Object notstarted
2024-03-18 10:37:15,504.504,__main___datalogs,INFO,JoyConState.USE_SNS,-9.587500,11.912500,-182.677500,8.018310,0.010986,0.028380,0.034178,19.819403,0.000000,0.000000,0.000000,0,0,0,0,0,0,0,0,0,0,0,0.045257568359375,-0.004302978515625,-19.999996,-19.999996,15.545835,2.0316298,-3.876628e-13,-3.876628e-13,-3.876628e-13,-19.999996,Object notstarted,Object notstarted,Object notstarted,Object notstarted,Object notstarted,Object notstarted,Object notstarted,Object notstarted,Object notstarted
2024-03-18 10:37:15,631.631,__main___datalogs,INFO,JoyConState.USE_SNS,-9.587500,11.875000,-182.485000,7.269606,0.013122,0.031584,0.034788,19.850539,0.000000,0.000000,0.000000,0,0,0,0,0,0,0,0,0,0,0,0.045257568359375,-0.004302978515625,-19.999996,-19.999996,17.780624,2.86178,-1.9316071e-13,-1.9316071e-13,-1.9316071e-13,-19.999996,Object notstarted,Object notstarted,Object notstarted,Object notstarted,Object notstarted,Object notstarted,Object notstarted,Object notstarted,Object notstarted
2024-03-18 10:37:15,754.754,__main___datalogs,INFO,JoyConState.USE_SNS,-9.587500,11.850000,-182.307500,7.376869,0.012512,0.030211,0.035398,19.881587,0.000000,0.000000,0.000000,0,0,0,0,0,0,0,0,0,0,0,0.045257568359375,-0.004302978515625,-19.999996,-19.999996,18.894154,2.3474789,-9.624617e-14,-9.624617e-14,-9.624617e-14,-19.999996,Object notstarted,Object notstarted,Object notstarted,Object notstarted,Object notstarted,Object notstarted,Object notstarted,Object notstarted,Object notstarted
2024-03-18 10:37:15,902.902,__main___datalogs,INFO,JoyConState.USE_SNS,-9.587500,11.800000,-182.042500,7.572627,0.013732,0.030058,0.035398,19.912548,0.000000,0.000000,0.000000,0,0,0,0,0,0,0,0,0,0,0,0.045257568359375,-0.004302978515625,-19.999996,-19.999996,13.566637,1.6288532,-4.795657e-14,-4.795657e-14,-4.795657e-14,-19.999996,Object notstarted,Object notstarted,Object notstarted,Object notstarted,Object notstarted,Object notstarted,Object notstarted,Object notstarted,Object notstarted
2024-03-18 10:37:16,028.028,__main___datalogs,INFO,JoyConState.USE_SNS,-9.587500,11.775000,-181.850000,7.634727,0.011901,0.031889,0.032652,19.943371,0.000000,0.000000,0.000000,0,0,0,0,0,0,0,0,0,0,0,0.045257568359375,-0.004302978515625,-19.999996,-19.999996,12.6422,5.213004,-2.3895314e-14,-2.3895314e-14,-2.3895314e-14,-19.999996,Object notstarted,Object notstarted,Object notstarted,Object notstarted,Object notstarted,Object notstarted,Object notstarted,Object notstarted,Object notstarted
2024-03-18 10:37:16,152.152,__main___datalogs,INFO,JoyConState.USE_SNS,-9.587500,11.712500,-181.557500,7.331706,0.013427,0.033415,0.032042,19.974021,0.000000,0.000000,0.000000,0,0,0,0,0,0,0,0,0,0,0,0.045257568359375,-0.004302978515625,-19.999996,-19.999996,16.33383,5.6526246,-1.1906316e-14,-1.1906316e-14,-1.1906316e-14,-19.999996,Object notstarted,Object notstarted,Object notstarted,Object notstarted,Object notstarted,Object notstarted,Object notstarted,Object notstarted,Object notstarted
2024-03-18 10:37:16,296.296,__main___datalogs,INFO,JoyConState.USE_SNS,-9.587500,11.662500,-181.245000,7.588496,0.014037,0.031431,0.034788,20.004468,0.000000,0.000000,0.000000,0,0,0,0,0,0,0,0,0,0,0,0.045257568359375,-0.004302978515625,-19.999996,-19.999996,8.138656,6.0689216,-5.932559e-15,-5.932559e-15,-5.932559e-15,-19.999996,Object notstarted,Object notstarted,Object notstarted,Object notstarted,Object notstarted,Object notstarted,Object notstarted,Object notstarted,Object notstarted
2024-03-18 10:37:16,408.408,__main___datalogs,INFO,JoyConState.USE_SNS,-9.587500,11.587500,-180.832500,7.961703,0.014648,0.035398,0.034178,20.034621,0.000000,0.000000,0.000000,0,0,0,0,0,0,0,0,0,0,0,0.045257568359375,-0.004302978515625,-19.999996,-19.999996,4.0552473,9.67919,-2.9560158e-15,-2.9560158e-15,-2.9560158e-15,-19.999996,Object notstarted,Object notstarted,Object notstarted,Object notstarted,Object notstarted,Object notstarted,Object notstarted,Object notstarted,Object notstarted
2024-03-18 10:37:16,547.547,__main___datalogs,INFO,JoyConState.USE_SNS,-9.587500,11.500000,-180.392500,7.906622,0.014343,0.032957,0.036619,20.064373,0.000000,0.000000,0.000000,0,0,0,0,0,0,0,0,0,0,0,0.045257568359375,-0.004302978515625,-19.999996,-19.999996,2.0206077,13.173611,-1.4728937e-15,-1.4728937e-15,-1.4728937e-15,-19.999996,Object notstarted,Object notstarted,Object notstarted,Object notstarted,Object notstarted,Object notstarted,Object notstarted,Object notstarted,Object notstarted
2024-03-18 10:37:16,687.687,__main___datalogs,INFO,JoyConState.USE_SNS,-9.587500,11.350000,-179.757500,7.285780,0.015868,0.032957,0.036772,20.093622,0.000000,0.000000,0.000000,0,0,0,0,0,0,0,0,0,0,0,0.045257568359375,-0.004302978515625,-19.999996,-19.999996,1.006808,15.759609,-7.338987e-16,-7.338987e-16,-7.338987e-16,-19.999996,Object notstarted,Object notstarted,Object notstarted,Object notstarted,Object notstarted,Object notstarted,Object notstarted,Object notstarted,Object notstarted
2024-03-18 10:37:16,810.810,__main___datalogs,INFO,JoyConState.USE_SNS,-9.587500,11.162500,-178.942500,7.620842,0.015258,0.038755,0.036924,20.122275,0.000000,0.000000,0.000000,0,0,0,0,0,0,0,0,0,0,0,0.045257568359375,-0.004302978515625,-19.999996,-19.999996,0.5016622,17.46909,-3.6567963e-16,-3.6567963e-16,-3.6567963e-16,-19.999996,Object notstarted,Object notstarted,Object notstarted,Object notstarted,Object notstarted,Object notstarted,Object notstarted,Object notstarted,Object notstarted
2024-03-18 10:37:16,953.953,__main___datalogs,INFO,JoyConState.USE_SNS,-9.587500,10.987500,-178.140000,7.941715,0.017852,0.039670,0.038145,20.150248,0.000000,0.000000,0.000000,0,0,0,0,0,0,0,0,0,0,0,0.045257568359375,-0.004302978515625,-19.999996,-19.999996,0.24996318,18.53062,-1.8220716e-16,-1.8220716e-16,-1.8220716e-16,-19.999996,Object notstarted,Object notstarted,Object notstarted,Object notstarted,Object notstarted,Object notstarted,Object notstarted,Object notstarted,Object notstarted
2024-03-18 10:37:17,095.095,__main___datalogs,INFO,JoyConState.USE_SNS,-9.587500,10.837500,-177.475000,7.557522,0.018615,0.037229,0.037229,20.177471,0.000000,0.000000,0.000000,0,0,0,0,0,0,0,0,0,0,0,0.045257568359375,-0.004302978515625,-19.999996,-19.999996,0.124549136,19.164062,-9.0788346e-17,-9.0788346e-17,-9.0788346e-17,-19.999996,Object notstarted,Object notstarted,Object notstarted,Object notstarted,Object notstarted,Object notstarted,Object notstarted,Object notstarted,Object notstarted
2024-03-18 10:37:17,210.210,__main___datalogs,INFO,JoyConState.USE_SNS,-9.587500,10.587500,-176.357500,7.884193,0.014953,0.037534,0.036772,20.203892,0.000000,0.000000,0.000000,0,0,0,0,0,0,0,0,0,0,0,0.045257568359375,-0.004302978515625,-19.999996,-19.999996,0.062059086,19.531761,-4.52371e-17,-4.52371e-17,-4.52371e-17,-19.999996,Object notstarted,Object notstarted,Object notstarted,Object notstarted,Object notstarted,Object notstarted,Object notstarted,Object notstarted,Object notstarted
2024-03-18 10:37:17,339.339,__main___datalogs,INFO,JoyConState.USE_SNS,-9.587500,10.437500,-175.615000,7.511596,0.015105,0.039976,0.038602,20.229470,0.000000,0.000000,0.000000,0,0,0,0,0,0,0,0,0,0,0,0.045257568359375,-0.004302978515625,-19.999996,-19.999996,0.030922176,19.740923,-2.2540288e-17,-2.2540288e-17,-2.2540288e-17,-19.999996,Object notstarted,Object notstarted,Object notstarted,Object notstarted,Object notstarted,Object notstarted,Object notstarted,Object notstarted,Object notstarted
2024-03-18 10:37:17,465.465,__main___datalogs,INFO,JoyConState.USE_SNS,-9.587500,10.025000,-173.605000,7.750687,0.018615,0.038755,0.040738,20.254178,0.000000,0.000000,0.000000,0,0,0,0,0,0,0,0,0,0,0,0.045257568359375,-0.004302978515625,-19.999996,-19.999996,0.01540759,19.85807,-1.1231148e-17,-1.1231148e-17,-1.1231148e-17,-19.999996,Object notstarted,Object notstarted,Object notstarted,Object notstarted,Object notstarted,Object notstarted,Object notstarted,Object notstarted,Object notstarted
2024-03-18 10:37:17,584.584,__main___datalogs,INFO,JoyConState.USE_SNS,-9.587500,9.825000,-172.637500,7.853219,0.015868,0.039213,0.038450,20.277990,0.000000,0.000000,0.000000,0,0,0,0,0,0,0,0,0,0,0,0.045257568359375,-0.004302978515625,-19.999996,-14.117644,-17.639381,19.922884,-5.596143e-18,-5.596143e-18,-5.596143e-18,-19.999996,Object notstarted,Object notstarted,Object notstarted,Object notstarted,Object notstarted,Object notstarted,Object notstarted,Object notstarted,Object notstarted
2024-03-18 10:37:17,708.708,__main___datalogs,INFO,JoyConState.USE_SNS,-9.587500,9.687500,-171.865000,7.465822,0.019988,0.039060,0.038755,20.300901,0.000000,0.000000,0.000000,0,0,0,0,0,0,0,0,0,0,0,0.045257568359375,-0.004302978515625,-19.999996,-7.034397,-38.89298,19.961575,-2.7883899e-18,-2.7883899e-18,-2.7883899e-18,-19.999996,Object notstarted,Object notstarted,Object notstarted,Object notstarted,Object notstarted,Object notstarted,Object notstarted,Object notstarted,Object notstarted
2024-03-18 10:37:17,822.822,__main___datalogs,INFO,JoyConState.USE_SNS,-9.587500,9.250000,-169.550000,7.862527,0.015868,0.040281,0.040891,20.322900,0.000000,0.000000,0.000000,0,0,0,0,0,0,0,0,0,0,0,0.045257568359375,-0.004302978515625,-19.999996,-3.5050285,-49.48301,19.980854,-1.3893708e-18,-1.3893708e-18,-1.3893708e-18,-19.999996,Object notstarted,Object notstarted,Object notstarted,Object notstarted,Object notstarted,Object notstarted,Object notstarted,Object notstarted,Object notstarted
2024-03-18 10:37:17,993.993,__main___datalogs,INFO,JoyConState.USE_SNS,-9.587500,8.750000,-166.707500,7.953921,0.018462,0.043790,0.039823,20.343993,0.000000,0.000000,0.000000,0,0,0,0,0,0,0,0,0,0,0,0.045257568359375,-0.004302978515625,-19.999996,-1.7464502,-54.759697,19.99046,-6.9228167e-19,-6.9228167e-19,-6.9228167e-19,-19.999996,Object notstarted,Object notstarted,Object notstarted,Object notstarted,Object notstarted,Object notstarted,Object notstarted,Object notstarted,Object notstarted
2024-03-18 10:37:18,168.168,__main___datalogs,INFO,JoyConState.NORMAL,-9.587500,7.962500,-161.705000,7.587733,0.017699,0.041959,0.040281,20.364186,0.000000,0.000000,0.000000,0,0,0,0,0,0,0,0,0,0,0,0.045257568359375,-0.004302978515625,-19.999996,-0.8702036,-57.388916,19.995247,-3.4494313e-19,-3.4494313e-19,-3.4494313e-19,-19.999996,Object notstarted,Object notstarted,Object notstarted,Object notstarted,Object notstarted,Object notstarted,Object notstarted,Object notstarted,Object notstarted
2024-03-18 10:37:18,210.210,__main___datalogs,INFO,JoyConState.NORMAL,-9.587500,7.712500,-160.137500,5.749161,0.018310,0.043485,0.036619,20.364186,0.000000,0.000000,0.000000,0,0,0,0,0,0,0,0,0,0,0,0.045257568359375,-0.004302978515625,-19.999996,-0.8702036,-57.388916,19.995247,-3.4494313e-19,-3.4494313e-19,-3.4494313e-19,-19.999996,Object notstarted,Object notstarted,Object notstarted,Object notstarted,Object notstarted,Object notstarted,Object notstarted,Object notstarted,Object notstarted
2024-03-18 10:37:18,267.267,__main___datalogs,INFO,JoyConState.NORMAL,-9.587500,7.700000,-160.042500,6.904943,0.018310,0.043485,0.038908,20.364186,0.000000,0.000000,0.000000,0,0,0,0,0,0,0,0,0,0,0,0.045257568359375,-0.004302978515625,-19.999996,-0.8702036,-57.388916,19.995247,-3.4494313e-19,-3.4494313e-19,-3.4494313e-19,-19.999996,Object notstarted,Object notstarted,Object notstarted,Object notstarted,Object notstarted,Object notstarted,Object notstarted,Object notstarted,Object notstarted
2024-03-18 10:37:18,323.323,__main___datalogs,INFO,JoyConState.NORMAL,-9.587500,7.650000,-159.670000,7.291730,0.018310,0.043485,0.038908,20.364186,0.000000,0.000000,0.000000,0,0,0,0,0,0,0,0,0,0,0,0.045257568359375,-0.004302978515625,-19.999996,-0.8702036,-57.388916,19.995247,-3.4494313e-19,-3.4494313e-19,-3.4494313e-19,-19.999996,Object notstarted,Object notstarted,Object notstarted,Object notstarted,Object notstarted,Object notstarted,Object notstarted,Object notstarted,Object notstarted
2024-03-18 10:37:18,379.379,__main___datalogs,INFO,JoyConState.NORMAL,-9.587500,7.562500,-158.980000,6.344217,0.020598,0.043485,0.038908,20.364186,0.000000,0.000000,0.000000,0,0,0,0,0,0,0,0,0,0,0,0.045257568359375,-0.004302978515625,-19.999996,-0.8702036,-57.388916,19.995247,-3.4494313e-19,-3.4494313e-19,-3.4494313e-19,-19.999996,Object notstarted,Object notstarted,Object notstarted,Object notstarted,Object notstarted,Object notstarted,Object notstarted,Object notstarted,Object notstarted
2024-03-18 10:37:18,437.437,__main___datalogs,INFO,JoyConState.NORMAL,-9.587500,7.425000,-157.967500,8.875496,0.018310,0.043485,0.043485,20.364186,0.000000,0.000000,0.000000,0,0,0,0,0,0,0,0,0,0,0,0.045257568359375,-0.004302978515625,-19.999996,-0.8702036,-57.388916,19.995247,-3.4494313e-19,-3.4494313e-19,-3.4494313e-19,-19.999996,Object notstarted,Object notstarted,Object notstarted,Object notstarted,Object notstarted,Object notstarted,Object notstarted,Object notstarted,Object notstarted
2024-03-18 10:37:18,492.492,__main___datalogs,INFO,JoyConState.NORMAL,-9.587500,7.250000,-156.620000,9.005951,0.018310,0.043485,0.038908,20.364186,0.000000,0.000000,0.000000,0,0,0,0,0,0,0,0,0,0,0,0.045257568359375,-0.004302978515625,-19.999996,-0.8702036,-57.388916,19.995247,-3.4494313e-19,-3.4494313e-19,-3.4494313e-19,-19.999996,Object notstarted,Object notstarted,Object notstarted,Object notstarted,Object notstarted,Object notstarted,Object notstarted,Object notstarted,Object notstarted
2024-03-18 10:37:18,549.549,__main___datalogs,INFO,JoyConState.NORMAL,-9.587500,7.037500,-155.095000,8.149984,0.020598,0.048062,0.038908,20.364186,0.000000,0.000000,0.000000,0,0,0,0,0,0,0,0,0,0,0,0.045257568359375,-0.004302978515625,-19.999996,-0.8702036,-57.388916,19.995247,-3.4494313e-19,-3.4494313e-19,-3.4494313e-19,-19.999996,Object notstarted,Object notstarted,Object notstarted,Object notstarted,Object notstarted,Object notstarted,Object notstarted,Object notstarted,Object notstarted
2024-03-18 10:37:18,605.605,__main___datalogs,INFO,JoyConState.NORMAL,-9.587500,6.875000,-153.780000,5.653036,0.020598,0.043485,0.038908,20.364186,0.000000,0.000000,0.000000,0,0,0,0,0,0,0,0,0,0,0,0.045257568359375,-0.004302978515625,-19.999996,-0.8702036,-57.388916,19.995247,-3.4494313e-19,-3.4494313e-19,-3.4494313e-19,-19.999996,Object notstarted,Object notstarted,Object notstarted,Object notstarted,Object notstarted,Object notstarted,Object notstarted,Object notstarted,Object notstarted
2024-03-18 10:37:18,663.663,__main___datalogs,INFO,JoyConState.NORMAL,-9.587500,6.750000,-152.785000,7.062862,0.013732,0.048062,0.038908,20.364186,0.000000,0.000000,0.000000,0,0,0,0,0,0,0,0,0,0,0,0.045257568359375,-0.004302978515625,-19.999996,-0.8702036,-57.388916,19.995247,-3.4494313e-19,-3.4494313e-19,-3.4494313e-19,-19.999996,Object notstarted,Object notstarted,Object notstarted,Object notstarted,Object notstarted,Object notstarted,Object notstarted,Object notstarted,Object notstarted
2024-03-18 10:37:18,718.718,__main___datalogs,INFO,JoyConState.NORMAL,-9.587500,6.675000,-152.115000,9.292035,0.018310,0.043485,0.038908,20.364186,0.000000,0.000000,0.000000,0,0,0,0,0,0,0,0,0,0,0,0.045257568359375,-0.004302978515625,-19.999996,-0.8702036,-57.388916,19.995247,-3.4494313e-19,-3.4494313e-19,-3.4494313e-19,-19.999996,Object notstarted,Object notstarted,Object notstarted,Object notstarted,Object notstarted,Object notstarted,Object notstarted,Object notstarted,Object notstarted
2024-03-18 10:37:18,774.774,__main___datalogs,INFO,JoyConState.NORMAL,-9.587500,6.637500,-151.762500,9.253128,0.025176,0.043485,0.043485,20.364186,0.000000,0.000000,0.000000,0,0,0,0,0,0,0,0,0,0,0,0.045257568359375,-0.004302978515625,-19.999996,-0.8702036,-57.388916,19.995247,-3.4494313e-19,-3.4494313e-19,-3.4494313e-19,-19.999996,Object notstarted,Object notstarted,Object notstarted,Object notstarted,Object notstarted,Object notstarted,Object notstarted,Object notstarted,Object notstarted
2024-03-18 10:37:18,830.830,__main___datalogs,INFO,JoyConState.NORMAL,-9.587500,6.625000,-151.710000,7.330638,0.020598,0.048062,0.038908,20.364186,0.000000,0.000000,0.000000,0,0,0,0,0,0,0,0,0,0,0,0.045257568359375,-0.004302978515625,-19.999996,-0.8702036,-57.388916,19.995247,-3.4494313e-19,-3.4494313e-19,-3.4494313e-19,-19.999996,Object notstarted,Object notstarted,Object notstarted,Object notstarted,Object notstarted,Object notstarted,Object notstarted,Object notstarted,Object notstarted
2024-03-18 10:37:18,886.886,__main___datalogs,INFO,JoyConState.NORMAL,-9.587500,6.625000,-151.710000,6.348795,0.020598,0.048062,0.038908,20.364186,0.000000,0.000000,0.000000,0,0,0,0,0,0,0,0,0,0,0,0.045257568359375,-0.004302978515625,-19.999996,-0.8702036,-57.388916,19.995247,-3.4494313e-19,-3.4494313e-19,-3.4494313e-19,-19.999996,Object notstarted,Object notstarted,Object notstarted,Object notstarted,Object notstarted,Object notstarted,Object notstarted,Object notstarted,Object notstarted
2024-03-18 10:37:18,941.941,__main___datalogs,INFO,JoyConState.NORMAL,-9.587500,6.625000,-151.710000,8.861764,0.013732,0.048062,0.043485,20.364186,0.000000,0.000000,0.000000,0,0,0,0,0,0,0,0,0,0,0,0.045257568359375,-0.004302978515625,-19.999996,-0.8702036,-57.388916,19.995247,-3.4494313e-19,-3.4494313e-19,-3.4494313e-19,-19.999996,Object notstarted,Object notstarted,Object notstarted,Object notstarted,Object notstarted,Object notstarted,Object notstarted,Object notstarted,Object notstarted
2024-03-18 10:37:18,998.998,__main___datalogs,INFO,JoyConState.NORMAL,-9.587500,6.625000,-151.710000,8.900671,0.013732,0.048062,0.038908,20.364186,0.000000,0.000000,0.000000,0,0,0,0,0,0,0,0,0,0,0,0.045257568359375,-0.004302978515625,-19.999996,-0.8702036,-57.388916,19.995247,-3.4494313e-19,-3.4494313e-19,-3.4494313e-19,-19.999996,Object notstarted,Object notstarted,Object notstarted,Object notstarted,Object notstarted,Object notstarted,Object notstarted,Object notstarted,Object notstarted
2024-03-18 10:37:19,054.054,__main___datalogs,INFO,JoyConState.NORMAL,-9.587500,6.625000,-151.710000,8.156851,0.018310,0.043485,0.038908,20.364186,0.000000,0.000000,0.000000,0,0,0,0,0,0,0,0,0,0,0,0.045257568359375,-0.004302978515625,-19.999996,-0.8702036,-57.388916,19.995247,-3.4494313e-19,-3.4494313e-19,-3.4494313e-19,-19.999996,Object notstarted,Object notstarted,Object notstarted,Object notstarted,Object notstarted,Object notstarted,Object notstarted,Object notstarted,Object notstarted
2024-03-18 10:37:19,126.126,__main___datalogs,INFO,JoyConState.NORMAL,-9.587500,6.625000,-151.710000,5.490541,0.020598,0.038908,0.043485,20.364186,0.000000,0.000000,0.000000,0,0,0,0,0,0,0,0,0,0,0,0.045257568359375,-0.004302978515625,-19.999996,-0.8702036,-57.388916,19.995247,-3.4494313e-19,-3.4494313e-19,-3.4494313e-19,-19.999996,Object notstarted,Object notstarted,Object notstarted,Object notstarted,Object notstarted,Object notstarted,Object notstarted,Object notstarted,Object notstarted
2024-03-18 10:37:19,203.203,__main___datalogs,INFO,JoyConState.NORMAL,-9.587500,6.625000,-151.710000,8.692402,0.013732,0.050351,0.048062,20.364186,0.000000,0.000000,0.000000,0,0,0,0,0,0,0,0,0,0,0,0.045257568359375,-0.004302978515625,-19.999996,-0.8702036,-57.388916,19.995247,-3.4494313e-19,-3.4494313e-19,-3.4494313e-19,-19.999996,Object notstarted,Object notstarted,Object notstarted,Object notstarted,Object notstarted,Object notstarted,Object notstarted,Object notstarted,Object notstarted
2024-03-18 10:37:19,259.259,__main___datalogs,INFO,JoyConState.NORMAL,-9.587500,6.625000,-151.710000,7.147544,0.020598,0.054928,0.048062,20.364186,0.000000,0.000000,0.000000,0,0,0,0,0,0,0,0,0,0,0,0.045257568359375,-0.004302978515625,-19.999996,-0.8702036,-57.388916,19.995247,-3.4494313e-19,-3.4494313e-19,-3.4494313e-19,-19.999996,Object notstarted,Object notstarted,Object notstarted,Object notstarted,Object notstarted,Object notstarted,Object notstarted,Object notstarted,Object notstarted
2024-03-18 10:37:19,314.314,__main___datalogs,INFO,JoyConState.NORMAL,-9.587500,6.625000,-151.710000,9.230241,0.025176,0.048062,0.043485,20.364186,0.000000,0.000000,0.000000,0,0,0,0,0,0,0,0,0,0,0,0.045257568359375,-0.004302978515625,-19.999996,-0.8702036,-57.388916,19.995247,-3.4494313e-19,-3.4494313e-19,-3.4494313e-19,-19.999996,Object notstarted,Object notstarted,Object notstarted,Object notstarted,Object notstarted,Object notstarted,Object notstarted,Object notstarted,Object notstarted
2024-03-18 10:37:19,371.371,__main___datalogs,INFO,JoyConState.NORMAL,-9.587500,6.625000,-151.710000,8.383430,0.020598,0.048062,0.043485,20.364186,0.000000,0.000000,0.000000,0,0,0,0,0,0,0,0,0,0,0,0.045257568359375,-0.004302978515625,-19.999996,-0.8702036,-57.388916,19.995247,-3.4494313e-19,-3.4494313e-19,-3.4494313e-19,-19.999996,Object notstarted,Object notstarted,Object notstarted,Object notstarted,Object notstarted,Object notstarted,Object notstarted,Object notstarted,Object notstarted
2024-03-18 10:37:19,426.426,__main___datalogs,INFO,JoyConState.NORMAL,-9.587500,6.625000,-151.710000,6.115350,0.020598,0.054928,0.043485,20.364186,0.000000,0.000000,0.000000,0,0,0,0,0,0,0,0,0,0,0,0.045257568359375,-0.004302978515625,-19.999996,-0.8702036,-57.388916,19.995247,-3.4494313e-19,-3.4494313e-19,-3.4494313e-19,-19.999996,Object notstarted,Object notstarted,Object notstarted,Object notstarted,Object notstarted,Object notstarted,Object notstarted,Object notstarted,Object notstarted
2024-03-18 10:37:19,482.482,__main___datalogs,INFO,JoyConState.NORMAL,-9.587500,6.625000,-151.710000,6.934696,0.013732,0.050351,0.043485,20.364186,0.000000,0.000000,0.000000,0,0,0,0,0,0,0,0,0,0,0,0.045257568359375,-0.004302978515625,-19.999996,-0.8702036,-57.388916,19.995247,-3.4494313e-19,-3.4494313e-19,-3.4494313e-19,-19.999996,Object notstarted,Object notstarted,Object notstarted,Object notstarted,Object notstarted,Object notstarted,Object notstarted,Object notstarted,Object notstarted
2024-03-18 10:37:19,538.538,__main___datalogs,INFO,JoyConState.NORMAL,-9.587500,6.625000,-151.710000,9.443089,0.013732,0.050351,0.038908,20.364186,0.000000,0.000000,0.000000,0,0,0,0,0,0,0,0,0,0,0,0.045257568359375,-0.004302978515625,-19.999996,-0.8702036,-57.388916,19.995247,-3.4494313e-19,-3.4494313e-19,-3.4494313e-19,-19.999996,Object notstarted,Object notstarted,Object notstarted,Object notstarted,Object notstarted,Object notstarted,Object notstarted,Object notstarted,Object notstarted
2024-03-18 10:37:19,594.594,__main___datalogs,INFO,JoyConState.NORMAL,-9.587500,6.625000,-151.710000,9.273726,0.025176,0.043485,0.038908,20.364186,0.000000,0.000000,0.000000,0,0,0,0,0,0,0,0,0,0,0,0.045257568359375,-0.004302978515625,-19.999996,-0.8702036,-57.388916,19.995247,-3.4494313e-19,-3.4494313e-19,-3.4494313e-19,-19.999996,Object notstarted,Object notstarted,Object notstarted,Object notstarted,Object notstarted,Object notstarted,Object notstarted,Object notstarted,Object notstarted
2024-03-18 10:37:19,649.649,__main___datalogs,INFO,JoyConState.NORMAL,-9.587500,6.625000,-151.710000,7.527464,0.018310,0.048062,0.048062,20.364186,0.000000,0.000000,0.000000,0,0,0,0,0,0,0,0,0,0,0,0.045257568359375,-0.004302978515625,-19.999996,-0.8702036,-57.388916,19.995247,-3.4494313e-19,-3.4494313e-19,-3.4494313e-19,-19.999996,Object notstarted,Object notstarted,Object notstarted,Object notstarted,Object notstarted,Object notstarted,Object notstarted,Object notstarted,Object notstarted
2024-03-18 10:37:19,707.707,__main___datalogs,INFO,JoyConState.NORMAL,-9.587500,6.625000,-151.710000,6.270980,0.018310,0.043485,0.038908,20.364186,0.000000,0.000000,0.000000,0,0,0,0,0,0,0,0,0,0,0,0.045257568359375,-0.004302978515625,-19.999996,-0.8702036,-57.388916,19.995247,-3.4494313e-19,-3.4494313e-19,-3.4494313e-19,-19.999996,Object notstarted,Object notstarted,Object notstarted,Object notstarted,Object notstarted,Object notstarted,Object notstarted,Object notstarted,Object notstarted
2024-03-18 10:37:19,761.761,__main___datalogs,INFO,JoyConState.NORMAL,-9.587500,6.625000,-151.710000,8.470400,0.020598,0.048062,0.038908,20.364186,0.000000,0.000000,0.000000,0,0,0,0,0,0,0,0,0,0,0,0.045257568359375,-0.004302978515625,-19.999996,-0.8702036,-57.388916,19.995247,-3.4494313e-19,-3.4494313e-19,-3.4494313e-19,-19.999996,Object notstarted,Object notstarted,Object notstarted,Object notstarted,Object notstarted,Object notstarted,Object notstarted,Object notstarted,Object notstarted
2024-03-18 10:37:19,818.818,__main___datalogs,INFO,JoyConState.NORMAL,-9.587500,6.625000,-151.710000,9.044858,0.018310,0.050351,0.043485,20.364186,0.000000,0.000000,0.000000,0,0,0,0,0,0,0,0,0,0,0,0.045257568359375,-0.004302978515625,-19.999996,-0.8702036,-57.388916,19.995247,-3.4494313e-19,-3.4494313e-19,-3.4494313e-19,-19.999996,Object notstarted,Object notstarted,Object notstarted,Object notstarted,Object notstarted,Object notstarted,Object notstarted,Object notstarted,Object notstarted
2024-03-18 10:37:19,874.874,__main___datalogs,INFO,JoyConState.NORMAL,-9.587500,6.625000,-151.710000,8.342234,0.018310,0.048062,0.038908,20.364186,0.000000,0.000000,0.000000,0,0,0,0,0,0,0,0,0,0,0,0.045257568359375,-0.004302978515625,-19.999996,-0.8702036,-57.388916,19.995247,-3.4494313e-19,-3.4494313e-19,-3.4494313e-19,-19.999996,Object notstarted,Object notstarted,Object notstarted,Object notstarted,Object notstarted,Object notstarted,Object notstarted,Object notstarted,Object notstarted
2024-03-18 10:37:19,930.930,__main___datalogs,INFO,JoyConState.NORMAL,-9.587500,6.625000,-151.710000,6.177144,0.018310,0.054928,0.038908,20.364186,0.000000,0.000000,0.000000,0,0,0,0,0,0,0,0,0,0,0,0.045257568359375,-0.004302978515625,-19.999996,-0.8702036,-57.388916,19.995247,-3.4494313e-19,-3.4494313e-19,-3.4494313e-19,-19.999996,Object notstarted,Object notstarted,Object notstarted,Object notstarted,Object notstarted,Object notstarted,Object notstarted,Object notstarted,Object notstarted
2024-03-18 10:37:19,985.985,__main___datalogs,INFO,JoyConState.NORMAL,-9.587500,6.625000,-151.710000,6.628014,0.020598,0.054928,0.048062,20.364186,0.000000,0.000000,0.000000,0,0,0,0,0,0,0,0,0,0,0,0.045257568359375,-0.004302978515625,-19.999996,-0.8702036,-57.388916,19.995247,-3.4494313e-19,-3.4494313e-19,-3.4494313e-19,-19.999996,Object notstarted,Object notstarted,Object notstarted,Object notstarted,Object notstarted,Object notstarted,Object notstarted,Object notstarted,Object notstarted
2024-03-18 10:37:20,042.042,__main___datalogs,INFO,JoyConState.NORMAL,-9.587500,6.625000,-151.710000,9.259994,0.018310,0.050351,0.048062,20.364186,0.000000,0.000000,0.000000,0,0,0,0,0,0,0,0,0,0,0,0.045257568359375,-0.004302978515625,-19.999996,-0.8702036,-57.388916,19.995247,-3.4494313e-19,-3.4494313e-19,-3.4494313e-19,-19.999996,Object notstarted,Object notstarted,Object notstarted,Object notstarted,Object notstarted,Object notstarted,Object notstarted,Object notstarted,Object notstarted
2024-03-18 10:37:20,097.097,__main___datalogs,INFO,JoyConState.NORMAL,-9.587500,6.625000,-151.710000,8.946445,0.025176,0.050351,0.048062,20.364186,0.000000,0.000000,0.000000,0,0,0,0,0,0,0,0,0,0,0,0.045257568359375,-0.004302978515625,-19.999996,-0.8702036,-57.388916,19.995247,-3.4494313e-19,-3.4494313e-19,-3.4494313e-19,-19.999996,Object notstarted,Object notstarted,Object notstarted,Object notstarted,Object notstarted,Object notstarted,Object notstarted,Object notstarted,Object notstarted
2024-03-18 10:37:20,170.170,__main___datalogs,INFO,JoyConState.NORMAL,-9.587500,6.625000,-151.710000,8.138541,0.018310,0.050351,0.043485,20.364186,0.000000,0.000000,0.000000,0,0,0,0,0,0,0,0,0,0,0,0.045257568359375,-0.004302978515625,-19.999996,-0.8702036,-57.388916,19.995247,-3.4494313e-19,-3.4494313e-19,-3.4494313e-19,-19.999996,Object notstarted,Object notstarted,Object notstarted,Object notstarted,Object notstarted,Object notstarted,Object notstarted,Object notstarted,Object notstarted
2024-03-18 10:37:20,248.248,__main___datalogs,INFO,JoyConState.NORMAL,-9.587500,6.625000,-151.710000,9.216509,0.020598,0.048062,0.043485,20.364186,0.000000,0.000000,0.000000,0,0,0,0,0,0,0,0,0,0,0,0.045257568359375,-0.004302978515625,-19.999996,-0.8702036,-57.388916,19.995247,-3.4494313e-19,-3.4494313e-19,-3.4494313e-19,-19.999996,Object notstarted,Object notstarted,Object notstarted,Object notstarted,Object notstarted,Object notstarted,Object notstarted,Object notstarted,Object notstarted
2024-03-18 10:37:20,305.305,__main___datalogs,INFO,JoyConState.NORMAL,-9.587500,6.625000,-151.710000,7.248245,0.025176,0.050351,0.043485,20.364186,0.000000,0.000000,0.000000,0,0,0,0,0,0,0,0,0,0,0,0.045257568359375,-0.004302978515625,-19.999996,-0.8702036,-57.388916,19.995247,-3.4494313e-19,-3.4494313e-19,-3.4494313e-19,-19.999996,Object notstarted,Object notstarted,Object notstarted,Object notstarted,Object notstarted,Object notstarted,Object notstarted,Object notstarted,Object notstarted
2024-03-18 10:37:20,360.360,__main___datalogs,INFO,JoyConState.NORMAL,-9.587500,6.625000,-151.710000,6.325908,0.013732,0.050351,0.043485,20.364186,0.000000,0.000000,0.000000,0,0,0,0,0,0,0,0,0,0,0,0.045257568359375,-0.004302978515625,-19.999996,-0.8702036,-57.388916,19.995247,-3.4494313e-19,-3.4494313e-19,-3.4494313e-19,-19.999996,Object notstarted,Object notstarted,Object notstarted,Object notstarted,Object notstarted,Object notstarted,Object notstarted,Object notstarted,Object notstarted
2024-03-18 10:37:20,417.417,__main___datalogs,INFO,JoyConState.NORMAL,-9.587500,6.625000,-151.710000,8.870918,0.013732,0.050351,0.048062,20.364186,0.000000,0.000000,0.000000,0,0,0,0,0,0,0,0,0,0,0,0.045257568359375,-0.004302978515625,-19.999996,-0.8702036,-57.388916,19.995247,-3.4494313e-19,-3.4494313e-19,-3.4494313e-19,-19.999996,Object notstarted,Object notstarted,Object notstarted,Object notstarted,Object notstarted,Object notstarted,Object notstarted,Object notstarted,Object notstarted
2024-03-18 10:37:20,472.472,__main___datalogs,INFO,JoyConState.NORMAL,-9.587500,6.625000,-151.710000,8.964754,0.020598,0.050351,0.048062,20.364186,0.000000,0.000000,0.000000,0,0,0,0,0,0,0,0,0,0,0,0.045257568359375,-0.004302978515625,-19.999996,-0.8702036,-57.388916,19.995247,-3.4494313e-19,-3.4494313e-19,-3.4494313e-19,-19.999996,Object notstarted,Object notstarted,Object notstarted,Object notstarted,Object notstarted,Object notstarted,Object notstarted,Object notstarted,Object notstarted
2024-03-18 10:37:20,529.529,__main___datalogs,INFO,JoyConState.NORMAL,-9.587500,6.625000,-151.710000,8.166005,0.020598,0.050351,0.043485,20.364186,0.000000,0.000000,0.000000,0,0,0,0,0,0,0,0,0,0,0,0.045257568359375,-0.004302978515625,-19.999996,-0.8702036,-57.388916,19.995247,-3.4494313e-19,-3.4494313e-19,-3.4494313e-19,-19.999996,Object notstarted,Object notstarted,Object notstarted,Object notstarted,Object notstarted,Object notstarted,Object notstarted,Object notstarted,Object notstarted
2024-03-18 10:37:20,583.583,__main___datalogs,INFO,JoyConState.NORMAL,-9.587500,6.625000,-151.710000,5.630150,0.020598,0.054928,0.043485,20.364186,0.000000,0.000000,0.000000,0,0,0,0,0,0,0,0,0,0,0,0.045257568359375,-0.004302978515625,-19.999996,-0.8702036,-57.388916,19.995247,-3.4494313e-19,-3.4494313e-19,-3.4494313e-19,-19.999996,Object notstarted,Object notstarted,Object notstarted,Object notstarted,Object notstarted,Object notstarted,Object notstarted,Object notstarted,Object notstarted
2024-03-18 10:37:20,640.640,__main___datalogs,INFO,JoyConState.NORMAL,-9.587500,6.625000,-151.710000,7.781507,0.020598,0.054928,0.043485,20.364186,0.000000,0.000000,0.000000,0,0,0,0,0,0,0,0,0,0,0,0.045257568359375,-0.004302978515625,-19.999996,-0.8702036,-57.388916,19.995247,-3.4494313e-19,-3.4494313e-19,-3.4494313e-19,-19.999996,Object notstarted,Object notstarted,Object notstarted,Object notstarted,Object notstarted,Object notstarted,Object notstarted,Object notstarted,Object notstarted
2024-03-18 10:37:20,695.695,__main___datalogs,INFO,JoyConState.NORMAL,-9.587500,6.625000,-151.710000,9.120384,0.029753,0.050351,0.043485,20.364186,0.000000,0.000000,0.000000,0,0,0,0,0,0,0,0,0,0,0,0.045257568359375,-0.004302978515625,-19.999996,-0.8702036,-57.388916,19.995247,-3.4494313e-19,-3.4494313e-19,-3.4494313e-19,-19.999996,Object notstarted,Object notstarted,Object notstarted,Object notstarted,Object notstarted,Object notstarted,Object notstarted,Object notstarted,Object notstarted
2024-03-18 10:37:20,752.752,__main___datalogs,INFO,JoyConState.NORMAL,-9.587500,6.625000,-151.710000,8.349100,0.020598,0.054928,0.048062,20.364186,0.000000,0.000000,0.000000,0,0,0,0,0,0,0,0,0,0,0,0.045257568359375,-0.004302978515625,-19.999996,-0.8702036,-57.388916,19.995247,-3.4494313e-19,-3.4494313e-19,-3.4494313e-19,-19.999996,Object notstarted,Object notstarted,Object notstarted,Object notstarted,Object notstarted,Object notstarted,Object notstarted,Object notstarted,Object notstarted
2024-03-18 10:37:20,807.807,__main___datalogs,INFO,JoyConState.NORMAL,-9.587500,6.625000,-151.710000,5.920812,0.020598,0.050351,0.043485,20.364186,0.000000,0.000000,0.000000,0,0,0,0,0,0,0,0,0,0,0,0.045257568359375,-0.004302978515625,-19.999996,-0.8702036,-57.388916,19.995247,-3.4494313e-19,-3.4494313e-19,-3.4494313e-19,-19.999996,Object notstarted,Object notstarted,Object notstarted,Object notstarted,Object notstarted,Object notstarted,Object notstarted,Object notstarted,Object notstarted
2024-03-18 10:37:20,864.864,__main___datalogs,INFO,JoyConState.NORMAL,-9.587500,6.625000,-151.710000,7.055996,0.018310,0.050351,0.043485,20.364186,0.000000,0.000000,0.000000,0,0,0,0,0,0,0,0,0,0,0,0.045257568359375,-0.004302978515625,-19.999996,-0.8702036,-57.388916,19.995247,-3.4494313e-19,-3.4494313e-19,-3.4494313e-19,-19.999996,Object notstarted,Object notstarted,Object notstarted,Object notstarted,Object notstarted,Object notstarted,Object notstarted,Object notstarted,Object notstarted
2024-03-18 10:37:20,919.919,__main___datalogs,INFO,JoyConState.NORMAL,-9.587500,6.625000,-151.710000,9.266860,0.020598,0.048062,0.043485,20.364186,0.000000,0.000000,0.000000,0,0,0,0,0,0,0,0,0,0,0,0.045257568359375,-0.004302978515625,-19.999996,-0.8702036,-57.388916,19.995247,-3.4494313e-19,-3.4494313e-19,-3.4494313e-19,-19.999996,Object notstarted,Object notstarted,Object notstarted,Object notstarted,Object notstarted,Object notstarted,Object notstarted,Object notstarted,Object notstarted
2024-03-18 10:37:20,976.976,__main___datalogs,INFO,JoyConState.NORMAL,-9.587500,6.625000,-151.710000,8.571102,0.020598,0.054928,0.043485,20.364186,0.000000,0.000000,0.000000,0,0,0,0,0,0,0,0,0,0,0,0.045257568359375,-0.004302978515625,-19.999996,-0.8702036,-57.388916,19.995247,-3.4494313e-19,-3.4494313e-19,-3.4494313e-19,-19.999996,Object notstarted,Object notstarted,Object notstarted,Object notstarted,Object notstarted,Object notstarted,Object notstarted,Object notstarted,Object notstarted
2024-03-18 10:37:21,031.031,__main___datalogs,INFO,JoyConState.NORMAL,-9.587500,6.625000,-151.710000,6.948428,0.020598,0.050351,0.043485,20.364186,0.000000,0.000000,0.000000,0,0,0,0,0,0,0,0,0,0,0,0.045257568359375,-0.004302978515625,-19.999996,-0.8702036,-57.388916,19.995247,-3.4494313e-19,-3.4494313e-19,-3.4494313e-19,-19.999996,Object notstarted,Object notstarted,Object notstarted,Object notstarted,Object notstarted,Object notstarted,Object notstarted,Object notstarted,Object notstarted
2024-03-18 10:37:21,088.088,__main___datalogs,INFO,JoyConState.NORMAL,-9.587500,6.625000,-151.710000,6.440342,0.020598,0.050351,0.043485,20.364186,0.000000,0.000000,0.000000,0,0,0,0,0,0,0,0,0,0,0,0.045257568359375,-0.004302978515625,-19.999996,-0.8702036,-57.388916,19.995247,-3.4494313e-19,-3.4494313e-19,-3.4494313e-19,-19.999996,Object notstarted,Object notstarted,Object notstarted,Object notstarted,Object notstarted,Object notstarted,Object notstarted,Object notstarted,Object notstarted
2024-03-18 10:37:21,143.143,__main___datalogs,INFO,JoyConState.NORMAL,-9.587500,6.625000,-151.710000,8.795392,0.025176,0.050351,0.043485,20.364186,0.000000,0.000000,0.000000,0,0,0,0,0,0,0,0,0,0,0,0.045257568359375,-0.004302978515625,-19.999996,-0.8702036,-57.388916,19.995247,-3.4494313e-19,-3.4494313e-19,-3.4494313e-19,-19.999996,Object notstarted,Object notstarted,Object notstarted,Object notstarted,Object notstarted,Object notstarted,Object notstarted,Object notstarted,Object notstarted
2024-03-18 10:37:21,199.199,__main___datalogs,INFO,JoyConState.NORMAL,-9.587500,6.625000,-151.710000,8.960177,0.020598,0.050351,0.043485,20.364186,0.000000,0.000000,0.000000,0,0,0,0,0,0,0,0,0,0,0,0.045257568359375,-0.004302978515625,-19.999996,-0.8702036,-57.388916,19.995247,-3.4494313e-19,-3.4494313e-19,-3.4494313e-19,-19.999996,Object notstarted,Object notstarted,Object notstarted,Object notstarted,Object notstarted,Object notstarted,Object notstarted,Object notstarted,Object notstarted
2024-03-18 10:37:21,278.278,__main___datalogs,INFO,JoyConState.NORMAL,-9.587500,6.625000,-151.710000,8.195759,0.020598,0.057217,0.043485,20.364186,0.000000,0.000000,0.000000,0,0,0,0,0,0,0,0,0,0,0,0.045257568359375,-0.004302978515625,-19.999996,-0.8702036,-57.388916,19.995247,-3.4494313e-19,-3.4494313e-19,-3.4494313e-19,-19.999996,Object notstarted,Object notstarted,Object notstarted,Object notstarted,Object notstarted,Object notstarted,Object notstarted,Object notstarted,Object notstarted
2024-03-18 10:37:21,335.335,__main___datalogs,INFO,JoyConState.NORMAL,-9.587500,6.625000,-151.710000,7.195606,0.020598,0.057217,0.048062,20.364186,0.000000,0.000000,0.000000,0,0,0,0,0,0,0,0,0,0,0,0.045257568359375,-0.004302978515625,-19.999996,-0.8702036,-57.388916,19.995247,-3.4494313e-19,-3.4494313e-19,-3.4494313e-19,-19.999996,Object notstarted,Object notstarted,Object notstarted,Object notstarted,Object notstarted,Object notstarted,Object notstarted,Object notstarted,Object notstarted
2024-03-18 10:37:21,391.391,__main___datalogs,INFO,JoyConState.NORMAL,-9.587500,6.625000,-151.710000,9.241685,0.020598,0.050351,0.043485,20.364186,0.000000,0.000000,0.000000,0,0,0,0,0,0,0,0,0,0,0,0.045257568359375,-0.004302978515625,-19.999996,-0.8702036,-57.388916,19.995247,-3.4494313e-19,-3.4494313e-19,-3.4494313e-19,-19.999996,Object notstarted,Object notstarted,Object notstarted,Object notstarted,Object notstarted,Object notstarted,Object notstarted,Object notstarted,Object notstarted
2024-03-18 10:37:21,447.447,__main___datalogs,INFO,JoyConState.NORMAL,-9.587500,6.625000,-151.710000,8.507019,0.018310,0.050351,0.048062,20.364186,0.000000,0.000000,0.000000,0,0,0,0,0,0,0,0,0,0,0,0.045257568359375,-0.004302978515625,-19.999996,-0.8702036,-57.388916,19.995247,-3.4494313e-19,-3.4494313e-19,-3.4494313e-19,-19.999996,Object notstarted,Object notstarted,Object notstarted,Object notstarted,Object notstarted,Object notstarted,Object notstarted,Object notstarted,Object notstarted
2024-03-18 10:37:21,502.502,__main___datalogs,INFO,JoyConState.NORMAL,-9.587500,6.625000,-151.710000,6.669209,0.018310,0.050351,0.043485,20.364186,0.000000,0.000000,0.000000,0,0,0,0,0,0,0,0,0,0,0,0.045257568359375,-0.004302978515625,-19.999996,-0.8702036,-57.388916,19.995247,-3.4494313e-19,-3.4494313e-19,-3.4494313e-19,-19.999996,Object notstarted,Object notstarted,Object notstarted,Object notstarted,Object notstarted,Object notstarted,Object notstarted,Object notstarted,Object notstarted
2024-03-18 10:37:21,559.559,__main___datalogs,INFO,JoyConState.NORMAL,-9.587500,6.625000,-151.710000,6.843149,0.020598,0.054928,0.043485,20.364186,0.000000,0.000000,0.000000,0,0,0,0,0,0,0,0,0,0,0,0.045257568359375,-0.004302978515625,-19.999996,-0.8702036,-57.388916,19.995247,-3.4494313e-19,-3.4494313e-19,-3.4494313e-19,-19.999996,Object notstarted,Object notstarted,Object notstarted,Object notstarted,Object notstarted,Object notstarted,Object notstarted,Object notstarted,Object notstarted
2024-03-18 10:37:21,614.614,__main___datalogs,INFO,JoyConState.NORMAL,-9.587500,6.625000,-151.710000,9.388160,0.020598,0.057217,0.048062,20.364186,0.000000,0.000000,0.000000,0,0,0,0,0,0,0,0,0,0,0,0.045257568359375,-0.004302978515625,-19.999996,-0.8702036,-57.388916,19.995247,-3.4494313e-19,-3.4494313e-19,-3.4494313e-19,-19.999996,Object notstarted,Object notstarted,Object notstarted,Object notstarted,Object notstarted,Object notstarted,Object notstarted,Object notstarted,Object notstarted
2024-03-18 10:37:21,671.671,__main___datalogs,INFO,JoyConState.NORMAL,-9.587500,6.625000,-151.710000,8.699267,0.020598,0.048062,0.048062,20.364186,0.000000,0.000000,0.000000,0,0,0,0,0,0,0,0,0,0,0,0.045257568359375,-0.004302978515625,-19.999996,-0.8702036,-57.388916,19.995247,-3.4494313e-19,-3.4494313e-19,-3.4494313e-19,-19.999996,Object notstarted,Object notstarted,Object notstarted,Object notstarted,Object notstarted,Object notstarted,Object notstarted,Object notstarted,Object notstarted
2024-03-18 10:37:21,726.726,__main___datalogs,INFO,JoyConState.NORMAL,-9.587500,6.625000,-151.710000,7.664785,0.025176,0.048062,0.048062,20.364186,0.000000,0.000000,0.000000,0,0,0,0,0,0,0,0,0,0,0,0.045257568359375,-0.004302978515625,-19.999996,-0.8702036,-57.388916,19.995247,-3.4494313e-19,-3.4494313e-19,-3.4494313e-19,-19.999996,Object notstarted,Object notstarted,Object notstarted,Object notstarted,Object notstarted,Object notstarted,Object notstarted,Object notstarted,Object notstarted
2024-03-18 10:37:21,782.782,__main___datalogs,INFO,JoyConState.NORMAL,-9.587500,6.625000,-151.710000,5.957431,0.020598,0.048062,0.038908,20.364186,0.000000,0.000000,0.000000,0,0,0,0,0,0,0,0,0,0,0,0.045257568359375,-0.004302978515625,-19.999996,-0.8702036,-57.388916,19.995247,-3.4494313e-19,-3.4494313e-19,-3.4494313e-19,-19.999996,Object notstarted,Object notstarted,Object notstarted,Object notstarted,Object notstarted,Object notstarted,Object notstarted,Object notstarted,Object notstarted
2024-03-18 10:37:21,838.838,__main___datalogs,INFO,JoyConState.NORMAL,-9.587500,6.625000,-151.710000,7.280287,0.018310,0.054928,0.043485,20.364186,0.000000,0.000000,0.000000,0,0,0,0,0,0,0,0,0,0,0,0.045257568359375,-0.004302978515625,-19.999996,-0.8702036,-57.388916,19.995247,-3.4494313e-19,-3.4494313e-19,-3.4494313e-19,-19.999996,Object notstarted,Object notstarted,Object notstarted,Object notstarted,Object notstarted,Object notstarted,Object notstarted,Object notstarted,Object notstarted
2024-03-18 10:37:21,895.895,__main___datalogs,INFO,JoyConState.NORMAL,-9.587500,6.625000,-151.710000,9.312634,0.018310,0.048062,0.048062,20.364186,0.000000,0.000000,0.000000,0,0,0,0,0,0,0,0,0,0,0,0.045257568359375,-0.004302978515625,-19.999996,-0.8702036,-57.388916,19.995247,-3.4494313e-19,-3.4494313e-19,-3.4494313e-19,-19.999996,Object notstarted,Object notstarted,Object notstarted,Object notstarted,Object notstarted,Object notstarted,Object notstarted,Object notstarted,Object notstarted
2024-03-18 10:37:21,950.950,__main___datalogs,INFO,JoyConState.NORMAL,-9.587500,6.625000,-151.710000,8.802258,0.013732,0.050351,0.048062,20.364186,0.000000,0.000000,0.000000,0,0,0,0,0,0,0,0,0,0,0,0.045257568359375,-0.004302978515625,-19.999996,-0.8702036,-57.388916,19.995247,-3.4494313e-19,-3.4494313e-19,-3.4494313e-19,-19.999996,Object notstarted,Object notstarted,Object notstarted,Object notstarted,Object notstarted,Object notstarted,Object notstarted,Object notstarted,Object notstarted
2024-03-18 10:37:22,007.007,__main___datalogs,INFO,JoyConState.NORMAL,-9.587500,6.625000,-151.710000,7.635032,0.018310,0.050351,0.048062,20.364186,0.000000,0.000000,0.000000,0,0,0,0,0,0,0,0,0,0,0,0.045257568359375,-0.004302978515625,-19.999996,-0.8702036,-57.388916,19.995247,-3.4494313e-19,-3.4494313e-19,-3.4494313e-19,-19.999996,Object notstarted,Object notstarted,Object notstarted,Object notstarted,Object notstarted,Object notstarted,Object notstarted,Object notstarted,Object notstarted
2024-03-18 10:37:22,062.062,__main___datalogs,INFO,JoyConState.NORMAL,-9.587500,6.625000,-151.710000,6.229783,0.020598,0.048062,0.043485,20.364186,0.000000,0.000000,0.000000,0,0,0,0,0,0,0,0,0,0,0,0.045257568359375,-0.004302978515625,-19.999996,-0.8702036,-57.388916,19.995247,-3.4494313e-19,-3.4494313e-19,-3.4494313e-19,-19.999996,Object notstarted,Object notstarted,Object notstarted,Object notstarted,Object notstarted,Object notstarted,Object notstarted,Object notstarted,Object notstarted
2024-03-18 10:37:22,118.118,__main___datalogs,INFO,JoyConState.NORMAL,-9.587500,6.625000,-151.710000,8.220934,0.018310,0.057217,0.048062,20.364186,0.000000,0.000000,0.000000,0,0,0,0,0,0,0,0,0,0,0,0.045257568359375,-0.004302978515625,-19.999996,-0.8702036,-57.388916,19.995247,-3.4494313e-19,-3.4494313e-19,-3.4494313e-19,-19.999996,Object notstarted,Object notstarted,Object notstarted,Object notstarted,Object notstarted,Object notstarted,Object notstarted,Object notstarted,Object notstarted
2024-03-18 10:37:22,174.174,__main___datalogs,INFO,JoyConState.NORMAL,-9.587500,6.625000,-151.710000,9.049436,0.025176,0.057217,0.043485,20.364186,0.000000,0.000000,0.000000,0,0,0,0,0,0,0,0,0,0,0,0.045257568359375,-0.004302978515625,-19.999996,-0.8702036,-57.388916,19.995247,-3.4494313e-19,-3.4494313e-19,-3.4494313e-19,-19.999996,Object notstarted,Object notstarted,Object notstarted,Object notstarted,Object notstarted,Object notstarted,Object notstarted,Object notstarted,Object notstarted
2024-03-18 10:37:22,230.230,__main___datalogs,INFO,JoyConState.NORMAL,-9.587500,6.625000,-151.710000,8.161428,0.020598,0.050351,0.043485,20.364186,0.000000,0.000000,0.000000,0,0,0,0,0,0,0,0,0,0,0,0.045257568359375,-0.004302978515625,-19.999996,-0.8702036,-57.388916,19.995247,-3.4494313e-19,-3.4494313e-19,-3.4494313e-19,-19.999996,Object notstarted,Object notstarted,Object notstarted,Object notstarted,Object notstarted,Object notstarted,Object notstarted,Object notstarted,Object notstarted
2024-03-18 10:37:22,301.301,__main___datalogs,INFO,JoyConState.NORMAL,-9.587500,6.625000,-151.710000,5.554624,0.025176,0.050351,0.038908,20.364186,0.000000,0.000000,0.000000,0,0,0,0,0,0,0,0,0,0,0,0.045257568359375,-0.004302978515625,-19.999996,-0.8702036,-57.388916,19.995247,-3.4494313e-19,-3.4494313e-19,-3.4494313e-19,-19.999996,Object notstarted,Object notstarted,Object notstarted,Object notstarted,Object notstarted,Object notstarted,Object notstarted,Object notstarted,Object notstarted
2024-03-18 10:37:22,366.366,__main___datalogs,INFO,JoyConState.NORMAL,-9.587500,6.625000,-151.710000,8.516173,0.020598,0.054928,0.048062,20.364186,0.000000,0.000000,0.000000,0,0,0,0,0,0,0,0,0,0,0,0.045257568359375,-0.004302978515625,-19.999996,-0.8702036,-57.388916,19.995247,-3.4494313e-19,-3.4494313e-19,-3.4494313e-19,-19.999996,Object notstarted,Object notstarted,Object notstarted,Object notstarted,Object notstarted,Object notstarted,Object notstarted,Object notstarted,Object notstarted
2024-03-18 10:37:22,421.421,__main___datalogs,INFO,JoyConState.NORMAL,-9.587500,6.625000,-151.710000,8.577968,0.018310,0.054928,0.048062,20.364186,0.000000,0.000000,0.000000,0,0,0,0,0,0,0,0,0,0,0,0.045257568359375,-0.004302978515625,-19.999996,-0.8702036,-57.388916,19.995247,-3.4494313e-19,-3.4494313e-19,-3.4494313e-19,-19.999996,Object notstarted,Object notstarted,Object notstarted,Object notstarted,Object notstarted,Object notstarted,Object notstarted,Object notstarted,Object notstarted
2024-03-18 10:37:22,478.478,__main___datalogs,INFO,JoyConState.NORMAL,-9.587500,6.625000,-151.710000,7.314617,0.018310,0.054928,0.048062,20.364186,0.000000,0.000000,0.000000,0,0,0,0,0,0,0,0,0,0,0,0.045257568359375,-0.004302978515625,-19.999996,-0.8702036,-57.388916,19.995247,-3.4494313e-19,-3.4494313e-19,-3.4494313e-19,-19.999996,Object notstarted,Object notstarted,Object notstarted,Object notstarted,Object notstarted,Object notstarted,Object notstarted,Object notstarted,Object notstarted
2024-03-18 10:37:22,533.533,__main___datalogs,INFO,JoyConState.NORMAL,-9.587500,6.625000,-151.710000,6.243515,0.020598,0.048062,0.043485,20.364186,0.000000,0.000000,0.000000,0,0,0,0,0,0,0,0,0,0,0,0.045257568359375,-0.004302978515625,-19.999996,-0.8702036,-57.388916,19.995247,-3.4494313e-19,-3.4494313e-19,-3.4494313e-19,-19.999996,Object notstarted,Object notstarted,Object notstarted,Object notstarted,Object notstarted,Object notstarted,Object notstarted,Object notstarted,Object notstarted
2024-03-18 10:37:22,589.589,__main___datalogs,INFO,JoyConState.NORMAL,-9.587500,6.625000,-151.710000,8.738175,0.020598,0.050351,0.048062,20.364186,0.000000,0.000000,0.000000,0,0,0,0,0,0,0,0,0,0,0,0.045257568359375,-0.004302978515625,-19.999996,-0.8702036,-57.388916,19.995247,-3.4494313e-19,-3.4494313e-19,-3.4494313e-19,-19.999996,Object notstarted,Object notstarted,Object notstarted,Object notstarted,Object notstarted,Object notstarted,Object notstarted,Object notstarted,Object notstarted
2024-03-18 10:37:22,645.645,__main___datalogs,INFO,JoyConState.NORMAL,-9.587500,6.625000,-151.710000,9.031126,0.018310,0.054928,0.048062,20.364186,0.000000,0.000000,0.000000,0,0,0,0,0,0,0,0,0,0,0,0.045257568359375,-0.004302978515625,-19.999996,-0.8702036,-57.388916,19.995247,-3.4494313e-19,-3.4494313e-19,-3.4494313e-19,-19.999996,Object notstarted,Object notstarted,Object notstarted,Object notstarted,Object notstarted,Object notstarted,Object notstarted,Object notstarted,Object notstarted
2024-03-18 10:37:22,701.701,__main___datalogs,INFO,JoyConState.NORMAL,-9.587500,6.625000,-151.710000,7.992066,0.025176,0.054928,0.048062,20.364186,0.000000,0.000000,0.000000,0,0,0,0,0,0,0,0,0,0,0,0.045257568359375,-0.004302978515625,-19.999996,-0.8702036,-57.388916,19.995247,-3.4494313e-19,-3.4494313e-19,-3.4494313e-19,-19.999996,Object notstarted,Object notstarted,Object notstarted,Object notstarted,Object notstarted,Object notstarted,Object notstarted,Object notstarted,Object notstarted
2024-03-18 10:37:22,757.757,__main___datalogs,INFO,JoyConState.NORMAL,-9.587500,6.625000,-151.710000,5.826976,0.025176,0.050351,0.048062,20.364186,0.000000,0.000000,0.000000,0,0,0,0,0,0,0,0,0,0,0,0.045257568359375,-0.004302978515625,-19.999996,-0.8702036,-57.388916,19.995247,-3.4494313e-19,-3.4494313e-19,-3.4494313e-19,-19.999996,Object notstarted,Object notstarted,Object notstarted,Object notstarted,Object notstarted,Object notstarted,Object notstarted,Object notstarted,Object notstarted
2024-03-18 10:37:22,813.813,__main___datalogs,INFO,JoyConState.NORMAL,-9.587500,6.625000,-151.710000,7.598413,0.025176,0.054928,0.043485,20.364186,0.000000,0.000000,0.000000,0,0,0,0,0,0,0,0,0,0,0,0.045257568359375,-0.004302978515625,-19.999996,-0.8702036,-57.388916,19.995247,-3.4494313e-19,-3.4494313e-19,-3.4494313e-19,-19.999996,Object notstarted,Object notstarted,Object notstarted,Object notstarted,Object notstarted,Object notstarted,Object notstarted,Object notstarted,Object notstarted
2024-03-18 10:37:22,868.868,__main___datalogs,INFO,JoyConState.NORMAL,-9.587500,6.625000,-151.710000,9.140983,0.029753,0.054928,0.038908,20.364186,0.000000,0.000000,0.000000,0,0,0,0,0,0,0,0,0,0,0,0.045257568359375,-0.004302978515625,-19.999996,-0.8702036,-57.388916,19.995247,-3.4494313e-19,-3.4494313e-19,-3.4494313e-19,-19.999996,Object notstarted,Object notstarted,Object notstarted,Object notstarted,Object notstarted,Object notstarted,Object notstarted,Object notstarted,Object notstarted
2024-03-18 10:37:22,926.926,__main___datalogs,INFO,JoyConState.NORMAL,-9.587500,6.625000,-151.710000,8.353677,0.018310,0.057217,0.043485,20.364186,0.000000,0.000000,0.000000,0,0,0,0,0,0,0,0,0,0,0,0.045257568359375,-0.004302978515625,-19.999996,-0.8702036,-57.388916,19.995247,-3.4494313e-19,-3.4494313e-19,-3.4494313e-19,-19.999996,Object notstarted,Object notstarted,Object notstarted,Object notstarted,Object notstarted,Object notstarted,Object notstarted,Object notstarted,Object notstarted
2024-03-18 10:37:22,981.981,__main___datalogs,INFO,JoyConState.NORMAL,-9.587500,6.625000,-151.710000,6.662344,0.020598,0.057217,0.048062,20.364186,0.000000,0.000000,0.000000,0,0,0,0,0,0,0,0,0,0,0,0.045257568359375,-0.004302978515625,-19.999996,-0.8702036,-57.388916,19.995247,-3.4494313e-19,-3.4494313e-19,-3.4494313e-19,-19.999996,Object notstarted,Object notstarted,Object notstarted,Object notstarted,Object notstarted,Object notstarted,Object notstarted,Object notstarted,Object notstarted
2024-03-18 10:37:23,038.038,__main___datalogs,INFO,JoyConState.NORMAL,-9.587500,6.625000,-151.710000,6.525023,0.020598,0.054928,0.048062,20.364186,0.000000,0.000000,0.000000,0,0,0,0,0,0,0,0,0,0,0,0.045257568359375,-0.004302978515625,-19.999996,-0.8702036,-57.388916,19.995247,-3.4494313e-19,-3.4494313e-19,-3.4494313e-19,-19.999996,Object notstarted,Object notstarted,Object notstarted,Object notstarted,Object notstarted,Object notstarted,Object notstarted,Object notstarted,Object notstarted
2024-03-18 10:37:23,093.093,__main___datalogs,INFO,JoyConState.NORMAL,-9.587500,6.625000,-151.710000,9.060879,0.020598,0.054928,0.043485,20.364186,0.000000,0.000000,0.000000,0,0,0,0,0,0,0,0,0,0,0,0.045257568359375,-0.004302978515625,-19.999996,-0.8702036,-57.388916,19.995247,-3.4494313e-19,-3.4494313e-19,-3.4494313e-19,-19.999996,Object notstarted,Object notstarted,Object notstarted,Object notstarted,Object notstarted,Object notstarted,Object notstarted,Object notstarted,Object notstarted
2024-03-18 10:37:23,149.149,__main___datalogs,INFO,JoyConState.NORMAL,-9.587500,6.625000,-151.710000,8.891517,0.018310,0.057217,0.048062,20.364186,0.000000,0.000000,0.000000,0,0,0,0,0,0,0,0,0,0,0,0.045257568359375,-0.004302978515625,-19.999996,-0.8702036,-57.388916,19.995247,-3.4494313e-19,-3.4494313e-19,-3.4494313e-19,-19.999996,Object notstarted,Object notstarted,Object notstarted,Object notstarted,Object notstarted,Object notstarted,Object notstarted,Object notstarted,Object notstarted
2024-03-18 10:37:23,206.206,__main___datalogs,INFO,JoyConState.NORMAL,-9.587500,6.625000,-151.710000,8.012664,0.020598,0.050351,0.048062,20.364186,0.000000,0.000000,0.000000,0,0,0,0,0,0,0,0,0,0,0,0.045257568359375,-0.004302978515625,-19.999996,-0.8702036,-57.388916,19.995247,-3.4494313e-19,-3.4494313e-19,-3.4494313e-19,-19.999996,Object notstarted,Object notstarted,Object notstarted,Object notstarted,Object notstarted,Object notstarted,Object notstarted,Object notstarted,Object notstarted
2024-03-18 10:37:23,262.262,__main___datalogs,INFO,JoyConState.NORMAL,-9.587500,6.625000,-151.710000,5.680501,0.020598,0.050351,0.043485,20.364186,0.000000,0.000000,0.000000,0,0,0,0,0,0,0,0,0,0,0,0.045257568359375,-0.004302978515625,-19.999996,-0.8702036,-57.388916,19.995247,-3.4494313e-19,-3.4494313e-19,-3.4494313e-19,-19.999996,Object notstarted,Object notstarted,Object notstarted,Object notstarted,Object notstarted,Object notstarted,Object notstarted,Object notstarted,Object notstarted
2024-03-18 10:37:23,317.317,__main___datalogs,INFO,JoyConState.NORMAL,-9.587500,6.625000,-151.710000,7.104058,0.020598,0.054928,0.048062,20.364186,0.000000,0.000000,0.000000,0,0,0,0,0,0,0,0,0,0,0,0.045257568359375,-0.004302978515625,-19.999996,-0.8702036,-57.388916,19.995247,-3.4494313e-19,-3.4494313e-19,-3.4494313e-19,-19.999996,Object notstarted,Object notstarted,Object notstarted,Object notstarted,Object notstarted,Object notstarted,Object notstarted,Object notstarted,Object notstarted
2024-03-18 10:37:23,389.389,__main___datalogs,INFO,JoyConState.NORMAL,-9.587500,6.625000,-151.710000,9.296613,0.020598,0.050351,0.048062,20.364186,0.000000,0.000000,0.000000,0,0,0,0,0,0,0,0,0,0,0,0.045257568359375,-0.004302978515625,-19.999996,-0.8702036,-57.388916,19.995247,-3.4494313e-19,-3.4494313e-19,-3.4494313e-19,-19.999996,Object notstarted,Object notstarted,Object notstarted,Object notstarted,Object notstarted,Object notstarted,Object notstarted,Object notstarted,Object notstarted
2024-03-18 10:37:23,465.465,__main___datalogs,INFO,JoyConState.NORMAL,-9.587500,6.625000,-151.710000,6.236650,0.025176,0.050351,0.038908,20.364186,0.000000,0.000000,0.000000,0,0,0,0,0,0,0,0,0,0,0,0.045257568359375,-0.004302978515625,-19.999996,-0.8702036,-57.388916,19.995247,-3.4494313e-19,-3.4494313e-19,-3.4494313e-19,-19.999996,Object notstarted,Object notstarted,Object notstarted,Object notstarted,Object notstarted,Object notstarted,Object notstarted,Object notstarted,Object notstarted
2024-03-18 10:37:23,522.522,__main___datalogs,INFO,JoyConState.NORMAL,-9.587500,6.625000,-151.710000,8.717577,0.018310,0.054928,0.043485,20.364186,0.000000,0.000000,0.000000,0,0,0,0,0,0,0,0,0,0,0,0.045257568359375,-0.004302978515625,-19.999996,-0.8702036,-57.388916,19.995247,-3.4494313e-19,-3.4494313e-19,-3.4494313e-19,-19.999996,Object notstarted,Object notstarted,Object notstarted,Object notstarted,Object notstarted,Object notstarted,Object notstarted,Object notstarted,Object notstarted
2024-03-18 10:37:23,577.577,__main___datalogs,INFO,JoyConState.NORMAL,-9.587500,6.625000,-151.710000,7.220781,0.013732,0.050351,0.048062,20.364186,0.000000,0.000000,0.000000,0,0,0,0,0,0,0,0,0,0,0,0.045257568359375,-0.004302978515625,-19.999996,-0.8702036,-57.388916,19.995247,-3.4494313e-19,-3.4494313e-19,-3.4494313e-19,-19.999996,Object notstarted,Object notstarted,Object notstarted,Object notstarted,Object notstarted,Object notstarted,Object notstarted,Object notstarted,Object notstarted
2024-03-18 10:37:23,635.635,__main___datalogs,INFO,JoyConState.NORMAL,-9.587500,6.625000,-151.710000,6.319042,0.020598,0.050351,0.048062,20.364186,0.000000,0.000000,0.000000,0,0,0,0,0,0,0,0,0,0,0,0.045257568359375,-0.004302978515625,-19.999996,-0.8702036,-57.388916,19.995247,-3.4494313e-19,-3.4494313e-19,-3.4494313e-19,-19.999996,Object notstarted,Object notstarted,Object notstarted,Object notstarted,Object notstarted,Object notstarted,Object notstarted,Object notstarted,Object notstarted
2024-03-18 10:37:23,690.690,__main___datalogs,INFO,JoyConState.NORMAL,-9.587500,6.625000,-151.710000,7.742600,0.025176,0.057217,0.038908,20.364186,0.000000,0.000000,0.000000,0,0,0,0,0,0,0,0,0,0,0,0.045257568359375,-0.004302978515625,-19.999996,-0.8702036,-57.388916,19.995247,-3.4494313e-19,-3.4494313e-19,-3.4494313e-19,-19.999996,Object notstarted,Object notstarted,Object notstarted,Object notstarted,Object notstarted,Object notstarted,Object notstarted,Object notstarted,Object notstarted
2024-03-18 10:37:23,747.747,__main___datalogs,INFO,JoyConState.NORMAL,-9.587500,6.625000,-151.710000,9.157003,0.029753,0.054928,0.043485,20.364186,0.000000,0.000000,0.000000,0,0,0,0,0,0,0,0,0,0,0,0.045257568359375,-0.004302978515625,-19.999996,-0.8702036,-57.388916,19.995247,-3.4494313e-19,-3.4494313e-19,-3.4494313e-19,-19.999996,Object notstarted,Object notstarted,Object notstarted,Object notstarted,Object notstarted,Object notstarted,Object notstarted,Object notstarted,Object notstarted
2024-03-18 10:37:23,802.802,__main___datalogs,INFO,JoyConState.NORMAL,-9.587500,6.625000,-151.710000,8.552793,0.020598,0.050351,0.043485,20.364186,0.000000,0.000000,0.000000,0,0,0,0,0,0,0,0,0,0,0,0.045257568359375,-0.004302978515625,-19.999996,-0.8702036,-57.388916,19.995247,-3.4494313e-19,-3.4494313e-19,-3.4494313e-19,-19.999996,Object notstarted,Object notstarted,Object notstarted,Object notstarted,Object notstarted,Object notstarted,Object notstarted,Object notstarted,Object notstarted
2024-03-18 10:37:23,859.859,__main___datalogs,INFO,JoyConState.NORMAL,-9.587500,6.625000,-151.710000,6.975893,0.018310,0.054928,0.043485,20.364186,0.000000,0.000000,0.000000,0,0,0,0,0,0,0,0,0,0,0,0.045257568359375,-0.004302978515625,-19.999996,-0.8702036,-57.388916,19.995247,-3.4494313e-19,-3.4494313e-19,-3.4494313e-19,-19.999996,Object notstarted,Object notstarted,Object notstarted,Object notstarted,Object notstarted,Object notstarted,Object notstarted,Object notstarted,Object notstarted
2024-03-18 10:37:23,914.914,__main___datalogs,INFO,JoyConState.NORMAL,-9.587500,6.625000,-151.710000,6.492982,0.025176,0.054928,0.048062,20.364186,0.000000,0.000000,0.000000,0,0,0,0,0,0,0,0,0,0,0,0.045257568359375,-0.004302978515625,-19.999996,-0.8702036,-57.388916,19.995247,-3.4494313e-19,-3.4494313e-19,-3.4494313e-19,-19.999996,Object notstarted,Object notstarted,Object notstarted,Object notstarted,Object notstarted,Object notstarted,Object notstarted,Object notstarted,Object notstarted
2024-03-18 10:37:23,971.971,__main___datalogs,INFO,JoyConState.NORMAL,-9.587500,6.625000,-151.710000,8.939579,0.025176,0.050351,0.048062,20.364186,0.000000,0.000000,0.000000,0,0,0,0,0,0,0,0,0,0,0,0.045257568359375,-0.004302978515625,-19.999996,-0.8702036,-57.388916,19.995247,-3.4494313e-19,-3.4494313e-19,-3.4494313e-19,-19.999996,Object notstarted,Object notstarted,Object notstarted,Object notstarted,Object notstarted,Object notstarted,Object notstarted,Object notstarted,Object notstarted
2024-03-18 10:37:24,026.026,__main___datalogs,INFO,JoyConState.NORMAL,-9.587500,6.625000,-151.710000,9.012816,0.020598,0.054928,0.048062,20.364186,0.000000,0.000000,0.000000,0,0,0,0,0,0,0,0,0,0,0,0.045257568359375,-0.004302978515625,-19.999996,-0.8702036,-57.388916,19.995247,-3.4494313e-19,-3.4494313e-19,-3.4494313e-19,-19.999996,Object notstarted,Object notstarted,Object notstarted,Object notstarted,Object notstarted,Object notstarted,Object notstarted,Object notstarted,Object notstarted
2024-03-18 10:37:24,083.083,__main___datalogs,INFO,JoyConState.NORMAL,-9.587500,6.625000,-151.710000,7.932560,0.020598,0.050351,0.048062,20.364186,0.000000,0.000000,0.000000,0,0,0,0,0,0,0,0,0,0,0,0.045257568359375,-0.004302978515625,-19.999996,-0.8702036,-57.388916,19.995247,-3.4494313e-19,-3.4494313e-19,-3.4494313e-19,-19.999996,Object notstarted,Object notstarted,Object notstarted,Object notstarted,Object notstarted,Object notstarted,Object notstarted,Object notstarted,Object notstarted
2024-03-18 10:37:24,139.139,__main___datalogs,INFO,JoyConState.NORMAL,-9.587500,6.625000,-151.710000,5.920812,0.025176,0.050351,0.043485,20.364186,0.000000,0.000000,0.000000,0,0,0,0,0,0,0,0,0,0,0,0.045257568359375,-0.004302978515625,-19.999996,-0.8702036,-57.388916,19.995247,-3.4494313e-19,-3.4494313e-19,-3.4494313e-19,-19.999996,Object notstarted,Object notstarted,Object notstarted,Object notstarted,Object notstarted,Object notstarted,Object notstarted,Object notstarted,Object notstarted
2024-03-18 10:37:24,195.195,__main___datalogs,INFO,JoyConState.NORMAL,-9.587500,6.625000,-151.710000,7.863900,0.020598,0.050351,0.048062,20.364186,0.000000,0.000000,0.000000,0,0,0,0,0,0,0,0,0,0,0,0.045257568359375,-0.004302978515625,-19.999996,-0.8702036,-57.388916,19.995247,-3.4494313e-19,-3.4494313e-19,-3.4494313e-19,-19.999996,Object notstarted,Object notstarted,Object notstarted,Object notstarted,Object notstarted,Object notstarted,Object notstarted,Object notstarted,Object notstarted
2024-03-18 10:37:24,251.251,__main___datalogs,INFO,JoyConState.NORMAL,-9.587500,6.625000,-151.710000,9.140983,0.020598,0.050351,0.043485,20.364186,0.000000,0.000000,0.000000,0,0,0,0,0,0,0,0,0,0,0,0.045257568359375,-0.004302978515625,-19.999996,-0.8702036,-57.388916,19.995247,-3.4494313e-19,-3.4494313e-19,-3.4494313e-19,-19.999996,Object notstarted,Object notstarted,Object notstarted,Object notstarted,Object notstarted,Object notstarted,Object notstarted,Object notstarted,Object notstarted
2024-03-18 10:37:24,308.308,__main___datalogs,INFO,JoyConState.NORMAL,-9.587500,6.625000,-151.710000,8.278151,0.018310,0.054928,0.048062,20.364186,0.000000,0.000000,0.000000,0,0,0,0,0,0,0,0,0,0,0,0.045257568359375,-0.004302978515625,-19.999996,-0.8702036,-57.388916,19.995247,-3.4494313e-19,-3.4494313e-19,-3.4494313e-19,-19.999996,Object notstarted,Object notstarted,Object notstarted,Object notstarted,Object notstarted,Object notstarted,Object notstarted,Object notstarted,Object notstarted
2024-03-18 10:37:24,363.363,__main___datalogs,INFO,JoyConState.NORMAL,-9.587500,6.625000,-151.710000,5.472231,0.020598,0.050351,0.038908,20.364186,0.000000,0.000000,0.000000,0,0,0,0,0,0,0,0,0,0,0,0.045257568359375,-0.004302978515625,-19.999996,-0.8702036,-57.388916,19.995247,-3.4494313e-19,-3.4494313e-19,-3.4494313e-19,-19.999996,Object notstarted,Object notstarted,Object notstarted,Object notstarted,Object notstarted,Object notstarted,Object notstarted,Object notstarted,Object notstarted
2024-03-18 10:37:24,436.436,__main___datalogs,INFO,JoyConState.NORMAL,-9.587500,6.625000,-151.710000,7.122368,0.025176,0.054928,0.043485,20.364186,0.000000,0.000000,0.000000,0,0,0,0,0,0,0,0,0,0,0,0.045257568359375,-0.004302978515625,-19.999996,-0.8702036,-57.388916,19.995247,-3.4494313e-19,-3.4494313e-19,-3.4494313e-19,-19.999996,Object notstarted,Object notstarted,Object notstarted,Object notstarted,Object notstarted,Object notstarted,Object notstarted,Object notstarted,Object notstarted
2024-03-18 10:37:24,515.515,__main___datalogs,INFO,JoyConState.NORMAL,-9.587500,6.625000,-151.710000,6.628014,0.020598,0.057217,0.038908,20.364186,0.000000,0.000000,0.000000,0,0,0,0,0,0,0,0,0,0,0,0.045257568359375,-0.004302978515625,-19.999996,-0.8702036,-57.388916,19.995247,-3.4494313e-19,-3.4494313e-19,-3.4494313e-19,-19.999996,Object notstarted,Object notstarted,Object notstarted,Object notstarted,Object notstarted,Object notstarted,Object notstarted,Object notstarted,Object notstarted
2024-03-18 10:37:24,587.587,__main___datalogs,INFO,JoyConState.NORMAL,-9.587500,6.625000,-151.710000,9.019683,0.020598,0.054928,0.043485,20.364186,0.000000,0.000000,0.000000,0,0,0,0,0,0,0,0,0,0,0,0.045257568359375,-0.004302978515625,-19.999996,-0.8702036,-57.388916,19.995247,-3.4494313e-19,-3.4494313e-19,-3.4494313e-19,-19.999996,Object notstarted,Object notstarted,Object notstarted,Object notstarted,Object notstarted,Object notstarted,Object notstarted,Object notstarted,Object notstarted
2024-03-18 10:37:24,642.642,__main___datalogs,INFO,JoyConState.NORMAL,-9.587500,6.625000,-151.710000,5.916234,0.029753,0.048062,0.038908,20.364186,0.000000,0.000000,0.000000,0,0,0,0,0,0,0,0,0,0,0,0.045257568359375,-0.004302978515625,-19.999996,-0.8702036,-57.388916,19.995247,-3.4494313e-19,-3.4494313e-19,-3.4494313e-19,-19.999996,Object notstarted,Object notstarted,Object notstarted,Object notstarted,Object notstarted,Object notstarted,Object notstarted,Object notstarted,Object notstarted
2024-03-18 10:37:24,699.699,__main___datalogs,INFO,JoyConState.NORMAL,-9.587500,6.625000,-151.710000,7.802106,0.020598,0.050351,0.043485,20.364186,0.000000,0.000000,0.000000,0,0,0,0,0,0,0,0,0,0,0,0.045257568359375,-0.004302978515625,-19.999996,-0.8702036,-57.388916,19.995247,-3.4494313e-19,-3.4494313e-19,-3.4494313e-19,-19.999996,Object notstarted,Object notstarted,Object notstarted,Object notstarted,Object notstarted,Object notstarted,Object notstarted,Object notstarted,Object notstarted
2024-03-18 10:37:24,754.754,__main___datalogs,INFO,JoyConState.NORMAL,-9.587500,6.625000,-151.710000,9.104363,0.029753,0.050351,0.043485,20.364186,0.000000,0.000000,0.000000,0,0,0,0,0,0,0,0,0,0,0,0.045257568359375,-0.004302978515625,-19.999996,-0.8702036,-57.388916,19.995247,-3.4494313e-19,-3.4494313e-19,-3.4494313e-19,-19.999996,Object notstarted,Object notstarted,Object notstarted,Object notstarted,Object notstarted,Object notstarted,Object notstarted,Object notstarted,Object notstarted
2024-03-18 10:37:24,812.812,__main___datalogs,INFO,JoyConState.NORMAL,-9.587500,6.625000,-151.710000,8.198047,0.025176,0.054928,0.043485,20.364186,0.000000,0.000000,0.000000,0,0,0,0,0,0,0,0,0,0,0,0.045257568359375,-0.004302978515625,-19.999996,-0.8702036,-57.388916,19.995247,-3.4494313e-19,-3.4494313e-19,-3.4494313e-19,-19.999996,Object notstarted,Object notstarted,Object notstarted,Object notstarted,Object notstarted,Object notstarted,Object notstarted,Object notstarted,Object notstarted
2024-03-18 10:37:24,883.883,__main___datalogs,INFO,JoyConState.NORMAL,-9.587500,6.625000,-151.710000,5.838419,0.025176,0.050351,0.038908,20.364186,0.000000,0.000000,0.000000,0,0,0,0,0,0,0,0,0,0,0,0.045257568359375,-0.004302978515625,-19.999996,-0.8702036,-57.388916,19.995247,-3.4494313e-19,-3.4494313e-19,-3.4494313e-19,-19.999996,Object notstarted,Object notstarted,Object notstarted,Object notstarted,Object notstarted,Object notstarted,Object notstarted,Object notstarted,Object notstarted
2024-03-18 10:37:24,956.956,__main___datalogs,INFO,JoyConState.NORMAL,-9.587500,6.625000,-151.710000,8.582545,0.025176,0.054928,0.043485,20.364186,0.000000,0.000000,0.000000,0,0,0,0,0,0,0,0,0,0,0,0.045257568359375,-0.004302978515625,-19.999996,-0.8702036,-57.388916,19.995247,-3.4494313e-19,-3.4494313e-19,-3.4494313e-19,-19.999996,Object notstarted,Object notstarted,Object notstarted,Object notstarted,Object notstarted,Object notstarted,Object notstarted,Object notstarted,Object notstarted
2024-03-18 10:37:25,027.027,__main___datalogs,INFO,JoyConState.NORMAL,-9.587500,6.625000,-151.710000,8.987641,0.020598,0.050351,0.043485,20.364186,0.000000,0.000000,0.000000,0,0,0,0,0,0,0,0,0,0,0,0.045257568359375,-0.004302978515625,-19.999996,-0.8702036,-57.388916,19.995247,-3.4494313e-19,-3.4494313e-19,-3.4494313e-19,-19.999996,Object notstarted,Object notstarted,Object notstarted,Object notstarted,Object notstarted,Object notstarted,Object notstarted,Object notstarted,Object notstarted
2024-03-18 10:37:25,084.084,__main___datalogs,INFO,JoyConState.NORMAL,-9.587500,6.625000,-151.710000,5.996338,0.025176,0.048062,0.038908,20.364186,0.000000,0.000000,0.000000,0,0,0,0,0,0,0,0,0,0,0,0.045257568359375,-0.004302978515625,-19.999996,-0.8702036,-57.388916,19.995247,-3.4494313e-19,-3.4494313e-19,-3.4494313e-19,-19.999996,Object notstarted,Object notstarted,Object notstarted,Object notstarted,Object notstarted,Object notstarted,Object notstarted,Object notstarted,Object notstarted
2024-03-18 10:37:25,138.138,__main___datalogs,INFO,JoyConState.NORMAL,-9.587500,6.625000,-151.710000,7.564083,0.020598,0.048062,0.038908,20.364186,0.000000,0.000000,0.000000,0,0,0,0,0,0,0,0,0,0,0,0.045257568359375,-0.004302978515625,-19.999996,-0.8702036,-57.388916,19.995247,-3.4494313e-19,-3.4494313e-19,-3.4494313e-19,-19.999996,Object notstarted,Object notstarted,Object notstarted,Object notstarted,Object notstarted,Object notstarted,Object notstarted,Object notstarted,Object notstarted
2024-03-18 10:37:25,195.195,__main___datalogs,INFO,JoyConState.NORMAL,-9.587500,6.625000,-151.710000,9.221087,0.025176,0.043485,0.038908,20.364186,0.000000,0.000000,0.000000,0,0,0,0,0,0,0,0,0,0,0,0.045257568359375,-0.004302978515625,-19.999996,-0.8702036,-57.388916,19.995247,-3.4494313e-19,-3.4494313e-19,-3.4494313e-19,-19.999996,Object notstarted,Object notstarted,Object notstarted,Object notstarted,Object notstarted,Object notstarted,Object notstarted,Object notstarted,Object notstarted
2024-03-18 10:37:25,266.266,__main___datalogs,INFO,JoyConState.NORMAL,-9.587500,6.625000,-151.710000,8.600855,0.020598,0.057217,0.048062,20.364186,0.000000,0.000000,0.000000,0,0,0,0,0,0,0,0,0,0,0,0.045257568359375,-0.004302978515625,-19.999996,-0.8702036,-57.388916,19.995247,-3.4494313e-19,-3.4494313e-19,-3.4494313e-19,-19.999996,Object notstarted,Object notstarted,Object notstarted,Object notstarted,Object notstarted,Object notstarted,Object notstarted,Object notstarted,Object notstarted
2024-03-18 10:37:25,339.339,__main___datalogs,INFO,JoyConState.NORMAL,-9.587500,6.625000,-151.710000,9.001373,0.025176,0.050351,0.048062,20.364186,0.000000,0.000000,0.000000,0,0,0,0,0,0,0,0,0,0,0,0.045257568359375,-0.004302978515625,-19.999996,-0.8702036,-57.388916,19.995247,-3.4494313e-19,-3.4494313e-19,-3.4494313e-19,-19.999996,Object notstarted,Object notstarted,Object notstarted,Object notstarted,Object notstarted,Object notstarted,Object notstarted,Object notstarted,Object notstarted
2024-03-18 10:37:25,394.394,__main___datalogs,INFO,JoyConState.NORMAL,-9.587500,6.625000,-151.710000,5.863595,0.029753,0.050351,0.038908,20.364186,0.000000,0.000000,0.000000,0,0,0,0,0,0,0,0,0,0,0,0.045257568359375,-0.004302978515625,-19.999996,-0.8702036,-57.388916,19.995247,-3.4494313e-19,-3.4494313e-19,-3.4494313e-19,-19.999996,Object notstarted,Object notstarted,Object notstarted,Object notstarted,Object notstarted,Object notstarted,Object notstarted,Object notstarted,Object notstarted
2024-03-18 10:37:25,451.451,__main___datalogs,INFO,JoyConState.NORMAL,-9.587500,6.625000,-151.710000,7.255112,0.020598,0.054928,0.048062,20.364186,0.000000,0.000000,0.000000,0,0,0,0,0,0,0,0,0,0,0,0.045257568359375,-0.004302978515625,-19.999996,-0.8702036,-57.388916,19.995247,-3.4494313e-19,-3.4494313e-19,-3.4494313e-19,-19.999996,Object notstarted,Object notstarted,Object notstarted,Object notstarted,Object notstarted,Object notstarted,Object notstarted,Object notstarted,Object notstarted
2024-03-18 10:37:25,538.538,__main___datalogs,INFO,JoyConState.NORMAL,-9.587500,6.625000,-151.710000,9.248550,0.025176,0.050351,0.043485,20.364186,0.000000,0.000000,0.000000,0,0,0,0,0,0,0,0,0,0,0,0.045257568359375,-0.004302978515625,-19.999996,-0.8702036,-57.388916,19.995247,-3.4494313e-19,-3.4494313e-19,-3.4494313e-19,-19.999996,Object notstarted,Object notstarted,Object notstarted,Object notstarted,Object notstarted,Object notstarted,Object notstarted,Object notstarted,Object notstarted
2024-03-18 10:37:25,595.595,__main___datalogs,INFO,JoyConState.NORMAL,-9.587500,6.625000,-151.710000,8.605432,0.020598,0.054928,0.048062,20.364186,0.000000,0.000000,0.000000,0,0,0,0,0,0,0,0,0,0,0,0.045257568359375,-0.004302978515625,-19.999996,-0.8702036,-57.388916,19.995247,-3.4494313e-19,-3.4494313e-19,-3.4494313e-19,-19.999996,Object notstarted,Object notstarted,Object notstarted,Object notstarted,Object notstarted,Object notstarted,Object notstarted,Object notstarted,Object notstarted
2024-03-18 10:37:25,650.650,__main___datalogs,INFO,JoyConState.NORMAL,-9.587500,6.625000,-151.710000,7.158987,0.020598,0.054928,0.048062,20.364186,0.000000,0.000000,0.000000,0,0,0,0,0,0,0,0,0,0,0,0.045257568359375,-0.004302978515625,-19.999996,-0.8702036,-57.388916,19.995247,-3.4494313e-19,-3.4494313e-19,-3.4494313e-19,-19.999996,Object notstarted,Object notstarted,Object notstarted,Object notstarted,Object notstarted,Object notstarted,Object notstarted,Object notstarted,Object notstarted
2024-03-18 10:37:25,707.707,__main___datalogs,INFO,JoyConState.NORMAL,-9.587500,6.625000,-151.710000,6.458652,0.020598,0.054928,0.043485,20.364186,0.000000,0.000000,0.000000,0,0,0,0,0,0,0,0,0,0,0,0.045257568359375,-0.004302978515625,-19.999996,-0.8702036,-57.388916,19.995247,-3.4494313e-19,-3.4494313e-19,-3.4494313e-19,-19.999996,Object notstarted,Object notstarted,Object notstarted,Object notstarted,Object notstarted,Object notstarted,Object notstarted,Object notstarted,Object notstarted
2024-03-18 10:37:25,778.778,__main___datalogs,INFO,JoyConState.NORMAL,-9.587500,6.625000,-151.710000,8.268996,0.018310,0.057217,0.038908,20.364186,0.000000,0.000000,0.000000,0,0,0,0,0,0,0,0,0,0,0,0.045257568359375,-0.004302978515625,-19.999996,-0.8702036,-57.388916,19.995247,-3.4494313e-19,-3.4494313e-19,-3.4494313e-19,-19.999996,Object notstarted,Object notstarted,Object notstarted,Object notstarted,Object notstarted,Object notstarted,Object notstarted,Object notstarted,Object notstarted
2024-03-18 10:37:25,851.851,__main___datalogs,INFO,JoyConState.NORMAL,-9.587500,6.625000,-151.710000,5.547757,0.020598,0.050351,0.043485,20.364186,0.000000,0.000000,0.000000,0,0,0,0,0,0,0,0,0,0,0,0.045257568359375,-0.004302978515625,-19.999996,-0.8702036,-57.388916,19.995247,-3.4494313e-19,-3.4494313e-19,-3.4494313e-19,-19.999996,Object notstarted,Object notstarted,Object notstarted,Object notstarted,Object notstarted,Object notstarted,Object notstarted,Object notstarted,Object notstarted
2024-03-18 10:37:25,922.922,__main___datalogs,INFO,JoyConState.NORMAL,-9.587500,6.625000,-151.710000,8.726732,0.020598,0.054928,0.048062,20.364186,0.000000,0.000000,0.000000,0,0,0,0,0,0,0,0,0,0,0,0.045257568359375,-0.004302978515625,-19.999996,-0.8702036,-57.388916,19.995247,-3.4494313e-19,-3.4494313e-19,-3.4494313e-19,-19.999996,Object notstarted,Object notstarted,Object notstarted,Object notstarted,Object notstarted,Object notstarted,Object notstarted,Object notstarted,Object notstarted
2024-03-18 10:37:25,979.979,__main___datalogs,INFO,JoyConState.NORMAL,-9.587500,6.625000,-151.710000,8.799970,0.018310,0.050351,0.038908,20.364186,0.000000,0.000000,0.000000,0,0,0,0,0,0,0,0,0,0,0,0.045257568359375,-0.004302978515625,-19.999996,-0.8702036,-57.388916,19.995247,-3.4494313e-19,-3.4494313e-19,-3.4494313e-19,-19.999996,Object notstarted,Object notstarted,Object notstarted,Object notstarted,Object notstarted,Object notstarted,Object notstarted,Object notstarted,Object notstarted
2024-03-18 10:37:26,035.035,__main___datalogs,INFO,JoyConState.NORMAL,-9.587500,6.625000,-151.710000,9.010528,0.025176,0.054928,0.043485,20.364186,0.000000,0.000000,0.000000,0,0,0,0,0,0,0,0,0,0,0,0.045257568359375,-0.004302978515625,-19.999996,-0.8702036,-57.388916,19.995247,-3.4494313e-19,-3.4494313e-19,-3.4494313e-19,-19.999996,Object notstarted,Object notstarted,Object notstarted,Object notstarted,Object notstarted,Object notstarted,Object notstarted,Object notstarted,Object notstarted
2024-03-18 10:37:26,091.091,__main___datalogs,INFO,JoyConState.NORMAL,-9.587500,6.625000,-151.710000,8.104211,0.025176,0.054928,0.043485,20.364186,0.000000,0.000000,0.000000,0,0,0,0,0,0,0,0,0,0,0,0.045257568359375,-0.004302978515625,-19.999996,-0.8702036,-57.388916,19.995247,-3.4494313e-19,-3.4494313e-19,-3.4494313e-19,-19.999996,Object notstarted,Object notstarted,Object notstarted,Object notstarted,Object notstarted,Object notstarted,Object notstarted,Object notstarted,Object notstarted
2024-03-18 10:37:26,146.146,__main___datalogs,INFO,JoyConState.NORMAL,-9.587500,6.625000,-151.710000,5.639304,0.020598,0.050351,0.048062,20.364186,0.000000,0.000000,0.000000,0,0,0,0,0,0,0,0,0,0,0,0.045257568359375,-0.004302978515625,-19.999996,-0.8702036,-57.388916,19.995247,-3.4494313e-19,-3.4494313e-19,-3.4494313e-19,-19.999996,Object notstarted,Object notstarted,Object notstarted,Object notstarted,Object notstarted,Object notstarted,Object notstarted,Object notstarted,Object notstarted
2024-03-18 10:37:26,203.203,__main___datalogs,INFO,JoyConState.NORMAL,-9.587500,6.625000,-151.710000,7.303174,0.020598,0.054928,0.048062,20.364186,0.000000,0.000000,0.000000,0,0,0,0,0,0,0,0,0,0,0,0.045257568359375,-0.004302978515625,-19.999996,-0.8702036,-57.388916,19.995247,-3.4494313e-19,-3.4494313e-19,-3.4494313e-19,-19.999996,Object notstarted,Object notstarted,Object notstarted,Object notstarted,Object notstarted,Object notstarted,Object notstarted,Object notstarted,Object notstarted
2024-03-18 10:37:26,258.258,__main___datalogs,INFO,JoyConState.NORMAL,-9.587500,6.625000,-151.710000,9.255417,0.029753,0.050351,0.038908,20.364186,0.000000,0.000000,0.000000,0,0,0,0,0,0,0,0,0,0,0,0.045257568359375,-0.004302978515625,-19.999996,-0.8702036,-57.388916,19.995247,-3.4494313e-19,-3.4494313e-19,-3.4494313e-19,-19.999996,Object notstarted,Object notstarted,Object notstarted,Object notstarted,Object notstarted,Object notstarted,Object notstarted,Object notstarted,Object notstarted
2024-03-18 10:37:26,315.315,__main___datalogs,INFO,JoyConState.NORMAL,-9.587500,6.625000,-151.710000,8.564236,0.020598,0.054928,0.043485,20.364186,0.000000,0.000000,0.000000,0,0,0,0,0,0,0,0,0,0,0,0.045257568359375,-0.004302978515625,-19.999996,-0.8702036,-57.388916,19.995247,-3.4494313e-19,-3.4494313e-19,-3.4494313e-19,-19.999996,Object notstarted,Object notstarted,Object notstarted,Object notstarted,Object notstarted,Object notstarted,Object notstarted,Object notstarted,Object notstarted
2024-03-18 10:37:26,387.387,__main___datalogs,INFO,JoyConState.NORMAL,-9.587500,6.625000,-151.710000,6.536467,0.020598,0.050351,0.038908,20.364186,0.000000,0.000000,0.000000,0,0,0,0,0,0,0,0,0,0,0,0.045257568359375,-0.004302978515625,-19.999996,-0.8702036,-57.388916,19.995247,-3.4494313e-19,-3.4494313e-19,-3.4494313e-19,-19.999996,Object notstarted,Object notstarted,Object notstarted,Object notstarted,Object notstarted,Object notstarted,Object notstarted,Object notstarted,Object notstarted
2024-03-18 10:37:26,442.442,__main___datalogs,INFO,JoyConState.NORMAL,-9.587500,6.625000,-151.710000,8.813702,0.020598,0.054928,0.043485,20.364186,0.000000,0.000000,0.000000,0,0,0,0,0,0,0,0,0,0,0,0.045257568359375,-0.004302978515625,-19.999996,-0.8702036,-57.388916,19.995247,-3.4494313e-19,-3.4494313e-19,-3.4494313e-19,-19.999996,Object notstarted,Object notstarted,Object notstarted,Object notstarted,Object notstarted,Object notstarted,Object notstarted,Object notstarted,Object notstarted
2024-03-18 10:37:26,499.499,__main___datalogs,INFO,JoyConState.NORMAL,-9.587500,6.625000,-151.710000,7.962313,0.020598,0.054928,0.048062,20.364186,0.000000,0.000000,0.000000,0,0,0,0,0,0,0,0,0,0,0,0.045257568359375,-0.004302978515625,-19.999996,-0.8702036,-57.388916,19.995247,-3.4494313e-19,-3.4494313e-19,-3.4494313e-19,-19.999996,Object notstarted,Object notstarted,Object notstarted,Object notstarted,Object notstarted,Object notstarted,Object notstarted,Object notstarted,Object notstarted
2024-03-18 10:37:26,555.555,__main___datalogs,INFO,JoyConState.NORMAL,-9.587500,6.625000,-151.710000,5.531736,0.025176,0.054928,0.043485,20.364186,0.000000,0.000000,0.000000,0,0,0,0,0,0,0,0,0,0,0,0.045257568359375,-0.004302978515625,-19.999996,-0.8702036,-57.388916,19.995247,-3.4494313e-19,-3.4494313e-19,-3.4494313e-19,-19.999996,Object notstarted,Object notstarted,Object notstarted,Object notstarted,Object notstarted,Object notstarted,Object notstarted,Object notstarted,Object notstarted
2024-03-18 10:37:26,626.626,__main___datalogs,INFO,JoyConState.NORMAL,-9.587500,6.625000,-151.710000,6.827128,0.020598,0.057217,0.043485,20.364186,0.000000,0.000000,0.000000,0,0,0,0,0,0,0,0,0,0,0,0.045257568359375,-0.004302978515625,-19.999996,-0.8702036,-57.388916,19.995247,-3.4494313e-19,-3.4494313e-19,-3.4494313e-19,-19.999996,Object notstarted,Object notstarted,Object notstarted,Object notstarted,Object notstarted,Object notstarted,Object notstarted,Object notstarted,Object notstarted
2024-03-18 10:37:26,682.682,__main___datalogs,INFO,JoyConState.NORMAL,-9.587500,6.625000,-151.710000,6.808819,0.020598,0.054928,0.043485,20.364186,0.000000,0.000000,0.000000,0,0,0,0,0,0,0,0,0,0,0,0.045257568359375,-0.004302978515625,-19.999996,-0.8702036,-57.388916,19.995247,-3.4494313e-19,-3.4494313e-19,-3.4494313e-19,-19.999996,Object notstarted,Object notstarted,Object notstarted,Object notstarted,Object notstarted,Object notstarted,Object notstarted,Object notstarted,Object notstarted
2024-03-18 10:37:26,737.737,__main___datalogs,INFO,JoyConState.NORMAL,-9.587500,6.625000,-151.710000,6.760756,0.018310,0.050351,0.043485,20.364186,0.000000,0.000000,0.000000,0,0,0,0,0,0,0,0,0,0,0,0.045257568359375,-0.004302978515625,-19.999996,-0.8702036,-57.388916,19.995247,-3.4494313e-19,-3.4494313e-19,-3.4494313e-19,-19.999996,Object notstarted,Object notstarted,Object notstarted,Object notstarted,Object notstarted,Object notstarted,Object notstarted,Object notstarted,Object notstarted
2024-03-18 10:37:26,794.794,__main___datalogs,INFO,JoyConState.NORMAL,-9.587500,6.625000,-151.710000,9.035704,0.018310,0.050351,0.043485,20.364186,0.000000,0.000000,0.000000,0,0,0,0,0,0,0,0,0,0,0,0.045257568359375,-0.004302978515625,-19.999996,-0.8702036,-57.388916,19.995247,-3.4494313e-19,-3.4494313e-19,-3.4494313e-19,-19.999996,Object notstarted,Object notstarted,Object notstarted,Object notstarted,Object notstarted,Object notstarted,Object notstarted,Object notstarted,Object notstarted
2024-03-18 10:37:26,849.849,__main___datalogs,INFO,JoyConState.NORMAL,-9.587500,6.625000,-151.710000,8.980775,0.025176,0.057217,0.038908,20.364186,0.000000,0.000000,0.000000,0,0,0,0,0,0,0,0,0,0,0,0.045257568359375,-0.004302978515625,-19.999996,-0.8702036,-57.388916,19.995247,-3.4494313e-19,-3.4494313e-19,-3.4494313e-19,-19.999996,Object notstarted,Object notstarted,Object notstarted,Object notstarted,Object notstarted,Object notstarted,Object notstarted,Object notstarted,Object notstarted
2024-03-18 10:37:26,905.905,__main___datalogs,INFO,JoyConState.NORMAL,-9.587500,6.625000,-151.710000,8.886939,0.025176,0.054928,0.043485,20.364186,0.000000,0.000000,0.000000,0,0,0,0,0,0,0,0,0,0,0,0.045257568359375,-0.004302978515625,-19.999996,-0.8702036,-57.388916,19.995247,-3.4494313e-19,-3.4494313e-19,-3.4494313e-19,-19.999996,Object notstarted,Object notstarted,Object notstarted,Object notstarted,Object notstarted,Object notstarted,Object notstarted,Object notstarted,Object notstarted
2024-03-18 10:37:26,960.960,__main___datalogs,INFO,JoyConState.NORMAL,-9.587500,6.625000,-151.710000,5.778913,0.020598,0.050351,0.038908,20.364186,0.000000,0.000000,0.000000,0,0,0,0,0,0,0,0,0,0,0,0.045257568359375,-0.004302978515625,-19.999996,-0.8702036,-57.388916,19.995247,-3.4494313e-19,-3.4494313e-19,-3.4494313e-19,-19.999996,Object notstarted,Object notstarted,Object notstarted,Object notstarted,Object notstarted,Object notstarted,Object notstarted,Object notstarted,Object notstarted
2024-03-18 10:37:27,016.016,__main___datalogs,INFO,JoyConState.NORMAL,-9.587500,6.625000,-151.710000,7.948581,0.020598,0.054928,0.043485,20.364186,0.000000,0.000000,0.000000,0,0,0,0,0,0,0,0,0,0,0,0.045257568359375,-0.004302978515625,-19.999996,-0.8702036,-57.388916,19.995247,-3.4494313e-19,-3.4494313e-19,-3.4494313e-19,-19.999996,Object notstarted,Object notstarted,Object notstarted,Object notstarted,Object notstarted,Object notstarted,Object notstarted,Object notstarted,Object notstarted
2024-03-18 10:37:27,072.072,__main___datalogs,INFO,JoyConState.NORMAL,-9.587500,6.625000,-151.710000,9.108941,0.020598,0.054928,0.043485,20.364186,0.000000,0.000000,0.000000,0,0,0,0,0,0,0,0,0,0,0,0.045257568359375,-0.004302978515625,-19.999996,-0.8702036,-57.388916,19.995247,-3.4494313e-19,-3.4494313e-19,-3.4494313e-19,-19.999996,Object notstarted,Object notstarted,Object notstarted,Object notstarted,Object notstarted,Object notstarted,Object notstarted,Object notstarted,Object notstarted
2024-03-18 10:37:27,129.129,__main___datalogs,INFO,JoyConState.NORMAL,-9.587500,6.625000,-151.710000,8.301038,0.020598,0.050351,0.048062,20.364186,0.000000,0.000000,0.000000,0,0,0,0,0,0,0,0,0,0,0,0.045257568359375,-0.004302978515625,-19.999996,-0.8702036,-57.388916,19.995247,-3.4494313e-19,-3.4494313e-19,-3.4494313e-19,-19.999996,Object notstarted,Object notstarted,Object notstarted,Object notstarted,Object notstarted,Object notstarted,Object notstarted,Object notstarted,Object notstarted
2024-03-18 10:37:27,201.201,__main___datalogs,INFO,JoyConState.NORMAL,-9.587500,6.625000,-151.710000,5.495117,0.025176,0.050351,0.043485,20.364186,0.000000,0.000000,0.000000,0,0,0,0,0,0,0,0,0,0,0,0.045257568359375,-0.004302978515625,-19.999996,-0.8702036,-57.388916,19.995247,-3.4494313e-19,-3.4494313e-19,-3.4494313e-19,-19.999996,Object notstarted,Object notstarted,Object notstarted,Object notstarted,Object notstarted,Object notstarted,Object notstarted,Object notstarted,Object notstarted
2024-03-18 10:37:27,273.273,__main___datalogs,INFO,JoyConState.NORMAL,-9.587500,6.625000,-151.710000,8.548215,0.013732,0.050351,0.038908,20.364186,0.000000,0.000000,0.000000,0,0,0,0,0,0,0,0,0,0,0,0.045257568359375,-0.004302978515625,-19.999996,-0.8702036,-57.388916,19.995247,-3.4494313e-19,-3.4494313e-19,-3.4494313e-19,-19.999996,Object notstarted,Object notstarted,Object notstarted,Object notstarted,Object notstarted,Object notstarted,Object notstarted,Object notstarted,Object notstarted
2024-03-18 10:37:27,344.344,__main___datalogs,INFO,JoyConState.NORMAL,-9.587500,6.625000,-151.710000,9.358407,0.020598,0.050351,0.038908,20.364186,0.000000,0.000000,0.000000,0,0,0,0,0,0,0,0,0,0,0,0.045257568359375,-0.004302978515625,-19.999996,-0.8702036,-57.388916,19.995247,-3.4494313e-19,-3.4494313e-19,-3.4494313e-19,-19.999996,Object notstarted,Object notstarted,Object notstarted,Object notstarted,Object notstarted,Object notstarted,Object notstarted,Object notstarted,Object notstarted
2024-03-18 10:37:27,400.400,__main___datalogs,INFO,JoyConState.NORMAL,-9.587500,6.625000,-151.710000,6.163412,0.025176,0.048062,0.038908,20.364186,0.000000,0.000000,0.000000,0,0,0,0,0,0,0,0,0,0,0,0.045257568359375,-0.004302978515625,-19.999996,-0.8702036,-57.388916,19.995247,-3.4494313e-19,-3.4494313e-19,-3.4494313e-19,-19.999996,Object notstarted,Object notstarted,Object notstarted,Object notstarted,Object notstarted,Object notstarted,Object notstarted,Object notstarted,Object notstarted
2024-03-18 10:37:27,456.456,__main___datalogs,INFO,JoyConState.NORMAL,-9.587500,6.625000,-151.710000,7.635032,0.020598,0.054928,0.043485,20.364186,0.000000,0.000000,0.000000,0,0,0,0,0,0,0,0,0,0,0,0.045257568359375,-0.004302978515625,-19.999996,-0.8702036,-57.388916,19.995247,-3.4494313e-19,-3.4494313e-19,-3.4494313e-19,-19.999996,Object notstarted,Object notstarted,Object notstarted,Object notstarted,Object notstarted,Object notstarted,Object notstarted,Object notstarted,Object notstarted
2024-03-18 10:37:27,512.512,__main___datalogs,INFO,JoyConState.NORMAL,-9.587500,6.625000,-151.710000,9.175313,0.020598,0.050351,0.038908,20.364186,0.000000,0.000000,0.000000,0,0,0,0,0,0,0,0,0,0,0,0.045257568359375,-0.004302978515625,-19.999996,-0.8702036,-57.388916,19.995247,-3.4494313e-19,-3.4494313e-19,-3.4494313e-19,-19.999996,Object notstarted,Object notstarted,Object notstarted,Object notstarted,Object notstarted,Object notstarted,Object notstarted,Object notstarted,Object notstarted
2024-03-18 10:37:27,568.568,__main___datalogs,INFO,JoyConState.NORMAL,-9.587500,6.625000,-151.710000,8.545926,0.020598,0.050351,0.038908,20.364186,0.000000,0.000000,0.000000,0,0,0,0,0,0,0,0,0,0,0,0.045257568359375,-0.004302978515625,-19.999996,-0.8702036,-57.388916,19.995247,-3.4494313e-19,-3.4494313e-19,-3.4494313e-19,-19.999996,Object notstarted,Object notstarted,Object notstarted,Object notstarted,Object notstarted,Object notstarted,Object notstarted,Object notstarted,Object notstarted
2024-03-18 10:37:27,625.625,__main___datalogs,INFO,JoyConState.NORMAL,-9.587500,6.625000,-151.710000,7.014800,0.020598,0.054928,0.038908,20.364186,0.000000,0.000000,0.000000,0,0,0,0,0,0,0,0,0,0,0,0.045257568359375,-0.004302978515625,-19.999996,-0.8702036,-57.388916,19.995247,-3.4494313e-19,-3.4494313e-19,-3.4494313e-19,-19.999996,Object notstarted,Object notstarted,Object notstarted,Object notstarted,Object notstarted,Object notstarted,Object notstarted,Object notstarted,Object notstarted
2024-03-18 10:37:27,688.688,__main___datalogs,INFO,JoyConState.NORMAL,-9.587500,6.625000,-151.710000,6.392280,0.020598,0.050351,0.038908,20.364186,0.000000,0.000000,0.000000,0,0,0,0,0,0,0,0,0,0,0,0.045257568359375,-0.004302978515625,-19.999996,-0.8702036,-57.388916,19.995247,-3.4494313e-19,-3.4494313e-19,-3.4494313e-19,-19.999996,Object notstarted,Object notstarted,Object notstarted,Object notstarted,Object notstarted,Object notstarted,Object notstarted,Object notstarted,Object notstarted
2024-03-18 10:37:27,745.745,__main___datalogs,INFO,JoyConState.NORMAL,-9.587500,6.625000,-151.710000,6.282423,0.029753,0.050351,0.043485,20.364186,0.000000,0.000000,0.000000,0,0,0,0,0,0,0,0,0,0,0,0.045257568359375,-0.004302978515625,-19.999996,-0.8702036,-57.388916,19.995247,-3.4494313e-19,-3.4494313e-19,-3.4494313e-19,-19.999996,Object notstarted,Object notstarted,Object notstarted,Object notstarted,Object notstarted,Object notstarted,Object notstarted,Object notstarted,Object notstarted
2024-03-18 10:37:27,800.800,__main___datalogs,INFO,JoyConState.NORMAL,-9.587500,6.625000,-151.710000,7.742600,0.020598,0.054928,0.043485,20.364186,0.000000,0.000000,0.000000,0,0,0,0,0,0,0,0,0,0,0,0.045257568359375,-0.004302978515625,-19.999996,-0.8702036,-57.388916,19.995247,-3.4494313e-19,-3.4494313e-19,-3.4494313e-19,-19.999996,Object notstarted,Object notstarted,Object notstarted,Object notstarted,Object notstarted,Object notstarted,Object notstarted,Object notstarted,Object notstarted
2024-03-18 10:37:27,856.856,__main___datalogs,INFO,JoyConState.NORMAL,-9.587500,6.625000,-151.710000,9.081477,0.025176,0.050351,0.043485,20.364186,0.000000,0.000000,0.000000,0,0,0,0,0,0,0,0,0,0,0,0.045257568359375,-0.004302978515625,-19.999996,-0.8702036,-57.388916,19.995247,-3.4494313e-19,-3.4494313e-19,-3.4494313e-19,-19.999996,Object notstarted,Object notstarted,Object notstarted,Object notstarted,Object notstarted,Object notstarted,Object notstarted,Object notstarted,Object notstarted
2024-03-18 10:37:27,912.912,__main___datalogs,INFO,JoyConState.NORMAL,-9.587500,6.625000,-151.710000,8.424626,0.025176,0.054928,0.038908,20.364186,0.000000,0.000000,0.000000,0,0,0,0,0,0,0,0,0,0,0,0.045257568359375,-0.004302978515625,-19.999996,-0.8702036,-57.388916,19.995247,-3.4494313e-19,-3.4494313e-19,-3.4494313e-19,-19.999996,Object notstarted,Object notstarted,Object notstarted,Object notstarted,Object notstarted,Object notstarted,Object notstarted,Object notstarted,Object notstarted
2024-03-18 10:37:27,969.969,__main___datalogs,INFO,JoyConState.NORMAL,-9.587500,6.625000,-151.710000,6.090174,0.018310,0.054928,0.038908,20.364186,0.000000,0.000000,0.000000,0,0,0,0,0,0,0,0,0,0,0,0.045257568359375,-0.004302978515625,-19.999996,-0.8702036,-57.388916,19.995247,-3.4494313e-19,-3.4494313e-19,-3.4494313e-19,-19.999996,Object notstarted,Object notstarted,Object notstarted,Object notstarted,Object notstarted,Object notstarted,Object notstarted,Object notstarted,Object notstarted
2024-03-18 10:37:28,024.024,__main___datalogs,INFO,JoyConState.NORMAL,-9.587500,6.625000,-151.710000,6.783644,0.020598,0.054928,0.048062,20.364186,0.000000,0.000000,0.000000,0,0,0,0,0,0,0,0,0,0,0,0.045257568359375,-0.004302978515625,-19.999996,-0.8702036,-57.388916,19.995247,-3.4494313e-19,-3.4494313e-19,-3.4494313e-19,-19.999996,Object notstarted,Object notstarted,Object notstarted,Object notstarted,Object notstarted,Object notstarted,Object notstarted,Object notstarted,Object notstarted
2024-03-18 10:37:28,080.080,__main___datalogs,INFO,JoyConState.NORMAL,-9.587500,6.625000,-151.710000,9.120384,0.020598,0.050351,0.048062,20.364186,0.000000,0.000000,0.000000,0,0,0,0,0,0,0,0,0,0,0,0.045257568359375,-0.004302978515625,-19.999996,-0.8702036,-57.388916,19.995247,-3.4494313e-19,-3.4494313e-19,-3.4494313e-19,-19.999996,Object notstarted,Object notstarted,Object notstarted,Object notstarted,Object notstarted,Object notstarted,Object notstarted,Object notstarted,Object notstarted
2024-03-18 10:37:28,136.136,__main___datalogs,INFO,JoyConState.NORMAL,-9.587500,6.625000,-151.710000,8.946445,0.013732,0.054928,0.043485,20.364186,0.000000,0.000000,0.000000,0,0,0,0,0,0,0,0,0,0,0,0.045257568359375,-0.004302978515625,-19.999996,-0.8702036,-57.388916,19.995247,-3.4494313e-19,-3.4494313e-19,-3.4494313e-19,-19.999996,Object notstarted,Object notstarted,Object notstarted,Object notstarted,Object notstarted,Object notstarted,Object notstarted,Object notstarted,Object notstarted
2024-03-18 10:37:28,193.193,__main___datalogs,INFO,JoyConState.NORMAL,-9.587500,6.625000,-151.710000,7.863900,0.018310,0.050351,0.038908,20.364186,0.000000,0.000000,0.000000,0,0,0,0,0,0,0,0,0,0,0,0.045257568359375,-0.004302978515625,-19.999996,-0.8702036,-57.388916,19.995247,-3.4494313e-19,-3.4494313e-19,-3.4494313e-19,-19.999996,Object notstarted,Object notstarted,Object notstarted,Object notstarted,Object notstarted,Object notstarted,Object notstarted,Object notstarted,Object notstarted
2024-03-18 10:37:28,264.264,__main___datalogs,INFO,JoyConState.NORMAL,-9.587500,6.625000,-151.710000,6.085597,0.029753,0.050351,0.043485,20.364186,0.000000,0.000000,0.000000,0,0,0,0,0,0,0,0,0,0,0,0.045257568359375,-0.004302978515625,-19.999996,-0.8702036,-57.388916,19.995247,-3.4494313e-19,-3.4494313e-19,-3.4494313e-19,-19.999996,Object notstarted,Object notstarted,Object notstarted,Object notstarted,Object notstarted,Object notstarted,Object notstarted,Object notstarted,Object notstarted
2024-03-18 10:37:28,337.337,__main___datalogs,INFO,JoyConState.NORMAL,-9.587500,6.625000,-151.710000,8.191181,0.025176,0.050351,0.038908,20.364186,0.000000,0.000000,0.000000,0,0,0,0,0,0,0,0,0,0,0,0.045257568359375,-0.004302978515625,-19.999996,-0.8702036,-57.388916,19.995247,-3.4494313e-19,-3.4494313e-19,-3.4494313e-19,-19.999996,Object notstarted,Object notstarted,Object notstarted,Object notstarted,Object notstarted,Object notstarted,Object notstarted,Object notstarted,Object notstarted
2024-03-18 10:37:28,409.409,__main___datalogs,INFO,JoyConState.NORMAL,-9.587500,6.625000,-151.710000,9.278303,0.025176,0.050351,0.038908,20.364186,0.000000,0.000000,0.000000,0,0,0,0,0,0,0,0,0,0,0,0.045257568359375,-0.004302978515625,-19.999996,-0.8702036,-57.388916,19.995247,-3.4494313e-19,-3.4494313e-19,-3.4494313e-19,-19.999996,Object notstarted,Object notstarted,Object notstarted,Object notstarted,Object notstarted,Object notstarted,Object notstarted,Object notstarted,Object notstarted
2024-03-18 10:37:28,465.465,__main___datalogs,INFO,JoyConState.NORMAL,-9.587500,6.625000,-151.710000,6.506714,0.018310,0.054928,0.038908,20.364186,0.000000,0.000000,0.000000,0,0,0,0,0,0,0,0,0,0,0,0.045257568359375,-0.004302978515625,-19.999996,-0.8702036,-57.388916,19.995247,-3.4494313e-19,-3.4494313e-19,-3.4494313e-19,-19.999996,Object notstarted,Object notstarted,Object notstarted,Object notstarted,Object notstarted,Object notstarted,Object notstarted,Object notstarted,Object notstarted
2024-03-18 10:37:28,519.519,__main___datalogs,INFO,JoyConState.NORMAL,-9.587500,6.625000,-151.710000,9.049436,0.018310,0.050351,0.038908,20.364186,0.000000,0.000000,0.000000,0,0,0,0,0,0,0,0,0,0,0,0.045257568359375,-0.004302978515625,-19.999996,-0.8702036,-57.388916,19.995247,-3.4494313e-19,-3.4494313e-19,-3.4494313e-19,-19.999996,Object notstarted,Object notstarted,Object notstarted,Object notstarted,Object notstarted,Object notstarted,Object notstarted,Object notstarted,Object notstarted
2024-03-18 10:37:28,575.575,__main___datalogs,INFO,JoyConState.NORMAL,-9.587500,6.625000,-151.710000,8.790814,0.020598,0.050351,0.043485,20.364186,0.000000,0.000000,0.000000,0,0,0,0,0,0,0,0,0,0,0,0.045257568359375,-0.004302978515625,-19.999996,-0.8702036,-57.388916,19.995247,-3.4494313e-19,-3.4494313e-19,-3.4494313e-19,-19.999996,Object notstarted,Object notstarted,Object notstarted,Object notstarted,Object notstarted,Object notstarted,Object notstarted,Object notstarted,Object notstarted
2024-03-18 10:37:28,631.631,__main___datalogs,INFO,JoyConState.NORMAL,-9.587500,6.625000,-151.710000,7.651052,0.020598,0.054928,0.038908,20.364186,0.000000,0.000000,0.000000,0,0,0,0,0,0,0,0,0,0,0,0.045257568359375,-0.004302978515625,-19.999996,-0.8702036,-57.388916,19.995247,-3.4494313e-19,-3.4494313e-19,-3.4494313e-19,-19.999996,Object notstarted,Object notstarted,Object notstarted,Object notstarted,Object notstarted,Object notstarted,Object notstarted,Object notstarted,Object notstarted
2024-03-18 10:37:28,688.688,__main___datalogs,INFO,JoyConState.NORMAL,-9.587500,6.625000,-151.710000,6.131371,0.025176,0.048062,0.038908,20.364186,0.000000,0.000000,0.000000,0,0,0,0,0,0,0,0,0,0,0,0.045257568359375,-0.004302978515625,-19.999996,-0.8702036,-57.388916,19.995247,-3.4494313e-19,-3.4494313e-19,-3.4494313e-19,-19.999996,Object notstarted,Object notstarted,Object notstarted,Object notstarted,Object notstarted,Object notstarted,Object notstarted,Object notstarted,Object notstarted
2024-03-18 10:37:28,751.751,__main___datalogs,INFO,JoyConState.NORMAL,-9.587500,6.625000,-151.710000,7.708270,0.020598,0.050351,0.038908,20.364186,0.000000,0.000000,0.000000,0,0,0,0,0,0,0,0,0,0,0,0.045257568359375,-0.004302978515625,-19.999996,-0.8702036,-57.388916,19.995247,-3.4494313e-19,-3.4494313e-19,-3.4494313e-19,-19.999996,Object notstarted,Object notstarted,Object notstarted,Object notstarted,Object notstarted,Object notstarted,Object notstarted,Object notstarted,Object notstarted
2024-03-18 10:37:28,808.808,__main___datalogs,INFO,JoyConState.NORMAL,-9.587500,6.625000,-151.710000,7.815838,0.020598,0.050351,0.038908,20.364186,0.000000,0.000000,0.000000,0,0,0,0,0,0,0,0,0,0,0,0.045257568359375,-0.004302978515625,-19.999996,-0.8702036,-57.388916,19.995247,-3.4494313e-19,-3.4494313e-19,-3.4494313e-19,-19.999996,Object notstarted,Object notstarted,Object notstarted,Object notstarted,Object notstarted,Object notstarted,Object notstarted,Object notstarted,Object notstarted
2024-03-18 10:37:28,863.863,__main___datalogs,INFO,JoyConState.NORMAL,-9.587500,6.625000,-151.710000,9.060879,0.020598,0.050351,0.043485,20.364186,0.000000,0.000000,0.000000,0,0,0,0,0,0,0,0,0,0,0,0.045257568359375,-0.004302978515625,-19.999996,-0.8702036,-57.388916,19.995247,-3.4494313e-19,-3.4494313e-19,-3.4494313e-19,-19.999996,Object notstarted,Object notstarted,Object notstarted,Object notstarted,Object notstarted,Object notstarted,Object notstarted,Object notstarted,Object notstarted
2024-03-18 10:37:28,918.918,__main___datalogs,INFO,JoyConState.NORMAL,-9.587500,6.625000,-151.710000,8.209491,0.020598,0.050351,0.043485,20.364186,0.000000,0.000000,0.000000,0,0,0,0,0,0,0,0,0,0,0,0.045257568359375,-0.004302978515625,-19.999996,-0.8702036,-57.388916,19.995247,-3.4494313e-19,-3.4494313e-19,-3.4494313e-19,-19.999996,Object notstarted,Object notstarted,Object notstarted,Object notstarted,Object notstarted,Object notstarted,Object notstarted,Object notstarted,Object notstarted
2024-03-18 10:37:28,974.974,__main___datalogs,INFO,JoyConState.NORMAL,-9.587500,6.625000,-151.710000,5.845285,0.020598,0.048062,0.043485,20.364186,0.000000,0.000000,0.000000,0,0,0,0,0,0,0,0,0,0,0,0.045257568359375,-0.004302978515625,-19.999996,-0.8702036,-57.388916,19.995247,-3.4494313e-19,-3.4494313e-19,-3.4494313e-19,-19.999996,Object notstarted,Object notstarted,Object notstarted,Object notstarted,Object notstarted,Object notstarted,Object notstarted,Object notstarted,Object notstarted
2024-03-18 10:37:29,030.030,__main___datalogs,INFO,JoyConState.NORMAL,-9.587500,6.625000,-151.710000,7.722002,0.020598,0.050351,0.038908,20.364186,0.000000,0.000000,0.000000,0,0,0,0,0,0,0,0,0,0,0,0.045257568359375,-0.004302978515625,-19.999996,-0.8702036,-57.388916,19.995247,-3.4494313e-19,-3.4494313e-19,-3.4494313e-19,-19.999996,Object notstarted,Object notstarted,Object notstarted,Object notstarted,Object notstarted,Object notstarted,Object notstarted,Object notstarted,Object notstarted
2024-03-18 10:37:29,085.085,__main___datalogs,INFO,JoyConState.NORMAL,-9.587500,6.625000,-151.710000,9.120384,0.029753,0.048062,0.038908,20.364186,0.000000,0.000000,0.000000,0,0,0,0,0,0,0,0,0,0,0,0.045257568359375,-0.004302978515625,-19.999996,-0.8702036,-57.388916,19.995247,-3.4494313e-19,-3.4494313e-19,-3.4494313e-19,-19.999996,Object notstarted,Object notstarted,Object notstarted,Object notstarted,Object notstarted,Object notstarted,Object notstarted,Object notstarted,Object notstarted
2024-03-18 10:37:29,142.142,__main___datalogs,INFO,JoyConState.NORMAL,-9.587500,6.625000,-151.710000,8.214067,0.013732,0.050351,0.043485,20.364186,0.000000,0.000000,0.000000,0,0,0,0,0,0,0,0,0,0,0,0.045257568359375,-0.004302978515625,-19.999996,-0.8702036,-57.388916,19.995247,-3.4494313e-19,-3.4494313e-19,-3.4494313e-19,-19.999996,Object notstarted,Object notstarted,Object notstarted,Object notstarted,Object notstarted,Object notstarted,Object notstarted,Object notstarted,Object notstarted
2024-03-18 10:37:29,197.197,__main___datalogs,INFO,JoyConState.NORMAL,-9.587500,6.625000,-151.710000,5.600397,0.018310,0.050351,0.038908,20.364186,0.000000,0.000000,0.000000,0,0,0,0,0,0,0,0,0,0,0,0.045257568359375,-0.004302978515625,-19.999996,-0.8702036,-57.388916,19.995247,-3.4494313e-19,-3.4494313e-19,-3.4494313e-19,-19.999996,Object notstarted,Object notstarted,Object notstarted,Object notstarted,Object notstarted,Object notstarted,Object notstarted,Object notstarted,Object notstarted
2024-03-18 10:37:29,254.254,__main___datalogs,INFO,JoyConState.NORMAL,-9.587500,6.625000,-151.710000,7.532042,0.020598,0.050351,0.038908,20.364186,0.000000,0.000000,0.000000,0,0,0,0,0,0,0,0,0,0,0,0.045257568359375,-0.004302978515625,-19.999996,-0.8702036,-57.388916,19.995247,-3.4494313e-19,-3.4494313e-19,-3.4494313e-19,-19.999996,Object notstarted,Object notstarted,Object notstarted,Object notstarted,Object notstarted,Object notstarted,Object notstarted,Object notstarted,Object notstarted
2024-03-18 10:37:29,309.309,__main___datalogs,INFO,JoyConState.NORMAL,-9.587500,6.625000,-151.710000,9.205066,0.020598,0.048062,0.038908,20.364186,0.000000,0.000000,0.000000,0,0,0,0,0,0,0,0,0,0,0,0.045257568359375,-0.004302978515625,-19.999996,-0.8702036,-57.388916,19.995247,-3.4494313e-19,-3.4494313e-19,-3.4494313e-19,-19.999996,Object notstarted,Object notstarted,Object notstarted,Object notstarted,Object notstarted,Object notstarted,Object notstarted,Object notstarted,Object notstarted
2024-03-18 10:37:29,366.366,__main___datalogs,INFO,JoyConState.NORMAL,-9.587500,6.625000,-151.710000,8.355966,0.020598,0.050351,0.038908,20.364186,0.000000,0.000000,0.000000,0,0,0,0,0,0,0,0,0,0,0,0.045257568359375,-0.004302978515625,-19.999996,-0.8702036,-57.388916,19.995247,-3.4494313e-19,-3.4494313e-19,-3.4494313e-19,-19.999996,Object notstarted,Object notstarted,Object notstarted,Object notstarted,Object notstarted,Object notstarted,Object notstarted,Object notstarted,Object notstarted
2024-03-18 10:37:29,437.437,__main___datalogs,INFO,JoyConState.NORMAL,-9.587500,6.625000,-151.710000,5.934544,0.020598,0.050351,0.038908,20.364186,0.000000,0.000000,0.000000,0,0,0,0,0,0,0,0,0,0,0,0.045257568359375,-0.004302978515625,-19.999996,-0.8702036,-57.388916,19.995247,-3.4494313e-19,-3.4494313e-19,-3.4494313e-19,-19.999996,Object notstarted,Object notstarted,Object notstarted,Object notstarted,Object notstarted,Object notstarted,Object notstarted,Object notstarted,Object notstarted
2024-03-18 10:37:29,493.493,__main___datalogs,INFO,JoyConState.NORMAL,-9.587500,6.625000,-151.710000,8.623741,0.025176,0.050351,0.043485,20.364186,0.000000,0.000000,0.000000,0,0,0,0,0,0,0,0,0,0,0,0.045257568359375,-0.004302978515625,-19.999996,-0.8702036,-57.388916,19.995247,-3.4494313e-19,-3.4494313e-19,-3.4494313e-19,-19.999996,Object notstarted,Object notstarted,Object notstarted,Object notstarted,Object notstarted,Object notstarted,Object notstarted,Object notstarted,Object notstarted
2024-03-18 10:37:29,548.548,__main___datalogs,INFO,JoyConState.NORMAL,-9.587500,6.625000,-151.710000,6.964449,0.020598,0.054928,0.043485,20.364186,0.000000,0.000000,0.000000,0,0,0,0,0,0,0,0,0,0,0,0.045257568359375,-0.004302978515625,-19.999996,-0.8702036,-57.388916,19.995247,-3.4494313e-19,-3.4494313e-19,-3.4494313e-19,-19.999996,Object notstarted,Object notstarted,Object notstarted,Object notstarted,Object notstarted,Object notstarted,Object notstarted,Object notstarted,Object notstarted
2024-03-18 10:37:29,605.605,__main___datalogs,INFO,JoyConState.NORMAL,-9.587500,6.625000,-151.710000,6.650900,0.018310,0.054928,0.038908,20.364186,0.000000,0.000000,0.000000,0,0,0,0,0,0,0,0,0,0,0,0.045257568359375,-0.004302978515625,-19.999996,-0.8702036,-57.388916,19.995247,-3.4494313e-19,-3.4494313e-19,-3.4494313e-19,-19.999996,Object notstarted,Object notstarted,Object notstarted,Object notstarted,Object notstarted,Object notstarted,Object notstarted,Object notstarted,Object notstarted
2024-03-18 10:37:29,660.660,__main___datalogs,INFO,JoyConState.NORMAL,-9.587500,6.625000,-151.710000,9.031126,0.020598,0.054928,0.038908,20.364186,0.000000,0.000000,0.000000,0,0,0,0,0,0,0,0,0,0,0,0.045257568359375,-0.004302978515625,-19.999996,-0.8702036,-57.388916,19.995247,-3.4494313e-19,-3.4494313e-19,-3.4494313e-19,-19.999996,Object notstarted,Object notstarted,Object notstarted,Object notstarted,Object notstarted,Object notstarted,Object notstarted,Object notstarted,Object notstarted
2024-03-18 10:37:29,716.716,__main___datalogs,INFO,JoyConState.NORMAL,-9.587500,6.625000,-151.710000,8.864053,0.020598,0.054928,0.043485,20.364186,0.000000,0.000000,0.000000,0,0,0,0,0,0,0,0,0,0,0,0.045257568359375,-0.004302978515625,-19.999996,-0.8702036,-57.388916,19.995247,-3.4494313e-19,-3.4494313e-19,-3.4494313e-19,-19.999996,Object notstarted,Object notstarted,Object notstarted,Object notstarted,Object notstarted,Object notstarted,Object notstarted,Object notstarted,Object notstarted
2024-03-18 10:37:29,796.796,__main___datalogs,INFO,JoyConState.NORMAL,-9.587500,6.625000,-151.710000,7.733445,0.018310,0.054928,0.036619,20.364186,0.000000,0.000000,0.000000,0,0,0,0,0,0,0,0,0,0,0,0.045257568359375,-0.004302978515625,-19.999996,-0.8702036,-57.388916,19.995247,-3.4494313e-19,-3.4494313e-19,-3.4494313e-19,-19.999996,Object notstarted,Object notstarted,Object notstarted,Object notstarted,Object notstarted,Object notstarted,Object notstarted,Object notstarted,Object notstarted
2024-03-18 10:37:29,852.852,__main___datalogs,INFO,JoyConState.NORMAL,-9.587500,6.625000,-151.710000,7.731156,0.020598,0.050351,0.038908,20.364186,0.000000,0.000000,0.000000,0,0,0,0,0,0,0,0,0,0,0,0.045257568359375,-0.004302978515625,-19.999996,-0.8702036,-57.388916,19.995247,-3.4494313e-19,-3.4494313e-19,-3.4494313e-19,-19.999996,Object notstarted,Object notstarted,Object notstarted,Object notstarted,Object notstarted,Object notstarted,Object notstarted,Object notstarted,Object notstarted
2024-03-18 10:37:29,923.923,__main___datalogs,INFO,JoyConState.NORMAL,-9.587500,6.625000,-151.710000,9.120384,0.029753,0.048062,0.043485,20.364186,0.000000,0.000000,0.000000,0,0,0,0,0,0,0,0,0,0,1,0.045257568359375,-0.004302978515625,-19.999996,-0.8702036,-57.388916,19.995247,-3.4494313e-19,-3.4494313e-19,-3.4494313e-19,-19.999996,Object notstarted,Object notstarted,Object notstarted,Object notstarted,Object notstarted,Object notstarted,Object notstarted,Object notstarted,Object notstarted
2024-03-18 10:37:29,980.980,__main___datalogs,INFO,JoyConState.NORMAL,-9.587500,6.625000,-151.752500,7.339792,0.025176,0.048062,0.038908,20.364186,0.000000,0.000000,0.000000,0,0,0,0,0,0,0,0,0,0,1,0.045257568359375,-0.004302978515625,-19.999996,-0.8702036,-57.388916,19.995247,-3.4494313e-19,-3.4494313e-19,-3.4494313e-19,-19.999996,Object notstarted,Object notstarted,Object notstarted,Object notstarted,Object notstarted,Object notstarted,Object notstarted,Object notstarted,Object notstarted
2024-03-18 10:37:30,035.035,__main___datalogs,INFO,JoyConState.NORMAL,-9.587500,6.625000,-152.082500,9.253128,0.029753,0.048062,0.036619,20.364186,0.000000,0.000000,0.000000,0,0,0,0,0,0,0,0,0,0,1,0.045257568359375,-0.004302978515625,-19.999996,-0.8702036,-57.388916,19.995247,-3.4494313e-19,-3.4494313e-19,-3.4494313e-19,-19.999996,Object notstarted,Object notstarted,Object notstarted,Object notstarted,Object notstarted,Object notstarted,Object notstarted,Object notstarted,Object notstarted
2024-03-18 10:37:30,083.083,__main___datalogs,INFO,JoyConState.NORMAL,-9.587500,6.625000,-152.725000,8.518462,0.020598,0.050351,0.043485,20.364186,0.000000,0.000000,0.000000,0,0,0,0,0,0,0,0,0,0,1,0.045257568359375,-0.004302978515625,-19.999996,-0.8702036,-57.388916,19.995247,-3.4494313e-19,-3.4494313e-19,-3.4494313e-19,-19.999996,Object notstarted,Object notstarted,Object notstarted,Object notstarted,Object notstarted,Object notstarted,Object notstarted,Object notstarted,Object notstarted
2024-03-18 10:37:30,127.127,__main___datalogs,INFO,JoyConState.NORMAL,-9.587500,6.625000,-153.500000,7.488557,0.020598,0.050351,0.043485,20.364186,0.000000,0.000000,0.000000,0,0,0,0,0,0,0,0,0,0,1,0.045257568359375,-0.004302978515625,-19.999996,-0.8702036,-57.388916,19.995247,-3.4494313e-19,-3.4494313e-19,-3.4494313e-19,-19.999996,Object notstarted,Object notstarted,Object notstarted,Object notstarted,Object notstarted,Object notstarted,Object notstarted,Object notstarted,Object notstarted
2024-03-18 10:37:30,170.170,__main___datalogs,INFO,JoyConState.NORMAL,-9.587500,6.625000,-154.452500,7.550351,0.018310,0.050351,0.038908,20.364186,0.000000,0.000000,0.000000,0,0,0,0,0,0,0,0,0,0,1,0.045257568359375,-0.004302978515625,-19.999996,-0.8702036,-57.388916,19.995247,-3.4494313e-19,-3.4494313e-19,-3.4494313e-19,-19.999996,Object notstarted,Object notstarted,Object notstarted,Object notstarted,Object notstarted,Object notstarted,Object notstarted,Object notstarted,Object notstarted
2024-03-18 10:37:30,215.215,__main___datalogs,INFO,JoyConState.NORMAL,-9.587500,6.625000,-155.422500,9.157003,0.025176,0.043485,0.038908,20.364186,0.000000,0.000000,0.000000,0,0,0,0,0,0,0,0,0,0,1,0.045257568359375,-0.004302978515625,-19.999996,-0.8702036,-57.388916,19.995247,-3.4494313e-19,-3.4494313e-19,-3.4494313e-19,-19.999996,Object notstarted,Object notstarted,Object notstarted,Object notstarted,Object notstarted,Object notstarted,Object notstarted,Object notstarted,Object notstarted
2024-03-18 10:37:30,258.258,__main___datalogs,INFO,JoyConState.NORMAL,-9.587500,6.625000,-156.225000,6.103906,0.020598,0.043485,0.036619,20.364186,0.000000,0.000000,0.000000,0,0,0,0,0,0,0,0,0,0,1,0.045257568359375,-0.004302978515625,-19.999996,-0.8702036,-57.388916,19.995247,-3.4494313e-19,-3.4494313e-19,-3.4494313e-19,-19.999996,Object notstarted,Object notstarted,Object notstarted,Object notstarted,Object notstarted,Object notstarted,Object notstarted,Object notstarted,Object notstarted
2024-03-18 10:37:30,302.302,__main___datalogs,INFO,JoyConState.NORMAL,-9.587500,6.625000,-156.800000,8.346811,0.018310,0.050351,0.038908,20.364186,0.000000,0.000000,0.000000,0,0,0,0,0,0,0,0,0,0,1,0.045257568359375,-0.004302978515625,-19.999996,-0.8702036,-57.388916,19.995247,-3.4494313e-19,-3.4494313e-19,-3.4494313e-19,-19.999996,Object notstarted,Object notstarted,Object notstarted,Object notstarted,Object notstarted,Object notstarted,Object notstarted,Object notstarted,Object notstarted
2024-03-18 10:37:30,343.343,__main___datalogs,INFO,JoyConState.NORMAL,-9.587500,6.625000,-157.227500,7.834147,0.020598,0.048062,0.038908,20.364186,0.000000,0.000000,0.000000,0,0,0,0,0,0,0,0,0,0,1,0.045257568359375,-0.004302978515625,-19.999996,-0.8702036,-57.388916,19.995247,-3.4494313e-19,-3.4494313e-19,-3.4494313e-19,-19.999996,Object notstarted,Object notstarted,Object notstarted,Object notstarted,Object notstarted,Object notstarted,Object notstarted,Object notstarted,Object notstarted
2024-03-18 10:37:30,386.386,__main___datalogs,INFO,JoyConState.NORMAL,-9.587500,6.625000,-157.442500,5.671346,0.020598,0.050351,0.036619,20.364186,0.000000,0.000000,0.000000,0,0,0,0,0,0,0,0,0,0,1,0.045257568359375,-0.004302978515625,-19.999996,-0.8702036,-57.388916,19.995247,-3.4494313e-19,-3.4494313e-19,-3.4494313e-19,-19.999996,Object notstarted,Object notstarted,Object notstarted,Object notstarted,Object notstarted,Object notstarted,Object notstarted,Object notstarted,Object notstarted
2024-03-18 10:37:30,443.443,__main___datalogs,INFO,JoyConState.NORMAL,-9.587500,6.625000,-157.540000,8.582545,0.018310,0.054928,0.038908,20.364186,0.000000,0.000000,0.000000,0,0,0,0,0,0,0,0,0,0,1,0.045257568359375,-0.004302978515625,-19.999996,-0.8702036,-57.388916,19.995247,-3.4494313e-19,-3.4494313e-19,-3.4494313e-19,-19.999996,Object notstarted,Object notstarted,Object notstarted,Object notstarted,Object notstarted,Object notstarted,Object notstarted,Object notstarted,Object notstarted
2024-03-18 10:37:30,490.490,__main___datalogs,INFO,JoyConState.NORMAL,-9.587500,6.625000,-157.892500,6.712694,0.018310,0.054928,0.038908,20.364186,0.000000,0.000000,0.000000,0,0,0,0,0,0,0,0,0,0,1,0.045257568359375,-0.004302978515625,-19.999996,-0.8702036,-57.388916,19.995247,-3.4494313e-19,-3.4494313e-19,-3.4494313e-19,-19.999996,Object notstarted,Object notstarted,Object notstarted,Object notstarted,Object notstarted,Object notstarted,Object notstarted,Object notstarted,Object notstarted
2024-03-18 10:37:30,533.533,__main___datalogs,INFO,JoyConState.NORMAL,-9.587500,6.625000,-158.452500,9.383583,0.018310,0.054928,0.038908,20.364186,0.000000,0.000000,0.000000,0,0,0,0,0,0,0,0,0,0,1,0.045257568359375,-0.004302978515625,-19.999996,-0.8702036,-57.388916,19.995247,-3.4494313e-19,-3.4494313e-19,-3.4494313e-19,-19.999996,Object notstarted,Object notstarted,Object notstarted,Object notstarted,Object notstarted,Object notstarted,Object notstarted,Object notstarted,Object notstarted
2024-03-18 10:37:30,575.575,__main___datalogs,INFO,JoyConState.NORMAL,-9.587500,6.625000,-159.127500,5.941410,0.020598,0.054928,0.036619,20.364186,0.000000,0.000000,0.000000,0,0,0,0,0,0,0,0,0,0,1,0.045257568359375,-0.004302978515625,-19.999996,-0.8702036,-57.388916,19.995247,-3.4494313e-19,-3.4494313e-19,-3.4494313e-19,-19.999996,Object notstarted,Object notstarted,Object notstarted,Object notstarted,Object notstarted,Object notstarted,Object notstarted,Object notstarted,Object notstarted
2024-03-18 10:37:30,619.619,__main___datalogs,INFO,JoyConState.NORMAL,-9.587500,6.625000,-160.002500,8.557369,0.018310,0.050351,0.043485,20.364186,0.000000,0.000000,0.000000,0,0,0,0,0,0,0,0,0,0,1,0.045257568359375,-0.004302978515625,-19.999996,-0.8702036,-57.388916,19.995247,-3.4494313e-19,-3.4494313e-19,-3.4494313e-19,-19.999996,Object notstarted,Object notstarted,Object notstarted,Object notstarted,Object notstarted,Object notstarted,Object notstarted,Object notstarted,Object notstarted
2024-03-18 10:37:30,663.663,__main___datalogs,INFO,JoyConState.NORMAL,-9.587500,6.625000,-161.060000,8.951022,0.020598,0.050351,0.036619,20.364186,0.000000,0.000000,0.000000,0,0,0,0,0,0,0,0,0,0,1,0.045257568359375,-0.004302978515625,-19.999996,-0.8702036,-57.388916,19.995247,-3.4494313e-19,-3.4494313e-19,-3.4494313e-19,-19.999996,Object notstarted,Object notstarted,Object notstarted,Object notstarted,Object notstarted,Object notstarted,Object notstarted,Object notstarted,Object notstarted
2024-03-18 10:37:30,706.706,__main___datalogs,INFO,JoyConState.NORMAL,-9.587500,6.625000,-162.370000,5.982606,0.020598,0.054928,0.038908,20.364186,0.000000,0.000000,0.000000,0,0,0,0,0,0,0,0,0,0,1,0.045257568359375,-0.004302978515625,-19.999996,-0.8702036,-57.388916,19.995247,-3.4494313e-19,-3.4494313e-19,-3.4494313e-19,-19.999996,Object notstarted,Object notstarted,Object notstarted,Object notstarted,Object notstarted,Object notstarted,Object notstarted,Object notstarted,Object notstarted
2024-03-18 10:37:30,751.751,__main___datalogs,INFO,JoyConState.NORMAL,-9.587500,6.625000,-163.800000,8.928136,0.020598,0.054928,0.038908,20.364186,0.000000,0.000000,0.000000,0,0,0,0,0,0,0,0,0,0,1,0.045257568359375,-0.004302978515625,-19.999996,-0.8702036,-57.388916,19.995247,-3.4494313e-19,-3.4494313e-19,-3.4494313e-19,-19.999996,Object notstarted,Object notstarted,Object notstarted,Object notstarted,Object notstarted,Object notstarted,Object notstarted,Object notstarted,Object notstarted
2024-03-18 10:37:30,824.824,__main___datalogs,INFO,JoyConState.NORMAL,-9.587500,6.625000,-165.345000,6.820263,0.020598,0.050351,0.038908,20.364186,0.000000,0.000000,0.000000,0,0,0,0,0,0,0,0,0,0,1,0.045257568359375,-0.004302978515625,-19.999996,-0.8702036,-57.388916,19.995247,-3.4494313e-19,-3.4494313e-19,-3.4494313e-19,-19.999996,Object notstarted,Object notstarted,Object notstarted,Object notstarted,Object notstarted,Object notstarted,Object notstarted,Object notstarted,Object notstarted
2024-03-18 10:37:30,914.914,__main___datalogs,INFO,JoyConState.NORMAL,-9.587500,6.625000,-168.965000,7.557217,0.018310,0.050351,0.038908,20.364186,0.000000,0.000000,0.000000,0,0,0,0,0,0,0,0,0,0,0,0.045257568359375,-0.004302978515625,-19.999996,-0.8702036,-57.388916,19.995247,-3.4494313e-19,-3.4494313e-19,-3.4494313e-19,-19.999996,Object notstarted,Object notstarted,Object notstarted,Object notstarted,Object notstarted,Object notstarted,Object notstarted,Object notstarted,Object notstarted
2024-03-18 10:37:30,966.966,__main___datalogs,INFO,JoyConState.NORMAL,-9.587500,6.625000,-171.340000,5.772048,0.020598,0.048062,0.038908,20.364186,0.000000,0.000000,0.000000,0,0,0,0,0,0,0,0,0,0,0,0.045257568359375,-0.004302978515625,-19.999996,-0.8702036,-57.388916,19.995247,-3.4494313e-19,-3.4494313e-19,-3.4494313e-19,-19.999996,Object notstarted,Object notstarted,Object notstarted,Object notstarted,Object notstarted,Object notstarted,Object notstarted,Object notstarted,Object notstarted
2024-03-18 10:37:31,022.022,__main___datalogs,INFO,JoyConState.NORMAL,-9.587500,6.625000,-172.805000,9.321788,0.020598,0.050351,0.038908,20.364186,0.000000,0.000000,0.000000,0,0,0,0,0,0,0,0,0,0,0,0.045257568359375,-0.004302978515625,-19.999996,-0.8702036,-57.388916,19.995247,-3.4494313e-19,-3.4494313e-19,-3.4494313e-19,-19.999996,Object notstarted,Object notstarted,Object notstarted,Object notstarted,Object notstarted,Object notstarted,Object notstarted,Object notstarted,Object notstarted
2024-03-18 10:37:31,069.069,__main___datalogs,INFO,JoyConState.NORMAL,-9.587500,6.625000,-174.815000,9.017394,0.020598,0.050351,0.038908,20.364186,0.000000,0.000000,0.000000,0,0,0,0,0,0,0,0,0,0,0,0.045257568359375,-0.004302978515625,-19.999996,-0.8702036,-57.388916,19.995247,-3.4494313e-19,-3.4494313e-19,-3.4494313e-19,-19.999996,Object notstarted,Object notstarted,Object notstarted,Object notstarted,Object notstarted,Object notstarted,Object notstarted,Object notstarted,Object notstarted
2024-03-18 10:37:31,112.112,__main___datalogs,INFO,JoyConState.NORMAL,-9.587500,6.625000,-176.415000,6.200030,0.020598,0.048062,0.036619,20.364186,0.000000,0.000000,0.000000,0,0,0,0,0,0,0,0,0,0,0,0.045257568359375,-0.004302978515625,-19.999996,-0.8702036,-57.388916,19.995247,-3.4494313e-19,-3.4494313e-19,-3.4494313e-19,-19.999996,Object notstarted,Object notstarted,Object notstarted,Object notstarted,Object notstarted,Object notstarted,Object notstarted,Object notstarted,Object notstarted
2024-03-18 10:37:31,155.155,__main___datalogs,INFO,JoyConState.NORMAL,-9.587500,6.625000,-177.960000,8.557369,0.018310,0.050351,0.038908,20.364186,0.000000,0.000000,0.000000,0,0,0,0,0,0,0,0,0,0,0,0.045257568359375,-0.004302978515625,-19.999996,-0.8702036,-57.388916,19.995247,-3.4494313e-19,-3.4494313e-19,-3.4494313e-19,-19.999996,Object notstarted,Object notstarted,Object notstarted,Object notstarted,Object notstarted,Object notstarted,Object notstarted,Object notstarted,Object notstarted
2024-03-18 10:37:31,212.212,__main___datalogs,INFO,JoyConState.NORMAL,-9.587500,6.625000,-179.435000,8.898383,0.020598,0.050351,0.043485,20.364186,0.000000,0.000000,0.000000,0,0,0,0,0,0,0,0,0,0,0,0.045257568359375,-0.004302978515625,-19.999996,-0.8702036,-57.388916,19.995247,-3.4494313e-19,-3.4494313e-19,-3.4494313e-19,-19.999996,Object notstarted,Object notstarted,Object notstarted,Object notstarted,Object notstarted,Object notstarted,Object notstarted,Object notstarted,Object notstarted
2024-03-18 10:37:31,269.269,__main___datalogs,INFO,JoyConState.NORMAL,-9.587500,6.625000,-181.430000,9.145560,0.025176,0.048062,0.038908,20.364186,0.000000,0.000000,0.000000,0,0,0,0,0,0,0,0,0,0,0,0.045257568359375,-0.004302978515625,-19.999996,-0.8702036,-57.388916,19.995247,-3.4494313e-19,-3.4494313e-19,-3.4494313e-19,-19.999996,Object notstarted,Object notstarted,Object notstarted,Object notstarted,Object notstarted,Object notstarted,Object notstarted,Object notstarted,Object notstarted
2024-03-18 10:37:31,326.326,__main___datalogs,INFO,JoyConState.NORMAL,-9.587500,6.625000,-183.385000,8.699267,0.025176,0.054928,0.043485,20.364186,0.000000,0.000000,0.000000,0,0,0,0,0,0,0,0,0,0,0,0.045257568359375,-0.004302978515625,-19.999996,-0.8702036,-57.388916,19.995247,-3.4494313e-19,-3.4494313e-19,-3.4494313e-19,-19.999996,Object notstarted,Object notstarted,Object notstarted,Object notstarted,Object notstarted,Object notstarted,Object notstarted,Object notstarted,Object notstarted
2024-03-18 10:37:31,383.383,__main___datalogs,INFO,JoyConState.NORMAL,-9.587500,6.625000,-185.070000,7.703692,0.020598,0.054928,0.048062,20.364186,0.000000,0.000000,0.000000,0,0,0,0,0,0,0,0,0,0,0,0.045257568359375,-0.004302978515625,-19.999996,-0.8702036,-57.388916,19.995247,-3.4494313e-19,-3.4494313e-19,-3.4494313e-19,-19.999996,Object notstarted,Object notstarted,Object notstarted,Object notstarted,Object notstarted,Object notstarted,Object notstarted,Object notstarted,Object notstarted
2024-03-18 10:37:31,440.440,__main___datalogs,INFO,JoyConState.NORMAL,-9.587500,6.625000,-186.427500,5.852152,0.025176,0.050351,0.043485,20.364186,0.000000,0.000000,0.000000,0,0,0,0,0,0,0,0,0,0,0,0.045257568359375,-0.004302978515625,-19.999996,-0.8702036,-57.388916,19.995247,-3.4494313e-19,-3.4494313e-19,-3.4494313e-19,-19.999996,Object notstarted,Object notstarted,Object notstarted,Object notstarted,Object notstarted,Object notstarted,Object notstarted,Object notstarted,Object notstarted
2024-03-18 10:37:31,514.514,__main___datalogs,INFO,JoyConState.NORMAL,-9.587500,6.625000,-187.472500,7.239091,0.018310,0.068660,0.054928,20.364186,0.000000,0.000000,0.000000,0,0,0,0,0,0,0,0,0,0,0,-0.691802978515625,-0.004302978515625,-19.999996,-0.8702036,-57.388916,19.995247,-3.4494313e-19,-3.4494313e-19,-3.4494313e-19,-19.999996,Object notstarted,Object notstarted,Object notstarted,Object notstarted,Object notstarted,Object notstarted,Object notstarted,Object notstarted,Object notstarted
2024-03-18 10:37:31,586.586,__main___datalogs,INFO,JoyConState.NORMAL,-9.587500,6.625000,-188.342500,6.985047,0.020598,0.057217,0.050351,20.364186,0.000000,0.000000,0.000000,0,0,0,0,0,0,0,0,0,0,0,-0.208740234375,0.026458740234375,-19.999996,-0.8702036,-57.388916,19.995247,-3.4494313e-19,-3.4494313e-19,-3.4494313e-19,-19.999996,Object notstarted,Object notstarted,Object notstarted,Object notstarted,Object notstarted,Object notstarted,Object notstarted,Object notstarted,Object notstarted
2024-03-18 10:37:31,642.642,__main___datalogs,INFO,JoyConState.NORMAL,-9.550000,6.625000,-188.670000,9.010528,0.013732,0.075526,0.061794,20.364186,0.000000,0.000000,0.000000,0,0,0,0,0,0,0,0,0,0,0,0.0379638671875,-0.001861572265625,-19.999996,-0.8702036,-57.388916,19.995247,-3.4494313e-19,-3.4494313e-19,-3.4494313e-19,-19.999996,Object notstarted,Object notstarted,Object notstarted,Object notstarted,Object notstarted,Object notstarted,Object notstarted,Object notstarted,Object notstarted
2024-03-18 10:37:31,697.697,__main___datalogs,INFO,JoyConState.NORMAL,-8.087500,6.625000,-188.670000,8.186604,0.025176,0.068660,0.048062,20.364186,0.000000,0.000000,0.000000,0,0,0,0,0,0,0,0,0,0,0,0.03900146484375,-0.003082275390625,-19.999996,-0.8702036,-57.388916,19.995247,-3.4494313e-19,-3.4494313e-19,-3.4494313e-19,-19.999996,Object notstarted,Object notstarted,Object notstarted,Object notstarted,Object notstarted,Object notstarted,Object notstarted,Object notstarted,Object notstarted
2024-03-18 10:37:31,754.754,__main___datalogs,INFO,JoyConState.NORMAL,-5.400000,6.625000,-188.670000,5.950564,0.025176,0.075526,0.036619,20.364186,0.000000,0.000000,0.000000,0,0,0,0,0,0,0,0,0,0,0,0.0379638671875,-0.003082275390625,-19.999996,-0.8702036,-57.388916,19.995247,-3.4494313e-19,-3.4494313e-19,-3.4494313e-19,-19.999996,Object notstarted,Object notstarted,Object notstarted,Object notstarted,Object notstarted,Object notstarted,Object notstarted,Object notstarted,Object notstarted
2024-03-18 10:37:31,810.810,__main___datalogs,INFO,JoyConState.NORMAL,-2.612500,6.625000,-188.670000,6.614282,0.025176,0.082392,0.025176,20.364186,0.000000,0.000000,0.000000,0,0,0,0,0,0,0,0,0,0,0,0.03900146484375,-0.003082275390625,-19.999996,-0.8702036,-57.388916,19.995247,-3.4494313e-19,-3.4494313e-19,-3.4494313e-19,-19.999996,Object notstarted,Object notstarted,Object notstarted,Object notstarted,Object notstarted,Object notstarted,Object notstarted,Object notstarted,Object notstarted
2024-03-18 10:37:31,866.866,__main___datalogs,INFO,JoyConState.NORMAL,0.200000,6.625000,-188.670000,9.175313,0.025176,0.086970,0.016021,20.364186,0.000000,0.000000,0.000000,0,0,0,0,0,0,0,0,0,0,0,0.03900146484375,-0.004302978515625,-19.999996,-0.8702036,-57.388916,19.995247,-3.4494313e-19,-3.4494313e-19,-3.4494313e-19,-19.999996,Object notstarted,Object notstarted,Object notstarted,Object notstarted,Object notstarted,Object notstarted,Object notstarted,Object notstarted,Object notstarted
2024-03-18 10:37:31,921.921,__main___datalogs,INFO,JoyConState.NORMAL,2.975000,6.625000,-188.670000,8.951022,0.032042,0.086970,0.009155,20.364186,0.000000,0.000000,0.000000,0,0,0,0,0,0,0,0,0,0,0,0.03900146484375,-0.003082275390625,-19.999996,-0.8702036,-57.388916,19.995247,-3.4494313e-19,-3.4494313e-19,-3.4494313e-19,-19.999996,Object notstarted,Object notstarted,Object notstarted,Object notstarted,Object notstarted,Object notstarted,Object notstarted,Object notstarted,Object notstarted
2024-03-18 10:37:32,012.012,__main___datalogs,INFO,JoyConState.NORMAL,6.675000,6.625000,-188.670000,7.930272,0.029753,0.091547,0.009155,18.364186,0.000000,0.000000,0.000000,0,0,0,0,0,0,0,0,0,0,0,0.03900146484375,-0.001861572265625,-19.999996,-0.8702036,-57.388916,19.995247,-3.4494313e-19,-3.4494313e-19,-3.4494313e-19,-19.999996,Object notstarted,Object notstarted,Object notstarted,Object notstarted,Object notstarted,Object notstarted,Object notstarted,Object notstarted,Object notstarted
2024-03-18 10:37:32,083.083,__main___datalogs,INFO,JoyConState.NORMAL,10.262500,6.625000,-188.670000,5.705676,0.025176,0.057217,0.025176,18.364186,0.000000,0.000000,0.000000,0,0,0,0,0,0,0,0,0,0,0,0.0400390625,-0.003082275390625,-19.999996,-0.8702036,-57.388916,19.995247,-3.4494313e-19,-3.4494313e-19,-3.4494313e-19,-19.999996,Object notstarted,Object notstarted,Object notstarted,Object notstarted,Object notstarted,Object notstarted,Object notstarted,Object notstarted,Object notstarted
2024-03-18 10:37:32,140.140,__main___datalogs,INFO,JoyConState.NORMAL,13.900000,6.625000,-188.670000,7.220781,0.018310,0.080104,0.032042,18.364186,0.000000,0.000000,0.000000,0,0,0,0,0,0,0,0,0,0,0,0.03900146484375,-0.003082275390625,-19.999996,-0.8702036,-57.388916,19.995247,-3.4494313e-19,-3.4494313e-19,-3.4494313e-19,-19.999996,Object notstarted,Object notstarted,Object notstarted,Object notstarted,Object notstarted,Object notstarted,Object notstarted,Object notstarted,Object notstarted
2024-03-18 10:37:32,196.196,__main___datalogs,INFO,JoyConState.NORMAL,16.437500,6.625000,-188.670000,5.238786,0.018310,0.082392,0.043485,18.364186,0.000000,0.000000,0.000000,0,0,0,0,0,0,0,0,0,0,0,0.03900146484375,-0.001861572265625,-19.999996,-0.8702036,-57.388916,19.995247,-3.4494313e-19,-3.4494313e-19,-3.4494313e-19,-19.999996,Object notstarted,Object notstarted,Object notstarted,Object notstarted,Object notstarted,Object notstarted,Object notstarted,Object notstarted,Object notstarted
2024-03-18 10:37:32,252.252,__main___datalogs,INFO,JoyConState.NORMAL,17.575000,6.625000,-188.670000,6.454074,0.018310,0.080104,0.038908,18.364186,0.000000,0.000000,0.000000,0,0,0,0,0,0,0,0,0,0,0,0.03900146484375,-0.003082275390625,-19.999996,-0.8702036,-57.388916,19.995247,-3.4494313e-19,-3.4494313e-19,-3.4494313e-19,-19.999996,Object notstarted,Object notstarted,Object notstarted,Object notstarted,Object notstarted,Object notstarted,Object notstarted,Object notstarted,Object notstarted
2024-03-18 10:37:32,308.308,__main___datalogs,INFO,JoyConState.NORMAL,17.587500,6.625000,-188.670000,8.777082,0.018310,0.073238,0.043485,18.364186,0.000000,0.000000,0.000000,0,0,0,0,0,0,0,0,0,0,0,0.03692626953125,-0.001861572265625,-19.999996,-0.8702036,-57.388916,19.995247,-3.4494313e-19,-3.4494313e-19,-3.4494313e-19,-19.999996,Object notstarted,Object notstarted,Object notstarted,Object notstarted,Object notstarted,Object notstarted,Object notstarted,Object notstarted,Object notstarted
2024-03-18 10:37:32,364.364,__main___datalogs,INFO,JoyConState.NORMAL,17.587500,6.625000,-188.670000,8.596277,0.020598,0.075526,0.038908,18.364186,0.000000,0.000000,0.000000,0,0,0,0,0,0,0,0,0,0,0,0.03900146484375,-0.001861572265625,-19.999996,-0.8702036,-57.388916,19.995247,-3.4494313e-19,-3.4494313e-19,-3.4494313e-19,-19.999996,Object notstarted,Object notstarted,Object notstarted,Object notstarted,Object notstarted,Object notstarted,Object notstarted,Object notstarted,Object notstarted
2024-03-18 10:37:32,419.419,__main___datalogs,INFO,JoyConState.NORMAL,17.587500,6.625000,-188.670000,7.744888,0.018310,0.068660,0.038908,18.364186,0.000000,0.000000,0.000000,0,0,0,0,0,0,0,0,0,0,0,0.0379638671875,-0.003082275390625,-19.999996,-0.8702036,-57.388916,19.995247,-3.4494313e-19,-3.4494313e-19,-3.4494313e-19,-19.999996,Object notstarted,Object notstarted,Object notstarted,Object notstarted,Object notstarted,Object notstarted,Object notstarted,Object notstarted,Object notstarted
2024-03-18 10:37:32,475.475,__main___datalogs,INFO,JoyConState.NORMAL,17.587500,6.625000,-188.670000,5.412725,0.013732,0.061794,0.038908,18.364186,0.000000,0.000000,0.000000,0,0,0,0,0,0,0,0,0,0,0,0.03900146484375,-0.003082275390625,-19.999996,-0.8702036,-57.388916,19.995247,-3.4494313e-19,-3.4494313e-19,-3.4494313e-19,-19.999996,Object notstarted,Object notstarted,Object notstarted,Object notstarted,Object notstarted,Object notstarted,Object notstarted,Object notstarted,Object notstarted
2024-03-18 10:37:32,531.531,__main___datalogs,INFO,JoyConState.NORMAL,17.587500,6.625000,-188.670000,5.868173,0.013732,0.068660,0.043485,18.364186,0.000000,0.000000,0.000000,0,0,0,0,0,0,0,0,0,0,0,0.03900146484375,-0.003082275390625,-19.999996,-0.8702036,-57.388916,19.995247,-3.4494313e-19,-3.4494313e-19,-3.4494313e-19,-19.999996,Object notstarted,Object notstarted,Object notstarted,Object notstarted,Object notstarted,Object notstarted,Object notstarted,Object notstarted,Object notstarted
2024-03-18 10:37:32,588.588,__main___datalogs,INFO,JoyConState.NORMAL,17.587500,6.625000,-188.670000,7.454226,0.018310,0.068660,0.038908,18.364186,0.000000,0.000000,0.000000,0,0,0,0,0,0,0,0,0,0,0,0.0400390625,-0.004302978515625,-19.999996,-0.8702036,-57.388916,19.995247,-3.4494313e-19,-3.4494313e-19,-3.4494313e-19,-19.999996,Object notstarted,Object notstarted,Object notstarted,Object notstarted,Object notstarted,Object notstarted,Object notstarted,Object notstarted,Object notstarted
2024-03-18 10:37:32,643.643,__main___datalogs,INFO,JoyConState.NORMAL,17.587500,6.625000,-188.670000,8.836589,0.020598,0.061794,0.036619,18.364186,0.000000,0.000000,0.000000,0,0,0,0,0,0,0,0,0,0,0,0.03900146484375,-0.004302978515625,-19.999996,-0.8702036,-57.388916,19.995247,-3.4494313e-19,-3.4494313e-19,-3.4494313e-19,-19.999996,Object notstarted,Object notstarted,Object notstarted,Object notstarted,Object notstarted,Object notstarted,Object notstarted,Object notstarted,Object notstarted
2024-03-18 10:37:32,700.700,__main___datalogs,INFO,JoyConState.NORMAL,17.587500,6.625000,-188.670000,7.907385,0.013732,0.068660,0.043485,18.364186,0.000000,0.000000,0.000000,0,0,0,0,0,0,0,0,0,0,0,0.0379638671875,-0.004302978515625,-19.999996,-0.8702036,-57.388916,19.995247,-3.4494313e-19,-3.4494313e-19,-3.4494313e-19,-19.999996,Object notstarted,Object notstarted,Object notstarted,Object notstarted,Object notstarted,Object notstarted,Object notstarted,Object notstarted,Object notstarted
2024-03-18 10:37:32,755.755,__main___datalogs,INFO,JoyConState.NORMAL,17.587500,6.625000,-188.670000,5.831553,0.013732,0.066372,0.038908,18.364186,0.000000,0.000000,0.000000,0,0,0,0,0,0,0,0,0,0,0,0.03900146484375,-0.003082275390625,-19.999996,-0.8702036,-57.388916,19.995247,-3.4494313e-19,-3.4494313e-19,-3.4494313e-19,-19.999996,Object notstarted,Object notstarted,Object notstarted,Object notstarted,Object notstarted,Object notstarted,Object notstarted,Object notstarted,Object notstarted
2024-03-18 10:37:32,812.812,__main___datalogs,INFO,JoyConState.NORMAL,17.587500,6.625000,-188.670000,5.934544,0.013732,0.061794,0.038908,18.364186,0.000000,0.000000,0.000000,0,0,0,0,0,0,0,0,0,0,0,0.03900146484375,-0.003082275390625,-19.999996,-0.8702036,-57.388916,19.995247,-3.4494313e-19,-3.4494313e-19,-3.4494313e-19,-19.999996,Object notstarted,Object notstarted,Object notstarted,Object notstarted,Object notstarted,Object notstarted,Object notstarted,Object notstarted,Object notstarted
2024-03-18 10:37:32,867.867,__main___datalogs,INFO,JoyConState.NORMAL,17.587500,6.625000,-188.670000,7.165853,0.018310,0.066372,0.036619,18.364186,0.000000,0.000000,0.000000,0,0,0,0,0,0,0,0,0,0,0,0.0400390625,-0.003082275390625,-19.999996,-0.8702036,-57.388916,19.995247,-3.4494313e-19,-3.4494313e-19,-3.4494313e-19,-19.999996,Object notstarted,Object notstarted,Object notstarted,Object notstarted,Object notstarted,Object notstarted,Object notstarted,Object notstarted,Object notstarted
2024-03-18 10:37:32,923.923,__main___datalogs,INFO,JoyConState.NORMAL,17.587500,6.625000,-188.670000,8.953311,0.018310,0.061794,0.036619,18.364186,0.000000,0.000000,0.000000,0,0,0,0,0,0,0,0,0,0,0,0.0400390625,-0.003082275390625,-19.999996,-0.8702036,-57.388916,19.995247,-3.4494313e-19,-3.4494313e-19,-3.4494313e-19,-19.999996,Object notstarted,Object notstarted,Object notstarted,Object notstarted,Object notstarted,Object notstarted,Object notstarted,Object notstarted,Object notstarted
2024-03-18 10:37:32,978.978,__main___datalogs,INFO,JoyConState.NORMAL,17.587500,6.625000,-188.670000,8.529905,0.006866,0.061794,0.038908,18.364186,0.000000,0.000000,0.000000,0,0,0,0,0,0,0,0,0,0,0,0.03900146484375,-0.004302978515625,-19.999996,-0.8702036,-57.388916,19.995247,-3.4494313e-19,-3.4494313e-19,-3.4494313e-19,-19.999996,Object notstarted,Object notstarted,Object notstarted,Object notstarted,Object notstarted,Object notstarted,Object notstarted,Object notstarted,Object notstarted
2024-03-18 10:37:33,059.059,__main___datalogs,INFO,JoyConState.NORMAL,17.587500,6.625000,-188.670000,7.339792,0.009155,0.057217,0.038908,18.364186,0.000000,0.000000,0.000000,0,0,0,0,0,0,0,0,0,0,0,0.0379638671875,-0.001861572265625,-19.999996,-0.8702036,-57.388916,19.995247,-3.4494313e-19,-3.4494313e-19,-3.4494313e-19,-19.999996,Object notstarted,Object notstarted,Object notstarted,Object notstarted,Object notstarted,Object notstarted,Object notstarted,Object notstarted,Object notstarted
2024-03-18 10:37:33,131.131,__main___datalogs,INFO,JoyConState.NORMAL,17.587500,6.625000,-188.670000,6.422032,0.013732,0.057217,0.036619,18.364186,0.000000,0.000000,0.000000,0,0,0,0,0,0,0,0,0,0,0,0.03900146484375,-0.004302978515625,-19.999996,-0.8702036,-57.388916,19.995247,-3.4494313e-19,-3.4494313e-19,-3.4494313e-19,-19.999996,Object notstarted,Object notstarted,Object notstarted,Object notstarted,Object notstarted,Object notstarted,Object notstarted,Object notstarted,Object notstarted
2024-03-18 10:37:33,187.187,__main___datalogs,INFO,JoyConState.NORMAL,17.587500,6.625000,-188.670000,6.749313,0.009155,0.057217,0.036619,17.864186,0.000000,0.000000,0.000000,0,1,0,0,0,0,0,0,0,0,0,0.03900146484375,-0.003082275390625,-19.999996,-0.8702036,-57.388916,19.995247,-3.4494313e-19,-3.4494313e-19,-3.4494313e-19,-19.999996,Object notstarted,Object notstarted,Object notstarted,Object notstarted,Object notstarted,Object notstarted,Object notstarted,Object notstarted,Object notstarted
2024-03-18 10:37:33,243.243,__main___datalogs,INFO,JoyConState.NORMAL,17.587500,6.625000,-188.670000,5.653036,0.013732,0.054928,0.032042,14.864186,0.000000,0.000000,0.000000,0,1,0,0,0,0,0,0,0,0,0,0.0379638671875,-0.003082275390625,-19.999996,-0.8702036,-57.388916,19.995247,-3.4494313e-19,-3.4494313e-19,-3.4494313e-19,-19.999996,Object notstarted,Object notstarted,Object notstarted,Object notstarted,Object notstarted,Object notstarted,Object notstarted,Object notstarted,Object notstarted
2024-03-18 10:37:33,299.299,__main___datalogs,INFO,JoyConState.NORMAL,17.587500,6.625000,-188.670000,7.145255,0.013732,0.054928,0.038908,11.364186,0.000000,0.000000,0.000000,0,1,0,0,0,0,0,0,0,0,0,0.03900146484375,-0.003082275390625,-19.999996,-0.8702036,-57.388916,19.995247,-3.4494313e-19,-3.4494313e-19,-3.4494313e-19,-19.999996,Object notstarted,Object notstarted,Object notstarted,Object notstarted,Object notstarted,Object notstarted,Object notstarted,Object notstarted,Object notstarted
2024-03-18 10:37:33,354.354,__main___datalogs,INFO,JoyConState.NORMAL,17.587500,6.625000,-188.670000,7.458804,0.013732,0.050351,0.038908,8.364186,0.000000,0.000000,0.000000,0,1,0,0,0,0,0,0,0,0,0,0.03900146484375,-0.003082275390625,-19.999996,-0.8702036,-57.388916,19.995247,-3.4494313e-19,-3.4494313e-19,-3.4494313e-19,-19.999996,Object notstarted,Object notstarted,Object notstarted,Object notstarted,Object notstarted,Object notstarted,Object notstarted,Object notstarted,Object notstarted
2024-03-18 10:37:33,410.410,__main___datalogs,INFO,JoyConState.NORMAL,17.587500,6.625000,-188.670000,5.881905,0.013732,0.050351,0.036619,4.864186,0.000000,0.000000,0.000000,0,1,0,0,0,0,0,0,0,0,0,0.03900146484375,-0.003082275390625,-19.999996,-0.8702036,-57.388916,19.995247,-3.4494313e-19,-3.4494313e-19,-3.4494313e-19,-19.999996,Object notstarted,Object notstarted,Object notstarted,Object notstarted,Object notstarted,Object notstarted,Object notstarted,Object notstarted,Object notstarted
2024-03-18 10:37:33,466.466,__main___datalogs,INFO,JoyConState.NORMAL,17.587500,6.625000,-188.670000,5.373817,0.009155,0.048062,0.036619,1.864186,0.000000,0.000000,0.000000,0,1,0,0,0,0,0,0,0,0,0,0.041107177734375,-0.003082275390625,-19.999996,-0.8702036,-57.388916,19.995247,-3.4494313e-19,-3.4494313e-19,-3.4494313e-19,-19.999996,Object notstarted,Object notstarted,Object notstarted,Object notstarted,Object notstarted,Object notstarted,Object notstarted,Object notstarted,Object notstarted
2024-03-18 10:37:33,522.522,__main___datalogs,INFO,JoyConState.NORMAL,17.587500,6.625000,-188.670000,8.415471,0.009155,0.043485,0.032042,0.000000,0.000000,0.000000,0.000000,0,1,0,0,0,0,0,0,0,0,0,0.03900146484375,-0.003082275390625,-19.999996,-0.8702036,-57.388916,19.995247,-3.4494313e-19,-3.4494313e-19,-3.4494313e-19,-19.999996,Object notstarted,Object notstarted,Object notstarted,Object notstarted,Object notstarted,Object notstarted,Object notstarted,Object notstarted,Object notstarted
2024-03-18 10:37:33,578.578,__main___datalogs,INFO,JoyConState.NORMAL,17.587500,6.625000,-188.670000,3.288831,0.009155,0.038908,0.027464,0.000000,0.000000,0.000000,0.000000,0,1,0,0,0,0,0,0,0,0,0,0.0400390625,-0.003082275390625,-19.999996,-0.8702036,-57.388916,19.995247,-3.4494313e-19,-3.4494313e-19,-3.4494313e-19,-19.999996,Object notstarted,Object notstarted,Object notstarted,Object notstarted,Object notstarted,Object notstarted,Object notstarted,Object notstarted,Object notstarted
2024-03-18 10:37:33,650.650,__main___datalogs,INFO,JoyConState.NORMAL,17.587500,6.625000,-188.670000,2.119317,0.009155,0.029753,0.025176,0.000000,0.000000,0.000000,0.000000,0,1,0,0,0,0,0,0,0,0,0,0.0400390625,-0.003082275390625,-19.999996,-0.8702036,-57.388916,19.995247,-3.4494313e-19,-3.4494313e-19,-3.4494313e-19,-19.999996,Object notstarted,Object notstarted,Object notstarted,Object notstarted,Object notstarted,Object notstarted,Object notstarted,Object notstarted,Object notstarted
2024-03-18 10:37:33,706.706,__main___datalogs,INFO,JoyConState.NORMAL,17.587500,6.625000,-188.670000,1.883583,0.009155,0.011443,0.025176,0.000000,0.000000,0.000000,0.000000,0,1,0,0,0,0,0,0,0,0,0,0.03900146484375,-0.003082275390625,-19.999996,-0.8702036,-57.388916,19.995247,-3.4494313e-19,-3.4494313e-19,-3.4494313e-19,-19.999996,Object notstarted,Object notstarted,Object notstarted,Object notstarted,Object notstarted,Object notstarted,Object notstarted,Object notstarted,Object notstarted
2024-03-18 10:37:33,762.762,__main___datalogs,INFO,JoyConState.NORMAL,17.587500,6.625000,-188.670000,1.819499,0.006866,0.004577,0.016021,0.000000,0.000000,0.000000,0.000000,0,1,0,0,0,0,0,0,0,0,0,0.0379638671875,-0.004302978515625,-19.999996,-0.8702036,-57.388916,19.995247,-3.4494313e-19,-3.4494313e-19,-3.4494313e-19,-19.999996,Object notstarted,Object notstarted,Object notstarted,Object notstarted,Object notstarted,Object notstarted,Object notstarted,Object notstarted,Object notstarted
2024-03-18 10:37:33,818.818,__main___datalogs,INFO,JoyConState.NORMAL,17.587500,6.625000,-188.670000,1.782881,0.006866,-0.002289,0.016021,0.000000,0.000000,0.000000,0.000000,0,1,0,0,0,0,0,0,0,0,0,0.03900146484375,-0.004302978515625,-19.999996,-0.8702036,-57.388916,19.995247,-3.4494313e-19,-3.4494313e-19,-3.4494313e-19,-19.999996,Object notstarted,Object notstarted,Object notstarted,Object notstarted,Object notstarted,Object notstarted,Object notstarted,Object notstarted,Object notstarted
2024-03-18 10:37:33,874.874,__main___datalogs,INFO,JoyConState.NORMAL,17.587500,6.625000,-188.670000,1.748550,0.006866,-0.002289,0.009155,0.000000,0.000000,0.000000,0.000000,0,1,0,0,0,0,0,0,0,0,0,0.0379638671875,-0.003082275390625,-19.999996,-0.8702036,-57.388916,19.995247,-3.4494313e-19,-3.4494313e-19,-3.4494313e-19,-19.999996,Object notstarted,Object notstarted,Object notstarted,Object notstarted,Object notstarted,Object notstarted,Object notstarted,Object notstarted,Object notstarted
2024-03-18 10:37:33,929.929,__main___datalogs,INFO,JoyConState.NORMAL,17.587500,6.625000,-188.670000,1.714221,0.006866,-0.006866,0.009155,0.000000,0.000000,0.000000,0.000000,0,0,0,0,0,0,0,0,0,0,0,0.03900146484375,-0.004302978515625,-19.999996,-0.8702036,-57.388916,19.995247,-3.4494313e-19,-3.4494313e-19,-3.4494313e-19,-19.999996,Object notstarted,Object notstarted,Object notstarted,Object notstarted,Object notstarted,Object notstarted,Object notstarted,Object notstarted,Object notstarted
2024-03-18 10:37:33,986.986,__main___datalogs,INFO,JoyConState.NORMAL,17.587500,6.625000,-188.670000,1.689045,0.002289,-0.006866,0.004577,0.000000,0.000000,0.000000,0.000000,0,0,0,0,0,0,0,0,0,0,0,0.03900146484375,-0.003082275390625,-19.999996,-0.8702036,-57.388916,19.995247,-3.4494313e-19,-3.4494313e-19,-3.4494313e-19,-19.999996,Object notstarted,Object notstarted,Object notstarted,Object notstarted,Object notstarted,Object notstarted,Object notstarted,Object notstarted,Object notstarted
2024-03-18 10:37:34,042.042,__main___datalogs,INFO,JoyConState.NORMAL,17.587500,6.625000,-188.670000,1.666158,0.002289,-0.006866,0.004577,0.000000,0.000000,0.000000,0.000000,0,0,0,0,0,0,0,0,0,0,0,0.03900146484375,-0.001861572265625,-19.999996,-0.8702036,-57.388916,19.995247,-3.4494313e-19,-3.4494313e-19,-3.4494313e-19,-19.999996,Object notstarted,Object notstarted,Object notstarted,Object notstarted,Object notstarted,Object notstarted,Object notstarted,Object notstarted,Object notstarted
2024-03-18 10:37:34,105.105,__main___datalogs,INFO,JoyConState.NORMAL,17.587500,6.625000,-188.670000,1.640983,0.002289,-0.002289,0.004577,0.000000,0.000000,0.000000,0.000000,0,0,0,0,0,0,0,0,0,0,0,0.0400390625,-0.003082275390625,-19.999996,-0.8702036,-57.388916,19.995247,-3.4494313e-19,-3.4494313e-19,-3.4494313e-19,-19.999996,Object notstarted,Object notstarted,Object notstarted,Object notstarted,Object notstarted,Object notstarted,Object notstarted,Object notstarted,Object notstarted
2024-03-18 10:37:34,169.169,__main___datalogs,INFO,JoyConState.NORMAL,17.587500,6.625000,-188.670000,1.615807,0.002289,-0.002289,0.009155,0.000000,0.000000,0.000000,0.000000,0,0,0,0,0,0,0,0,0,0,0,0.0379638671875,-0.0006103515625,-19.999996,-0.8702036,-57.388916,19.995247,-3.4494313e-19,-3.4494313e-19,-3.4494313e-19,-19.999996,Object notstarted,Object notstarted,Object notstarted,Object notstarted,Object notstarted,Object notstarted,Object notstarted,Object notstarted,Object notstarted
2024-03-18 10:37:34,224.224,__main___datalogs,INFO,JoyConState.NORMAL,17.587500,6.625000,-188.670000,1.586054,0.002289,-0.002289,0.004577,0.000000,0.000000,0.000000,0.000000,0,0,0,0,0,0,0,0,0,0,0,0.03900146484375,-0.003082275390625,-19.999996,-0.8702036,-57.388916,19.995247,-3.4494313e-19,-3.4494313e-19,-3.4494313e-19,-19.999996,Object notstarted,Object notstarted,Object notstarted,Object notstarted,Object notstarted,Object notstarted,Object notstarted,Object notstarted,Object notstarted
2024-03-18 10:37:34,279.279,__main___datalogs,INFO,JoyConState.NORMAL,17.587500,6.625000,-188.670000,1.574611,0.002289,-0.002289,0.009155,0.000000,0.000000,0.000000,0.000000,0,0,0,0,0,0,0,0,0,0,0,0.03900146484375,-0.001861572265625,-19.999996,-0.8702036,-57.388916,19.995247,-3.4494313e-19,-3.4494313e-19,-3.4494313e-19,-19.999996,Object notstarted,Object notstarted,Object notstarted,Object notstarted,Object notstarted,Object notstarted,Object notstarted,Object notstarted,Object notstarted
2024-03-18 10:37:34,335.335,__main___datalogs,INFO,JoyConState.NORMAL,17.587500,6.625000,-188.670000,1.544858,0.006866,-0.002289,0.009155,0.000000,0.000000,0.000000,0.000000,0,0,0,0,0,0,0,0,0,0,0,0.03900146484375,-0.003082275390625,-19.999996,-0.8702036,-57.388916,19.995247,-3.4494313e-19,-3.4494313e-19,-3.4494313e-19,-19.999996,Object notstarted,Object notstarted,Object notstarted,Object notstarted,Object notstarted,Object notstarted,Object notstarted,Object notstarted,Object notstarted
2024-03-18 10:37:34,391.391,__main___datalogs,INFO,JoyConState.NORMAL,17.587500,6.625000,-188.670000,1.515105,0.002289,-0.002289,0.004577,0.000000,0.000000,0.000000,0.000000,0,0,0,0,0,0,0,0,0,0,0,0.0400390625,-0.001861572265625,-19.999996,-0.8702036,-57.388916,19.995247,-3.4494313e-19,-3.4494313e-19,-3.4494313e-19,-19.999996,Object notstarted,Object notstarted,Object notstarted,Object notstarted,Object notstarted,Object notstarted,Object notstarted,Object notstarted,Object notstarted
2024-03-18 10:37:34,447.447,__main___datalogs,INFO,JoyConState.NORMAL,17.587500,6.625000,-188.670000,1.494507,0.002289,-0.002289,0.004577,0.000000,0.000000,0.000000,0.000000,0,0,0,0,0,0,0,0,0,0,0,0.03900146484375,-0.003082275390625,-19.999996,-0.8702036,-57.388916,19.995247,-3.4494313e-19,-3.4494313e-19,-3.4494313e-19,-19.999996,Object notstarted,Object notstarted,Object notstarted,Object notstarted,Object notstarted,Object notstarted,Object notstarted,Object notstarted,Object notstarted
2024-03-18 10:37:34,503.503,__main___datalogs,INFO,JoyConState.NORMAL,17.587500,6.625000,-188.670000,1.485353,0.002289,-0.002289,0.004577,0.000000,0.000000,0.000000,0.000000,0,0,0,0,0,0,0,0,0,0,0,0.03900146484375,-0.003082275390625,-19.999996,-0.8702036,-57.388916,19.995247,-3.4494313e-19,-3.4494313e-19,-3.4494313e-19,-19.999996,Object notstarted,Object notstarted,Object notstarted,Object notstarted,Object notstarted,Object notstarted,Object notstarted,Object notstarted,Object notstarted
2024-03-18 10:37:34,559.559,__main___datalogs,INFO,JoyConState.NORMAL,17.587500,6.625000,-188.670000,1.455600,0.002289,-0.002289,0.009155,0.000000,0.000000,0.000000,0.000000,0,0,0,0,0,0,0,0,0,0,0,0.0379638671875,-0.003082275390625,-19.999996,-0.8702036,-57.388916,19.995247,-3.4494313e-19,-3.4494313e-19,-3.4494313e-19,-19.999996,Object notstarted,Object notstarted,Object notstarted,Object notstarted,Object notstarted,Object notstarted,Object notstarted,Object notstarted,Object notstarted
2024-03-18 10:37:34,614.614,__main___datalogs,INFO,JoyConState.NORMAL,17.587500,6.625000,-188.670000,1.441868,0.002289,-0.002289,0.004577,0.000000,0.000000,0.000000,0.000000,0,0,0,0,0,0,0,0,0,0,0,0.0379638671875,-0.003082275390625,-19.999996,-0.8702036,-57.388916,19.995247,-3.4494313e-19,-3.4494313e-19,-3.4494313e-19,-19.999996,Object notstarted,Object notstarted,Object notstarted,Object notstarted,Object notstarted,Object notstarted,Object notstarted,Object notstarted,Object notstarted
2024-03-18 10:37:34,671.671,__main___datalogs,INFO,JoyConState.NORMAL,17.587500,6.625000,-188.670000,1.414403,0.006866,-0.006866,0.004577,0.000000,0.000000,0.000000,0.000000,0,0,0,0,0,0,0,0,0,0,0,0.03900146484375,-0.003082275390625,-19.999996,-0.8702036,-57.388916,19.995247,-3.4494313e-19,-3.4494313e-19,-3.4494313e-19,-19.999996,Object notstarted,Object notstarted,Object notstarted,Object notstarted,Object notstarted,Object notstarted,Object notstarted,Object notstarted,Object notstarted
2024-03-18 10:37:34,726.726,__main___datalogs,INFO,JoyConState.NORMAL,17.587500,6.625000,-188.670000,1.400671,0.002289,-0.002289,0.009155,0.000000,0.000000,0.000000,0.000000,0,0,0,0,0,0,0,0,0,0,0,0.03900146484375,-0.003082275390625,-19.999996,-0.8702036,-57.388916,19.995247,-3.4494313e-19,-3.4494313e-19,-3.4494313e-19,-19.999996,Object notstarted,Object notstarted,Object notstarted,Object notstarted,Object notstarted,Object notstarted,Object notstarted,Object notstarted,Object notstarted
2024-03-18 10:37:34,782.782,__main___datalogs,INFO,JoyConState.NORMAL,17.587500,6.625000,-188.670000,1.382362,0.002289,-0.002289,0.009155,0.000000,0.000000,0.000000,0.000000,0,0,0,0,0,0,0,0,0,0,0,0.03900146484375,-0.003082275390625,-19.999996,-0.8702036,-57.388916,19.995247,-3.4494313e-19,-3.4494313e-19,-3.4494313e-19,-19.999996,Object notstarted,Object notstarted,Object notstarted,Object notstarted,Object notstarted,Object notstarted,Object notstarted,Object notstarted,Object notstarted
2024-03-18 10:37:34,837.837,__main___datalogs,INFO,JoyConState.NORMAL,17.587500,6.625000,-188.670000,1.359475,0.002289,-0.002289,0.004577,0.000000,0.000000,0.000000,0.000000,0,0,0,0,0,0,0,0,0,0,0,0.0400390625,-0.003082275390625,-19.999996,-0.8702036,-57.388916,19.995247,-3.4494313e-19,-3.4494313e-19,-3.4494313e-19,-19.999996,Object notstarted,Object notstarted,Object notstarted,Object notstarted,Object notstarted,Object notstarted,Object notstarted,Object notstarted,Object notstarted
2024-03-18 10:37:34,894.894,__main___datalogs,INFO,JoyConState.NORMAL,17.587500,6.625000,-188.670000,1.345743,0.002289,-0.002289,0.009155,0.000000,0.000000,0.000000,0.000000,0,0,0,0,0,0,0,0,0,0,0,0.0379638671875,-0.001861572265625,-19.999996,-0.8702036,-57.388916,19.995247,-3.4494313e-19,-3.4494313e-19,-3.4494313e-19,-19.999996,Object notstarted,Object notstarted,Object notstarted,Object notstarted,Object notstarted,Object notstarted,Object notstarted,Object notstarted,Object notstarted
2024-03-18 10:37:34,949.949,__main___datalogs,INFO,JoyConState.NORMAL,17.587500,6.625000,-188.670000,1.329722,0.006866,-0.002289,0.009155,0.000000,0.000000,0.000000,0.000000,0,0,0,0,0,0,0,0,0,0,0,0.03900146484375,-0.004302978515625,-19.999996,-0.8702036,-57.388916,19.995247,-3.4494313e-19,-3.4494313e-19,-3.4494313e-19,-19.999996,Object notstarted,Object notstarted,Object notstarted,Object notstarted,Object notstarted,Object notstarted,Object notstarted,Object notstarted,Object notstarted
2024-03-18 10:37:35,006.006,__main___datalogs,INFO,JoyConState.NORMAL,17.587500,6.625000,-188.670000,1.315990,-0.002289,-0.002289,0.004577,0.000000,0.000000,0.000000,0.000000,0,0,0,0,0,0,0,0,0,0,0,0.03900146484375,-0.004302978515625,-19.999996,-0.8702036,-57.388916,19.995247,-3.4494313e-19,-3.4494313e-19,-3.4494313e-19,-19.999996,Object notstarted,Object notstarted,Object notstarted,Object notstarted,Object notstarted,Object notstarted,Object notstarted,Object notstarted,Object notstarted
2024-03-18 10:37:35,061.061,__main___datalogs,INFO,JoyConState.NORMAL,17.587500,6.625000,-188.670000,1.293104,-0.002289,-0.006866,0.009155,0.000000,0.000000,0.000000,0.000000,0,0,0,0,0,0,0,0,0,0,0,0.03900146484375,-0.003082275390625,-19.999996,-0.8702036,-57.388916,19.995247,-3.4494313e-19,-3.4494313e-19,-3.4494313e-19,-19.999996,Object notstarted,Object notstarted,Object notstarted,Object notstarted,Object notstarted,Object notstarted,Object notstarted,Object notstarted,Object notstarted
2024-03-18 10:37:35,134.134,__main___datalogs,INFO,JoyConState.NORMAL,17.587500,6.625000,-188.670000,1.286238,0.002289,-0.002289,0.004577,0.000000,0.000000,0.000000,0.000000,0,0,0,0,0,0,0,0,0,0,0,0.03900146484375,-0.003082275390625,-19.999996,-0.8702036,-57.388916,19.995247,-3.4494313e-19,-3.4494313e-19,-3.4494313e-19,-19.999996,Object notstarted,Object notstarted,Object notstarted,Object notstarted,Object notstarted,Object notstarted,Object notstarted,Object notstarted,Object notstarted
2024-03-18 10:37:35,208.208,__main___datalogs,INFO,JoyConState.NORMAL,17.587500,6.625000,-188.670000,1.263350,0.006866,-0.006866,0.004577,0.000000,0.000000,0.000000,0.000000,0,0,0,0,0,0,0,0,0,0,0,0.03900146484375,-0.003082275390625,-19.999996,-0.8702036,-57.388916,19.995247,-3.4494313e-19,-3.4494313e-19,-3.4494313e-19,-19.999996,Object notstarted,Object notstarted,Object notstarted,Object notstarted,Object notstarted,Object notstarted,Object notstarted,Object notstarted,Object notstarted
2024-03-18 10:37:35,265.265,__main___datalogs,INFO,JoyConState.NORMAL,17.587500,6.625000,-188.670000,1.254196,0.002289,-0.002289,0.002289,0.000000,0.000000,0.000000,0.000000,0,0,0,0,0,0,0,0,0,0,0,0.0379638671875,-0.004302978515625,-19.999996,-0.8702036,-57.388916,19.995247,-3.4494313e-19,-3.4494313e-19,-3.4494313e-19,-19.999996,Object notstarted,Object notstarted,Object notstarted,Object notstarted,Object notstarted,Object notstarted,Object notstarted,Object notstarted,Object notstarted
2024-03-18 10:37:35,321.321,__main___datalogs,INFO,JoyConState.NORMAL,17.587500,6.625000,-188.670000,1.233598,0.002289,-0.006866,0.002289,0.000000,0.000000,0.000000,0.000000,0,0,0,0,0,0,0,0,0,0,0,0.0379638671875,-0.003082275390625,-19.999996,-0.8702036,-57.388916,19.995247,-3.4494313e-19,-3.4494313e-19,-3.4494313e-19,-19.999996,Object notstarted,Object notstarted,Object notstarted,Object notstarted,Object notstarted,Object notstarted,Object notstarted,Object notstarted,Object notstarted
2024-03-18 10:37:35,377.377,__main___datalogs,INFO,JoyConState.NORMAL,17.587500,6.625000,-188.670000,1.213000,0.002289,-0.006866,0.009155,0.000000,0.000000,0.000000,0.000000,0,0,0,0,0,0,0,0,0,0,0,0.03900146484375,-0.001861572265625,-19.999996,-0.8702036,-57.388916,19.995247,-3.4494313e-19,-3.4494313e-19,-3.4494313e-19,-19.999996,Object notstarted,Object notstarted,Object notstarted,Object notstarted,Object notstarted,Object notstarted,Object notstarted,Object notstarted,Object notstarted
2024-03-18 10:37:35,432.432,__main___datalogs,INFO,JoyConState.NORMAL,17.587500,6.625000,-188.670000,1.208422,0.006866,-0.006866,0.009155,0.000000,0.000000,0.000000,0.000000,0,0,0,0,0,0,0,0,0,0,0,0.0379638671875,-0.001861572265625,-19.999996,-0.8702036,-57.388916,19.995247,-3.4494313e-19,-3.4494313e-19,-3.4494313e-19,-19.999996,Object notstarted,Object notstarted,Object notstarted,Object notstarted,Object notstarted,Object notstarted,Object notstarted,Object notstarted,Object notstarted
2024-03-18 10:37:35,489.489,__main___datalogs,INFO,JoyConState.NORMAL,17.587500,6.625000,-188.670000,1.201556,0.006866,-0.006866,0.009155,0.000000,0.000000,0.000000,0.000000,0,0,0,0,0,0,0,0,0,0,0,0.0379638671875,-0.003082275390625,-19.999996,-0.8702036,-57.388916,19.995247,-3.4494313e-19,-3.4494313e-19,-3.4494313e-19,-19.999996,Object notstarted,Object notstarted,Object notstarted,Object notstarted,Object notstarted,Object notstarted,Object notstarted,Object notstarted,Object notstarted
2024-03-18 10:37:35,544.544,__main___datalogs,INFO,JoyConState.NORMAL,17.587500,6.625000,-188.670000,1.185535,-0.002289,-0.006866,0.009155,0.000000,0.000000,0.000000,0.000000,0,0,0,0,0,0,0,0,0,0,0,0.0379638671875,-0.003082275390625,-19.999996,-0.8702036,-57.388916,19.995247,-3.4494313e-19,-3.4494313e-19,-3.4494313e-19,-19.999996,Object notstarted,Object notstarted,Object notstarted,Object notstarted,Object notstarted,Object notstarted,Object notstarted,Object notstarted,Object notstarted
2024-03-18 10:37:35,600.600,__main___datalogs,INFO,JoyConState.NORMAL,17.587500,6.625000,-188.670000,1.171803,0.002289,-0.009155,0.009155,0.000000,0.000000,0.000000,0.000000,0,0,0,0,0,0,0,0,0,0,0,0.03900146484375,-0.001861572265625,-19.999996,-0.8702036,-57.388916,19.995247,-3.4494313e-19,-3.4494313e-19,-3.4494313e-19,-19.999996,Object notstarted,Object notstarted,Object notstarted,Object notstarted,Object notstarted,Object notstarted,Object notstarted,Object notstarted,Object notstarted
2024-03-18 10:37:35,656.656,__main___datalogs,INFO,JoyConState.NORMAL,17.587500,6.625000,-188.670000,1.155783,0.002289,-0.006866,0.009155,0.000000,0.000000,0.000000,0.000000,0,0,0,0,0,0,0,0,0,0,0,0.03900146484375,-0.003082275390625,-19.999996,-0.8702036,-57.388916,19.995247,-3.4494313e-19,-3.4494313e-19,-3.4494313e-19,-19.999996,Object notstarted,Object notstarted,Object notstarted,Object notstarted,Object notstarted,Object notstarted,Object notstarted,Object notstarted,Object notstarted
2024-03-18 10:37:35,712.712,__main___datalogs,INFO,JoyConState.NORMAL,17.587500,6.625000,-188.670000,1.142051,0.002289,-0.002289,0.009155,0.000000,0.000000,0.000000,0.000000,0,0,0,0,0,0,0,0,0,0,0,0.0379638671875,-0.003082275390625,-19.999996,-0.8702036,-57.388916,19.995247,-3.4494313e-19,-3.4494313e-19,-3.4494313e-19,-19.999996,Object notstarted,Object notstarted,Object notstarted,Object notstarted,Object notstarted,Object notstarted,Object notstarted,Object notstarted,Object notstarted
2024-03-18 10:37:35,768.768,__main___datalogs,INFO,JoyConState.NORMAL,17.587500,6.625000,-188.670000,1.123741,0.006866,-0.002289,0.009155,0.000000,0.000000,0.000000,0.000000,0,0,0,0,0,0,0,0,0,0,0,0.0379638671875,-0.003082275390625,-19.999996,-0.8702036,-57.388916,19.995247,-3.4494313e-19,-3.4494313e-19,-3.4494313e-19,-19.999996,Object notstarted,Object notstarted,Object notstarted,Object notstarted,Object notstarted,Object notstarted,Object notstarted,Object notstarted,Object notstarted
2024-03-18 10:37:35,825.825,__main___datalogs,INFO,JoyConState.NORMAL,17.587500,6.625000,-188.670000,1.105432,0.002289,-0.002289,0.004577,0.000000,0.000000,0.000000,0.000000,0,0,0,0,0,0,0,0,0,0,0,0.0400390625,-0.003082275390625,-19.999996,-0.8702036,-57.388916,19.995247,-3.4494313e-19,-3.4494313e-19,-3.4494313e-19,-19.999996,Object notstarted,Object notstarted,Object notstarted,Object notstarted,Object notstarted,Object notstarted,Object notstarted,Object notstarted,Object notstarted
2024-03-18 10:37:35,879.879,__main___datalogs,INFO,JoyConState.NORMAL,17.587500,6.625000,-188.670000,1.089411,0.002289,-0.002289,0.002289,0.000000,0.000000,0.000000,0.000000,0,0,0,0,0,0,0,0,0,0,0,0.03900146484375,-0.004302978515625,-19.999996,-0.8702036,-57.388916,19.995247,-3.4494313e-19,-3.4494313e-19,-3.4494313e-19,-19.999996,Object notstarted,Object notstarted,Object notstarted,Object notstarted,Object notstarted,Object notstarted,Object notstarted,Object notstarted,Object notstarted
2024-03-18 10:37:35,936.936,__main___datalogs,INFO,JoyConState.NORMAL,17.587500,6.625000,-188.670000,1.066525,0.002289,-0.002289,0.004577,0.000000,0.000000,0.000000,0.000000,0,0,0,0,0,0,0,0,0,0,0,0.03900146484375,-0.003082275390625,-19.999996,-0.8702036,-57.388916,19.995247,-3.4494313e-19,-3.4494313e-19,-3.4494313e-19,-19.999996,Object notstarted,Object notstarted,Object notstarted,Object notstarted,Object notstarted,Object notstarted,Object notstarted,Object notstarted,Object notstarted
2024-03-18 10:37:35,991.991,__main___datalogs,INFO,JoyConState.NORMAL,17.587500,6.625000,-188.670000,1.034483,0.002289,-0.002289,0.009155,0.000000,0.000000,0.000000,0.000000,0,0,0,0,0,0,0,0,0,0,0,0.0379638671875,-0.004302978515625,-19.999996,-0.8702036,-57.388916,19.995247,-3.4494313e-19,-3.4494313e-19,-3.4494313e-19,-19.999996,Object notstarted,Object notstarted,Object notstarted,Object notstarted,Object notstarted,Object notstarted,Object notstarted,Object notstarted,Object notstarted
2024-03-18 10:37:36,048.048,__main___datalogs,INFO,JoyConState.NORMAL,17.587500,6.625000,-188.670000,1.011596,0.002289,-0.002289,0.004577,0.000000,0.000000,0.000000,0.000000,0,0,0,0,0,0,0,0,0,0,0,0.03900146484375,-0.003082275390625,-19.999996,-0.8702036,-57.388916,19.995247,-3.4494313e-19,-3.4494313e-19,-3.4494313e-19,-19.999996,Object notstarted,Object notstarted,Object notstarted,Object notstarted,Object notstarted,Object notstarted,Object notstarted,Object notstarted,Object notstarted
2024-03-18 10:37:36,103.103,__main___datalogs,INFO,JoyConState.NORMAL,17.587500,6.625000,-188.670000,0.977266,0.002289,-0.006866,0.004577,0.000000,0.000000,0.000000,0.000000,0,0,0,0,0,0,0,0,0,0,0,0.03900146484375,-0.003082275390625,-19.999996,-0.8702036,-57.388916,19.995247,-3.4494313e-19,-3.4494313e-19,-3.4494313e-19,-19.999996,Object notstarted,Object notstarted,Object notstarted,Object notstarted,Object notstarted,Object notstarted,Object notstarted,Object notstarted,Object notstarted
2024-03-18 10:37:36,159.159,__main___datalogs,INFO,JoyConState.NORMAL,17.587500,6.625000,-188.670000,0.933781,0.002289,-0.006866,0.009155,0.000000,0.000000,0.000000,0.000000,0,0,0,0,0,0,0,0,0,0,0,0.03900146484375,-0.003082275390625,-19.999996,-0.8702036,-57.388916,19.995247,-3.4494313e-19,-3.4494313e-19,-3.4494313e-19,-19.999996,Object notstarted,Object notstarted,Object notstarted,Object notstarted,Object notstarted,Object notstarted,Object notstarted,Object notstarted,Object notstarted
2024-03-18 10:37:36,231.231,__main___datalogs,INFO,JoyConState.NORMAL,17.587500,6.625000,-188.670000,0.897162,0.002289,-0.006866,0.004577,0.000000,0.000000,0.000000,0.000000,0,0,0,0,0,0,0,0,0,0,0,0.03900146484375,-0.003082275390625,-19.999996,-0.8702036,-57.388916,19.995247,-3.4494313e-19,-3.4494313e-19,-3.4494313e-19,-19.999996,Object notstarted,Object notstarted,Object notstarted,Object notstarted,Object notstarted,Object notstarted,Object notstarted,Object notstarted,Object notstarted
2024-03-18 10:37:36,292.292,__main___datalogs,INFO,JoyConState.NORMAL,17.587500,6.625000,-188.670000,0.835368,0.006866,0.002289,0.009155,0.000000,0.000000,0.000000,0.000000,0,0,0,0,0,0,0,0,0,0,0,0.0379638671875,-0.003082275390625,-19.999996,-0.8702036,-57.388916,19.995247,-3.4494313e-19,-3.4494313e-19,-3.4494313e-19,-19.999996,Object notstarted,Object notstarted,Object notstarted,Object notstarted,Object notstarted,Object notstarted,Object notstarted,Object notstarted,Object notstarted
2024-03-18 10:37:36,348.348,__main___datalogs,INFO,JoyConState.NORMAL,17.587500,6.625000,-188.670000,0.775862,-0.002289,0.002289,0.009155,0.000000,0.000000,0.000000,0.000000,0,0,0,0,0,0,0,0,0,0,0,0.03900146484375,-0.003082275390625,-19.999996,-0.8702036,-57.388916,19.995247,-3.4494313e-19,-3.4494313e-19,-3.4494313e-19,-19.999996,Object notstarted,Object notstarted,Object notstarted,Object notstarted,Object notstarted,Object notstarted,Object notstarted,Object notstarted,Object notstarted
2024-03-18 10:37:36,403.403,__main___datalogs,INFO,JoyConState.NORMAL,17.587500,6.625000,-188.670000,0.711779,-0.002289,-0.006866,0.009155,0.000000,0.000000,0.000000,0.000000,0,0,0,0,0,0,0,0,0,0,0,0.03900146484375,-0.003082275390625,-19.999996,-0.8702036,-57.388916,19.995247,-3.4494313e-19,-3.4494313e-19,-3.4494313e-19,-19.999996,Object notstarted,Object notstarted,Object notstarted,Object notstarted,Object notstarted,Object notstarted,Object notstarted,Object notstarted,Object notstarted
2024-03-18 10:37:36,459.459,__main___datalogs,INFO,JoyConState.NORMAL,17.587500,6.625000,-188.670000,0.656851,0.002289,-0.006866,0.009155,0.000000,0.000000,0.000000,0.000000,0,0,0,0,0,0,0,0,0,0,0,0.03900146484375,-0.003082275390625,-19.999996,-0.8702036,-57.388916,19.995247,-3.4494313e-19,-3.4494313e-19,-3.4494313e-19,-19.999996,Object notstarted,Object notstarted,Object notstarted,Object notstarted,Object notstarted,Object notstarted,Object notstarted,Object notstarted,Object notstarted
2024-03-18 10:37:36,516.516,__main___datalogs,INFO,JoyConState.NORMAL,17.587500,6.625000,-188.670000,0.599634,-0.002289,-0.002289,0.004577,0.000000,0.000000,0.000000,0.000000,0,0,0,0,0,0,0,0,0,0,0,0.03900146484375,-0.001861572265625,-19.999996,-0.8702036,-57.388916,19.995247,-3.4494313e-19,-3.4494313e-19,-3.4494313e-19,-19.999996,Object notstarted,Object notstarted,Object notstarted,Object notstarted,Object notstarted,Object notstarted,Object notstarted,Object notstarted,Object notstarted
2024-03-18 10:37:36,571.571,__main___datalogs,INFO,JoyConState.NORMAL,17.587500,6.625000,-188.670000,0.537839,0.002289,-0.002289,0.013732,0.000000,0.000000,0.000000,0.000000,0,0,0,0,0,0,0,0,0,0,0,0.03900146484375,-0.003082275390625,-19.999996,-0.8702036,-57.388916,19.995247,-3.4494313e-19,-3.4494313e-19,-3.4494313e-19,-19.999996,Object notstarted,Object notstarted,Object notstarted,Object notstarted,Object notstarted,Object notstarted,Object notstarted,Object notstarted,Object notstarted
2024-03-18 10:37:36,628.628,__main___datalogs,INFO,JoyConState.NORMAL,17.587500,6.625000,-188.670000,0.478334,0.002289,-0.002289,0.004577,0.000000,0.000000,0.000000,0.000000,0,0,0,0,0,0,0,0,0,0,0,0.03900146484375,-0.001861572265625,-19.999996,-0.8702036,-57.388916,19.995247,-3.4494313e-19,-3.4494313e-19,-3.4494313e-19,-19.999996,Object notstarted,Object notstarted,Object notstarted,Object notstarted,Object notstarted,Object notstarted,Object notstarted,Object notstarted,Object notstarted
2024-03-18 10:37:36,683.683,__main___datalogs,INFO,JoyConState.NORMAL,17.587500,6.625000,-188.670000,0.418828,0.006866,-0.002289,0.004577,0.000000,0.000000,0.000000,0.000000,0,0,0,0,0,0,0,0,0,0,0,0.03692626953125,-0.001861572265625,-19.999996,-0.8702036,-57.388916,19.995247,-3.4494313e-19,-3.4494313e-19,-3.4494313e-19,-19.999996,Object notstarted,Object notstarted,Object notstarted,Object notstarted,Object notstarted,Object notstarted,Object notstarted,Object notstarted,Object notstarted
2024-03-18 10:37:36,739.739,__main___datalogs,INFO,JoyConState.NORMAL,17.587500,6.625000,-188.670000,0.359323,0.002289,-0.006866,0.013732,0.000000,0.000000,0.000000,0.000000,0,0,0,0,0,0,0,0,0,0,0,0.03900146484375,-0.004302978515625,-19.999996,-0.8702036,-57.388916,19.995247,-3.4494313e-19,-3.4494313e-19,-3.4494313e-19,-19.999996,Object notstarted,Object notstarted,Object notstarted,Object notstarted,Object notstarted,Object notstarted,Object notstarted,Object notstarted,Object notstarted
2024-03-18 10:37:36,794.794,__main___datalogs,INFO,JoyConState.NORMAL,17.587500,6.625000,-188.670000,0.299817,0.002289,-0.006866,0.009155,0.000000,0.000000,0.000000,0.000000,0,0,0,0,0,0,0,0,0,0,0,0.03900146484375,-0.004302978515625,-19.999996,-0.8702036,-57.388916,19.995247,-3.4494313e-19,-3.4494313e-19,-3.4494313e-19,-19.999996,Object notstarted,Object notstarted,Object notstarted,Object notstarted,Object notstarted,Object notstarted,Object notstarted,Object notstarted,Object notstarted
2024-03-18 10:37:36,851.851,__main___datalogs,INFO,JoyConState.NORMAL,17.587500,6.625000,-188.670000,0.251755,0.006866,-0.006866,0.009155,0.000000,0.000000,0.000000,0.000000,0,0,0,0,0,0,0,0,0,0,0,0.03900146484375,-0.003082275390625,-19.999996,-0.8702036,-57.388916,19.995247,-3.4494313e-19,-3.4494313e-19,-3.4494313e-19,-19.999996,Object notstarted,Object notstarted,Object notstarted,Object notstarted,Object notstarted,Object notstarted,Object notstarted,Object notstarted,Object notstarted
2024-03-18 10:37:36,906.906,__main___datalogs,INFO,JoyConState.NORMAL,17.587500,6.625000,-188.670000,0.210558,0.006866,-0.006866,0.009155,0.000000,0.000000,0.000000,0.000000,0,0,0,0,0,0,0,0,0,0,0,0.0379638671875,-0.004302978515625,-19.999996,-0.8702036,-57.388916,19.995247,-3.4494313e-19,-3.4494313e-19,-3.4494313e-19,-19.999996,Object notstarted,Object notstarted,Object notstarted,Object notstarted,Object notstarted,Object notstarted,Object notstarted,Object notstarted,Object notstarted
2024-03-18 10:37:36,963.963,__main___datalogs,INFO,JoyConState.NORMAL,17.587500,6.625000,-188.670000,0.178517,0.006866,-0.002289,0.009155,0.000000,0.000000,0.000000,0.000000,0,0,0,0,0,0,0,0,0,0,0,0.03900146484375,-0.003082275390625,-19.999996,-0.8702036,-57.388916,19.995247,-3.4494313e-19,-3.4494313e-19,-3.4494313e-19,-19.999996,Object notstarted,Object notstarted,Object notstarted,Object notstarted,Object notstarted,Object notstarted,Object notstarted,Object notstarted,Object notstarted
2024-03-18 10:37:37,018.018,__main___datalogs,INFO,JoyConState.NORMAL,17.587500,6.625000,-188.670000,0.139610,0.006866,-0.002289,0.013732,0.000000,0.000000,0.000000,0.000000,0,0,0,0,0,0,0,0,0,0,0,0.03900146484375,-0.004302978515625,-19.999996,-0.8702036,-57.388916,19.995247,-3.4494313e-19,-3.4494313e-19,-3.4494313e-19,-19.999996,Object notstarted,Object notstarted,Object notstarted,Object notstarted,Object notstarted,Object notstarted,Object notstarted,Object notstarted,Object notstarted
2024-03-18 10:37:37,075.075,__main___datalogs,INFO,JoyConState.NORMAL,17.587500,6.625000,-188.670000,0.119011,0.002289,-0.002289,0.009155,0.000000,0.000000,0.000000,0.000000,0,0,0,0,0,0,0,0,0,0,0,0.03900146484375,-0.003082275390625,-19.999996,-0.8702036,-57.388916,19.995247,-3.4494313e-19,-3.4494313e-19,-3.4494313e-19,-19.999996,Object notstarted,Object notstarted,Object notstarted,Object notstarted,Object notstarted,Object notstarted,Object notstarted,Object notstarted,Object notstarted
2024-03-18 10:37:37,131.131,__main___datalogs,INFO,JoyConState.NORMAL,17.587500,6.625000,-188.670000,0.096125,0.002289,-0.002289,0.009155,0.000000,0.000000,0.000000,0.000000,0,0,0,0,0,0,0,0,0,0,0,0.03900146484375,-0.003082275390625,-19.999996,-0.8702036,-57.388916,19.995247,-3.4494313e-19,-3.4494313e-19,-3.4494313e-19,-19.999996,Object notstarted,Object notstarted,Object notstarted,Object notstarted,Object notstarted,Object notstarted,Object notstarted,Object notstarted,Object notstarted
2024-03-18 10:37:37,187.187,__main___datalogs,INFO,JoyConState.NORMAL,17.587500,6.625000,-188.670000,0.208270,0.006866,-0.002289,0.009155,0.000000,0.000000,0.000000,0.000000,0,0,0,0,0,0,0,0,0,0,0,0.03900146484375,-0.003082275390625,-19.999996,-0.8702036,-57.388916,19.995247,-3.4494313e-19,-3.4494313e-19,-3.4494313e-19,-19.999996,Object notstarted,Object notstarted,Object notstarted,Object notstarted,Object notstarted,Object notstarted,Object notstarted,Object notstarted,Object notstarted
2024-03-18 10:37:37,258.258,__main___datalogs,INFO,JoyConState.NORMAL,17.587500,6.625000,-188.670000,0.077815,0.002289,0.002289,0.004577,0.000000,0.000000,0.000000,0.000000,0,0,0,0,0,0,0,0,0,0,0,0.03900146484375,-0.004302978515625,-19.999996,-0.8702036,-57.388916,19.995247,-3.4494313e-19,-3.4494313e-19,-3.4494313e-19,-19.999996,Object notstarted,Object notstarted,Object notstarted,Object notstarted,Object notstarted,Object notstarted,Object notstarted,Object notstarted,Object notstarted
2024-03-18 10:37:37,318.318,__main___datalogs,INFO,JoyConState.NORMAL,17.587500,6.625000,-188.670000,0.196826,0.002289,-0.002289,0.002289,0.000000,0.000000,0.000000,0.000000,0,0,0,0,0,0,0,0,0,0,0,0.03900146484375,-0.003082275390625,-19.999996,-0.8702036,-57.388916,19.995247,-3.4494313e-19,-3.4494313e-19,-3.4494313e-19,-19.999996,Object notstarted,Object notstarted,Object notstarted,Object notstarted,Object notstarted,Object notstarted,Object notstarted,Object notstarted,Object notstarted
2024-03-18 10:37:37,374.374,__main___datalogs,INFO,JoyConState.NORMAL,17.587500,6.625000,-188.670000,0.244889,0.002289,-0.002289,0.004577,0.000000,0.000000,0.000000,0.000000,0,0,0,0,0,0,0,0,0,0,0,0.03900146484375,-0.004302978515625,-19.999996,-0.8702036,-57.388916,19.995247,-3.4494313e-19,-3.4494313e-19,-3.4494313e-19,-19.999996,Object notstarted,Object notstarted,Object notstarted,Object notstarted,Object notstarted,Object notstarted,Object notstarted,Object notstarted,Object notstarted
2024-03-18 10:37:37,430.430,__main___datalogs,INFO,JoyConState.NORMAL,17.587500,6.625000,-188.670000,0.073238,0.002289,-0.002289,0.004577,0.000000,0.000000,0.000000,0.000000,0,0,0,0,0,0,0,0,0,0,0,0.0400390625,-0.004302978515625,-19.999996,-0.8702036,-57.388916,19.995247,-3.4494313e-19,-3.4494313e-19,-3.4494313e-19,-19.999996,Object notstarted,Object notstarted,Object notstarted,Object notstarted,Object notstarted,Object notstarted,Object notstarted,Object notstarted,Object notstarted
2024-03-18 10:37:37,486.486,__main___datalogs,INFO,JoyConState.NORMAL,17.587500,6.625000,-188.670000,0.050351,0.002289,-0.002289,0.009155,0.000000,0.000000,0.000000,0.000000,0,0,0,0,0,0,0,0,0,0,0,0.03900146484375,-0.003082275390625,-19.999996,-0.8702036,-57.388916,19.995247,-3.4494313e-19,-3.4494313e-19,-3.4494313e-19,-19.999996,Object notstarted,Object notstarted,Object notstarted,Object notstarted,Object notstarted,Object notstarted,Object notstarted,Object notstarted,Object notstarted
2024-03-18 10:37:37,541.541,__main___datalogs,INFO,JoyConState.NORMAL,17.587500,6.625000,-188.670000,0.029753,0.006866,-0.006866,0.004577,0.000000,0.000000,0.000000,0.000000,0,0,0,0,0,0,0,0,0,0,0,0.03900146484375,-0.003082275390625,-19.999996,-0.8702036,-57.388916,19.995247,-3.4494313e-19,-3.4494313e-19,-3.4494313e-19,-19.999996,Object notstarted,Object notstarted,Object notstarted,Object notstarted,Object notstarted,Object notstarted,Object notstarted,Object notstarted,Object notstarted
2024-03-18 10:37:37,597.597,__main___datalogs,INFO,JoyConState.NORMAL,17.587500,6.625000,-188.670000,0.125877,0.006866,-0.006866,0.009155,0.000000,0.000000,0.000000,0.000000,0,0,0,0,0,0,0,0,0,0,0,0.0400390625,-0.004302978515625,-19.999996,-0.8702036,-57.388916,19.995247,-3.4494313e-19,-3.4494313e-19,-3.4494313e-19,-19.999996,Object notstarted,Object notstarted,Object notstarted,Object notstarted,Object notstarted,Object notstarted,Object notstarted,Object notstarted,Object notstarted
2024-03-18 10:37:37,653.653,__main___datalogs,INFO,JoyConState.NORMAL,17.587500,6.625000,-188.670000,0.167074,0.006866,-0.002289,0.009155,0.000000,0.000000,0.000000,0.000000,0,0,0,0,0,0,0,0,0,0,0,0.0379638671875,-0.003082275390625,-19.999996,-0.8702036,-57.388916,19.995247,-3.4494313e-19,-3.4494313e-19,-3.4494313e-19,-19.999996,Object notstarted,Object notstarted,Object notstarted,Object notstarted,Object notstarted,Object notstarted,Object notstarted,Object notstarted,Object notstarted
2024-03-18 10:37:37,709.709,__main___datalogs,INFO,JoyConState.NORMAL,17.587500,6.625000,-188.670000,0.187672,0.002289,0.002289,0.009155,0.000000,0.000000,0.000000,0.000000,0,0,0,0,0,0,0,0,0,0,0,0.0379638671875,-0.003082275390625,-19.999996,-0.8702036,-57.388916,19.995247,-3.4494313e-19,-3.4494313e-19,-3.4494313e-19,-19.999996,Object notstarted,Object notstarted,Object notstarted,Object notstarted,Object notstarted,Object notstarted,Object notstarted,Object notstarted,Object notstarted
2024-03-18 10:37:37,765.765,__main___datalogs,INFO,JoyConState.NORMAL,17.587500,6.625000,-188.670000,0.073238,0.002289,-0.002289,0.009155,0.000000,0.000000,0.000000,0.000000,0,0,0,0,0,0,0,0,0,0,0,0.03900146484375,-0.003082275390625,-19.999996,-0.8702036,-57.388916,19.995247,-3.4494313e-19,-3.4494313e-19,-3.4494313e-19,-19.999996,Object notstarted,Object notstarted,Object notstarted,Object notstarted,Object notstarted,Object notstarted,Object notstarted,Object notstarted,Object notstarted
2024-03-18 10:37:37,820.820,__main___datalogs,INFO,JoyConState.NORMAL,17.587500,6.625000,-188.670000,0.036619,-0.002289,-0.002289,0.009155,0.000000,0.000000,0.000000,0.000000,0,0,0,0,0,0,0,0,0,0,0,0.03900146484375,-0.003082275390625,-19.999996,-0.8702036,-57.388916,19.995247,-3.4494313e-19,-3.4494313e-19,-3.4494313e-19,-19.999996,Object notstarted,Object notstarted,Object notstarted,Object notstarted,Object notstarted,Object notstarted,Object notstarted,Object notstarted,Object notstarted
2024-03-18 10:37:37,877.877,__main___datalogs,INFO,JoyConState.NORMAL,17.587500,6.625000,-188.670000,0.029753,-0.004577,-0.002289,0.009155,0.000000,0.000000,0.000000,0.000000,0,0,0,0,0,0,0,0,0,1,0,0.03900146484375,-0.004302978515625,-19.999996,-0.8702036,-57.388916,19.995247,-3.4494313e-19,-3.4494313e-19,-3.4494313e-19,-19.999996,Object notstarted,Object notstarted,Object notstarted,Object notstarted,Object notstarted,Object notstarted,Object notstarted,Object notstarted,Object notstarted
2024-03-18 10:37:37,932.932,__main___datalogs,INFO,JoyConState.NORMAL,17.587500,6.625000,-188.655000,0.034330,-0.002289,0.002289,0.009155,0.000000,0.000000,0.000000,0.000000,0,0,0,0,0,0,0,0,0,1,0,0.03900146484375,-0.003082275390625,-19.999996,-0.8702036,-57.388916,19.995247,-3.4494313e-19,-3.4494313e-19,-3.4494313e-19,-19.999996,Object notstarted,Object notstarted,Object notstarted,Object notstarted,Object notstarted,Object notstarted,Object notstarted,Object notstarted,Object notstarted
2024-03-18 10:37:37,988.988,__main___datalogs,INFO,JoyConState.NORMAL,17.587500,6.625000,-188.380000,0.066372,-0.002289,-0.002289,0.009155,0.000000,0.000000,0.000000,0.000000,0,0,0,0,0,0,0,0,0,1,0,0.03900146484375,-0.003082275390625,-19.999996,-0.8702036,-57.388916,19.995247,-3.4494313e-19,-3.4494313e-19,-3.4494313e-19,-19.999996,Object notstarted,Object notstarted,Object notstarted,Object notstarted,Object notstarted,Object notstarted,Object notstarted,Object notstarted,Object notstarted
2024-03-18 10:37:38,036.036,__main___datalogs,INFO,JoyConState.NORMAL,17.587500,6.625000,-187.800000,0.167074,0.002289,-0.006866,0.013732,0.000000,0.000000,0.000000,0.000000,0,0,0,0,0,0,0,0,0,1,0,0.03900146484375,-0.001861572265625,-19.999996,-0.8702036,-57.388916,19.995247,-3.4494313e-19,-3.4494313e-19,-3.4494313e-19,-19.999996,Object notstarted,Object notstarted,Object notstarted,Object notstarted,Object notstarted,Object notstarted,Object notstarted,Object notstarted,Object notstarted
2024-03-18 10:37:38,079.079,__main___datalogs,INFO,JoyConState.NORMAL,17.587500,6.625000,-187.125000,0.098413,0.006866,-0.006866,0.009155,0.000000,0.000000,0.000000,0.000000,0,0,0,0,0,0,0,0,0,1,0,0.03900146484375,-0.004302978515625,-19.999996,-0.8702036,-57.388916,19.995247,-3.4494313e-19,-3.4494313e-19,-3.4494313e-19,-19.999996,Object notstarted,Object notstarted,Object notstarted,Object notstarted,Object notstarted,Object notstarted,Object notstarted,Object notstarted,Object notstarted
2024-03-18 10:37:38,124.124,__main___datalogs,INFO,JoyConState.NORMAL,17.587500,6.625000,-186.695000,0.157919,0.002289,0.002289,0.009155,0.000000,0.000000,0.000000,0.000000,0,0,0,0,0,0,0,0,0,1,0,0.03900146484375,-0.003082275390625,-19.999996,-0.8702036,-57.388916,19.995247,-3.4494313e-19,-3.4494313e-19,-3.4494313e-19,-19.999996,Object notstarted,Object notstarted,Object notstarted,Object notstarted,Object notstarted,Object notstarted,Object notstarted,Object notstarted,Object notstarted
2024-03-18 10:37:38,167.167,__main___datalogs,INFO,JoyConState.NORMAL,17.587500,6.625000,-186.420000,0.000000,0.006866,-0.002289,0.009155,0.000000,0.000000,0.000000,0.000000,0,0,0,0,0,0,0,0,0,1,0,0.03900146484375,-0.003082275390625,-19.999996,-0.8702036,-57.388916,19.995247,-3.4494313e-19,-3.4494313e-19,-3.4494313e-19,-19.999996,Object notstarted,Object notstarted,Object notstarted,Object notstarted,Object notstarted,Object notstarted,Object notstarted,Object notstarted,Object notstarted
2024-03-18 10:37:38,222.222,__main___datalogs,INFO,JoyConState.NORMAL,17.587500,6.625000,-186.325000,0.107568,0.002289,-0.006866,0.013732,0.000000,0.000000,0.000000,0.000000,0,0,0,0,0,0,0,0,0,1,0,0.03900146484375,-0.004302978515625,-19.999996,-0.8702036,-57.388916,19.995247,-3.4494313e-19,-3.4494313e-19,-3.4494313e-19,-19.999996,Object notstarted,Object notstarted,Object notstarted,Object notstarted,Object notstarted,Object notstarted,Object notstarted,Object notstarted,Object notstarted
2024-03-18 10:37:38,268.268,__main___datalogs,INFO,JoyConState.NORMAL,17.587500,6.625000,-186.010000,0.036619,0.002289,-0.006866,0.013732,0.000000,0.000000,0.000000,0.000000,0,0,0,0,0,0,0,0,0,1,0,0.03900146484375,-0.004302978515625,-19.999996,-0.8702036,-57.388916,19.995247,-3.4494313e-19,-3.4494313e-19,-3.4494313e-19,-19.999996,Object notstarted,Object notstarted,Object notstarted,Object notstarted,Object notstarted,Object notstarted,Object notstarted,Object notstarted,Object notstarted
2024-03-18 10:37:38,312.312,__main___datalogs,INFO,JoyConState.NORMAL,17.587500,6.625000,-185.527500,0.109857,0.002289,-0.002289,0.009155,0.000000,0.000000,0.000000,0.000000,0,0,0,0,0,0,0,0,0,1,0,0.0400390625,-0.003082275390625,-19.999996,-0.8702036,-57.388916,19.995247,-3.4494313e-19,-3.4494313e-19,-3.4494313e-19,-19.999996,Object notstarted,Object notstarted,Object notstarted,Object notstarted,Object notstarted,Object notstarted,Object notstarted,Object notstarted,Object notstarted
2024-03-18 10:37:38,364.364,__main___datalogs,INFO,JoyConState.NORMAL,17.587500,6.625000,-184.700000,0.151053,0.002289,0.002289,0.013732,0.000000,0.000000,0.000000,0.000000,0,0,0,0,0,0,0,0,0,1,0,0.0400390625,-0.003082275390625,-19.999996,-0.8702036,-57.388916,19.995247,-3.4494313e-19,-3.4494313e-19,-3.4494313e-19,-19.999996,Object notstarted,Object notstarted,Object notstarted,Object notstarted,Object notstarted,Object notstarted,Object notstarted,Object notstarted,Object notstarted
2024-03-18 10:37:38,449.449,__main___datalogs,INFO,JoyConState.NORMAL,17.587500,6.625000,-182.965000,0.061794,0.002289,-0.002289,0.009155,0.000000,0.000000,0.000000,0.000000,0,0,0,0,0,0,0,0,0,1,0,0.03900146484375,-0.003082275390625,-19.999996,-0.8702036,-57.388916,19.995247,-3.4494313e-19,-3.4494313e-19,-3.4494313e-19,-19.999996,Object notstarted,Object notstarted,Object notstarted,Object notstarted,Object notstarted,Object notstarted,Object notstarted,Object notstarted,Object notstarted
2024-03-18 10:37:38,489.489,__main___datalogs,INFO,JoyConState.NORMAL,17.587500,6.625000,-181.505000,0.114434,-0.002289,-0.002289,0.009155,0.000000,0.000000,0.000000,0.000000,0,0,0,0,0,0,0,0,0,1,0,0.03900146484375,-0.004302978515625,-19.999996,-0.8702036,-57.388916,19.995247,-3.4494313e-19,-3.4494313e-19,-3.4494313e-19,-19.999996,Object notstarted,Object notstarted,Object notstarted,Object notstarted,Object notstarted,Object notstarted,Object notstarted,Object notstarted,Object notstarted
2024-03-18 10:37:38,536.536,__main___datalogs,INFO,JoyConState.NORMAL,17.587500,6.625000,-180.195000,0.121300,0.002289,-0.002289,0.009155,0.000000,0.000000,0.000000,0.000000,0,0,0,0,0,0,0,0,0,1,0,0.03900146484375,-0.003082275390625,-19.999996,-0.8702036,-57.388916,19.995247,-3.4494313e-19,-3.4494313e-19,-3.4494313e-19,-19.999996,Object notstarted,Object notstarted,Object notstarted,Object notstarted,Object notstarted,Object notstarted,Object notstarted,Object notstarted,Object notstarted
2024-03-18 10:37:38,580.580,__main___datalogs,INFO,JoyConState.NORMAL,17.587500,6.625000,-178.575000,0.137321,-0.002289,-0.002289,0.013732,0.000000,0.000000,0.000000,0.000000,0,0,0,0,0,0,0,0,0,1,0,0.03900146484375,-0.004302978515625,-19.999996,-0.8702036,-57.388916,19.995247,-3.4494313e-19,-3.4494313e-19,-3.4494313e-19,-19.999996,Object notstarted,Object notstarted,Object notstarted,Object notstarted,Object notstarted,Object notstarted,Object notstarted,Object notstarted,Object notstarted
2024-03-18 10:37:38,636.636,__main___datalogs,INFO,JoyConState.NORMAL,17.587500,6.625000,-177.045000,0.077815,-0.002289,-0.002289,0.009155,0.000000,0.000000,0.000000,0.000000,0,0,0,0,0,0,0,0,0,1,0,0.03900146484375,-0.003082275390625,-19.999996,-0.8702036,-57.388916,19.995247,-3.4494313e-19,-3.4494313e-19,-3.4494313e-19,-19.999996,Object notstarted,Object notstarted,Object notstarted,Object notstarted,Object notstarted,Object notstarted,Object notstarted,Object notstarted,Object notstarted
2024-03-18 10:37:38,680.680,__main___datalogs,INFO,JoyConState.NORMAL,17.587500,6.625000,-175.085000,0.077815,0.002289,-0.002289,0.013732,0.000000,0.000000,0.000000,0.000000,0,0,0,0,0,0,0,0,0,1,0,0.03900146484375,-0.003082275390625,-19.999996,-0.8702036,-57.388916,19.995247,-3.4494313e-19,-3.4494313e-19,-3.4494313e-19,-19.999996,Object notstarted,Object notstarted,Object notstarted,Object notstarted,Object notstarted,Object notstarted,Object notstarted,Object notstarted,Object notstarted
2024-03-18 10:37:38,724.724,__main___datalogs,INFO,JoyConState.NORMAL,17.587500,6.625000,-173.540000,0.080104,0.002289,-0.002289,0.013732,0.000000,0.000000,0.000000,0.000000,0,0,0,0,0,0,0,0,0,1,0,0.03900146484375,-0.003082275390625,-19.999996,-0.8702036,-57.388916,19.995247,-3.4494313e-19,-3.4494313e-19,-3.4494313e-19,-19.999996,Object notstarted,Object notstarted,Object notstarted,Object notstarted,Object notstarted,Object notstarted,Object notstarted,Object notstarted,Object notstarted
2024-03-18 10:37:38,769.769,__main___datalogs,INFO,JoyConState.NORMAL,17.587500,6.625000,-171.995000,0.089258,0.002289,-0.002289,0.009155,0.000000,0.000000,0.000000,0.000000,0,0,0,0,0,0,0,0,0,1,0,0.03900146484375,-0.004302978515625,-19.999996,-0.8702036,-57.388916,19.995247,-3.4494313e-19,-3.4494313e-19,-3.4494313e-19,-19.999996,Object notstarted,Object notstarted,Object notstarted,Object notstarted,Object notstarted,Object notstarted,Object notstarted,Object notstarted,Object notstarted
2024-03-18 10:37:38,825.825,__main___datalogs,INFO,JoyConState.NORMAL,17.587500,6.625000,-170.465000,0.089258,0.002289,-0.002289,0.013732,0.000000,0.000000,0.000000,0.000000,0,0,0,0,0,0,0,0,0,1,0,0.03900146484375,-0.004302978515625,-19.999996,-0.8702036,-57.388916,19.995247,-3.4494313e-19,-3.4494313e-19,-3.4494313e-19,-19.999996,Object notstarted,Object notstarted,Object notstarted,Object notstarted,Object notstarted,Object notstarted,Object notstarted,Object notstarted,Object notstarted
2024-03-18 10:37:38,868.868,__main___datalogs,INFO,JoyConState.NORMAL,17.587500,6.625000,-168.485000,0.121300,0.002289,-0.002289,0.013732,0.000000,0.000000,0.000000,0.000000,0,0,0,0,0,0,0,0,0,1,0,0.0379638671875,-0.003082275390625,-19.999996,-0.8702036,-57.388916,19.995247,-3.4494313e-19,-3.4494313e-19,-3.4494313e-19,-19.999996,Object notstarted,Object notstarted,Object notstarted,Object notstarted,Object notstarted,Object notstarted,Object notstarted,Object notstarted,Object notstarted
2024-03-18 10:37:38,912.912,__main___datalogs,INFO,JoyConState.NORMAL,17.587500,6.625000,-167.005000,0.109857,0.002289,-0.002289,0.009155,0.000000,0.000000,0.000000,0.000000,0,0,0,0,0,0,0,0,0,1,0,0.0400390625,-0.004302978515625,-19.999996,-0.8702036,-57.388916,19.995247,-3.4494313e-19,-3.4494313e-19,-3.4494313e-19,-19.999996,Object notstarted,Object notstarted,Object notstarted,Object notstarted,Object notstarted,Object notstarted,Object notstarted,Object notstarted,Object notstarted
2024-03-18 10:37:38,956.956,__main___datalogs,INFO,JoyConState.NORMAL,17.587500,6.625000,-165.450000,0.107568,0.002289,-0.002289,0.009155,0.000000,0.000000,0.000000,0.000000,0,0,0,0,0,0,0,0,0,1,0,0.0400390625,-0.003082275390625,-19.999996,-0.8702036,-57.388916,19.995247,-3.4494313e-19,-3.4494313e-19,-3.4494313e-19,-19.999996,Object notstarted,Object notstarted,Object notstarted,Object notstarted,Object notstarted,Object notstarted,Object notstarted,Object notstarted,Object notstarted
2024-03-18 10:37:39,001.001,__main___datalogs,INFO,JoyConState.NORMAL,17.587500,6.625000,-163.910000,0.089258,0.002289,-0.002289,0.009155,0.000000,0.000000,0.000000,0.000000,0,0,0,0,0,0,0,0,0,1,0,0.0379638671875,-0.003082275390625,-19.999996,-0.8702036,-57.388916,19.995247,-3.4494313e-19,-3.4494313e-19,-3.4494313e-19,-19.999996,Object notstarted,Object notstarted,Object notstarted,Object notstarted,Object notstarted,Object notstarted,Object notstarted,Object notstarted,Object notstarted
2024-03-18 10:37:39,059.059,__main___datalogs,INFO,JoyConState.NORMAL,17.587500,6.625000,-162.350000,0.068660,-0.002289,0.002289,0.009155,0.000000,0.000000,0.000000,0.000000,0,0,0,0,0,0,0,0,0,1,0,0.03900146484375,-0.004302978515625,-19.999996,-0.8702036,-57.388916,19.995247,-3.4494313e-19,-3.4494313e-19,-3.4494313e-19,-19.999996,Object notstarted,Object notstarted,Object notstarted,Object notstarted,Object notstarted,Object notstarted,Object notstarted,Object notstarted,Object notstarted
2024-03-18 10:37:39,107.107,__main___datalogs,INFO,JoyConState.NORMAL,17.587500,6.625000,-160.340000,0.077815,-0.002289,-0.006866,0.013732,0.000000,0.000000,0.000000,0.000000,0,0,0,0,0,0,0,0,0,1,0,0.03900146484375,-0.003082275390625,-19.999996,-0.8702036,-57.388916,19.995247,-3.4494313e-19,-3.4494313e-19,-3.4494313e-19,-19.999996,Object notstarted,Object notstarted,Object notstarted,Object notstarted,Object notstarted,Object notstarted,Object notstarted,Object notstarted,Object notstarted
2024-03-18 10:37:39,150.150,__main___datalogs,INFO,JoyConState.NORMAL,17.587500,6.625000,-158.655000,0.054928,0.002289,-0.006866,0.009155,0.000000,0.000000,0.000000,0.000000,0,0,0,0,0,0,0,0,0,1,0,0.0400390625,-0.003082275390625,-19.999996,-0.8702036,-57.388916,19.995247,-3.4494313e-19,-3.4494313e-19,-3.4494313e-19,-19.999996,Object notstarted,Object notstarted,Object notstarted,Object notstarted,Object notstarted,Object notstarted,Object notstarted,Object notstarted,Object notstarted
2024-03-18 10:37:39,195.195,__main___datalogs,INFO,JoyConState.NORMAL,17.587500,6.625000,-157.145000,-0.011443,0.006866,-0.002289,0.009155,0.000000,0.000000,0.000000,0.000000,0,0,0,0,0,0,0,0,0,1,0,0.03900146484375,-0.001861572265625,-19.999996,-0.8702036,-57.388916,19.995247,-3.4494313e-19,-3.4494313e-19,-3.4494313e-19,-19.999996,Object notstarted,Object notstarted,Object notstarted,Object notstarted,Object notstarted,Object notstarted,Object notstarted,Object notstarted,Object notstarted
2024-03-18 10:37:39,238.238,__main___datalogs,INFO,JoyConState.NORMAL,17.587500,6.625000,-155.590000,0.119011,0.006866,-0.002289,0.013732,0.000000,0.000000,0.000000,0.000000,0,0,0,0,0,0,0,0,0,1,0,0.03692626953125,-0.004302978515625,-19.999996,-0.8702036,-57.388916,19.995247,-3.4494313e-19,-3.4494313e-19,-3.4494313e-19,-19.999996,Object notstarted,Object notstarted,Object notstarted,Object notstarted,Object notstarted,Object notstarted,Object notstarted,Object notstarted,Object notstarted
2024-03-18 10:37:39,295.295,__main___datalogs,INFO,JoyConState.NORMAL,17.587500,6.625000,-154.105000,0.102991,0.006866,-0.002289,0.013732,0.000000,0.000000,0.000000,0.000000,0,0,0,0,0,0,0,0,0,1,0,0.03900146484375,-0.003082275390625,-19.999996,-0.8702036,-57.388916,19.995247,-3.4494313e-19,-3.4494313e-19,-3.4494313e-19,-19.999996,Object notstarted,Object notstarted,Object notstarted,Object notstarted,Object notstarted,Object notstarted,Object notstarted,Object notstarted,Object notstarted
2024-03-18 10:37:39,340.340,__main___datalogs,INFO,JoyConState.NORMAL,17.587500,6.625000,-152.120000,0.102991,-0.002289,-0.002289,0.009155,0.000000,0.000000,0.000000,0.000000,0,0,0,0,0,0,0,0,0,1,0,0.0400390625,-0.003082275390625,-19.999996,-0.8702036,-57.388916,19.995247,-3.4494313e-19,-3.4494313e-19,-3.4494313e-19,-19.999996,Object notstarted,Object notstarted,Object notstarted,Object notstarted,Object notstarted,Object notstarted,Object notstarted,Object notstarted,Object notstarted
2024-03-18 10:37:39,386.386,__main___datalogs,INFO,JoyConState.NORMAL,17.587500,6.625000,-150.550000,0.073238,0.002289,-0.002289,0.013732,0.000000,0.000000,0.000000,0.000000,0,0,0,0,0,0,0,0,0,1,0,0.0379638671875,-0.003082275390625,-19.999996,-0.8702036,-57.388916,19.995247,-3.4494313e-19,-3.4494313e-19,-3.4494313e-19,-19.999996,Object notstarted,Object notstarted,Object notstarted,Object notstarted,Object notstarted,Object notstarted,Object notstarted,Object notstarted,Object notstarted
2024-03-18 10:37:39,432.432,__main___datalogs,INFO,JoyConState.NORMAL,17.587500,6.625000,-148.930000,-0.018309,0.002289,-0.002289,0.013732,0.000000,0.000000,0.000000,0.000000,0,0,0,0,0,0,0,0,0,1,0,0.03900146484375,-0.003082275390625,-19.999996,-0.8702036,-57.388916,19.995247,-3.4494313e-19,-3.4494313e-19,-3.4494313e-19,-19.999996,Object notstarted,Object notstarted,Object notstarted,Object notstarted,Object notstarted,Object notstarted,Object notstarted,Object notstarted,Object notstarted
2024-03-18 10:37:39,533.533,__main___datalogs,INFO,JoyConState.NORMAL,17.587500,6.625000,-146.910000,0.107568,0.006866,-0.002289,0.009155,0.000000,0.000000,0.000000,0.000000,0,0,0,0,0,0,0,0,0,1,0,0.03900146484375,-0.003082275390625,-19.999996,-0.8702036,-57.388916,19.995247,-3.4494313e-19,-3.4494313e-19,-3.4494313e-19,-19.999996,Object notstarted,Object notstarted,Object notstarted,Object notstarted,Object notstarted,Object notstarted,Object notstarted,Object notstarted,Object notstarted
2024-03-18 10:37:39,614.614,__main___datalogs,INFO,JoyConState.NORMAL,17.587500,6.625000,-143.050000,0.059506,0.006866,-0.002289,0.013732,0.000000,0.000000,0.000000,0.000000,0,0,0,0,0,0,0,0,0,1,0,0.03900146484375,-0.003082275390625,-19.999996,-0.8702036,-57.388916,19.995247,-3.4494313e-19,-3.4494313e-19,-3.4494313e-19,-19.999996,Object notstarted,Object notstarted,Object notstarted,Object notstarted,Object notstarted,Object notstarted,Object notstarted,Object notstarted,Object notstarted
2024-03-18 10:37:39,662.662,__main___datalogs,INFO,JoyConState.NORMAL,17.587500,6.625000,-141.015000,0.054928,-0.002289,-0.002289,0.009155,0.000000,0.000000,0.000000,0.000000,0,0,0,0,0,0,0,0,0,1,0,0.03900146484375,-0.003082275390625,-19.999996,-0.8702036,-57.388916,19.995247,-3.4494313e-19,-3.4494313e-19,-3.4494313e-19,-19.999996,Object notstarted,Object notstarted,Object notstarted,Object notstarted,Object notstarted,Object notstarted,Object notstarted,Object notstarted,Object notstarted
2024-03-18 10:37:39,719.719,__main___datalogs,INFO,JoyConState.NORMAL,17.587500,6.625000,-139.320000,0.107568,-0.002289,-0.002289,0.013732,0.000000,0.000000,0.000000,0.000000,0,0,0,0,0,0,0,0,0,1,0,0.03900146484375,-0.003082275390625,-19.999996,-0.8702036,-57.388916,19.995247,-3.4494313e-19,-3.4494313e-19,-3.4494313e-19,-19.999996,Object notstarted,Object notstarted,Object notstarted,Object notstarted,Object notstarted,Object notstarted,Object notstarted,Object notstarted,Object notstarted
2024-03-18 10:37:39,768.768,__main___datalogs,INFO,JoyConState.NORMAL,17.587500,6.625000,-137.375000,0.102991,0.002289,-0.002289,0.013732,0.000000,0.000000,0.000000,0.000000,0,0,0,0,0,0,0,0,0,1,0,0.0379638671875,-0.003082275390625,-19.999996,-0.8702036,-57.388916,19.995247,-3.4494313e-19,-3.4494313e-19,-3.4494313e-19,-19.999996,Object notstarted,Object notstarted,Object notstarted,Object notstarted,Object notstarted,Object notstarted,Object notstarted,Object notstarted,Object notstarted
2024-03-18 10:37:39,810.810,__main___datalogs,INFO,JoyConState.NORMAL,17.587500,6.625000,-135.650000,0.073238,-0.002289,-0.002289,0.013732,0.000000,0.000000,0.000000,0.000000,0,0,0,0,0,0,0,0,0,1,0,0.0379638671875,-0.004302978515625,-19.999996,-0.8702036,-57.388916,19.995247,-3.4494313e-19,-3.4494313e-19,-3.4494313e-19,-19.999996,Object notstarted,Object notstarted,Object notstarted,Object notstarted,Object notstarted,Object notstarted,Object notstarted,Object notstarted,Object notstarted
2024-03-18 10:37:39,856.856,__main___datalogs,INFO,JoyConState.NORMAL,17.587500,6.625000,-134.170000,0.102991,0.002289,-0.002289,0.013732,0.000000,0.000000,0.000000,0.000000,0,0,0,0,0,0,0,0,0,1,0,0.03900146484375,-0.001861572265625,-19.999996,-0.8702036,-57.388916,19.995247,-3.4494313e-19,-3.4494313e-19,-3.4494313e-19,-19.999996,Object notstarted,Object notstarted,Object notstarted,Object notstarted,Object notstarted,Object notstarted,Object notstarted,Object notstarted,Object notstarted
2024-03-18 10:37:39,901.901,__main___datalogs,INFO,JoyConState.NORMAL,17.587500,6.625000,-132.575000,0.073238,0.006866,-0.002289,0.013732,0.000000,0.000000,0.000000,0.000000,0,0,0,0,0,0,0,0,0,1,0,0.0379638671875,-0.003082275390625,-19.999996,-0.8702036,-57.388916,19.995247,-3.4494313e-19,-3.4494313e-19,-3.4494313e-19,-19.999996,Object notstarted,Object notstarted,Object notstarted,Object notstarted,Object notstarted,Object notstarted,Object notstarted,Object notstarted,Object notstarted
2024-03-18 10:37:39,957.957,__main___datalogs,INFO,JoyConState.NORMAL,17.587500,6.625000,-131.025000,0.102991,0.002289,-0.002289,0.013732,0.000000,0.000000,0.000000,0.000000,0,0,0,0,0,0,0,0,0,1,0,0.03900146484375,-0.003082275390625,-19.999996,-0.8702036,-57.388916,19.995247,-3.4494313e-19,-3.4494313e-19,-3.4494313e-19,-19.999996,Object notstarted,Object notstarted,Object notstarted,Object notstarted,Object notstarted,Object notstarted,Object notstarted,Object notstarted,Object notstarted
2024-03-18 10:37:40,004.004,__main___datalogs,INFO,JoyConState.NORMAL,17.587500,6.625000,-129.050000,0.084681,0.006866,-0.002289,0.013732,0.000000,0.000000,0.000000,0.000000,0,0,0,0,0,0,0,0,0,1,0,0.0379638671875,-0.003082275390625,-19.999996,-0.8702036,-57.388916,19.995247,-3.4494313e-19,-3.4494313e-19,-3.4494313e-19,-19.999996,Object notstarted,Object notstarted,Object notstarted,Object notstarted,Object notstarted,Object notstarted,Object notstarted,Object notstarted,Object notstarted
2024-03-18 10:37:40,051.051,__main___datalogs,INFO,JoyConState.NORMAL,17.587500,6.625000,-127.425000,0.096125,0.006866,-0.002289,0.013732,0.000000,0.000000,0.000000,0.000000,0,0,0,0,0,0,0,0,0,1,0,0.0400390625,-0.003082275390625,-19.999996,-0.8702036,-57.388916,19.995247,-3.4494313e-19,-3.4494313e-19,-3.4494313e-19,-19.999996,Object notstarted,Object notstarted,Object notstarted,Object notstarted,Object notstarted,Object notstarted,Object notstarted,Object notstarted,Object notstarted
2024-03-18 10:37:40,093.093,__main___datalogs,INFO,JoyConState.NORMAL,17.587500,6.625000,-125.775000,0.098413,0.002289,-0.002289,0.009155,0.000000,0.000000,0.000000,0.000000,0,0,0,0,0,0,0,0,0,1,0,0.0379638671875,-0.003082275390625,-19.999996,-0.8702036,-57.388916,19.995247,-3.4494313e-19,-3.4494313e-19,-3.4494313e-19,-19.999996,Object notstarted,Object notstarted,Object notstarted,Object notstarted,Object notstarted,Object notstarted,Object notstarted,Object notstarted,Object notstarted
2024-03-18 10:37:40,138.138,__main___datalogs,INFO,JoyConState.NORMAL,17.587500,6.625000,-124.290000,0.098413,0.002289,-0.002289,0.009155,0.000000,0.000000,0.000000,0.000000,0,0,0,0,0,0,0,0,0,1,0,0.03900146484375,-0.001861572265625,-19.999996,-0.8702036,-57.388916,19.995247,-3.4494313e-19,-3.4494313e-19,-3.4494313e-19,-19.999996,Object notstarted,Object notstarted,Object notstarted,Object notstarted,Object notstarted,Object notstarted,Object notstarted,Object notstarted,Object notstarted
2024-03-18 10:37:40,195.195,__main___datalogs,INFO,JoyConState.NORMAL,17.587500,6.625000,-122.760000,0.041196,-0.002289,-0.006866,0.013732,0.000000,0.000000,0.000000,0.000000,0,0,0,0,0,0,0,0,0,1,0,0.0379638671875,-0.001861572265625,-19.999996,-0.8702036,-57.388916,19.995247,-3.4494313e-19,-3.4494313e-19,-3.4494313e-19,-19.999996,Object notstarted,Object notstarted,Object notstarted,Object notstarted,Object notstarted,Object notstarted,Object notstarted,Object notstarted,Object notstarted
2024-03-18 10:37:40,242.242,__main___datalogs,INFO,JoyConState.NORMAL,17.587500,6.625000,-120.745000,0.098413,0.002289,0.002289,0.009155,0.000000,0.000000,0.000000,0.000000,0,0,0,0,0,0,0,0,0,1,0,0.03900146484375,-0.003082275390625,-19.999996,-0.8702036,-57.388916,19.995247,-3.4494313e-19,-3.4494313e-19,-3.4494313e-19,-19.999996,Object notstarted,Object notstarted,Object notstarted,Object notstarted,Object notstarted,Object notstarted,Object notstarted,Object notstarted,Object notstarted
2024-03-18 10:37:40,286.286,__main___datalogs,INFO,JoyConState.NORMAL,17.587500,6.625000,-119.125000,0.098413,0.006866,-0.002289,0.009155,0.000000,0.000000,0.000000,0.000000,0,0,0,0,0,0,0,0,0,1,0,0.03900146484375,-0.001861572265625,-19.999996,-0.8702036,-57.388916,19.995247,-3.4494313e-19,-3.4494313e-19,-3.4494313e-19,-19.999996,Object notstarted,Object notstarted,Object notstarted,Object notstarted,Object notstarted,Object notstarted,Object notstarted,Object notstarted,Object notstarted
2024-03-18 10:37:40,334.334,__main___datalogs,INFO,JoyConState.NORMAL,17.587500,6.625000,-117.535000,0.102991,0.002289,-0.002289,0.009155,0.000000,0.000000,0.000000,0.000000,0,0,0,0,0,0,0,0,0,1,0,0.0379638671875,-0.003082275390625,-19.999996,-0.8702036,-57.388916,19.995247,-3.4494313e-19,-3.4494313e-19,-3.4494313e-19,-19.999996,Object notstarted,Object notstarted,Object notstarted,Object notstarted,Object notstarted,Object notstarted,Object notstarted,Object notstarted,Object notstarted
2024-03-18 10:37:40,391.391,__main___datalogs,INFO,JoyConState.NORMAL,17.587500,6.625000,-115.930000,0.096125,0.002289,-0.002289,0.009155,0.000000,0.000000,0.000000,0.000000,0,0,0,0,0,0,0,0,0,1,0,0.0400390625,-0.003082275390625,-19.999996,-0.8702036,-57.388916,19.995247,-3.4494313e-19,-3.4494313e-19,-3.4494313e-19,-19.999996,Object notstarted,Object notstarted,Object notstarted,Object notstarted,Object notstarted,Object notstarted,Object notstarted,Object notstarted,Object notstarted
2024-03-18 10:37:40,440.440,__main___datalogs,INFO,JoyConState.NORMAL,17.587500,6.625000,-113.940000,0.102991,0.006866,-0.002289,0.009155,0.000000,0.000000,0.000000,0.000000,0,0,0,0,0,0,0,0,0,1,0,0.03900146484375,-0.003082275390625,-19.999996,-0.8702036,-57.388916,19.995247,-3.4494313e-19,-3.4494313e-19,-3.4494313e-19,-19.999996,Object notstarted,Object notstarted,Object notstarted,Object notstarted,Object notstarted,Object notstarted,Object notstarted,Object notstarted,Object notstarted
2024-03-18 10:37:40,484.484,__main___datalogs,INFO,JoyConState.NORMAL,17.587500,6.625000,-112.180000,0.091547,0.002289,-0.002289,0.013732,0.000000,0.000000,0.000000,0.000000,0,0,0,0,0,0,0,0,0,1,0,0.03900146484375,-0.003082275390625,-19.999996,-0.8702036,-57.388916,19.995247,-3.4494313e-19,-3.4494313e-19,-3.4494313e-19,-19.999996,Object notstarted,Object notstarted,Object notstarted,Object notstarted,Object notstarted,Object notstarted,Object notstarted,Object notstarted,Object notstarted
2024-03-18 10:37:40,530.530,__main___datalogs,INFO,JoyConState.NORMAL,17.587500,6.625000,-110.690000,0.102991,0.002289,-0.002289,0.009155,0.000000,0.000000,0.000000,0.000000,0,0,0,0,0,0,0,0,0,1,0,0.03900146484375,-0.003082275390625,-19.999996,-0.8702036,-57.388916,19.995247,-3.4494313e-19,-3.4494313e-19,-3.4494313e-19,-19.999996,Object notstarted,Object notstarted,Object notstarted,Object notstarted,Object notstarted,Object notstarted,Object notstarted,Object notstarted,Object notstarted
2024-03-18 10:37:40,645.645,__main___datalogs,INFO,JoyConState.NORMAL,17.587500,6.625000,-108.190000,0.080104,0.002289,-0.002289,0.009155,0.000000,0.000000,0.000000,0.000000,0,0,0,0,0,0,0,0,0,1,0,0.03900146484375,-0.0006103515625,-19.999996,-0.8702036,-57.388916,19.995247,-3.4494313e-19,-3.4494313e-19,-3.4494313e-19,-19.999996,Object notstarted,Object notstarted,Object notstarted,Object notstarted,Object notstarted,Object notstarted,Object notstarted,Object notstarted,Object notstarted
2024-03-18 10:37:40,727.727,__main___datalogs,INFO,JoyConState.NORMAL,17.587500,6.625000,-104.295000,0.096125,0.006866,-0.002289,0.013732,0.000000,0.000000,0.000000,0.000000,0,0,0,0,0,0,0,0,0,1,0,0.0400390625,-0.003082275390625,-19.999996,-0.8702036,-57.388916,19.995247,-3.4494313e-19,-3.4494313e-19,-3.4494313e-19,-19.999996,Object notstarted,Object notstarted,Object notstarted,Object notstarted,Object notstarted,Object notstarted,Object notstarted,Object notstarted,Object notstarted
2024-03-18 10:37:40,774.774,__main___datalogs,INFO,JoyConState.NORMAL,17.587500,6.625000,-102.190000,0.098413,0.006866,-0.002289,0.009155,0.000000,0.000000,0.000000,0.000000,0,0,0,0,0,0,0,0,0,1,0,0.0400390625,-0.004302978515625,-19.999996,-0.8702036,-57.388916,19.995247,-3.4494313e-19,-3.4494313e-19,-3.4494313e-19,-19.999996,Object notstarted,Object notstarted,Object notstarted,Object notstarted,Object notstarted,Object notstarted,Object notstarted,Object notstarted,Object notstarted
2024-03-18 10:37:40,830.830,__main___datalogs,INFO,JoyConState.NORMAL,17.587500,6.625000,-100.580000,0.048062,0.002289,0.002289,0.009155,0.000000,0.000000,0.000000,0.000000,0,0,0,0,0,0,0,0,0,1,0,0.03900146484375,-0.003082275390625,-19.999996,-0.8702036,-57.388916,19.995247,-3.4494313e-19,-3.4494313e-19,-3.4494313e-19,-19.999996,Object notstarted,Object notstarted,Object notstarted,Object notstarted,Object notstarted,Object notstarted,Object notstarted,Object notstarted,Object notstarted
2024-03-18 10:37:40,876.876,__main___datalogs,INFO,JoyConState.NORMAL,17.587500,6.625000,-98.590000,0.098413,0.002289,-0.002289,0.009155,0.000000,0.000000,0.000000,0.000000,0,0,0,0,0,0,0,0,0,1,0,0.03900146484375,-0.001861572265625,-19.999996,-0.8702036,-57.388916,19.995247,-3.4494313e-19,-3.4494313e-19,-3.4494313e-19,-19.999996,Object notstarted,Object notstarted,Object notstarted,Object notstarted,Object notstarted,Object notstarted,Object notstarted,Object notstarted,Object notstarted
2024-03-18 10:37:40,921.921,__main___datalogs,INFO,JoyConState.NORMAL,17.587500,6.625000,-97.025000,0.096125,0.002289,-0.002289,0.013732,0.000000,0.000000,0.000000,0.000000,0,0,0,0,0,0,0,0,0,1,0,0.03900146484375,-0.003082275390625,-19.999996,-0.8702036,-57.388916,19.995247,-3.4494313e-19,-3.4494313e-19,-3.4494313e-19,-19.999996,Object notstarted,Object notstarted,Object notstarted,Object notstarted,Object notstarted,Object notstarted,Object notstarted,Object notstarted,Object notstarted
2024-03-18 10:37:40,960.960,__main___datalogs,INFO,JoyConState.NORMAL,17.587500,6.625000,-95.460000,0.096125,-0.002289,-0.002289,0.013732,0.000000,0.000000,0.000000,0.000000,0,0,0,0,0,0,0,0,0,1,0,0.03900146484375,-0.003082275390625,-19.999996,-0.8702036,-57.388916,19.995247,-3.4494313e-19,-3.4494313e-19,-3.4494313e-19,-19.999996,Object notstarted,Object notstarted,Object notstarted,Object notstarted,Object notstarted,Object notstarted,Object notstarted,Object notstarted,Object notstarted
2024-03-18 10:37:41,016.016,__main___datalogs,INFO,JoyConState.NORMAL,17.587500,6.625000,-94.100000,0.098413,-0.002289,-0.002289,0.013732,0.000000,0.000000,0.000000,0.000000,0,0,0,0,0,0,0,0,0,1,0,0.03900146484375,-0.004302978515625,-19.999996,-0.8702036,-57.388916,19.995247,-3.4494313e-19,-3.4494313e-19,-3.4494313e-19,-19.999996,Object notstarted,Object notstarted,Object notstarted,Object notstarted,Object notstarted,Object notstarted,Object notstarted,Object notstarted,Object notstarted
2024-03-18 10:37:41,064.064,__main___datalogs,INFO,JoyConState.NORMAL,17.587500,6.625000,-92.120000,0.098413,0.006866,-0.002289,0.013732,0.000000,0.000000,0.000000,0.000000,0,0,0,0,0,0,0,0,0,1,0,0.03900146484375,-0.001861572265625,-19.999996,-0.8702036,-57.388916,19.995247,-3.4494313e-19,-3.4494313e-19,-3.4494313e-19,-19.999996,Object notstarted,Object notstarted,Object notstarted,Object notstarted,Object notstarted,Object notstarted,Object notstarted,Object notstarted,Object notstarted
2024-03-18 10:37:41,109.109,__main___datalogs,INFO,JoyConState.NORMAL,17.587500,6.625000,-90.510000,0.098413,0.002289,-0.002289,0.009155,0.000000,0.000000,0.000000,0.000000,0,0,0,0,0,0,0,0,0,1,0,0.03900146484375,-0.003082275390625,-19.999996,-0.8702036,-57.388916,19.995247,-3.4494313e-19,-3.4494313e-19,-3.4494313e-19,-19.999996,Object notstarted,Object notstarted,Object notstarted,Object notstarted,Object notstarted,Object notstarted,Object notstarted,Object notstarted,Object notstarted
2024-03-18 10:37:41,154.154,__main___datalogs,INFO,JoyConState.NORMAL,17.587500,6.625000,-88.925000,0.098413,0.006866,-0.002289,0.009155,0.000000,0.000000,0.000000,0.000000,0,0,0,0,0,0,0,0,0,1,0,0.0400390625,-0.004302978515625,-19.999996,-0.8702036,-57.388916,19.995247,-3.4494313e-19,-3.4494313e-19,-3.4494313e-19,-19.999996,Object notstarted,Object notstarted,Object notstarted,Object notstarted,Object notstarted,Object notstarted,Object notstarted,Object notstarted,Object notstarted
2024-03-18 10:37:41,209.209,__main___datalogs,INFO,JoyConState.NORMAL,17.587500,6.625000,-87.390000,0.098413,0.002289,0.002289,0.009155,0.000000,0.000000,0.000000,0.000000,0,0,0,0,0,0,0,0,0,1,0,0.03900146484375,-0.003082275390625,-19.999996,-0.8702036,-57.388916,19.995247,-3.4494313e-19,-3.4494313e-19,-3.4494313e-19,-19.999996,Object notstarted,Object notstarted,Object notstarted,Object notstarted,Object notstarted,Object notstarted,Object notstarted,Object notstarted,Object notstarted
2024-03-18 10:37:41,255.255,__main___datalogs,INFO,JoyConState.NORMAL,17.587500,6.625000,-85.415000,0.091547,0.006866,-0.002289,0.009155,0.000000,0.000000,0.000000,0.000000,0,0,0,0,0,0,0,0,0,1,0,0.03900146484375,-0.003082275390625,-19.999996,-0.8702036,-57.388916,19.995247,-3.4494313e-19,-3.4494313e-19,-3.4494313e-19,-19.999996,Object notstarted,Object notstarted,Object notstarted,Object notstarted,Object notstarted,Object notstarted,Object notstarted,Object notstarted,Object notstarted
2024-03-18 10:37:41,302.302,__main___datalogs,INFO,JoyConState.NORMAL,17.587500,6.625000,-83.830000,0.098413,0.002289,-0.006866,0.013732,0.000000,0.000000,0.000000,0.000000,0,0,0,0,0,0,0,0,0,1,0,0.03900146484375,-0.003082275390625,-19.999996,-0.8702036,-57.388916,19.995247,-3.4494313e-19,-3.4494313e-19,-3.4494313e-19,-19.999996,Object notstarted,Object notstarted,Object notstarted,Object notstarted,Object notstarted,Object notstarted,Object notstarted,Object notstarted,Object notstarted
2024-03-18 10:37:41,345.345,__main___datalogs,INFO,JoyConState.NORMAL,17.587500,6.625000,-82.190000,0.098413,0.006866,-0.006866,0.013732,0.000000,0.000000,0.000000,0.000000,0,0,0,0,0,0,0,0,0,0,0,0.03900146484375,-0.003082275390625,-19.999996,-0.8702036,-57.388916,19.995247,-3.4494313e-19,-3.4494313e-19,-3.4494313e-19,-19.999996,Object notstarted,Object notstarted,Object notstarted,Object notstarted,Object notstarted,Object notstarted,Object notstarted,Object notstarted,Object notstarted
2024-03-18 10:37:41,391.391,__main___datalogs,INFO,JoyConState.NORMAL,17.587500,6.625000,-80.685000,0.102991,0.006866,-0.002289,0.013732,0.000000,0.000000,0.000000,0.000000,0,0,0,0,0,0,0,0,0,0,0,0.03900146484375,-0.004302978515625,-19.999996,-0.8702036,-57.388916,19.995247,-3.4494313e-19,-3.4494313e-19,-3.4494313e-19,-19.999996,Object notstarted,Object notstarted,Object notstarted,Object notstarted,Object notstarted,Object notstarted,Object notstarted,Object notstarted,Object notstarted
2024-03-18 10:37:41,448.448,__main___datalogs,INFO,JoyConState.NORMAL,17.587500,6.625000,-79.090000,0.102991,0.006866,-0.002289,0.009155,0.000000,0.000000,0.000000,0.000000,0,0,0,0,0,0,0,0,0,0,0,0.03900146484375,-0.004302978515625,-19.999996,-0.8702036,-57.388916,19.995247,-3.4494313e-19,-3.4494313e-19,-3.4494313e-19,-19.999996,Object notstarted,Object notstarted,Object notstarted,Object notstarted,Object notstarted,Object notstarted,Object notstarted,Object notstarted,Object notstarted
2024-03-18 10:37:41,497.497,__main___datalogs,INFO,JoyConState.NORMAL,17.587500,6.625000,-77.085000,0.096125,0.002289,-0.002289,0.004577,0.000000,0.000000,0.000000,0.000000,0,0,0,0,0,0,0,0,0,0,0,0.03900146484375,-0.001861572265625,-19.999996,-0.8702036,-57.388916,19.995247,-3.4494313e-19,-3.4494313e-19,-3.4494313e-19,-19.999996,Object notstarted,Object notstarted,Object notstarted,Object notstarted,Object notstarted,Object notstarted,Object notstarted,Object notstarted,Object notstarted
2024-03-18 10:37:41,539.539,__main___datalogs,INFO,JoyConState.NORMAL,17.587500,6.625000,-75.375000,0.096125,-0.002289,-0.002289,0.009155,0.000000,0.000000,0.000000,0.000000,0,0,0,0,0,0,0,0,0,0,0,0.03900146484375,-0.003082275390625,-19.999996,-0.8702036,-57.388916,19.995247,-3.4494313e-19,-3.4494313e-19,-3.4494313e-19,-19.999996,Object notstarted,Object notstarted,Object notstarted,Object notstarted,Object notstarted,Object notstarted,Object notstarted,Object notstarted,Object notstarted
2024-03-18 10:37:41,584.584,__main___datalogs,INFO,JoyConState.NORMAL,17.587500,6.625000,-73.935000,0.096125,0.002289,-0.002289,0.013732,0.000000,0.000000,0.000000,0.000000,0,0,0,0,0,0,0,0,0,0,0,0.0379638671875,-0.003082275390625,-19.999996,-0.8702036,-57.388916,19.995247,-3.4494313e-19,-3.4494313e-19,-3.4494313e-19,-19.999996,Object notstarted,Object notstarted,Object notstarted,Object notstarted,Object notstarted,Object notstarted,Object notstarted,Object notstarted,Object notstarted
2024-03-18 10:37:41,626.626,__main___datalogs,INFO,JoyConState.NORMAL,17.587500,6.625000,-72.390000,0.096125,0.002289,-0.002289,0.013732,0.000000,0.000000,0.000000,0.000000,0,0,0,0,0,0,0,0,0,0,0,0.03900146484375,-0.003082275390625,-19.999996,-0.8702036,-57.388916,19.995247,-3.4494313e-19,-3.4494313e-19,-3.4494313e-19,-19.999996,Object notstarted,Object notstarted,Object notstarted,Object notstarted,Object notstarted,Object notstarted,Object notstarted,Object notstarted,Object notstarted
2024-03-18 10:37:41,684.684,__main___datalogs,INFO,JoyConState.NORMAL,17.587500,6.625000,-70.860000,0.096125,0.002289,0.002289,0.009155,0.000000,0.000000,0.000000,0.000000,0,0,0,0,0,0,0,0,0,0,0,0.0379638671875,-0.003082275390625,-19.999996,-0.8702036,-57.388916,19.995247,-3.4494313e-19,-3.4494313e-19,-3.4494313e-19,-19.999996,Object notstarted,Object notstarted,Object notstarted,Object notstarted,Object notstarted,Object notstarted,Object notstarted,Object notstarted,Object notstarted
2024-03-18 10:37:41,803.803,__main___datalogs,INFO,JoyConState.NORMAL,17.587500,6.625000,-67.820000,0.096125,0.006866,-0.002289,0.013732,0.000000,0.000000,0.000000,0.000000,0,0,0,0,0,0,0,0,0,0,0,0.03900146484375,-0.003082275390625,-19.999996,-0.8702036,-57.388916,19.995247,-3.4494313e-19,-3.4494313e-19,-3.4494313e-19,-19.999996,Object notstarted,Object notstarted,Object notstarted,Object notstarted,Object notstarted,Object notstarted,Object notstarted,Object notstarted,Object notstarted
2024-03-18 10:37:41,875.875,__main___datalogs,INFO,JoyConState.NORMAL,17.587500,6.625000,-65.090000,0.098413,0.006866,-0.002289,0.013732,0.000000,0.000000,0.000000,0.000000,0,0,0,0,0,0,0,0,0,0,0,0.03900146484375,-0.003082275390625,-19.999996,-0.8702036,-57.388916,19.995247,-3.4494313e-19,-3.4494313e-19,-3.4494313e-19,-19.999996,Object notstarted,Object notstarted,Object notstarted,Object notstarted,Object notstarted,Object notstarted,Object notstarted,Object notstarted,Object notstarted
2024-03-18 10:37:41,933.933,__main___datalogs,INFO,JoyConState.NORMAL,17.587500,6.625000,-63.440000,0.098413,0.006866,-0.002289,0.013732,0.000000,0.000000,0.000000,0.000000,0,0,0,0,0,0,0,0,0,0,0,0.03900146484375,-0.001861572265625,-19.999996,-0.8702036,-57.388916,19.995247,-3.4494313e-19,-3.4494313e-19,-3.4494313e-19,-19.999996,Object notstarted,Object notstarted,Object notstarted,Object notstarted,Object notstarted,Object notstarted,Object notstarted,Object notstarted,Object notstarted
2024-03-18 10:37:41,988.988,__main___datalogs,INFO,JoyConState.NORMAL,17.587500,6.625000,-62.525000,0.098413,-0.002289,-0.006866,0.009155,0.000000,0.000000,0.000000,0.000000,0,0,0,0,0,0,0,0,0,0,0,0.03900146484375,-0.001861572265625,-19.999996,-0.8702036,-57.388916,19.995247,-3.4494313e-19,-3.4494313e-19,-3.4494313e-19,-19.999996,Object notstarted,Object notstarted,Object notstarted,Object notstarted,Object notstarted,Object notstarted,Object notstarted,Object notstarted,Object notstarted
2024-03-18 10:37:42,045.045,__main___datalogs,INFO,JoyConState.NORMAL,17.587500,6.625000,-61.927500,0.098413,-0.002289,-0.002289,0.009155,0.000000,0.000000,0.000000,0.000000,0,0,0,0,0,0,0,0,0,0,0,0.03900146484375,-0.003082275390625,-19.999996,-0.8702036,-57.388916,19.995247,-3.4494313e-19,-3.4494313e-19,-3.4494313e-19,-19.999996,Object notstarted,Object notstarted,Object notstarted,Object notstarted,Object notstarted,Object notstarted,Object notstarted,Object notstarted,Object notstarted
2024-03-18 10:37:42,100.100,__main___datalogs,INFO,JoyConState.NORMAL,17.587500,6.625000,-61.637500,0.102991,0.002289,-0.002289,0.013732,0.000000,0.000000,0.000000,0.000000,0,0,0,0,0,0,0,0,0,0,0,0.03900146484375,-0.001861572265625,-19.999996,-0.8702036,-57.388916,19.995247,-3.4494313e-19,-3.4494313e-19,-3.4494313e-19,-19.999996,Object notstarted,Object notstarted,Object notstarted,Object notstarted,Object notstarted,Object notstarted,Object notstarted,Object notstarted,Object notstarted
2024-03-18 10:37:42,156.156,__main___datalogs,INFO,JoyConState.NORMAL,17.587500,6.625000,-61.620000,0.098413,0.002289,-0.002289,0.013732,0.000000,0.000000,0.000000,0.000000,0,0,0,0,0,0,0,0,0,0,0,0.0400390625,-0.004302978515625,-19.999996,-0.8702036,-57.388916,19.995247,-3.4494313e-19,-3.4494313e-19,-3.4494313e-19,-19.999996,Object notstarted,Object notstarted,Object notstarted,Object notstarted,Object notstarted,Object notstarted,Object notstarted,Object notstarted,Object notstarted
2024-03-18 10:37:42,212.212,__main___datalogs,INFO,JoyConState.NORMAL,17.587500,6.625000,-61.620000,0.098413,-0.002289,-0.002289,0.013732,0.000000,0.000000,0.000000,0.000000,0,0,0,0,0,0,0,0,0,0,0,0.03900146484375,-0.003082275390625,-19.999996,-0.8702036,-57.388916,19.995247,-3.4494313e-19,-3.4494313e-19,-3.4494313e-19,-19.999996,Object notstarted,Object notstarted,Object notstarted,Object notstarted,Object notstarted,Object notstarted,Object notstarted,Object notstarted,Object notstarted
2024-03-18 10:37:42,268.268,__main___datalogs,INFO,JoyConState.NORMAL,17.587500,6.625000,-61.620000,0.102991,0.006866,-0.002289,0.013732,0.000000,0.000000,0.000000,0.000000,0,0,0,0,0,0,0,0,0,0,0,0.03900146484375,-0.003082275390625,-19.999996,-0.8702036,-57.388916,19.995247,-3.4494313e-19,-3.4494313e-19,-3.4494313e-19,-19.999996,Object notstarted,Object notstarted,Object notstarted,Object notstarted,Object notstarted,Object notstarted,Object notstarted,Object notstarted,Object notstarted
2024-03-18 10:37:42,322.322,__main___datalogs,INFO,JoyConState.NORMAL,17.587500,6.625000,-61.620000,0.098413,0.002289,-0.002289,0.009155,0.000000,0.000000,0.000000,0.000000,0,0,0,0,0,0,0,0,0,0,0,0.0379638671875,-0.004302978515625,-19.999996,-0.8702036,-57.388916,19.995247,-3.4494313e-19,-3.4494313e-19,-3.4494313e-19,-19.999996,Object notstarted,Object notstarted,Object notstarted,Object notstarted,Object notstarted,Object notstarted,Object notstarted,Object notstarted,Object notstarted
2024-03-18 10:37:42,379.379,__main___datalogs,INFO,JoyConState.NORMAL,17.587500,6.625000,-61.620000,0.080104,0.002289,-0.002289,0.013732,0.000000,0.000000,0.000000,0.000000,0,0,0,0,0,0,0,0,0,0,0,0.0379638671875,-0.003082275390625,-19.999996,-0.8702036,-57.388916,19.995247,-3.4494313e-19,-3.4494313e-19,-3.4494313e-19,-19.999996,Object notstarted,Object notstarted,Object notstarted,Object notstarted,Object notstarted,Object notstarted,Object notstarted,Object notstarted,Object notstarted
2024-03-18 10:37:42,435.435,__main___datalogs,INFO,JoyConState.NORMAL,17.587500,6.625000,-61.620000,0.098413,0.006866,0.002289,0.009155,0.000000,0.000000,0.000000,0.000000,0,0,0,0,0,0,0,0,0,0,0,0.03900146484375,-0.004302978515625,-19.999996,-0.8702036,-57.388916,19.995247,-3.4494313e-19,-3.4494313e-19,-3.4494313e-19,-19.999996,Object notstarted,Object notstarted,Object notstarted,Object notstarted,Object notstarted,Object notstarted,Object notstarted,Object notstarted,Object notstarted
2024-03-18 10:37:42,491.491,__main___datalogs,INFO,JoyConState.NORMAL,17.587500,6.625000,-61.620000,0.096125,0.002289,0.002289,0.013732,0.000000,0.000000,0.000000,0.000000,0,0,0,0,0,0,0,0,0,0,0,0.0400390625,-0.003082275390625,-19.999996,-0.8702036,-57.388916,19.995247,-3.4494313e-19,-3.4494313e-19,-3.4494313e-19,-19.999996,Object notstarted,Object notstarted,Object notstarted,Object notstarted,Object notstarted,Object notstarted,Object notstarted,Object notstarted,Object notstarted
2024-03-18 10:37:42,547.547,__main___datalogs,INFO,JoyConState.NORMAL,17.587500,6.625000,-61.620000,0.098413,0.002289,-0.002289,0.013732,0.000000,0.000000,0.000000,0.000000,0,0,0,0,0,0,0,0,0,0,0,0.03692626953125,-0.004302978515625,-19.999996,-0.8702036,-57.388916,19.995247,-3.4494313e-19,-3.4494313e-19,-3.4494313e-19,-19.999996,Object notstarted,Object notstarted,Object notstarted,Object notstarted,Object notstarted,Object notstarted,Object notstarted,Object notstarted,Object notstarted
2024-03-18 10:37:42,603.603,__main___datalogs,INFO,JoyConState.NORMAL,17.587500,6.625000,-61.620000,0.059506,0.002289,-0.002289,0.013732,0.000000,0.000000,0.000000,0.000000,0,0,0,0,0,0,0,0,0,0,0,0.03900146484375,-0.003082275390625,-19.999996,-0.8702036,-57.388916,19.995247,-3.4494313e-19,-3.4494313e-19,-3.4494313e-19,-19.999996,Object notstarted,Object notstarted,Object notstarted,Object notstarted,Object notstarted,Object notstarted,Object notstarted,Object notstarted,Object notstarted
2024-03-18 10:37:42,658.658,__main___datalogs,INFO,JoyConState.NORMAL,17.587500,6.625000,-61.620000,0.098413,0.002289,-0.002289,0.013732,0.000000,0.000000,0.000000,0.000000,0,0,0,0,0,0,0,0,0,0,0,0.0379638671875,-0.003082275390625,-19.999996,-0.8702036,-57.388916,19.995247,-3.4494313e-19,-3.4494313e-19,-3.4494313e-19,-19.999996,Object notstarted,Object notstarted,Object notstarted,Object notstarted,Object notstarted,Object notstarted,Object notstarted,Object notstarted,Object notstarted
2024-03-18 10:37:42,715.715,__main___datalogs,INFO,JoyConState.NORMAL,17.587500,6.625000,-61.620000,0.098413,0.002289,0.002289,0.013732,0.000000,0.000000,0.000000,0.000000,0,0,0,0,0,0,0,0,0,0,0,0.03900146484375,-0.003082275390625,-19.999996,-0.8702036,-57.388916,19.995247,-3.4494313e-19,-3.4494313e-19,-3.4494313e-19,-19.999996,Object notstarted,Object notstarted,Object notstarted,Object notstarted,Object notstarted,Object notstarted,Object notstarted,Object notstarted,Object notstarted
2024-03-18 10:37:42,770.770,__main___datalogs,INFO,JoyConState.NORMAL,17.587500,6.625000,-61.620000,0.096125,-0.002289,0.002289,0.013732,0.000000,0.000000,0.000000,0.000000,0,0,0,0,0,0,0,0,0,0,0,0.03900146484375,-0.004302978515625,-19.999996,-0.8702036,-57.388916,19.995247,-3.4494313e-19,-3.4494313e-19,-3.4494313e-19,-19.999996,Object notstarted,Object notstarted,Object notstarted,Object notstarted,Object notstarted,Object notstarted,Object notstarted,Object notstarted,Object notstarted
2024-03-18 10:37:42,835.835,__main___datalogs,INFO,JoyConState.NORMAL,17.587500,6.625000,-61.620000,0.091547,0.002289,0.002289,0.013732,0.000000,0.000000,0.000000,0.000000,0,0,0,0,0,0,0,0,0,0,0,0.03900146484375,-0.004302978515625,-19.999996,-0.8702036,-57.388916,19.995247,-3.4494313e-19,-3.4494313e-19,-3.4494313e-19,-19.999996,Object notstarted,Object notstarted,Object notstarted,Object notstarted,Object notstarted,Object notstarted,Object notstarted,Object notstarted,Object notstarted
2024-03-18 10:37:42,898.898,__main___datalogs,INFO,JoyConState.NORMAL,17.587500,6.625000,-61.620000,0.098413,0.006866,0.002289,0.013732,0.000000,0.000000,0.000000,0.000000,0,0,0,0,0,0,0,0,0,0,0,0.0400390625,-0.001861572265625,-19.999996,-0.8702036,-57.388916,19.995247,-3.4494313e-19,-3.4494313e-19,-3.4494313e-19,-19.999996,Object notstarted,Object notstarted,Object notstarted,Object notstarted,Object notstarted,Object notstarted,Object notstarted,Object notstarted,Object notstarted
2024-03-18 10:37:42,954.954,__main___datalogs,INFO,JoyConState.NORMAL,17.587500,6.625000,-61.620000,0.102991,0.002289,-0.006866,0.009155,0.000000,0.000000,0.000000,0.000000,0,0,0,0,0,0,0,0,0,0,0,0.03900146484375,-0.001861572265625,-19.999996,-0.8702036,-57.388916,19.995247,-3.4494313e-19,-3.4494313e-19,-3.4494313e-19,-19.999996,Object notstarted,Object notstarted,Object notstarted,Object notstarted,Object notstarted,Object notstarted,Object notstarted,Object notstarted,Object notstarted
2024-03-18 10:37:43,010.010,__main___datalogs,INFO,JoyConState.NORMAL,17.587500,6.625000,-61.620000,0.096125,0.006866,-0.002289,0.016021,0.000000,0.000000,0.000000,0.000000,0,0,0,0,0,0,0,0,0,0,0,0.0400390625,-0.004302978515625,-19.999996,-0.8702036,-57.388916,19.995247,-3.4494313e-19,-3.4494313e-19,-3.4494313e-19,-19.999996,Object notstarted,Object notstarted,Object notstarted,Object notstarted,Object notstarted,Object notstarted,Object notstarted,Object notstarted,Object notstarted
2024-03-18 10:37:43,066.066,__main___datalogs,INFO,JoyConState.NORMAL,17.587500,6.625000,-61.620000,0.096125,0.006866,-0.002289,0.013732,0.000000,0.000000,0.000000,0.000000,0,0,0,0,0,0,0,0,0,0,0,0.03900146484375,-0.001861572265625,-19.999996,-0.8702036,-57.388916,19.995247,-3.4494313e-19,-3.4494313e-19,-3.4494313e-19,-19.999996,Object notstarted,Object notstarted,Object notstarted,Object notstarted,Object notstarted,Object notstarted,Object notstarted,Object notstarted,Object notstarted
2024-03-18 10:37:43,121.121,__main___datalogs,INFO,JoyConState.NORMAL,17.587500,6.625000,-61.620000,0.096125,0.002289,-0.002289,0.013732,0.000000,0.000000,0.000000,0.000000,0,0,0,0,0,0,0,0,0,0,0,0.03900146484375,-0.004302978515625,-19.999996,-0.8702036,-57.388916,19.995247,-3.4494313e-19,-3.4494313e-19,-3.4494313e-19,-19.999996,Object notstarted,Object notstarted,Object notstarted,Object notstarted,Object notstarted,Object notstarted,Object notstarted,Object notstarted,Object notstarted
2024-03-18 10:37:43,178.178,__main___datalogs,INFO,JoyConState.NORMAL,17.587500,6.625000,-61.620000,0.096125,0.006866,-0.002289,0.013732,0.000000,0.000000,0.000000,0.000000,0,0,0,0,0,0,0,0,0,0,0,0.03900146484375,-0.004302978515625,-19.999996,-0.8702036,-57.388916,19.995247,-3.4494313e-19,-3.4494313e-19,-3.4494313e-19,-19.999996,Object notstarted,Object notstarted,Object notstarted,Object notstarted,Object notstarted,Object notstarted,Object notstarted,Object notstarted,Object notstarted
2024-03-18 10:37:43,233.233,__main___datalogs,INFO,JoyConState.NORMAL,17.587500,6.625000,-61.620000,0.096125,0.006866,-0.002289,0.009155,0.000000,0.000000,0.000000,0.000000,0,0,0,0,0,0,0,0,0,0,0,0.0400390625,-0.004302978515625,-19.999996,-0.8702036,-57.388916,19.995247,-3.4494313e-19,-3.4494313e-19,-3.4494313e-19,-19.999996,Object notstarted,Object notstarted,Object notstarted,Object notstarted,Object notstarted,Object notstarted,Object notstarted,Object notstarted,Object notstarted
2024-03-18 10:37:43,290.290,__main___datalogs,INFO,JoyConState.NORMAL,17.587500,6.625000,-61.620000,0.098413,0.006866,-0.002289,0.013732,0.000000,0.000000,0.000000,0.000000,0,0,0,0,0,0,0,0,0,0,0,0.03900146484375,-0.001861572265625,-19.999996,-0.8702036,-57.388916,19.995247,-3.4494313e-19,-3.4494313e-19,-3.4494313e-19,-19.999996,Object notstarted,Object notstarted,Object notstarted,Object notstarted,Object notstarted,Object notstarted,Object notstarted,Object notstarted,Object notstarted
2024-03-18 10:37:43,345.345,__main___datalogs,INFO,JoyConState.NORMAL,17.587500,6.625000,-61.620000,0.098413,0.002289,-0.002289,0.009155,0.000000,0.000000,0.000000,0.000000,0,0,0,0,0,0,0,0,0,0,0,0.03900146484375,-0.003082275390625,-19.999996,-0.8702036,-57.388916,19.995247,-3.4494313e-19,-3.4494313e-19,-3.4494313e-19,-19.999996,Object notstarted,Object notstarted,Object notstarted,Object notstarted,Object notstarted,Object notstarted,Object notstarted,Object notstarted,Object notstarted
2024-03-18 10:37:43,402.402,__main___datalogs,INFO,JoyConState.NORMAL,17.587500,6.625000,-61.620000,0.098413,0.002289,-0.002289,0.009155,0.000000,0.000000,0.000000,0.000000,0,0,0,0,0,0,0,0,0,0,0,0.0400390625,-0.001861572265625,-19.999996,-0.8702036,-57.388916,19.995247,-3.4494313e-19,-3.4494313e-19,-3.4494313e-19,-19.999996,Object notstarted,Object notstarted,Object notstarted,Object notstarted,Object notstarted,Object notstarted,Object notstarted,Object notstarted,Object notstarted
2024-03-18 10:37:43,457.457,__main___datalogs,INFO,JoyConState.NORMAL,17.587500,6.625000,-61.620000,0.098413,0.002289,-0.006866,0.013732,0.000000,0.000000,0.000000,0.000000,0,0,0,0,0,0,0,0,0,0,0,0.03900146484375,-0.001861572265625,-19.999996,-0.8702036,-57.388916,19.995247,-3.4494313e-19,-3.4494313e-19,-3.4494313e-19,-19.999996,Object notstarted,Object notstarted,Object notstarted,Object notstarted,Object notstarted,Object notstarted,Object notstarted,Object notstarted,Object notstarted
2024-03-18 10:37:43,514.514,__main___datalogs,INFO,JoyConState.NORMAL,17.587500,6.625000,-61.620000,0.098413,0.002289,-0.002289,0.013732,0.000000,0.000000,0.000000,0.000000,0,0,0,0,0,0,0,0,0,0,0,0.03900146484375,-0.001861572265625,-19.999996,-0.8702036,-57.388916,19.995247,-3.4494313e-19,-3.4494313e-19,-3.4494313e-19,-19.999996,Object notstarted,Object notstarted,Object notstarted,Object notstarted,Object notstarted,Object notstarted,Object notstarted,Object notstarted,Object notstarted
2024-03-18 10:37:43,569.569,__main___datalogs,INFO,JoyConState.NORMAL,17.587500,6.625000,-61.620000,0.098413,0.002289,-0.002289,0.013732,0.000000,0.000000,0.000000,0.000000,0,0,0,0,0,0,0,0,0,0,0,0.03900146484375,-0.004302978515625,-19.999996,-0.8702036,-57.388916,19.995247,-3.4494313e-19,-3.4494313e-19,-3.4494313e-19,-19.999996,Object notstarted,Object notstarted,Object notstarted,Object notstarted,Object notstarted,Object notstarted,Object notstarted,Object notstarted,Object notstarted
2024-03-18 10:37:43,626.626,__main___datalogs,INFO,JoyConState.NORMAL,17.587500,6.625000,-61.620000,0.096125,0.006866,-0.006866,0.013732,0.000000,0.000000,0.000000,0.000000,0,0,0,0,0,0,0,0,0,0,0,0.03900146484375,-0.003082275390625,-19.999996,-0.8702036,-57.388916,19.995247,-3.4494313e-19,-3.4494313e-19,-3.4494313e-19,-19.999996,Object notstarted,Object notstarted,Object notstarted,Object notstarted,Object notstarted,Object notstarted,Object notstarted,Object notstarted,Object notstarted
2024-03-18 10:37:43,682.682,__main___datalogs,INFO,JoyConState.NORMAL,17.587500,6.625000,-61.620000,0.098413,0.006866,-0.006866,0.013732,0.000000,0.000000,0.000000,0.000000,0,0,0,0,0,0,0,0,0,0,0,0.03900146484375,-0.004302978515625,-19.999996,-0.8702036,-57.388916,19.995247,-3.4494313e-19,-3.4494313e-19,-3.4494313e-19,-19.999996,Object notstarted,Object notstarted,Object notstarted,Object notstarted,Object notstarted,Object notstarted,Object notstarted,Object notstarted,Object notstarted
2024-03-18 10:37:43,737.737,__main___datalogs,INFO,JoyConState.NORMAL,17.587500,6.625000,-61.620000,0.098413,0.002289,-0.002289,0.013732,0.000000,0.000000,0.000000,0.000000,0,0,0,0,0,0,0,0,0,0,0,0.03900146484375,-0.003082275390625,-19.999996,-0.8702036,-57.388916,19.995247,-3.4494313e-19,-3.4494313e-19,-3.4494313e-19,-19.999996,Object notstarted,Object notstarted,Object notstarted,Object notstarted,Object notstarted,Object notstarted,Object notstarted,Object notstarted,Object notstarted
2024-03-18 10:37:43,792.792,__main___datalogs,INFO,JoyConState.NORMAL,17.587500,6.625000,-61.620000,0.096125,0.002289,-0.002289,0.013732,0.000000,0.000000,0.000000,0.000000,0,0,0,0,0,0,0,0,0,0,0,0.03900146484375,-0.003082275390625,-19.999996,-0.8702036,-57.388916,19.995247,-3.4494313e-19,-3.4494313e-19,-3.4494313e-19,-19.999996,Object notstarted,Object notstarted,Object notstarted,Object notstarted,Object notstarted,Object notstarted,Object notstarted,Object notstarted,Object notstarted
2024-03-18 10:37:43,865.865,__main___datalogs,INFO,JoyConState.NORMAL,17.587500,6.625000,-61.620000,0.096125,0.002289,0.002289,0.013732,0.000000,0.000000,0.000000,0.000000,0,0,0,0,0,0,0,0,0,0,0,0.03900146484375,-0.003082275390625,-19.999996,-0.8702036,-57.388916,19.995247,-3.4494313e-19,-3.4494313e-19,-3.4494313e-19,-19.999996,Object notstarted,Object notstarted,Object notstarted,Object notstarted,Object notstarted,Object notstarted,Object notstarted,Object notstarted,Object notstarted
2024-03-18 10:37:43,941.941,__main___datalogs,INFO,JoyConState.NORMAL,17.587500,6.625000,-61.620000,0.098413,0.006866,-0.002289,0.013732,0.000000,0.000000,0.000000,0.000000,0,0,0,0,0,0,0,0,0,0,0,0.03900146484375,-0.001861572265625,-19.999996,-0.8702036,-57.388916,19.995247,-3.4494313e-19,-3.4494313e-19,-3.4494313e-19,-19.999996,Object notstarted,Object notstarted,Object notstarted,Object notstarted,Object notstarted,Object notstarted,Object notstarted,Object notstarted,Object notstarted
2024-03-18 10:37:43,997.997,__main___datalogs,INFO,JoyConState.NORMAL,17.587500,6.625000,-61.620000,0.091547,0.006866,-0.002289,0.013732,0.000000,0.000000,0.000000,0.000000,0,0,0,0,0,0,0,0,0,0,0,0.03900146484375,-0.003082275390625,-19.999996,-0.8702036,-57.388916,19.995247,-3.4494313e-19,-3.4494313e-19,-3.4494313e-19,-19.999996,Object notstarted,Object notstarted,Object notstarted,Object notstarted,Object notstarted,Object notstarted,Object notstarted,Object notstarted,Object notstarted
2024-03-18 10:37:44,052.052,__main___datalogs,INFO,JoyConState.NORMAL,17.587500,6.625000,-61.620000,0.091547,0.006866,-0.002289,0.013732,0.000000,0.000000,0.000000,0.000000,0,0,0,0,0,0,0,0,0,0,0,0.03900146484375,-0.003082275390625,-19.999996,-0.8702036,-57.388916,19.995247,-3.4494313e-19,-3.4494313e-19,-3.4494313e-19,-19.999996,Object notstarted,Object notstarted,Object notstarted,Object notstarted,Object notstarted,Object notstarted,Object notstarted,Object notstarted,Object notstarted
2024-03-18 10:37:44,109.109,__main___datalogs,INFO,JoyConState.NORMAL,17.587500,6.625000,-61.620000,0.096125,0.006866,-0.002289,0.013732,0.000000,0.000000,0.000000,0.000000,0,0,0,0,0,0,0,0,0,0,0,0.0400390625,-0.003082275390625,-19.999996,-0.8702036,-57.388916,19.995247,-3.4494313e-19,-3.4494313e-19,-3.4494313e-19,-19.999996,Object notstarted,Object notstarted,Object notstarted,Object notstarted,Object notstarted,Object notstarted,Object notstarted,Object notstarted,Object notstarted
2024-03-18 10:37:44,164.164,__main___datalogs,INFO,JoyConState.NORMAL,17.587500,6.625000,-61.620000,0.098413,0.006866,0.002289,0.013732,0.000000,0.000000,0.000000,0.000000,0,0,0,0,0,0,0,0,0,0,0,0.03692626953125,-0.001861572265625,-19.999996,-0.8702036,-57.388916,19.995247,-3.4494313e-19,-3.4494313e-19,-3.4494313e-19,-19.999996,Object notstarted,Object notstarted,Object notstarted,Object notstarted,Object notstarted,Object notstarted,Object notstarted,Object notstarted,Object notstarted
2024-03-18 10:37:44,222.222,__main___datalogs,INFO,JoyConState.NORMAL,17.587500,6.625000,-61.620000,0.096125,0.002289,-0.006866,0.013732,0.000000,0.000000,0.000000,0.000000,0,0,0,0,0,0,0,0,0,0,0,0.0400390625,-0.001861572265625,-19.999996,-0.8702036,-57.388916,19.995247,-3.4494313e-19,-3.4494313e-19,-3.4494313e-19,-19.999996,Object notstarted,Object notstarted,Object notstarted,Object notstarted,Object notstarted,Object notstarted,Object notstarted,Object notstarted,Object notstarted
2024-03-18 10:37:44,276.276,__main___datalogs,INFO,JoyConState.NORMAL,17.587500,6.625000,-61.620000,0.096125,0.006866,-0.006866,0.013732,0.000000,0.000000,0.000000,0.000000,0,0,0,0,0,0,0,0,0,0,0,0.03900146484375,-0.004302978515625,-19.999996,-0.8702036,-57.388916,19.995247,-3.4494313e-19,-3.4494313e-19,-3.4494313e-19,-19.999996,Object notstarted,Object notstarted,Object notstarted,Object notstarted,Object notstarted,Object notstarted,Object notstarted,Object notstarted,Object notstarted
2024-03-18 10:37:44,333.333,__main___datalogs,INFO,JoyConState.NORMAL,17.587500,6.625000,-61.620000,0.096125,0.006866,-0.002289,0.013732,0.000000,0.000000,0.000000,0.000000,0,0,0,0,0,0,0,0,0,0,0,0.03900146484375,-0.003082275390625,-19.999996,-0.8702036,-57.388916,19.995247,-3.4494313e-19,-3.4494313e-19,-3.4494313e-19,-19.999996,Object notstarted,Object notstarted,Object notstarted,Object notstarted,Object notstarted,Object notstarted,Object notstarted,Object notstarted,Object notstarted
2024-03-18 10:37:44,388.388,__main___datalogs,INFO,JoyConState.NORMAL,17.587500,6.625000,-61.620000,0.096125,0.006866,-0.002289,0.013732,0.000000,0.000000,0.000000,0.000000,0,0,0,0,0,0,0,0,0,0,0,0.03900146484375,-0.004302978515625,-19.999996,-0.8702036,-57.388916,19.995247,-3.4494313e-19,-3.4494313e-19,-3.4494313e-19,-19.999996,Object notstarted,Object notstarted,Object notstarted,Object notstarted,Object notstarted,Object notstarted,Object notstarted,Object notstarted,Object notstarted
2024-03-18 10:37:44,445.445,__main___datalogs,INFO,JoyConState.NORMAL,17.587500,6.625000,-61.620000,0.098413,0.006866,-0.006866,0.013732,0.000000,0.000000,0.000000,0.000000,0,0,0,0,0,0,0,0,0,0,0,0.0400390625,-0.004302978515625,-19.999996,-0.8702036,-57.388916,19.995247,-3.4494313e-19,-3.4494313e-19,-3.4494313e-19,-19.999996,Object notstarted,Object notstarted,Object notstarted,Object notstarted,Object notstarted,Object notstarted,Object notstarted,Object notstarted,Object notstarted
2024-03-18 10:37:44,500.500,__main___datalogs,INFO,JoyConState.NORMAL,17.587500,6.625000,-61.620000,0.098413,0.002289,0.002289,0.013732,0.000000,0.000000,0.000000,0.000000,0,0,0,0,0,0,0,0,0,0,0,0.03900146484375,-0.003082275390625,-19.999996,-0.8702036,-57.388916,19.995247,-3.4494313e-19,-3.4494313e-19,-3.4494313e-19,-19.999996,Object notstarted,Object notstarted,Object notstarted,Object notstarted,Object notstarted,Object notstarted,Object notstarted,Object notstarted,Object notstarted
2024-03-18 10:37:44,555.555,__main___datalogs,INFO,JoyConState.NORMAL,17.587500,6.625000,-61.620000,0.098413,0.006866,0.002289,0.013732,0.000000,0.000000,0.000000,0.000000,0,0,0,0,0,0,0,0,0,0,0,0.03900146484375,-0.0006103515625,-19.999996,-0.8702036,-57.388916,19.995247,-3.4494313e-19,-3.4494313e-19,-3.4494313e-19,-19.999996,Object notstarted,Object notstarted,Object notstarted,Object notstarted,Object notstarted,Object notstarted,Object notstarted,Object notstarted,Object notstarted
2024-03-18 10:37:44,610.610,__main___datalogs,INFO,JoyConState.NORMAL,17.587500,6.625000,-61.620000,0.096125,0.002289,-0.002289,0.013732,0.000000,0.000000,0.000000,0.000000,0,0,0,0,0,0,0,0,0,0,0,0.0400390625,-0.004302978515625,-19.999996,-0.8702036,-57.388916,19.995247,-3.4494313e-19,-3.4494313e-19,-3.4494313e-19,-19.999996,Object notstarted,Object notstarted,Object notstarted,Object notstarted,Object notstarted,Object notstarted,Object notstarted,Object notstarted,Object notstarted
2024-03-18 10:37:44,667.667,__main___datalogs,INFO,JoyConState.NORMAL,17.587500,6.625000,-61.620000,0.096125,0.006866,-0.002289,0.013732,0.000000,0.000000,0.000000,0.000000,0,0,0,0,0,0,0,0,0,0,0,0.03900146484375,-0.003082275390625,-19.999996,-0.8702036,-57.388916,19.995247,-3.4494313e-19,-3.4494313e-19,-3.4494313e-19,-19.999996,Object notstarted,Object notstarted,Object notstarted,Object notstarted,Object notstarted,Object notstarted,Object notstarted,Object notstarted,Object notstarted
2024-03-18 10:37:44,722.722,__main___datalogs,INFO,JoyConState.NORMAL,17.587500,6.625000,-61.620000,0.096125,0.002289,-0.002289,0.013732,0.000000,0.000000,0.000000,0.000000,0,0,0,0,0,0,0,0,0,0,0,0.03900146484375,-0.004302978515625,-19.999996,-0.8702036,-57.388916,19.995247,-3.4494313e-19,-3.4494313e-19,-3.4494313e-19,-19.999996,Object notstarted,Object notstarted,Object notstarted,Object notstarted,Object notstarted,Object notstarted,Object notstarted,Object notstarted,Object notstarted
2024-03-18 10:37:44,779.779,__main___datalogs,INFO,JoyConState.NORMAL,17.587500,6.625000,-61.620000,0.096125,0.006866,0.002289,0.016021,0.000000,0.000000,0.000000,0.000000,0,0,0,0,0,0,0,0,0,0,0,0.03900146484375,-0.004302978515625,-19.999996,-0.8702036,-57.388916,19.995247,-3.4494313e-19,-3.4494313e-19,-3.4494313e-19,-19.999996,Object notstarted,Object notstarted,Object notstarted,Object notstarted,Object notstarted,Object notstarted,Object notstarted,Object notstarted,Object notstarted
2024-03-18 10:37:44,834.834,__main___datalogs,INFO,JoyConState.NORMAL,17.587500,6.625000,-61.620000,0.096125,0.006866,0.002289,0.013732,0.000000,0.000000,0.000000,0.000000,0,0,0,0,0,0,0,0,0,0,0,0.03900146484375,-0.003082275390625,-19.999996,-0.8702036,-57.388916,19.995247,-3.4494313e-19,-3.4494313e-19,-3.4494313e-19,-19.999996,Object notstarted,Object notstarted,Object notstarted,Object notstarted,Object notstarted,Object notstarted,Object notstarted,Object notstarted,Object notstarted
2024-03-18 10:37:44,891.891,__main___datalogs,INFO,JoyConState.NORMAL,17.587500,6.625000,-61.620000,0.098413,-0.002289,-0.002289,0.013732,0.000000,0.000000,0.000000,0.000000,0,0,0,0,0,0,0,0,0,0,0,0.03900146484375,-0.004302978515625,-19.999996,-0.8702036,-57.388916,19.995247,-3.4494313e-19,-3.4494313e-19,-3.4494313e-19,-19.999996,Object notstarted,Object notstarted,Object notstarted,Object notstarted,Object notstarted,Object notstarted,Object notstarted,Object notstarted,Object notstarted
2024-03-18 10:37:44,963.963,__main___datalogs,INFO,JoyConState.NORMAL,17.587500,6.625000,-61.620000,0.098413,0.002289,0.002289,0.013732,0.000000,0.000000,0.000000,0.000000,0,0,0,0,0,0,0,0,0,0,0,0.03900146484375,-0.001861572265625,-19.999996,-0.8702036,-57.388916,19.995247,-3.4494313e-19,-3.4494313e-19,-3.4494313e-19,-19.999996,Object notstarted,Object notstarted,Object notstarted,Object notstarted,Object notstarted,Object notstarted,Object notstarted,Object notstarted,Object notstarted
2024-03-18 10:37:45,025.025,__main___datalogs,INFO,JoyConState.NORMAL,17.587500,6.625000,-61.620000,0.102991,0.002289,-0.002289,0.013732,0.000000,0.000000,0.000000,0.000000,0,0,0,0,0,0,0,0,0,0,0,0.03900146484375,-0.003082275390625,-19.999996,-0.8702036,-57.388916,19.995247,-3.4494313e-19,-3.4494313e-19,-3.4494313e-19,-19.999996,Object notstarted,Object notstarted,Object notstarted,Object notstarted,Object notstarted,Object notstarted,Object notstarted,Object notstarted,Object notstarted
2024-03-18 10:37:45,079.079,__main___datalogs,INFO,JoyConState.NORMAL,17.587500,6.625000,-61.620000,0.091547,0.002289,-0.002289,0.013732,0.000000,0.000000,0.000000,0.000000,0,0,0,0,0,0,0,0,0,0,0,0.03900146484375,-0.001861572265625,-19.999996,-0.8702036,-57.388916,19.995247,-3.4494313e-19,-3.4494313e-19,-3.4494313e-19,-19.999996,Object notstarted,Object notstarted,Object notstarted,Object notstarted,Object notstarted,Object notstarted,Object notstarted,Object notstarted,Object notstarted
2024-03-18 10:37:45,136.136,__main___datalogs,INFO,JoyConState.NORMAL,17.587500,6.625000,-61.620000,0.098413,0.002289,-0.002289,0.013732,0.000000,0.000000,0.000000,0.000000,0,0,0,0,0,0,0,0,0,0,0,0.03900146484375,-0.003082275390625,-19.999996,-0.8702036,-57.388916,19.995247,-3.4494313e-19,-3.4494313e-19,-3.4494313e-19,-19.999996,Object notstarted,Object notstarted,Object notstarted,Object notstarted,Object notstarted,Object notstarted,Object notstarted,Object notstarted,Object notstarted
2024-03-18 10:37:45,190.190,__main___datalogs,INFO,JoyConState.NORMAL,17.587500,6.625000,-61.620000,0.096125,0.002289,-0.002289,0.016021,0.000000,0.000000,0.000000,0.000000,0,0,0,0,0,0,0,0,0,0,0,0.03900146484375,-0.003082275390625,-19.999996,-0.8702036,-57.388916,19.995247,-3.4494313e-19,-3.4494313e-19,-3.4494313e-19,-19.999996,Object notstarted,Object notstarted,Object notstarted,Object notstarted,Object notstarted,Object notstarted,Object notstarted,Object notstarted,Object notstarted
2024-03-18 10:37:45,249.249,__main___datalogs,INFO,JoyConState.NORMAL,17.587500,6.625000,-61.620000,0.096125,0.006866,0.002289,0.013732,0.000000,0.000000,0.000000,0.000000,0,0,0,0,0,0,0,0,0,0,0,0.0379638671875,-0.001861572265625,-19.999996,-0.8702036,-57.388916,19.995247,-3.4494313e-19,-3.4494313e-19,-3.4494313e-19,-19.999996,Object notstarted,Object notstarted,Object notstarted,Object notstarted,Object notstarted,Object notstarted,Object notstarted,Object notstarted,Object notstarted
2024-03-18 10:37:45,304.304,__main___datalogs,INFO,JoyConState.NORMAL,17.587500,6.625000,-61.620000,0.091547,0.006866,-0.002289,0.013732,0.000000,0.000000,0.000000,0.000000,0,0,0,0,0,0,0,0,0,0,0,0.03900146484375,-0.003082275390625,-19.999996,-0.8702036,-57.388916,19.995247,-3.4494313e-19,-3.4494313e-19,-3.4494313e-19,-19.999996,Object notstarted,Object notstarted,Object notstarted,Object notstarted,Object notstarted,Object notstarted,Object notstarted,Object notstarted,Object notstarted
2024-03-18 10:37:45,360.360,__main___datalogs,INFO,JoyConState.NORMAL,17.587500,6.625000,-61.620000,0.096125,0.002289,0.002289,0.013732,0.000000,0.000000,0.000000,0.000000,0,0,0,0,0,0,0,0,0,0,0,0.03900146484375,-0.001861572265625,-19.999996,-0.8702036,-57.388916,19.995247,-3.4494313e-19,-3.4494313e-19,-3.4494313e-19,-19.999996,Object notstarted,Object notstarted,Object notstarted,Object notstarted,Object notstarted,Object notstarted,Object notstarted,Object notstarted,Object notstarted
2024-03-18 10:37:45,416.416,__main___datalogs,INFO,JoyConState.NORMAL,17.587500,6.625000,-61.620000,0.096125,0.002289,-0.002289,0.013732,0.000000,0.000000,0.000000,0.000000,0,0,0,0,0,0,0,0,0,0,0,0.03900146484375,-0.003082275390625,-19.999996,-0.8702036,-57.388916,19.995247,-3.4494313e-19,-3.4494313e-19,-3.4494313e-19,-19.999996,Object notstarted,Object notstarted,Object notstarted,Object notstarted,Object notstarted,Object notstarted,Object notstarted,Object notstarted,Object notstarted
2024-03-18 10:37:45,473.473,__main___datalogs,INFO,JoyConState.NORMAL,17.587500,6.625000,-61.620000,0.096125,0.002289,-0.006866,0.013732,0.000000,0.000000,0.000000,0.000000,0,0,0,0,0,0,0,0,0,0,0,0.0400390625,-0.003082275390625,-19.999996,-0.8702036,-57.388916,19.995247,-3.4494313e-19,-3.4494313e-19,-3.4494313e-19,-19.999996,Object notstarted,Object notstarted,Object notstarted,Object notstarted,Object notstarted,Object notstarted,Object notstarted,Object notstarted,Object notstarted
2024-03-18 10:37:45,527.527,__main___datalogs,INFO,JoyConState.NORMAL,17.587500,6.625000,-61.620000,0.098413,0.002289,-0.002289,0.013732,0.000000,0.000000,0.000000,0.000000,0,0,0,0,0,0,0,0,0,0,0,0.03900146484375,-0.001861572265625,-19.999996,-0.8702036,-57.388916,19.995247,-3.4494313e-19,-3.4494313e-19,-3.4494313e-19,-19.999996,Object notstarted,Object notstarted,Object notstarted,Object notstarted,Object notstarted,Object notstarted,Object notstarted,Object notstarted,Object notstarted
2024-03-18 10:37:45,584.584,__main___datalogs,INFO,JoyConState.NORMAL,17.587500,6.625000,-61.620000,0.098413,0.002289,0.002289,0.013732,0.000000,0.000000,0.000000,0.000000,0,0,0,0,0,0,0,0,0,0,0,0.03900146484375,-0.004302978515625,-19.999996,-0.8702036,-57.388916,19.995247,-3.4494313e-19,-3.4494313e-19,-3.4494313e-19,-19.999996,Object notstarted,Object notstarted,Object notstarted,Object notstarted,Object notstarted,Object notstarted,Object notstarted,Object notstarted,Object notstarted
2024-03-18 10:37:45,640.640,__main___datalogs,INFO,JoyConState.NORMAL,17.587500,6.625000,-61.620000,0.096125,0.002289,-0.002289,0.013732,0.000000,0.000000,0.000000,0.000000,0,0,0,0,0,0,0,0,0,0,0,0.03900146484375,-0.003082275390625,-19.999996,-0.8702036,-57.388916,19.995247,-3.4494313e-19,-3.4494313e-19,-3.4494313e-19,-19.999996,Object notstarted,Object notstarted,Object notstarted,Object notstarted,Object notstarted,Object notstarted,Object notstarted,Object notstarted,Object notstarted
2024-03-18 10:37:45,696.696,__main___datalogs,INFO,JoyConState.NORMAL,17.587500,6.625000,-61.620000,0.098413,0.002289,-0.002289,0.013732,0.000000,0.000000,0.000000,0.000000,0,0,0,0,0,0,0,0,0,0,0,0.03900146484375,-0.003082275390625,-19.999996,-0.8702036,-57.388916,19.995247,-3.4494313e-19,-3.4494313e-19,-3.4494313e-19,-19.999996,Object notstarted,Object notstarted,Object notstarted,Object notstarted,Object notstarted,Object notstarted,Object notstarted,Object notstarted,Object notstarted
2024-03-18 10:37:45,751.751,__main___datalogs,INFO,JoyConState.NORMAL,17.587500,6.625000,-61.620000,0.096125,0.002289,0.002289,0.013732,0.000000,0.000000,0.000000,0.000000,0,0,0,0,0,0,0,0,0,0,0,0.03900146484375,-0.004302978515625,-19.999996,-0.8702036,-57.388916,19.995247,-3.4494313e-19,-3.4494313e-19,-3.4494313e-19,-19.999996,Object notstarted,Object notstarted,Object notstarted,Object notstarted,Object notstarted,Object notstarted,Object notstarted,Object notstarted,Object notstarted
2024-03-18 10:37:45,807.807,__main___datalogs,INFO,JoyConState.NORMAL,17.587500,6.625000,-61.620000,0.098413,-0.002289,0.002289,0.016021,0.000000,0.000000,0.000000,0.000000,0,0,0,0,0,0,0,0,0,0,0,0.03900146484375,-0.001861572265625,-19.999996,-0.8702036,-57.388916,19.995247,-3.4494313e-19,-3.4494313e-19,-3.4494313e-19,-19.999996,Object notstarted,Object notstarted,Object notstarted,Object notstarted,Object notstarted,Object notstarted,Object notstarted,Object notstarted,Object notstarted
2024-03-18 10:37:45,862.862,__main___datalogs,INFO,JoyConState.NORMAL,17.587500,6.625000,-61.620000,0.096125,-0.002289,0.002289,0.016021,0.000000,0.000000,0.000000,0.000000,0,0,0,0,0,0,0,0,0,0,0,0.03900146484375,-0.003082275390625,-19.999996,-0.8702036,-57.388916,19.995247,-3.4494313e-19,-3.4494313e-19,-3.4494313e-19,-19.999996,Object notstarted,Object notstarted,Object notstarted,Object notstarted,Object notstarted,Object notstarted,Object notstarted,Object notstarted,Object notstarted
2024-03-18 10:37:45,919.919,__main___datalogs,INFO,JoyConState.NORMAL,17.587500,6.625000,-61.620000,0.098413,0.002289,-0.002289,0.013732,0.000000,0.000000,0.000000,0.000000,0,0,0,0,0,0,0,0,0,0,0,0.03900146484375,-0.003082275390625,-19.999996,-0.8702036,-57.388916,19.995247,-3.4494313e-19,-3.4494313e-19,-3.4494313e-19,-19.999996,Object notstarted,Object notstarted,Object notstarted,Object notstarted,Object notstarted,Object notstarted,Object notstarted,Object notstarted,Object notstarted
2024-03-18 10:37:45,990.990,__main___datalogs,INFO,JoyConState.NORMAL,17.587500,6.625000,-61.620000,0.096125,0.006866,-0.002289,0.013732,0.000000,0.000000,0.000000,0.000000,0,0,0,0,0,0,0,0,0,0,0,0.03900146484375,-0.003082275390625,-19.999996,-0.8702036,-57.388916,19.995247,-3.4494313e-19,-3.4494313e-19,-3.4494313e-19,-19.999996,Object notstarted,Object notstarted,Object notstarted,Object notstarted,Object notstarted,Object notstarted,Object notstarted,Object notstarted,Object notstarted
2024-03-18 10:37:46,050.050,__main___datalogs,INFO,JoyConState.NORMAL,17.587500,6.625000,-61.620000,0.098413,0.002289,-0.002289,0.013732,0.000000,0.000000,0.000000,0.000000,0,0,0,0,0,0,0,0,0,0,0,0.0379638671875,-0.003082275390625,-19.999996,-0.8702036,-57.388916,19.995247,-3.4494313e-19,-3.4494313e-19,-3.4494313e-19,-19.999996,Object notstarted,Object notstarted,Object notstarted,Object notstarted,Object notstarted,Object notstarted,Object notstarted,Object notstarted,Object notstarted
2024-03-18 10:37:46,106.106,__main___datalogs,INFO,JoyConState.NORMAL,17.587500,6.625000,-61.620000,0.091547,0.002289,0.002289,0.013732,0.000000,0.000000,0.000000,0.000000,0,0,0,0,0,0,0,0,0,0,0,0.03900146484375,-0.003082275390625,-19.999996,-0.8702036,-57.388916,19.995247,-3.4494313e-19,-3.4494313e-19,-3.4494313e-19,-19.999996,Object notstarted,Object notstarted,Object notstarted,Object notstarted,Object notstarted,Object notstarted,Object notstarted,Object notstarted,Object notstarted
2024-03-18 10:37:46,163.163,__main___datalogs,INFO,JoyConState.NORMAL,17.587500,6.625000,-61.620000,0.096125,0.006866,0.002289,0.016021,0.000000,0.000000,0.000000,0.000000,0,0,0,0,0,0,0,0,0,0,0,0.03900146484375,-0.003082275390625,-19.999996,-0.8702036,-57.388916,19.995247,-3.4494313e-19,-3.4494313e-19,-3.4494313e-19,-19.999996,Object notstarted,Object notstarted,Object notstarted,Object notstarted,Object notstarted,Object notstarted,Object notstarted,Object notstarted,Object notstarted
2024-03-18 10:37:46,218.218,__main___datalogs,INFO,JoyConState.NORMAL,17.587500,6.625000,-61.620000,0.091547,0.006866,-0.002289,0.016021,0.000000,0.000000,0.000000,0.000000,0,0,0,0,0,0,0,0,0,0,0,0.03692626953125,-0.004302978515625,-19.999996,-0.8702036,-57.388916,19.995247,-3.4494313e-19,-3.4494313e-19,-3.4494313e-19,-19.999996,Object notstarted,Object notstarted,Object notstarted,Object notstarted,Object notstarted,Object notstarted,Object notstarted,Object notstarted,Object notstarted
2024-03-18 10:37:46,274.274,__main___datalogs,INFO,JoyConState.NORMAL,17.587500,6.625000,-61.620000,0.091547,0.006866,-0.002289,0.013732,0.000000,0.000000,0.000000,0.000000,0,0,0,0,0,0,0,0,0,0,0,0.0400390625,-0.004302978515625,-19.999996,-0.8702036,-57.388916,19.995247,-3.4494313e-19,-3.4494313e-19,-3.4494313e-19,-19.999996,Object notstarted,Object notstarted,Object notstarted,Object notstarted,Object notstarted,Object notstarted,Object notstarted,Object notstarted,Object notstarted
2024-03-18 10:37:46,329.329,__main___datalogs,INFO,JoyConState.NORMAL,17.587500,6.625000,-61.620000,0.096125,0.002289,0.002289,0.013732,0.000000,0.000000,0.000000,0.000000,0,0,0,0,0,0,0,0,0,0,0,0.03900146484375,-0.003082275390625,-19.999996,-0.8702036,-57.388916,19.995247,-3.4494313e-19,-3.4494313e-19,-3.4494313e-19,-19.999996,Object notstarted,Object notstarted,Object notstarted,Object notstarted,Object notstarted,Object notstarted,Object notstarted,Object notstarted,Object notstarted
2024-03-18 10:37:46,386.386,__main___datalogs,INFO,JoyConState.NORMAL,17.587500,6.625000,-61.620000,0.096125,0.002289,-0.002289,0.013732,0.000000,0.000000,0.000000,0.000000,0,0,0,0,0,0,0,0,0,0,0,0.03900146484375,-0.003082275390625,-19.999996,-0.8702036,-57.388916,19.995247,-3.4494313e-19,-3.4494313e-19,-3.4494313e-19,-19.999996,Object notstarted,Object notstarted,Object notstarted,Object notstarted,Object notstarted,Object notstarted,Object notstarted,Object notstarted,Object notstarted
2024-03-18 10:37:46,442.442,__main___datalogs,INFO,JoyConState.NORMAL,17.587500,6.625000,-61.620000,0.096125,0.002289,-0.006866,0.016021,0.000000,0.000000,0.000000,0.000000,0,0,0,0,0,0,0,0,0,0,0,0.03900146484375,-0.003082275390625,-19.999996,-0.8702036,-57.388916,19.995247,-3.4494313e-19,-3.4494313e-19,-3.4494313e-19,-19.999996,Object notstarted,Object notstarted,Object notstarted,Object notstarted,Object notstarted,Object notstarted,Object notstarted,Object notstarted,Object notstarted
2024-03-18 10:37:46,497.497,__main___datalogs,INFO,JoyConState.NORMAL,17.587500,6.625000,-61.620000,0.096125,0.002289,-0.002289,0.013732,0.000000,0.000000,0.000000,0.000000,0,0,0,0,0,0,0,0,0,0,0,0.0379638671875,-0.004302978515625,-19.999996,-0.8702036,-57.388916,19.995247,-3.4494313e-19,-3.4494313e-19,-3.4494313e-19,-19.999996,Object notstarted,Object notstarted,Object notstarted,Object notstarted,Object notstarted,Object notstarted,Object notstarted,Object notstarted,Object notstarted
2024-03-18 10:37:46,553.553,__main___datalogs,INFO,JoyConState.NORMAL,17.587500,6.625000,-61.620000,0.098413,0.006866,-0.002289,0.016021,0.000000,0.000000,0.000000,0.000000,0,0,0,0,0,0,0,0,0,0,0,0.03900146484375,-0.003082275390625,-19.999996,-0.8702036,-57.388916,19.995247,-3.4494313e-19,-3.4494313e-19,-3.4494313e-19,-19.999996,Object notstarted,Object notstarted,Object notstarted,Object notstarted,Object notstarted,Object notstarted,Object notstarted,Object notstarted,Object notstarted
2024-03-18 10:37:46,610.610,__main___datalogs,INFO,JoyConState.NORMAL,17.587500,6.625000,-61.620000,0.098413,0.002289,0.002289,0.013732,0.000000,0.000000,0.000000,0.000000,0,0,0,0,0,0,0,0,0,0,0,0.03900146484375,-0.001861572265625,-19.999996,-0.8702036,-57.388916,19.995247,-3.4494313e-19,-3.4494313e-19,-3.4494313e-19,-19.999996,Object notstarted,Object notstarted,Object notstarted,Object notstarted,Object notstarted,Object notstarted,Object notstarted,Object notstarted,Object notstarted
2024-03-18 10:37:46,664.664,__main___datalogs,INFO,JoyConState.NORMAL,17.587500,6.625000,-61.620000,0.096125,0.002289,0.002289,0.016021,0.000000,0.000000,0.000000,0.000000,0,0,0,0,0,0,0,0,0,0,0,0.03900146484375,-0.001861572265625,-19.999996,-0.8702036,-57.388916,19.995247,-3.4494313e-19,-3.4494313e-19,-3.4494313e-19,-19.999996,Object notstarted,Object notstarted,Object notstarted,Object notstarted,Object notstarted,Object notstarted,Object notstarted,Object notstarted,Object notstarted
2024-03-18 10:37:46,720.720,__main___datalogs,INFO,JoyConState.NORMAL,17.587500,6.625000,-61.620000,0.098413,0.006866,-0.002289,0.016021,0.000000,0.000000,0.000000,0.000000,0,0,0,0,0,0,0,0,0,0,0,0.0379638671875,-0.004302978515625,-19.999996,-0.8702036,-57.388916,19.995247,-3.4494313e-19,-3.4494313e-19,-3.4494313e-19,-19.999996,Object notstarted,Object notstarted,Object notstarted,Object notstarted,Object notstarted,Object notstarted,Object notstarted,Object notstarted,Object notstarted
2024-03-18 10:37:46,776.776,__main___datalogs,INFO,JoyConState.NORMAL,17.587500,6.625000,-61.620000,0.098413,0.006866,0.002289,0.016021,0.000000,0.000000,0.000000,0.000000,0,0,0,0,0,0,0,0,0,0,0,0.0379638671875,-0.003082275390625,-19.999996,-0.8702036,-57.388916,19.995247,-3.4494313e-19,-3.4494313e-19,-3.4494313e-19,-19.999996,Object notstarted,Object notstarted,Object notstarted,Object notstarted,Object notstarted,Object notstarted,Object notstarted,Object notstarted,Object notstarted
2024-03-18 10:37:46,833.833,__main___datalogs,INFO,JoyConState.NORMAL,17.587500,6.625000,-61.620000,0.102991,0.002289,0.002289,0.016021,0.000000,0.000000,0.000000,0.000000,0,0,0,0,0,0,0,0,0,0,0,0.0379638671875,-0.003082275390625,-19.999996,-0.8702036,-57.388916,19.995247,-3.4494313e-19,-3.4494313e-19,-3.4494313e-19,-19.999996,Object notstarted,Object notstarted,Object notstarted,Object notstarted,Object notstarted,Object notstarted,Object notstarted,Object notstarted,Object notstarted
2024-03-18 10:37:46,888.888,__main___datalogs,INFO,JoyConState.NORMAL,17.587500,6.625000,-61.620000,0.098413,0.006866,-0.002289,0.020598,0.000000,0.000000,0.000000,0.000000,0,0,0,0,0,0,0,0,0,0,0,0.0379638671875,-0.003082275390625,-19.999996,-0.8702036,-57.388916,19.995247,-3.4494313e-19,-3.4494313e-19,-3.4494313e-19,-19.999996,Object notstarted,Object notstarted,Object notstarted,Object notstarted,Object notstarted,Object notstarted,Object notstarted,Object notstarted,Object notstarted
2024-03-18 10:37:46,944.944,__main___datalogs,INFO,JoyConState.NORMAL,17.587500,6.625000,-61.620000,0.096125,0.006866,-0.002289,0.016021,0.000000,0.000000,0.000000,0.000000,0,0,0,0,0,0,0,0,0,0,0,0.03900146484375,-0.003082275390625,-19.999996,-0.8702036,-57.388916,19.995247,-3.4494313e-19,-3.4494313e-19,-3.4494313e-19,-19.999996,Object notstarted,Object notstarted,Object notstarted,Object notstarted,Object notstarted,Object notstarted,Object notstarted,Object notstarted,Object notstarted
2024-03-18 10:37:47,000.000,__main___datalogs,INFO,JoyConState.NORMAL,17.587500,6.625000,-61.620000,0.098413,0.006866,-0.002289,0.013732,0.000000,0.000000,0.000000,0.000000,0,0,0,0,0,0,0,0,0,0,0,0.0379638671875,-0.001861572265625,-19.999996,-0.8702036,-57.388916,19.995247,-3.4494313e-19,-3.4494313e-19,-3.4494313e-19,-19.999996,Object notstarted,Object notstarted,Object notstarted,Object notstarted,Object notstarted,Object notstarted,Object notstarted,Object notstarted,Object notstarted
2024-03-18 10:37:47,072.072,__main___datalogs,INFO,JoyConState.NORMAL,17.587500,6.625000,-61.620000,0.096125,0.006866,-0.002289,0.016021,0.000000,0.000000,0.000000,0.000000,0,0,0,0,0,0,0,0,0,0,0,0.03900146484375,-0.004302978515625,-19.999996,-0.8702036,-57.388916,19.995247,-3.4494313e-19,-3.4494313e-19,-3.4494313e-19,-19.999996,Object notstarted,Object notstarted,Object notstarted,Object notstarted,Object notstarted,Object notstarted,Object notstarted,Object notstarted,Object notstarted
2024-03-18 10:37:47,152.152,__main___datalogs,INFO,JoyConState.NORMAL,17.587500,6.625000,-61.620000,0.096125,0.002289,-0.002289,0.016021,0.000000,0.000000,0.000000,0.000000,0,0,0,0,0,0,0,0,0,0,0,0.03900146484375,-0.001861572265625,-19.999996,-0.8702036,-57.388916,19.995247,-3.4494313e-19,-3.4494313e-19,-3.4494313e-19,-19.999996,Object notstarted,Object notstarted,Object notstarted,Object notstarted,Object notstarted,Object notstarted,Object notstarted,Object notstarted,Object notstarted
2024-03-18 10:37:47,208.208,__main___datalogs,INFO,JoyConState.NORMAL,17.587500,6.625000,-61.620000,0.096125,-0.002289,-0.002289,0.016021,0.000000,0.000000,0.000000,0.000000,0,0,0,0,0,0,0,0,0,0,0,0.03900146484375,-0.003082275390625,-19.999996,-0.8702036,-57.388916,19.995247,-3.4494313e-19,-3.4494313e-19,-3.4494313e-19,-19.999996,Object notstarted,Object notstarted,Object notstarted,Object notstarted,Object notstarted,Object notstarted,Object notstarted,Object notstarted,Object notstarted
2024-03-18 10:37:47,263.263,__main___datalogs,INFO,JoyConState.NORMAL,17.587500,6.625000,-61.620000,0.096125,0.002289,0.002289,0.013732,0.000000,0.000000,0.000000,0.000000,0,0,0,0,0,0,0,0,0,0,0,0.03900146484375,-0.003082275390625,-19.999996,-0.8702036,-57.388916,19.995247,-3.4494313e-19,-3.4494313e-19,-3.4494313e-19,-19.999996,Object notstarted,Object notstarted,Object notstarted,Object notstarted,Object notstarted,Object notstarted,Object notstarted,Object notstarted,Object notstarted
2024-03-18 10:37:47,320.320,__main___datalogs,INFO,JoyConState.NORMAL,17.587500,6.625000,-61.620000,0.098413,0.006866,-0.002289,0.013732,0.000000,0.000000,0.000000,0.000000,0,0,0,0,0,0,0,0,0,0,0,0.03900146484375,-0.003082275390625,-19.999996,-0.8702036,-57.388916,19.995247,-3.4494313e-19,-3.4494313e-19,-3.4494313e-19,-19.999996,Object notstarted,Object notstarted,Object notstarted,Object notstarted,Object notstarted,Object notstarted,Object notstarted,Object notstarted,Object notstarted
2024-03-18 10:37:47,375.375,__main___datalogs,INFO,JoyConState.NORMAL,17.587500,6.625000,-61.620000,0.098413,0.006866,0.002289,0.013732,0.000000,0.000000,0.000000,0.000000,0,0,0,0,0,0,0,0,0,0,0,0.0379638671875,-0.003082275390625,-19.999996,-0.8702036,-57.388916,19.995247,-3.4494313e-19,-3.4494313e-19,-3.4494313e-19,-19.999996,Object notstarted,Object notstarted,Object notstarted,Object notstarted,Object notstarted,Object notstarted,Object notstarted,Object notstarted,Object notstarted
2024-03-18 10:37:47,432.432,__main___datalogs,INFO,JoyConState.NORMAL,17.587500,6.625000,-61.620000,0.098413,0.006866,0.002289,0.013732,0.000000,0.000000,0.000000,0.000000,0,0,0,0,0,0,0,0,0,0,0,0.03900146484375,-0.003082275390625,-19.999996,-0.8702036,-57.388916,19.995247,-3.4494313e-19,-3.4494313e-19,-3.4494313e-19,-19.999996,Object notstarted,Object notstarted,Object notstarted,Object notstarted,Object notstarted,Object notstarted,Object notstarted,Object notstarted,Object notstarted
2024-03-18 10:37:47,487.487,__main___datalogs,INFO,JoyConState.NORMAL,17.587500,6.625000,-61.620000,0.098413,0.006866,0.002289,0.016021,0.000000,0.000000,0.000000,0.000000,0,0,0,0,0,0,0,0,0,0,0,0.0379638671875,-0.003082275390625,-19.999996,-0.8702036,-57.388916,19.995247,-3.4494313e-19,-3.4494313e-19,-3.4494313e-19,-19.999996,Object notstarted,Object notstarted,Object notstarted,Object notstarted,Object notstarted,Object notstarted,Object notstarted,Object notstarted,Object notstarted
2024-03-18 10:37:47,544.544,__main___datalogs,INFO,JoyConState.NORMAL,17.587500,6.625000,-61.620000,0.098413,0.006866,-0.006866,0.016021,0.000000,0.000000,0.000000,0.000000,0,0,0,0,0,0,0,0,0,0,0,0.03900146484375,-0.003082275390625,-19.999996,-0.8702036,-57.388916,19.995247,-3.4494313e-19,-3.4494313e-19,-3.4494313e-19,-19.999996,Object notstarted,Object notstarted,Object notstarted,Object notstarted,Object notstarted,Object notstarted,Object notstarted,Object notstarted,Object notstarted
2024-03-18 10:37:47,599.599,__main___datalogs,INFO,JoyConState.NORMAL,17.587500,6.625000,-61.620000,0.098413,0.002289,-0.002289,0.016021,0.000000,0.000000,0.000000,0.000000,0,0,0,0,0,0,0,0,0,0,0,0.03900146484375,-0.001861572265625,-19.999996,-0.8702036,-57.388916,19.995247,-3.4494313e-19,-3.4494313e-19,-3.4494313e-19,-19.999996,Object notstarted,Object notstarted,Object notstarted,Object notstarted,Object notstarted,Object notstarted,Object notstarted,Object notstarted,Object notstarted
2024-03-18 10:37:47,655.655,__main___datalogs,INFO,JoyConState.NORMAL,17.587500,6.625000,-61.620000,0.098413,0.002289,-0.002289,0.016021,0.000000,0.000000,0.000000,0.000000,0,0,0,0,0,0,0,0,0,0,0,0.03900146484375,-0.003082275390625,-19.999996,-0.8702036,-57.388916,19.995247,-3.4494313e-19,-3.4494313e-19,-3.4494313e-19,-19.999996,Object notstarted,Object notstarted,Object notstarted,Object notstarted,Object notstarted,Object notstarted,Object notstarted,Object notstarted,Object notstarted
2024-03-18 10:37:47,711.711,__main___datalogs,INFO,JoyConState.NORMAL,17.587500,6.625000,-61.620000,0.098413,0.002289,-0.002289,0.016021,0.000000,0.000000,0.000000,0.000000,0,0,0,0,0,0,0,0,0,0,0,0.03900146484375,-0.003082275390625,-19.999996,-0.8702036,-57.388916,19.995247,-3.4494313e-19,-3.4494313e-19,-3.4494313e-19,-19.999996,Object notstarted,Object notstarted,Object notstarted,Object notstarted,Object notstarted,Object notstarted,Object notstarted,Object notstarted,Object notstarted
2024-03-18 10:37:47,767.767,__main___datalogs,INFO,JoyConState.NORMAL,17.587500,6.625000,-61.620000,0.098413,0.002289,-0.002289,0.016021,0.000000,0.000000,0.000000,0.000000,0,0,0,0,0,0,0,0,0,0,0,0.03900146484375,-0.001861572265625,-19.999996,-0.8702036,-57.388916,19.995247,-3.4494313e-19,-3.4494313e-19,-3.4494313e-19,-19.999996,Object notstarted,Object notstarted,Object notstarted,Object notstarted,Object notstarted,Object notstarted,Object notstarted,Object notstarted,Object notstarted
2024-03-18 10:37:47,823.823,__main___datalogs,INFO,JoyConState.NORMAL,17.587500,6.625000,-61.620000,0.098413,0.006866,-0.002289,0.016021,0.000000,0.000000,0.000000,0.000000,0,0,0,0,0,0,0,0,0,0,0,0.0379638671875,-0.004302978515625,-19.999996,-0.8702036,-57.388916,19.995247,-3.4494313e-19,-3.4494313e-19,-3.4494313e-19,-19.999996,Object notstarted,Object notstarted,Object notstarted,Object notstarted,Object notstarted,Object notstarted,Object notstarted,Object notstarted,Object notstarted
2024-03-18 10:37:47,879.879,__main___datalogs,INFO,JoyConState.NORMAL,17.587500,6.625000,-61.620000,0.102991,0.006866,0.002289,0.016021,0.000000,0.000000,0.000000,0.000000,0,0,0,0,0,0,0,0,0,0,0,0.03900146484375,-0.004302978515625,-19.999996,-0.8702036,-57.388916,19.995247,-3.4494313e-19,-3.4494313e-19,-3.4494313e-19,-19.999996,Object notstarted,Object notstarted,Object notstarted,Object notstarted,Object notstarted,Object notstarted,Object notstarted,Object notstarted,Object notstarted
2024-03-18 10:37:47,935.935,__main___datalogs,INFO,JoyConState.NORMAL,17.587500,6.625000,-61.620000,0.096125,-0.002289,-0.006866,0.013732,0.000000,0.000000,0.000000,0.000000,0,0,0,0,0,0,0,0,0,0,0,0.03900146484375,-0.001861572265625,-19.999996,-0.8702036,-57.388916,19.995247,-3.4494313e-19,-3.4494313e-19,-3.4494313e-19,-19.999996,Object notstarted,Object notstarted,Object notstarted,Object notstarted,Object notstarted,Object notstarted,Object notstarted,Object notstarted,Object notstarted
2024-03-18 10:37:47,991.991,__main___datalogs,INFO,JoyConState.NORMAL,17.587500,6.625000,-61.620000,0.096125,0.002289,-0.002289,0.016021,0.000000,0.000000,0.000000,0.000000,0,0,0,0,0,0,0,0,0,0,0,0.03900146484375,-0.003082275390625,-19.999996,-0.8702036,-57.388916,19.995247,-3.4494313e-19,-3.4494313e-19,-3.4494313e-19,-19.999996,Object notstarted,Object notstarted,Object notstarted,Object notstarted,Object notstarted,Object notstarted,Object notstarted,Object notstarted,Object notstarted
2024-03-18 10:37:48,046.046,__main___datalogs,INFO,JoyConState.NORMAL,17.587500,6.625000,-61.620000,0.098413,0.002289,-0.002289,0.016021,0.000000,0.000000,0.000000,0.000000,0,0,0,0,0,0,0,0,0,0,0,0.03900146484375,-0.003082275390625,-19.999996,-0.8702036,-57.388916,19.995247,-3.4494313e-19,-3.4494313e-19,-3.4494313e-19,-19.999996,Object notstarted,Object notstarted,Object notstarted,Object notstarted,Object notstarted,Object notstarted,Object notstarted,Object notstarted,Object notstarted
2024-03-18 10:37:48,103.103,__main___datalogs,INFO,JoyConState.NORMAL,17.587500,6.625000,-61.620000,0.096125,0.002289,0.002289,0.020598,0.000000,0.000000,0.000000,0.000000,0,0,0,0,0,0,0,0,0,0,0,0.03900146484375,-0.003082275390625,-19.999996,-0.8702036,-57.388916,19.995247,-3.4494313e-19,-3.4494313e-19,-3.4494313e-19,-19.999996,Object notstarted,Object notstarted,Object notstarted,Object notstarted,Object notstarted,Object notstarted,Object notstarted,Object notstarted,Object notstarted
2024-03-18 10:37:48,166.166,__main___datalogs,INFO,JoyConState.NORMAL,17.587500,6.625000,-61.620000,0.098413,-0.002289,0.002289,0.016021,0.000000,0.000000,0.000000,0.000000,0,0,0,0,0,0,0,0,0,0,0,0.0379638671875,-0.003082275390625,-19.999996,-0.8702036,-57.388916,19.995247,-3.4494313e-19,-3.4494313e-19,-3.4494313e-19,-19.999996,Object notstarted,Object notstarted,Object notstarted,Object notstarted,Object notstarted,Object notstarted,Object notstarted,Object notstarted,Object notstarted
2024-03-18 10:37:48,231.231,__main___datalogs,INFO,JoyConState.NORMAL,17.587500,6.625000,-61.620000,0.096125,0.006866,-0.002289,0.013732,0.000000,0.000000,0.000000,0.000000,0,0,0,0,0,0,0,0,0,0,0,0.03900146484375,-0.003082275390625,-19.999996,-0.8702036,-57.388916,19.995247,-3.4494313e-19,-3.4494313e-19,-3.4494313e-19,-19.999996,Object notstarted,Object notstarted,Object notstarted,Object notstarted,Object notstarted,Object notstarted,Object notstarted,Object notstarted,Object notstarted
2024-03-18 10:37:48,286.286,__main___datalogs,INFO,JoyConState.NORMAL,17.587500,6.625000,-61.620000,0.098413,0.006866,-0.002289,0.016021,0.000000,0.000000,0.000000,0.000000,0,0,0,0,0,0,0,0,0,0,0,0.03900146484375,-0.001861572265625,-19.999996,-0.8702036,-57.388916,19.995247,-3.4494313e-19,-3.4494313e-19,-3.4494313e-19,-19.999996,Object notstarted,Object notstarted,Object notstarted,Object notstarted,Object notstarted,Object notstarted,Object notstarted,Object notstarted,Object notstarted
2024-03-18 10:37:48,342.342,__main___datalogs,INFO,JoyConState.NORMAL,17.587500,6.625000,-61.620000,0.098413,-0.002289,-0.002289,0.013732,0.000000,0.000000,0.000000,0.000000,0,0,0,0,0,0,0,0,0,0,0,0.03900146484375,-0.003082275390625,-19.999996,-0.8702036,-57.388916,19.995247,-3.4494313e-19,-3.4494313e-19,-3.4494313e-19,-19.999996,Object notstarted,Object notstarted,Object notstarted,Object notstarted,Object notstarted,Object notstarted,Object notstarted,Object notstarted,Object notstarted
2024-03-18 10:37:48,398.398,__main___datalogs,INFO,JoyConState.NORMAL,17.587500,6.625000,-61.620000,0.096125,0.002289,-0.006866,0.013732,0.000000,0.000000,0.000000,0.000000,0,0,0,0,0,0,0,0,0,0,0,0.03900146484375,-0.003082275390625,-19.999996,-0.8702036,-57.388916,19.995247,-3.4494313e-19,-3.4494313e-19,-3.4494313e-19,-19.999996,Object notstarted,Object notstarted,Object notstarted,Object notstarted,Object notstarted,Object notstarted,Object notstarted,Object notstarted,Object notstarted
2024-03-18 10:37:48,455.455,__main___datalogs,INFO,JoyConState.NORMAL,17.587500,6.625000,-61.620000,0.096125,-0.002289,-0.002289,0.016021,0.000000,0.000000,0.000000,0.000000,0,0,0,0,0,0,0,0,0,0,0,0.03900146484375,-0.003082275390625,-19.999996,-0.8702036,-57.388916,19.995247,-3.4494313e-19,-3.4494313e-19,-3.4494313e-19,-19.999996,Object notstarted,Object notstarted,Object notstarted,Object notstarted,Object notstarted,Object notstarted,Object notstarted,Object notstarted,Object notstarted
2024-03-18 10:37:48,509.509,__main___datalogs,INFO,JoyConState.NORMAL,17.587500,6.625000,-61.620000,0.096125,0.002289,-0.002289,0.016021,0.000000,0.000000,0.000000,0.000000,0,0,0,0,0,0,0,0,0,0,0,0.03900146484375,-0.003082275390625,-19.999996,-0.8702036,-57.388916,19.995247,-3.4494313e-19,-3.4494313e-19,-3.4494313e-19,-19.999996,Object notstarted,Object notstarted,Object notstarted,Object notstarted,Object notstarted,Object notstarted,Object notstarted,Object notstarted,Object notstarted
2024-03-18 10:37:48,566.566,__main___datalogs,INFO,JoyConState.NORMAL,17.587500,6.625000,-61.620000,0.091547,0.002289,-0.002289,0.016021,0.000000,0.000000,0.000000,0.000000,0,0,0,0,0,0,0,0,0,0,0,0.03900146484375,-0.003082275390625,-19.999996,-0.8702036,-57.388916,19.995247,-3.4494313e-19,-3.4494313e-19,-3.4494313e-19,-19.999996,Object notstarted,Object notstarted,Object notstarted,Object notstarted,Object notstarted,Object notstarted,Object notstarted,Object notstarted,Object notstarted
2024-03-18 10:37:48,621.621,__main___datalogs,INFO,JoyConState.NORMAL,17.587500,6.625000,-61.620000,0.096125,-0.002289,0.002289,0.013732,0.000000,0.000000,0.000000,0.000000,0,0,0,0,0,0,0,0,0,0,0,0.03900146484375,-0.003082275390625,-19.999996,-0.8702036,-57.388916,19.995247,-3.4494313e-19,-3.4494313e-19,-3.4494313e-19,-19.999996,Object notstarted,Object notstarted,Object notstarted,Object notstarted,Object notstarted,Object notstarted,Object notstarted,Object notstarted,Object notstarted
2024-03-18 10:37:48,678.678,__main___datalogs,INFO,JoyConState.NORMAL,17.587500,6.625000,-61.620000,0.096125,-0.002289,-0.002289,0.013732,0.000000,0.000000,0.000000,0.000000,0,0,0,0,0,0,0,0,0,0,0,0.03900146484375,-0.003082275390625,-19.999996,-0.8702036,-57.388916,19.995247,-3.4494313e-19,-3.4494313e-19,-3.4494313e-19,-19.999996,Object notstarted,Object notstarted,Object notstarted,Object notstarted,Object notstarted,Object notstarted,Object notstarted,Object notstarted,Object notstarted
2024-03-18 10:37:48,734.734,__main___datalogs,INFO,JoyConState.NORMAL,17.587500,6.625000,-61.620000,0.096125,0.002289,0.002289,0.013732,0.000000,0.000000,0.000000,0.000000,0,0,0,0,0,0,0,0,0,0,0,0.03900146484375,-0.003082275390625,-19.999996,-0.8702036,-57.388916,19.995247,-3.4494313e-19,-3.4494313e-19,-3.4494313e-19,-19.999996,Object notstarted,Object notstarted,Object notstarted,Object notstarted,Object notstarted,Object notstarted,Object notstarted,Object notstarted,Object notstarted
2024-03-18 10:37:48,790.790,__main___datalogs,INFO,JoyConState.NORMAL,17.587500,6.625000,-61.620000,0.096125,0.002289,-0.002289,0.016021,0.000000,0.000000,0.000000,0.000000,0,0,0,0,0,0,0,0,0,0,0,0.03900146484375,-0.004302978515625,-19.999996,-0.8702036,-57.388916,19.995247,-3.4494313e-19,-3.4494313e-19,-3.4494313e-19,-19.999996,Object notstarted,Object notstarted,Object notstarted,Object notstarted,Object notstarted,Object notstarted,Object notstarted,Object notstarted,Object notstarted
2024-03-18 10:37:48,844.844,__main___datalogs,INFO,JoyConState.NORMAL,17.587500,6.625000,-61.620000,0.096125,0.002289,-0.002289,0.013732,0.000000,0.000000,0.000000,0.000000,0,0,0,0,0,0,0,0,0,0,0,0.03900146484375,-0.003082275390625,-19.999996,-0.8702036,-57.388916,19.995247,-3.4494313e-19,-3.4494313e-19,-3.4494313e-19,-19.999996,Object notstarted,Object notstarted,Object notstarted,Object notstarted,Object notstarted,Object notstarted,Object notstarted,Object notstarted,Object notstarted
2024-03-18 10:37:48,900.900,__main___datalogs,INFO,JoyConState.NORMAL,17.587500,6.625000,-61.620000,0.102991,0.002289,0.002289,0.013732,0.000000,0.000000,0.000000,0.000000,0,0,0,0,0,0,0,0,0,0,0,0.03900146484375,-0.003082275390625,-19.999996,-0.8702036,-57.388916,19.995247,-3.4494313e-19,-3.4494313e-19,-3.4494313e-19,-19.999996,Object notstarted,Object notstarted,Object notstarted,Object notstarted,Object notstarted,Object notstarted,Object notstarted,Object notstarted,Object notstarted
2024-03-18 10:37:48,956.956,__main___datalogs,INFO,JoyConState.NORMAL,17.587500,6.625000,-61.620000,0.098413,0.002289,0.002289,0.013732,0.000000,0.000000,0.000000,0.000000,0,0,0,0,0,0,0,0,0,0,0,0.0379638671875,-0.003082275390625,-19.999996,-0.8702036,-57.388916,19.995247,-3.4494313e-19,-3.4494313e-19,-3.4494313e-19,-19.999996,Object notstarted,Object notstarted,Object notstarted,Object notstarted,Object notstarted,Object notstarted,Object notstarted,Object notstarted,Object notstarted
2024-03-18 10:37:49,013.013,__main___datalogs,INFO,JoyConState.NORMAL,17.587500,6.625000,-61.620000,0.098413,0.002289,0.002289,0.016021,0.000000,0.000000,0.000000,0.000000,0,0,0,0,0,0,0,0,0,0,0,0.0379638671875,-0.003082275390625,-19.999996,-0.8702036,-57.388916,19.995247,-3.4494313e-19,-3.4494313e-19,-3.4494313e-19,-19.999996,Object notstarted,Object notstarted,Object notstarted,Object notstarted,Object notstarted,Object notstarted,Object notstarted,Object notstarted,Object notstarted
2024-03-18 10:37:49,068.068,__main___datalogs,INFO,JoyConState.NORMAL,17.587500,6.625000,-61.620000,0.096125,0.006866,-0.002289,0.016021,0.000000,0.000000,0.000000,0.000000,0,0,0,0,0,0,0,0,0,0,0,0.03900146484375,-0.003082275390625,-19.999996,-0.8702036,-57.388916,19.995247,-3.4494313e-19,-3.4494313e-19,-3.4494313e-19,-19.999996,Object notstarted,Object notstarted,Object notstarted,Object notstarted,Object notstarted,Object notstarted,Object notstarted,Object notstarted,Object notstarted
2024-03-18 10:37:49,125.125,__main___datalogs,INFO,JoyConState.NORMAL,17.587500,6.625000,-61.620000,0.098413,0.002289,-0.002289,0.016021,0.000000,0.000000,0.000000,0.000000,0,0,0,0,0,0,0,0,0,0,0,0.03900146484375,-0.003082275390625,-19.999996,-0.8702036,-57.388916,19.995247,-3.4494313e-19,-3.4494313e-19,-3.4494313e-19,-19.999996,Object notstarted,Object notstarted,Object notstarted,Object notstarted,Object notstarted,Object notstarted,Object notstarted,Object notstarted,Object notstarted
2024-03-18 10:37:49,196.196,__main___datalogs,INFO,JoyConState.NORMAL,17.587500,6.625000,-61.620000,0.098413,0.002289,0.002289,0.009155,0.000000,0.000000,0.000000,0.000000,0,0,0,0,0,0,0,0,0,0,0,0.0400390625,-0.003082275390625,-19.999996,-0.8702036,-57.388916,19.995247,-3.4494313e-19,-3.4494313e-19,-3.4494313e-19,-19.999996,Object notstarted,Object notstarted,Object notstarted,Object notstarted,Object notstarted,Object notstarted,Object notstarted,Object notstarted,Object notstarted
2024-03-18 10:37:49,255.255,__main___datalogs,INFO,JoyConState.NORMAL,17.587500,6.625000,-61.620000,0.098413,-0.002289,-0.002289,0.013732,0.000000,0.000000,0.000000,0.000000,0,0,0,0,0,0,0,0,0,0,0,0.03900146484375,-0.001861572265625,-19.999996,-0.8702036,-57.388916,19.995247,-3.4494313e-19,-3.4494313e-19,-3.4494313e-19,-19.999996,Object notstarted,Object notstarted,Object notstarted,Object notstarted,Object notstarted,Object notstarted,Object notstarted,Object notstarted,Object notstarted
2024-03-18 10:37:49,311.311,__main___datalogs,INFO,JoyConState.NORMAL,17.587500,6.625000,-61.620000,0.098413,0.002289,0.002289,0.016021,0.000000,0.000000,0.000000,0.000000,0,0,0,0,0,0,0,0,0,0,0,0.0379638671875,-0.003082275390625,-19.999996,-0.8702036,-57.388916,19.995247,-3.4494313e-19,-3.4494313e-19,-3.4494313e-19,-19.999996,Object notstarted,Object notstarted,Object notstarted,Object notstarted,Object notstarted,Object notstarted,Object notstarted,Object notstarted,Object notstarted
2024-03-18 10:37:49,367.367,__main___datalogs,INFO,JoyConState.NORMAL,17.587500,6.625000,-61.620000,0.098413,0.002289,-0.002289,0.016021,0.000000,0.000000,0.000000,0.000000,0,0,0,0,0,0,0,0,0,0,0,0.0379638671875,-0.003082275390625,-19.999996,-0.8702036,-57.388916,19.995247,-3.4494313e-19,-3.4494313e-19,-3.4494313e-19,-19.999996,Object notstarted,Object notstarted,Object notstarted,Object notstarted,Object notstarted,Object notstarted,Object notstarted,Object notstarted,Object notstarted
2024-03-18 10:37:49,423.423,__main___datalogs,INFO,JoyConState.NORMAL,17.587500,6.625000,-61.620000,0.098413,0.002289,-0.002289,0.016021,0.000000,0.000000,0.000000,0.000000,0,0,0,0,0,0,0,0,0,0,0,0.03900146484375,-0.004302978515625,-19.999996,-0.8702036,-57.388916,19.995247,-3.4494313e-19,-3.4494313e-19,-3.4494313e-19,-19.999996,Object notstarted,Object notstarted,Object notstarted,Object notstarted,Object notstarted,Object notstarted,Object notstarted,Object notstarted,Object notstarted
2024-03-18 10:37:49,479.479,__main___datalogs,INFO,JoyConState.NORMAL,17.587500,6.625000,-61.620000,0.098413,0.006866,-0.006866,0.013732,0.000000,0.000000,0.000000,0.000000,0,0,0,0,0,0,0,0,0,0,0,0.03900146484375,-0.004302978515625,-19.999996,-0.8702036,-57.388916,19.995247,-3.4494313e-19,-3.4494313e-19,-3.4494313e-19,-19.999996,Object notstarted,Object notstarted,Object notstarted,Object notstarted,Object notstarted,Object notstarted,Object notstarted,Object notstarted,Object notstarted
2024-03-18 10:37:49,534.534,__main___datalogs,INFO,JoyConState.NORMAL,17.587500,6.625000,-61.620000,0.096125,0.006866,-0.002289,0.016021,0.000000,0.000000,0.000000,0.000000,0,0,0,0,0,0,0,0,0,0,0,0.0379638671875,-0.0006103515625,-19.999996,-0.8702036,-57.388916,19.995247,-3.4494313e-19,-3.4494313e-19,-3.4494313e-19,-19.999996,Object notstarted,Object notstarted,Object notstarted,Object notstarted,Object notstarted,Object notstarted,Object notstarted,Object notstarted,Object notstarted
2024-03-18 10:37:49,591.591,__main___datalogs,INFO,JoyConState.NORMAL,17.587500,6.625000,-61.620000,0.098413,0.002289,0.002289,0.016021,0.000000,0.000000,0.000000,0.000000,0,0,0,0,0,0,0,0,0,0,0,0.03900146484375,-0.003082275390625,-19.999996,-0.8702036,-57.388916,19.995247,-3.4494313e-19,-3.4494313e-19,-3.4494313e-19,-19.999996,Object notstarted,Object notstarted,Object notstarted,Object notstarted,Object notstarted,Object notstarted,Object notstarted,Object notstarted,Object notstarted
2024-03-18 10:37:49,646.646,__main___datalogs,INFO,JoyConState.NORMAL,17.587500,6.625000,-61.620000,0.054928,0.002289,0.002289,0.016021,0.000000,0.000000,0.000000,0.000000,0,0,0,0,0,0,0,0,0,0,0,0.03900146484375,-0.003082275390625,-19.999996,-0.8702036,-57.388916,19.995247,-3.4494313e-19,-3.4494313e-19,-3.4494313e-19,-19.999996,Object notstarted,Object notstarted,Object notstarted,Object notstarted,Object notstarted,Object notstarted,Object notstarted,Object notstarted,Object notstarted
2024-03-18 10:37:49,703.703,__main___datalogs,INFO,JoyConState.NORMAL,17.587500,6.625000,-61.620000,0.096125,0.002289,0.002289,0.016021,0.000000,0.000000,0.000000,0.000000,0,0,0,0,0,0,0,0,0,0,0,0.03900146484375,-0.003082275390625,-19.999996,-0.8702036,-57.388916,19.995247,-3.4494313e-19,-3.4494313e-19,-3.4494313e-19,-19.999996,Object notstarted,Object notstarted,Object notstarted,Object notstarted,Object notstarted,Object notstarted,Object notstarted,Object notstarted,Object notstarted
2024-03-18 10:37:49,758.758,__main___datalogs,INFO,JoyConState.NORMAL,17.587500,6.625000,-61.620000,0.096125,-0.002289,-0.006866,0.013732,0.000000,0.000000,0.000000,0.000000,0,0,0,0,0,0,0,0,0,0,0,0.03900146484375,-0.003082275390625,-19.999996,-0.8702036,-57.388916,19.995247,-3.4494313e-19,-3.4494313e-19,-3.4494313e-19,-19.999996,Object notstarted,Object notstarted,Object notstarted,Object notstarted,Object notstarted,Object notstarted,Object notstarted,Object notstarted,Object notstarted
2024-03-18 10:37:49,815.815,__main___datalogs,INFO,JoyConState.NORMAL,17.587500,6.625000,-61.620000,0.096125,0.002289,-0.002289,0.016021,0.000000,0.000000,0.000000,0.000000,0,0,0,0,0,0,0,0,0,0,0,0.03900146484375,-0.004302978515625,-19.999996,-0.8702036,-57.388916,19.995247,-3.4494313e-19,-3.4494313e-19,-3.4494313e-19,-19.999996,Object notstarted,Object notstarted,Object notstarted,Object notstarted,Object notstarted,Object notstarted,Object notstarted,Object notstarted,Object notstarted
2024-03-18 10:37:49,870.870,__main___datalogs,INFO,JoyConState.NORMAL,17.587500,6.625000,-61.620000,0.096125,0.002289,0.002289,0.016021,0.000000,0.000000,0.000000,0.000000,0,0,0,0,0,0,0,0,0,0,0,0.0379638671875,-0.001861572265625,-19.999996,-0.8702036,-57.388916,19.995247,-3.4494313e-19,-3.4494313e-19,-3.4494313e-19,-19.999996,Object notstarted,Object notstarted,Object notstarted,Object notstarted,Object notstarted,Object notstarted,Object notstarted,Object notstarted,Object notstarted
2024-03-18 10:37:49,927.927,__main___datalogs,INFO,JoyConState.NORMAL,17.587500,6.625000,-61.620000,0.096125,-0.002289,-0.002289,0.013732,0.000000,0.000000,0.000000,0.000000,0,0,0,0,0,0,0,0,0,0,0,0.0400390625,-0.003082275390625,-19.999996,-0.8702036,-57.388916,19.995247,-3.4494313e-19,-3.4494313e-19,-3.4494313e-19,-19.999996,Object notstarted,Object notstarted,Object notstarted,Object notstarted,Object notstarted,Object notstarted,Object notstarted,Object notstarted,Object notstarted
2024-03-18 10:37:49,982.982,__main___datalogs,INFO,JoyConState.NORMAL,17.587500,6.625000,-61.620000,0.098413,0.002289,-0.002289,0.013732,0.000000,0.000000,0.000000,0.000000,0,0,0,0,0,0,0,0,0,0,0,0.03900146484375,-0.004302978515625,-19.999996,-0.8702036,-57.388916,19.995247,-3.4494313e-19,-3.4494313e-19,-3.4494313e-19,-19.999996,Object notstarted,Object notstarted,Object notstarted,Object notstarted,Object notstarted,Object notstarted,Object notstarted,Object notstarted,Object notstarted
2024-03-18 10:37:50,038.038,__main___datalogs,INFO,JoyConState.NORMAL,17.587500,6.625000,-61.620000,0.089258,-0.002289,0.002289,0.016021,0.000000,0.000000,0.000000,0.000000,0,0,0,0,0,0,0,0,0,0,0,0.03900146484375,-0.003082275390625,-19.999996,-0.8702036,-57.388916,19.995247,-3.4494313e-19,-3.4494313e-19,-3.4494313e-19,-19.999996,Object notstarted,Object notstarted,Object notstarted,Object notstarted,Object notstarted,Object notstarted,Object notstarted,Object notstarted,Object notstarted
2024-03-18 10:37:50,094.094,__main___datalogs,INFO,JoyConState.NORMAL,17.587500,6.625000,-61.620000,0.091547,0.002289,-0.002289,0.016021,0.000000,0.000000,0.000000,0.000000,0,0,0,0,0,0,0,0,0,0,0,0.0400390625,-0.003082275390625,-19.999996,-0.8702036,-57.388916,19.995247,-3.4494313e-19,-3.4494313e-19,-3.4494313e-19,-19.999996,Object notstarted,Object notstarted,Object notstarted,Object notstarted,Object notstarted,Object notstarted,Object notstarted,Object notstarted,Object notstarted
2024-03-18 10:37:50,150.150,__main___datalogs,INFO,JoyConState.NORMAL,17.587500,6.625000,-61.620000,0.096125,0.006866,-0.006866,0.016021,0.000000,0.000000,0.000000,0.000000,0,0,0,0,0,0,0,0,0,0,0,0.0379638671875,-0.001861572265625,-19.999996,-0.8702036,-57.388916,19.995247,-3.4494313e-19,-3.4494313e-19,-3.4494313e-19,-19.999996,Object notstarted,Object notstarted,Object notstarted,Object notstarted,Object notstarted,Object notstarted,Object notstarted,Object notstarted,Object notstarted
2024-03-18 10:37:50,205.205,__main___datalogs,INFO,JoyConState.NORMAL,17.587500,6.625000,-61.620000,0.096125,0.002289,-0.006866,0.016021,0.000000,0.000000,0.000000,0.000000,0,0,0,0,0,0,0,0,0,0,0,0.03900146484375,-0.003082275390625,-19.999996,-0.8702036,-57.388916,19.995247,-3.4494313e-19,-3.4494313e-19,-3.4494313e-19,-19.999996,Object notstarted,Object notstarted,Object notstarted,Object notstarted,Object notstarted,Object notstarted,Object notstarted,Object notstarted,Object notstarted
2024-03-18 10:37:50,278.278,__main___datalogs,INFO,JoyConState.NORMAL,17.587500,6.625000,-61.620000,0.091547,-0.002289,0.002289,0.016021,0.000000,0.000000,0.000000,0.000000,0,0,0,0,0,0,0,0,0,0,0,0.03900146484375,-0.003082275390625,-19.999996,-0.8702036,-57.388916,19.995247,-3.4494313e-19,-3.4494313e-19,-3.4494313e-19,-19.999996,Object notstarted,Object notstarted,Object notstarted,Object notstarted,Object notstarted,Object notstarted,Object notstarted,Object notstarted,Object notstarted
2024-03-18 10:37:50,341.341,__main___datalogs,INFO,JoyConState.NORMAL,17.587500,6.625000,-61.620000,0.096125,0.002289,0.002289,0.016021,0.000000,0.000000,0.000000,0.000000,0,0,0,0,0,0,0,0,0,0,0,0.0379638671875,-0.003082275390625,-19.999996,-0.8702036,-57.388916,19.995247,-3.4494313e-19,-3.4494313e-19,-3.4494313e-19,-19.999996,Object notstarted,Object notstarted,Object notstarted,Object notstarted,Object notstarted,Object notstarted,Object notstarted,Object notstarted,Object notstarted
2024-03-18 10:37:50,398.398,__main___datalogs,INFO,JoyConState.NORMAL,17.587500,6.625000,-61.620000,0.096125,0.002289,0.002289,0.016021,0.000000,0.000000,0.000000,0.000000,0,0,0,0,0,0,0,0,0,0,0,0.03900146484375,-0.003082275390625,-19.999996,-0.8702036,-57.388916,19.995247,-3.4494313e-19,-3.4494313e-19,-3.4494313e-19,-19.999996,Object notstarted,Object notstarted,Object notstarted,Object notstarted,Object notstarted,Object notstarted,Object notstarted,Object notstarted,Object notstarted
2024-03-18 10:37:50,453.453,__main___datalogs,INFO,JoyConState.NORMAL,17.587500,6.625000,-61.620000,0.091547,-0.002289,0.002289,0.016021,0.000000,0.000000,0.000000,0.000000,0,0,0,0,0,0,0,0,0,0,0,0.03900146484375,-0.004302978515625,-19.999996,-0.8702036,-57.388916,19.995247,-3.4494313e-19,-3.4494313e-19,-3.4494313e-19,-19.999996,Object notstarted,Object notstarted,Object notstarted,Object notstarted,Object notstarted,Object notstarted,Object notstarted,Object notstarted,Object notstarted
2024-03-18 10:37:50,509.509,__main___datalogs,INFO,JoyConState.NORMAL,17.587500,6.625000,-61.620000,0.096125,-0.002289,0.002289,0.016021,0.000000,0.000000,0.000000,0.000000,0,0,0,0,0,0,0,0,0,0,0,0.03900146484375,-0.003082275390625,-19.999996,-0.8702036,-57.388916,19.995247,-3.4494313e-19,-3.4494313e-19,-3.4494313e-19,-19.999996,Object notstarted,Object notstarted,Object notstarted,Object notstarted,Object notstarted,Object notstarted,Object notstarted,Object notstarted,Object notstarted
2024-03-18 10:37:50,565.565,__main___datalogs,INFO,JoyConState.NORMAL,17.587500,6.625000,-61.620000,0.098413,0.002289,0.002289,0.016021,0.000000,0.000000,0.000000,0.000000,0,0,0,0,0,0,0,0,0,0,0,0.0400390625,-0.003082275390625,-19.999996,-0.8702036,-57.388916,19.995247,-3.4494313e-19,-3.4494313e-19,-3.4494313e-19,-19.999996,Object notstarted,Object notstarted,Object notstarted,Object notstarted,Object notstarted,Object notstarted,Object notstarted,Object notstarted,Object notstarted
2024-03-18 10:37:50,622.622,__main___datalogs,INFO,JoyConState.NORMAL,17.587500,6.625000,-61.620000,0.091547,-0.002289,0.002289,0.020598,0.000000,0.000000,0.000000,0.000000,0,0,0,0,0,0,0,0,0,0,0,0.0379638671875,-0.003082275390625,-19.999996,-0.8702036,-57.388916,19.995247,-3.4494313e-19,-3.4494313e-19,-3.4494313e-19,-19.999996,Object notstarted,Object notstarted,Object notstarted,Object notstarted,Object notstarted,Object notstarted,Object notstarted,Object notstarted,Object notstarted
2024-03-18 10:37:50,677.677,__main___datalogs,INFO,JoyConState.NORMAL,17.587500,6.625000,-61.620000,0.096125,0.002289,0.002289,0.016021,0.000000,0.000000,0.000000,0.000000,0,0,0,0,0,0,0,0,0,0,0,0.03900146484375,-0.003082275390625,-19.999996,-0.8702036,-57.388916,19.995247,-3.4494313e-19,-3.4494313e-19,-3.4494313e-19,-19.999996,Object notstarted,Object notstarted,Object notstarted,Object notstarted,Object notstarted,Object notstarted,Object notstarted,Object notstarted,Object notstarted
2024-03-18 10:37:50,733.733,__main___datalogs,INFO,JoyConState.NORMAL,17.587500,6.625000,-61.620000,0.091547,0.002289,-0.002289,0.013732,0.000000,0.000000,0.000000,0.000000,0,0,0,0,0,0,0,0,0,0,0,0.0379638671875,-0.003082275390625,-19.999996,-0.8702036,-57.388916,19.995247,-3.4494313e-19,-3.4494313e-19,-3.4494313e-19,-19.999996,Object notstarted,Object notstarted,Object notstarted,Object notstarted,Object notstarted,Object notstarted,Object notstarted,Object notstarted,Object notstarted
2024-03-18 10:37:50,789.789,__main___datalogs,INFO,JoyConState.NORMAL,17.587500,6.625000,-61.620000,0.091547,0.006866,-0.002289,0.013732,0.000000,0.000000,0.000000,0.000000,0,0,0,0,0,0,0,0,0,0,0,0.03900146484375,-0.003082275390625,-19.999996,-0.8702036,-57.388916,19.995247,-3.4494313e-19,-3.4494313e-19,-3.4494313e-19,-19.999996,Object notstarted,Object notstarted,Object notstarted,Object notstarted,Object notstarted,Object notstarted,Object notstarted,Object notstarted,Object notstarted
2024-03-18 10:37:50,846.846,__main___datalogs,INFO,JoyConState.NORMAL,17.587500,6.625000,-61.620000,0.096125,-0.002289,0.002289,0.013732,0.000000,0.000000,0.000000,0.000000,0,0,0,0,0,0,0,0,0,0,0,0.03900146484375,-0.003082275390625,-19.999996,-0.8702036,-57.388916,19.995247,-3.4494313e-19,-3.4494313e-19,-3.4494313e-19,-19.999996,Object notstarted,Object notstarted,Object notstarted,Object notstarted,Object notstarted,Object notstarted,Object notstarted,Object notstarted,Object notstarted
2024-03-18 10:37:50,901.901,__main___datalogs,INFO,JoyConState.NORMAL,17.587500,6.625000,-61.620000,0.091547,0.002289,0.002289,0.013732,0.000000,0.000000,0.000000,0.000000,0,0,0,0,0,0,0,0,0,0,0,0.03900146484375,-0.004302978515625,-19.999996,-0.8702036,-57.388916,19.995247,-3.4494313e-19,-3.4494313e-19,-3.4494313e-19,-19.999996,Object notstarted,Object notstarted,Object notstarted,Object notstarted,Object notstarted,Object notstarted,Object notstarted,Object notstarted,Object notstarted
2024-03-18 10:37:50,957.957,__main___datalogs,INFO,JoyConState.NORMAL,17.587500,6.625000,-61.620000,0.096125,0.002289,-0.002289,0.016021,0.000000,0.000000,0.000000,0.000000,0,0,0,0,0,0,0,0,0,0,0,0.0400390625,-0.003082275390625,-19.999996,-0.8702036,-57.388916,19.995247,-3.4494313e-19,-3.4494313e-19,-3.4494313e-19,-19.999996,Object notstarted,Object notstarted,Object notstarted,Object notstarted,Object notstarted,Object notstarted,Object notstarted,Object notstarted,Object notstarted
2024-03-18 10:37:51,013.013,__main___datalogs,INFO,JoyConState.NORMAL,17.587500,6.625000,-61.620000,0.096125,0.002289,-0.002289,0.013732,0.000000,0.000000,0.000000,0.000000,0,0,0,0,0,0,0,0,0,0,0,0.03900146484375,-0.003082275390625,-19.999996,-0.8702036,-57.388916,19.995247,-3.4494313e-19,-3.4494313e-19,-3.4494313e-19,-19.999996,Object notstarted,Object notstarted,Object notstarted,Object notstarted,Object notstarted,Object notstarted,Object notstarted,Object notstarted,Object notstarted
2024-03-18 10:37:51,069.069,__main___datalogs,INFO,JoyConState.NORMAL,17.587500,6.625000,-61.620000,0.091547,0.002289,-0.002289,0.016021,0.000000,0.000000,0.000000,0.000000,0,0,0,0,0,0,0,0,0,0,0,0.03900146484375,-0.003082275390625,-19.999996,-0.8702036,-57.388916,19.995247,-3.4494313e-19,-3.4494313e-19,-3.4494313e-19,-19.999996,Object notstarted,Object notstarted,Object notstarted,Object notstarted,Object notstarted,Object notstarted,Object notstarted,Object notstarted,Object notstarted
2024-03-18 10:37:51,124.124,__main___datalogs,INFO,JoyConState.NORMAL,17.587500,6.625000,-61.620000,0.098413,-0.002289,0.002289,0.016021,0.000000,0.000000,0.000000,0.000000,0,0,0,0,0,0,0,0,0,0,0,0.0379638671875,-0.003082275390625,-19.999996,-0.8702036,-57.388916,19.995247,-3.4494313e-19,-3.4494313e-19,-3.4494313e-19,-19.999996,Object notstarted,Object notstarted,Object notstarted,Object notstarted,Object notstarted,Object notstarted,Object notstarted,Object notstarted,Object notstarted
2024-03-18 10:37:51,181.181,__main___datalogs,INFO,JoyConState.NORMAL,17.587500,6.625000,-61.620000,0.096125,0.002289,-0.002289,0.016021,0.000000,0.000000,0.000000,0.000000,0,0,0,0,0,0,0,0,0,0,0,0.03900146484375,-0.003082275390625,-19.999996,-0.8702036,-57.388916,19.995247,-3.4494313e-19,-3.4494313e-19,-3.4494313e-19,-19.999996,Object notstarted,Object notstarted,Object notstarted,Object notstarted,Object notstarted,Object notstarted,Object notstarted,Object notstarted,Object notstarted
2024-03-18 10:37:51,236.236,__main___datalogs,INFO,JoyConState.NORMAL,17.587500,6.625000,-61.620000,0.098413,0.002289,-0.002289,0.016021,0.000000,0.000000,0.000000,0.000000,0,0,0,0,0,0,0,0,0,0,0,0.0400390625,-0.004302978515625,-19.999996,-0.8702036,-57.388916,19.995247,-3.4494313e-19,-3.4494313e-19,-3.4494313e-19,-19.999996,Object notstarted,Object notstarted,Object notstarted,Object notstarted,Object notstarted,Object notstarted,Object notstarted,Object notstarted,Object notstarted
2024-03-18 10:37:51,292.292,__main___datalogs,INFO,JoyConState.NORMAL,17.587500,6.625000,-61.620000,0.098413,0.002289,-0.002289,0.013732,0.000000,0.000000,0.000000,0.000000,0,0,0,0,0,0,0,0,0,0,0,0.0379638671875,-0.001861572265625,-19.999996,-0.8702036,-57.388916,19.995247,-3.4494313e-19,-3.4494313e-19,-3.4494313e-19,-19.999996,Object notstarted,Object notstarted,Object notstarted,Object notstarted,Object notstarted,Object notstarted,Object notstarted,Object notstarted,Object notstarted
2024-03-18 10:37:51,364.364,__main___datalogs,INFO,JoyConState.NORMAL,17.587500,6.625000,-61.620000,0.098413,0.002289,0.002289,0.013732,0.000000,0.000000,0.000000,0.000000,0,0,0,0,0,0,0,0,0,0,0,0.03900146484375,-0.003082275390625,-19.999996,-0.8702036,-57.388916,19.995247,-3.4494313e-19,-3.4494313e-19,-3.4494313e-19,-19.999996,Object notstarted,Object notstarted,Object notstarted,Object notstarted,Object notstarted,Object notstarted,Object notstarted,Object notstarted,Object notstarted
2024-03-18 10:37:51,426.426,__main___datalogs,INFO,JoyConState.NORMAL,17.587500,6.625000,-61.620000,0.091547,0.002289,0.002289,0.016021,0.000000,0.000000,0.000000,0.000000,0,0,0,0,0,0,0,0,0,0,0,0.03900146484375,-0.003082275390625,-19.999996,-0.8702036,-57.388916,19.995247,-3.4494313e-19,-3.4494313e-19,-3.4494313e-19,-19.999996,Object notstarted,Object notstarted,Object notstarted,Object notstarted,Object notstarted,Object notstarted,Object notstarted,Object notstarted,Object notstarted
2024-03-18 10:37:51,482.482,__main___datalogs,INFO,JoyConState.NORMAL,17.587500,6.625000,-61.620000,0.096125,-0.002289,0.002289,0.016021,0.000000,0.000000,0.000000,0.000000,0,0,0,0,0,0,0,0,0,0,0,0.03900146484375,-0.004302978515625,-19.999996,-0.8702036,-57.388916,19.995247,-3.4494313e-19,-3.4494313e-19,-3.4494313e-19,-19.999996,Object notstarted,Object notstarted,Object notstarted,Object notstarted,Object notstarted,Object notstarted,Object notstarted,Object notstarted,Object notstarted
2024-03-18 10:37:51,539.539,__main___datalogs,INFO,JoyConState.NORMAL,17.587500,6.625000,-61.620000,0.091547,0.002289,0.002289,0.016021,0.000000,0.000000,0.000000,0.000000,0,0,0,0,0,0,0,0,0,0,0,0.0379638671875,-0.003082275390625,-19.999996,-0.8702036,-57.388916,19.995247,-3.4494313e-19,-3.4494313e-19,-3.4494313e-19,-19.999996,Object notstarted,Object notstarted,Object notstarted,Object notstarted,Object notstarted,Object notstarted,Object notstarted,Object notstarted,Object notstarted
2024-03-18 10:37:51,594.594,__main___datalogs,INFO,JoyConState.NORMAL,17.587500,6.625000,-61.620000,0.089258,0.002289,0.002289,0.020598,0.000000,0.000000,0.000000,0.000000,0,0,0,0,0,0,0,0,0,0,0,0.0379638671875,-0.003082275390625,-19.999996,-0.8702036,-57.388916,19.995247,-3.4494313e-19,-3.4494313e-19,-3.4494313e-19,-19.999996,Object notstarted,Object notstarted,Object notstarted,Object notstarted,Object notstarted,Object notstarted,Object notstarted,Object notstarted,Object notstarted
2024-03-18 10:37:51,650.650,__main___datalogs,INFO,JoyConState.NORMAL,17.587500,6.625000,-61.620000,0.091547,0.006866,0.002289,0.016021,0.000000,0.000000,0.000000,0.000000,0,0,0,0,0,0,0,0,0,0,0,0.03900146484375,-0.001861572265625,-19.999996,-0.8702036,-57.388916,19.995247,-3.4494313e-19,-3.4494313e-19,-3.4494313e-19,-19.999996,Object notstarted,Object notstarted,Object notstarted,Object notstarted,Object notstarted,Object notstarted,Object notstarted,Object notstarted,Object notstarted
2024-03-18 10:37:51,705.705,__main___datalogs,INFO,JoyConState.NORMAL,17.587500,6.625000,-61.620000,0.091547,0.006866,0.002289,0.016021,0.000000,0.000000,0.000000,0.000000,0,0,0,0,0,0,0,0,0,0,0,0.03900146484375,-0.001861572265625,-19.999996,-0.8702036,-57.388916,19.995247,-3.4494313e-19,-3.4494313e-19,-3.4494313e-19,-19.999996,Object notstarted,Object notstarted,Object notstarted,Object notstarted,Object notstarted,Object notstarted,Object notstarted,Object notstarted,Object notstarted
2024-03-18 10:37:51,762.762,__main___datalogs,INFO,JoyConState.NORMAL,17.587500,6.625000,-61.620000,0.091547,0.002289,0.002289,0.013732,0.000000,0.000000,0.000000,0.000000,0,0,0,0,0,0,0,0,0,0,0,0.03900146484375,-0.003082275390625,-19.999996,-0.8702036,-57.388916,19.995247,-3.4494313e-19,-3.4494313e-19,-3.4494313e-19,-19.999996,Object notstarted,Object notstarted,Object notstarted,Object notstarted,Object notstarted,Object notstarted,Object notstarted,Object notstarted,Object notstarted
2024-03-18 10:37:51,817.817,__main___datalogs,INFO,JoyConState.NORMAL,17.587500,6.625000,-61.620000,0.091547,0.002289,-0.006866,0.013732,0.000000,0.000000,0.000000,0.000000,0,0,0,0,0,0,0,0,0,0,0,0.0400390625,-0.004302978515625,-19.999996,-0.8702036,-57.388916,19.995247,-3.4494313e-19,-3.4494313e-19,-3.4494313e-19,-19.999996,Object notstarted,Object notstarted,Object notstarted,Object notstarted,Object notstarted,Object notstarted,Object notstarted,Object notstarted,Object notstarted
2024-03-18 10:37:51,874.874,__main___datalogs,INFO,JoyConState.NORMAL,17.587500,6.625000,-61.620000,0.091547,0.002289,-0.002289,0.016021,0.000000,0.000000,0.000000,0.000000,0,0,0,0,0,0,0,0,0,0,0,0.03900146484375,-0.003082275390625,-19.999996,-0.8702036,-57.388916,19.995247,-3.4494313e-19,-3.4494313e-19,-3.4494313e-19,-19.999996,Object notstarted,Object notstarted,Object notstarted,Object notstarted,Object notstarted,Object notstarted,Object notstarted,Object notstarted,Object notstarted
2024-03-18 10:37:51,929.929,__main___datalogs,INFO,JoyConState.NORMAL,17.587500,6.625000,-61.620000,0.091547,-0.002289,-0.002289,0.016021,0.000000,0.000000,0.000000,0.000000,0,0,0,0,0,0,0,0,0,0,0,0.03900146484375,-0.004302978515625,-19.999996,-0.8702036,-57.388916,19.995247,-3.4494313e-19,-3.4494313e-19,-3.4494313e-19,-19.999996,Object notstarted,Object notstarted,Object notstarted,Object notstarted,Object notstarted,Object notstarted,Object notstarted,Object notstarted,Object notstarted
2024-03-18 10:37:51,985.985,__main___datalogs,INFO,JoyConState.NORMAL,17.587500,6.625000,-61.620000,0.091547,0.002289,0.002289,0.016021,0.000000,0.000000,0.000000,0.000000,0,0,0,0,0,0,0,0,0,0,0,0.0379638671875,-0.004302978515625,-19.999996,-0.8702036,-57.388916,19.995247,-3.4494313e-19,-3.4494313e-19,-3.4494313e-19,-19.999996,Object notstarted,Object notstarted,Object notstarted,Object notstarted,Object notstarted,Object notstarted,Object notstarted,Object notstarted,Object notstarted
2024-03-18 10:37:52,040.040,__main___datalogs,INFO,JoyConState.NORMAL,17.587500,6.625000,-61.620000,0.096125,0.006866,-0.002289,0.016021,0.000000,0.000000,0.000000,0.000000,0,0,0,0,0,0,0,0,0,0,0,0.03900146484375,-0.003082275390625,-19.999996,-0.8702036,-57.388916,19.995247,-3.4494313e-19,-3.4494313e-19,-3.4494313e-19,-19.999996,Object notstarted,Object notstarted,Object notstarted,Object notstarted,Object notstarted,Object notstarted,Object notstarted,Object notstarted,Object notstarted
2024-03-18 10:37:52,096.096,__main___datalogs,INFO,JoyConState.NORMAL,17.587500,6.625000,-61.620000,0.096125,0.002289,-0.002289,0.016021,0.000000,0.000000,0.000000,0.000000,0,0,0,0,0,0,0,0,0,0,0,0.0400390625,-0.003082275390625,-19.999996,-0.8702036,-57.388916,19.995247,-3.4494313e-19,-3.4494313e-19,-3.4494313e-19,-19.999996,Object notstarted,Object notstarted,Object notstarted,Object notstarted,Object notstarted,Object notstarted,Object notstarted,Object notstarted,Object notstarted
2024-03-18 10:37:52,152.152,__main___datalogs,INFO,JoyConState.NORMAL,17.587500,6.625000,-61.620000,0.096125,0.006866,-0.002289,0.016021,0.000000,0.000000,0.000000,0.000000,0,0,0,0,0,0,0,0,0,0,0,0.03900146484375,-0.001861572265625,-19.999996,-0.8702036,-57.388916,19.995247,-3.4494313e-19,-3.4494313e-19,-3.4494313e-19,-19.999996,Object notstarted,Object notstarted,Object notstarted,Object notstarted,Object notstarted,Object notstarted,Object notstarted,Object notstarted,Object notstarted
2024-03-18 10:37:52,209.209,__main___datalogs,INFO,JoyConState.NORMAL,17.587500,6.625000,-61.620000,0.096125,0.002289,0.002289,0.016021,0.000000,0.000000,0.000000,0.000000,0,0,0,0,0,0,0,0,0,0,0,0.03900146484375,-0.0006103515625,-19.999996,-0.8702036,-57.388916,19.995247,-3.4494313e-19,-3.4494313e-19,-3.4494313e-19,-19.999996,Object notstarted,Object notstarted,Object notstarted,Object notstarted,Object notstarted,Object notstarted,Object notstarted,Object notstarted,Object notstarted
2024-03-18 10:37:52,263.263,__main___datalogs,INFO,JoyConState.NORMAL,17.587500,6.625000,-61.620000,0.096125,0.002289,0.002289,0.016021,0.000000,0.000000,0.000000,0.000000,0,0,0,0,0,0,0,0,0,0,0,0.03900146484375,-0.003082275390625,-19.999996,-0.8702036,-57.388916,19.995247,-3.4494313e-19,-3.4494313e-19,-3.4494313e-19,-19.999996,Object notstarted,Object notstarted,Object notstarted,Object notstarted,Object notstarted,Object notstarted,Object notstarted,Object notstarted,Object notstarted
2024-03-18 10:37:52,321.321,__main___datalogs,INFO,JoyConState.NORMAL,17.587500,6.625000,-61.620000,0.096125,-0.002289,-0.002289,0.016021,0.000000,0.000000,0.000000,0.000000,0,0,0,0,0,0,0,0,0,0,0,0.03900146484375,-0.003082275390625,-19.999996,-0.8702036,-57.388916,19.995247,-3.4494313e-19,-3.4494313e-19,-3.4494313e-19,-19.999996,Object notstarted,Object notstarted,Object notstarted,Object notstarted,Object notstarted,Object notstarted,Object notstarted,Object notstarted,Object notstarted
2024-03-18 10:37:52,392.392,__main___datalogs,INFO,JoyConState.NORMAL,17.587500,6.625000,-61.620000,0.096125,0.002289,0.002289,0.016021,0.000000,0.000000,0.000000,0.000000,0,0,0,0,0,0,0,0,0,0,0,0.03900146484375,-0.001861572265625,-19.999996,-0.8702036,-57.388916,19.995247,-3.4494313e-19,-3.4494313e-19,-3.4494313e-19,-19.999996,Object notstarted,Object notstarted,Object notstarted,Object notstarted,Object notstarted,Object notstarted,Object notstarted,Object notstarted,Object notstarted
2024-03-18 10:37:52,452.452,__main___datalogs,INFO,JoyConState.NORMAL,17.587500,6.625000,-61.620000,0.096125,0.002289,-0.002289,0.020598,0.000000,0.000000,0.000000,0.000000,0,0,0,0,0,0,0,0,0,0,0,0.03900146484375,-0.003082275390625,-19.999996,-0.8702036,-57.388916,19.995247,-3.4494313e-19,-3.4494313e-19,-3.4494313e-19,-19.999996,Object notstarted,Object notstarted,Object notstarted,Object notstarted,Object notstarted,Object notstarted,Object notstarted,Object notstarted,Object notstarted
2024-03-18 10:37:52,507.507,__main___datalogs,INFO,JoyConState.NORMAL,17.587500,6.625000,-61.620000,0.096125,0.002289,0.002289,0.020598,0.000000,0.000000,0.000000,0.000000,0,0,0,0,0,0,0,0,0,0,0,0.0379638671875,-0.003082275390625,-19.999996,-0.8702036,-57.388916,19.995247,-3.4494313e-19,-3.4494313e-19,-3.4494313e-19,-19.999996,Object notstarted,Object notstarted,Object notstarted,Object notstarted,Object notstarted,Object notstarted,Object notstarted,Object notstarted,Object notstarted
2024-03-18 10:37:52,563.563,__main___datalogs,INFO,JoyConState.NORMAL,17.587500,6.625000,-61.620000,0.096125,0.002289,0.002289,0.016021,0.000000,0.000000,0.000000,0.000000,0,0,0,0,0,0,0,0,0,0,0,0.0400390625,-0.003082275390625,-19.999996,-0.8702036,-57.388916,19.995247,-3.4494313e-19,-3.4494313e-19,-3.4494313e-19,-19.999996,Object notstarted,Object notstarted,Object notstarted,Object notstarted,Object notstarted,Object notstarted,Object notstarted,Object notstarted,Object notstarted
2024-03-18 10:37:52,618.618,__main___datalogs,INFO,JoyConState.NORMAL,17.587500,6.625000,-61.620000,0.098413,0.006866,0.002289,0.016021,0.000000,0.000000,0.000000,0.000000,0,0,0,0,0,0,0,0,0,0,0,0.0400390625,-0.003082275390625,-19.999996,-0.8702036,-57.388916,19.995247,-3.4494313e-19,-3.4494313e-19,-3.4494313e-19,-19.999996,Object notstarted,Object notstarted,Object notstarted,Object notstarted,Object notstarted,Object notstarted,Object notstarted,Object notstarted,Object notstarted
2024-03-18 10:37:52,675.675,__main___datalogs,INFO,JoyConState.NORMAL,17.587500,6.625000,-61.620000,0.096125,0.006866,-0.002289,0.013732,0.000000,0.000000,0.000000,0.000000,0,0,0,0,0,0,0,0,0,0,0,0.03900146484375,-0.003082275390625,-19.999996,-0.8702036,-57.388916,19.995247,-3.4494313e-19,-3.4494313e-19,-3.4494313e-19,-19.999996,Object notstarted,Object notstarted,Object notstarted,Object notstarted,Object notstarted,Object notstarted,Object notstarted,Object notstarted,Object notstarted
2024-03-18 10:37:52,730.730,__main___datalogs,INFO,JoyConState.NORMAL,17.587500,6.625000,-61.620000,0.096125,0.006866,0.002289,0.013732,0.000000,0.000000,0.000000,0.000000,0,0,0,0,0,0,0,0,0,0,0,0.03900146484375,-0.003082275390625,-19.999996,-0.8702036,-57.388916,19.995247,-3.4494313e-19,-3.4494313e-19,-3.4494313e-19,-19.999996,Object notstarted,Object notstarted,Object notstarted,Object notstarted,Object notstarted,Object notstarted,Object notstarted,Object notstarted,Object notstarted
2024-03-18 10:37:52,787.787,__main___datalogs,INFO,JoyConState.NORMAL,17.587500,6.625000,-61.620000,0.096125,0.006866,-0.002289,0.016021,0.000000,0.000000,0.000000,0.000000,0,0,0,0,0,0,0,0,0,0,0,0.0400390625,-0.003082275390625,-19.999996,-0.8702036,-57.388916,19.995247,-3.4494313e-19,-3.4494313e-19,-3.4494313e-19,-19.999996,Object notstarted,Object notstarted,Object notstarted,Object notstarted,Object notstarted,Object notstarted,Object notstarted,Object notstarted,Object notstarted
2024-03-18 10:37:52,842.842,__main___datalogs,INFO,JoyConState.NORMAL,17.587500,6.625000,-61.620000,0.096125,0.006866,-0.002289,0.016021,0.000000,0.000000,0.000000,0.000000,0,0,0,0,0,0,0,0,0,0,0,0.0379638671875,-0.001861572265625,-19.999996,-0.8702036,-57.388916,19.995247,-3.4494313e-19,-3.4494313e-19,-3.4494313e-19,-19.999996,Object notstarted,Object notstarted,Object notstarted,Object notstarted,Object notstarted,Object notstarted,Object notstarted,Object notstarted,Object notstarted
2024-03-18 10:37:52,899.899,__main___datalogs,INFO,JoyConState.NORMAL,17.587500,6.625000,-61.620000,0.096125,0.002289,-0.002289,0.016021,0.000000,0.000000,0.000000,0.000000,0,0,0,0,0,0,0,0,0,0,0,0.03900146484375,-0.003082275390625,-19.999996,-0.8702036,-57.388916,19.995247,-3.4494313e-19,-3.4494313e-19,-3.4494313e-19,-19.999996,Object notstarted,Object notstarted,Object notstarted,Object notstarted,Object notstarted,Object notstarted,Object notstarted,Object notstarted,Object notstarted
2024-03-18 10:37:52,955.955,__main___datalogs,INFO,JoyConState.NORMAL,17.587500,6.625000,-61.620000,0.096125,0.006866,0.004577,0.016021,0.000000,0.000000,0.000000,0.000000,0,0,0,0,0,0,0,0,0,0,0,0.03900146484375,-0.003082275390625,-19.999996,-0.8702036,-57.388916,19.995247,-3.4494313e-19,-3.4494313e-19,-3.4494313e-19,-19.999996,Object notstarted,Object notstarted,Object notstarted,Object notstarted,Object notstarted,Object notstarted,Object notstarted,Object notstarted,Object notstarted
2024-03-18 10:37:53,012.012,__main___datalogs,INFO,JoyConState.NORMAL,17.587500,6.625000,-61.620000,0.096125,0.002289,-0.002289,0.016021,0.000000,0.000000,0.000000,0.000000,0,0,0,0,0,0,0,0,0,0,0,0.03900146484375,-0.003082275390625,-19.999996,-0.8702036,-57.388916,19.995247,-3.4494313e-19,-3.4494313e-19,-3.4494313e-19,-19.999996,Object notstarted,Object notstarted,Object notstarted,Object notstarted,Object notstarted,Object notstarted,Object notstarted,Object notstarted,Object notstarted
2024-03-18 10:37:53,067.067,__main___datalogs,INFO,JoyConState.NORMAL,17.587500,6.625000,-61.620000,0.096125,-0.002289,-0.006866,0.016021,0.000000,0.000000,0.000000,0.000000,0,0,0,0,0,0,0,0,0,0,0,0.0400390625,-0.003082275390625,-19.999996,-0.8702036,-57.388916,19.995247,-3.4494313e-19,-3.4494313e-19,-3.4494313e-19,-19.999996,Object notstarted,Object notstarted,Object notstarted,Object notstarted,Object notstarted,Object notstarted,Object notstarted,Object notstarted,Object notstarted
2024-03-18 10:37:53,123.123,__main___datalogs,INFO,JoyConState.NORMAL,17.587500,6.625000,-61.620000,0.096125,-0.002289,-0.002289,0.016021,0.000000,0.000000,0.000000,0.000000,0,0,0,0,0,0,0,0,0,0,0,0.0379638671875,-0.001861572265625,-19.999996,-0.8702036,-57.388916,19.995247,-3.4494313e-19,-3.4494313e-19,-3.4494313e-19,-19.999996,Object notstarted,Object notstarted,Object notstarted,Object notstarted,Object notstarted,Object notstarted,Object notstarted,Object notstarted,Object notstarted
2024-03-18 10:37:53,178.178,__main___datalogs,INFO,JoyConState.NORMAL,17.587500,6.625000,-61.620000,0.096125,0.002289,-0.002289,0.016021,0.000000,0.000000,0.000000,0.000000,0,0,0,0,0,0,0,0,0,0,0,0.03900146484375,-0.003082275390625,-19.999996,-0.8702036,-57.388916,19.995247,-3.4494313e-19,-3.4494313e-19,-3.4494313e-19,-19.999996,Object notstarted,Object notstarted,Object notstarted,Object notstarted,Object notstarted,Object notstarted,Object notstarted,Object notstarted,Object notstarted
2024-03-18 10:37:53,235.235,__main___datalogs,INFO,JoyConState.NORMAL,17.587500,6.625000,-61.620000,0.096125,0.006866,0.002289,0.020598,0.000000,0.000000,0.000000,0.000000,0,0,0,0,0,0,0,0,0,0,0,0.03900146484375,-0.003082275390625,-19.999996,-0.8702036,-57.388916,19.995247,-3.4494313e-19,-3.4494313e-19,-3.4494313e-19,-19.999996,Object notstarted,Object notstarted,Object notstarted,Object notstarted,Object notstarted,Object notstarted,Object notstarted,Object notstarted,Object notstarted
2024-03-18 10:37:53,290.290,__main___datalogs,INFO,JoyConState.NORMAL,17.587500,6.625000,-61.620000,0.098413,0.006866,0.002289,0.016021,0.000000,0.000000,0.000000,0.000000,0,0,0,0,0,0,0,0,0,0,0,0.03900146484375,-0.001861572265625,-19.999996,-0.8702036,-57.388916,19.995247,-3.4494313e-19,-3.4494313e-19,-3.4494313e-19,-19.999996,Object notstarted,Object notstarted,Object notstarted,Object notstarted,Object notstarted,Object notstarted,Object notstarted,Object notstarted,Object notstarted
2024-03-18 10:37:53,347.347,__main___datalogs,INFO,JoyConState.NORMAL,17.587500,6.625000,-61.620000,0.098413,0.002289,0.002289,0.020598,0.000000,0.000000,0.000000,0.000000,0,0,0,0,0,0,0,0,0,0,0,0.03900146484375,-0.003082275390625,-19.999996,-0.8702036,-57.388916,19.995247,-3.4494313e-19,-3.4494313e-19,-3.4494313e-19,-19.999996,Object notstarted,Object notstarted,Object notstarted,Object notstarted,Object notstarted,Object notstarted,Object notstarted,Object notstarted,Object notstarted
2024-03-18 10:37:53,402.402,__main___datalogs,INFO,JoyConState.NORMAL,17.587500,6.625000,-61.620000,0.096125,-0.002289,0.002289,0.016021,0.000000,0.000000,0.000000,0.000000,0,0,0,0,0,0,0,0,0,0,0,0.0400390625,-0.004302978515625,-19.999996,-0.8702036,-57.388916,19.995247,-3.4494313e-19,-3.4494313e-19,-3.4494313e-19,-19.999996,Object notstarted,Object notstarted,Object notstarted,Object notstarted,Object notstarted,Object notstarted,Object notstarted,Object notstarted,Object notstarted
2024-03-18 10:37:53,475.475,__main___datalogs,INFO,JoyConState.NORMAL,17.587500,6.625000,-61.620000,0.089258,0.002289,0.002289,0.016021,0.000000,0.000000,0.000000,0.000000,0,0,0,0,0,0,0,0,0,0,0,0.03900146484375,-0.004302978515625,-19.999996,-0.8702036,-57.388916,19.995247,-3.4494313e-19,-3.4494313e-19,-3.4494313e-19,-19.999996,Object notstarted,Object notstarted,Object notstarted,Object notstarted,Object notstarted,Object notstarted,Object notstarted,Object notstarted,Object notstarted
2024-03-18 10:37:53,538.538,__main___datalogs,INFO,JoyConState.NORMAL,17.587500,6.625000,-61.620000,0.091547,0.002289,0.002289,0.016021,0.000000,0.000000,0.000000,0.000000,0,0,0,0,0,0,0,0,0,0,0,0.03900146484375,-0.004302978515625,-19.999996,-0.8702036,-57.388916,19.995247,-3.4494313e-19,-3.4494313e-19,-3.4494313e-19,-19.999996,Object notstarted,Object notstarted,Object notstarted,Object notstarted,Object notstarted,Object notstarted,Object notstarted,Object notstarted,Object notstarted
2024-03-18 10:37:53,595.595,__main___datalogs,INFO,JoyConState.NORMAL,17.587500,6.625000,-61.620000,0.098413,0.006866,-0.002289,0.016021,0.000000,0.000000,0.000000,0.000000,0,0,0,0,0,0,0,0,0,0,0,0.0379638671875,-0.004302978515625,-19.999996,-0.8702036,-57.388916,19.995247,-3.4494313e-19,-3.4494313e-19,-3.4494313e-19,-19.999996,Object notstarted,Object notstarted,Object notstarted,Object notstarted,Object notstarted,Object notstarted,Object notstarted,Object notstarted,Object notstarted
2024-03-18 10:37:53,650.650,__main___datalogs,INFO,JoyConState.NORMAL,17.587500,6.625000,-61.620000,0.096125,0.006866,-0.002289,0.016021,0.000000,0.000000,0.000000,0.000000,0,0,0,0,0,0,0,0,0,0,0,0.03900146484375,-0.003082275390625,-19.999996,-0.8702036,-57.388916,19.995247,-3.4494313e-19,-3.4494313e-19,-3.4494313e-19,-19.999996,Object notstarted,Object notstarted,Object notstarted,Object notstarted,Object notstarted,Object notstarted,Object notstarted,Object notstarted,Object notstarted
2024-03-18 10:37:53,706.706,__main___datalogs,INFO,JoyConState.NORMAL,17.587500,6.625000,-61.620000,0.089258,0.002289,-0.002289,0.016021,0.000000,0.000000,0.000000,0.000000,0,0,0,0,0,0,0,0,0,0,0,0.0400390625,-0.001861572265625,-19.999996,-0.8702036,-57.388916,19.995247,-3.4494313e-19,-3.4494313e-19,-3.4494313e-19,-19.999996,Object notstarted,Object notstarted,Object notstarted,Object notstarted,Object notstarted,Object notstarted,Object notstarted,Object notstarted,Object notstarted
2024-03-18 10:37:53,762.762,__main___datalogs,INFO,JoyConState.NORMAL,17.587500,6.625000,-61.620000,0.091547,0.006866,0.002289,0.013732,0.000000,0.000000,0.000000,0.000000,0,0,0,0,0,0,0,0,0,0,0,0.0379638671875,-0.004302978515625,-19.999996,-0.8702036,-57.388916,19.995247,-3.4494313e-19,-3.4494313e-19,-3.4494313e-19,-19.999996,Object notstarted,Object notstarted,Object notstarted,Object notstarted,Object notstarted,Object notstarted,Object notstarted,Object notstarted,Object notstarted
2024-03-18 10:37:53,818.818,__main___datalogs,INFO,JoyConState.NORMAL,17.587500,6.625000,-61.620000,0.096125,0.002289,0.002289,0.016021,0.000000,0.000000,0.000000,0.000000,0,0,0,0,0,0,0,0,0,0,0,0.0400390625,-0.004302978515625,-19.999996,-0.8702036,-57.388916,19.995247,-3.4494313e-19,-3.4494313e-19,-3.4494313e-19,-19.999996,Object notstarted,Object notstarted,Object notstarted,Object notstarted,Object notstarted,Object notstarted,Object notstarted,Object notstarted,Object notstarted
2024-03-18 10:37:53,874.874,__main___datalogs,INFO,JoyConState.NORMAL,17.587500,6.625000,-61.620000,0.096125,0.006866,0.002289,0.016021,0.000000,0.000000,0.000000,0.000000,0,0,0,0,0,0,0,0,0,0,0,0.0379638671875,-0.004302978515625,-19.999996,-0.8702036,-57.388916,19.995247,-3.4494313e-19,-3.4494313e-19,-3.4494313e-19,-19.999996,Object notstarted,Object notstarted,Object notstarted,Object notstarted,Object notstarted,Object notstarted,Object notstarted,Object notstarted,Object notstarted
2024-03-18 10:37:53,930.930,__main___datalogs,INFO,JoyConState.NORMAL,17.587500,6.625000,-61.620000,0.096125,0.006866,0.002289,0.016021,0.000000,0.000000,0.000000,0.000000,0,0,0,0,0,0,0,0,0,0,0,0.03900146484375,-0.003082275390625,-19.999996,-0.8702036,-57.388916,19.995247,-3.4494313e-19,-3.4494313e-19,-3.4494313e-19,-19.999996,Object notstarted,Object notstarted,Object notstarted,Object notstarted,Object notstarted,Object notstarted,Object notstarted,Object notstarted,Object notstarted
2024-03-18 10:37:53,986.986,__main___datalogs,INFO,JoyConState.NORMAL,17.587500,6.625000,-61.620000,0.091547,-0.002289,0.002289,0.016021,0.000000,0.000000,0.000000,0.000000,0,0,0,0,0,0,0,0,0,0,0,0.03900146484375,-0.003082275390625,-19.999996,-0.8702036,-57.388916,19.995247,-3.4494313e-19,-3.4494313e-19,-3.4494313e-19,-19.999996,Object notstarted,Object notstarted,Object notstarted,Object notstarted,Object notstarted,Object notstarted,Object notstarted,Object notstarted,Object notstarted
2024-03-18 10:37:54,042.042,__main___datalogs,INFO,JoyConState.NORMAL,17.587500,6.625000,-61.620000,0.089258,-0.002289,0.002289,0.016021,0.000000,0.000000,0.000000,0.000000,0,0,0,0,0,0,0,0,0,0,0,0.03900146484375,-0.001861572265625,-19.999996,-0.8702036,-57.388916,19.995247,-3.4494313e-19,-3.4494313e-19,-3.4494313e-19,-19.999996,Object notstarted,Object notstarted,Object notstarted,Object notstarted,Object notstarted,Object notstarted,Object notstarted,Object notstarted,Object notstarted
2024-03-18 10:37:54,098.098,__main___datalogs,INFO,JoyConState.NORMAL,17.587500,6.625000,-61.620000,0.096125,0.002289,-0.002289,0.016021,0.000000,0.000000,0.000000,0.000000,0,0,0,0,0,0,0,0,0,0,0,0.03900146484375,-0.004302978515625,-19.999996,-0.8702036,-57.388916,19.995247,-3.4494313e-19,-3.4494313e-19,-3.4494313e-19,-19.999996,Object notstarted,Object notstarted,Object notstarted,Object notstarted,Object notstarted,Object notstarted,Object notstarted,Object notstarted,Object notstarted
2024-03-18 10:37:54,154.154,__main___datalogs,INFO,JoyConState.NORMAL,17.587500,6.625000,-61.620000,0.098413,-0.002289,0.002289,0.016021,0.000000,0.000000,0.000000,0.000000,0,0,0,0,0,0,0,0,0,0,0,0.03900146484375,-0.004302978515625,-19.999996,-0.8702036,-57.388916,19.995247,-3.4494313e-19,-3.4494313e-19,-3.4494313e-19,-19.999996,Object notstarted,Object notstarted,Object notstarted,Object notstarted,Object notstarted,Object notstarted,Object notstarted,Object notstarted,Object notstarted
2024-03-18 10:37:54,210.210,__main___datalogs,INFO,JoyConState.NORMAL,17.587500,6.625000,-61.620000,0.091547,0.006866,-0.002289,0.013732,0.000000,0.000000,0.000000,0.000000,0,0,0,0,0,0,0,0,0,0,0,0.03900146484375,-0.003082275390625,-19.999996,-0.8702036,-57.388916,19.995247,-3.4494313e-19,-3.4494313e-19,-3.4494313e-19,-19.999996,Object notstarted,Object notstarted,Object notstarted,Object notstarted,Object notstarted,Object notstarted,Object notstarted,Object notstarted,Object notstarted
2024-03-18 10:37:54,265.265,__main___datalogs,INFO,JoyConState.NORMAL,17.587500,6.625000,-61.620000,0.091547,0.002289,0.002289,0.020598,0.000000,0.000000,0.000000,0.000000,0,0,0,0,0,0,0,0,0,0,0,0.03900146484375,-0.003082275390625,-19.999996,-0.8702036,-57.388916,19.995247,-3.4494313e-19,-3.4494313e-19,-3.4494313e-19,-19.999996,Object notstarted,Object notstarted,Object notstarted,Object notstarted,Object notstarted,Object notstarted,Object notstarted,Object notstarted,Object notstarted
2024-03-18 10:37:54,321.321,__main___datalogs,INFO,JoyConState.NORMAL,17.587500,6.625000,-61.620000,0.091547,0.002289,-0.002289,0.016021,0.000000,0.000000,0.000000,0.000000,0,0,0,0,0,0,0,0,0,0,0,0.0379638671875,-0.001861572265625,-19.999996,-0.8702036,-57.388916,19.995247,-3.4494313e-19,-3.4494313e-19,-3.4494313e-19,-19.999996,Object notstarted,Object notstarted,Object notstarted,Object notstarted,Object notstarted,Object notstarted,Object notstarted,Object notstarted,Object notstarted
2024-03-18 10:37:54,377.377,__main___datalogs,INFO,JoyConState.NORMAL,17.587500,6.625000,-61.620000,0.091547,0.006866,0.002289,0.016021,0.000000,0.000000,0.000000,0.000000,0,0,0,0,0,0,0,0,0,0,0,0.0379638671875,-0.003082275390625,-19.999996,-0.8702036,-57.388916,19.995247,-3.4494313e-19,-3.4494313e-19,-3.4494313e-19,-19.999996,Object notstarted,Object notstarted,Object notstarted,Object notstarted,Object notstarted,Object notstarted,Object notstarted,Object notstarted,Object notstarted
2024-03-18 10:37:54,433.433,__main___datalogs,INFO,JoyConState.NORMAL,17.587500,6.625000,-61.620000,0.096125,0.002289,0.002289,0.016021,0.000000,0.000000,0.000000,0.000000,0,0,0,0,0,0,0,0,0,0,0,0.0379638671875,-0.004302978515625,-19.999996,-0.8702036,-57.388916,19.995247,-3.4494313e-19,-3.4494313e-19,-3.4494313e-19,-19.999996,Object notstarted,Object notstarted,Object notstarted,Object notstarted,Object notstarted,Object notstarted,Object notstarted,Object notstarted,Object notstarted
2024-03-18 10:37:54,490.490,__main___datalogs,INFO,JoyConState.NORMAL,17.587500,6.625000,-61.620000,0.091547,0.002289,-0.002289,0.016021,0.000000,0.000000,0.000000,0.000000,0,0,0,0,0,0,0,0,0,0,0,0.0400390625,-0.001861572265625,-19.999996,-0.8702036,-57.388916,19.995247,-3.4494313e-19,-3.4494313e-19,-3.4494313e-19,-19.999996,Object notstarted,Object notstarted,Object notstarted,Object notstarted,Object notstarted,Object notstarted,Object notstarted,Object notstarted,Object notstarted
2024-03-18 10:37:54,561.561,__main___datalogs,INFO,JoyConState.NORMAL,17.587500,6.625000,-61.620000,0.091547,0.002289,-0.002289,0.016021,0.000000,0.000000,0.000000,0.000000,0,0,0,0,0,0,0,0,0,0,0,0.03900146484375,-0.004302978515625,-19.999996,-0.8702036,-57.388916,19.995247,-3.4494313e-19,-3.4494313e-19,-3.4494313e-19,-19.999996,Object notstarted,Object notstarted,Object notstarted,Object notstarted,Object notstarted,Object notstarted,Object notstarted,Object notstarted,Object notstarted
2024-03-18 10:37:54,623.623,__main___datalogs,INFO,JoyConState.NORMAL,17.587500,6.625000,-61.620000,0.091547,0.002289,0.002289,0.016021,0.000000,0.000000,0.000000,0.000000,0,0,0,0,0,0,0,0,0,0,0,0.03900146484375,-0.003082275390625,-19.999996,-0.8702036,-57.388916,19.995247,-3.4494313e-19,-3.4494313e-19,-3.4494313e-19,-19.999996,Object notstarted,Object notstarted,Object notstarted,Object notstarted,Object notstarted,Object notstarted,Object notstarted,Object notstarted,Object notstarted
2024-03-18 10:37:54,679.679,__main___datalogs,INFO,JoyConState.NORMAL,17.587500,6.625000,-61.620000,0.091547,0.006866,0.002289,0.016021,0.000000,0.000000,0.000000,0.000000,0,0,0,0,0,0,0,0,0,0,0,0.0379638671875,-0.003082275390625,-19.999996,-0.8702036,-57.388916,19.995247,-3.4494313e-19,-3.4494313e-19,-3.4494313e-19,-19.999996,Object notstarted,Object notstarted,Object notstarted,Object notstarted,Object notstarted,Object notstarted,Object notstarted,Object notstarted,Object notstarted
2024-03-18 10:37:54,735.735,__main___datalogs,INFO,JoyConState.NORMAL,17.587500,6.625000,-61.620000,0.096125,0.006866,0.002289,0.013732,0.000000,0.000000,0.000000,0.000000,0,0,0,0,0,0,0,0,0,0,0,0.03900146484375,-0.003082275390625,-19.999996,-0.8702036,-57.388916,19.995247,-3.4494313e-19,-3.4494313e-19,-3.4494313e-19,-19.999996,Object notstarted,Object notstarted,Object notstarted,Object notstarted,Object notstarted,Object notstarted,Object notstarted,Object notstarted,Object notstarted
2024-03-18 10:37:54,790.790,__main___datalogs,INFO,JoyConState.NORMAL,17.587500,6.625000,-61.620000,0.091547,0.006866,0.002289,0.016021,0.000000,0.000000,0.000000,0.000000,0,0,0,0,0,0,0,0,0,0,0,0.03900146484375,-0.004302978515625,-19.999996,-0.8702036,-57.388916,19.995247,-3.4494313e-19,-3.4494313e-19,-3.4494313e-19,-19.999996,Object notstarted,Object notstarted,Object notstarted,Object notstarted,Object notstarted,Object notstarted,Object notstarted,Object notstarted,Object notstarted
2024-03-18 10:37:54,847.847,__main___datalogs,INFO,JoyConState.NORMAL,17.587500,6.625000,-61.620000,0.091547,0.002289,0.002289,0.016021,0.000000,0.000000,0.000000,0.000000,0,0,0,0,0,0,0,0,0,0,0,0.03900146484375,-0.0006103515625,-19.999996,-0.8702036,-57.388916,19.995247,-3.4494313e-19,-3.4494313e-19,-3.4494313e-19,-19.999996,Object notstarted,Object notstarted,Object notstarted,Object notstarted,Object notstarted,Object notstarted,Object notstarted,Object notstarted,Object notstarted
2024-03-18 10:37:54,903.903,__main___datalogs,INFO,JoyConState.NORMAL,17.587500,6.625000,-61.620000,0.096125,0.002289,0.002289,0.016021,0.000000,0.000000,0.000000,0.000000,0,0,0,0,0,0,0,0,0,0,0,0.0379638671875,-0.003082275390625,-19.999996,-0.8702036,-57.388916,19.995247,-3.4494313e-19,-3.4494313e-19,-3.4494313e-19,-19.999996,Object notstarted,Object notstarted,Object notstarted,Object notstarted,Object notstarted,Object notstarted,Object notstarted,Object notstarted,Object notstarted
2024-03-18 10:37:54,959.959,__main___datalogs,INFO,JoyConState.NORMAL,17.587500,6.625000,-61.620000,0.096125,0.002289,-0.002289,0.016021,0.000000,0.000000,0.000000,0.000000,0,0,0,0,0,0,0,0,0,0,0,0.03900146484375,-0.001861572265625,-19.999996,-0.8702036,-57.388916,19.995247,-3.4494313e-19,-3.4494313e-19,-3.4494313e-19,-19.999996,Object notstarted,Object notstarted,Object notstarted,Object notstarted,Object notstarted,Object notstarted,Object notstarted,Object notstarted,Object notstarted
2024-03-18 10:37:55,014.014,__main___datalogs,INFO,JoyConState.NORMAL,17.587500,6.625000,-61.620000,0.096125,0.002289,-0.002289,0.016021,0.000000,0.000000,0.000000,0.000000,0,0,0,0,0,0,0,0,0,0,0,0.03900146484375,-0.004302978515625,-19.999996,-0.8702036,-57.388916,19.995247,-3.4494313e-19,-3.4494313e-19,-3.4494313e-19,-19.999996,Object notstarted,Object notstarted,Object notstarted,Object notstarted,Object notstarted,Object notstarted,Object notstarted,Object notstarted,Object notstarted
2024-03-18 10:37:55,071.071,__main___datalogs,INFO,JoyConState.NORMAL,17.587500,6.625000,-61.620000,0.096125,0.006866,0.002289,0.016021,0.000000,0.000000,0.000000,0.000000,0,0,0,0,0,0,0,0,0,0,0,0.03900146484375,-0.003082275390625,-19.999996,-0.8702036,-57.388916,19.995247,-3.4494313e-19,-3.4494313e-19,-3.4494313e-19,-19.999996,Object notstarted,Object notstarted,Object notstarted,Object notstarted,Object notstarted,Object notstarted,Object notstarted,Object notstarted,Object notstarted
2024-03-18 10:37:55,126.126,__main___datalogs,INFO,JoyConState.NORMAL,17.587500,6.625000,-61.620000,0.098413,0.006866,0.002289,0.016021,0.000000,0.000000,0.000000,0.000000,0,0,0,0,0,0,0,0,0,0,0,0.03900146484375,-0.003082275390625,-19.999996,-0.8702036,-57.388916,19.995247,-3.4494313e-19,-3.4494313e-19,-3.4494313e-19,-19.999996,Object notstarted,Object notstarted,Object notstarted,Object notstarted,Object notstarted,Object notstarted,Object notstarted,Object notstarted,Object notstarted
2024-03-18 10:37:55,183.183,__main___datalogs,INFO,JoyConState.NORMAL,17.587500,6.625000,-61.620000,0.098413,0.006866,0.002289,0.016021,0.000000,0.000000,0.000000,0.000000,0,0,0,0,0,0,0,0,0,0,0,0.0400390625,-0.004302978515625,-19.999996,-0.8702036,-57.388916,19.995247,-3.4494313e-19,-3.4494313e-19,-3.4494313e-19,-19.999996,Object notstarted,Object notstarted,Object notstarted,Object notstarted,Object notstarted,Object notstarted,Object notstarted,Object notstarted,Object notstarted
2024-03-18 10:37:55,238.238,__main___datalogs,INFO,JoyConState.NORMAL,17.587500,6.625000,-61.620000,0.096125,0.002289,0.002289,0.020598,0.000000,0.000000,0.000000,0.000000,0,0,0,0,0,0,0,0,0,0,0,0.0379638671875,-0.003082275390625,-19.999996,-0.8702036,-57.388916,19.995247,-3.4494313e-19,-3.4494313e-19,-3.4494313e-19,-19.999996,Object notstarted,Object notstarted,Object notstarted,Object notstarted,Object notstarted,Object notstarted,Object notstarted,Object notstarted,Object notstarted
2024-03-18 10:37:55,295.295,__main___datalogs,INFO,JoyConState.NORMAL,17.587500,6.625000,-61.620000,0.096125,0.002289,-0.002289,0.020598,0.000000,0.000000,0.000000,0.000000,0,0,0,0,0,0,0,0,0,0,0,0.03900146484375,-0.003082275390625,-19.999996,-0.8702036,-57.388916,19.995247,-3.4494313e-19,-3.4494313e-19,-3.4494313e-19,-19.999996,Object notstarted,Object notstarted,Object notstarted,Object notstarted,Object notstarted,Object notstarted,Object notstarted,Object notstarted,Object notstarted
2024-03-18 10:37:55,350.350,__main___datalogs,INFO,JoyConState.NORMAL,17.587500,6.625000,-61.620000,0.091547,0.002289,0.002289,0.020598,0.000000,0.000000,0.000000,0.000000,0,0,0,0,0,0,0,0,0,0,0,0.0400390625,-0.003082275390625,-19.999996,-0.8702036,-57.388916,19.995247,-3.4494313e-19,-3.4494313e-19,-3.4494313e-19,-19.999996,Object notstarted,Object notstarted,Object notstarted,Object notstarted,Object notstarted,Object notstarted,Object notstarted,Object notstarted,Object notstarted
2024-03-18 10:37:55,407.407,__main___datalogs,INFO,JoyConState.NORMAL,17.587500,6.625000,-61.620000,0.098413,0.006866,0.002289,0.016021,0.000000,0.000000,0.000000,0.000000,0,0,0,0,0,0,0,0,0,0,0,0.03900146484375,-0.003082275390625,-19.999996,-0.8702036,-57.388916,19.995247,-3.4494313e-19,-3.4494313e-19,-3.4494313e-19,-19.999996,Object notstarted,Object notstarted,Object notstarted,Object notstarted,Object notstarted,Object notstarted,Object notstarted,Object notstarted,Object notstarted
2024-03-18 10:37:55,461.461,__main___datalogs,INFO,JoyConState.NORMAL,17.587500,6.625000,-61.620000,0.096125,0.006866,-0.002289,0.016021,0.000000,0.000000,0.000000,0.000000,0,0,0,0,0,0,0,0,0,0,0,0.03900146484375,-0.003082275390625,-19.999996,-0.8702036,-57.388916,19.995247,-3.4494313e-19,-3.4494313e-19,-3.4494313e-19,-19.999996,Object notstarted,Object notstarted,Object notstarted,Object notstarted,Object notstarted,Object notstarted,Object notstarted,Object notstarted,Object notstarted
2024-03-18 10:37:55,518.518,__main___datalogs,INFO,JoyConState.NORMAL,17.587500,6.625000,-61.620000,0.096125,-0.002289,-0.006866,0.016021,0.000000,0.000000,0.000000,0.000000,0,0,0,0,0,0,0,0,0,0,0,0.0379638671875,-0.003082275390625,-19.999996,-0.8702036,-57.388916,19.995247,-3.4494313e-19,-3.4494313e-19,-3.4494313e-19,-19.999996,Object notstarted,Object notstarted,Object notstarted,Object notstarted,Object notstarted,Object notstarted,Object notstarted,Object notstarted,Object notstarted
2024-03-18 10:37:55,589.589,__main___datalogs,INFO,JoyConState.NORMAL,17.587500,6.625000,-61.620000,0.096125,0.002289,0.002289,0.016021,0.000000,0.000000,0.000000,0.000000,0,0,0,0,0,0,0,0,0,0,0,0.0379638671875,-0.001861572265625,-19.999996,-0.8702036,-57.388916,19.995247,-3.4494313e-19,-3.4494313e-19,-3.4494313e-19,-19.999996,Object notstarted,Object notstarted,Object notstarted,Object notstarted,Object notstarted,Object notstarted,Object notstarted,Object notstarted,Object notstarted
2024-03-18 10:37:55,649.649,__main___datalogs,INFO,JoyConState.NORMAL,17.587500,6.625000,-61.620000,0.091547,0.002289,0.002289,0.020598,0.000000,0.000000,0.000000,0.000000,0,0,0,0,0,0,0,0,0,0,0,0.03900146484375,-0.003082275390625,-19.999996,-0.8702036,-57.388916,19.995247,-3.4494313e-19,-3.4494313e-19,-3.4494313e-19,-19.999996,Object notstarted,Object notstarted,Object notstarted,Object notstarted,Object notstarted,Object notstarted,Object notstarted,Object notstarted,Object notstarted
2024-03-18 10:37:55,705.705,__main___datalogs,INFO,JoyConState.NORMAL,17.587500,6.625000,-61.620000,0.091547,0.006866,0.002289,0.016021,0.000000,0.000000,0.000000,0.000000,0,0,0,0,0,0,0,0,0,0,0,0.03900146484375,-0.003082275390625,-19.999996,-0.8702036,-57.388916,19.995247,-3.4494313e-19,-3.4494313e-19,-3.4494313e-19,-19.999996,Object notstarted,Object notstarted,Object notstarted,Object notstarted,Object notstarted,Object notstarted,Object notstarted,Object notstarted,Object notstarted
2024-03-18 10:37:55,761.761,__main___datalogs,INFO,JoyConState.NORMAL,17.587500,6.625000,-61.620000,0.096125,0.006866,0.002289,0.016021,0.000000,0.000000,0.000000,0.000000,0,0,0,0,0,0,0,0,0,0,0,0.03900146484375,-0.003082275390625,-19.999996,-0.8702036,-57.388916,19.995247,-3.4494313e-19,-3.4494313e-19,-3.4494313e-19,-19.999996,Object notstarted,Object notstarted,Object notstarted,Object notstarted,Object notstarted,Object notstarted,Object notstarted,Object notstarted,Object notstarted
2024-03-18 10:37:55,816.816,__main___datalogs,INFO,JoyConState.NORMAL,17.587500,6.625000,-61.620000,0.098413,-0.002289,0.002289,0.016021,0.000000,0.000000,0.000000,0.000000,0,0,0,0,0,0,0,0,0,0,0,0.03900146484375,-0.003082275390625,-19.999996,-0.8702036,-57.388916,19.995247,-3.4494313e-19,-3.4494313e-19,-3.4494313e-19,-19.999996,Object notstarted,Object notstarted,Object notstarted,Object notstarted,Object notstarted,Object notstarted,Object notstarted,Object notstarted,Object notstarted
2024-03-18 10:37:55,873.873,__main___datalogs,INFO,JoyConState.NORMAL,17.587500,6.625000,-61.620000,0.096125,0.006866,0.002289,0.016021,0.000000,0.000000,0.000000,0.000000,0,0,0,0,0,0,0,0,0,0,0,0.03900146484375,-0.003082275390625,-19.999996,-0.8702036,-57.388916,19.995247,-3.4494313e-19,-3.4494313e-19,-3.4494313e-19,-19.999996,Object notstarted,Object notstarted,Object notstarted,Object notstarted,Object notstarted,Object notstarted,Object notstarted,Object notstarted,Object notstarted
2024-03-18 10:37:55,929.929,__main___datalogs,INFO,JoyConState.NORMAL,17.587500,6.625000,-61.620000,0.098413,0.006866,0.004577,0.016021,0.000000,0.000000,0.000000,0.000000,0,0,0,0,0,0,0,0,0,0,0,0.03900146484375,-0.003082275390625,-19.999996,-0.8702036,-57.388916,19.995247,-3.4494313e-19,-3.4494313e-19,-3.4494313e-19,-19.999996,Object notstarted,Object notstarted,Object notstarted,Object notstarted,Object notstarted,Object notstarted,Object notstarted,Object notstarted,Object notstarted
2024-03-18 10:37:55,985.985,__main___datalogs,INFO,JoyConState.NORMAL,17.587500,6.625000,-61.620000,0.096125,0.002289,0.002289,0.016021,0.000000,0.000000,0.000000,0.000000,0,0,0,0,0,0,0,0,0,0,0,0.03900146484375,-0.004302978515625,-19.999996,-0.8702036,-57.388916,19.995247,-3.4494313e-19,-3.4494313e-19,-3.4494313e-19,-19.999996,Object notstarted,Object notstarted,Object notstarted,Object notstarted,Object notstarted,Object notstarted,Object notstarted,Object notstarted,Object notstarted
2024-03-18 10:37:56,041.041,__main___datalogs,INFO,JoyConState.NORMAL,17.587500,6.625000,-61.620000,0.098413,0.002289,0.002289,0.016021,0.000000,0.000000,0.000000,0.000000,0,0,0,0,0,0,0,0,0,0,0,0.0379638671875,-0.003082275390625,-19.999996,-0.8702036,-57.388916,19.995247,-3.4494313e-19,-3.4494313e-19,-3.4494313e-19,-19.999996,Object notstarted,Object notstarted,Object notstarted,Object notstarted,Object notstarted,Object notstarted,Object notstarted,Object notstarted,Object notstarted
2024-03-18 10:37:56,097.097,__main___datalogs,INFO,JoyConState.NORMAL,17.587500,6.625000,-61.620000,0.098413,0.002289,0.002289,0.016021,0.000000,0.000000,0.000000,0.000000,0,0,0,0,0,0,0,0,0,0,0,0.0379638671875,-0.003082275390625,-19.999996,-0.8702036,-57.388916,19.995247,-3.4494313e-19,-3.4494313e-19,-3.4494313e-19,-19.999996,Object notstarted,Object notstarted,Object notstarted,Object notstarted,Object notstarted,Object notstarted,Object notstarted,Object notstarted,Object notstarted
2024-03-18 10:37:56,152.152,__main___datalogs,INFO,JoyConState.NORMAL,17.587500,6.625000,-61.620000,0.096125,0.002289,0.002289,0.016021,0.000000,0.000000,0.000000,0.000000,0,0,0,0,0,0,0,0,0,0,0,0.041107177734375,-0.004302978515625,-19.999996,-0.8702036,-57.388916,19.995247,-3.4494313e-19,-3.4494313e-19,-3.4494313e-19,-19.999996,Object notstarted,Object notstarted,Object notstarted,Object notstarted,Object notstarted,Object notstarted,Object notstarted,Object notstarted,Object notstarted
2024-03-18 10:37:56,209.209,__main___datalogs,INFO,JoyConState.NORMAL,17.587500,6.625000,-61.620000,0.098413,0.006866,0.002289,0.020598,0.000000,0.000000,0.000000,0.000000,0,0,0,0,0,0,0,0,0,0,0,0.0400390625,-0.003082275390625,-19.999996,-0.8702036,-57.388916,19.995247,-3.4494313e-19,-3.4494313e-19,-3.4494313e-19,-19.999996,Object notstarted,Object notstarted,Object notstarted,Object notstarted,Object notstarted,Object notstarted,Object notstarted,Object notstarted,Object notstarted
2024-03-18 10:37:56,264.264,__main___datalogs,INFO,JoyConState.NORMAL,17.587500,6.625000,-61.620000,0.098413,0.002289,0.002289,0.016021,0.000000,0.000000,0.000000,0.000000,0,0,0,0,0,0,0,0,0,0,0,0.03900146484375,-0.00555419921875,-19.999996,-0.8702036,-57.388916,19.995247,-3.4494313e-19,-3.4494313e-19,-3.4494313e-19,-19.999996,Object notstarted,Object notstarted,Object notstarted,Object notstarted,Object notstarted,Object notstarted,Object notstarted,Object notstarted,Object notstarted
2024-03-18 10:37:56,320.320,__main___datalogs,INFO,JoyConState.NORMAL,17.587500,6.625000,-61.620000,0.096125,0.006866,0.002289,0.020598,0.000000,0.000000,0.000000,0.000000,0,0,0,0,0,0,0,0,0,0,0,0.03900146484375,-0.003082275390625,-19.999996,-0.8702036,-57.388916,19.995247,-3.4494313e-19,-3.4494313e-19,-3.4494313e-19,-19.999996,Object notstarted,Object notstarted,Object notstarted,Object notstarted,Object notstarted,Object notstarted,Object notstarted,Object notstarted,Object notstarted
2024-03-18 10:37:56,376.376,__main___datalogs,INFO,JoyConState.NORMAL,17.587500,6.625000,-61.620000,0.096125,0.002289,0.002289,0.020598,0.000000,0.000000,0.000000,0.000000,0,0,0,0,0,0,0,0,0,0,0,0.0400390625,-0.004302978515625,-19.999996,-0.8702036,-57.388916,19.995247,-3.4494313e-19,-3.4494313e-19,-3.4494313e-19,-19.999996,Object notstarted,Object notstarted,Object notstarted,Object notstarted,Object notstarted,Object notstarted,Object notstarted,Object notstarted,Object notstarted
2024-03-18 10:37:56,432.432,__main___datalogs,INFO,JoyConState.NORMAL,17.587500,6.625000,-61.620000,0.080104,0.002289,-0.002289,0.016021,0.000000,0.000000,0.000000,0.000000,0,0,0,0,0,0,0,0,0,0,0,0.03900146484375,-0.004302978515625,-19.999996,-0.8702036,-57.388916,19.995247,-3.4494313e-19,-3.4494313e-19,-3.4494313e-19,-19.999996,Object notstarted,Object notstarted,Object notstarted,Object notstarted,Object notstarted,Object notstarted,Object notstarted,Object notstarted,Object notstarted
2024-03-18 10:37:56,487.487,__main___datalogs,INFO,JoyConState.NORMAL,17.587500,6.625000,-61.620000,0.091547,0.002289,-0.002289,0.016021,0.000000,0.000000,0.000000,0.000000,0,0,0,0,0,0,0,0,0,0,0,0.03900146484375,-0.003082275390625,-19.999996,-0.8702036,-57.388916,19.995247,-3.4494313e-19,-3.4494313e-19,-3.4494313e-19,-19.999996,Object notstarted,Object notstarted,Object notstarted,Object notstarted,Object notstarted,Object notstarted,Object notstarted,Object notstarted,Object notstarted
2024-03-18 10:37:56,544.544,__main___datalogs,INFO,JoyConState.NORMAL,17.587500,6.625000,-61.620000,0.096125,0.002289,-0.002289,0.016021,0.000000,0.000000,0.000000,0.000000,0,0,0,0,0,0,0,0,0,0,0,0.0379638671875,-0.003082275390625,-19.999996,-0.8702036,-57.388916,19.995247,-3.4494313e-19,-3.4494313e-19,-3.4494313e-19,-19.999996,Object notstarted,Object notstarted,Object notstarted,Object notstarted,Object notstarted,Object notstarted,Object notstarted,Object notstarted,Object notstarted
2024-03-18 10:37:56,600.600,__main___datalogs,INFO,JoyConState.NORMAL,17.587500,6.625000,-61.620000,0.096125,0.002289,-0.002289,0.016021,0.000000,0.000000,0.000000,0.000000,0,0,0,0,0,0,0,0,0,0,0,0.03900146484375,-0.003082275390625,-19.999996,-0.8702036,-57.388916,19.995247,-3.4494313e-19,-3.4494313e-19,-3.4494313e-19,-19.999996,Object notstarted,Object notstarted,Object notstarted,Object notstarted,Object notstarted,Object notstarted,Object notstarted,Object notstarted,Object notstarted
2024-03-18 10:37:56,672.672,__main___datalogs,INFO,JoyConState.NORMAL,17.587500,6.625000,-61.620000,0.096125,-0.002289,-0.002289,0.016021,0.000000,0.000000,0.000000,0.000000,0,0,0,0,0,0,0,0,0,0,0,0.0400390625,-0.004302978515625,-19.999996,-0.8702036,-57.388916,19.995247,-3.4494313e-19,-3.4494313e-19,-3.4494313e-19,-19.999996,Object notstarted,Object notstarted,Object notstarted,Object notstarted,Object notstarted,Object notstarted,Object notstarted,Object notstarted,Object notstarted
2024-03-18 10:37:56,751.751,__main___datalogs,INFO,JoyConState.NORMAL,17.587500,6.625000,-61.620000,0.098413,0.002289,0.002289,0.016021,0.000000,0.000000,0.000000,0.000000,0,0,0,0,0,0,0,0,0,0,0,0.03900146484375,-0.004302978515625,-19.999996,-0.8702036,-57.388916,19.995247,-3.4494313e-19,-3.4494313e-19,-3.4494313e-19,-19.999996,Object notstarted,Object notstarted,Object notstarted,Object notstarted,Object notstarted,Object notstarted,Object notstarted,Object notstarted,Object notstarted
2024-03-18 10:37:56,807.807,__main___datalogs,INFO,JoyConState.NORMAL,17.587500,6.625000,-61.620000,0.098413,-0.002289,-0.002289,0.016021,0.000000,0.000000,0.000000,0.000000,0,0,0,0,0,0,0,0,0,0,0,0.03900146484375,-0.004302978515625,-19.999996,-0.8702036,-57.388916,19.995247,-3.4494313e-19,-3.4494313e-19,-3.4494313e-19,-19.999996,Object notstarted,Object notstarted,Object notstarted,Object notstarted,Object notstarted,Object notstarted,Object notstarted,Object notstarted,Object notstarted
2024-03-18 10:37:56,863.863,__main___datalogs,INFO,JoyConState.NORMAL,17.587500,6.625000,-61.620000,0.096125,0.002289,0.002289,0.016021,0.000000,0.000000,0.000000,0.000000,0,0,0,0,0,0,0,0,0,0,0,0.03900146484375,-0.003082275390625,-19.999996,-0.8702036,-57.388916,19.995247,-3.4494313e-19,-3.4494313e-19,-3.4494313e-19,-19.999996,Object notstarted,Object notstarted,Object notstarted,Object notstarted,Object notstarted,Object notstarted,Object notstarted,Object notstarted,Object notstarted
2024-03-18 10:37:56,920.920,__main___datalogs,INFO,JoyConState.NORMAL,17.587500,6.625000,-61.620000,0.091547,0.006866,0.002289,0.020598,0.000000,0.000000,0.000000,0.000000,0,0,0,0,0,0,0,0,0,0,0,0.03900146484375,-0.004302978515625,-19.999996,-0.8702036,-57.388916,19.995247,-3.4494313e-19,-3.4494313e-19,-3.4494313e-19,-19.999996,Object notstarted,Object notstarted,Object notstarted,Object notstarted,Object notstarted,Object notstarted,Object notstarted,Object notstarted,Object notstarted
2024-03-18 10:37:56,975.975,__main___datalogs,INFO,JoyConState.NORMAL,17.587500,6.625000,-61.620000,0.096125,0.002289,0.002289,0.020598,0.000000,0.000000,0.000000,0.000000,0,0,0,0,0,0,0,0,0,0,0,0.0400390625,-0.003082275390625,-19.999996,-0.8702036,-57.388916,19.995247,-3.4494313e-19,-3.4494313e-19,-3.4494313e-19,-19.999996,Object notstarted,Object notstarted,Object notstarted,Object notstarted,Object notstarted,Object notstarted,Object notstarted,Object notstarted,Object notstarted
2024-03-18 10:37:57,031.031,__main___datalogs,INFO,JoyConState.NORMAL,17.587500,6.625000,-61.620000,0.096125,-0.002289,0.002289,0.016021,0.000000,0.000000,0.000000,0.000000,0,0,0,0,0,0,0,0,0,0,0,0.03900146484375,-0.003082275390625,-19.999996,-0.8702036,-57.388916,19.995247,-3.4494313e-19,-3.4494313e-19,-3.4494313e-19,-19.999996,Object notstarted,Object notstarted,Object notstarted,Object notstarted,Object notstarted,Object notstarted,Object notstarted,Object notstarted,Object notstarted
2024-03-18 10:37:57,087.087,__main___datalogs,INFO,JoyConState.NORMAL,17.587500,6.625000,-61.620000,0.091547,0.006866,0.002289,0.016021,0.000000,0.000000,0.000000,0.000000,0,0,0,0,0,0,0,0,0,0,0,0.03900146484375,-0.00677490234375,-19.999996,-0.8702036,-57.388916,19.995247,-3.4494313e-19,-3.4494313e-19,-3.4494313e-19,-19.999996,Object notstarted,Object notstarted,Object notstarted,Object notstarted,Object notstarted,Object notstarted,Object notstarted,Object notstarted,Object notstarted
2024-03-18 10:37:57,143.143,__main___datalogs,INFO,JoyConState.NORMAL,17.587500,6.625000,-61.620000,0.096125,0.006866,0.002289,0.016021,0.000000,0.000000,0.000000,0.000000,0,0,0,0,0,0,0,0,0,0,0,0.0400390625,-0.001861572265625,-19.999996,-0.8702036,-57.388916,19.995247,-3.4494313e-19,-3.4494313e-19,-3.4494313e-19,-19.999996,Object notstarted,Object notstarted,Object notstarted,Object notstarted,Object notstarted,Object notstarted,Object notstarted,Object notstarted,Object notstarted
2024-03-18 10:37:57,199.199,__main___datalogs,INFO,JoyConState.NORMAL,17.587500,6.625000,-61.620000,0.096125,-0.002289,0.002289,0.016021,0.000000,0.000000,0.000000,0.000000,0,0,0,0,0,0,0,0,0,0,0,0.03900146484375,-0.003082275390625,-19.999996,-0.8702036,-57.388916,19.995247,-3.4494313e-19,-3.4494313e-19,-3.4494313e-19,-19.999996,Object notstarted,Object notstarted,Object notstarted,Object notstarted,Object notstarted,Object notstarted,Object notstarted,Object notstarted,Object notstarted
2024-03-18 10:37:57,255.255,__main___datalogs,INFO,JoyConState.NORMAL,17.587500,6.625000,-61.620000,0.098413,0.002289,-0.002289,0.020598,0.000000,0.000000,0.000000,0.000000,0,0,0,0,0,0,0,0,0,0,0,0.03900146484375,-0.003082275390625,-19.999996,-0.8702036,-57.388916,19.995247,-3.4494313e-19,-3.4494313e-19,-3.4494313e-19,-19.999996,Object notstarted,Object notstarted,Object notstarted,Object notstarted,Object notstarted,Object notstarted,Object notstarted,Object notstarted,Object notstarted
2024-03-18 10:37:57,311.311,__main___datalogs,INFO,JoyConState.NORMAL,17.587500,6.625000,-61.620000,0.096125,0.006866,0.002289,0.020598,0.000000,0.000000,0.000000,0.000000,0,0,0,0,0,0,0,0,0,0,0,0.03900146484375,-0.001861572265625,-19.999996,-0.8702036,-57.388916,19.995247,-3.4494313e-19,-3.4494313e-19,-3.4494313e-19,-19.999996,Object notstarted,Object notstarted,Object notstarted,Object notstarted,Object notstarted,Object notstarted,Object notstarted,Object notstarted,Object notstarted
2024-03-18 10:37:57,367.367,__main___datalogs,INFO,JoyConState.NORMAL,17.587500,6.625000,-61.620000,0.091547,0.006866,0.002289,0.016021,0.000000,0.000000,0.000000,0.000000,0,0,0,0,0,0,0,0,0,0,0,0.03900146484375,-0.003082275390625,-19.999996,-0.8702036,-57.388916,19.995247,-3.4494313e-19,-3.4494313e-19,-3.4494313e-19,-19.999996,Object notstarted,Object notstarted,Object notstarted,Object notstarted,Object notstarted,Object notstarted,Object notstarted,Object notstarted,Object notstarted
2024-03-18 10:37:57,423.423,__main___datalogs,INFO,JoyConState.NORMAL,17.587500,6.625000,-61.620000,0.091547,0.002289,0.002289,0.016021,0.000000,0.000000,0.000000,0.000000,0,0,0,0,0,0,0,0,0,0,0,0.03900146484375,-0.001861572265625,-19.999996,-0.8702036,-57.388916,19.995247,-3.4494313e-19,-3.4494313e-19,-3.4494313e-19,-19.999996,Object notstarted,Object notstarted,Object notstarted,Object notstarted,Object notstarted,Object notstarted,Object notstarted,Object notstarted,Object notstarted
2024-03-18 10:37:57,478.478,__main___datalogs,INFO,JoyConState.NORMAL,17.587500,6.625000,-61.620000,0.091547,-0.002289,0.002289,0.016021,0.000000,0.000000,0.000000,0.000000,0,0,0,0,0,0,0,0,0,0,0,0.0400390625,-0.003082275390625,-19.999996,-0.8702036,-57.388916,19.995247,-3.4494313e-19,-3.4494313e-19,-3.4494313e-19,-19.999996,Object notstarted,Object notstarted,Object notstarted,Object notstarted,Object notstarted,Object notstarted,Object notstarted,Object notstarted,Object notstarted
2024-03-18 10:37:57,533.533,__main___datalogs,INFO,JoyConState.NORMAL,17.587500,6.625000,-61.620000,0.091547,0.002289,0.002289,0.016021,0.000000,0.000000,0.000000,0.000000,0,0,0,0,0,0,0,0,0,0,0,0.03900146484375,-0.003082275390625,-19.999996,-0.8702036,-57.388916,19.995247,-3.4494313e-19,-3.4494313e-19,-3.4494313e-19,-19.999996,Object notstarted,Object notstarted,Object notstarted,Object notstarted,Object notstarted,Object notstarted,Object notstarted,Object notstarted,Object notstarted
2024-03-18 10:37:57,589.589,__main___datalogs,INFO,JoyConState.NORMAL,17.587500,6.625000,-61.620000,0.091547,0.002289,0.002289,0.016021,0.000000,0.000000,0.000000,0.000000,0,0,0,0,0,0,0,0,0,0,0,0.03900146484375,-0.003082275390625,-19.999996,-0.8702036,-57.388916,19.995247,-3.4494313e-19,-3.4494313e-19,-3.4494313e-19,-19.999996,Object notstarted,Object notstarted,Object notstarted,Object notstarted,Object notstarted,Object notstarted,Object notstarted,Object notstarted,Object notstarted
2024-03-18 10:37:57,645.645,__main___datalogs,INFO,JoyConState.NORMAL,17.587500,6.625000,-61.620000,0.096125,0.006866,0.002289,0.016021,0.000000,0.000000,0.000000,0.000000,0,0,0,0,0,0,0,0,0,0,0,0.03900146484375,-0.003082275390625,-19.999996,-0.8702036,-57.388916,19.995247,-3.4494313e-19,-3.4494313e-19,-3.4494313e-19,-19.999996,Object notstarted,Object notstarted,Object notstarted,Object notstarted,Object notstarted,Object notstarted,Object notstarted,Object notstarted,Object notstarted
2024-03-18 10:37:57,702.702,__main___datalogs,INFO,JoyConState.NORMAL,17.587500,6.625000,-61.620000,0.098413,0.002289,0.002289,0.016021,0.000000,0.000000,0.000000,0.000000,0,0,0,0,0,0,0,0,0,0,0,0.0400390625,-0.003082275390625,-19.999996,-0.8702036,-57.388916,19.995247,-3.4494313e-19,-3.4494313e-19,-3.4494313e-19,-19.999996,Object notstarted,Object notstarted,Object notstarted,Object notstarted,Object notstarted,Object notstarted,Object notstarted,Object notstarted,Object notstarted
2024-03-18 10:37:57,781.781,__main___datalogs,INFO,JoyConState.NORMAL,17.587500,6.625000,-61.620000,0.096125,0.006866,0.002289,0.016021,0.000000,0.000000,0.000000,0.000000,0,0,0,0,0,0,0,0,0,0,0,0.03900146484375,-0.001861572265625,-19.999996,-0.8702036,-57.388916,19.995247,-3.4494313e-19,-3.4494313e-19,-3.4494313e-19,-19.999996,Object notstarted,Object notstarted,Object notstarted,Object notstarted,Object notstarted,Object notstarted,Object notstarted,Object notstarted,Object notstarted
2024-03-18 10:37:57,837.837,__main___datalogs,INFO,JoyConState.NORMAL,17.587500,6.625000,-61.620000,0.096125,0.002289,0.002289,0.020598,0.000000,0.000000,0.000000,0.000000,0,0,0,0,0,0,0,0,0,0,0,0.0379638671875,-0.00555419921875,-19.999996,-0.8702036,-57.388916,19.995247,-3.4494313e-19,-3.4494313e-19,-3.4494313e-19,-19.999996,Object notstarted,Object notstarted,Object notstarted,Object notstarted,Object notstarted,Object notstarted,Object notstarted,Object notstarted,Object notstarted
2024-03-18 10:37:57,893.893,__main___datalogs,INFO,JoyConState.NORMAL,17.587500,6.625000,-61.620000,0.098413,0.006866,0.002289,0.020598,0.000000,0.000000,0.000000,0.000000,0,0,0,0,0,0,0,0,0,0,0,0.0379638671875,-0.001861572265625,-19.999996,-0.8702036,-57.388916,19.995247,-3.4494313e-19,-3.4494313e-19,-3.4494313e-19,-19.999996,Object notstarted,Object notstarted,Object notstarted,Object notstarted,Object notstarted,Object notstarted,Object notstarted,Object notstarted,Object notstarted
2024-03-18 10:37:57,949.949,__main___datalogs,INFO,JoyConState.NORMAL,17.587500,6.625000,-61.620000,0.096125,0.006866,0.002289,0.016021,0.000000,0.000000,0.000000,0.000000,0,0,0,0,0,0,0,0,0,0,0,0.03900146484375,-0.004302978515625,-19.999996,-0.8702036,-57.388916,19.995247,-3.4494313e-19,-3.4494313e-19,-3.4494313e-19,-19.999996,Object notstarted,Object notstarted,Object notstarted,Object notstarted,Object notstarted,Object notstarted,Object notstarted,Object notstarted,Object notstarted
2024-03-18 10:37:58,004.004,__main___datalogs,INFO,JoyConState.NORMAL,17.587500,6.625000,-61.620000,0.096125,0.002289,0.002289,0.016021,0.000000,0.000000,0.000000,0.000000,0,0,0,0,0,0,0,0,0,0,0,0.03900146484375,-0.003082275390625,-19.999996,-0.8702036,-57.388916,19.995247,-3.4494313e-19,-3.4494313e-19,-3.4494313e-19,-19.999996,Object notstarted,Object notstarted,Object notstarted,Object notstarted,Object notstarted,Object notstarted,Object notstarted,Object notstarted,Object notstarted
2024-03-18 10:37:58,061.061,__main___datalogs,INFO,JoyConState.NORMAL,17.587500,6.625000,-61.620000,0.102991,0.002289,0.002289,0.016021,0.000000,0.000000,0.000000,0.000000,0,0,0,0,0,0,0,0,0,0,0,0.0379638671875,-0.003082275390625,-19.999996,-0.8702036,-57.388916,19.995247,-3.4494313e-19,-3.4494313e-19,-3.4494313e-19,-19.999996,Object notstarted,Object notstarted,Object notstarted,Object notstarted,Object notstarted,Object notstarted,Object notstarted,Object notstarted,Object notstarted
2024-03-18 10:37:58,116.116,__main___datalogs,INFO,JoyConState.NORMAL,17.587500,6.625000,-61.620000,0.096125,0.002289,0.002289,0.020598,0.000000,0.000000,0.000000,0.000000,0,0,0,0,0,0,0,0,0,0,0,0.03900146484375,-0.003082275390625,-19.999996,-0.8702036,-57.388916,19.995247,-3.4494313e-19,-3.4494313e-19,-3.4494313e-19,-19.999996,Object notstarted,Object notstarted,Object notstarted,Object notstarted,Object notstarted,Object notstarted,Object notstarted,Object notstarted,Object notstarted
2024-03-18 10:37:58,173.173,__main___datalogs,INFO,JoyConState.NORMAL,17.587500,6.625000,-61.620000,0.096125,-0.002289,-0.002289,0.016021,0.000000,0.000000,0.000000,0.000000,0,0,0,0,0,0,0,0,0,0,0,0.0400390625,-0.001861572265625,-19.999996,-0.8702036,-57.388916,19.995247,-3.4494313e-19,-3.4494313e-19,-3.4494313e-19,-19.999996,Object notstarted,Object notstarted,Object notstarted,Object notstarted,Object notstarted,Object notstarted,Object notstarted,Object notstarted,Object notstarted
2024-03-18 10:37:58,228.228,__main___datalogs,INFO,JoyConState.NORMAL,17.587500,6.625000,-61.620000,0.098413,0.002289,-0.002289,0.020598,0.000000,0.000000,0.000000,0.000000,0,0,0,0,0,0,0,0,0,0,0,0.0400390625,-0.003082275390625,-19.999996,-0.8702036,-57.388916,19.995247,-3.4494313e-19,-3.4494313e-19,-3.4494313e-19,-19.999996,Object notstarted,Object notstarted,Object notstarted,Object notstarted,Object notstarted,Object notstarted,Object notstarted,Object notstarted,Object notstarted
2024-03-18 10:37:58,285.285,__main___datalogs,INFO,JoyConState.NORMAL,17.587500,6.625000,-61.620000,0.098413,0.002289,0.002289,0.020598,0.000000,0.000000,0.000000,0.000000,0,0,0,0,0,0,0,0,0,0,0,0.0379638671875,-0.001861572265625,-19.999996,-0.8702036,-57.388916,19.995247,-3.4494313e-19,-3.4494313e-19,-3.4494313e-19,-19.999996,Object notstarted,Object notstarted,Object notstarted,Object notstarted,Object notstarted,Object notstarted,Object notstarted,Object notstarted,Object notstarted
2024-03-18 10:37:58,341.341,__main___datalogs,INFO,JoyConState.NORMAL,17.587500,6.625000,-61.620000,0.091547,0.002289,-0.002289,0.016021,0.000000,0.000000,0.000000,0.000000,0,0,0,0,0,0,0,0,0,0,0,0.03900146484375,-0.001861572265625,-19.999996,-0.8702036,-57.388916,19.995247,-3.4494313e-19,-3.4494313e-19,-3.4494313e-19,-19.999996,Object notstarted,Object notstarted,Object notstarted,Object notstarted,Object notstarted,Object notstarted,Object notstarted,Object notstarted,Object notstarted
2024-03-18 10:37:58,397.397,__main___datalogs,INFO,JoyConState.NORMAL,17.587500,6.625000,-61.620000,0.096125,0.002289,-0.002289,0.013732,0.000000,0.000000,0.000000,0.000000,0,0,0,0,0,0,0,0,0,0,0,0.041107177734375,-0.003082275390625,-19.999996,-0.8702036,-57.388916,19.995247,-3.4494313e-19,-3.4494313e-19,-3.4494313e-19,-19.999996,Object notstarted,Object notstarted,Object notstarted,Object notstarted,Object notstarted,Object notstarted,Object notstarted,Object notstarted,Object notstarted
2024-03-18 10:37:58,452.452,__main___datalogs,INFO,JoyConState.NORMAL,17.587500,6.625000,-61.620000,0.096125,0.006866,0.002289,0.016021,0.000000,0.000000,0.000000,0.000000,0,0,0,0,0,0,0,0,0,0,0,0.0400390625,-0.001861572265625,-19.999996,-0.8702036,-57.388916,19.995247,-3.4494313e-19,-3.4494313e-19,-3.4494313e-19,-19.999996,Object notstarted,Object notstarted,Object notstarted,Object notstarted,Object notstarted,Object notstarted,Object notstarted,Object notstarted,Object notstarted
2024-03-18 10:37:58,509.509,__main___datalogs,INFO,JoyConState.NORMAL,17.587500,6.625000,-61.620000,0.096125,0.006866,0.002289,0.016021,0.000000,0.000000,0.000000,0.000000,0,0,0,0,0,0,0,0,0,0,0,0.03900146484375,-0.003082275390625,-19.999996,-0.8702036,-57.388916,19.995247,-3.4494313e-19,-3.4494313e-19,-3.4494313e-19,-19.999996,Object notstarted,Object notstarted,Object notstarted,Object notstarted,Object notstarted,Object notstarted,Object notstarted,Object notstarted,Object notstarted
2024-03-18 10:37:58,564.564,__main___datalogs,INFO,JoyConState.NORMAL,17.587500,6.625000,-61.620000,0.098413,0.006866,0.002289,0.016021,0.000000,0.000000,0.000000,0.000000,0,0,0,0,0,0,0,0,0,0,0,0.03900146484375,-0.003082275390625,-19.999996,-0.8702036,-57.388916,19.995247,-3.4494313e-19,-3.4494313e-19,-3.4494313e-19,-19.999996,Object notstarted,Object notstarted,Object notstarted,Object notstarted,Object notstarted,Object notstarted,Object notstarted,Object notstarted,Object notstarted
2024-03-18 10:37:58,620.620,__main___datalogs,INFO,JoyConState.NORMAL,17.587500,6.625000,-61.620000,0.096125,0.002289,0.002289,0.016021,0.000000,0.000000,0.000000,0.000000,0,0,0,0,0,0,0,0,0,0,0,0.0379638671875,-0.004302978515625,-19.999996,-0.8702036,-57.388916,19.995247,-3.4494313e-19,-3.4494313e-19,-3.4494313e-19,-19.999996,Object notstarted,Object notstarted,Object notstarted,Object notstarted,Object notstarted,Object notstarted,Object notstarted,Object notstarted,Object notstarted
2024-03-18 10:37:58,676.676,__main___datalogs,INFO,JoyConState.NORMAL,17.587500,6.625000,-61.620000,0.098413,0.002289,0.002289,0.016021,0.000000,0.000000,0.000000,0.000000,0,0,0,0,0,0,0,0,0,0,0,0.03900146484375,-0.003082275390625,-19.999996,-0.8702036,-57.388916,19.995247,-3.4494313e-19,-3.4494313e-19,-3.4494313e-19,-19.999996,Object notstarted,Object notstarted,Object notstarted,Object notstarted,Object notstarted,Object notstarted,Object notstarted,Object notstarted,Object notstarted
2024-03-18 10:37:58,733.733,__main___datalogs,INFO,JoyConState.NORMAL,17.587500,6.625000,-61.620000,0.098413,0.002289,-0.006866,0.016021,0.000000,0.000000,0.000000,0.000000,0,0,0,0,0,0,0,0,0,0,0,0.0400390625,-0.004302978515625,-19.999996,-0.8702036,-57.388916,19.995247,-3.4494313e-19,-3.4494313e-19,-3.4494313e-19,-19.999996,Object notstarted,Object notstarted,Object notstarted,Object notstarted,Object notstarted,Object notstarted,Object notstarted,Object notstarted,Object notstarted
2024-03-18 10:37:58,804.804,__main___datalogs,INFO,JoyConState.NORMAL,17.587500,6.625000,-61.620000,0.096125,0.002289,-0.002289,0.016021,0.000000,0.000000,0.000000,0.000000,0,0,0,0,0,0,0,0,0,0,0,0.03900146484375,-0.003082275390625,-19.999996,-0.8702036,-57.388916,19.995247,-3.4494313e-19,-3.4494313e-19,-3.4494313e-19,-19.999996,Object notstarted,Object notstarted,Object notstarted,Object notstarted,Object notstarted,Object notstarted,Object notstarted,Object notstarted,Object notstarted
2024-03-18 10:37:58,869.869,__main___datalogs,INFO,JoyConState.NORMAL,17.587500,6.625000,-61.620000,0.098413,0.006866,0.004577,0.016021,0.000000,0.000000,0.000000,0.000000,0,0,0,0,0,0,0,0,0,0,0,0.0379638671875,-0.001861572265625,-19.999996,-0.8702036,-57.388916,19.995247,-3.4494313e-19,-3.4494313e-19,-3.4494313e-19,-19.999996,Object notstarted,Object notstarted,Object notstarted,Object notstarted,Object notstarted,Object notstarted,Object notstarted,Object notstarted,Object notstarted
2024-03-18 10:37:58,924.924,__main___datalogs,INFO,JoyConState.NORMAL,17.587500,6.625000,-61.620000,0.098413,0.002289,0.002289,0.016021,0.000000,0.000000,0.000000,0.000000,0,0,0,0,0,0,0,0,0,0,0,0.03900146484375,-0.001861572265625,-19.999996,-0.8702036,-57.388916,19.995247,-3.4494313e-19,-3.4494313e-19,-3.4494313e-19,-19.999996,Object notstarted,Object notstarted,Object notstarted,Object notstarted,Object notstarted,Object notstarted,Object notstarted,Object notstarted,Object notstarted
2024-03-18 10:37:58,980.980,__main___datalogs,INFO,JoyConState.NORMAL,17.587500,6.625000,-61.620000,0.096125,0.006866,0.002289,0.016021,0.000000,0.000000,0.000000,0.000000,0,0,0,0,0,0,0,0,0,0,0,0.0400390625,-0.004302978515625,-19.999996,-0.8702036,-57.388916,19.995247,-3.4494313e-19,-3.4494313e-19,-3.4494313e-19,-19.999996,Object notstarted,Object notstarted,Object notstarted,Object notstarted,Object notstarted,Object notstarted,Object notstarted,Object notstarted,Object notstarted
2024-03-18 10:37:59,035.035,__main___datalogs,INFO,JoyConState.NORMAL,17.587500,6.625000,-61.620000,0.102991,0.002289,0.002289,0.016021,0.000000,0.000000,0.000000,0.000000,0,0,0,0,0,0,0,0,0,0,0,0.03900146484375,-0.003082275390625,-19.999996,-0.8702036,-57.388916,19.995247,-3.4494313e-19,-3.4494313e-19,-3.4494313e-19,-19.999996,Object notstarted,Object notstarted,Object notstarted,Object notstarted,Object notstarted,Object notstarted,Object notstarted,Object notstarted,Object notstarted
2024-03-18 10:37:59,092.092,__main___datalogs,INFO,JoyConState.NORMAL,17.587500,6.625000,-61.620000,0.098413,0.002289,0.002289,0.020598,0.000000,0.000000,0.000000,0.000000,0,0,0,0,0,0,0,0,0,0,0,0.03900146484375,-0.003082275390625,-19.999996,-0.8702036,-57.388916,19.995247,-3.4494313e-19,-3.4494313e-19,-3.4494313e-19,-19.999996,Object notstarted,Object notstarted,Object notstarted,Object notstarted,Object notstarted,Object notstarted,Object notstarted,Object notstarted,Object notstarted
2024-03-18 10:37:59,146.146,__main___datalogs,INFO,JoyConState.NORMAL,17.587500,6.625000,-61.620000,0.089258,-0.002289,0.002289,0.020598,0.000000,0.000000,0.000000,0.000000,0,0,0,0,0,0,0,0,0,0,0,0.03900146484375,-0.003082275390625,-19.999996,-0.8702036,-57.388916,19.995247,-3.4494313e-19,-3.4494313e-19,-3.4494313e-19,-19.999996,Object notstarted,Object notstarted,Object notstarted,Object notstarted,Object notstarted,Object notstarted,Object notstarted,Object notstarted,Object notstarted
2024-03-18 10:37:59,203.203,__main___datalogs,INFO,JoyConState.NORMAL,17.587500,6.625000,-61.620000,0.091547,0.006866,0.002289,0.020598,0.000000,0.000000,0.000000,0.000000,0,0,0,0,0,0,0,0,0,0,0,0.0379638671875,-0.001861572265625,-19.999996,-0.8702036,-57.388916,19.995247,-3.4494313e-19,-3.4494313e-19,-3.4494313e-19,-19.999996,Object notstarted,Object notstarted,Object notstarted,Object notstarted,Object notstarted,Object notstarted,Object notstarted,Object notstarted,Object notstarted
2024-03-18 10:37:59,259.259,__main___datalogs,INFO,JoyConState.NORMAL,17.587500,6.625000,-61.620000,0.091547,0.006866,0.002289,0.016021,0.000000,0.000000,0.000000,0.000000,0,0,0,0,0,0,0,0,0,0,0,0.03900146484375,-0.003082275390625,-19.999996,-0.8702036,-57.388916,19.995247,-3.4494313e-19,-3.4494313e-19,-3.4494313e-19,-19.999996,Object notstarted,Object notstarted,Object notstarted,Object notstarted,Object notstarted,Object notstarted,Object notstarted,Object notstarted,Object notstarted
2024-03-18 10:37:59,314.314,__main___datalogs,INFO,JoyConState.NORMAL,17.587500,6.625000,-61.620000,0.091547,0.002289,0.002289,0.020598,0.000000,0.000000,0.000000,0.000000,0,0,0,0,0,0,0,0,0,0,0,0.0379638671875,-0.001861572265625,-19.999996,-0.8702036,-57.388916,19.995247,-3.4494313e-19,-3.4494313e-19,-3.4494313e-19,-19.999996,Object notstarted,Object notstarted,Object notstarted,Object notstarted,Object notstarted,Object notstarted,Object notstarted,Object notstarted,Object notstarted
2024-03-18 10:37:59,370.370,__main___datalogs,INFO,JoyConState.NORMAL,17.587500,6.625000,-61.620000,0.098413,0.006866,0.002289,0.016021,0.000000,0.000000,0.000000,0.000000,0,0,0,0,0,0,0,0,0,0,0,0.03900146484375,-0.001861572265625,-19.999996,-0.8702036,-57.388916,19.995247,-3.4494313e-19,-3.4494313e-19,-3.4494313e-19,-19.999996,Object notstarted,Object notstarted,Object notstarted,Object notstarted,Object notstarted,Object notstarted,Object notstarted,Object notstarted,Object notstarted
2024-03-18 10:37:59,427.427,__main___datalogs,INFO,JoyConState.NORMAL,17.587500,6.625000,-61.620000,0.098413,-0.002289,0.002289,0.020598,0.000000,0.000000,0.000000,0.000000,0,0,0,0,0,0,0,0,0,0,0,0.0400390625,-0.0006103515625,-19.999996,-0.8702036,-57.388916,19.995247,-3.4494313e-19,-3.4494313e-19,-3.4494313e-19,-19.999996,Object notstarted,Object notstarted,Object notstarted,Object notstarted,Object notstarted,Object notstarted,Object notstarted,Object notstarted,Object notstarted
2024-03-18 10:37:59,482.482,__main___datalogs,INFO,JoyConState.NORMAL,17.587500,6.625000,-61.620000,0.096125,-0.002289,0.002289,0.020598,0.000000,0.000000,0.000000,0.000000,0,0,0,0,0,0,0,0,0,0,0,0.03900146484375,-0.001861572265625,-19.999996,-0.8702036,-57.388916,19.995247,-3.4494313e-19,-3.4494313e-19,-3.4494313e-19,-19.999996,Object notstarted,Object notstarted,Object notstarted,Object notstarted,Object notstarted,Object notstarted,Object notstarted,Object notstarted,Object notstarted
2024-03-18 10:37:59,539.539,__main___datalogs,INFO,JoyConState.NORMAL,17.587500,6.625000,-61.620000,0.098413,0.002289,0.002289,0.020598,0.000000,0.000000,0.000000,0.000000,0,0,0,0,0,0,0,0,0,0,0,0.0400390625,-0.001861572265625,-19.999996,-0.8702036,-57.388916,19.995247,-3.4494313e-19,-3.4494313e-19,-3.4494313e-19,-19.999996,Object notstarted,Object notstarted,Object notstarted,Object notstarted,Object notstarted,Object notstarted,Object notstarted,Object notstarted,Object notstarted
2024-03-18 10:37:59,594.594,__main___datalogs,INFO,JoyConState.NORMAL,17.587500,6.625000,-61.620000,0.091547,0.002289,0.002289,0.020598,0.000000,0.000000,0.000000,0.000000,0,0,0,0,0,0,0,0,0,0,0,0.0379638671875,-0.003082275390625,-19.999996,-0.8702036,-57.388916,19.995247,-3.4494313e-19,-3.4494313e-19,-3.4494313e-19,-19.999996,Object notstarted,Object notstarted,Object notstarted,Object notstarted,Object notstarted,Object notstarted,Object notstarted,Object notstarted,Object notstarted
2024-03-18 10:37:59,651.651,__main___datalogs,INFO,JoyConState.NORMAL,17.587500,6.625000,-61.620000,0.091547,0.002289,0.002289,0.020598,0.000000,0.000000,0.000000,0.000000,0,0,0,0,0,0,0,0,0,0,0,0.0400390625,-0.004302978515625,-19.999996,-0.8702036,-57.388916,19.995247,-3.4494313e-19,-3.4494313e-19,-3.4494313e-19,-19.999996,Object notstarted,Object notstarted,Object notstarted,Object notstarted,Object notstarted,Object notstarted,Object notstarted,Object notstarted,Object notstarted
2024-03-18 10:37:59,706.706,__main___datalogs,INFO,JoyConState.NORMAL,17.587500,6.625000,-61.620000,0.091547,0.002289,0.002289,0.020598,0.000000,0.000000,0.000000,0.000000,0,0,0,0,0,0,0,0,0,0,0,0.0400390625,-0.003082275390625,-19.999996,-0.8702036,-57.388916,19.995247,-3.4494313e-19,-3.4494313e-19,-3.4494313e-19,-19.999996,Object notstarted,Object notstarted,Object notstarted,Object notstarted,Object notstarted,Object notstarted,Object notstarted,Object notstarted,Object notstarted
2024-03-18 10:37:59,762.762,__main___datalogs,INFO,JoyConState.NORMAL,17.587500,6.625000,-61.620000,0.096125,0.002289,0.002289,0.020598,0.000000,0.000000,0.000000,0.000000,0,0,0,0,0,0,0,0,0,0,0,0.0379638671875,-0.001861572265625,-19.999996,-0.8702036,-57.388916,19.995247,-3.4494313e-19,-3.4494313e-19,-3.4494313e-19,-19.999996,Object notstarted,Object notstarted,Object notstarted,Object notstarted,Object notstarted,Object notstarted,Object notstarted,Object notstarted,Object notstarted
2024-03-18 10:37:59,818.818,__main___datalogs,INFO,JoyConState.NORMAL,17.587500,6.625000,-61.620000,0.091547,0.002289,0.002289,0.016021,0.000000,0.000000,0.000000,0.000000,0,0,0,0,0,0,0,0,0,0,0,0.03900146484375,-0.003082275390625,-19.999996,-0.8702036,-57.388916,19.995247,-3.4494313e-19,-3.4494313e-19,-3.4494313e-19,-19.999996,Object notstarted,Object notstarted,Object notstarted,Object notstarted,Object notstarted,Object notstarted,Object notstarted,Object notstarted,Object notstarted
2024-03-18 10:37:59,890.890,__main___datalogs,INFO,JoyConState.NORMAL,17.587500,6.625000,-61.620000,0.091547,0.006866,0.002289,0.020598,0.000000,0.000000,0.000000,0.000000,0,0,0,0,0,0,0,0,0,0,0,0.0400390625,-0.003082275390625,-19.999996,-0.8702036,-57.388916,19.995247,-3.4494313e-19,-3.4494313e-19,-3.4494313e-19,-19.999996,Object notstarted,Object notstarted,Object notstarted,Object notstarted,Object notstarted,Object notstarted,Object notstarted,Object notstarted,Object notstarted
2024-03-18 10:37:59,967.967,__main___datalogs,INFO,JoyConState.NORMAL,17.587500,6.625000,-61.620000,0.091547,-0.002289,0.002289,0.020598,0.000000,0.000000,0.000000,0.000000,0,0,0,0,0,0,0,0,0,0,0,0.03900146484375,-0.003082275390625,-19.999996,-0.8702036,-57.388916,19.995247,-3.4494313e-19,-3.4494313e-19,-3.4494313e-19,-19.999996,Object notstarted,Object notstarted,Object notstarted,Object notstarted,Object notstarted,Object notstarted,Object notstarted,Object notstarted,Object notstarted
2024-03-18 10:38:00,040.040,__main___datalogs,INFO,JoyConState.NORMAL,17.587500,6.625000,-61.620000,0.096125,0.006866,0.002289,0.020598,0.000000,0.000000,0.000000,0.000000,0,0,0,0,0,0,0,0,0,0,0,0.03900146484375,-0.004302978515625,-19.999996,-0.8702036,-57.388916,19.995247,-3.4494313e-19,-3.4494313e-19,-3.4494313e-19,-19.999996,Object notstarted,Object notstarted,Object notstarted,Object notstarted,Object notstarted,Object notstarted,Object notstarted,Object notstarted,Object notstarted
2024-03-18 10:38:00,111.111,__main___datalogs,INFO,JoyConState.NORMAL,17.587500,6.625000,-61.620000,0.096125,0.006866,0.002289,0.020598,0.000000,0.000000,0.000000,0.000000,0,0,0,0,0,0,0,0,0,0,0,0.03900146484375,-0.003082275390625,-19.999996,-0.8702036,-57.388916,19.995247,-3.4494313e-19,-3.4494313e-19,-3.4494313e-19,-19.999996,Object notstarted,Object notstarted,Object notstarted,Object notstarted,Object notstarted,Object notstarted,Object notstarted,Object notstarted,Object notstarted
2024-03-18 10:38:00,184.184,__main___datalogs,INFO,JoyConState.NORMAL,17.587500,6.625000,-61.620000,0.091547,0.006866,0.002289,0.016021,0.000000,0.000000,0.000000,0.000000,0,0,0,0,0,0,0,0,0,0,0,0.03900146484375,-0.003082275390625,-19.999996,-0.8702036,-57.388916,19.995247,-3.4494313e-19,-3.4494313e-19,-3.4494313e-19,-19.999996,Object notstarted,Object notstarted,Object notstarted,Object notstarted,Object notstarted,Object notstarted,Object notstarted,Object notstarted,Object notstarted
2024-03-18 10:38:00,239.239,__main___datalogs,INFO,JoyConState.NORMAL,17.587500,6.625000,-61.620000,0.098413,0.002289,0.002289,0.016021,0.000000,0.000000,0.000000,0.000000,0,0,0,0,0,0,0,0,0,0,0,0.0379638671875,-0.001861572265625,-19.999996,-0.8702036,-57.388916,19.995247,-3.4494313e-19,-3.4494313e-19,-3.4494313e-19,-19.999996,Object notstarted,Object notstarted,Object notstarted,Object notstarted,Object notstarted,Object notstarted,Object notstarted,Object notstarted,Object notstarted
2024-03-18 10:38:00,295.295,__main___datalogs,INFO,JoyConState.NORMAL,17.587500,6.625000,-61.620000,0.096125,-0.002289,0.002289,0.016021,0.000000,0.000000,0.000000,0.000000,0,0,0,0,0,0,0,0,0,0,0,0.03900146484375,-0.004302978515625,-19.999996,-0.8702036,-57.388916,19.995247,-3.4494313e-19,-3.4494313e-19,-3.4494313e-19,-19.999996,Object notstarted,Object notstarted,Object notstarted,Object notstarted,Object notstarted,Object notstarted,Object notstarted,Object notstarted,Object notstarted
2024-03-18 10:38:00,351.351,__main___datalogs,INFO,JoyConState.NORMAL,17.587500,6.625000,-61.620000,0.096125,0.006866,-0.002289,0.016021,0.000000,0.000000,0.000000,0.000000,0,0,0,0,0,0,0,0,0,0,0,0.03900146484375,-0.003082275390625,-19.999996,-0.8702036,-57.388916,19.995247,-3.4494313e-19,-3.4494313e-19,-3.4494313e-19,-19.999996,Object notstarted,Object notstarted,Object notstarted,Object notstarted,Object notstarted,Object notstarted,Object notstarted,Object notstarted,Object notstarted
2024-03-18 10:38:00,407.407,__main___datalogs,INFO,JoyConState.NORMAL,17.587500,6.625000,-61.620000,0.096125,0.002289,-0.006866,0.016021,0.000000,0.000000,0.000000,0.000000,0,0,0,0,0,0,0,0,0,0,0,0.03900146484375,-0.003082275390625,-19.999996,-0.8702036,-57.388916,19.995247,-3.4494313e-19,-3.4494313e-19,-3.4494313e-19,-19.999996,Object notstarted,Object notstarted,Object notstarted,Object notstarted,Object notstarted,Object notstarted,Object notstarted,Object notstarted,Object notstarted
2024-03-18 10:38:00,462.462,__main___datalogs,INFO,JoyConState.NORMAL,17.587500,6.625000,-61.620000,0.096125,-0.002289,0.002289,0.016021,0.000000,0.000000,0.000000,0.000000,0,0,0,0,0,0,0,0,0,0,0,0.03900146484375,-0.003082275390625,-19.999996,-0.8702036,-57.388916,19.995247,-3.4494313e-19,-3.4494313e-19,-3.4494313e-19,-19.999996,Object notstarted,Object notstarted,Object notstarted,Object notstarted,Object notstarted,Object notstarted,Object notstarted,Object notstarted,Object notstarted
2024-03-18 10:38:00,518.518,__main___datalogs,INFO,JoyConState.NORMAL,17.587500,6.625000,-61.620000,0.096125,0.006866,0.002289,0.020598,0.000000,0.000000,0.000000,0.000000,0,0,0,0,0,0,0,0,0,0,0,0.0400390625,-0.003082275390625,-19.999996,-0.8702036,-57.388916,19.995247,-3.4494313e-19,-3.4494313e-19,-3.4494313e-19,-19.999996,Object notstarted,Object notstarted,Object notstarted,Object notstarted,Object notstarted,Object notstarted,Object notstarted,Object notstarted,Object notstarted
2024-03-18 10:38:00,574.574,__main___datalogs,INFO,JoyConState.NORMAL,17.587500,6.625000,-61.620000,0.096125,0.006866,0.002289,0.020598,0.000000,0.000000,0.000000,0.000000,0,0,0,0,0,0,0,0,0,0,0,0.03900146484375,-0.003082275390625,-19.999996,-0.8702036,-57.388916,19.995247,-3.4494313e-19,-3.4494313e-19,-3.4494313e-19,-19.999996,Object notstarted,Object notstarted,Object notstarted,Object notstarted,Object notstarted,Object notstarted,Object notstarted,Object notstarted,Object notstarted
2024-03-18 10:38:00,630.630,__main___datalogs,INFO,JoyConState.NORMAL,17.587500,6.625000,-61.620000,0.096125,0.002289,0.002289,0.020598,0.000000,0.000000,0.000000,0.000000,0,0,0,0,0,0,0,0,0,0,0,0.03900146484375,-0.003082275390625,-19.999996,-0.8702036,-57.388916,19.995247,-3.4494313e-19,-3.4494313e-19,-3.4494313e-19,-19.999996,Object notstarted,Object notstarted,Object notstarted,Object notstarted,Object notstarted,Object notstarted,Object notstarted,Object notstarted,Object notstarted
2024-03-18 10:38:00,685.685,__main___datalogs,INFO,JoyConState.NORMAL,17.587500,6.625000,-61.620000,0.091547,0.002289,0.002289,0.013732,0.000000,0.000000,0.000000,0.000000,0,0,0,0,0,0,0,0,0,0,0,0.0379638671875,-0.004302978515625,-19.999996,-0.8702036,-57.388916,19.995247,-3.4494313e-19,-3.4494313e-19,-3.4494313e-19,-19.999996,Object notstarted,Object notstarted,Object notstarted,Object notstarted,Object notstarted,Object notstarted,Object notstarted,Object notstarted,Object notstarted
2024-03-18 10:38:00,742.742,__main___datalogs,INFO,JoyConState.NORMAL,17.587500,6.625000,-61.620000,0.091547,0.002289,0.002289,0.013732,0.000000,0.000000,0.000000,0.000000,0,0,0,0,0,0,0,0,0,0,0,0.03900146484375,-0.001861572265625,-19.999996,-0.8702036,-57.388916,19.995247,-3.4494313e-19,-3.4494313e-19,-3.4494313e-19,-19.999996,Object notstarted,Object notstarted,Object notstarted,Object notstarted,Object notstarted,Object notstarted,Object notstarted,Object notstarted,Object notstarted
2024-03-18 10:38:00,797.797,__main___datalogs,INFO,JoyConState.NORMAL,17.587500,6.625000,-61.620000,0.098413,0.002289,0.002289,0.020598,0.000000,0.000000,0.000000,0.000000,0,0,0,0,0,0,0,0,0,0,0,0.0379638671875,-0.001861572265625,-19.999996,-0.8702036,-57.388916,19.995247,-3.4494313e-19,-3.4494313e-19,-3.4494313e-19,-19.999996,Object notstarted,Object notstarted,Object notstarted,Object notstarted,Object notstarted,Object notstarted,Object notstarted,Object notstarted,Object notstarted
2024-03-18 10:38:00,854.854,__main___datalogs,INFO,JoyConState.NORMAL,17.587500,6.625000,-61.620000,0.098413,0.006866,-0.002289,0.020598,0.000000,0.000000,0.000000,0.000000,0,0,0,0,0,0,0,0,0,0,0,0.03900146484375,-0.003082275390625,-19.999996,-0.8702036,-57.388916,19.995247,-3.4494313e-19,-3.4494313e-19,-3.4494313e-19,-19.999996,Object notstarted,Object notstarted,Object notstarted,Object notstarted,Object notstarted,Object notstarted,Object notstarted,Object notstarted,Object notstarted
2024-03-18 10:38:00,925.925,__main___datalogs,INFO,JoyConState.NORMAL,17.587500,6.625000,-61.620000,0.096125,0.006866,0.002289,0.020598,0.000000,0.000000,0.000000,0.000000,0,0,0,0,0,0,0,0,0,0,0,0.0400390625,-0.003082275390625,-19.999996,-0.8702036,-57.388916,19.995247,-3.4494313e-19,-3.4494313e-19,-3.4494313e-19,-19.999996,Object notstarted,Object notstarted,Object notstarted,Object notstarted,Object notstarted,Object notstarted,Object notstarted,Object notstarted,Object notstarted
2024-03-18 10:38:00,990.990,__main___datalogs,INFO,JoyConState.NORMAL,17.587500,6.625000,-61.620000,0.096125,0.006866,-0.002289,0.020598,0.000000,0.000000,0.000000,0.000000,0,0,0,0,0,0,0,0,0,0,0,0.0400390625,-0.004302978515625,-19.999996,-0.8702036,-57.388916,19.995247,-3.4494313e-19,-3.4494313e-19,-3.4494313e-19,-19.999996,Object notstarted,Object notstarted,Object notstarted,Object notstarted,Object notstarted,Object notstarted,Object notstarted,Object notstarted,Object notstarted
2024-03-18 10:38:01,045.045,__main___datalogs,INFO,JoyConState.NORMAL,17.587500,6.625000,-61.620000,0.096125,0.006866,0.002289,0.020598,0.000000,0.000000,0.000000,0.000000,0,0,0,0,0,0,0,0,0,0,0,0.03900146484375,-0.001861572265625,-19.999996,-0.8702036,-57.388916,19.995247,-3.4494313e-19,-3.4494313e-19,-3.4494313e-19,-19.999996,Object notstarted,Object notstarted,Object notstarted,Object notstarted,Object notstarted,Object notstarted,Object notstarted,Object notstarted,Object notstarted
2024-03-18 10:38:01,101.101,__main___datalogs,INFO,JoyConState.NORMAL,17.587500,6.625000,-61.620000,0.096125,0.006866,0.002289,0.016021,0.000000,0.000000,0.000000,0.000000,0,0,0,0,0,0,0,0,0,0,0,0.03900146484375,-0.004302978515625,-19.999996,-0.8702036,-57.388916,19.995247,-3.4494313e-19,-3.4494313e-19,-3.4494313e-19,-19.999996,Object notstarted,Object notstarted,Object notstarted,Object notstarted,Object notstarted,Object notstarted,Object notstarted,Object notstarted,Object notstarted
2024-03-18 10:38:01,157.157,__main___datalogs,INFO,JoyConState.NORMAL,17.587500,6.625000,-61.620000,0.096125,0.002289,0.002289,0.016021,0.000000,0.000000,0.000000,0.000000,0,0,0,0,0,0,0,0,0,0,0,0.0400390625,-0.004302978515625,-19.999996,-0.8702036,-57.388916,19.995247,-3.4494313e-19,-3.4494313e-19,-3.4494313e-19,-19.999996,Object notstarted,Object notstarted,Object notstarted,Object notstarted,Object notstarted,Object notstarted,Object notstarted,Object notstarted,Object notstarted
2024-03-18 10:38:01,213.213,__main___datalogs,INFO,JoyConState.NORMAL,17.587500,6.625000,-61.620000,0.091547,0.002289,0.004577,0.016021,0.000000,0.000000,0.000000,0.000000,0,0,0,0,0,0,0,0,0,0,0,0.0400390625,-0.004302978515625,-19.999996,-0.8702036,-57.388916,19.995247,-3.4494313e-19,-3.4494313e-19,-3.4494313e-19,-19.999996,Object notstarted,Object notstarted,Object notstarted,Object notstarted,Object notstarted,Object notstarted,Object notstarted,Object notstarted,Object notstarted
2024-03-18 10:38:01,269.269,__main___datalogs,INFO,JoyConState.NORMAL,17.587500,6.625000,-61.620000,0.091547,0.002289,0.002289,0.016021,0.000000,0.000000,0.000000,0.000000,0,0,0,0,0,0,0,0,0,0,0,0.03900146484375,-0.004302978515625,-19.999996,-0.8702036,-57.388916,19.995247,-3.4494313e-19,-3.4494313e-19,-3.4494313e-19,-19.999996,Object notstarted,Object notstarted,Object notstarted,Object notstarted,Object notstarted,Object notstarted,Object notstarted,Object notstarted,Object notstarted
2024-03-18 10:38:01,326.326,__main___datalogs,INFO,JoyConState.NORMAL,17.587500,6.625000,-61.620000,0.096125,0.002289,0.002289,0.016021,0.000000,0.000000,0.000000,0.000000,0,0,0,0,0,0,0,0,0,0,0,0.03900146484375,-0.003082275390625,-19.999996,-0.8702036,-57.388916,19.995247,-3.4494313e-19,-3.4494313e-19,-3.4494313e-19,-19.999996,Object notstarted,Object notstarted,Object notstarted,Object notstarted,Object notstarted,Object notstarted,Object notstarted,Object notstarted,Object notstarted
2024-03-18 10:38:01,381.381,__main___datalogs,INFO,JoyConState.NORMAL,17.587500,6.625000,-61.620000,0.096125,0.006866,0.002289,0.016021,0.000000,0.000000,0.000000,0.000000,0,0,0,0,0,0,0,0,0,0,0,0.0379638671875,-0.004302978515625,-19.999996,-0.8702036,-57.388916,19.995247,-3.4494313e-19,-3.4494313e-19,-3.4494313e-19,-19.999996,Object notstarted,Object notstarted,Object notstarted,Object notstarted,Object notstarted,Object notstarted,Object notstarted,Object notstarted,Object notstarted
2024-03-18 10:38:01,437.437,__main___datalogs,INFO,JoyConState.NORMAL,17.587500,6.625000,-61.620000,0.098413,0.002289,-0.002289,0.020598,0.000000,0.000000,0.000000,0.000000,0,0,0,0,0,0,0,0,0,0,0,0.03900146484375,-0.004302978515625,-19.999996,-0.8702036,-57.388916,19.995247,-3.4494313e-19,-3.4494313e-19,-3.4494313e-19,-19.999996,Object notstarted,Object notstarted,Object notstarted,Object notstarted,Object notstarted,Object notstarted,Object notstarted,Object notstarted,Object notstarted
2024-03-18 10:38:01,493.493,__main___datalogs,INFO,JoyConState.NORMAL,17.587500,6.625000,-61.620000,0.098413,0.006866,-0.002289,0.016021,0.000000,0.000000,0.000000,0.000000,0,0,0,0,0,0,0,0,0,0,0,0.0400390625,-0.003082275390625,-19.999996,-0.8702036,-57.388916,19.995247,-3.4494313e-19,-3.4494313e-19,-3.4494313e-19,-19.999996,Object notstarted,Object notstarted,Object notstarted,Object notstarted,Object notstarted,Object notstarted,Object notstarted,Object notstarted,Object notstarted
2024-03-18 10:38:01,549.549,__main___datalogs,INFO,JoyConState.NORMAL,17.587500,6.625000,-61.620000,0.096125,-0.002289,0.002289,0.016021,0.000000,0.000000,0.000000,0.000000,0,0,0,0,0,0,0,0,0,0,0,0.03900146484375,-0.003082275390625,-19.999996,-0.8702036,-57.388916,19.995247,-3.4494313e-19,-3.4494313e-19,-3.4494313e-19,-19.999996,Object notstarted,Object notstarted,Object notstarted,Object notstarted,Object notstarted,Object notstarted,Object notstarted,Object notstarted,Object notstarted
2024-03-18 10:38:01,604.604,__main___datalogs,INFO,JoyConState.NORMAL,17.587500,6.625000,-61.620000,0.098413,-0.002289,0.002289,0.020598,0.000000,0.000000,0.000000,0.000000,0,0,0,0,0,0,0,0,0,0,0,0.03900146484375,-0.004302978515625,-19.999996,-0.8702036,-57.388916,19.995247,-3.4494313e-19,-3.4494313e-19,-3.4494313e-19,-19.999996,Object notstarted,Object notstarted,Object notstarted,Object notstarted,Object notstarted,Object notstarted,Object notstarted,Object notstarted,Object notstarted
2024-03-18 10:38:01,661.661,__main___datalogs,INFO,JoyConState.NORMAL,17.587500,6.625000,-61.620000,0.098413,0.002289,0.002289,0.020598,0.000000,0.000000,0.000000,0.000000,0,0,0,0,0,0,0,0,0,0,0,0.03900146484375,-0.004302978515625,-19.999996,-0.8702036,-57.388916,19.995247,-3.4494313e-19,-3.4494313e-19,-3.4494313e-19,-19.999996,Object notstarted,Object notstarted,Object notstarted,Object notstarted,Object notstarted,Object notstarted,Object notstarted,Object notstarted,Object notstarted
2024-03-18 10:38:01,716.716,__main___datalogs,INFO,JoyConState.NORMAL,17.587500,6.625000,-61.620000,0.096125,0.006866,0.002289,0.020598,0.000000,0.000000,0.000000,0.000000,0,0,0,0,0,0,0,0,0,0,0,0.03900146484375,-0.003082275390625,-19.999996,-0.8702036,-57.388916,19.995247,-3.4494313e-19,-3.4494313e-19,-3.4494313e-19,-19.999996,Object notstarted,Object notstarted,Object notstarted,Object notstarted,Object notstarted,Object notstarted,Object notstarted,Object notstarted,Object notstarted
2024-03-18 10:38:01,773.773,__main___datalogs,INFO,JoyConState.NORMAL,17.587500,6.625000,-61.620000,0.096125,0.006866,0.002289,0.016021,0.000000,0.000000,0.000000,0.000000,0,0,0,0,0,0,0,0,0,0,0,0.03900146484375,-0.003082275390625,-19.999996,-0.8702036,-57.388916,19.995247,-3.4494313e-19,-3.4494313e-19,-3.4494313e-19,-19.999996,Object notstarted,Object notstarted,Object notstarted,Object notstarted,Object notstarted,Object notstarted,Object notstarted,Object notstarted,Object notstarted
2024-03-18 10:38:01,828.828,__main___datalogs,INFO,JoyConState.NORMAL,17.587500,6.625000,-61.620000,0.096125,0.002289,0.002289,0.016021,0.000000,0.000000,0.000000,0.000000,0,0,0,0,0,0,0,0,0,0,0,0.03900146484375,-0.004302978515625,-19.999996,-0.8702036,-57.388916,19.995247,-3.4494313e-19,-3.4494313e-19,-3.4494313e-19,-19.999996,Object notstarted,Object notstarted,Object notstarted,Object notstarted,Object notstarted,Object notstarted,Object notstarted,Object notstarted,Object notstarted
2024-03-18 10:38:01,884.884,__main___datalogs,INFO,JoyConState.NORMAL,17.587500,6.625000,-61.620000,0.096125,0.006866,0.002289,0.020598,0.000000,0.000000,0.000000,0.000000,0,0,0,0,0,0,0,0,0,0,0,0.03900146484375,-0.003082275390625,-19.999996,-0.8702036,-57.388916,19.995247,-3.4494313e-19,-3.4494313e-19,-3.4494313e-19,-19.999996,Object notstarted,Object notstarted,Object notstarted,Object notstarted,Object notstarted,Object notstarted,Object notstarted,Object notstarted,Object notstarted
2024-03-18 10:38:01,939.939,__main___datalogs,INFO,JoyConState.NORMAL,17.587500,6.625000,-61.620000,0.096125,0.006866,0.002289,0.020598,0.000000,0.000000,0.000000,0.000000,0,0,0,0,0,0,0,0,0,0,0,0.0400390625,-0.003082275390625,-19.999996,-0.8702036,-57.388916,19.995247,-3.4494313e-19,-3.4494313e-19,-3.4494313e-19,-19.999996,Object notstarted,Object notstarted,Object notstarted,Object notstarted,Object notstarted,Object notstarted,Object notstarted,Object notstarted,Object notstarted
2024-03-18 10:38:02,012.012,__main___datalogs,INFO,JoyConState.NORMAL,17.587500,6.625000,-61.620000,0.096125,0.006866,0.002289,0.020598,0.000000,0.000000,0.000000,0.000000,0,0,0,0,0,0,0,0,0,0,0,0.03900146484375,-0.001861572265625,-19.999996,-0.8702036,-57.388916,19.995247,-3.4494313e-19,-3.4494313e-19,-3.4494313e-19,-19.999996,Object notstarted,Object notstarted,Object notstarted,Object notstarted,Object notstarted,Object notstarted,Object notstarted,Object notstarted,Object notstarted
2024-03-18 10:38:02,090.090,__main___datalogs,INFO,JoyConState.NORMAL,17.587500,6.625000,-61.620000,0.098413,0.002289,0.002289,0.020598,0.000000,0.000000,0.000000,0.000000,0,0,0,0,0,0,0,0,0,0,0,0.0400390625,-0.003082275390625,-19.999996,-0.8702036,-57.388916,19.995247,-3.4494313e-19,-3.4494313e-19,-3.4494313e-19,-19.999996,Object notstarted,Object notstarted,Object notstarted,Object notstarted,Object notstarted,Object notstarted,Object notstarted,Object notstarted,Object notstarted
2024-03-18 10:38:02,146.146,__main___datalogs,INFO,JoyConState.NORMAL,17.587500,6.625000,-61.620000,0.096125,0.006866,0.002289,0.016021,0.000000,0.000000,0.000000,0.000000,0,0,0,0,0,0,0,0,0,0,0,0.0379638671875,-0.003082275390625,-19.999996,-0.8702036,-57.388916,19.995247,-3.4494313e-19,-3.4494313e-19,-3.4494313e-19,-19.999996,Object notstarted,Object notstarted,Object notstarted,Object notstarted,Object notstarted,Object notstarted,Object notstarted,Object notstarted,Object notstarted
2024-03-18 10:38:02,201.201,__main___datalogs,INFO,JoyConState.NORMAL,17.587500,6.625000,-61.620000,0.096125,0.006866,-0.002289,0.020598,0.000000,0.000000,0.000000,0.000000,0,0,0,0,0,0,0,0,0,0,0,0.03900146484375,-0.001861572265625,-19.999996,-0.8702036,-57.388916,19.995247,-3.4494313e-19,-3.4494313e-19,-3.4494313e-19,-19.999996,Object notstarted,Object notstarted,Object notstarted,Object notstarted,Object notstarted,Object notstarted,Object notstarted,Object notstarted,Object notstarted
2024-03-18 10:38:02,258.258,__main___datalogs,INFO,JoyConState.NORMAL,17.587500,6.625000,-61.620000,0.098413,0.002289,0.002289,0.020598,0.000000,0.000000,0.000000,0.000000,0,0,0,0,0,0,0,0,0,0,0,0.03900146484375,-0.003082275390625,-19.999996,-0.8702036,-57.388916,19.995247,-3.4494313e-19,-3.4494313e-19,-3.4494313e-19,-19.999996,Object notstarted,Object notstarted,Object notstarted,Object notstarted,Object notstarted,Object notstarted,Object notstarted,Object notstarted,Object notstarted
2024-03-18 10:38:02,313.313,__main___datalogs,INFO,JoyConState.NORMAL,17.587500,6.625000,-61.620000,0.098413,0.006866,0.002289,0.020598,0.000000,0.000000,0.000000,0.000000,0,0,0,0,0,0,0,0,0,0,0,0.03900146484375,-0.003082275390625,-19.999996,-0.8702036,-57.388916,19.995247,-3.4494313e-19,-3.4494313e-19,-3.4494313e-19,-19.999996,Object notstarted,Object notstarted,Object notstarted,Object notstarted,Object notstarted,Object notstarted,Object notstarted,Object notstarted,Object notstarted
2024-03-18 10:38:02,370.370,__main___datalogs,INFO,JoyConState.NORMAL,17.587500,6.625000,-61.620000,0.096125,-0.002289,0.002289,0.016021,0.000000,0.000000,0.000000,0.000000,0,0,0,0,0,0,0,0,0,0,0,0.03900146484375,-0.003082275390625,-19.999996,-0.8702036,-57.388916,19.995247,-3.4494313e-19,-3.4494313e-19,-3.4494313e-19,-19.999996,Object notstarted,Object notstarted,Object notstarted,Object notstarted,Object notstarted,Object notstarted,Object notstarted,Object notstarted,Object notstarted
2024-03-18 10:38:02,425.425,__main___datalogs,INFO,JoyConState.NORMAL,17.587500,6.625000,-61.620000,0.098413,0.002289,0.002289,0.016021,0.000000,0.000000,0.000000,0.000000,0,0,0,0,0,0,0,0,0,0,0,0.0379638671875,-0.003082275390625,-19.999996,-0.8702036,-57.388916,19.995247,-3.4494313e-19,-3.4494313e-19,-3.4494313e-19,-19.999996,Object notstarted,Object notstarted,Object notstarted,Object notstarted,Object notstarted,Object notstarted,Object notstarted,Object notstarted,Object notstarted
2024-03-18 10:38:02,482.482,__main___datalogs,INFO,JoyConState.NORMAL,17.587500,6.625000,-61.620000,0.096125,-0.002289,0.002289,0.016021,0.000000,0.000000,0.000000,0.000000,0,0,0,0,0,0,0,0,0,0,0,0.03900146484375,-0.003082275390625,-19.999996,-0.8702036,-57.388916,19.995247,-3.4494313e-19,-3.4494313e-19,-3.4494313e-19,-19.999996,Object notstarted,Object notstarted,Object notstarted,Object notstarted,Object notstarted,Object notstarted,Object notstarted,Object notstarted,Object notstarted
2024-03-18 10:38:02,537.537,__main___datalogs,INFO,JoyConState.NORMAL,17.587500,6.625000,-61.620000,0.091547,0.006866,0.002289,0.016021,0.000000,0.000000,0.000000,0.000000,0,0,0,0,0,0,0,0,0,0,0,0.0400390625,-0.004302978515625,-19.999996,-0.8702036,-57.388916,19.995247,-3.4494313e-19,-3.4494313e-19,-3.4494313e-19,-19.999996,Object notstarted,Object notstarted,Object notstarted,Object notstarted,Object notstarted,Object notstarted,Object notstarted,Object notstarted,Object notstarted
2024-03-18 10:38:02,594.594,__main___datalogs,INFO,JoyConState.NORMAL,17.587500,6.625000,-61.620000,0.096125,0.006866,-0.002289,0.016021,0.000000,0.000000,0.000000,0.000000,0,0,0,0,0,0,0,0,0,0,0,0.0379638671875,-0.003082275390625,-19.999996,-0.8702036,-57.388916,19.995247,-3.4494313e-19,-3.4494313e-19,-3.4494313e-19,-19.999996,Object notstarted,Object notstarted,Object notstarted,Object notstarted,Object notstarted,Object notstarted,Object notstarted,Object notstarted,Object notstarted
2024-03-18 10:38:02,649.649,__main___datalogs,INFO,JoyConState.NORMAL,17.587500,6.625000,-61.620000,0.098413,0.002289,-0.002289,0.020598,0.000000,0.000000,0.000000,0.000000,0,0,0,0,0,0,0,0,0,0,0,0.0379638671875,-0.003082275390625,-19.999996,-0.8702036,-57.388916,19.995247,-3.4494313e-19,-3.4494313e-19,-3.4494313e-19,-19.999996,Object notstarted,Object notstarted,Object notstarted,Object notstarted,Object notstarted,Object notstarted,Object notstarted,Object notstarted,Object notstarted
2024-03-18 10:38:02,706.706,__main___datalogs,INFO,JoyConState.NORMAL,17.587500,6.625000,-61.620000,0.098413,0.002289,0.002289,0.020598,0.000000,0.000000,0.000000,0.000000,0,0,0,0,0,0,0,0,0,0,0,0.0400390625,-0.001861572265625,-19.999996,-0.8702036,-57.388916,19.995247,-3.4494313e-19,-3.4494313e-19,-3.4494313e-19,-19.999996,Object notstarted,Object notstarted,Object notstarted,Object notstarted,Object notstarted,Object notstarted,Object notstarted,Object notstarted,Object notstarted
2024-03-18 10:38:02,760.760,__main___datalogs,INFO,JoyConState.NORMAL,17.587500,6.625000,-61.620000,0.096125,0.006866,0.002289,0.016021,0.000000,0.000000,0.000000,0.000000,0,0,0,0,0,0,0,0,0,0,0,0.03900146484375,-0.001861572265625,-19.999996,-0.8702036,-57.388916,19.995247,-3.4494313e-19,-3.4494313e-19,-3.4494313e-19,-19.999996,Object notstarted,Object notstarted,Object notstarted,Object notstarted,Object notstarted,Object notstarted,Object notstarted,Object notstarted,Object notstarted
2024-03-18 10:38:02,817.817,__main___datalogs,INFO,JoyConState.NORMAL,17.587500,6.625000,-61.620000,0.098413,0.006866,0.004577,0.020598,0.000000,0.000000,0.000000,0.000000,0,0,0,0,0,0,0,0,0,0,0,0.03900146484375,-0.003082275390625,-19.999996,-0.8702036,-57.388916,19.995247,-3.4494313e-19,-3.4494313e-19,-3.4494313e-19,-19.999996,Object notstarted,Object notstarted,Object notstarted,Object notstarted,Object notstarted,Object notstarted,Object notstarted,Object notstarted,Object notstarted
2024-03-18 10:38:02,872.872,__main___datalogs,INFO,JoyConState.NORMAL,17.587500,6.625000,-61.620000,0.096125,0.006866,0.002289,0.020598,0.000000,0.000000,0.000000,0.000000,0,0,0,0,0,0,0,0,0,0,0,0.03900146484375,-0.003082275390625,-19.999996,-0.8702036,-57.388916,19.995247,-3.4494313e-19,-3.4494313e-19,-3.4494313e-19,-19.999996,Object notstarted,Object notstarted,Object notstarted,Object notstarted,Object notstarted,Object notstarted,Object notstarted,Object notstarted,Object notstarted
2024-03-18 10:38:02,929.929,__main___datalogs,INFO,JoyConState.NORMAL,17.587500,6.625000,-61.620000,0.096125,0.006866,0.002289,0.020598,0.000000,0.000000,0.000000,0.000000,0,0,0,0,0,0,0,0,0,0,0,0.03900146484375,-0.003082275390625,-19.999996,-0.8702036,-57.388916,19.995247,-3.4494313e-19,-3.4494313e-19,-3.4494313e-19,-19.999996,Object notstarted,Object notstarted,Object notstarted,Object notstarted,Object notstarted,Object notstarted,Object notstarted,Object notstarted,Object notstarted
2024-03-18 10:38:02,985.985,__main___datalogs,INFO,JoyConState.NORMAL,17.587500,6.625000,-61.620000,0.098413,0.002289,0.004577,0.016021,0.000000,0.000000,0.000000,0.000000,0,0,0,0,0,0,0,0,0,0,0,0.03900146484375,-0.0006103515625,-19.999996,-0.8702036,-57.388916,19.995247,-3.4494313e-19,-3.4494313e-19,-3.4494313e-19,-19.999996,Object notstarted,Object notstarted,Object notstarted,Object notstarted,Object notstarted,Object notstarted,Object notstarted,Object notstarted,Object notstarted
2024-03-18 10:38:03,056.056,__main___datalogs,INFO,JoyConState.NORMAL,17.587500,6.625000,-61.620000,0.096125,0.002289,0.002289,0.020598,0.000000,0.000000,0.000000,0.000000,0,0,0,0,0,0,0,0,0,0,0,0.03900146484375,-0.003082275390625,-19.999996,-0.8702036,-57.388916,19.995247,-3.4494313e-19,-3.4494313e-19,-3.4494313e-19,-19.999996,Object notstarted,Object notstarted,Object notstarted,Object notstarted,Object notstarted,Object notstarted,Object notstarted,Object notstarted,Object notstarted
2024-03-18 10:38:03,140.140,__main___datalogs,INFO,JoyConState.NORMAL,17.587500,6.625000,-61.620000,0.096125,0.006866,0.002289,0.020598,0.000000,0.000000,0.000000,0.000000,0,0,0,0,0,0,0,0,0,0,0,0.03900146484375,-0.003082275390625,-19.999996,-0.8702036,-57.388916,19.995247,-3.4494313e-19,-3.4494313e-19,-3.4494313e-19,-19.999996,Object notstarted,Object notstarted,Object notstarted,Object notstarted,Object notstarted,Object notstarted,Object notstarted,Object notstarted,Object notstarted
2024-03-18 10:38:03,197.197,__main___datalogs,INFO,JoyConState.NORMAL,17.587500,6.625000,-61.620000,0.096125,0.002289,0.004577,0.020598,0.000000,0.000000,0.000000,0.000000,0,0,0,0,0,0,0,0,0,0,0,0.0400390625,-0.003082275390625,-19.999996,-0.8702036,-57.388916,19.995247,-3.4494313e-19,-3.4494313e-19,-3.4494313e-19,-19.999996,Object notstarted,Object notstarted,Object notstarted,Object notstarted,Object notstarted,Object notstarted,Object notstarted,Object notstarted,Object notstarted
2024-03-18 10:38:03,252.252,__main___datalogs,INFO,JoyConState.NORMAL,17.587500,6.625000,-61.620000,0.098413,0.006866,-0.002289,0.020598,0.000000,0.000000,0.000000,0.000000,0,0,0,0,0,0,0,0,0,0,0,0.03900146484375,-0.004302978515625,-19.999996,-0.8702036,-57.388916,19.995247,-3.4494313e-19,-3.4494313e-19,-3.4494313e-19,-19.999996,Object notstarted,Object notstarted,Object notstarted,Object notstarted,Object notstarted,Object notstarted,Object notstarted,Object notstarted,Object notstarted
2024-03-18 10:38:03,308.308,__main___datalogs,INFO,JoyConState.NORMAL,17.587500,6.625000,-61.620000,0.096125,0.002289,-0.002289,0.020598,0.000000,0.000000,0.000000,0.000000,0,0,0,0,0,0,0,0,0,0,0,0.03900146484375,-0.004302978515625,-19.999996,-0.8702036,-57.388916,19.995247,-3.4494313e-19,-3.4494313e-19,-3.4494313e-19,-19.999996,Object notstarted,Object notstarted,Object notstarted,Object notstarted,Object notstarted,Object notstarted,Object notstarted,Object notstarted,Object notstarted
2024-03-18 10:38:03,364.364,__main___datalogs,INFO,JoyConState.NORMAL,17.587500,6.625000,-61.620000,0.096125,0.006866,-0.002289,0.016021,0.000000,0.000000,0.000000,0.000000,0,0,0,0,0,0,0,0,0,0,0,0.03900146484375,-0.003082275390625,-19.999996,-0.8702036,-57.388916,19.995247,-3.4494313e-19,-3.4494313e-19,-3.4494313e-19,-19.999996,Object notstarted,Object notstarted,Object notstarted,Object notstarted,Object notstarted,Object notstarted,Object notstarted,Object notstarted,Object notstarted
2024-03-18 10:38:03,437.437,__main___datalogs,INFO,JoyConState.NORMAL,17.587500,6.625000,-61.620000,0.098413,0.002289,-0.002289,0.016021,0.000000,0.000000,0.000000,0.000000,0,0,0,0,0,0,0,0,0,0,0,0.03900146484375,-0.003082275390625,-19.999996,-0.8702036,-57.388916,19.995247,-3.4494313e-19,-3.4494313e-19,-3.4494313e-19,-19.999996,Object notstarted,Object notstarted,Object notstarted,Object notstarted,Object notstarted,Object notstarted,Object notstarted,Object notstarted,Object notstarted
2024-03-18 10:38:03,508.508,__main___datalogs,INFO,JoyConState.NORMAL,17.587500,6.625000,-61.620000,0.098413,0.006866,0.002289,0.020598,0.000000,0.000000,0.000000,0.000000,0,0,0,0,0,0,0,0,0,0,0,0.03900146484375,-0.004302978515625,-19.999996,-0.8702036,-57.388916,19.995247,-3.4494313e-19,-3.4494313e-19,-3.4494313e-19,-19.999996,Object notstarted,Object notstarted,Object notstarted,Object notstarted,Object notstarted,Object notstarted,Object notstarted,Object notstarted,Object notstarted
2024-03-18 10:38:03,566.566,__main___datalogs,INFO,JoyConState.NORMAL,17.587500,6.625000,-61.620000,0.096125,0.002289,0.002289,0.020598,0.000000,0.000000,0.000000,0.000000,0,0,0,0,0,0,0,0,0,0,0,0.03900146484375,-0.004302978515625,-19.999996,-0.8702036,-57.388916,19.995247,-3.4494313e-19,-3.4494313e-19,-3.4494313e-19,-19.999996,Object notstarted,Object notstarted,Object notstarted,Object notstarted,Object notstarted,Object notstarted,Object notstarted,Object notstarted,Object notstarted
2024-03-18 10:38:03,622.622,__main___datalogs,INFO,JoyConState.NORMAL,17.587500,6.625000,-61.620000,0.096125,0.002289,0.002289,0.020598,0.000000,0.000000,0.000000,0.000000,0,0,0,0,0,0,0,0,0,0,0,0.03900146484375,-0.004302978515625,-19.999996,-0.8702036,-57.388916,19.995247,-3.4494313e-19,-3.4494313e-19,-3.4494313e-19,-19.999996,Object notstarted,Object notstarted,Object notstarted,Object notstarted,Object notstarted,Object notstarted,Object notstarted,Object notstarted,Object notstarted
2024-03-18 10:38:03,679.679,__main___datalogs,INFO,JoyConState.NORMAL,17.587500,6.625000,-61.620000,0.096125,-0.002289,0.002289,0.020598,0.000000,0.000000,0.000000,0.000000,0,0,0,0,0,0,0,0,0,0,0,0.0400390625,-0.004302978515625,-19.999996,-0.8702036,-57.388916,19.995247,-3.4494313e-19,-3.4494313e-19,-3.4494313e-19,-19.999996,Object notstarted,Object notstarted,Object notstarted,Object notstarted,Object notstarted,Object notstarted,Object notstarted,Object notstarted,Object notstarted
2024-03-18 10:38:03,733.733,__main___datalogs,INFO,JoyConState.NORMAL,17.587500,6.625000,-61.620000,0.096125,0.002289,0.002289,0.020598,0.000000,0.000000,0.000000,0.000000,0,0,0,0,0,0,0,0,0,0,0,0.03900146484375,-0.003082275390625,-19.999996,-0.8702036,-57.388916,19.995247,-3.4494313e-19,-3.4494313e-19,-3.4494313e-19,-19.999996,Object notstarted,Object notstarted,Object notstarted,Object notstarted,Object notstarted,Object notstarted,Object notstarted,Object notstarted,Object notstarted
2024-03-18 10:38:03,790.790,__main___datalogs,INFO,JoyConState.NORMAL,17.587500,6.625000,-61.620000,0.098413,0.006866,0.002289,0.020598,0.000000,0.000000,0.000000,0.000000,0,0,0,0,0,0,0,0,0,0,0,0.03900146484375,-0.003082275390625,-19.999996,-0.8702036,-57.388916,19.995247,-3.4494313e-19,-3.4494313e-19,-3.4494313e-19,-19.999996,Object notstarted,Object notstarted,Object notstarted,Object notstarted,Object notstarted,Object notstarted,Object notstarted,Object notstarted,Object notstarted
2024-03-18 10:38:03,846.846,__main___datalogs,INFO,JoyConState.NORMAL,17.587500,6.625000,-61.620000,0.098413,0.006866,0.002289,0.020598,0.000000,0.000000,0.000000,0.000000,0,0,0,0,0,0,0,0,0,0,0,0.0400390625,-0.003082275390625,-19.999996,-0.8702036,-57.388916,19.995247,-3.4494313e-19,-3.4494313e-19,-3.4494313e-19,-19.999996,Object notstarted,Object notstarted,Object notstarted,Object notstarted,Object notstarted,Object notstarted,Object notstarted,Object notstarted,Object notstarted
2024-03-18 10:38:03,902.902,__main___datalogs,INFO,JoyConState.NORMAL,17.587500,6.625000,-61.620000,0.096125,0.006866,0.002289,0.020598,0.000000,0.000000,0.000000,0.000000,0,0,0,0,0,0,0,0,0,0,0,0.03900146484375,-0.001861572265625,-19.999996,-0.8702036,-57.388916,19.995247,-3.4494313e-19,-3.4494313e-19,-3.4494313e-19,-19.999996,Object notstarted,Object notstarted,Object notstarted,Object notstarted,Object notstarted,Object notstarted,Object notstarted,Object notstarted,Object notstarted
2024-03-18 10:38:03,957.957,__main___datalogs,INFO,JoyConState.NORMAL,17.587500,6.625000,-61.620000,0.091547,0.002289,-0.002289,0.020598,0.000000,0.000000,0.000000,0.000000,0,0,0,0,0,0,0,0,0,0,0,0.03900146484375,-0.003082275390625,-19.999996,-0.8702036,-57.388916,19.995247,-3.4494313e-19,-3.4494313e-19,-3.4494313e-19,-19.999996,Object notstarted,Object notstarted,Object notstarted,Object notstarted,Object notstarted,Object notstarted,Object notstarted,Object notstarted,Object notstarted
2024-03-18 10:38:04,014.014,__main___datalogs,INFO,JoyConState.NORMAL,17.587500,6.625000,-61.620000,0.098413,0.002289,-0.002289,0.020598,0.000000,0.000000,0.000000,0.000000,0,0,0,0,0,0,0,0,0,0,0,0.03900146484375,-0.004302978515625,-19.999996,-0.8702036,-57.388916,19.995247,-3.4494313e-19,-3.4494313e-19,-3.4494313e-19,-19.999996,Object notstarted,Object notstarted,Object notstarted,Object notstarted,Object notstarted,Object notstarted,Object notstarted,Object notstarted,Object notstarted
2024-03-18 10:38:04,069.069,__main___datalogs,INFO,JoyConState.NORMAL,17.587500,6.625000,-61.620000,0.098413,0.006866,-0.006866,0.020598,0.000000,0.000000,0.000000,0.000000,0,0,0,0,0,0,0,0,0,0,0,0.041107177734375,-0.004302978515625,-19.999996,-0.8702036,-57.388916,19.995247,-3.4494313e-19,-3.4494313e-19,-3.4494313e-19,-19.999996,Object notstarted,Object notstarted,Object notstarted,Object notstarted,Object notstarted,Object notstarted,Object notstarted,Object notstarted,Object notstarted
2024-03-18 10:38:04,141.141,__main___datalogs,INFO,JoyConState.NORMAL,17.587500,6.625000,-61.620000,0.096125,0.006866,0.004577,0.020598,0.000000,0.000000,0.000000,0.000000,0,0,0,0,0,0,0,0,0,0,0,0.03900146484375,-0.003082275390625,-19.999996,-0.8702036,-57.388916,19.995247,-3.4494313e-19,-3.4494313e-19,-3.4494313e-19,-19.999996,Object notstarted,Object notstarted,Object notstarted,Object notstarted,Object notstarted,Object notstarted,Object notstarted,Object notstarted,Object notstarted
2024-03-18 10:38:04,217.217,__main___datalogs,INFO,JoyConState.NORMAL,17.587500,6.625000,-61.620000,0.098413,-0.002289,0.004577,0.020598,0.000000,0.000000,0.000000,0.000000,0,0,0,0,0,0,0,0,0,0,0,0.03900146484375,-0.003082275390625,-19.999996,-0.8702036,-57.388916,19.995247,-3.4494313e-19,-3.4494313e-19,-3.4494313e-19,-19.999996,Object notstarted,Object notstarted,Object notstarted,Object notstarted,Object notstarted,Object notstarted,Object notstarted,Object notstarted,Object notstarted
2024-03-18 10:38:04,274.274,__main___datalogs,INFO,JoyConState.NORMAL,17.587500,6.625000,-61.620000,0.091547,0.002289,0.002289,0.016021,0.000000,0.000000,0.000000,0.000000,0,0,0,0,0,0,0,0,0,0,0,0.03900146484375,-0.004302978515625,-19.999996,-0.8702036,-57.388916,19.995247,-3.4494313e-19,-3.4494313e-19,-3.4494313e-19,-19.999996,Object notstarted,Object notstarted,Object notstarted,Object notstarted,Object notstarted,Object notstarted,Object notstarted,Object notstarted,Object notstarted
2024-03-18 10:38:04,330.330,__main___datalogs,INFO,JoyConState.NORMAL,17.587500,6.625000,-61.620000,0.091547,0.002289,0.002289,0.020598,0.000000,0.000000,0.000000,0.000000,0,0,0,0,0,0,0,0,0,0,0,0.03900146484375,-0.004302978515625,-19.999996,-0.8702036,-57.388916,19.995247,-3.4494313e-19,-3.4494313e-19,-3.4494313e-19,-19.999996,Object notstarted,Object notstarted,Object notstarted,Object notstarted,Object notstarted,Object notstarted,Object notstarted,Object notstarted,Object notstarted
2024-03-18 10:38:04,387.387,__main___datalogs,INFO,JoyConState.NORMAL,17.587500,6.625000,-61.620000,0.096125,0.002289,0.002289,0.020598,0.000000,0.000000,0.000000,0.000000,0,0,0,0,0,0,0,0,0,0,0,0.03900146484375,-0.004302978515625,-19.999996,-0.8702036,-57.388916,19.995247,-3.4494313e-19,-3.4494313e-19,-3.4494313e-19,-19.999996,Object notstarted,Object notstarted,Object notstarted,Object notstarted,Object notstarted,Object notstarted,Object notstarted,Object notstarted,Object notstarted
2024-03-18 10:38:04,441.441,__main___datalogs,INFO,JoyConState.NORMAL,17.587500,6.625000,-61.620000,0.096125,0.002289,0.002289,0.020598,0.000000,0.000000,0.000000,0.000000,0,0,0,0,0,0,0,0,0,0,0,0.0379638671875,-0.004302978515625,-19.999996,-0.8702036,-57.388916,19.995247,-3.4494313e-19,-3.4494313e-19,-3.4494313e-19,-19.999996,Object notstarted,Object notstarted,Object notstarted,Object notstarted,Object notstarted,Object notstarted,Object notstarted,Object notstarted,Object notstarted
2024-03-18 10:38:04,498.498,__main___datalogs,INFO,JoyConState.NORMAL,17.587500,6.625000,-61.620000,0.096125,0.006866,0.002289,0.020598,0.000000,0.000000,0.000000,0.000000,0,0,0,0,0,0,0,0,0,0,0,0.03900146484375,-0.004302978515625,-19.999996,-0.8702036,-57.388916,19.995247,-3.4494313e-19,-3.4494313e-19,-3.4494313e-19,-19.999996,Object notstarted,Object notstarted,Object notstarted,Object notstarted,Object notstarted,Object notstarted,Object notstarted,Object notstarted,Object notstarted
2024-03-18 10:38:04,553.553,__main___datalogs,INFO,JoyConState.NORMAL,17.587500,6.625000,-61.620000,0.096125,0.006866,0.002289,0.020598,0.000000,0.000000,0.000000,0.000000,0,0,0,0,0,0,0,0,0,0,0,0.03900146484375,-0.003082275390625,-19.999996,-0.8702036,-57.388916,19.995247,-3.4494313e-19,-3.4494313e-19,-3.4494313e-19,-19.999996,Object notstarted,Object notstarted,Object notstarted,Object notstarted,Object notstarted,Object notstarted,Object notstarted,Object notstarted,Object notstarted
2024-03-18 10:38:04,610.610,__main___datalogs,INFO,JoyConState.NORMAL,17.587500,6.625000,-61.620000,0.096125,0.006866,0.002289,0.020598,0.000000,0.000000,0.000000,0.000000,0,0,0,0,0,0,0,0,0,0,0,0.03900146484375,-0.003082275390625,-19.999996,-0.8702036,-57.388916,19.995247,-3.4494313e-19,-3.4494313e-19,-3.4494313e-19,-19.999996,Object notstarted,Object notstarted,Object notstarted,Object notstarted,Object notstarted,Object notstarted,Object notstarted,Object notstarted,Object notstarted
2024-03-18 10:38:04,665.665,__main___datalogs,INFO,JoyConState.NORMAL,17.587500,6.625000,-61.620000,0.091547,0.006866,0.004577,0.020598,0.000000,0.000000,0.000000,0.000000,0,0,0,0,0,0,0,0,0,0,0,0.0400390625,-0.004302978515625,-19.999996,-0.8702036,-57.388916,19.995247,-3.4494313e-19,-3.4494313e-19,-3.4494313e-19,-19.999996,Object notstarted,Object notstarted,Object notstarted,Object notstarted,Object notstarted,Object notstarted,Object notstarted,Object notstarted,Object notstarted
2024-03-18 10:38:04,722.722,__main___datalogs,INFO,JoyConState.NORMAL,17.587500,6.625000,-61.620000,0.091547,0.002289,0.002289,0.020598,0.000000,0.000000,0.000000,0.000000,0,0,0,0,0,0,0,0,0,0,0,0.0379638671875,-0.004302978515625,-19.999996,-0.8702036,-57.388916,19.995247,-3.4494313e-19,-3.4494313e-19,-3.4494313e-19,-19.999996,Object notstarted,Object notstarted,Object notstarted,Object notstarted,Object notstarted,Object notstarted,Object notstarted,Object notstarted,Object notstarted
2024-03-18 10:38:04,778.778,__main___datalogs,INFO,JoyConState.NORMAL,17.587500,6.625000,-61.620000,0.096125,-0.002289,0.002289,0.020598,0.000000,0.000000,0.000000,0.000000,0,0,0,0,0,0,0,0,0,0,0,0.03900146484375,-0.004302978515625,-19.999996,-0.8702036,-57.388916,19.995247,-3.4494313e-19,-3.4494313e-19,-3.4494313e-19,-19.999996,Object notstarted,Object notstarted,Object notstarted,Object notstarted,Object notstarted,Object notstarted,Object notstarted,Object notstarted,Object notstarted
2024-03-18 10:38:04,834.834,__main___datalogs,INFO,JoyConState.NORMAL,17.587500,6.625000,-61.620000,0.091547,0.002289,0.002289,0.016021,0.000000,0.000000,0.000000,0.000000,0,0,0,0,0,0,0,0,0,0,0,0.03900146484375,-0.003082275390625,-19.999996,-0.8702036,-57.388916,19.995247,-3.4494313e-19,-3.4494313e-19,-3.4494313e-19,-19.999996,Object notstarted,Object notstarted,Object notstarted,Object notstarted,Object notstarted,Object notstarted,Object notstarted,Object notstarted,Object notstarted
2024-03-18 10:38:04,890.890,__main___datalogs,INFO,JoyConState.NORMAL,17.587500,6.625000,-61.620000,0.096125,0.006866,0.002289,0.016021,0.000000,0.000000,0.000000,0.000000,0,0,0,0,0,0,0,0,0,0,0,0.0379638671875,-0.001861572265625,-19.999996,-0.8702036,-57.388916,19.995247,-3.4494313e-19,-3.4494313e-19,-3.4494313e-19,-19.999996,Object notstarted,Object notstarted,Object notstarted,Object notstarted,Object notstarted,Object notstarted,Object notstarted,Object notstarted,Object notstarted
2024-03-18 10:38:04,945.945,__main___datalogs,INFO,JoyConState.NORMAL,17.587500,6.625000,-61.620000,0.096125,0.006866,0.002289,0.020598,0.000000,0.000000,0.000000,0.000000,0,0,0,0,0,0,0,0,0,0,0,0.041107177734375,-0.003082275390625,-19.999996,-0.8702036,-57.388916,19.995247,-3.4494313e-19,-3.4494313e-19,-3.4494313e-19,-19.999996,Object notstarted,Object notstarted,Object notstarted,Object notstarted,Object notstarted,Object notstarted,Object notstarted,Object notstarted,Object notstarted
2024-03-18 10:38:05,001.001,__main___datalogs,INFO,JoyConState.NORMAL,17.587500,6.625000,-61.620000,0.096125,0.006866,0.002289,0.020598,0.000000,0.000000,0.000000,0.000000,0,0,0,0,0,0,0,0,0,0,0,0.03900146484375,-0.001861572265625,-19.999996,-0.8702036,-57.388916,19.995247,-3.4494313e-19,-3.4494313e-19,-3.4494313e-19,-19.999996,Object notstarted,Object notstarted,Object notstarted,Object notstarted,Object notstarted,Object notstarted,Object notstarted,Object notstarted,Object notstarted
2024-03-18 10:38:05,057.057,__main___datalogs,INFO,JoyConState.NORMAL,17.587500,6.625000,-61.620000,0.091547,0.006866,0.002289,0.016021,0.000000,0.000000,0.000000,0.000000,0,0,0,0,0,0,0,0,0,0,0,0.03900146484375,-0.004302978515625,-19.999996,-0.8702036,-57.388916,19.995247,-3.4494313e-19,-3.4494313e-19,-3.4494313e-19,-19.999996,Object notstarted,Object notstarted,Object notstarted,Object notstarted,Object notstarted,Object notstarted,Object notstarted,Object notstarted,Object notstarted
2024-03-18 10:38:05,112.112,__main___datalogs,INFO,JoyConState.NORMAL,17.587500,6.625000,-61.620000,0.096125,0.006866,0.002289,0.020598,0.000000,0.000000,0.000000,0.000000,0,0,0,0,0,0,0,0,0,0,0,0.03900146484375,-0.003082275390625,-19.999996,-0.8702036,-57.388916,19.995247,-3.4494313e-19,-3.4494313e-19,-3.4494313e-19,-19.999996,Object notstarted,Object notstarted,Object notstarted,Object notstarted,Object notstarted,Object notstarted,Object notstarted,Object notstarted,Object notstarted
2024-03-18 10:38:05,184.184,__main___datalogs,INFO,JoyConState.NORMAL,17.587500,6.625000,-61.620000,0.098413,0.006866,0.002289,0.020598,0.000000,0.000000,0.000000,0.000000,0,0,0,0,0,0,0,0,0,0,0,0.0400390625,-0.001861572265625,-19.999996,-0.8702036,-57.388916,19.995247,-3.4494313e-19,-3.4494313e-19,-3.4494313e-19,-19.999996,Object notstarted,Object notstarted,Object notstarted,Object notstarted,Object notstarted,Object notstarted,Object notstarted,Object notstarted,Object notstarted
2024-03-18 10:38:05,269.269,__main___datalogs,INFO,JoyConState.NORMAL,17.587500,6.625000,-61.620000,0.091547,0.006866,0.002289,0.016021,0.000000,0.000000,0.000000,0.000000,0,0,0,0,0,0,0,0,0,0,0,0.03900146484375,-0.004302978515625,-19.999996,-0.8702036,-57.388916,19.995247,-3.4494313e-19,-3.4494313e-19,-3.4494313e-19,-19.999996,Object notstarted,Object notstarted,Object notstarted,Object notstarted,Object notstarted,Object notstarted,Object notstarted,Object notstarted,Object notstarted
2024-03-18 10:38:05,325.325,__main___datalogs,INFO,JoyConState.NORMAL,17.587500,6.625000,-61.620000,0.098413,0.002289,0.002289,0.020598,0.000000,0.000000,0.000000,0.000000,0,0,0,0,0,0,0,0,0,0,0,0.041107177734375,-0.004302978515625,-19.999996,-0.8702036,-57.388916,19.995247,-3.4494313e-19,-3.4494313e-19,-3.4494313e-19,-19.999996,Object notstarted,Object notstarted,Object notstarted,Object notstarted,Object notstarted,Object notstarted,Object notstarted,Object notstarted,Object notstarted
2024-03-18 10:38:05,380.380,__main___datalogs,INFO,JoyConState.NORMAL,17.587500,6.625000,-61.620000,0.098413,0.006866,0.002289,0.016021,0.000000,0.000000,0.000000,0.000000,0,0,0,0,0,0,0,0,0,0,0,0.0379638671875,-0.003082275390625,-19.999996,-0.8702036,-57.388916,19.995247,-3.4494313e-19,-3.4494313e-19,-3.4494313e-19,-19.999996,Object notstarted,Object notstarted,Object notstarted,Object notstarted,Object notstarted,Object notstarted,Object notstarted,Object notstarted,Object notstarted
2024-03-18 10:38:05,437.437,__main___datalogs,INFO,JoyConState.NORMAL,17.587500,6.625000,-61.620000,0.096125,0.006866,0.002289,0.020598,0.000000,0.000000,0.000000,0.000000,0,0,0,0,0,0,0,0,0,0,0,0.0379638671875,-0.004302978515625,-19.999996,-0.8702036,-57.388916,19.995247,-3.4494313e-19,-3.4494313e-19,-3.4494313e-19,-19.999996,Object notstarted,Object notstarted,Object notstarted,Object notstarted,Object notstarted,Object notstarted,Object notstarted,Object notstarted,Object notstarted
2024-03-18 10:38:05,492.492,__main___datalogs,INFO,JoyConState.NORMAL,17.587500,6.625000,-61.620000,0.096125,0.002289,0.002289,0.016021,0.000000,0.000000,0.000000,0.000000,0,0,0,0,0,0,0,0,0,0,0,0.03900146484375,-0.004302978515625,-19.999996,-0.8702036,-57.388916,19.995247,-3.4494313e-19,-3.4494313e-19,-3.4494313e-19,-19.999996,Object notstarted,Object notstarted,Object notstarted,Object notstarted,Object notstarted,Object notstarted,Object notstarted,Object notstarted,Object notstarted
2024-03-18 10:38:05,549.549,__main___datalogs,INFO,JoyConState.NORMAL,17.587500,6.625000,-61.620000,0.096125,0.002289,0.002289,0.020598,0.000000,0.000000,0.000000,0.000000,0,0,0,0,0,0,0,0,0,0,0,0.03900146484375,-0.001861572265625,-19.999996,-0.8702036,-57.388916,19.995247,-3.4494313e-19,-3.4494313e-19,-3.4494313e-19,-19.999996,Object notstarted,Object notstarted,Object notstarted,Object notstarted,Object notstarted,Object notstarted,Object notstarted,Object notstarted,Object notstarted
2024-03-18 10:38:05,604.604,__main___datalogs,INFO,JoyConState.NORMAL,17.587500,6.625000,-61.620000,0.096125,0.002289,0.002289,0.020598,0.000000,0.000000,0.000000,0.000000,0,0,0,0,0,0,0,0,0,0,0,0.0400390625,-0.004302978515625,-19.999996,-0.8702036,-57.388916,19.995247,-3.4494313e-19,-3.4494313e-19,-3.4494313e-19,-19.999996,Object notstarted,Object notstarted,Object notstarted,Object notstarted,Object notstarted,Object notstarted,Object notstarted,Object notstarted,Object notstarted
2024-03-18 10:38:05,661.661,__main___datalogs,INFO,JoyConState.NORMAL,17.587500,6.625000,-61.620000,0.096125,-0.002289,0.002289,0.020598,0.000000,0.000000,0.000000,0.000000,0,0,0,0,0,0,0,0,0,0,0,0.03900146484375,-0.003082275390625,-19.999996,-0.8702036,-57.388916,19.995247,-3.4494313e-19,-3.4494313e-19,-3.4494313e-19,-19.999996,Object notstarted,Object notstarted,Object notstarted,Object notstarted,Object notstarted,Object notstarted,Object notstarted,Object notstarted,Object notstarted
2024-03-18 10:38:05,716.716,__main___datalogs,INFO,JoyConState.NORMAL,17.587500,6.625000,-61.620000,0.091547,0.002289,0.002289,0.016021,0.000000,0.000000,0.000000,0.000000,0,0,0,0,0,0,0,0,0,0,0,0.0400390625,-0.003082275390625,-19.999996,-0.8702036,-57.388916,19.995247,-3.4494313e-19,-3.4494313e-19,-3.4494313e-19,-19.999996,Object notstarted,Object notstarted,Object notstarted,Object notstarted,Object notstarted,Object notstarted,Object notstarted,Object notstarted,Object notstarted
2024-03-18 10:38:05,773.773,__main___datalogs,INFO,JoyConState.NORMAL,17.587500,6.625000,-61.620000,0.096125,0.002289,0.002289,0.020598,0.000000,0.000000,0.000000,0.000000,0,0,0,0,0,0,0,0,0,0,0,0.0379638671875,-0.003082275390625,-19.999996,-0.8702036,-57.388916,19.995247,-3.4494313e-19,-3.4494313e-19,-3.4494313e-19,-19.999996,Object notstarted,Object notstarted,Object notstarted,Object notstarted,Object notstarted,Object notstarted,Object notstarted,Object notstarted,Object notstarted
2024-03-18 10:38:05,828.828,__main___datalogs,INFO,JoyConState.NORMAL,17.587500,6.625000,-61.620000,0.096125,0.002289,0.002289,0.020598,0.000000,0.000000,0.000000,0.000000,0,0,0,0,0,0,0,0,0,0,0,0.0400390625,-0.001861572265625,-19.999996,-0.8702036,-57.388916,19.995247,-3.4494313e-19,-3.4494313e-19,-3.4494313e-19,-19.999996,Object notstarted,Object notstarted,Object notstarted,Object notstarted,Object notstarted,Object notstarted,Object notstarted,Object notstarted,Object notstarted
2024-03-18 10:38:05,885.885,__main___datalogs,INFO,JoyConState.NORMAL,17.587500,6.625000,-61.620000,0.096125,0.006866,0.004577,0.020598,0.000000,0.000000,0.000000,0.000000,0,0,0,0,0,0,0,0,0,0,0,0.03900146484375,-0.003082275390625,-19.999996,-0.8702036,-57.388916,19.995247,-3.4494313e-19,-3.4494313e-19,-3.4494313e-19,-19.999996,Object notstarted,Object notstarted,Object notstarted,Object notstarted,Object notstarted,Object notstarted,Object notstarted,Object notstarted,Object notstarted
2024-03-18 10:38:05,939.939,__main___datalogs,INFO,JoyConState.NORMAL,17.587500,6.625000,-61.620000,0.098413,0.002289,0.002289,0.020598,0.000000,0.000000,0.000000,0.000000,0,0,0,0,0,0,0,0,0,0,0,0.0379638671875,-0.001861572265625,-19.999996,-0.8702036,-57.388916,19.995247,-3.4494313e-19,-3.4494313e-19,-3.4494313e-19,-19.999996,Object notstarted,Object notstarted,Object notstarted,Object notstarted,Object notstarted,Object notstarted,Object notstarted,Object notstarted,Object notstarted
2024-03-18 10:38:05,996.996,__main___datalogs,INFO,JoyConState.NORMAL,17.587500,6.625000,-61.620000,0.098413,0.002289,0.002289,0.020598,0.000000,0.000000,0.000000,0.000000,0,0,0,0,0,0,0,0,0,0,0,0.0400390625,-0.001861572265625,-19.999996,-0.8702036,-57.388916,19.995247,-3.4494313e-19,-3.4494313e-19,-3.4494313e-19,-19.999996,Object notstarted,Object notstarted,Object notstarted,Object notstarted,Object notstarted,Object notstarted,Object notstarted,Object notstarted,Object notstarted
2024-03-18 10:38:06,051.051,__main___datalogs,INFO,JoyConState.NORMAL,17.587500,6.625000,-61.620000,0.098413,0.006866,0.002289,0.016021,0.000000,0.000000,0.000000,0.000000,0,0,0,0,0,0,0,0,0,0,0,0.03900146484375,-0.004302978515625,-19.999996,-0.8702036,-57.388916,19.995247,-3.4494313e-19,-3.4494313e-19,-3.4494313e-19,-19.999996,Object notstarted,Object notstarted,Object notstarted,Object notstarted,Object notstarted,Object notstarted,Object notstarted,Object notstarted,Object notstarted
2024-03-18 10:38:06,108.108,__main___datalogs,INFO,JoyConState.NORMAL,17.587500,6.625000,-61.620000,0.098413,0.002289,0.002289,0.020598,0.000000,0.000000,0.000000,0.000000,0,0,0,0,0,0,0,0,0,0,0,0.03900146484375,-0.004302978515625,-19.999996,-0.8702036,-57.388916,19.995247,-3.4494313e-19,-3.4494313e-19,-3.4494313e-19,-19.999996,Object notstarted,Object notstarted,Object notstarted,Object notstarted,Object notstarted,Object notstarted,Object notstarted,Object notstarted,Object notstarted
2024-03-18 10:38:06,163.163,__main___datalogs,INFO,JoyConState.NORMAL,17.587500,6.625000,-61.620000,0.096125,0.006866,0.002289,0.020598,0.000000,0.000000,0.000000,0.000000,0,0,0,0,0,0,0,0,0,0,0,0.0400390625,-0.003082275390625,-19.999996,-0.8702036,-57.388916,19.995247,-3.4494313e-19,-3.4494313e-19,-3.4494313e-19,-19.999996,Object notstarted,Object notstarted,Object notstarted,Object notstarted,Object notstarted,Object notstarted,Object notstarted,Object notstarted,Object notstarted
2024-03-18 10:38:06,236.236,__main___datalogs,INFO,JoyConState.NORMAL,17.587500,6.625000,-61.620000,0.096125,0.002289,0.002289,0.020598,0.000000,0.000000,0.000000,0.000000,0,0,0,0,0,0,0,0,0,0,0,0.03900146484375,-0.003082275390625,-19.999996,-0.8702036,-57.388916,19.995247,-3.4494313e-19,-3.4494313e-19,-3.4494313e-19,-19.999996,Object notstarted,Object notstarted,Object notstarted,Object notstarted,Object notstarted,Object notstarted,Object notstarted,Object notstarted,Object notstarted
2024-03-18 10:38:06,312.312,__main___datalogs,INFO,JoyConState.NORMAL,17.587500,6.625000,-61.620000,0.096125,0.002289,0.002289,0.020598,0.000000,0.000000,0.000000,0.000000,0,0,0,0,0,0,0,0,0,0,0,0.0379638671875,-0.003082275390625,-19.999996,-0.8702036,-57.388916,19.995247,-3.4494313e-19,-3.4494313e-19,-3.4494313e-19,-19.999996,Object notstarted,Object notstarted,Object notstarted,Object notstarted,Object notstarted,Object notstarted,Object notstarted,Object notstarted,Object notstarted
2024-03-18 10:38:06,369.369,__main___datalogs,INFO,JoyConState.NORMAL,17.587500,6.625000,-61.620000,0.096125,0.006866,0.002289,0.016021,0.000000,0.000000,0.000000,0.000000,0,0,0,0,0,0,0,0,0,0,0,0.03900146484375,-0.004302978515625,-19.999996,-0.8702036,-57.388916,19.995247,-3.4494313e-19,-3.4494313e-19,-3.4494313e-19,-19.999996,Object notstarted,Object notstarted,Object notstarted,Object notstarted,Object notstarted,Object notstarted,Object notstarted,Object notstarted,Object notstarted
2024-03-18 10:38:06,424.424,__main___datalogs,INFO,JoyConState.NORMAL,17.587500,6.625000,-61.620000,0.096125,0.002289,-0.002289,0.020598,0.000000,0.000000,0.000000,0.000000,0,0,0,0,0,0,0,0,0,0,0,0.03900146484375,-0.003082275390625,-19.999996,-0.8702036,-57.388916,19.995247,-3.4494313e-19,-3.4494313e-19,-3.4494313e-19,-19.999996,Object notstarted,Object notstarted,Object notstarted,Object notstarted,Object notstarted,Object notstarted,Object notstarted,Object notstarted,Object notstarted
2024-03-18 10:38:06,481.481,__main___datalogs,INFO,JoyConState.NORMAL,17.587500,6.625000,-61.620000,0.096125,0.002289,-0.002289,0.020598,0.000000,0.000000,0.000000,0.000000,0,0,0,0,0,0,0,0,0,0,0,0.0400390625,-0.003082275390625,-19.999996,-0.8702036,-57.388916,19.995247,-3.4494313e-19,-3.4494313e-19,-3.4494313e-19,-19.999996,Object notstarted,Object notstarted,Object notstarted,Object notstarted,Object notstarted,Object notstarted,Object notstarted,Object notstarted,Object notstarted
2024-03-18 10:38:06,536.536,__main___datalogs,INFO,JoyConState.NORMAL,17.587500,6.625000,-61.620000,0.096125,0.006866,0.002289,0.016021,0.000000,0.000000,0.000000,0.000000,0,0,0,0,0,0,0,0,0,0,0,0.03900146484375,-0.004302978515625,-19.999996,-0.8702036,-57.388916,19.995247,-3.4494313e-19,-3.4494313e-19,-3.4494313e-19,-19.999996,Object notstarted,Object notstarted,Object notstarted,Object notstarted,Object notstarted,Object notstarted,Object notstarted,Object notstarted,Object notstarted
2024-03-18 10:38:06,592.592,__main___datalogs,INFO,JoyConState.NORMAL,17.587500,6.625000,-61.620000,0.096125,0.002289,0.002289,0.020598,0.000000,0.000000,0.000000,0.000000,0,0,0,0,0,0,0,0,0,0,0,0.0379638671875,-0.004302978515625,-19.999996,-0.8702036,-57.388916,19.995247,-3.4494313e-19,-3.4494313e-19,-3.4494313e-19,-19.999996,Object notstarted,Object notstarted,Object notstarted,Object notstarted,Object notstarted,Object notstarted,Object notstarted,Object notstarted,Object notstarted
2024-03-18 10:38:06,648.648,__main___datalogs,INFO,JoyConState.NORMAL,17.587500,6.625000,-61.620000,0.098413,0.006866,0.002289,0.020598,0.000000,0.000000,0.000000,0.000000,0,0,0,0,0,0,0,0,0,0,0,0.0400390625,-0.004302978515625,-19.999996,-0.8702036,-57.388916,19.995247,-3.4494313e-19,-3.4494313e-19,-3.4494313e-19,-19.999996,Object notstarted,Object notstarted,Object notstarted,Object notstarted,Object notstarted,Object notstarted,Object notstarted,Object notstarted,Object notstarted
2024-03-18 10:38:06,705.705,__main___datalogs,INFO,JoyConState.NORMAL,17.587500,6.625000,-61.620000,0.098413,0.006866,0.002289,0.025176,0.000000,0.000000,0.000000,0.000000,0,0,0,0,0,0,0,0,0,0,0,0.03900146484375,-0.003082275390625,-19.999996,-0.8702036,-57.388916,19.995247,-3.4494313e-19,-3.4494313e-19,-3.4494313e-19,-19.999996,Object notstarted,Object notstarted,Object notstarted,Object notstarted,Object notstarted,Object notstarted,Object notstarted,Object notstarted,Object notstarted
2024-03-18 10:38:06,760.760,__main___datalogs,INFO,JoyConState.NORMAL,17.587500,6.625000,-61.620000,0.098413,0.006866,-0.002289,0.020598,0.000000,0.000000,0.000000,0.000000,0,0,0,0,0,0,0,0,0,0,0,0.0379638671875,-0.004302978515625,-19.999996,-0.8702036,-57.388916,19.995247,-3.4494313e-19,-3.4494313e-19,-3.4494313e-19,-19.999996,Object notstarted,Object notstarted,Object notstarted,Object notstarted,Object notstarted,Object notstarted,Object notstarted,Object notstarted,Object notstarted
2024-03-18 10:38:06,817.817,__main___datalogs,INFO,JoyConState.NORMAL,17.587500,6.625000,-61.620000,0.098413,0.002289,0.002289,0.016021,0.000000,0.000000,0.000000,0.000000,0,0,0,0,0,0,0,0,0,0,0,0.0400390625,-0.004302978515625,-19.999996,-0.8702036,-57.388916,19.995247,-3.4494313e-19,-3.4494313e-19,-3.4494313e-19,-19.999996,Object notstarted,Object notstarted,Object notstarted,Object notstarted,Object notstarted,Object notstarted,Object notstarted,Object notstarted,Object notstarted
2024-03-18 10:38:06,872.872,__main___datalogs,INFO,JoyConState.NORMAL,17.587500,6.625000,-61.620000,0.096125,0.002289,0.002289,0.016021,0.000000,0.000000,0.000000,0.000000,0,0,0,0,0,0,0,0,0,0,0,0.0379638671875,-0.004302978515625,-19.999996,-0.8702036,-57.388916,19.995247,-3.4494313e-19,-3.4494313e-19,-3.4494313e-19,-19.999996,Object notstarted,Object notstarted,Object notstarted,Object notstarted,Object notstarted,Object notstarted,Object notstarted,Object notstarted,Object notstarted
2024-03-18 10:38:06,928.928,__main___datalogs,INFO,JoyConState.NORMAL,17.587500,6.625000,-61.620000,0.098413,0.002289,0.002289,0.016021,0.000000,0.000000,0.000000,0.000000,0,0,0,0,0,0,0,0,0,0,0,0.03900146484375,-0.003082275390625,-19.999996,-0.8702036,-57.388916,19.995247,-3.4494313e-19,-3.4494313e-19,-3.4494313e-19,-19.999996,Object notstarted,Object notstarted,Object notstarted,Object notstarted,Object notstarted,Object notstarted,Object notstarted,Object notstarted,Object notstarted
2024-03-18 10:38:06,984.984,__main___datalogs,INFO,JoyConState.NORMAL,17.587500,6.625000,-61.620000,0.096125,0.006866,0.002289,0.020598,0.000000,0.000000,0.000000,0.000000,0,0,0,0,0,0,0,0,0,0,0,0.03900146484375,-0.001861572265625,-19.999996,-0.8702036,-57.388916,19.995247,-3.4494313e-19,-3.4494313e-19,-3.4494313e-19,-19.999996,Object notstarted,Object notstarted,Object notstarted,Object notstarted,Object notstarted,Object notstarted,Object notstarted,Object notstarted,Object notstarted
2024-03-18 10:38:07,040.040,__main___datalogs,INFO,JoyConState.NORMAL,17.587500,6.625000,-61.620000,0.096125,0.006866,0.002289,0.020598,0.000000,0.000000,0.000000,0.000000,0,0,0,0,0,0,0,0,0,0,0,0.03900146484375,-0.003082275390625,-19.999996,-0.8702036,-57.388916,19.995247,-3.4494313e-19,-3.4494313e-19,-3.4494313e-19,-19.999996,Object notstarted,Object notstarted,Object notstarted,Object notstarted,Object notstarted,Object notstarted,Object notstarted,Object notstarted,Object notstarted
2024-03-18 10:38:07,095.095,__main___datalogs,INFO,JoyConState.NORMAL,17.587500,6.625000,-61.620000,0.096125,0.006866,0.002289,0.020598,0.000000,0.000000,0.000000,0.000000,0,0,0,0,0,0,0,0,0,0,0,0.03900146484375,-0.001861572265625,-19.999996,-0.8702036,-57.388916,19.995247,-3.4494313e-19,-3.4494313e-19,-3.4494313e-19,-19.999996,Object notstarted,Object notstarted,Object notstarted,Object notstarted,Object notstarted,Object notstarted,Object notstarted,Object notstarted,Object notstarted
2024-03-18 10:38:07,151.151,__main___datalogs,INFO,JoyConState.NORMAL,17.587500,6.625000,-61.620000,0.098413,0.002289,0.004577,0.020598,0.000000,0.000000,0.000000,0.000000,0,0,0,0,0,0,0,0,0,0,0,0.03900146484375,-0.003082275390625,-19.999996,-0.8702036,-57.388916,19.995247,-3.4494313e-19,-3.4494313e-19,-3.4494313e-19,-19.999996,Object notstarted,Object notstarted,Object notstarted,Object notstarted,Object notstarted,Object notstarted,Object notstarted,Object notstarted,Object notstarted
2024-03-18 10:38:07,206.206,__main___datalogs,INFO,JoyConState.NORMAL,17.587500,6.625000,-61.620000,0.096125,0.006866,-0.002289,0.020598,0.000000,0.000000,0.000000,0.000000,0,0,0,0,0,0,0,0,0,0,0,0.0400390625,-0.004302978515625,-19.999996,-0.8702036,-57.388916,19.995247,-3.4494313e-19,-3.4494313e-19,-3.4494313e-19,-19.999996,Object notstarted,Object notstarted,Object notstarted,Object notstarted,Object notstarted,Object notstarted,Object notstarted,Object notstarted,Object notstarted
2024-03-18 10:38:07,263.263,__main___datalogs,INFO,JoyConState.NORMAL,17.587500,6.625000,-61.620000,0.096125,0.002289,0.002289,0.020598,0.000000,0.000000,0.000000,0.000000,0,0,0,0,0,0,0,0,0,0,0,0.0400390625,-0.003082275390625,-19.999996,-0.8702036,-57.388916,19.995247,-3.4494313e-19,-3.4494313e-19,-3.4494313e-19,-19.999996,Object notstarted,Object notstarted,Object notstarted,Object notstarted,Object notstarted,Object notstarted,Object notstarted,Object notstarted,Object notstarted
2024-03-18 10:38:07,334.334,__main___datalogs,INFO,JoyConState.NORMAL,17.587500,6.625000,-61.620000,0.096125,0.002289,0.002289,0.020598,0.000000,0.000000,0.000000,0.000000,0,0,0,0,0,0,0,0,0,0,0,0.0400390625,-0.003082275390625,-19.999996,-0.8702036,-57.388916,19.995247,-3.4494313e-19,-3.4494313e-19,-3.4494313e-19,-19.999996,Object notstarted,Object notstarted,Object notstarted,Object notstarted,Object notstarted,Object notstarted,Object notstarted,Object notstarted,Object notstarted
2024-03-18 10:38:07,397.397,__main___datalogs,INFO,JoyConState.NORMAL,17.587500,6.625000,-61.620000,0.098413,0.006866,0.002289,0.020598,0.000000,0.000000,0.000000,0.000000,0,0,0,0,0,0,0,0,0,0,0,0.03900146484375,-0.001861572265625,-19.999996,-0.8702036,-57.388916,19.995247,-3.4494313e-19,-3.4494313e-19,-3.4494313e-19,-19.999996,Object notstarted,Object notstarted,Object notstarted,Object notstarted,Object notstarted,Object notstarted,Object notstarted,Object notstarted,Object notstarted
2024-03-18 10:38:07,453.453,__main___datalogs,INFO,JoyConState.NORMAL,17.587500,6.625000,-61.620000,0.096125,0.006866,0.002289,0.020598,0.000000,0.000000,0.000000,0.000000,0,0,0,0,0,0,0,0,0,0,0,0.0400390625,-0.004302978515625,-19.999996,-0.8702036,-57.388916,19.995247,-3.4494313e-19,-3.4494313e-19,-3.4494313e-19,-19.999996,Object notstarted,Object notstarted,Object notstarted,Object notstarted,Object notstarted,Object notstarted,Object notstarted,Object notstarted,Object notstarted
2024-03-18 10:38:07,510.510,__main___datalogs,INFO,JoyConState.NORMAL,17.587500,6.625000,-61.620000,0.096125,0.002289,0.002289,0.020598,0.000000,0.000000,0.000000,0.000000,0,0,0,0,0,0,0,0,0,0,0,0.041107177734375,-0.003082275390625,-19.999996,-0.8702036,-57.388916,19.995247,-3.4494313e-19,-3.4494313e-19,-3.4494313e-19,-19.999996,Object notstarted,Object notstarted,Object notstarted,Object notstarted,Object notstarted,Object notstarted,Object notstarted,Object notstarted,Object notstarted
2024-03-18 10:38:07,565.565,__main___datalogs,INFO,JoyConState.NORMAL,17.587500,6.625000,-61.620000,0.096125,0.002289,0.002289,0.020598,0.000000,0.000000,0.000000,0.000000,0,0,0,0,0,0,0,0,0,0,0,0.03900146484375,-0.001861572265625,-19.999996,-0.8702036,-57.388916,19.995247,-3.4494313e-19,-3.4494313e-19,-3.4494313e-19,-19.999996,Object notstarted,Object notstarted,Object notstarted,Object notstarted,Object notstarted,Object notstarted,Object notstarted,Object notstarted,Object notstarted
2024-03-18 10:38:07,622.622,__main___datalogs,INFO,JoyConState.NORMAL,17.587500,6.625000,-61.620000,0.096125,0.006866,0.002289,0.016021,0.000000,0.000000,0.000000,0.000000,0,0,0,0,0,0,0,0,0,0,0,0.03900146484375,-0.004302978515625,-19.999996,-0.8702036,-57.388916,19.995247,-3.4494313e-19,-3.4494313e-19,-3.4494313e-19,-19.999996,Object notstarted,Object notstarted,Object notstarted,Object notstarted,Object notstarted,Object notstarted,Object notstarted,Object notstarted,Object notstarted
2024-03-18 10:38:07,676.676,__main___datalogs,INFO,JoyConState.NORMAL,17.587500,6.625000,-61.620000,0.096125,0.006866,0.002289,0.016021,0.000000,0.000000,0.000000,0.000000,0,0,0,0,0,0,0,0,0,0,0,0.03900146484375,-0.001861572265625,-19.999996,-0.8702036,-57.388916,19.995247,-3.4494313e-19,-3.4494313e-19,-3.4494313e-19,-19.999996,Object notstarted,Object notstarted,Object notstarted,Object notstarted,Object notstarted,Object notstarted,Object notstarted,Object notstarted,Object notstarted
2024-03-18 10:38:07,733.733,__main___datalogs,INFO,JoyConState.NORMAL,17.587500,6.625000,-61.620000,0.096125,0.006866,0.002289,0.020598,0.000000,0.000000,0.000000,0.000000,0,0,0,0,0,0,0,0,0,0,0,0.03900146484375,-0.003082275390625,-19.999996,-0.8702036,-57.388916,19.995247,-3.4494313e-19,-3.4494313e-19,-3.4494313e-19,-19.999996,Object notstarted,Object notstarted,Object notstarted,Object notstarted,Object notstarted,Object notstarted,Object notstarted,Object notstarted,Object notstarted
2024-03-18 10:38:07,789.789,__main___datalogs,INFO,JoyConState.NORMAL,17.587500,6.625000,-61.620000,0.096125,0.002289,0.002289,0.020598,0.000000,0.000000,0.000000,0.000000,0,0,0,0,0,0,0,0,0,0,0,0.03900146484375,-0.003082275390625,-19.999996,-0.8702036,-57.388916,19.995247,-3.4494313e-19,-3.4494313e-19,-3.4494313e-19,-19.999996,Object notstarted,Object notstarted,Object notstarted,Object notstarted,Object notstarted,Object notstarted,Object notstarted,Object notstarted,Object notstarted
2024-03-18 10:38:07,845.845,__main___datalogs,INFO,JoyConState.NORMAL,17.587500,6.625000,-61.620000,0.091547,0.002289,0.002289,0.020598,0.000000,0.000000,0.000000,0.000000,0,0,0,0,0,0,0,0,0,0,0,0.0379638671875,-0.004302978515625,-19.999996,-0.8702036,-57.388916,19.995247,-3.4494313e-19,-3.4494313e-19,-3.4494313e-19,-19.999996,Object notstarted,Object notstarted,Object notstarted,Object notstarted,Object notstarted,Object notstarted,Object notstarted,Object notstarted,Object notstarted
2024-03-18 10:38:07,900.900,__main___datalogs,INFO,JoyConState.NORMAL,17.587500,6.625000,-61.620000,0.096125,-0.002289,0.002289,0.016021,0.000000,0.000000,0.000000,0.000000,0,0,0,0,0,0,0,0,0,0,0,0.0379638671875,-0.003082275390625,-19.999996,-0.8702036,-57.388916,19.995247,-3.4494313e-19,-3.4494313e-19,-3.4494313e-19,-19.999996,Object notstarted,Object notstarted,Object notstarted,Object notstarted,Object notstarted,Object notstarted,Object notstarted,Object notstarted,Object notstarted
2024-03-18 10:38:07,957.957,__main___datalogs,INFO,JoyConState.NORMAL,17.587500,6.625000,-61.620000,0.096125,-0.002289,0.004577,0.020598,0.000000,0.000000,0.000000,0.000000,0,0,0,0,0,0,0,0,0,0,0,0.0400390625,-0.003082275390625,-19.999996,-0.8702036,-57.388916,19.995247,-3.4494313e-19,-3.4494313e-19,-3.4494313e-19,-19.999996,Object notstarted,Object notstarted,Object notstarted,Object notstarted,Object notstarted,Object notstarted,Object notstarted,Object notstarted,Object notstarted
2024-03-18 10:38:08,012.012,__main___datalogs,INFO,JoyConState.NORMAL,17.587500,6.625000,-61.620000,0.096125,0.006866,0.002289,0.020598,0.000000,0.000000,0.000000,0.000000,0,0,0,0,0,0,0,0,0,0,0,0.03900146484375,-0.004302978515625,-19.999996,-0.8702036,-57.388916,19.995247,-3.4494313e-19,-3.4494313e-19,-3.4494313e-19,-19.999996,Object notstarted,Object notstarted,Object notstarted,Object notstarted,Object notstarted,Object notstarted,Object notstarted,Object notstarted,Object notstarted
2024-03-18 10:38:08,069.069,__main___datalogs,INFO,JoyConState.NORMAL,17.587500,6.625000,-61.620000,0.096125,0.006866,-0.002289,0.020598,0.000000,0.000000,0.000000,0.000000,0,0,0,0,0,0,0,0,0,0,0,0.03900146484375,-0.003082275390625,-19.999996,-0.8702036,-57.388916,19.995247,-3.4494313e-19,-3.4494313e-19,-3.4494313e-19,-19.999996,Object notstarted,Object notstarted,Object notstarted,Object notstarted,Object notstarted,Object notstarted,Object notstarted,Object notstarted,Object notstarted
2024-03-18 10:38:08,124.124,__main___datalogs,INFO,JoyConState.NORMAL,17.587500,6.625000,-61.620000,0.096125,0.006866,-0.002289,0.020598,0.000000,0.000000,0.000000,0.000000,0,0,0,0,0,0,0,0,0,0,0,0.03900146484375,-0.003082275390625,-19.999996,-0.8702036,-57.388916,19.995247,-3.4494313e-19,-3.4494313e-19,-3.4494313e-19,-19.999996,Object notstarted,Object notstarted,Object notstarted,Object notstarted,Object notstarted,Object notstarted,Object notstarted,Object notstarted,Object notstarted
2024-03-18 10:38:08,181.181,__main___datalogs,INFO,JoyConState.NORMAL,17.587500,6.625000,-61.620000,0.102991,0.002289,0.002289,0.020598,0.000000,0.000000,0.000000,0.000000,0,0,0,0,0,0,0,0,0,0,0,0.0379638671875,-0.003082275390625,-19.999996,-0.8702036,-57.388916,19.995247,-3.4494313e-19,-3.4494313e-19,-3.4494313e-19,-19.999996,Object notstarted,Object notstarted,Object notstarted,Object notstarted,Object notstarted,Object notstarted,Object notstarted,Object notstarted,Object notstarted
2024-03-18 10:38:08,236.236,__main___datalogs,INFO,JoyConState.NORMAL,17.587500,6.625000,-61.620000,0.098413,-0.002289,0.002289,0.020598,0.000000,0.000000,0.000000,0.000000,0,0,0,0,0,0,0,0,0,0,0,0.03900146484375,-0.003082275390625,-19.999996,-0.8702036,-57.388916,19.995247,-3.4494313e-19,-3.4494313e-19,-3.4494313e-19,-19.999996,Object notstarted,Object notstarted,Object notstarted,Object notstarted,Object notstarted,Object notstarted,Object notstarted,Object notstarted,Object notstarted
2024-03-18 10:38:08,293.293,__main___datalogs,INFO,JoyConState.NORMAL,17.587500,6.625000,-61.620000,0.098413,0.006866,0.002289,0.020598,0.000000,0.000000,0.000000,0.000000,0,0,0,0,0,0,0,0,0,0,0,0.03900146484375,-0.004302978515625,-19.999996,-0.8702036,-57.388916,19.995247,-3.4494313e-19,-3.4494313e-19,-3.4494313e-19,-19.999996,Object notstarted,Object notstarted,Object notstarted,Object notstarted,Object notstarted,Object notstarted,Object notstarted,Object notstarted,Object notstarted
2024-03-18 10:38:08,364.364,__main___datalogs,INFO,JoyConState.NORMAL,17.587500,6.625000,-61.620000,0.098413,0.006866,0.002289,0.020598,0.000000,0.000000,0.000000,0.000000,0,0,0,0,0,0,0,0,0,0,0,0.03900146484375,-0.004302978515625,-19.999996,-0.8702036,-57.388916,19.995247,-3.4494313e-19,-3.4494313e-19,-3.4494313e-19,-19.999996,Object notstarted,Object notstarted,Object notstarted,Object notstarted,Object notstarted,Object notstarted,Object notstarted,Object notstarted,Object notstarted
2024-03-18 10:38:08,441.441,__main___datalogs,INFO,JoyConState.NORMAL,17.587500,6.625000,-61.620000,0.098413,-0.002289,0.002289,0.020598,0.000000,0.000000,0.000000,0.000000,0,0,0,0,0,0,0,0,0,0,0,0.0400390625,-0.004302978515625,-19.999996,-0.8702036,-57.388916,19.995247,-3.4494313e-19,-3.4494313e-19,-3.4494313e-19,-19.999996,Object notstarted,Object notstarted,Object notstarted,Object notstarted,Object notstarted,Object notstarted,Object notstarted,Object notstarted,Object notstarted
2024-03-18 10:38:08,512.512,__main___datalogs,INFO,JoyConState.NORMAL,17.587500,6.625000,-61.620000,0.096125,0.006866,0.002289,0.020598,0.000000,0.000000,0.000000,0.000000,0,0,0,0,0,0,0,0,0,0,0,0.03900146484375,-0.003082275390625,-19.999996,-0.8702036,-57.388916,19.995247,-3.4494313e-19,-3.4494313e-19,-3.4494313e-19,-19.999996,Object notstarted,Object notstarted,Object notstarted,Object notstarted,Object notstarted,Object notstarted,Object notstarted,Object notstarted,Object notstarted
2024-03-18 10:38:08,569.569,__main___datalogs,INFO,JoyConState.NORMAL,17.587500,6.625000,-61.620000,0.096125,0.002289,-0.002289,0.020598,0.000000,0.000000,0.000000,0.000000,0,0,0,0,0,0,0,0,0,0,0,0.041107177734375,-0.004302978515625,-19.999996,-0.8702036,-57.388916,19.995247,-3.4494313e-19,-3.4494313e-19,-3.4494313e-19,-19.999996,Object notstarted,Object notstarted,Object notstarted,Object notstarted,Object notstarted,Object notstarted,Object notstarted,Object notstarted,Object notstarted
2024-03-18 10:38:08,625.625,__main___datalogs,INFO,JoyConState.NORMAL,17.587500,6.625000,-61.620000,0.098413,0.002289,-0.002289,0.020598,0.000000,0.000000,0.000000,0.000000,0,0,0,0,0,0,0,0,0,0,0,0.0400390625,-0.004302978515625,-19.999996,-0.8702036,-57.388916,19.995247,-3.4494313e-19,-3.4494313e-19,-3.4494313e-19,-19.999996,Object notstarted,Object notstarted,Object notstarted,Object notstarted,Object notstarted,Object notstarted,Object notstarted,Object notstarted,Object notstarted
2024-03-18 10:38:08,681.681,__main___datalogs,INFO,JoyConState.NORMAL,17.587500,6.625000,-61.620000,0.098413,0.006866,0.002289,0.020598,0.000000,0.000000,0.000000,0.000000,0,0,0,0,0,0,0,0,0,0,0,0.03900146484375,-0.003082275390625,-19.999996,-0.8702036,-57.388916,19.995247,-3.4494313e-19,-3.4494313e-19,-3.4494313e-19,-19.999996,Object notstarted,Object notstarted,Object notstarted,Object notstarted,Object notstarted,Object notstarted,Object notstarted,Object notstarted,Object notstarted
2024-03-18 10:38:08,737.737,__main___datalogs,INFO,JoyConState.NORMAL,17.587500,6.625000,-61.620000,0.098413,-0.002289,0.002289,0.016021,0.000000,0.000000,0.000000,0.000000,0,0,0,0,0,0,0,0,0,0,0,0.0379638671875,-0.003082275390625,-19.999996,-0.8702036,-57.388916,19.995247,-3.4494313e-19,-3.4494313e-19,-3.4494313e-19,-19.999996,Object notstarted,Object notstarted,Object notstarted,Object notstarted,Object notstarted,Object notstarted,Object notstarted,Object notstarted,Object notstarted
2024-03-18 10:38:08,792.792,__main___datalogs,INFO,JoyConState.NORMAL,17.587500,6.625000,-61.620000,0.096125,0.002289,0.002289,0.016021,0.000000,0.000000,0.000000,0.000000,0,0,0,0,0,0,0,0,0,0,0,0.03900146484375,-0.003082275390625,-19.999996,-0.8702036,-57.388916,19.995247,-3.4494313e-19,-3.4494313e-19,-3.4494313e-19,-19.999996,Object notstarted,Object notstarted,Object notstarted,Object notstarted,Object notstarted,Object notstarted,Object notstarted,Object notstarted,Object notstarted
2024-03-18 10:38:08,848.848,__main___datalogs,INFO,JoyConState.NORMAL,17.587500,6.625000,-61.620000,0.096125,0.002289,0.002289,0.020598,0.000000,0.000000,0.000000,0.000000,0,0,0,0,0,0,0,0,0,0,0,0.03900146484375,-0.003082275390625,-19.999996,-0.8702036,-57.388916,19.995247,-3.4494313e-19,-3.4494313e-19,-3.4494313e-19,-19.999996,Object notstarted,Object notstarted,Object notstarted,Object notstarted,Object notstarted,Object notstarted,Object notstarted,Object notstarted,Object notstarted
2024-03-18 10:38:08,904.904,__main___datalogs,INFO,JoyConState.NORMAL,17.587500,6.625000,-61.620000,0.098413,0.002289,0.004577,0.020598,0.000000,0.000000,0.000000,0.000000,0,0,0,0,0,0,0,0,0,0,0,0.03900146484375,-0.004302978515625,-19.999996,-0.8702036,-57.388916,19.995247,-3.4494313e-19,-3.4494313e-19,-3.4494313e-19,-19.999996,Object notstarted,Object notstarted,Object notstarted,Object notstarted,Object notstarted,Object notstarted,Object notstarted,Object notstarted,Object notstarted
2024-03-18 10:38:08,960.960,__main___datalogs,INFO,JoyConState.NORMAL,17.587500,6.625000,-61.620000,0.098413,0.002289,0.002289,0.020598,0.000000,0.000000,0.000000,0.000000,0,0,0,0,0,0,0,0,0,0,0,0.0400390625,-0.001861572265625,-19.999996,-0.8702036,-57.388916,19.995247,-3.4494313e-19,-3.4494313e-19,-3.4494313e-19,-19.999996,Object notstarted,Object notstarted,Object notstarted,Object notstarted,Object notstarted,Object notstarted,Object notstarted,Object notstarted,Object notstarted
2024-03-18 10:38:09,016.016,__main___datalogs,INFO,JoyConState.NORMAL,17.587500,6.625000,-61.620000,0.098413,0.002289,0.002289,0.020598,0.000000,0.000000,0.000000,0.000000,0,0,0,0,0,0,0,0,0,0,0,0.03900146484375,-0.004302978515625,-19.999996,-0.8702036,-57.388916,19.995247,-3.4494313e-19,-3.4494313e-19,-3.4494313e-19,-19.999996,Object notstarted,Object notstarted,Object notstarted,Object notstarted,Object notstarted,Object notstarted,Object notstarted,Object notstarted,Object notstarted
2024-03-18 10:38:09,072.072,__main___datalogs,INFO,JoyConState.NORMAL,17.587500,6.625000,-61.620000,0.098413,-0.002289,0.004577,0.016021,0.000000,0.000000,0.000000,0.000000,0,0,0,0,0,0,0,0,0,0,0,0.0400390625,-0.003082275390625,-19.999996,-0.8702036,-57.388916,19.995247,-3.4494313e-19,-3.4494313e-19,-3.4494313e-19,-19.999996,Object notstarted,Object notstarted,Object notstarted,Object notstarted,Object notstarted,Object notstarted,Object notstarted,Object notstarted,Object notstarted
2024-03-18 10:38:09,128.128,__main___datalogs,INFO,JoyConState.NORMAL,17.587500,6.625000,-61.620000,0.098413,0.002289,0.002289,0.016021,0.000000,0.000000,0.000000,0.000000,0,0,0,0,0,0,0,0,0,0,0,0.0400390625,-0.003082275390625,-19.999996,-0.8702036,-57.388916,19.995247,-3.4494313e-19,-3.4494313e-19,-3.4494313e-19,-19.999996,Object notstarted,Object notstarted,Object notstarted,Object notstarted,Object notstarted,Object notstarted,Object notstarted,Object notstarted,Object notstarted
2024-03-18 10:38:09,184.184,__main___datalogs,INFO,JoyConState.NORMAL,17.587500,6.625000,-61.620000,0.096125,0.006866,0.002289,0.016021,0.000000,0.000000,0.000000,0.000000,0,0,0,0,0,0,0,0,0,0,0,0.03900146484375,-0.001861572265625,-19.999996,-0.8702036,-57.388916,19.995247,-3.4494313e-19,-3.4494313e-19,-3.4494313e-19,-19.999996,Object notstarted,Object notstarted,Object notstarted,Object notstarted,Object notstarted,Object notstarted,Object notstarted,Object notstarted,Object notstarted
2024-03-18 10:38:09,240.240,__main___datalogs,INFO,JoyConState.NORMAL,17.587500,6.625000,-61.620000,0.096125,-0.002289,0.002289,0.020598,0.000000,0.000000,0.000000,0.000000,0,0,0,0,0,0,0,0,0,0,0,0.03692626953125,-0.001861572265625,-19.999996,-0.8702036,-57.388916,19.995247,-3.4494313e-19,-3.4494313e-19,-3.4494313e-19,-19.999996,Object notstarted,Object notstarted,Object notstarted,Object notstarted,Object notstarted,Object notstarted,Object notstarted,Object notstarted,Object notstarted
2024-03-18 10:38:09,295.295,__main___datalogs,INFO,JoyConState.NORMAL,17.587500,6.625000,-61.620000,0.096125,0.002289,0.002289,0.020598,0.000000,0.000000,0.000000,0.000000,0,0,0,0,0,0,0,0,0,0,0,0.03900146484375,-0.003082275390625,-19.999996,-0.8702036,-57.388916,19.995247,-3.4494313e-19,-3.4494313e-19,-3.4494313e-19,-19.999996,Object notstarted,Object notstarted,Object notstarted,Object notstarted,Object notstarted,Object notstarted,Object notstarted,Object notstarted,Object notstarted
2024-03-18 10:38:09,352.352,__main___datalogs,INFO,JoyConState.NORMAL,17.587500,6.625000,-61.620000,0.098413,-0.002289,0.002289,0.016021,0.000000,0.000000,0.000000,0.000000,0,0,0,0,0,0,0,0,0,0,0,0.03900146484375,-0.003082275390625,-19.999996,-0.8702036,-57.388916,19.995247,-3.4494313e-19,-3.4494313e-19,-3.4494313e-19,-19.999996,Object notstarted,Object notstarted,Object notstarted,Object notstarted,Object notstarted,Object notstarted,Object notstarted,Object notstarted,Object notstarted
2024-03-18 10:38:09,406.406,__main___datalogs,INFO,JoyConState.NORMAL,17.587500,6.625000,-61.620000,0.096125,0.002289,0.002289,0.016021,0.000000,0.000000,0.000000,0.000000,0,0,0,0,0,0,0,0,0,0,0,0.041107177734375,-0.003082275390625,-19.999996,-0.8702036,-57.388916,19.995247,-3.4494313e-19,-3.4494313e-19,-3.4494313e-19,-19.999996,Object notstarted,Object notstarted,Object notstarted,Object notstarted,Object notstarted,Object notstarted,Object notstarted,Object notstarted,Object notstarted
2024-03-18 10:38:09,491.491,__main___datalogs,INFO,JoyConState.NORMAL,17.587500,6.625000,-61.620000,0.098413,0.002289,0.002289,0.016021,0.000000,0.000000,0.000000,0.000000,0,0,0,0,0,0,0,0,0,0,0,0.03900146484375,-0.003082275390625,-19.999996,-0.8702036,-57.388916,19.995247,-3.4494313e-19,-3.4494313e-19,-3.4494313e-19,-19.999996,Object notstarted,Object notstarted,Object notstarted,Object notstarted,Object notstarted,Object notstarted,Object notstarted,Object notstarted,Object notstarted
2024-03-18 10:38:09,563.563,__main___datalogs,INFO,JoyConState.NORMAL,17.587500,6.625000,-61.620000,0.102991,0.006866,0.002289,0.020598,0.000000,0.000000,0.000000,0.000000,0,0,0,0,0,0,0,0,0,0,0,0.03900146484375,-0.004302978515625,-19.999996,-0.8702036,-57.388916,19.995247,-3.4494313e-19,-3.4494313e-19,-3.4494313e-19,-19.999996,Object notstarted,Object notstarted,Object notstarted,Object notstarted,Object notstarted,Object notstarted,Object notstarted,Object notstarted,Object notstarted
2024-03-18 10:38:09,619.619,__main___datalogs,INFO,JoyConState.NORMAL,17.587500,6.625000,-61.620000,0.096125,0.006866,0.004577,0.020598,0.000000,0.000000,0.000000,0.000000,0,0,0,0,0,0,0,0,0,0,0,0.0400390625,-0.003082275390625,-19.999996,-0.8702036,-57.388916,19.995247,-3.4494313e-19,-3.4494313e-19,-3.4494313e-19,-19.999996,Object notstarted,Object notstarted,Object notstarted,Object notstarted,Object notstarted,Object notstarted,Object notstarted,Object notstarted,Object notstarted
2024-03-18 10:38:09,675.675,__main___datalogs,INFO,JoyConState.NORMAL,17.587500,6.625000,-61.620000,0.098413,0.006866,0.002289,0.025176,0.000000,0.000000,0.000000,0.000000,0,0,0,0,0,0,0,0,0,0,0,0.03900146484375,-0.001861572265625,-19.999996,-0.8702036,-57.388916,19.995247,-3.4494313e-19,-3.4494313e-19,-3.4494313e-19,-19.999996,Object notstarted,Object notstarted,Object notstarted,Object notstarted,Object notstarted,Object notstarted,Object notstarted,Object notstarted,Object notstarted
2024-03-18 10:38:09,731.731,__main___datalogs,INFO,JoyConState.NORMAL,17.587500,6.625000,-61.620000,0.098413,-0.002289,0.004577,0.025176,0.000000,0.000000,0.000000,0.000000,0,0,0,0,0,0,0,0,0,0,0,0.03900146484375,-0.001861572265625,-19.999996,-0.8702036,-57.388916,19.995247,-3.4494313e-19,-3.4494313e-19,-3.4494313e-19,-19.999996,Object notstarted,Object notstarted,Object notstarted,Object notstarted,Object notstarted,Object notstarted,Object notstarted,Object notstarted,Object notstarted
2024-03-18 10:38:09,787.787,__main___datalogs,INFO,JoyConState.NORMAL,17.587500,6.625000,-61.620000,0.096125,0.002289,0.002289,0.020598,0.000000,0.000000,0.000000,0.000000,0,0,0,0,0,0,0,0,0,0,0,0.03900146484375,-0.004302978515625,-19.999996,-0.8702036,-57.388916,19.995247,-3.4494313e-19,-3.4494313e-19,-3.4494313e-19,-19.999996,Object notstarted,Object notstarted,Object notstarted,Object notstarted,Object notstarted,Object notstarted,Object notstarted,Object notstarted,Object notstarted
2024-03-18 10:38:09,844.844,__main___datalogs,INFO,JoyConState.NORMAL,17.587500,6.625000,-61.620000,0.091547,0.002289,0.002289,0.020598,0.000000,0.000000,0.000000,0.000000,0,0,0,0,0,0,0,0,0,0,0,0.0379638671875,-0.003082275390625,-19.999996,-0.8702036,-57.388916,19.995247,-3.4494313e-19,-3.4494313e-19,-3.4494313e-19,-19.999996,Object notstarted,Object notstarted,Object notstarted,Object notstarted,Object notstarted,Object notstarted,Object notstarted,Object notstarted,Object notstarted
2024-03-18 10:38:09,899.899,__main___datalogs,INFO,JoyConState.NORMAL,17.587500,6.625000,-61.620000,0.091547,0.002289,0.002289,0.016021,0.000000,0.000000,0.000000,0.000000,0,0,0,0,0,0,0,0,0,0,0,0.03900146484375,-0.003082275390625,-19.999996,-0.8702036,-57.388916,19.995247,-3.4494313e-19,-3.4494313e-19,-3.4494313e-19,-19.999996,Object notstarted,Object notstarted,Object notstarted,Object notstarted,Object notstarted,Object notstarted,Object notstarted,Object notstarted,Object notstarted
2024-03-18 10:38:09,956.956,__main___datalogs,INFO,JoyConState.NORMAL,17.587500,6.625000,-61.620000,0.091547,0.002289,0.002289,0.020598,0.000000,0.000000,0.000000,0.000000,0,0,0,0,0,0,0,0,0,0,0,0.03900146484375,-0.003082275390625,-19.999996,-0.8702036,-57.388916,19.995247,-3.4494313e-19,-3.4494313e-19,-3.4494313e-19,-19.999996,Object notstarted,Object notstarted,Object notstarted,Object notstarted,Object notstarted,Object notstarted,Object notstarted,Object notstarted,Object notstarted
2024-03-18 10:38:10,010.010,__main___datalogs,INFO,JoyConState.NORMAL,17.587500,6.625000,-61.620000,0.096125,0.006866,0.002289,0.016021,0.000000,0.000000,0.000000,0.000000,0,0,0,0,0,0,0,0,0,0,0,0.03900146484375,-0.001861572265625,-19.999996,-0.8702036,-57.388916,19.995247,-3.4494313e-19,-3.4494313e-19,-3.4494313e-19,-19.999996,Object notstarted,Object notstarted,Object notstarted,Object notstarted,Object notstarted,Object notstarted,Object notstarted,Object notstarted,Object notstarted
2024-03-18 10:38:10,067.067,__main___datalogs,INFO,JoyConState.NORMAL,17.587500,6.625000,-61.620000,0.096125,0.002289,0.002289,0.020598,0.000000,0.000000,0.000000,0.000000,0,0,0,0,0,0,0,0,0,0,0,0.03900146484375,-0.004302978515625,-19.999996,-0.8702036,-57.388916,19.995247,-3.4494313e-19,-3.4494313e-19,-3.4494313e-19,-19.999996,Object notstarted,Object notstarted,Object notstarted,Object notstarted,Object notstarted,Object notstarted,Object notstarted,Object notstarted,Object notstarted
2024-03-18 10:38:10,122.122,__main___datalogs,INFO,JoyConState.NORMAL,17.587500,6.625000,-61.620000,0.098413,0.006866,0.002289,0.020598,0.000000,0.000000,0.000000,0.000000,0,0,0,0,0,0,0,0,0,0,0,0.0379638671875,-0.001861572265625,-19.999996,-0.8702036,-57.388916,19.995247,-3.4494313e-19,-3.4494313e-19,-3.4494313e-19,-19.999996,Object notstarted,Object notstarted,Object notstarted,Object notstarted,Object notstarted,Object notstarted,Object notstarted,Object notstarted,Object notstarted
2024-03-18 10:38:10,179.179,__main___datalogs,INFO,JoyConState.NORMAL,17.587500,6.625000,-61.620000,0.096125,0.006866,0.002289,0.020598,0.000000,0.000000,0.000000,0.000000,0,0,0,0,0,0,0,0,0,0,0,0.03900146484375,-0.003082275390625,-19.999996,-0.8702036,-57.388916,19.995247,-3.4494313e-19,-3.4494313e-19,-3.4494313e-19,-19.999996,Object notstarted,Object notstarted,Object notstarted,Object notstarted,Object notstarted,Object notstarted,Object notstarted,Object notstarted,Object notstarted
2024-03-18 10:38:10,235.235,__main___datalogs,INFO,JoyConState.NORMAL,17.587500,6.625000,-61.620000,0.096125,0.002289,0.002289,0.020598,0.000000,0.000000,0.000000,0.000000,0,0,0,0,0,0,0,0,0,0,0,0.03900146484375,-0.003082275390625,-19.999996,-0.8702036,-57.388916,19.995247,-3.4494313e-19,-3.4494313e-19,-3.4494313e-19,-19.999996,Object notstarted,Object notstarted,Object notstarted,Object notstarted,Object notstarted,Object notstarted,Object notstarted,Object notstarted,Object notstarted
2024-03-18 10:38:10,291.291,__main___datalogs,INFO,JoyConState.NORMAL,17.587500,6.625000,-61.620000,0.096125,0.002289,0.002289,0.020598,0.000000,0.000000,0.000000,0.000000,0,0,0,0,0,0,0,0,0,0,0,0.03900146484375,-0.003082275390625,-19.999996,-0.8702036,-57.388916,19.995247,-3.4494313e-19,-3.4494313e-19,-3.4494313e-19,-19.999996,Object notstarted,Object notstarted,Object notstarted,Object notstarted,Object notstarted,Object notstarted,Object notstarted,Object notstarted,Object notstarted
2024-03-18 10:38:10,347.347,__main___datalogs,INFO,JoyConState.NORMAL,17.587500,6.625000,-61.620000,0.091547,0.002289,0.002289,0.020598,0.000000,0.000000,0.000000,0.000000,0,0,0,0,0,0,0,0,0,0,0,0.03900146484375,-0.004302978515625,-19.999996,-0.8702036,-57.388916,19.995247,-3.4494313e-19,-3.4494313e-19,-3.4494313e-19,-19.999996,Object notstarted,Object notstarted,Object notstarted,Object notstarted,Object notstarted,Object notstarted,Object notstarted,Object notstarted,Object notstarted
2024-03-18 10:38:10,402.402,__main___datalogs,INFO,JoyConState.NORMAL,17.587500,6.625000,-61.620000,0.091547,0.006866,0.002289,0.020598,0.000000,0.000000,0.000000,0.000000,0,0,0,0,0,0,0,0,0,0,0,0.03900146484375,-0.004302978515625,-19.999996,-0.8702036,-57.388916,19.995247,-3.4494313e-19,-3.4494313e-19,-3.4494313e-19,-19.999996,Object notstarted,Object notstarted,Object notstarted,Object notstarted,Object notstarted,Object notstarted,Object notstarted,Object notstarted,Object notstarted
2024-03-18 10:38:10,458.458,__main___datalogs,INFO,JoyConState.NORMAL,17.587500,6.625000,-61.620000,0.096125,0.006866,0.002289,0.020598,0.000000,0.000000,0.000000,0.000000,0,0,0,0,0,0,0,0,0,0,0,0.03900146484375,-0.004302978515625,-19.999996,-0.8702036,-57.388916,19.995247,-3.4494313e-19,-3.4494313e-19,-3.4494313e-19,-19.999996,Object notstarted,Object notstarted,Object notstarted,Object notstarted,Object notstarted,Object notstarted,Object notstarted,Object notstarted,Object notstarted
2024-03-18 10:38:10,514.514,__main___datalogs,INFO,JoyConState.NORMAL,17.587500,6.625000,-61.620000,0.096125,0.002289,0.004577,0.020598,0.000000,0.000000,0.000000,0.000000,0,0,0,0,0,0,0,0,0,0,0,0.0379638671875,-0.0006103515625,-19.999996,-0.8702036,-57.388916,19.995247,-3.4494313e-19,-3.4494313e-19,-3.4494313e-19,-19.999996,Object notstarted,Object notstarted,Object notstarted,Object notstarted,Object notstarted,Object notstarted,Object notstarted,Object notstarted,Object notstarted
2024-03-18 10:38:10,599.599,__main___datalogs,INFO,JoyConState.NORMAL,17.587500,6.625000,-61.620000,0.096125,0.002289,0.002289,0.020598,0.000000,0.000000,0.000000,0.000000,0,0,0,0,0,0,0,0,0,0,0,0.03900146484375,-0.004302978515625,-19.999996,-0.8702036,-57.388916,19.995247,-3.4494313e-19,-3.4494313e-19,-3.4494313e-19,-19.999996,Object notstarted,Object notstarted,Object notstarted,Object notstarted,Object notstarted,Object notstarted,Object notstarted,Object notstarted,Object notstarted
2024-03-18 10:38:10,655.655,__main___datalogs,INFO,JoyConState.NORMAL,17.587500,6.625000,-61.620000,0.091547,0.002289,0.002289,0.020598,0.000000,0.000000,0.000000,0.000000,0,0,0,0,0,0,0,0,0,0,0,0.03900146484375,-0.003082275390625,-19.999996,-0.8702036,-57.388916,19.995247,-3.4494313e-19,-3.4494313e-19,-3.4494313e-19,-19.999996,Object notstarted,Object notstarted,Object notstarted,Object notstarted,Object notstarted,Object notstarted,Object notstarted,Object notstarted,Object notstarted
2024-03-18 10:38:10,710.710,__main___datalogs,INFO,JoyConState.NORMAL,17.587500,6.625000,-61.620000,0.096125,0.006866,0.004577,0.020598,0.000000,0.000000,0.000000,0.000000,0,0,0,0,0,0,0,0,0,0,0,0.03900146484375,-0.003082275390625,-19.999996,-0.8702036,-57.388916,19.995247,-3.4494313e-19,-3.4494313e-19,-3.4494313e-19,-19.999996,Object notstarted,Object notstarted,Object notstarted,Object notstarted,Object notstarted,Object notstarted,Object notstarted,Object notstarted,Object notstarted
2024-03-18 10:38:10,767.767,__main___datalogs,INFO,JoyConState.NORMAL,17.587500,6.625000,-61.620000,0.098413,0.006866,0.004577,0.020598,0.000000,0.000000,0.000000,0.000000,0,0,0,0,0,0,0,0,0,0,0,0.03900146484375,-0.003082275390625,-19.999996,-0.8702036,-57.388916,19.995247,-3.4494313e-19,-3.4494313e-19,-3.4494313e-19,-19.999996,Object notstarted,Object notstarted,Object notstarted,Object notstarted,Object notstarted,Object notstarted,Object notstarted,Object notstarted,Object notstarted
2024-03-18 10:38:10,822.822,__main___datalogs,INFO,JoyConState.NORMAL,17.587500,6.625000,-61.620000,0.096125,0.002289,0.002289,0.020598,0.000000,0.000000,0.000000,0.000000,0,0,0,0,0,0,0,0,0,0,0,0.03900146484375,-0.003082275390625,-19.999996,-0.8702036,-57.388916,19.995247,-3.4494313e-19,-3.4494313e-19,-3.4494313e-19,-19.999996,Object notstarted,Object notstarted,Object notstarted,Object notstarted,Object notstarted,Object notstarted,Object notstarted,Object notstarted,Object notstarted
2024-03-18 10:38:10,879.879,__main___datalogs,INFO,JoyConState.NORMAL,17.587500,6.625000,-61.620000,0.096125,0.002289,0.004577,0.020598,0.000000,0.000000,0.000000,0.000000,0,0,0,0,0,0,0,0,0,0,0,0.03900146484375,-0.004302978515625,-19.999996,-0.8702036,-57.388916,19.995247,-3.4494313e-19,-3.4494313e-19,-3.4494313e-19,-19.999996,Object notstarted,Object notstarted,Object notstarted,Object notstarted,Object notstarted,Object notstarted,Object notstarted,Object notstarted,Object notstarted
2024-03-18 10:38:10,934.934,__main___datalogs,INFO,JoyConState.NORMAL,17.587500,6.625000,-61.620000,0.096125,0.006866,0.002289,0.020598,0.000000,0.000000,0.000000,0.000000,0,0,0,0,0,0,0,0,0,0,0,0.0400390625,-0.003082275390625,-19.999996,-0.8702036,-57.388916,19.995247,-3.4494313e-19,-3.4494313e-19,-3.4494313e-19,-19.999996,Object notstarted,Object notstarted,Object notstarted,Object notstarted,Object notstarted,Object notstarted,Object notstarted,Object notstarted,Object notstarted
2024-03-18 10:38:10,991.991,__main___datalogs,INFO,JoyConState.NORMAL,17.587500,6.625000,-61.620000,0.098413,0.006866,0.002289,0.020598,0.000000,0.000000,0.000000,0.000000,0,0,0,0,0,0,0,0,0,0,0,0.0379638671875,-0.004302978515625,-19.999996,-0.8702036,-57.388916,19.995247,-3.4494313e-19,-3.4494313e-19,-3.4494313e-19,-19.999996,Object notstarted,Object notstarted,Object notstarted,Object notstarted,Object notstarted,Object notstarted,Object notstarted,Object notstarted,Object notstarted
2024-03-18 10:38:11,047.047,__main___datalogs,INFO,JoyConState.NORMAL,17.587500,6.625000,-61.620000,0.091547,0.006866,0.002289,0.016021,0.000000,0.000000,0.000000,0.000000,0,0,0,0,0,0,0,0,0,0,0,0.03900146484375,-0.003082275390625,-19.999996,-0.8702036,-57.388916,19.995247,-3.4494313e-19,-3.4494313e-19,-3.4494313e-19,-19.999996,Object notstarted,Object notstarted,Object notstarted,Object notstarted,Object notstarted,Object notstarted,Object notstarted,Object notstarted,Object notstarted
2024-03-18 10:38:11,103.103,__main___datalogs,INFO,JoyConState.NORMAL,17.587500,6.625000,-61.620000,0.091547,0.006866,0.002289,0.020598,0.000000,0.000000,0.000000,0.000000,0,0,0,0,0,0,0,0,0,0,0,0.03900146484375,-0.001861572265625,-19.999996,-0.8702036,-57.388916,19.995247,-3.4494313e-19,-3.4494313e-19,-3.4494313e-19,-19.999996,Object notstarted,Object notstarted,Object notstarted,Object notstarted,Object notstarted,Object notstarted,Object notstarted,Object notstarted,Object notstarted
2024-03-18 10:38:11,158.158,__main___datalogs,INFO,JoyConState.NORMAL,17.587500,6.625000,-61.620000,0.096125,0.006866,0.004577,0.020598,0.000000,0.000000,0.000000,0.000000,0,0,0,0,0,0,0,0,0,0,0,0.0400390625,-0.004302978515625,-19.999996,-0.8702036,-57.388916,19.995247,-3.4494313e-19,-3.4494313e-19,-3.4494313e-19,-19.999996,Object notstarted,Object notstarted,Object notstarted,Object notstarted,Object notstarted,Object notstarted,Object notstarted,Object notstarted,Object notstarted
2024-03-18 10:38:11,215.215,__main___datalogs,INFO,JoyConState.NORMAL,17.587500,6.625000,-61.620000,0.091547,0.002289,0.002289,0.020598,0.000000,0.000000,0.000000,0.000000,0,0,0,0,0,0,0,0,0,0,0,0.03900146484375,-0.004302978515625,-19.999996,-0.8702036,-57.388916,19.995247,-3.4494313e-19,-3.4494313e-19,-3.4494313e-19,-19.999996,Object notstarted,Object notstarted,Object notstarted,Object notstarted,Object notstarted,Object notstarted,Object notstarted,Object notstarted,Object notstarted
2024-03-18 10:38:11,270.270,__main___datalogs,INFO,JoyConState.NORMAL,17.587500,6.625000,-61.620000,0.096125,0.006866,0.002289,0.020598,0.000000,0.000000,0.000000,0.000000,0,0,0,0,0,0,0,0,0,0,0,0.041107177734375,-0.001861572265625,-19.999996,-0.8702036,-57.388916,19.995247,-3.4494313e-19,-3.4494313e-19,-3.4494313e-19,-19.999996,Object notstarted,Object notstarted,Object notstarted,Object notstarted,Object notstarted,Object notstarted,Object notstarted,Object notstarted,Object notstarted
2024-03-18 10:38:11,327.327,__main___datalogs,INFO,JoyConState.NORMAL,17.587500,6.625000,-61.620000,0.096125,0.006866,0.002289,0.020598,0.000000,0.000000,0.000000,0.000000,0,0,0,0,0,0,0,0,0,0,0,0.03900146484375,-0.003082275390625,-19.999996,-0.8702036,-57.388916,19.995247,-3.4494313e-19,-3.4494313e-19,-3.4494313e-19,-19.999996,Object notstarted,Object notstarted,Object notstarted,Object notstarted,Object notstarted,Object notstarted,Object notstarted,Object notstarted,Object notstarted
2024-03-18 10:38:11,381.381,__main___datalogs,INFO,JoyConState.NORMAL,17.587500,6.625000,-61.620000,0.091547,0.002289,0.002289,0.020598,0.000000,0.000000,0.000000,0.000000,0,0,0,0,0,0,0,0,0,0,0,0.0400390625,-0.004302978515625,-19.999996,-0.8702036,-57.388916,19.995247,-3.4494313e-19,-3.4494313e-19,-3.4494313e-19,-19.999996,Object notstarted,Object notstarted,Object notstarted,Object notstarted,Object notstarted,Object notstarted,Object notstarted,Object notstarted,Object notstarted
2024-03-18 10:38:11,438.438,__main___datalogs,INFO,JoyConState.NORMAL,17.587500,6.625000,-61.620000,0.096125,0.006866,-0.002289,0.020598,0.000000,0.000000,0.000000,0.000000,0,0,0,0,0,0,0,0,0,0,0,0.03900146484375,-0.003082275390625,-19.999996,-0.8702036,-57.388916,19.995247,-3.4494313e-19,-3.4494313e-19,-3.4494313e-19,-19.999996,Object notstarted,Object notstarted,Object notstarted,Object notstarted,Object notstarted,Object notstarted,Object notstarted,Object notstarted,Object notstarted
2024-03-18 10:38:11,493.493,__main___datalogs,INFO,JoyConState.NORMAL,17.587500,6.625000,-61.620000,0.096125,0.002289,0.002289,0.020598,0.000000,0.000000,0.000000,0.000000,0,0,0,0,0,0,0,0,0,0,0,0.03900146484375,-0.003082275390625,-19.999996,-0.8702036,-57.388916,19.995247,-3.4494313e-19,-3.4494313e-19,-3.4494313e-19,-19.999996,Object notstarted,Object notstarted,Object notstarted,Object notstarted,Object notstarted,Object notstarted,Object notstarted,Object notstarted,Object notstarted
2024-03-18 10:38:11,550.550,__main___datalogs,INFO,JoyConState.NORMAL,17.587500,6.625000,-61.620000,0.091547,0.002289,0.002289,0.020598,0.000000,0.000000,0.000000,0.000000,0,0,0,0,0,0,0,0,0,0,0,0.03900146484375,-0.003082275390625,-19.999996,-0.8702036,-57.388916,19.995247,-3.4494313e-19,-3.4494313e-19,-3.4494313e-19,-19.999996,Object notstarted,Object notstarted,Object notstarted,Object notstarted,Object notstarted,Object notstarted,Object notstarted,Object notstarted,Object notstarted
2024-03-18 10:38:11,614.614,__main___datalogs,INFO,JoyConState.NORMAL,17.587500,6.625000,-61.620000,0.096125,0.002289,0.004577,0.020598,0.000000,0.000000,0.000000,0.000000,0,0,0,0,0,0,0,0,0,0,0,0.03900146484375,-0.001861572265625,-19.999996,-0.8702036,-57.388916,19.995247,-3.4494313e-19,-3.4494313e-19,-3.4494313e-19,-19.999996,Object notstarted,Object notstarted,Object notstarted,Object notstarted,Object notstarted,Object notstarted,Object notstarted,Object notstarted,Object notstarted
2024-03-18 10:38:11,679.679,__main___datalogs,INFO,JoyConState.NORMAL,17.587500,6.625000,-61.620000,0.096125,0.002289,0.002289,0.020598,0.000000,0.000000,0.000000,0.000000,0,0,0,0,0,0,0,0,0,0,0,0.0379638671875,-0.004302978515625,-19.999996,-0.8702036,-57.388916,19.995247,-3.4494313e-19,-3.4494313e-19,-3.4494313e-19,-19.999996,Object notstarted,Object notstarted,Object notstarted,Object notstarted,Object notstarted,Object notstarted,Object notstarted,Object notstarted,Object notstarted
2024-03-18 10:38:11,733.733,__main___datalogs,INFO,JoyConState.NORMAL,17.587500,6.625000,-61.620000,0.096125,0.002289,0.002289,0.020598,0.000000,0.000000,0.000000,0.000000,0,0,0,0,0,0,0,0,0,0,0,0.0400390625,-0.004302978515625,-19.999996,-0.8702036,-57.388916,19.995247,-3.4494313e-19,-3.4494313e-19,-3.4494313e-19,-19.999996,Object notstarted,Object notstarted,Object notstarted,Object notstarted,Object notstarted,Object notstarted,Object notstarted,Object notstarted,Object notstarted
2024-03-18 10:38:11,789.789,__main___datalogs,INFO,JoyConState.NORMAL,17.587500,6.625000,-61.620000,0.098413,0.002289,0.002289,0.020598,0.000000,0.000000,0.000000,0.000000,0,0,0,0,0,0,0,0,0,0,0,0.03900146484375,-0.003082275390625,-19.999996,-0.8702036,-57.388916,19.995247,-3.4494313e-19,-3.4494313e-19,-3.4494313e-19,-19.999996,Object notstarted,Object notstarted,Object notstarted,Object notstarted,Object notstarted,Object notstarted,Object notstarted,Object notstarted,Object notstarted
2024-03-18 10:38:11,845.845,__main___datalogs,INFO,JoyConState.NORMAL,17.587500,6.625000,-61.620000,0.096125,-0.002289,0.004577,0.016021,0.000000,0.000000,0.000000,0.000000,0,0,0,0,0,0,0,0,0,0,0,0.03900146484375,-0.001861572265625,-19.999996,-0.8702036,-57.388916,19.995247,-3.4494313e-19,-3.4494313e-19,-3.4494313e-19,-19.999996,Object notstarted,Object notstarted,Object notstarted,Object notstarted,Object notstarted,Object notstarted,Object notstarted,Object notstarted,Object notstarted
2024-03-18 10:38:11,901.901,__main___datalogs,INFO,JoyConState.NORMAL,17.587500,6.625000,-61.620000,0.091547,0.002289,0.004577,0.020598,0.000000,0.000000,0.000000,0.000000,0,0,0,0,0,0,0,0,0,0,0,0.03900146484375,-0.004302978515625,-19.999996,-0.8702036,-57.388916,19.995247,-3.4494313e-19,-3.4494313e-19,-3.4494313e-19,-19.999996,Object notstarted,Object notstarted,Object notstarted,Object notstarted,Object notstarted,Object notstarted,Object notstarted,Object notstarted,Object notstarted
2024-03-18 10:38:11,957.957,__main___datalogs,INFO,JoyConState.NORMAL,17.587500,6.625000,-61.620000,0.098413,0.002289,-0.002289,0.020598,0.000000,0.000000,0.000000,0.000000,0,0,0,0,0,0,0,0,0,0,0,0.0400390625,-0.003082275390625,-19.999996,-0.8702036,-57.388916,19.995247,-3.4494313e-19,-3.4494313e-19,-3.4494313e-19,-19.999996,Object notstarted,Object notstarted,Object notstarted,Object notstarted,Object notstarted,Object notstarted,Object notstarted,Object notstarted,Object notstarted
2024-03-18 10:38:12,013.013,__main___datalogs,INFO,JoyConState.NORMAL,17.587500,6.625000,-61.620000,0.098413,0.002289,0.002289,0.020598,0.000000,0.000000,0.000000,0.000000,0,0,0,0,0,0,0,0,0,0,0,0.0400390625,-0.003082275390625,-19.999996,-0.8702036,-57.388916,19.995247,-3.4494313e-19,-3.4494313e-19,-3.4494313e-19,-19.999996,Object notstarted,Object notstarted,Object notstarted,Object notstarted,Object notstarted,Object notstarted,Object notstarted,Object notstarted,Object notstarted
2024-03-18 10:38:12,069.069,__main___datalogs,INFO,JoyConState.NORMAL,17.587500,6.625000,-61.620000,0.096125,0.006866,0.002289,0.016021,0.000000,0.000000,0.000000,0.000000,0,0,0,0,0,0,0,0,0,0,0,0.0379638671875,-0.003082275390625,-19.999996,-0.8702036,-57.388916,19.995247,-3.4494313e-19,-3.4494313e-19,-3.4494313e-19,-19.999996,Object notstarted,Object notstarted,Object notstarted,Object notstarted,Object notstarted,Object notstarted,Object notstarted,Object notstarted,Object notstarted
2024-03-18 10:38:12,127.127,__main___datalogs,INFO,JoyConState.NORMAL,17.587500,6.625000,-61.620000,0.096125,0.006866,0.002289,0.020598,0.000000,0.000000,0.000000,0.000000,0,0,0,0,0,0,0,0,0,0,0,0.03900146484375,-0.004302978515625,-19.999996,-0.8702036,-57.388916,19.995247,-3.4494313e-19,-3.4494313e-19,-3.4494313e-19,-19.999996,Object notstarted,Object notstarted,Object notstarted,Object notstarted,Object notstarted,Object notstarted,Object notstarted,Object notstarted,Object notstarted
2024-03-18 10:38:12,182.182,__main___datalogs,INFO,JoyConState.NORMAL,17.587500,6.625000,-61.620000,0.098413,0.002289,0.002289,0.020598,0.000000,0.000000,0.000000,0.000000,0,0,0,0,0,0,0,0,0,0,0,0.03900146484375,-0.004302978515625,-19.999996,-0.8702036,-57.388916,19.995247,-3.4494313e-19,-3.4494313e-19,-3.4494313e-19,-19.999996,Object notstarted,Object notstarted,Object notstarted,Object notstarted,Object notstarted,Object notstarted,Object notstarted,Object notstarted,Object notstarted
2024-03-18 10:38:12,238.238,__main___datalogs,INFO,JoyConState.NORMAL,17.587500,6.625000,-61.620000,0.096125,0.002289,-0.002289,0.020598,0.000000,0.000000,0.000000,0.000000,0,0,0,0,0,0,0,0,0,0,0,0.0400390625,-0.004302978515625,-19.999996,-0.8702036,-57.388916,19.995247,-3.4494313e-19,-3.4494313e-19,-3.4494313e-19,-19.999996,Object notstarted,Object notstarted,Object notstarted,Object notstarted,Object notstarted,Object notstarted,Object notstarted,Object notstarted,Object notstarted
2024-03-18 10:38:12,294.294,__main___datalogs,INFO,JoyConState.NORMAL,17.587500,6.625000,-61.620000,0.096125,0.002289,0.002289,0.020598,0.000000,0.000000,0.000000,0.000000,0,0,0,0,0,0,0,0,0,0,0,0.03900146484375,-0.001861572265625,-19.999996,-0.8702036,-57.388916,19.995247,-3.4494313e-19,-3.4494313e-19,-3.4494313e-19,-19.999996,Object notstarted,Object notstarted,Object notstarted,Object notstarted,Object notstarted,Object notstarted,Object notstarted,Object notstarted,Object notstarted
2024-03-18 10:38:12,350.350,__main___datalogs,INFO,JoyConState.NORMAL,17.587500,6.625000,-61.620000,0.096125,0.006866,0.002289,0.020598,0.000000,0.000000,0.000000,0.000000,0,0,0,0,0,0,0,0,0,0,0,0.0379638671875,-0.001861572265625,-19.999996,-0.8702036,-57.388916,19.995247,-3.4494313e-19,-3.4494313e-19,-3.4494313e-19,-19.999996,Object notstarted,Object notstarted,Object notstarted,Object notstarted,Object notstarted,Object notstarted,Object notstarted,Object notstarted,Object notstarted
2024-03-18 10:38:12,405.405,__main___datalogs,INFO,JoyConState.NORMAL,17.587500,6.625000,-61.620000,0.096125,0.002289,0.004577,0.020598,0.000000,0.000000,0.000000,0.000000,0,0,0,0,0,0,0,0,0,0,0,0.03900146484375,-0.003082275390625,-19.999996,-0.8702036,-57.388916,19.995247,-3.4494313e-19,-3.4494313e-19,-3.4494313e-19,-19.999996,Object notstarted,Object notstarted,Object notstarted,Object notstarted,Object notstarted,Object notstarted,Object notstarted,Object notstarted,Object notstarted
2024-03-18 10:38:12,462.462,__main___datalogs,INFO,JoyConState.NORMAL,17.587500,6.625000,-61.620000,0.096125,-0.002289,0.004577,0.025176,0.000000,0.000000,0.000000,0.000000,0,0,0,0,0,0,0,0,0,0,0,0.03900146484375,-0.003082275390625,-19.999996,-0.8702036,-57.388916,19.995247,-3.4494313e-19,-3.4494313e-19,-3.4494313e-19,-19.999996,Object notstarted,Object notstarted,Object notstarted,Object notstarted,Object notstarted,Object notstarted,Object notstarted,Object notstarted,Object notstarted
2024-03-18 10:38:12,518.518,__main___datalogs,INFO,JoyConState.NORMAL,17.587500,6.625000,-61.620000,0.096125,0.006866,0.002289,0.025176,0.000000,0.000000,0.000000,0.000000,0,0,0,0,0,0,0,0,0,0,0,0.03900146484375,-0.003082275390625,-19.999996,-0.8702036,-57.388916,19.995247,-3.4494313e-19,-3.4494313e-19,-3.4494313e-19,-19.999996,Object notstarted,Object notstarted,Object notstarted,Object notstarted,Object notstarted,Object notstarted,Object notstarted,Object notstarted,Object notstarted
2024-03-18 10:38:12,574.574,__main___datalogs,INFO,JoyConState.NORMAL,17.587500,6.625000,-61.620000,0.096125,0.006866,0.004577,0.020598,0.000000,0.000000,0.000000,0.000000,0,0,0,0,0,0,0,0,0,0,0,0.0379638671875,-0.004302978515625,-19.999996,-0.8702036,-57.388916,19.995247,-3.4494313e-19,-3.4494313e-19,-3.4494313e-19,-19.999996,Object notstarted,Object notstarted,Object notstarted,Object notstarted,Object notstarted,Object notstarted,Object notstarted,Object notstarted,Object notstarted
2024-03-18 10:38:12,646.646,__main___datalogs,INFO,JoyConState.NORMAL,17.587500,6.625000,-61.620000,0.096125,0.002289,0.002289,0.020598,0.000000,0.000000,0.000000,0.000000,0,0,0,0,0,0,0,0,0,0,0,0.0400390625,-0.004302978515625,-19.999996,-0.8702036,-57.388916,19.995247,-3.4494313e-19,-3.4494313e-19,-3.4494313e-19,-19.999996,Object notstarted,Object notstarted,Object notstarted,Object notstarted,Object notstarted,Object notstarted,Object notstarted,Object notstarted,Object notstarted
2024-03-18 10:38:12,705.705,__main___datalogs,INFO,JoyConState.NORMAL,17.587500,6.625000,-61.620000,0.098413,0.002289,0.002289,0.020598,0.000000,0.000000,0.000000,0.000000,0,0,0,0,0,0,0,0,0,0,0,0.03900146484375,-0.003082275390625,-19.999996,-0.8702036,-57.388916,19.995247,-3.4494313e-19,-3.4494313e-19,-3.4494313e-19,-19.999996,Object notstarted,Object notstarted,Object notstarted,Object notstarted,Object notstarted,Object notstarted,Object notstarted,Object notstarted,Object notstarted
2024-03-18 10:38:12,761.761,__main___datalogs,INFO,JoyConState.NORMAL,17.587500,6.625000,-61.620000,0.098413,0.006866,0.002289,0.025176,0.000000,0.000000,0.000000,0.000000,0,0,0,0,0,0,0,0,0,0,0,0.03900146484375,-0.003082275390625,-19.999996,-0.8702036,-57.388916,19.995247,-3.4494313e-19,-3.4494313e-19,-3.4494313e-19,-19.999996,Object notstarted,Object notstarted,Object notstarted,Object notstarted,Object notstarted,Object notstarted,Object notstarted,Object notstarted,Object notstarted
2024-03-18 10:38:12,817.817,__main___datalogs,INFO,JoyConState.NORMAL,17.587500,6.625000,-61.620000,0.098413,-0.002289,0.002289,0.020598,0.000000,0.000000,0.000000,0.000000,0,0,0,0,0,0,0,0,0,0,0,0.0379638671875,-0.003082275390625,-19.999996,-0.8702036,-57.388916,19.995247,-3.4494313e-19,-3.4494313e-19,-3.4494313e-19,-19.999996,Object notstarted,Object notstarted,Object notstarted,Object notstarted,Object notstarted,Object notstarted,Object notstarted,Object notstarted,Object notstarted
2024-03-18 10:38:12,873.873,__main___datalogs,INFO,JoyConState.NORMAL,17.587500,6.625000,-61.620000,0.096125,0.006866,0.004577,0.020598,0.000000,0.000000,0.000000,0.000000,0,0,0,0,0,0,0,0,0,0,0,0.03900146484375,-0.001861572265625,-19.999996,-0.8702036,-57.388916,19.995247,-3.4494313e-19,-3.4494313e-19,-3.4494313e-19,-19.999996,Object notstarted,Object notstarted,Object notstarted,Object notstarted,Object notstarted,Object notstarted,Object notstarted,Object notstarted,Object notstarted
2024-03-18 10:38:12,930.930,__main___datalogs,INFO,JoyConState.NORMAL,17.587500,6.625000,-61.620000,0.098413,-0.002289,0.002289,0.025176,0.000000,0.000000,0.000000,0.000000,0,0,0,0,0,0,0,0,0,0,0,0.03900146484375,-0.003082275390625,-19.999996,-0.8702036,-57.388916,19.995247,-3.4494313e-19,-3.4494313e-19,-3.4494313e-19,-19.999996,Object notstarted,Object notstarted,Object notstarted,Object notstarted,Object notstarted,Object notstarted,Object notstarted,Object notstarted,Object notstarted
2024-03-18 10:38:12,984.984,__main___datalogs,INFO,JoyConState.NORMAL,17.587500,6.625000,-61.620000,0.098413,0.002289,0.004577,0.020598,0.000000,0.000000,0.000000,0.000000,0,0,0,0,0,0,0,0,0,0,0,0.03900146484375,-0.001861572265625,-19.999996,-0.8702036,-57.388916,19.995247,-3.4494313e-19,-3.4494313e-19,-3.4494313e-19,-19.999996,Object notstarted,Object notstarted,Object notstarted,Object notstarted,Object notstarted,Object notstarted,Object notstarted,Object notstarted,Object notstarted
2024-03-18 10:38:13,042.042,__main___datalogs,INFO,JoyConState.NORMAL,17.587500,6.625000,-61.620000,0.098413,0.006866,0.002289,0.016021,0.000000,0.000000,0.000000,0.000000,0,0,0,0,0,0,0,0,0,0,0,0.03900146484375,-0.004302978515625,-19.999996,-0.8702036,-57.388916,19.995247,-3.4494313e-19,-3.4494313e-19,-3.4494313e-19,-19.999996,Object notstarted,Object notstarted,Object notstarted,Object notstarted,Object notstarted,Object notstarted,Object notstarted,Object notstarted,Object notstarted
2024-03-18 10:38:13,096.096,__main___datalogs,INFO,JoyConState.NORMAL,17.587500,6.625000,-61.620000,0.096125,0.006866,0.002289,0.016021,0.000000,0.000000,0.000000,0.000000,0,0,0,0,0,0,0,0,0,0,0,0.03900146484375,-0.003082275390625,-19.999996,-0.8702036,-57.388916,19.995247,-3.4494313e-19,-3.4494313e-19,-3.4494313e-19,-19.999996,Object notstarted,Object notstarted,Object notstarted,Object notstarted,Object notstarted,Object notstarted,Object notstarted,Object notstarted,Object notstarted
2024-03-18 10:38:13,153.153,__main___datalogs,INFO,JoyConState.NORMAL,17.587500,6.625000,-61.620000,0.091547,0.006866,0.004577,0.020598,0.000000,0.000000,0.000000,0.000000,0,0,0,0,0,0,0,0,0,0,0,0.0400390625,-0.003082275390625,-19.999996,-0.8702036,-57.388916,19.995247,-3.4494313e-19,-3.4494313e-19,-3.4494313e-19,-19.999996,Object notstarted,Object notstarted,Object notstarted,Object notstarted,Object notstarted,Object notstarted,Object notstarted,Object notstarted,Object notstarted
2024-03-18 10:38:13,209.209,__main___datalogs,INFO,JoyConState.NORMAL,17.587500,6.625000,-61.620000,0.096125,0.006866,0.002289,0.020598,0.000000,0.000000,0.000000,0.000000,0,0,0,0,0,0,0,0,0,0,0,0.0379638671875,-0.003082275390625,-19.999996,-0.8702036,-57.388916,19.995247,-3.4494313e-19,-3.4494313e-19,-3.4494313e-19,-19.999996,Object notstarted,Object notstarted,Object notstarted,Object notstarted,Object notstarted,Object notstarted,Object notstarted,Object notstarted,Object notstarted
2024-03-18 10:38:13,265.265,__main___datalogs,INFO,JoyConState.NORMAL,17.587500,6.625000,-61.620000,0.096125,0.002289,0.004577,0.020598,0.000000,0.000000,0.000000,0.000000,0,0,0,0,0,0,0,0,0,0,0,0.03900146484375,-0.004302978515625,-19.999996,-0.8702036,-57.388916,19.995247,-3.4494313e-19,-3.4494313e-19,-3.4494313e-19,-19.999996,Object notstarted,Object notstarted,Object notstarted,Object notstarted,Object notstarted,Object notstarted,Object notstarted,Object notstarted,Object notstarted
2024-03-18 10:38:13,321.321,__main___datalogs,INFO,JoyConState.NORMAL,17.587500,6.625000,-61.620000,0.098413,0.006866,0.004577,0.016021,0.000000,0.000000,0.000000,0.000000,0,0,0,0,0,0,0,0,0,0,0,0.03900146484375,-0.004302978515625,-19.999996,-0.8702036,-57.388916,19.995247,-3.4494313e-19,-3.4494313e-19,-3.4494313e-19,-19.999996,Object notstarted,Object notstarted,Object notstarted,Object notstarted,Object notstarted,Object notstarted,Object notstarted,Object notstarted,Object notstarted
2024-03-18 10:38:13,377.377,__main___datalogs,INFO,JoyConState.NORMAL,17.587500,6.625000,-61.620000,0.098413,0.006866,0.004577,0.016021,0.000000,0.000000,0.000000,0.000000,0,0,0,0,0,0,0,0,0,0,0,0.03900146484375,-0.003082275390625,-19.999996,-0.8702036,-57.388916,19.995247,-3.4494313e-19,-3.4494313e-19,-3.4494313e-19,-19.999996,Object notstarted,Object notstarted,Object notstarted,Object notstarted,Object notstarted,Object notstarted,Object notstarted,Object notstarted,Object notstarted
2024-03-18 10:38:13,433.433,__main___datalogs,INFO,JoyConState.NORMAL,17.587500,6.625000,-61.620000,0.096125,0.002289,0.004577,0.020598,0.000000,0.000000,0.000000,0.000000,0,0,0,0,0,0,0,0,0,0,0,0.03900146484375,-0.003082275390625,-19.999996,-0.8702036,-57.388916,19.995247,-3.4494313e-19,-3.4494313e-19,-3.4494313e-19,-19.999996,Object notstarted,Object notstarted,Object notstarted,Object notstarted,Object notstarted,Object notstarted,Object notstarted,Object notstarted,Object notstarted
2024-03-18 10:38:13,489.489,__main___datalogs,INFO,JoyConState.NORMAL,17.587500,6.625000,-61.620000,0.096125,0.006866,0.002289,0.020598,0.000000,0.000000,0.000000,0.000000,0,0,0,0,0,0,0,0,0,0,0,0.03900146484375,-0.003082275390625,-19.999996,-0.8702036,-57.388916,19.995247,-3.4494313e-19,-3.4494313e-19,-3.4494313e-19,-19.999996,Object notstarted,Object notstarted,Object notstarted,Object notstarted,Object notstarted,Object notstarted,Object notstarted,Object notstarted,Object notstarted
2024-03-18 10:38:13,544.544,__main___datalogs,INFO,JoyConState.NORMAL,17.587500,6.625000,-61.620000,0.096125,0.002289,0.002289,0.020598,0.000000,0.000000,0.000000,0.000000,0,0,0,0,0,0,0,0,0,0,0,0.03900146484375,-0.003082275390625,-19.999996,-0.8702036,-57.388916,19.995247,-3.4494313e-19,-3.4494313e-19,-3.4494313e-19,-19.999996,Object notstarted,Object notstarted,Object notstarted,Object notstarted,Object notstarted,Object notstarted,Object notstarted,Object notstarted,Object notstarted
2024-03-18 10:38:13,600.600,__main___datalogs,INFO,JoyConState.NORMAL,17.587500,6.625000,-61.620000,0.096125,0.006866,-0.002289,0.020598,0.000000,0.000000,0.000000,0.000000,0,0,0,0,0,0,0,0,0,0,0,0.0379638671875,-0.003082275390625,-19.999996,-0.8702036,-57.388916,19.995247,-3.4494313e-19,-3.4494313e-19,-3.4494313e-19,-19.999996,Object notstarted,Object notstarted,Object notstarted,Object notstarted,Object notstarted,Object notstarted,Object notstarted,Object notstarted,Object notstarted
2024-03-18 10:38:13,656.656,__main___datalogs,INFO,JoyConState.NORMAL,17.587500,6.625000,-61.620000,0.098413,0.006866,0.002289,0.020598,0.000000,0.000000,0.000000,0.000000,0,0,0,0,0,0,0,0,0,0,0,0.0379638671875,-0.001861572265625,-19.999996,-0.8702036,-57.388916,19.995247,-3.4494313e-19,-3.4494313e-19,-3.4494313e-19,-19.999996,Object notstarted,Object notstarted,Object notstarted,Object notstarted,Object notstarted,Object notstarted,Object notstarted,Object notstarted,Object notstarted
2024-03-18 10:38:13,728.728,__main___datalogs,INFO,JoyConState.NORMAL,17.587500,6.625000,-61.620000,0.098413,0.002289,0.002289,0.020598,0.000000,0.000000,0.000000,0.000000,0,0,0,0,0,0,0,0,0,0,0,0.03900146484375,-0.001861572265625,-19.999996,-0.8702036,-57.388916,19.995247,-3.4494313e-19,-3.4494313e-19,-3.4494313e-19,-19.999996,Object notstarted,Object notstarted,Object notstarted,Object notstarted,Object notstarted,Object notstarted,Object notstarted,Object notstarted,Object notstarted
2024-03-18 10:38:13,808.808,__main___datalogs,INFO,JoyConState.NORMAL,17.587500,6.625000,-61.620000,0.098413,0.006866,0.002289,0.020598,0.000000,0.000000,0.000000,0.000000,0,0,0,0,0,0,0,0,0,0,0,0.03900146484375,-0.003082275390625,-19.999996,-0.8702036,-57.388916,19.995247,-3.4494313e-19,-3.4494313e-19,-3.4494313e-19,-19.999996,Object notstarted,Object notstarted,Object notstarted,Object notstarted,Object notstarted,Object notstarted,Object notstarted,Object notstarted,Object notstarted
2024-03-18 10:38:13,864.864,__main___datalogs,INFO,JoyConState.NORMAL,17.587500,6.625000,-61.620000,0.098413,0.006866,0.002289,0.020598,0.000000,0.000000,0.000000,0.000000,0,0,0,0,0,0,0,0,0,0,0,0.03900146484375,-0.003082275390625,-19.999996,-0.8702036,-57.388916,19.995247,-3.4494313e-19,-3.4494313e-19,-3.4494313e-19,-19.999996,Object notstarted,Object notstarted,Object notstarted,Object notstarted,Object notstarted,Object notstarted,Object notstarted,Object notstarted,Object notstarted
2024-03-18 10:38:13,920.920,__main___datalogs,INFO,JoyConState.NORMAL,17.587500,6.625000,-61.620000,0.096125,0.006866,0.004577,0.020598,0.000000,0.000000,0.000000,0.000000,0,0,0,0,0,0,0,0,0,0,0,0.03900146484375,-0.004302978515625,-19.999996,-0.8702036,-57.388916,19.995247,-3.4494313e-19,-3.4494313e-19,-3.4494313e-19,-19.999996,Object notstarted,Object notstarted,Object notstarted,Object notstarted,Object notstarted,Object notstarted,Object notstarted,Object notstarted,Object notstarted
2024-03-18 10:38:13,977.977,__main___datalogs,INFO,JoyConState.NORMAL,17.587500,6.625000,-61.620000,0.096125,0.002289,0.004577,0.020598,0.000000,0.000000,0.000000,0.000000,0,0,0,0,0,0,0,0,0,0,0,0.03900146484375,-0.003082275390625,-19.999996,-0.8702036,-57.388916,19.995247,-3.4494313e-19,-3.4494313e-19,-3.4494313e-19,-19.999996,Object notstarted,Object notstarted,Object notstarted,Object notstarted,Object notstarted,Object notstarted,Object notstarted,Object notstarted,Object notstarted
2024-03-18 10:38:14,033.033,__main___datalogs,INFO,JoyConState.NORMAL,17.587500,6.625000,-61.620000,0.096125,0.002289,0.002289,0.020598,0.000000,0.000000,0.000000,0.000000,0,0,0,0,0,0,0,0,0,0,0,0.03900146484375,-0.001861572265625,-19.999996,-0.8702036,-57.388916,19.995247,-3.4494313e-19,-3.4494313e-19,-3.4494313e-19,-19.999996,Object notstarted,Object notstarted,Object notstarted,Object notstarted,Object notstarted,Object notstarted,Object notstarted,Object notstarted,Object notstarted
2024-03-18 10:38:14,088.088,__main___datalogs,INFO,JoyConState.NORMAL,17.587500,6.625000,-61.620000,0.096125,0.002289,0.002289,0.020598,0.000000,0.000000,0.000000,0.000000,0,0,0,0,0,0,0,0,0,0,0,0.03900146484375,-0.003082275390625,-19.999996,-0.8702036,-57.388916,19.995247,-3.4494313e-19,-3.4494313e-19,-3.4494313e-19,-19.999996,Object notstarted,Object notstarted,Object notstarted,Object notstarted,Object notstarted,Object notstarted,Object notstarted,Object notstarted,Object notstarted
2024-03-18 10:38:14,144.144,__main___datalogs,INFO,JoyConState.NORMAL,17.587500,6.625000,-61.620000,0.098413,0.002289,0.002289,0.020598,0.000000,0.000000,0.000000,0.000000,0,0,0,0,0,0,0,0,0,0,0,0.0400390625,-0.0006103515625,-19.999996,-0.8702036,-57.388916,19.995247,-3.4494313e-19,-3.4494313e-19,-3.4494313e-19,-19.999996,Object notstarted,Object notstarted,Object notstarted,Object notstarted,Object notstarted,Object notstarted,Object notstarted,Object notstarted,Object notstarted
2024-03-18 10:38:14,199.199,__main___datalogs,INFO,JoyConState.NORMAL,17.587500,6.625000,-61.620000,0.098413,0.002289,0.002289,0.016021,0.000000,0.000000,0.000000,0.000000,0,0,0,0,0,0,0,0,0,0,0,0.03900146484375,-0.001861572265625,-19.999996,-0.8702036,-57.388916,19.995247,-3.4494313e-19,-3.4494313e-19,-3.4494313e-19,-19.999996,Object notstarted,Object notstarted,Object notstarted,Object notstarted,Object notstarted,Object notstarted,Object notstarted,Object notstarted,Object notstarted
2024-03-18 10:38:14,255.255,__main___datalogs,INFO,JoyConState.NORMAL,17.587500,6.625000,-61.620000,0.098413,0.002289,0.004577,0.020598,0.000000,0.000000,0.000000,0.000000,0,0,0,0,0,0,0,0,0,0,0,0.03900146484375,-0.004302978515625,-19.999996,-0.8702036,-57.388916,19.995247,-3.4494313e-19,-3.4494313e-19,-3.4494313e-19,-19.999996,Object notstarted,Object notstarted,Object notstarted,Object notstarted,Object notstarted,Object notstarted,Object notstarted,Object notstarted,Object notstarted
2024-03-18 10:38:14,311.311,__main___datalogs,INFO,JoyConState.NORMAL,17.587500,6.625000,-61.620000,0.096125,0.002289,0.002289,0.020598,0.000000,0.000000,0.000000,0.000000,0,0,0,0,0,0,0,0,0,0,0,0.03900146484375,-0.003082275390625,-19.999996,-0.8702036,-57.388916,19.995247,-3.4494313e-19,-3.4494313e-19,-3.4494313e-19,-19.999996,Object notstarted,Object notstarted,Object notstarted,Object notstarted,Object notstarted,Object notstarted,Object notstarted,Object notstarted,Object notstarted
2024-03-18 10:38:14,366.366,__main___datalogs,INFO,JoyConState.NORMAL,17.587500,6.625000,-61.620000,0.096125,0.006866,0.004577,0.020598,0.000000,0.000000,0.000000,0.000000,0,0,0,0,0,0,0,0,0,0,0,0.03900146484375,-0.003082275390625,-19.999996,-0.8702036,-57.388916,19.995247,-3.4494313e-19,-3.4494313e-19,-3.4494313e-19,-19.999996,Object notstarted,Object notstarted,Object notstarted,Object notstarted,Object notstarted,Object notstarted,Object notstarted,Object notstarted,Object notstarted
2024-03-18 10:38:14,423.423,__main___datalogs,INFO,JoyConState.NORMAL,17.587500,6.625000,-61.620000,0.096125,0.006866,0.002289,0.020598,0.000000,0.000000,0.000000,0.000000,0,0,0,0,0,0,0,0,0,0,0,0.03900146484375,-0.00555419921875,-19.999996,-0.8702036,-57.388916,19.995247,-3.4494313e-19,-3.4494313e-19,-3.4494313e-19,-19.999996,Object notstarted,Object notstarted,Object notstarted,Object notstarted,Object notstarted,Object notstarted,Object notstarted,Object notstarted,Object notstarted
2024-03-18 10:38:14,478.478,__main___datalogs,INFO,JoyConState.NORMAL,17.587500,6.625000,-61.620000,0.096125,0.006866,0.004577,0.025176,0.000000,0.000000,0.000000,0.000000,0,0,0,0,0,0,0,0,0,0,0,0.03900146484375,-0.003082275390625,-19.999996,-0.8702036,-57.388916,19.995247,-3.4494313e-19,-3.4494313e-19,-3.4494313e-19,-19.999996,Object notstarted,Object notstarted,Object notstarted,Object notstarted,Object notstarted,Object notstarted,Object notstarted,Object notstarted,Object notstarted
2024-03-18 10:38:14,535.535,__main___datalogs,INFO,JoyConState.NORMAL,17.587500,6.625000,-61.620000,0.096125,0.002289,0.004577,0.025176,0.000000,0.000000,0.000000,0.000000,0,0,0,0,0,0,0,0,0,0,0,0.03900146484375,-0.004302978515625,-19.999996,-0.8702036,-57.388916,19.995247,-3.4494313e-19,-3.4494313e-19,-3.4494313e-19,-19.999996,Object notstarted,Object notstarted,Object notstarted,Object notstarted,Object notstarted,Object notstarted,Object notstarted,Object notstarted,Object notstarted
2024-03-18 10:38:14,590.590,__main___datalogs,INFO,JoyConState.NORMAL,17.587500,6.625000,-61.620000,0.096125,0.006866,0.004577,0.020598,0.000000,0.000000,0.000000,0.000000,0,0,0,0,0,0,0,0,0,0,0,0.03900146484375,-0.003082275390625,-19.999996,-0.8702036,-57.388916,19.995247,-3.4494313e-19,-3.4494313e-19,-3.4494313e-19,-19.999996,Object notstarted,Object notstarted,Object notstarted,Object notstarted,Object notstarted,Object notstarted,Object notstarted,Object notstarted,Object notstarted
2024-03-18 10:38:14,647.647,__main___datalogs,INFO,JoyConState.NORMAL,17.587500,6.625000,-61.620000,0.098413,0.002289,0.004577,0.020598,0.000000,0.000000,0.000000,0.000000,0,0,0,0,0,0,0,0,0,0,0,0.0379638671875,-0.003082275390625,-19.999996,-0.8702036,-57.388916,19.995247,-3.4494313e-19,-3.4494313e-19,-3.4494313e-19,-19.999996,Object notstarted,Object notstarted,Object notstarted,Object notstarted,Object notstarted,Object notstarted,Object notstarted,Object notstarted,Object notstarted
2024-03-18 10:38:14,702.702,__main___datalogs,INFO,JoyConState.NORMAL,17.587500,6.625000,-61.620000,0.098413,-0.002289,0.002289,0.020598,0.000000,0.000000,0.000000,0.000000,0,0,0,0,0,0,0,0,0,0,0,0.03900146484375,-0.003082275390625,-19.999996,-0.8702036,-57.388916,19.995247,-3.4494313e-19,-3.4494313e-19,-3.4494313e-19,-19.999996,Object notstarted,Object notstarted,Object notstarted,Object notstarted,Object notstarted,Object notstarted,Object notstarted,Object notstarted,Object notstarted
2024-03-18 10:38:14,759.759,__main___datalogs,INFO,JoyConState.NORMAL,17.587500,6.625000,-61.620000,0.098413,0.002289,0.002289,0.020598,0.000000,0.000000,0.000000,0.000000,0,0,0,0,0,0,0,0,0,0,0,0.03900146484375,-0.003082275390625,-19.999996,-0.8702036,-57.388916,19.995247,-3.4494313e-19,-3.4494313e-19,-3.4494313e-19,-19.999996,Object notstarted,Object notstarted,Object notstarted,Object notstarted,Object notstarted,Object notstarted,Object notstarted,Object notstarted,Object notstarted
2024-03-18 10:38:14,838.838,__main___datalogs,INFO,JoyConState.NORMAL,17.587500,6.625000,-61.620000,0.098413,0.002289,0.002289,0.020598,0.000000,0.000000,0.000000,0.000000,0,0,0,0,0,0,0,0,0,0,0,0.0379638671875,-0.004302978515625,-19.999996,-0.8702036,-57.388916,19.995247,-3.4494313e-19,-3.4494313e-19,-3.4494313e-19,-19.999996,Object notstarted,Object notstarted,Object notstarted,Object notstarted,Object notstarted,Object notstarted,Object notstarted,Object notstarted,Object notstarted
2024-03-18 10:38:14,894.894,__main___datalogs,INFO,JoyConState.NORMAL,17.587500,6.625000,-61.620000,0.098413,0.002289,-0.002289,0.020598,0.000000,0.000000,0.000000,0.000000,0,0,0,0,0,0,0,0,0,0,0,0.03900146484375,-0.003082275390625,-19.999996,-0.8702036,-57.388916,19.995247,-3.4494313e-19,-3.4494313e-19,-3.4494313e-19,-19.999996,Object notstarted,Object notstarted,Object notstarted,Object notstarted,Object notstarted,Object notstarted,Object notstarted,Object notstarted,Object notstarted
2024-03-18 10:38:14,949.949,__main___datalogs,INFO,JoyConState.NORMAL,17.587500,6.625000,-61.620000,0.098413,0.006866,0.002289,0.025176,0.000000,0.000000,0.000000,0.000000,0,0,0,0,0,0,0,0,0,0,0,0.0379638671875,-0.001861572265625,-19.999996,-0.8702036,-57.388916,19.995247,-3.4494313e-19,-3.4494313e-19,-3.4494313e-19,-19.999996,Object notstarted,Object notstarted,Object notstarted,Object notstarted,Object notstarted,Object notstarted,Object notstarted,Object notstarted,Object notstarted
2024-03-18 10:38:15,006.006,__main___datalogs,INFO,JoyConState.NORMAL,17.587500,6.625000,-61.620000,0.098413,0.006866,0.002289,0.020598,0.000000,0.000000,0.000000,0.000000,0,0,0,0,0,0,0,0,0,0,0,0.03900146484375,-0.001861572265625,-19.999996,-0.8702036,-57.388916,19.995247,-3.4494313e-19,-3.4494313e-19,-3.4494313e-19,-19.999996,Object notstarted,Object notstarted,Object notstarted,Object notstarted,Object notstarted,Object notstarted,Object notstarted,Object notstarted,Object notstarted
2024-03-18 10:38:15,062.062,__main___datalogs,INFO,JoyConState.NORMAL,17.587500,6.625000,-61.620000,0.098413,0.002289,0.002289,0.020598,0.000000,0.000000,0.000000,0.000000,0,0,0,0,0,0,0,0,0,0,0,0.03900146484375,-0.003082275390625,-19.999996,-0.8702036,-57.388916,19.995247,-3.4494313e-19,-3.4494313e-19,-3.4494313e-19,-19.999996,Object notstarted,Object notstarted,Object notstarted,Object notstarted,Object notstarted,Object notstarted,Object notstarted,Object notstarted,Object notstarted
2024-03-18 10:38:15,118.118,__main___datalogs,INFO,JoyConState.NORMAL,17.587500,6.625000,-61.620000,0.098413,-0.002289,0.004577,0.020598,0.000000,0.000000,0.000000,0.000000,0,0,0,0,0,0,0,0,0,0,0,0.0400390625,-0.003082275390625,-19.999996,-0.8702036,-57.388916,19.995247,-3.4494313e-19,-3.4494313e-19,-3.4494313e-19,-19.999996,Object notstarted,Object notstarted,Object notstarted,Object notstarted,Object notstarted,Object notstarted,Object notstarted,Object notstarted,Object notstarted
2024-03-18 10:38:15,173.173,__main___datalogs,INFO,JoyConState.NORMAL,17.587500,6.625000,-61.620000,0.098413,-0.002289,0.004577,0.020598,0.000000,0.000000,0.000000,0.000000,0,0,0,0,0,0,0,0,0,0,0,0.03900146484375,-0.003082275390625,-19.999996,-0.8702036,-57.388916,19.995247,-3.4494313e-19,-3.4494313e-19,-3.4494313e-19,-19.999996,Object notstarted,Object notstarted,Object notstarted,Object notstarted,Object notstarted,Object notstarted,Object notstarted,Object notstarted,Object notstarted
2024-03-18 10:38:15,230.230,__main___datalogs,INFO,JoyConState.NORMAL,17.587500,6.625000,-61.620000,0.098413,0.002289,0.004577,0.020598,0.000000,0.000000,0.000000,0.000000,0,0,0,0,0,0,0,0,0,0,0,0.03900146484375,-0.003082275390625,-19.999996,-0.8702036,-57.388916,19.995247,-3.4494313e-19,-3.4494313e-19,-3.4494313e-19,-19.999996,Object notstarted,Object notstarted,Object notstarted,Object notstarted,Object notstarted,Object notstarted,Object notstarted,Object notstarted,Object notstarted
2024-03-18 10:38:15,286.286,__main___datalogs,INFO,JoyConState.NORMAL,17.587500,6.625000,-61.620000,0.098413,0.006866,0.004577,0.020598,0.000000,0.000000,0.000000,0.000000,0,0,0,0,0,0,0,0,0,0,0,0.03900146484375,-0.004302978515625,-19.999996,-0.8702036,-57.388916,19.995247,-3.4494313e-19,-3.4494313e-19,-3.4494313e-19,-19.999996,Object notstarted,Object notstarted,Object notstarted,Object notstarted,Object notstarted,Object notstarted,Object notstarted,Object notstarted,Object notstarted
2024-03-18 10:38:15,342.342,__main___datalogs,INFO,JoyConState.NORMAL,17.587500,6.625000,-61.620000,0.096125,-0.002289,0.002289,0.025176,0.000000,0.000000,0.000000,0.000000,0,0,0,0,0,0,0,0,0,0,0,0.0400390625,-0.001861572265625,-19.999996,-0.8702036,-57.388916,19.995247,-3.4494313e-19,-3.4494313e-19,-3.4494313e-19,-19.999996,Object notstarted,Object notstarted,Object notstarted,Object notstarted,Object notstarted,Object notstarted,Object notstarted,Object notstarted,Object notstarted
2024-03-18 10:38:15,397.397,__main___datalogs,INFO,JoyConState.NORMAL,17.587500,6.625000,-61.620000,0.096125,-0.002289,0.002289,0.020598,0.000000,0.000000,0.000000,0.000000,0,0,0,0,0,0,0,0,0,0,0,0.03900146484375,-0.004302978515625,-19.999996,-0.8702036,-57.388916,19.995247,-3.4494313e-19,-3.4494313e-19,-3.4494313e-19,-19.999996,Object notstarted,Object notstarted,Object notstarted,Object notstarted,Object notstarted,Object notstarted,Object notstarted,Object notstarted,Object notstarted
2024-03-18 10:38:15,454.454,__main___datalogs,INFO,JoyConState.NORMAL,17.587500,6.625000,-61.620000,0.096125,0.002289,0.002289,0.020598,0.000000,0.000000,0.000000,0.000000,0,0,0,0,0,0,0,0,0,0,0,0.03900146484375,-0.004302978515625,-19.999996,-0.8702036,-57.388916,19.995247,-3.4494313e-19,-3.4494313e-19,-3.4494313e-19,-19.999996,Object notstarted,Object notstarted,Object notstarted,Object notstarted,Object notstarted,Object notstarted,Object notstarted,Object notstarted,Object notstarted
2024-03-18 10:38:15,509.509,__main___datalogs,INFO,JoyConState.NORMAL,17.587500,6.625000,-61.620000,0.098413,0.002289,0.004577,0.020598,0.000000,0.000000,0.000000,0.000000,0,0,0,0,0,0,0,0,0,0,0,0.0379638671875,-0.003082275390625,-19.999996,-0.8702036,-57.388916,19.995247,-3.4494313e-19,-3.4494313e-19,-3.4494313e-19,-19.999996,Object notstarted,Object notstarted,Object notstarted,Object notstarted,Object notstarted,Object notstarted,Object notstarted,Object notstarted,Object notstarted
2024-03-18 10:38:15,565.565,__main___datalogs,INFO,JoyConState.NORMAL,17.587500,6.625000,-61.620000,0.096125,-0.002289,0.002289,0.020598,0.000000,0.000000,0.000000,0.000000,0,0,0,0,0,0,0,0,0,0,0,0.0379638671875,-0.003082275390625,-19.999996,-0.8702036,-57.388916,19.995247,-3.4494313e-19,-3.4494313e-19,-3.4494313e-19,-19.999996,Object notstarted,Object notstarted,Object notstarted,Object notstarted,Object notstarted,Object notstarted,Object notstarted,Object notstarted,Object notstarted
2024-03-18 10:38:15,621.621,__main___datalogs,INFO,JoyConState.NORMAL,17.587500,6.625000,-61.620000,0.096125,0.002289,0.002289,0.020598,0.000000,0.000000,0.000000,0.000000,0,0,0,0,0,0,0,0,0,0,0,0.0379638671875,-0.003082275390625,-19.999996,-0.8702036,-57.388916,19.995247,-3.4494313e-19,-3.4494313e-19,-3.4494313e-19,-19.999996,Object notstarted,Object notstarted,Object notstarted,Object notstarted,Object notstarted,Object notstarted,Object notstarted,Object notstarted,Object notstarted
2024-03-18 10:38:15,677.677,__main___datalogs,INFO,JoyConState.NORMAL,17.587500,6.625000,-61.620000,0.096125,0.002289,0.004577,0.016021,0.000000,0.000000,0.000000,0.000000,0,0,0,0,0,0,0,0,0,0,0,0.03900146484375,-0.001861572265625,-19.999996,-0.8702036,-57.388916,19.995247,-3.4494313e-19,-3.4494313e-19,-3.4494313e-19,-19.999996,Object notstarted,Object notstarted,Object notstarted,Object notstarted,Object notstarted,Object notstarted,Object notstarted,Object notstarted,Object notstarted
2024-03-18 10:38:15,733.733,__main___datalogs,INFO,JoyConState.NORMAL,17.587500,6.625000,-61.620000,0.096125,-0.002289,0.002289,0.020598,0.000000,0.000000,0.000000,0.000000,0,0,0,0,0,0,0,0,0,0,0,0.03900146484375,-0.001861572265625,-19.999996,-0.8702036,-57.388916,19.995247,-3.4494313e-19,-3.4494313e-19,-3.4494313e-19,-19.999996,Object notstarted,Object notstarted,Object notstarted,Object notstarted,Object notstarted,Object notstarted,Object notstarted,Object notstarted,Object notstarted
2024-03-18 10:38:15,789.789,__main___datalogs,INFO,JoyConState.NORMAL,17.587500,6.625000,-61.620000,0.096125,0.002289,0.004577,0.020598,0.000000,0.000000,0.000000,0.000000,0,0,0,0,0,0,0,0,0,0,0,0.03900146484375,-0.003082275390625,-19.999996,-0.8702036,-57.388916,19.995247,-3.4494313e-19,-3.4494313e-19,-3.4494313e-19,-19.999996,Object notstarted,Object notstarted,Object notstarted,Object notstarted,Object notstarted,Object notstarted,Object notstarted,Object notstarted,Object notstarted
2024-03-18 10:38:15,861.861,__main___datalogs,INFO,JoyConState.NORMAL,17.587500,6.625000,-61.620000,0.096125,0.002289,0.002289,0.020598,0.000000,0.000000,0.000000,0.000000,0,0,0,0,0,0,0,0,0,0,0,0.03900146484375,-0.004302978515625,-19.999996,-0.8702036,-57.388916,19.995247,-3.4494313e-19,-3.4494313e-19,-3.4494313e-19,-19.999996,Object notstarted,Object notstarted,Object notstarted,Object notstarted,Object notstarted,Object notstarted,Object notstarted,Object notstarted,Object notstarted
2024-03-18 10:38:15,925.925,__main___datalogs,INFO,JoyConState.NORMAL,17.587500,6.625000,-61.620000,0.098413,0.002289,0.004577,0.020598,0.000000,0.000000,0.000000,0.000000,0,0,0,0,0,0,0,0,0,0,0,0.03900146484375,-0.00555419921875,-19.999996,-0.8702036,-57.388916,19.995247,-3.4494313e-19,-3.4494313e-19,-3.4494313e-19,-19.999996,Object notstarted,Object notstarted,Object notstarted,Object notstarted,Object notstarted,Object notstarted,Object notstarted,Object notstarted,Object notstarted
2024-03-18 10:38:15,980.980,__main___datalogs,INFO,JoyConState.NORMAL,17.587500,6.625000,-61.620000,0.096125,0.006866,0.004577,0.020598,0.000000,0.000000,0.000000,0.000000,0,0,0,0,0,0,0,0,0,0,0,0.03900146484375,-0.003082275390625,-19.999996,-0.8702036,-57.388916,19.995247,-3.4494313e-19,-3.4494313e-19,-3.4494313e-19,-19.999996,Object notstarted,Object notstarted,Object notstarted,Object notstarted,Object notstarted,Object notstarted,Object notstarted,Object notstarted,Object notstarted
2024-03-18 10:38:16,037.037,__main___datalogs,INFO,JoyConState.NORMAL,17.587500,6.625000,-61.620000,0.096125,0.002289,0.002289,0.020598,0.000000,0.000000,0.000000,0.000000,0,0,0,0,0,0,0,0,0,0,0,0.03900146484375,-0.001861572265625,-19.999996,-0.8702036,-57.388916,19.995247,-3.4494313e-19,-3.4494313e-19,-3.4494313e-19,-19.999996,Object notstarted,Object notstarted,Object notstarted,Object notstarted,Object notstarted,Object notstarted,Object notstarted,Object notstarted,Object notstarted
2024-03-18 10:38:16,092.092,__main___datalogs,INFO,JoyConState.NORMAL,17.587500,6.625000,-61.620000,0.102991,-0.002289,0.002289,0.020598,0.000000,0.000000,0.000000,0.000000,0,0,0,0,0,0,0,0,0,0,0,0.0400390625,-0.004302978515625,-19.999996,-0.8702036,-57.388916,19.995247,-3.4494313e-19,-3.4494313e-19,-3.4494313e-19,-19.999996,Object notstarted,Object notstarted,Object notstarted,Object notstarted,Object notstarted,Object notstarted,Object notstarted,Object notstarted,Object notstarted
2024-03-18 10:38:16,149.149,__main___datalogs,INFO,JoyConState.NORMAL,17.587500,6.625000,-61.620000,0.098413,0.002289,0.004577,0.020598,0.000000,0.000000,0.000000,0.000000,0,0,0,0,0,0,0,0,0,0,0,0.03900146484375,-0.003082275390625,-19.999996,-0.8702036,-57.388916,19.995247,-3.4494313e-19,-3.4494313e-19,-3.4494313e-19,-19.999996,Object notstarted,Object notstarted,Object notstarted,Object notstarted,Object notstarted,Object notstarted,Object notstarted,Object notstarted,Object notstarted
2024-03-18 10:38:16,204.204,__main___datalogs,INFO,JoyConState.NORMAL,17.587500,6.625000,-61.620000,0.096125,-0.002289,0.004577,0.020598,0.000000,0.000000,0.000000,0.000000,0,0,0,0,0,0,0,0,0,0,0,0.0379638671875,-0.003082275390625,-19.999996,-0.8702036,-57.388916,19.995247,-3.4494313e-19,-3.4494313e-19,-3.4494313e-19,-19.999996,Object notstarted,Object notstarted,Object notstarted,Object notstarted,Object notstarted,Object notstarted,Object notstarted,Object notstarted,Object notstarted
2024-03-18 10:38:16,260.260,__main___datalogs,INFO,JoyConState.NORMAL,17.587500,6.625000,-61.620000,0.096125,0.002289,0.002289,0.016021,0.000000,0.000000,0.000000,0.000000,0,0,0,0,0,0,0,0,0,0,0,0.0379638671875,-0.001861572265625,-19.999996,-0.8702036,-57.388916,19.995247,-3.4494313e-19,-3.4494313e-19,-3.4494313e-19,-19.999996,Object notstarted,Object notstarted,Object notstarted,Object notstarted,Object notstarted,Object notstarted,Object notstarted,Object notstarted,Object notstarted
2024-03-18 10:38:16,316.316,__main___datalogs,INFO,JoyConState.NORMAL,17.587500,6.625000,-61.620000,0.096125,0.006866,0.004577,0.020598,0.000000,0.000000,0.000000,0.000000,0,0,0,0,0,0,0,0,0,0,0,0.03900146484375,-0.001861572265625,-19.999996,-0.8702036,-57.388916,19.995247,-3.4494313e-19,-3.4494313e-19,-3.4494313e-19,-19.999996,Object notstarted,Object notstarted,Object notstarted,Object notstarted,Object notstarted,Object notstarted,Object notstarted,Object notstarted,Object notstarted
2024-03-18 10:38:16,373.373,__main___datalogs,INFO,JoyConState.NORMAL,17.587500,6.625000,-61.620000,0.098413,0.006866,0.002289,0.020598,0.000000,0.000000,0.000000,0.000000,0,0,0,0,0,0,0,0,0,0,0,0.03900146484375,-0.003082275390625,-19.999996,-0.8702036,-57.388916,19.995247,-3.4494313e-19,-3.4494313e-19,-3.4494313e-19,-19.999996,Object notstarted,Object notstarted,Object notstarted,Object notstarted,Object notstarted,Object notstarted,Object notstarted,Object notstarted,Object notstarted
2024-03-18 10:38:16,428.428,__main___datalogs,INFO,JoyConState.NORMAL,17.587500,6.625000,-61.620000,0.098413,0.002289,0.004577,0.025176,0.000000,0.000000,0.000000,0.000000,0,0,0,0,0,0,0,0,0,0,0,0.03900146484375,-0.003082275390625,-19.999996,-0.8702036,-57.388916,19.995247,-3.4494313e-19,-3.4494313e-19,-3.4494313e-19,-19.999996,Object notstarted,Object notstarted,Object notstarted,Object notstarted,Object notstarted,Object notstarted,Object notstarted,Object notstarted,Object notstarted
2024-03-18 10:38:16,484.484,__main___datalogs,INFO,JoyConState.NORMAL,17.587500,6.625000,-61.620000,0.098413,-0.002289,0.002289,0.020598,0.000000,0.000000,0.000000,0.000000,0,0,0,0,0,0,0,0,0,0,0,0.03900146484375,-0.003082275390625,-19.999996,-0.8702036,-57.388916,19.995247,-3.4494313e-19,-3.4494313e-19,-3.4494313e-19,-19.999996,Object notstarted,Object notstarted,Object notstarted,Object notstarted,Object notstarted,Object notstarted,Object notstarted,Object notstarted,Object notstarted
2024-03-18 10:38:16,539.539,__main___datalogs,INFO,JoyConState.NORMAL,17.587500,6.625000,-61.620000,0.102991,0.002289,0.004577,0.020598,0.000000,0.000000,0.000000,0.000000,0,0,0,0,0,0,0,0,0,0,0,0.03900146484375,-0.003082275390625,-19.999996,-0.8702036,-57.388916,19.995247,-3.4494313e-19,-3.4494313e-19,-3.4494313e-19,-19.999996,Object notstarted,Object notstarted,Object notstarted,Object notstarted,Object notstarted,Object notstarted,Object notstarted,Object notstarted,Object notstarted
2024-03-18 10:38:16,596.596,__main___datalogs,INFO,JoyConState.NORMAL,17.587500,6.625000,-61.620000,0.098413,0.006866,0.004577,0.020598,0.000000,0.000000,0.000000,0.000000,0,0,0,0,0,0,0,0,0,0,0,0.03900146484375,-0.004302978515625,-19.999996,-0.8702036,-57.388916,19.995247,-3.4494313e-19,-3.4494313e-19,-3.4494313e-19,-19.999996,Object notstarted,Object notstarted,Object notstarted,Object notstarted,Object notstarted,Object notstarted,Object notstarted,Object notstarted,Object notstarted
2024-03-18 10:38:16,652.652,__main___datalogs,INFO,JoyConState.NORMAL,17.587500,6.625000,-61.620000,0.096125,0.002289,0.002289,0.020598,0.000000,0.000000,0.000000,0.000000,0,0,0,0,0,0,0,0,0,0,0,0.03900146484375,-0.003082275390625,-19.999996,-0.8702036,-57.388916,19.995247,-3.4494313e-19,-3.4494313e-19,-3.4494313e-19,-19.999996,Object notstarted,Object notstarted,Object notstarted,Object notstarted,Object notstarted,Object notstarted,Object notstarted,Object notstarted,Object notstarted
2024-03-18 10:38:16,708.708,__main___datalogs,INFO,JoyConState.NORMAL,17.587500,6.625000,-61.620000,0.096125,0.006866,0.004577,0.020598,0.000000,0.000000,0.000000,0.000000,0,0,0,0,0,0,0,0,0,0,0,0.03900146484375,-0.003082275390625,-19.999996,-0.8702036,-57.388916,19.995247,-3.4494313e-19,-3.4494313e-19,-3.4494313e-19,-19.999996,Object notstarted,Object notstarted,Object notstarted,Object notstarted,Object notstarted,Object notstarted,Object notstarted,Object notstarted,Object notstarted
2024-03-18 10:38:16,764.764,__main___datalogs,INFO,JoyConState.NORMAL,17.587500,6.625000,-61.620000,0.096125,0.002289,0.002289,0.020598,0.000000,0.000000,0.000000,0.000000,0,0,0,0,0,0,0,0,0,0,0,0.03900146484375,-0.003082275390625,-19.999996,-0.8702036,-57.388916,19.995247,-3.4494313e-19,-3.4494313e-19,-3.4494313e-19,-19.999996,Object notstarted,Object notstarted,Object notstarted,Object notstarted,Object notstarted,Object notstarted,Object notstarted,Object notstarted,Object notstarted
2024-03-18 10:38:16,820.820,__main___datalogs,INFO,JoyConState.NORMAL,17.587500,6.625000,-61.620000,0.098413,0.006866,0.004577,0.020598,0.000000,0.000000,0.000000,0.000000,0,0,0,0,0,0,0,0,0,0,0,0.03900146484375,-0.003082275390625,-19.999996,-0.8702036,-57.388916,19.995247,-3.4494313e-19,-3.4494313e-19,-3.4494313e-19,-19.999996,Object notstarted,Object notstarted,Object notstarted,Object notstarted,Object notstarted,Object notstarted,Object notstarted,Object notstarted,Object notstarted
2024-03-18 10:38:16,875.875,__main___datalogs,INFO,JoyConState.NORMAL,17.587500,6.625000,-61.620000,0.098413,0.006866,0.002289,0.020598,0.000000,0.000000,0.000000,0.000000,0,0,0,0,0,0,0,0,0,0,0,0.03900146484375,-0.003082275390625,-19.999996,-0.8702036,-57.388916,19.995247,-3.4494313e-19,-3.4494313e-19,-3.4494313e-19,-19.999996,Object notstarted,Object notstarted,Object notstarted,Object notstarted,Object notstarted,Object notstarted,Object notstarted,Object notstarted,Object notstarted
2024-03-18 10:38:16,948.948,__main___datalogs,INFO,JoyConState.NORMAL,17.587500,6.625000,-61.620000,0.098413,-0.002289,0.002289,0.020598,0.000000,0.000000,0.000000,0.000000,0,0,0,0,0,0,0,0,0,0,0,0.0400390625,-0.003082275390625,-19.999996,-0.8702036,-57.388916,19.995247,-3.4494313e-19,-3.4494313e-19,-3.4494313e-19,-19.999996,Object notstarted,Object notstarted,Object notstarted,Object notstarted,Object notstarted,Object notstarted,Object notstarted,Object notstarted,Object notstarted
2024-03-18 10:38:17,025.025,__main___datalogs,INFO,JoyConState.NORMAL,17.587500,6.625000,-61.620000,0.098413,-0.002289,0.004577,0.020598,0.000000,0.000000,0.000000,0.000000,0,0,0,0,0,0,0,0,0,0,0,0.041107177734375,-0.001861572265625,-19.999996,-0.8702036,-57.388916,19.995247,-3.4494313e-19,-3.4494313e-19,-3.4494313e-19,-19.999996,Object notstarted,Object notstarted,Object notstarted,Object notstarted,Object notstarted,Object notstarted,Object notstarted,Object notstarted,Object notstarted
2024-03-18 10:38:17,081.081,__main___datalogs,INFO,JoyConState.NORMAL,17.587500,6.625000,-61.620000,0.080104,0.006866,0.004577,0.020598,0.000000,0.000000,0.000000,0.000000,0,0,0,0,0,0,0,0,0,0,0,0.03900146484375,-0.004302978515625,-19.999996,-0.8702036,-57.388916,19.995247,-3.4494313e-19,-3.4494313e-19,-3.4494313e-19,-19.999996,Object notstarted,Object notstarted,Object notstarted,Object notstarted,Object notstarted,Object notstarted,Object notstarted,Object notstarted,Object notstarted
2024-03-18 10:38:17,137.137,__main___datalogs,INFO,JoyConState.NORMAL,17.587500,6.625000,-61.620000,0.091547,0.006866,0.002289,0.020598,0.000000,0.000000,0.000000,0.000000,0,0,0,0,0,0,0,0,0,0,0,0.03900146484375,-0.0006103515625,-19.999996,-0.8702036,-57.388916,19.995247,-3.4494313e-19,-3.4494313e-19,-3.4494313e-19,-19.999996,Object notstarted,Object notstarted,Object notstarted,Object notstarted,Object notstarted,Object notstarted,Object notstarted,Object notstarted,Object notstarted
2024-03-18 10:38:17,193.193,__main___datalogs,INFO,JoyConState.NORMAL,17.587500,6.625000,-61.620000,0.096125,0.006866,0.002289,0.020598,0.000000,0.000000,0.000000,0.000000,0,0,0,0,0,0,0,0,0,0,0,0.0379638671875,-0.003082275390625,-19.999996,-0.8702036,-57.388916,19.995247,-3.4494313e-19,-3.4494313e-19,-3.4494313e-19,-19.999996,Object notstarted,Object notstarted,Object notstarted,Object notstarted,Object notstarted,Object notstarted,Object notstarted,Object notstarted,Object notstarted
2024-03-18 10:38:17,249.249,__main___datalogs,INFO,JoyConState.NORMAL,17.587500,6.625000,-61.620000,0.091547,0.006866,0.002289,0.020598,0.000000,0.000000,0.000000,0.000000,0,0,0,0,0,0,0,0,0,0,0,0.03900146484375,-0.003082275390625,-19.999996,-0.8702036,-57.388916,19.995247,-3.4494313e-19,-3.4494313e-19,-3.4494313e-19,-19.999996,Object notstarted,Object notstarted,Object notstarted,Object notstarted,Object notstarted,Object notstarted,Object notstarted,Object notstarted,Object notstarted
2024-03-18 10:38:17,305.305,__main___datalogs,INFO,JoyConState.NORMAL,17.587500,6.625000,-61.620000,0.091547,0.006866,0.002289,0.020598,0.000000,0.000000,0.000000,0.000000,0,0,0,0,0,0,0,0,0,0,0,0.0379638671875,-0.001861572265625,-19.999996,-0.8702036,-57.388916,19.995247,-3.4494313e-19,-3.4494313e-19,-3.4494313e-19,-19.999996,Object notstarted,Object notstarted,Object notstarted,Object notstarted,Object notstarted,Object notstarted,Object notstarted,Object notstarted,Object notstarted
2024-03-18 10:38:17,361.361,__main___datalogs,INFO,JoyConState.NORMAL,17.587500,6.625000,-61.620000,0.091547,-0.002289,0.002289,0.020598,0.000000,0.000000,0.000000,0.000000,0,0,0,0,0,0,0,0,0,0,0,0.0400390625,-0.001861572265625,-19.999996,-0.8702036,-57.388916,19.995247,-3.4494313e-19,-3.4494313e-19,-3.4494313e-19,-19.999996,Object notstarted,Object notstarted,Object notstarted,Object notstarted,Object notstarted,Object notstarted,Object notstarted,Object notstarted,Object notstarted
2024-03-18 10:38:17,418.418,__main___datalogs,INFO,JoyConState.NORMAL,17.587500,6.625000,-61.620000,0.091547,-0.002289,0.004577,0.020598,0.000000,0.000000,0.000000,0.000000,0,0,0,0,0,0,0,0,0,0,0,0.03900146484375,-0.004302978515625,-19.999996,-0.8702036,-57.388916,19.995247,-3.4494313e-19,-3.4494313e-19,-3.4494313e-19,-19.999996,Object notstarted,Object notstarted,Object notstarted,Object notstarted,Object notstarted,Object notstarted,Object notstarted,Object notstarted,Object notstarted
2024-03-18 10:38:17,473.473,__main___datalogs,INFO,JoyConState.NORMAL,17.587500,6.625000,-61.620000,0.091547,-0.002289,0.004577,0.020598,0.000000,0.000000,0.000000,0.000000,0,0,0,0,0,0,0,0,0,0,0,0.03900146484375,-0.001861572265625,-19.999996,-0.8702036,-57.388916,19.995247,-3.4494313e-19,-3.4494313e-19,-3.4494313e-19,-19.999996,Object notstarted,Object notstarted,Object notstarted,Object notstarted,Object notstarted,Object notstarted,Object notstarted,Object notstarted,Object notstarted
2024-03-18 10:38:17,529.529,__main___datalogs,INFO,JoyConState.NORMAL,17.587500,6.625000,-61.620000,0.091547,0.002289,0.004577,0.020598,0.000000,0.000000,0.000000,0.000000,0,0,0,0,0,0,0,0,0,0,0,0.03900146484375,-0.004302978515625,-19.999996,-0.8702036,-57.388916,19.995247,-3.4494313e-19,-3.4494313e-19,-3.4494313e-19,-19.999996,Object notstarted,Object notstarted,Object notstarted,Object notstarted,Object notstarted,Object notstarted,Object notstarted,Object notstarted,Object notstarted
2024-03-18 10:38:17,584.584,__main___datalogs,INFO,JoyConState.NORMAL,17.587500,6.625000,-61.620000,0.091547,0.002289,0.002289,0.020598,0.000000,0.000000,0.000000,0.000000,0,0,0,0,0,0,0,0,0,0,0,0.03900146484375,-0.003082275390625,-19.999996,-0.8702036,-57.388916,19.995247,-3.4494313e-19,-3.4494313e-19,-3.4494313e-19,-19.999996,Object notstarted,Object notstarted,Object notstarted,Object notstarted,Object notstarted,Object notstarted,Object notstarted,Object notstarted,Object notstarted
2024-03-18 10:38:17,641.641,__main___datalogs,INFO,JoyConState.NORMAL,17.587500,6.625000,-61.620000,0.096125,-0.002289,0.002289,0.020598,0.000000,0.000000,0.000000,0.000000,0,0,0,0,0,0,0,0,0,0,0,0.0379638671875,-0.003082275390625,-19.999996,-0.8702036,-57.388916,19.995247,-3.4494313e-19,-3.4494313e-19,-3.4494313e-19,-19.999996,Object notstarted,Object notstarted,Object notstarted,Object notstarted,Object notstarted,Object notstarted,Object notstarted,Object notstarted,Object notstarted
2024-03-18 10:38:17,696.696,__main___datalogs,INFO,JoyConState.NORMAL,17.587500,6.625000,-61.620000,0.098413,-0.002289,0.004577,0.020598,0.000000,0.000000,0.000000,0.000000,0,0,0,0,0,0,0,0,0,0,0,0.0400390625,-0.004302978515625,-19.999996,-0.8702036,-57.388916,19.995247,-3.4494313e-19,-3.4494313e-19,-3.4494313e-19,-19.999996,Object notstarted,Object notstarted,Object notstarted,Object notstarted,Object notstarted,Object notstarted,Object notstarted,Object notstarted,Object notstarted
2024-03-18 10:38:17,753.753,__main___datalogs,INFO,JoyConState.NORMAL,17.587500,6.625000,-61.620000,0.096125,-0.002289,0.002289,0.020598,0.000000,0.000000,0.000000,0.000000,0,0,0,0,0,0,0,0,0,0,0,0.03900146484375,-0.003082275390625,-19.999996,-0.8702036,-57.388916,19.995247,-3.4494313e-19,-3.4494313e-19,-3.4494313e-19,-19.999996,Object notstarted,Object notstarted,Object notstarted,Object notstarted,Object notstarted,Object notstarted,Object notstarted,Object notstarted,Object notstarted
2024-03-18 10:38:17,808.808,__main___datalogs,INFO,JoyConState.NORMAL,17.587500,6.625000,-61.620000,0.091547,0.006866,0.004577,0.020598,0.000000,0.000000,0.000000,0.000000,0,0,0,0,0,0,0,0,0,0,0,0.03900146484375,-0.004302978515625,-19.999996,-0.8702036,-57.388916,19.995247,-3.4494313e-19,-3.4494313e-19,-3.4494313e-19,-19.999996,Object notstarted,Object notstarted,Object notstarted,Object notstarted,Object notstarted,Object notstarted,Object notstarted,Object notstarted,Object notstarted
2024-03-18 10:38:17,865.865,__main___datalogs,INFO,JoyConState.NORMAL,17.587500,6.625000,-61.620000,0.091547,0.006866,0.004577,0.020598,0.000000,0.000000,0.000000,0.000000,0,0,0,0,0,0,0,0,0,0,0,0.0400390625,-0.004302978515625,-19.999996,-0.8702036,-57.388916,19.995247,-3.4494313e-19,-3.4494313e-19,-3.4494313e-19,-19.999996,Object notstarted,Object notstarted,Object notstarted,Object notstarted,Object notstarted,Object notstarted,Object notstarted,Object notstarted,Object notstarted
2024-03-18 10:38:17,920.920,__main___datalogs,INFO,JoyConState.NORMAL,17.587500,6.625000,-61.620000,0.091547,0.006866,0.004577,0.020598,0.000000,0.000000,0.000000,0.000000,0,0,0,0,0,0,0,0,0,0,0,0.0379638671875,-0.003082275390625,-19.999996,-0.8702036,-57.388916,19.995247,-3.4494313e-19,-3.4494313e-19,-3.4494313e-19,-19.999996,Object notstarted,Object notstarted,Object notstarted,Object notstarted,Object notstarted,Object notstarted,Object notstarted,Object notstarted,Object notstarted
2024-03-18 10:38:17,992.992,__main___datalogs,INFO,JoyConState.NORMAL,17.587500,6.625000,-61.620000,0.091547,0.002289,0.004577,0.020598,0.000000,0.000000,0.000000,0.000000,0,0,0,0,0,0,0,0,0,0,0,0.0400390625,-0.003082275390625,-19.999996,-0.8702036,-57.388916,19.995247,-3.4494313e-19,-3.4494313e-19,-3.4494313e-19,-19.999996,Object notstarted,Object notstarted,Object notstarted,Object notstarted,Object notstarted,Object notstarted,Object notstarted,Object notstarted,Object notstarted
2024-03-18 10:38:18,065.065,__main___datalogs,INFO,JoyConState.NORMAL,17.587500,6.625000,-61.620000,0.096125,0.002289,0.004577,0.020598,0.000000,0.000000,0.000000,0.000000,0,0,0,0,0,0,0,0,0,0,0,0.03900146484375,-0.003082275390625,-19.999996,-0.8702036,-57.388916,19.995247,-3.4494313e-19,-3.4494313e-19,-3.4494313e-19,-19.999996,Object notstarted,Object notstarted,Object notstarted,Object notstarted,Object notstarted,Object notstarted,Object notstarted,Object notstarted,Object notstarted
2024-03-18 10:38:18,122.122,__main___datalogs,INFO,JoyConState.NORMAL,17.587500,6.625000,-61.620000,0.096125,0.006866,0.002289,0.020598,0.000000,0.000000,0.000000,0.000000,0,0,0,0,0,0,0,0,0,0,0,0.03900146484375,-0.003082275390625,-19.999996,-0.8702036,-57.388916,19.995247,-3.4494313e-19,-3.4494313e-19,-3.4494313e-19,-19.999996,Object notstarted,Object notstarted,Object notstarted,Object notstarted,Object notstarted,Object notstarted,Object notstarted,Object notstarted,Object notstarted
2024-03-18 10:38:18,177.177,__main___datalogs,INFO,JoyConState.NORMAL,17.587500,6.625000,-61.620000,0.096125,0.002289,0.004577,0.020598,0.000000,0.000000,0.000000,0.000000,0,0,0,0,0,0,0,0,0,0,0,0.0400390625,-0.004302978515625,-19.999996,-0.8702036,-57.388916,19.995247,-3.4494313e-19,-3.4494313e-19,-3.4494313e-19,-19.999996,Object notstarted,Object notstarted,Object notstarted,Object notstarted,Object notstarted,Object notstarted,Object notstarted,Object notstarted,Object notstarted
2024-03-18 10:38:18,233.233,__main___datalogs,INFO,JoyConState.NORMAL,17.587500,6.625000,-61.620000,0.096125,0.002289,0.002289,0.020598,0.000000,0.000000,0.000000,0.000000,0,0,0,0,0,0,0,0,0,0,0,0.03900146484375,-0.004302978515625,-19.999996,-0.8702036,-57.388916,19.995247,-3.4494313e-19,-3.4494313e-19,-3.4494313e-19,-19.999996,Object notstarted,Object notstarted,Object notstarted,Object notstarted,Object notstarted,Object notstarted,Object notstarted,Object notstarted,Object notstarted
2024-03-18 10:38:18,288.288,__main___datalogs,INFO,JoyConState.NORMAL,17.587500,6.625000,-61.620000,0.096125,0.002289,0.004577,0.020598,0.000000,0.000000,0.000000,0.000000,0,0,0,0,0,0,0,0,0,0,0,0.03900146484375,-0.003082275390625,-19.999996,-0.8702036,-57.388916,19.995247,-3.4494313e-19,-3.4494313e-19,-3.4494313e-19,-19.999996,Object notstarted,Object notstarted,Object notstarted,Object notstarted,Object notstarted,Object notstarted,Object notstarted,Object notstarted,Object notstarted
2024-03-18 10:38:18,345.345,__main___datalogs,INFO,JoyConState.NORMAL,17.587500,6.625000,-61.620000,0.091547,0.002289,0.004577,0.020598,0.000000,0.000000,0.000000,0.000000,0,0,0,0,0,0,0,0,0,0,0,0.0379638671875,-0.003082275390625,-19.999996,-0.8702036,-57.388916,19.995247,-3.4494313e-19,-3.4494313e-19,-3.4494313e-19,-19.999996,Object notstarted,Object notstarted,Object notstarted,Object notstarted,Object notstarted,Object notstarted,Object notstarted,Object notstarted,Object notstarted
2024-03-18 10:38:18,401.401,__main___datalogs,INFO,JoyConState.NORMAL,17.587500,6.625000,-61.620000,0.091547,0.006866,0.004577,0.020598,0.000000,0.000000,0.000000,0.000000,0,0,0,0,0,0,0,0,0,0,0,0.03900146484375,-0.003082275390625,-19.999996,-0.8702036,-57.388916,19.995247,-3.4494313e-19,-3.4494313e-19,-3.4494313e-19,-19.999996,Object notstarted,Object notstarted,Object notstarted,Object notstarted,Object notstarted,Object notstarted,Object notstarted,Object notstarted,Object notstarted
2024-03-18 10:38:18,457.457,__main___datalogs,INFO,JoyConState.NORMAL,17.587500,6.625000,-61.620000,0.098413,0.006866,0.002289,0.020598,0.000000,0.000000,0.000000,0.000000,0,0,0,0,0,0,0,0,0,0,0,0.03900146484375,-0.003082275390625,-19.999996,-0.8702036,-57.388916,19.995247,-3.4494313e-19,-3.4494313e-19,-3.4494313e-19,-19.999996,Object notstarted,Object notstarted,Object notstarted,Object notstarted,Object notstarted,Object notstarted,Object notstarted,Object notstarted,Object notstarted
2024-03-18 10:38:18,512.512,__main___datalogs,INFO,JoyConState.NORMAL,17.587500,6.625000,-61.620000,0.096125,0.002289,0.002289,0.020598,0.000000,0.000000,0.000000,0.000000,0,0,0,0,0,0,0,0,0,0,0,0.03900146484375,-0.003082275390625,-19.999996,-0.8702036,-57.388916,19.995247,-3.4494313e-19,-3.4494313e-19,-3.4494313e-19,-19.999996,Object notstarted,Object notstarted,Object notstarted,Object notstarted,Object notstarted,Object notstarted,Object notstarted,Object notstarted,Object notstarted
2024-03-18 10:38:18,568.568,__main___datalogs,INFO,JoyConState.NORMAL,17.587500,6.625000,-61.620000,0.098413,0.002289,0.004577,0.025176,0.000000,0.000000,0.000000,0.000000,0,0,0,0,0,0,0,0,0,0,0,0.03900146484375,-0.003082275390625,-19.999996,-0.8702036,-57.388916,19.995247,-3.4494313e-19,-3.4494313e-19,-3.4494313e-19,-19.999996,Object notstarted,Object notstarted,Object notstarted,Object notstarted,Object notstarted,Object notstarted,Object notstarted,Object notstarted,Object notstarted
2024-03-18 10:38:18,624.624,__main___datalogs,INFO,JoyConState.NORMAL,17.587500,6.625000,-61.620000,0.098413,0.009155,0.004577,0.020598,0.000000,0.000000,0.000000,0.000000,0,0,0,0,0,0,0,0,0,0,0,0.0379638671875,-0.003082275390625,-19.999996,-0.8702036,-57.388916,19.995247,-3.4494313e-19,-3.4494313e-19,-3.4494313e-19,-19.999996,Object notstarted,Object notstarted,Object notstarted,Object notstarted,Object notstarted,Object notstarted,Object notstarted,Object notstarted,Object notstarted
2024-03-18 10:38:18,680.680,__main___datalogs,INFO,JoyConState.NORMAL,17.587500,6.625000,-61.620000,0.096125,0.006866,0.002289,0.025176,0.000000,0.000000,0.000000,0.000000,0,0,0,0,0,0,0,0,0,0,0,0.03900146484375,-0.003082275390625,-19.999996,-0.8702036,-57.388916,19.995247,-3.4494313e-19,-3.4494313e-19,-3.4494313e-19,-19.999996,Object notstarted,Object notstarted,Object notstarted,Object notstarted,Object notstarted,Object notstarted,Object notstarted,Object notstarted,Object notstarted
2024-03-18 10:38:18,735.735,__main___datalogs,INFO,JoyConState.NORMAL,17.587500,6.625000,-61.620000,0.096125,0.006866,0.004577,0.020598,0.000000,0.000000,0.000000,0.000000,0,0,0,0,0,0,0,0,0,0,0,0.0379638671875,-0.003082275390625,-19.999996,-0.8702036,-57.388916,19.995247,-3.4494313e-19,-3.4494313e-19,-3.4494313e-19,-19.999996,Object notstarted,Object notstarted,Object notstarted,Object notstarted,Object notstarted,Object notstarted,Object notstarted,Object notstarted,Object notstarted
2024-03-18 10:38:18,792.792,__main___datalogs,INFO,JoyConState.NORMAL,17.587500,6.625000,-61.620000,0.091547,0.006866,0.004577,0.025176,0.000000,0.000000,0.000000,0.000000,0,0,0,0,0,0,0,0,0,0,0,0.03900146484375,-0.001861572265625,-19.999996,-0.8702036,-57.388916,19.995247,-3.4494313e-19,-3.4494313e-19,-3.4494313e-19,-19.999996,Object notstarted,Object notstarted,Object notstarted,Object notstarted,Object notstarted,Object notstarted,Object notstarted,Object notstarted,Object notstarted
2024-03-18 10:38:18,848.848,__main___datalogs,INFO,JoyConState.NORMAL,17.587500,6.625000,-61.620000,0.096125,0.006866,0.004577,0.020598,0.000000,0.000000,0.000000,0.000000,0,0,0,0,0,0,0,0,0,0,0,0.03900146484375,-0.003082275390625,-19.999996,-0.8702036,-57.388916,19.995247,-3.4494313e-19,-3.4494313e-19,-3.4494313e-19,-19.999996,Object notstarted,Object notstarted,Object notstarted,Object notstarted,Object notstarted,Object notstarted,Object notstarted,Object notstarted,Object notstarted
2024-03-18 10:38:18,904.904,__main___datalogs,INFO,JoyConState.NORMAL,17.587500,6.625000,-61.620000,0.091547,0.002289,0.004577,0.020598,0.000000,0.000000,0.000000,0.000000,0,0,0,0,0,0,0,0,0,0,0,0.0400390625,-0.001861572265625,-19.999996,-0.8702036,-57.388916,19.995247,-3.4494313e-19,-3.4494313e-19,-3.4494313e-19,-19.999996,Object notstarted,Object notstarted,Object notstarted,Object notstarted,Object notstarted,Object notstarted,Object notstarted,Object notstarted,Object notstarted
2024-03-18 10:38:18,959.959,__main___datalogs,INFO,JoyConState.NORMAL,17.587500,6.625000,-61.620000,0.098413,0.002289,0.004577,0.020598,0.000000,0.000000,0.000000,0.000000,0,0,0,0,0,0,0,0,0,0,0,0.03900146484375,-0.003082275390625,-19.999996,-0.8702036,-57.388916,19.995247,-3.4494313e-19,-3.4494313e-19,-3.4494313e-19,-19.999996,Object notstarted,Object notstarted,Object notstarted,Object notstarted,Object notstarted,Object notstarted,Object notstarted,Object notstarted,Object notstarted
2024-03-18 10:38:19,016.016,__main___datalogs,INFO,JoyConState.NORMAL,17.587500,6.625000,-61.620000,0.096125,0.002289,0.002289,0.025176,0.000000,0.000000,0.000000,0.000000,0,0,0,0,0,0,0,0,0,0,0,0.03900146484375,-0.004302978515625,-19.999996,-0.8702036,-57.388916,19.995247,-3.4494313e-19,-3.4494313e-19,-3.4494313e-19,-19.999996,Object notstarted,Object notstarted,Object notstarted,Object notstarted,Object notstarted,Object notstarted,Object notstarted,Object notstarted,Object notstarted
2024-03-18 10:38:19,095.095,__main___datalogs,INFO,JoyConState.NORMAL,17.587500,6.625000,-61.620000,0.098413,-0.002289,0.002289,0.020598,0.000000,0.000000,0.000000,0.000000,0,0,0,0,0,0,0,0,0,0,0,0.03900146484375,-0.001861572265625,-19.999996,-0.8702036,-57.388916,19.995247,-3.4494313e-19,-3.4494313e-19,-3.4494313e-19,-19.999996,Object notstarted,Object notstarted,Object notstarted,Object notstarted,Object notstarted,Object notstarted,Object notstarted,Object notstarted,Object notstarted
2024-03-18 10:38:19,152.152,__main___datalogs,INFO,JoyConState.NORMAL,17.587500,6.625000,-61.620000,0.098413,0.002289,0.002289,0.025176,0.000000,0.000000,0.000000,0.000000,0,0,0,0,0,0,0,0,0,0,0,0.0400390625,-0.003082275390625,-19.999996,-0.8702036,-57.388916,19.995247,-3.4494313e-19,-3.4494313e-19,-3.4494313e-19,-19.999996,Object notstarted,Object notstarted,Object notstarted,Object notstarted,Object notstarted,Object notstarted,Object notstarted,Object notstarted,Object notstarted
2024-03-18 10:38:19,207.207,__main___datalogs,INFO,JoyConState.NORMAL,17.587500,6.625000,-61.620000,0.096125,0.006866,0.002289,0.020598,0.000000,0.000000,0.000000,0.000000,0,0,0,0,0,0,0,0,0,0,0,0.03900146484375,-0.003082275390625,-19.999996,-0.8702036,-57.388916,19.995247,-3.4494313e-19,-3.4494313e-19,-3.4494313e-19,-19.999996,Object notstarted,Object notstarted,Object notstarted,Object notstarted,Object notstarted,Object notstarted,Object notstarted,Object notstarted,Object notstarted
2024-03-18 10:38:19,264.264,__main___datalogs,INFO,JoyConState.NORMAL,17.587500,6.625000,-61.620000,0.096125,0.006866,0.004577,0.025176,0.000000,0.000000,0.000000,0.000000,0,0,0,0,0,0,0,0,0,0,0,0.0379638671875,-0.0006103515625,-19.999996,-0.8702036,-57.388916,19.995247,-3.4494313e-19,-3.4494313e-19,-3.4494313e-19,-19.999996,Object notstarted,Object notstarted,Object notstarted,Object notstarted,Object notstarted,Object notstarted,Object notstarted,Object notstarted,Object notstarted
2024-03-18 10:38:19,319.319,__main___datalogs,INFO,JoyConState.NORMAL,17.587500,6.625000,-61.620000,0.096125,0.006866,0.004577,0.020598,0.000000,0.000000,0.000000,0.000000,0,0,0,0,0,0,0,0,0,0,0,0.0400390625,-0.004302978515625,-19.999996,-0.8702036,-57.388916,19.995247,-3.4494313e-19,-3.4494313e-19,-3.4494313e-19,-19.999996,Object notstarted,Object notstarted,Object notstarted,Object notstarted,Object notstarted,Object notstarted,Object notstarted,Object notstarted,Object notstarted
2024-03-18 10:38:19,376.376,__main___datalogs,INFO,JoyConState.NORMAL,17.587500,6.625000,-61.620000,0.091547,0.006866,0.002289,0.020598,0.000000,0.000000,0.000000,0.000000,0,0,0,0,0,0,0,0,0,0,0,0.03900146484375,-0.003082275390625,-19.999996,-0.8702036,-57.388916,19.995247,-3.4494313e-19,-3.4494313e-19,-3.4494313e-19,-19.999996,Object notstarted,Object notstarted,Object notstarted,Object notstarted,Object notstarted,Object notstarted,Object notstarted,Object notstarted,Object notstarted
2024-03-18 10:38:19,431.431,__main___datalogs,INFO,JoyConState.NORMAL,17.587500,6.625000,-61.620000,0.091547,0.006866,-0.002289,0.020598,0.000000,0.000000,0.000000,0.000000,0,0,0,0,0,0,0,0,0,0,0,0.03900146484375,-0.003082275390625,-19.999996,-0.8702036,-57.388916,19.995247,-3.4494313e-19,-3.4494313e-19,-3.4494313e-19,-19.999996,Object notstarted,Object notstarted,Object notstarted,Object notstarted,Object notstarted,Object notstarted,Object notstarted,Object notstarted,Object notstarted
2024-03-18 10:38:19,488.488,__main___datalogs,INFO,JoyConState.NORMAL,17.587500,6.625000,-61.620000,0.096125,0.006866,0.002289,0.020598,0.000000,0.000000,0.000000,0.000000,0,0,0,0,0,0,0,0,0,0,0,0.0379638671875,-0.004302978515625,-19.999996,-0.8702036,-57.388916,19.995247,-3.4494313e-19,-3.4494313e-19,-3.4494313e-19,-19.999996,Object notstarted,Object notstarted,Object notstarted,Object notstarted,Object notstarted,Object notstarted,Object notstarted,Object notstarted,Object notstarted
2024-03-18 10:38:19,543.543,__main___datalogs,INFO,JoyConState.NORMAL,17.587500,6.625000,-61.620000,0.096125,0.002289,0.004577,0.020598,0.000000,0.000000,0.000000,0.000000,0,0,0,0,0,0,0,0,0,0,0,0.03900146484375,-0.003082275390625,-19.999996,-0.8702036,-57.388916,19.995247,-3.4494313e-19,-3.4494313e-19,-3.4494313e-19,-19.999996,Object notstarted,Object notstarted,Object notstarted,Object notstarted,Object notstarted,Object notstarted,Object notstarted,Object notstarted,Object notstarted
2024-03-18 10:38:19,599.599,__main___datalogs,INFO,JoyConState.NORMAL,17.587500,6.625000,-61.620000,0.096125,0.006866,0.002289,0.020598,0.000000,0.000000,0.000000,0.000000,0,0,0,0,0,0,0,0,0,0,0,0.0400390625,-0.003082275390625,-19.999996,-0.8702036,-57.388916,19.995247,-3.4494313e-19,-3.4494313e-19,-3.4494313e-19,-19.999996,Object notstarted,Object notstarted,Object notstarted,Object notstarted,Object notstarted,Object notstarted,Object notstarted,Object notstarted,Object notstarted
2024-03-18 10:38:19,654.654,__main___datalogs,INFO,JoyConState.NORMAL,17.587500,6.625000,-61.620000,0.098413,0.002289,0.004577,0.025176,0.000000,0.000000,0.000000,0.000000,0,0,0,0,0,0,0,0,0,0,0,0.03900146484375,-0.004302978515625,-19.999996,-0.8702036,-57.388916,19.995247,-3.4494313e-19,-3.4494313e-19,-3.4494313e-19,-19.999996,Object notstarted,Object notstarted,Object notstarted,Object notstarted,Object notstarted,Object notstarted,Object notstarted,Object notstarted,Object notstarted
2024-03-18 10:38:19,711.711,__main___datalogs,INFO,JoyConState.NORMAL,17.587500,6.625000,-61.620000,0.096125,0.002289,0.002289,0.020598,0.000000,0.000000,0.000000,0.000000,0,0,0,0,0,0,0,0,0,0,0,0.03900146484375,-0.003082275390625,-19.999996,-0.8702036,-57.388916,19.995247,-3.4494313e-19,-3.4494313e-19,-3.4494313e-19,-19.999996,Object notstarted,Object notstarted,Object notstarted,Object notstarted,Object notstarted,Object notstarted,Object notstarted,Object notstarted,Object notstarted
2024-03-18 10:38:19,766.766,__main___datalogs,INFO,JoyConState.NORMAL,17.587500,6.625000,-61.620000,0.091547,0.006866,0.004577,0.020598,0.000000,0.000000,0.000000,0.000000,0,0,0,0,0,0,0,0,0,0,0,0.03900146484375,-0.004302978515625,-19.999996,-0.8702036,-57.388916,19.995247,-3.4494313e-19,-3.4494313e-19,-3.4494313e-19,-19.999996,Object notstarted,Object notstarted,Object notstarted,Object notstarted,Object notstarted,Object notstarted,Object notstarted,Object notstarted,Object notstarted
2024-03-18 10:38:19,823.823,__main___datalogs,INFO,JoyConState.NORMAL,17.587500,6.625000,-61.620000,0.096125,0.002289,-0.002289,0.025176,0.000000,0.000000,0.000000,0.000000,0,0,0,0,0,0,0,0,0,0,0,0.03900146484375,-0.004302978515625,-19.999996,-0.8702036,-57.388916,19.995247,-3.4494313e-19,-3.4494313e-19,-3.4494313e-19,-19.999996,Object notstarted,Object notstarted,Object notstarted,Object notstarted,Object notstarted,Object notstarted,Object notstarted,Object notstarted,Object notstarted
2024-03-18 10:38:19,878.878,__main___datalogs,INFO,JoyConState.NORMAL,17.587500,6.625000,-61.620000,0.096125,0.006866,-0.002289,0.020598,0.000000,0.000000,0.000000,0.000000,0,0,0,0,0,0,0,0,0,0,0,0.0379638671875,-0.004302978515625,-19.999996,-0.8702036,-57.388916,19.995247,-3.4494313e-19,-3.4494313e-19,-3.4494313e-19,-19.999996,Object notstarted,Object notstarted,Object notstarted,Object notstarted,Object notstarted,Object notstarted,Object notstarted,Object notstarted,Object notstarted
2024-03-18 10:38:19,934.934,__main___datalogs,INFO,JoyConState.NORMAL,17.587500,6.625000,-61.620000,0.096125,0.006866,0.004577,0.020598,0.000000,0.000000,0.000000,0.000000,0,0,0,0,0,0,0,0,0,0,0,0.0379638671875,-0.003082275390625,-19.999996,-0.8702036,-57.388916,19.995247,-3.4494313e-19,-3.4494313e-19,-3.4494313e-19,-19.999996,Object notstarted,Object notstarted,Object notstarted,Object notstarted,Object notstarted,Object notstarted,Object notstarted,Object notstarted,Object notstarted
2024-03-18 10:38:19,989.989,__main___datalogs,INFO,JoyConState.NORMAL,17.587500,6.625000,-61.620000,0.098413,0.006866,0.004577,0.025176,0.000000,0.000000,0.000000,0.000000,0,0,0,0,0,0,0,0,0,0,0,0.03900146484375,-0.003082275390625,-19.999996,-0.8702036,-57.388916,19.995247,-3.4494313e-19,-3.4494313e-19,-3.4494313e-19,-19.999996,Object notstarted,Object notstarted,Object notstarted,Object notstarted,Object notstarted,Object notstarted,Object notstarted,Object notstarted,Object notstarted
2024-03-18 10:38:20,046.046,__main___datalogs,INFO,JoyConState.NORMAL,17.587500,6.625000,-61.620000,0.096125,0.006866,0.004577,0.020598,0.000000,0.000000,0.000000,0.000000,0,0,0,0,0,0,0,0,0,0,0,0.03900146484375,-0.003082275390625,-19.999996,-0.8702036,-57.388916,19.995247,-3.4494313e-19,-3.4494313e-19,-3.4494313e-19,-19.999996,Object notstarted,Object notstarted,Object notstarted,Object notstarted,Object notstarted,Object notstarted,Object notstarted,Object notstarted,Object notstarted
2024-03-18 10:38:20,117.117,__main___datalogs,INFO,JoyConState.NORMAL,17.587500,6.625000,-61.620000,0.096125,0.002289,0.002289,0.020598,0.000000,0.000000,0.000000,0.000000,0,0,0,0,0,0,0,0,0,0,0,0.0400390625,-0.003082275390625,-19.999996,-0.8702036,-57.388916,19.995247,-3.4494313e-19,-3.4494313e-19,-3.4494313e-19,-19.999996,Object notstarted,Object notstarted,Object notstarted,Object notstarted,Object notstarted,Object notstarted,Object notstarted,Object notstarted,Object notstarted
2024-03-18 10:38:20,182.182,__main___datalogs,INFO,JoyConState.NORMAL,17.587500,6.625000,-61.620000,0.096125,0.002289,0.002289,0.020598,0.000000,0.000000,0.000000,0.000000,0,0,0,0,0,0,0,0,0,0,0,0.0400390625,-0.003082275390625,-19.999996,-0.8702036,-57.388916,19.995247,-3.4494313e-19,-3.4494313e-19,-3.4494313e-19,-19.999996,Object notstarted,Object notstarted,Object notstarted,Object notstarted,Object notstarted,Object notstarted,Object notstarted,Object notstarted,Object notstarted
2024-03-18 10:38:20,237.237,__main___datalogs,INFO,JoyConState.NORMAL,17.587500,6.625000,-61.620000,0.098413,-0.002289,0.002289,0.020598,0.000000,0.000000,0.000000,0.000000,0,0,0,0,0,0,0,0,0,0,0,0.03900146484375,-0.004302978515625,-19.999996,-0.8702036,-57.388916,19.995247,-3.4494313e-19,-3.4494313e-19,-3.4494313e-19,-19.999996,Object notstarted,Object notstarted,Object notstarted,Object notstarted,Object notstarted,Object notstarted,Object notstarted,Object notstarted,Object notstarted
2024-03-18 10:38:20,292.292,__main___datalogs,INFO,JoyConState.NORMAL,17.587500,6.625000,-61.620000,0.096125,0.002289,0.004577,0.020598,0.000000,0.000000,0.000000,0.000000,0,0,0,0,0,0,0,0,0,0,0,0.0400390625,-0.004302978515625,-19.999996,-0.8702036,-57.388916,19.995247,-3.4494313e-19,-3.4494313e-19,-3.4494313e-19,-19.999996,Object notstarted,Object notstarted,Object notstarted,Object notstarted,Object notstarted,Object notstarted,Object notstarted,Object notstarted,Object notstarted
2024-03-18 10:38:20,347.347,__main___datalogs,INFO,JoyConState.NORMAL,17.587500,6.625000,-61.620000,0.096125,-0.002289,0.004577,0.020598,0.000000,0.000000,0.000000,0.000000,0,0,0,0,0,0,0,0,0,0,0,0.03900146484375,-0.003082275390625,-19.999996,-0.8702036,-57.388916,19.995247,-3.4494313e-19,-3.4494313e-19,-3.4494313e-19,-19.999996,Object notstarted,Object notstarted,Object notstarted,Object notstarted,Object notstarted,Object notstarted,Object notstarted,Object notstarted,Object notstarted
2024-03-18 10:38:20,404.404,__main___datalogs,INFO,JoyConState.NORMAL,17.587500,6.625000,-61.620000,0.091547,0.002289,0.004577,0.020598,0.000000,0.000000,0.000000,0.000000,0,0,0,0,0,0,0,0,0,0,0,0.03900146484375,-0.003082275390625,-19.999996,-0.8702036,-57.388916,19.995247,-3.4494313e-19,-3.4494313e-19,-3.4494313e-19,-19.999996,Object notstarted,Object notstarted,Object notstarted,Object notstarted,Object notstarted,Object notstarted,Object notstarted,Object notstarted,Object notstarted
2024-03-18 10:38:20,459.459,__main___datalogs,INFO,JoyConState.NORMAL,17.587500,6.625000,-61.620000,0.096125,0.002289,0.002289,0.020598,0.000000,0.000000,0.000000,0.000000,0,0,0,0,0,0,0,0,0,0,0,0.0400390625,-0.003082275390625,-19.999996,-0.8702036,-57.388916,19.995247,-3.4494313e-19,-3.4494313e-19,-3.4494313e-19,-19.999996,Object notstarted,Object notstarted,Object notstarted,Object notstarted,Object notstarted,Object notstarted,Object notstarted,Object notstarted,Object notstarted
2024-03-18 10:38:20,516.516,__main___datalogs,INFO,JoyConState.NORMAL,17.587500,6.625000,-61.620000,0.096125,-0.002289,0.004577,0.020598,0.000000,0.000000,0.000000,0.000000,0,0,0,0,0,0,0,0,0,0,0,0.03900146484375,-0.004302978515625,-19.999996,-0.8702036,-57.388916,19.995247,-3.4494313e-19,-3.4494313e-19,-3.4494313e-19,-19.999996,Object notstarted,Object notstarted,Object notstarted,Object notstarted,Object notstarted,Object notstarted,Object notstarted,Object notstarted,Object notstarted
2024-03-18 10:38:20,571.571,__main___datalogs,INFO,JoyConState.NORMAL,17.587500,6.625000,-61.620000,0.098413,0.002289,0.004577,0.020598,0.000000,0.000000,0.000000,0.000000,0,0,0,0,0,0,0,0,0,0,0,0.03900146484375,-0.001861572265625,-19.999996,-0.8702036,-57.388916,19.995247,-3.4494313e-19,-3.4494313e-19,-3.4494313e-19,-19.999996,Object notstarted,Object notstarted,Object notstarted,Object notstarted,Object notstarted,Object notstarted,Object notstarted,Object notstarted,Object notstarted
2024-03-18 10:38:20,628.628,__main___datalogs,INFO,JoyConState.NORMAL,17.587500,6.625000,-61.620000,0.098413,0.006866,0.002289,0.025176,0.000000,0.000000,0.000000,0.000000,0,0,0,0,0,0,0,0,0,0,0,0.0400390625,-0.003082275390625,-19.999996,-0.8702036,-57.388916,19.995247,-3.4494313e-19,-3.4494313e-19,-3.4494313e-19,-19.999996,Object notstarted,Object notstarted,Object notstarted,Object notstarted,Object notstarted,Object notstarted,Object notstarted,Object notstarted,Object notstarted
2024-03-18 10:38:20,684.684,__main___datalogs,INFO,JoyConState.NORMAL,17.587500,6.625000,-61.620000,0.096125,0.002289,0.004577,0.020598,0.000000,0.000000,0.000000,0.000000,0,0,0,0,0,0,0,0,0,0,0,0.0400390625,-0.003082275390625,-19.999996,-0.8702036,-57.388916,19.995247,-3.4494313e-19,-3.4494313e-19,-3.4494313e-19,-19.999996,Object notstarted,Object notstarted,Object notstarted,Object notstarted,Object notstarted,Object notstarted,Object notstarted,Object notstarted,Object notstarted
2024-03-18 10:38:20,739.739,__main___datalogs,INFO,JoyConState.NORMAL,17.587500,6.625000,-61.620000,0.096125,0.006866,0.002289,0.020598,0.000000,0.000000,0.000000,0.000000,0,0,0,0,0,0,0,0,0,0,0,0.03900146484375,-0.004302978515625,-19.999996,-0.8702036,-57.388916,19.995247,-3.4494313e-19,-3.4494313e-19,-3.4494313e-19,-19.999996,Object notstarted,Object notstarted,Object notstarted,Object notstarted,Object notstarted,Object notstarted,Object notstarted,Object notstarted,Object notstarted
2024-03-18 10:38:20,795.795,__main___datalogs,INFO,JoyConState.NORMAL,17.587500,6.625000,-61.620000,0.091547,0.002289,0.004577,0.020598,0.000000,0.000000,0.000000,0.000000,0,0,0,0,0,0,0,0,0,0,0,0.03900146484375,-0.003082275390625,-19.999996,-0.8702036,-57.388916,19.995247,-3.4494313e-19,-3.4494313e-19,-3.4494313e-19,-19.999996,Object notstarted,Object notstarted,Object notstarted,Object notstarted,Object notstarted,Object notstarted,Object notstarted,Object notstarted,Object notstarted
2024-03-18 10:38:20,853.853,__main___datalogs,INFO,JoyConState.NORMAL,17.587500,6.625000,-61.620000,0.096125,0.002289,0.004577,0.020598,0.000000,0.000000,0.000000,0.000000,0,0,0,0,0,0,0,0,0,0,0,0.03900146484375,-0.004302978515625,-19.999996,-0.8702036,-57.388916,19.995247,-3.4494313e-19,-3.4494313e-19,-3.4494313e-19,-19.999996,Object notstarted,Object notstarted,Object notstarted,Object notstarted,Object notstarted,Object notstarted,Object notstarted,Object notstarted,Object notstarted
2024-03-18 10:38:20,908.908,__main___datalogs,INFO,JoyConState.NORMAL,17.587500,6.625000,-61.620000,0.091547,0.002289,0.004577,0.020598,0.000000,0.000000,0.000000,0.000000,0,0,0,0,0,0,0,0,0,0,0,0.03900146484375,-0.004302978515625,-19.999996,-0.8702036,-57.388916,19.995247,-3.4494313e-19,-3.4494313e-19,-3.4494313e-19,-19.999996,Object notstarted,Object notstarted,Object notstarted,Object notstarted,Object notstarted,Object notstarted,Object notstarted,Object notstarted,Object notstarted
2024-03-18 10:38:20,964.964,__main___datalogs,INFO,JoyConState.NORMAL,17.587500,6.625000,-61.620000,0.096125,-0.002289,0.002289,0.020598,0.000000,0.000000,0.000000,0.000000,0,0,0,0,0,0,0,0,0,0,0,0.03900146484375,-0.003082275390625,-19.999996,-0.8702036,-57.388916,19.995247,-3.4494313e-19,-3.4494313e-19,-3.4494313e-19,-19.999996,Object notstarted,Object notstarted,Object notstarted,Object notstarted,Object notstarted,Object notstarted,Object notstarted,Object notstarted,Object notstarted
2024-03-18 10:38:21,019.019,__main___datalogs,INFO,JoyConState.NORMAL,17.587500,6.625000,-61.620000,0.098413,0.002289,0.004577,0.020598,0.000000,0.000000,0.000000,0.000000,0,0,0,0,0,0,0,0,0,0,0,0.03900146484375,-0.003082275390625,-19.999996,-0.8702036,-57.388916,19.995247,-3.4494313e-19,-3.4494313e-19,-3.4494313e-19,-19.999996,Object notstarted,Object notstarted,Object notstarted,Object notstarted,Object notstarted,Object notstarted,Object notstarted,Object notstarted,Object notstarted
2024-03-18 10:38:21,076.076,__main___datalogs,INFO,JoyConState.NORMAL,17.587500,6.625000,-61.620000,0.098413,0.006866,0.002289,0.020598,0.000000,0.000000,0.000000,0.000000,0,0,0,0,0,0,0,0,0,0,0,0.03900146484375,-0.004302978515625,-19.999996,-0.8702036,-57.388916,19.995247,-3.4494313e-19,-3.4494313e-19,-3.4494313e-19,-19.999996,Object notstarted,Object notstarted,Object notstarted,Object notstarted,Object notstarted,Object notstarted,Object notstarted,Object notstarted,Object notstarted
2024-03-18 10:38:21,132.132,__main___datalogs,INFO,JoyConState.NORMAL,17.587500,6.625000,-61.620000,0.096125,0.006866,-0.002289,0.020598,0.000000,0.000000,0.000000,0.000000,0,0,0,0,0,0,0,0,0,0,0,0.0400390625,-0.003082275390625,-19.999996,-0.8702036,-57.388916,19.995247,-3.4494313e-19,-3.4494313e-19,-3.4494313e-19,-19.999996,Object notstarted,Object notstarted,Object notstarted,Object notstarted,Object notstarted,Object notstarted,Object notstarted,Object notstarted,Object notstarted
2024-03-18 10:38:21,204.204,__main___datalogs,INFO,JoyConState.NORMAL,17.587500,6.625000,-61.620000,0.098413,0.006866,0.002289,0.020598,0.000000,0.000000,0.000000,0.000000,0,0,0,0,0,0,0,0,0,0,0,0.0379638671875,-0.004302978515625,-19.999996,-0.8702036,-57.388916,19.995247,-3.4494313e-19,-3.4494313e-19,-3.4494313e-19,-19.999996,Object notstarted,Object notstarted,Object notstarted,Object notstarted,Object notstarted,Object notstarted,Object notstarted,Object notstarted,Object notstarted
2024-03-18 10:38:21,282.282,__main___datalogs,INFO,JoyConState.NORMAL,17.587500,6.625000,-61.620000,0.096125,0.006866,0.004577,0.020598,0.000000,0.000000,0.000000,0.000000,0,0,0,0,0,0,0,0,0,0,0,0.03900146484375,-0.003082275390625,-19.999996,-0.8702036,-57.388916,19.995247,-3.4494313e-19,-3.4494313e-19,-3.4494313e-19,-19.999996,Object notstarted,Object notstarted,Object notstarted,Object notstarted,Object notstarted,Object notstarted,Object notstarted,Object notstarted,Object notstarted
2024-03-18 10:38:21,338.338,__main___datalogs,INFO,JoyConState.NORMAL,17.587500,6.625000,-61.620000,0.098413,0.002289,0.004577,0.020598,0.000000,0.000000,0.000000,0.000000,0,0,0,0,0,0,0,0,0,0,0,0.03900146484375,-0.004302978515625,-19.999996,-0.8702036,-57.388916,19.995247,-3.4494313e-19,-3.4494313e-19,-3.4494313e-19,-19.999996,Object notstarted,Object notstarted,Object notstarted,Object notstarted,Object notstarted,Object notstarted,Object notstarted,Object notstarted,Object notstarted
2024-03-18 10:38:21,393.393,__main___datalogs,INFO,JoyConState.NORMAL,17.587500,6.625000,-61.620000,0.098413,0.002289,0.002289,0.020598,0.000000,0.000000,0.000000,0.000000,0,0,0,0,0,0,0,0,0,0,0,0.0400390625,-0.004302978515625,-19.999996,-0.8702036,-57.388916,19.995247,-3.4494313e-19,-3.4494313e-19,-3.4494313e-19,-19.999996,Object notstarted,Object notstarted,Object notstarted,Object notstarted,Object notstarted,Object notstarted,Object notstarted,Object notstarted,Object notstarted
2024-03-18 10:38:21,449.449,__main___datalogs,INFO,JoyConState.NORMAL,17.587500,6.625000,-61.620000,0.098413,0.002289,0.004577,0.020598,0.000000,0.000000,0.000000,0.000000,0,0,0,0,0,0,0,0,0,0,0,0.03900146484375,-0.001861572265625,-19.999996,-0.8702036,-57.388916,19.995247,-3.4494313e-19,-3.4494313e-19,-3.4494313e-19,-19.999996,Object notstarted,Object notstarted,Object notstarted,Object notstarted,Object notstarted,Object notstarted,Object notstarted,Object notstarted,Object notstarted
2024-03-18 10:38:21,504.504,__main___datalogs,INFO,JoyConState.NORMAL,17.587500,6.625000,-61.620000,0.096125,-0.002289,0.004577,0.020598,0.000000,0.000000,0.000000,0.000000,0,0,0,0,0,0,0,0,0,0,0,0.03900146484375,-0.001861572265625,-19.999996,-0.8702036,-57.388916,19.995247,-3.4494313e-19,-3.4494313e-19,-3.4494313e-19,-19.999996,Object notstarted,Object notstarted,Object notstarted,Object notstarted,Object notstarted,Object notstarted,Object notstarted,Object notstarted,Object notstarted
2024-03-18 10:38:21,560.560,__main___datalogs,INFO,JoyConState.NORMAL,17.587500,6.625000,-61.620000,0.096125,-0.002289,0.004577,0.020598,0.000000,0.000000,0.000000,0.000000,0,0,0,0,0,0,0,0,0,0,0,0.0379638671875,-0.003082275390625,-19.999996,-0.8702036,-57.388916,19.995247,-3.4494313e-19,-3.4494313e-19,-3.4494313e-19,-19.999996,Object notstarted,Object notstarted,Object notstarted,Object notstarted,Object notstarted,Object notstarted,Object notstarted,Object notstarted,Object notstarted
2024-03-18 10:38:21,616.616,__main___datalogs,INFO,JoyConState.NORMAL,17.587500,6.625000,-61.620000,0.098413,0.006866,0.004577,0.020598,0.000000,0.000000,0.000000,0.000000,0,0,0,0,0,0,0,0,0,0,0,0.03900146484375,-0.003082275390625,-19.999996,-0.8702036,-57.388916,19.995247,-3.4494313e-19,-3.4494313e-19,-3.4494313e-19,-19.999996,Object notstarted,Object notstarted,Object notstarted,Object notstarted,Object notstarted,Object notstarted,Object notstarted,Object notstarted,Object notstarted
2024-03-18 10:38:21,672.672,__main___datalogs,INFO,JoyConState.NORMAL,17.587500,6.625000,-61.620000,0.098413,0.006866,0.004577,0.020598,0.000000,0.000000,0.000000,0.000000,0,0,0,0,0,0,0,0,0,0,0,0.03900146484375,-0.004302978515625,-19.999996,-0.8702036,-57.388916,19.995247,-3.4494313e-19,-3.4494313e-19,-3.4494313e-19,-19.999996,Object notstarted,Object notstarted,Object notstarted,Object notstarted,Object notstarted,Object notstarted,Object notstarted,Object notstarted,Object notstarted
2024-03-18 10:38:21,728.728,__main___datalogs,INFO,JoyConState.NORMAL,17.587500,6.625000,-61.620000,0.096125,0.002289,0.002289,0.020598,0.000000,0.000000,0.000000,0.000000,0,0,0,0,0,0,0,0,0,0,0,0.0379638671875,-0.003082275390625,-19.999996,-0.8702036,-57.388916,19.995247,-3.4494313e-19,-3.4494313e-19,-3.4494313e-19,-19.999996,Object notstarted,Object notstarted,Object notstarted,Object notstarted,Object notstarted,Object notstarted,Object notstarted,Object notstarted,Object notstarted
2024-03-18 10:38:21,784.784,__main___datalogs,INFO,JoyConState.NORMAL,17.587500,6.625000,-61.620000,0.096125,-0.002289,0.004577,0.020598,0.000000,0.000000,0.000000,0.000000,0,0,0,0,0,0,0,0,0,0,0,0.0400390625,-0.003082275390625,-19.999996,-0.8702036,-57.388916,19.995247,-3.4494313e-19,-3.4494313e-19,-3.4494313e-19,-19.999996,Object notstarted,Object notstarted,Object notstarted,Object notstarted,Object notstarted,Object notstarted,Object notstarted,Object notstarted,Object notstarted
2024-03-18 10:38:21,839.839,__main___datalogs,INFO,JoyConState.NORMAL,17.587500,6.625000,-61.620000,0.098413,-0.002289,0.004577,0.020598,0.000000,0.000000,0.000000,0.000000,0,0,0,0,0,0,0,0,0,0,0,0.03900146484375,-0.003082275390625,-19.999996,-0.8702036,-57.388916,19.995247,-3.4494313e-19,-3.4494313e-19,-3.4494313e-19,-19.999996,Object notstarted,Object notstarted,Object notstarted,Object notstarted,Object notstarted,Object notstarted,Object notstarted,Object notstarted,Object notstarted
2024-03-18 10:38:21,896.896,__main___datalogs,INFO,JoyConState.NORMAL,17.587500,6.625000,-61.620000,0.096125,-0.002289,0.004577,0.020598,0.000000,0.000000,0.000000,0.000000,0,0,0,0,0,0,0,0,0,0,0,0.03900146484375,-0.001861572265625,-19.999996,-0.8702036,-57.388916,19.995247,-3.4494313e-19,-3.4494313e-19,-3.4494313e-19,-19.999996,Object notstarted,Object notstarted,Object notstarted,Object notstarted,Object notstarted,Object notstarted,Object notstarted,Object notstarted,Object notstarted
2024-03-18 10:38:21,951.951,__main___datalogs,INFO,JoyConState.NORMAL,17.587500,6.625000,-61.620000,0.091547,0.002289,0.004577,0.020598,0.000000,0.000000,0.000000,0.000000,0,0,0,0,0,0,0,0,0,0,0,0.0379638671875,-0.003082275390625,-19.999996,-0.8702036,-57.388916,19.995247,-3.4494313e-19,-3.4494313e-19,-3.4494313e-19,-19.999996,Object notstarted,Object notstarted,Object notstarted,Object notstarted,Object notstarted,Object notstarted,Object notstarted,Object notstarted,Object notstarted
2024-03-18 10:38:22,008.008,__main___datalogs,INFO,JoyConState.NORMAL,17.587500,6.625000,-61.620000,0.098413,0.002289,0.004577,0.025176,0.000000,0.000000,0.000000,0.000000,0,0,0,0,0,0,0,0,0,0,0,0.03900146484375,-0.004302978515625,-19.999996,-0.8702036,-57.388916,19.995247,-3.4494313e-19,-3.4494313e-19,-3.4494313e-19,-19.999996,Object notstarted,Object notstarted,Object notstarted,Object notstarted,Object notstarted,Object notstarted,Object notstarted,Object notstarted,Object notstarted
2024-03-18 10:38:22,063.063,__main___datalogs,INFO,JoyConState.NORMAL,17.587500,6.625000,-61.620000,0.098413,0.006866,0.004577,0.020598,0.000000,0.000000,0.000000,0.000000,0,0,0,0,0,0,0,0,0,0,0,0.03900146484375,-0.004302978515625,-19.999996,-0.8702036,-57.388916,19.995247,-3.4494313e-19,-3.4494313e-19,-3.4494313e-19,-19.999996,Object notstarted,Object notstarted,Object notstarted,Object notstarted,Object notstarted,Object notstarted,Object notstarted,Object notstarted,Object notstarted
2024-03-18 10:38:22,120.120,__main___datalogs,INFO,JoyConState.NORMAL,17.587500,6.625000,-61.620000,0.096125,0.006866,0.002289,0.020598,0.000000,0.000000,0.000000,0.000000,0,0,0,0,0,0,0,0,0,0,0,0.03900146484375,-0.003082275390625,-19.999996,-0.8702036,-57.388916,19.995247,-3.4494313e-19,-3.4494313e-19,-3.4494313e-19,-19.999996,Object notstarted,Object notstarted,Object notstarted,Object notstarted,Object notstarted,Object notstarted,Object notstarted,Object notstarted,Object notstarted
2024-03-18 10:38:22,176.176,__main___datalogs,INFO,JoyConState.NORMAL,17.587500,6.625000,-61.620000,0.096125,0.006866,0.002289,0.020598,0.000000,0.000000,0.000000,0.000000,0,0,0,0,0,0,0,0,0,0,0,0.0379638671875,-0.003082275390625,-19.999996,-0.8702036,-57.388916,19.995247,-3.4494313e-19,-3.4494313e-19,-3.4494313e-19,-19.999996,Object notstarted,Object notstarted,Object notstarted,Object notstarted,Object notstarted,Object notstarted,Object notstarted,Object notstarted,Object notstarted
2024-03-18 10:38:22,248.248,__main___datalogs,INFO,JoyConState.NORMAL,17.587500,6.625000,-61.620000,0.096125,0.006866,0.004577,0.020598,0.000000,0.000000,0.000000,0.000000,0,0,0,0,0,0,0,0,0,0,0,0.03900146484375,-0.003082275390625,-19.999996,-0.8702036,-57.388916,19.995247,-3.4494313e-19,-3.4494313e-19,-3.4494313e-19,-19.999996,Object notstarted,Object notstarted,Object notstarted,Object notstarted,Object notstarted,Object notstarted,Object notstarted,Object notstarted,Object notstarted
2024-03-18 10:38:22,327.327,__main___datalogs,INFO,JoyConState.NORMAL,17.587500,6.625000,-61.620000,0.096125,0.002289,0.004577,0.020598,0.000000,0.000000,0.000000,0.000000,0,0,0,0,0,0,0,0,0,0,0,0.0400390625,-0.004302978515625,-19.999996,-0.8702036,-57.388916,19.995247,-3.4494313e-19,-3.4494313e-19,-3.4494313e-19,-19.999996,Object notstarted,Object notstarted,Object notstarted,Object notstarted,Object notstarted,Object notstarted,Object notstarted,Object notstarted,Object notstarted
2024-03-18 10:38:22,384.384,__main___datalogs,INFO,JoyConState.NORMAL,17.587500,6.625000,-61.620000,0.096125,0.006866,0.004577,0.025176,0.000000,0.000000,0.000000,0.000000,0,0,0,0,0,0,0,0,0,0,0,0.03900146484375,-0.003082275390625,-19.999996,-0.8702036,-57.388916,19.995247,-3.4494313e-19,-3.4494313e-19,-3.4494313e-19,-19.999996,Object notstarted,Object notstarted,Object notstarted,Object notstarted,Object notstarted,Object notstarted,Object notstarted,Object notstarted,Object notstarted
2024-03-18 10:38:22,439.439,__main___datalogs,INFO,JoyConState.NORMAL,17.587500,6.625000,-61.620000,0.096125,0.002289,0.002289,0.020598,0.000000,0.000000,0.000000,0.000000,0,0,0,0,0,0,0,0,0,0,0,0.0400390625,-0.004302978515625,-19.999996,-0.8702036,-57.388916,19.995247,-3.4494313e-19,-3.4494313e-19,-3.4494313e-19,-19.999996,Object notstarted,Object notstarted,Object notstarted,Object notstarted,Object notstarted,Object notstarted,Object notstarted,Object notstarted,Object notstarted
2024-03-18 10:38:22,495.495,__main___datalogs,INFO,JoyConState.NORMAL,17.587500,6.625000,-61.620000,0.098413,0.002289,0.004577,0.020598,0.000000,0.000000,0.000000,0.000000,0,0,0,0,0,0,0,0,0,0,0,0.0400390625,-0.004302978515625,-19.999996,-0.8702036,-57.388916,19.995247,-3.4494313e-19,-3.4494313e-19,-3.4494313e-19,-19.999996,Object notstarted,Object notstarted,Object notstarted,Object notstarted,Object notstarted,Object notstarted,Object notstarted,Object notstarted,Object notstarted
2024-03-18 10:38:22,551.551,__main___datalogs,INFO,JoyConState.NORMAL,17.587500,6.625000,-61.620000,0.096125,0.002289,0.004577,0.020598,0.000000,0.000000,0.000000,0.000000,0,0,0,0,0,0,0,0,0,0,0,0.03900146484375,-0.004302978515625,-19.999996,-0.8702036,-57.388916,19.995247,-3.4494313e-19,-3.4494313e-19,-3.4494313e-19,-19.999996,Object notstarted,Object notstarted,Object notstarted,Object notstarted,Object notstarted,Object notstarted,Object notstarted,Object notstarted,Object notstarted
2024-03-18 10:38:22,607.607,__main___datalogs,INFO,JoyConState.NORMAL,17.587500,6.625000,-61.620000,0.096125,0.002289,-0.002289,0.020598,0.000000,0.000000,0.000000,0.000000,0,0,0,0,0,0,0,0,0,0,0,0.0400390625,-0.003082275390625,-19.999996,-0.8702036,-57.388916,19.995247,-3.4494313e-19,-3.4494313e-19,-3.4494313e-19,-19.999996,Object notstarted,Object notstarted,Object notstarted,Object notstarted,Object notstarted,Object notstarted,Object notstarted,Object notstarted,Object notstarted
2024-03-18 10:38:22,662.662,__main___datalogs,INFO,JoyConState.NORMAL,17.587500,6.625000,-61.620000,0.098413,-0.002289,0.002289,0.020598,0.000000,0.000000,0.000000,0.000000,0,0,0,0,0,0,0,0,0,0,0,0.03900146484375,-0.003082275390625,-19.999996,-0.8702036,-57.388916,19.995247,-3.4494313e-19,-3.4494313e-19,-3.4494313e-19,-19.999996,Object notstarted,Object notstarted,Object notstarted,Object notstarted,Object notstarted,Object notstarted,Object notstarted,Object notstarted,Object notstarted
2024-03-18 10:38:22,719.719,__main___datalogs,INFO,JoyConState.NORMAL,17.587500,6.625000,-61.620000,0.098413,0.002289,0.004577,0.020598,0.000000,0.000000,0.000000,0.000000,0,0,0,0,0,0,0,0,0,0,0,0.0400390625,-0.004302978515625,-19.999996,-0.8702036,-57.388916,19.995247,-3.4494313e-19,-3.4494313e-19,-3.4494313e-19,-19.999996,Object notstarted,Object notstarted,Object notstarted,Object notstarted,Object notstarted,Object notstarted,Object notstarted,Object notstarted,Object notstarted
2024-03-18 10:38:22,775.775,__main___datalogs,INFO,JoyConState.NORMAL,17.587500,6.625000,-61.620000,0.098413,0.002289,0.004577,0.020598,0.000000,0.000000,0.000000,0.000000,0,0,0,0,0,0,0,0,0,0,0,0.03900146484375,-0.004302978515625,-19.999996,-0.8702036,-57.388916,19.995247,-3.4494313e-19,-3.4494313e-19,-3.4494313e-19,-19.999996,Object notstarted,Object notstarted,Object notstarted,Object notstarted,Object notstarted,Object notstarted,Object notstarted,Object notstarted,Object notstarted
2024-03-18 10:38:22,831.831,__main___datalogs,INFO,JoyConState.NORMAL,17.587500,6.625000,-61.620000,0.096125,0.002289,0.002289,0.020598,0.000000,0.000000,0.000000,0.000000,0,0,0,0,0,0,0,0,0,0,0,0.03900146484375,-0.003082275390625,-19.999996,-0.8702036,-57.388916,19.995247,-3.4494313e-19,-3.4494313e-19,-3.4494313e-19,-19.999996,Object notstarted,Object notstarted,Object notstarted,Object notstarted,Object notstarted,Object notstarted,Object notstarted,Object notstarted,Object notstarted
2024-03-18 10:38:22,886.886,__main___datalogs,INFO,JoyConState.NORMAL,17.587500,6.625000,-61.620000,0.096125,0.006866,0.004577,0.020598,0.000000,0.000000,0.000000,0.000000,0,0,0,0,0,0,0,0,0,0,0,0.03900146484375,-0.003082275390625,-19.999996,-0.8702036,-57.388916,19.995247,-3.4494313e-19,-3.4494313e-19,-3.4494313e-19,-19.999996,Object notstarted,Object notstarted,Object notstarted,Object notstarted,Object notstarted,Object notstarted,Object notstarted,Object notstarted,Object notstarted
2024-03-18 10:38:22,943.943,__main___datalogs,INFO,JoyConState.NORMAL,17.587500,6.625000,-61.620000,0.098413,0.006866,0.004577,0.020598,0.000000,0.000000,0.000000,0.000000,0,0,0,0,0,0,0,0,0,0,0,0.03900146484375,-0.003082275390625,-19.999996,-0.8702036,-57.388916,19.995247,-3.4494313e-19,-3.4494313e-19,-3.4494313e-19,-19.999996,Object notstarted,Object notstarted,Object notstarted,Object notstarted,Object notstarted,Object notstarted,Object notstarted,Object notstarted,Object notstarted
2024-03-18 10:38:22,998.998,__main___datalogs,INFO,JoyConState.NORMAL,17.587500,6.625000,-61.620000,0.098413,0.002289,0.002289,0.025176,0.000000,0.000000,0.000000,0.000000,0,0,0,0,0,0,0,0,0,0,0,0.03900146484375,-0.004302978515625,-19.999996,-0.8702036,-57.388916,19.995247,-3.4494313e-19,-3.4494313e-19,-3.4494313e-19,-19.999996,Object notstarted,Object notstarted,Object notstarted,Object notstarted,Object notstarted,Object notstarted,Object notstarted,Object notstarted,Object notstarted
2024-03-18 10:38:23,054.054,__main___datalogs,INFO,JoyConState.NORMAL,17.587500,6.625000,-61.620000,0.096125,0.006866,0.002289,0.025176,0.000000,0.000000,0.000000,0.000000,0,0,0,0,0,0,0,0,0,0,0,0.0400390625,-0.003082275390625,-19.999996,-0.8702036,-57.388916,19.995247,-3.4494313e-19,-3.4494313e-19,-3.4494313e-19,-19.999996,Object notstarted,Object notstarted,Object notstarted,Object notstarted,Object notstarted,Object notstarted,Object notstarted,Object notstarted,Object notstarted
2024-03-18 10:38:23,110.110,__main___datalogs,INFO,JoyConState.NORMAL,17.587500,6.625000,-61.620000,0.096125,0.002289,0.004577,0.020598,0.000000,0.000000,0.000000,0.000000,0,0,0,0,0,0,0,0,0,0,0,0.03900146484375,-0.003082275390625,-19.999996,-0.8702036,-57.388916,19.995247,-3.4494313e-19,-3.4494313e-19,-3.4494313e-19,-19.999996,Object notstarted,Object notstarted,Object notstarted,Object notstarted,Object notstarted,Object notstarted,Object notstarted,Object notstarted,Object notstarted
2024-03-18 10:38:23,167.167,__main___datalogs,INFO,JoyConState.NORMAL,17.587500,6.625000,-61.620000,0.096125,0.006866,0.004577,0.020598,0.000000,0.000000,0.000000,0.000000,0,0,0,0,0,0,0,0,0,0,0,0.0400390625,-0.001861572265625,-19.999996,-0.8702036,-57.388916,19.995247,-3.4494313e-19,-3.4494313e-19,-3.4494313e-19,-19.999996,Object notstarted,Object notstarted,Object notstarted,Object notstarted,Object notstarted,Object notstarted,Object notstarted,Object notstarted,Object notstarted
2024-03-18 10:38:23,222.222,__main___datalogs,INFO,JoyConState.NORMAL,17.587500,6.625000,-61.620000,0.096125,0.006866,0.002289,0.025176,0.000000,0.000000,0.000000,0.000000,0,0,0,0,0,0,0,0,0,0,0,0.03900146484375,-0.003082275390625,-19.999996,-0.8702036,-57.388916,19.995247,-3.4494313e-19,-3.4494313e-19,-3.4494313e-19,-19.999996,Object notstarted,Object notstarted,Object notstarted,Object notstarted,Object notstarted,Object notstarted,Object notstarted,Object notstarted,Object notstarted
2024-03-18 10:38:23,279.279,__main___datalogs,INFO,JoyConState.NORMAL,17.587500,6.625000,-61.620000,0.096125,0.002289,-0.002289,0.020598,0.000000,0.000000,0.000000,0.000000,0,0,0,0,0,0,0,0,0,0,0,0.03900146484375,-0.003082275390625,-19.999996,-0.8702036,-57.388916,19.995247,-3.4494313e-19,-3.4494313e-19,-3.4494313e-19,-19.999996,Object notstarted,Object notstarted,Object notstarted,Object notstarted,Object notstarted,Object notstarted,Object notstarted,Object notstarted,Object notstarted
2024-03-18 10:38:23,357.357,__main___datalogs,INFO,JoyConState.NORMAL,17.587500,6.625000,-61.620000,0.098413,0.006866,0.002289,0.025176,0.000000,0.000000,0.000000,0.000000,0,0,0,0,0,0,0,0,0,0,0,0.03900146484375,-0.004302978515625,-19.999996,-0.8702036,-57.388916,19.995247,-3.4494313e-19,-3.4494313e-19,-3.4494313e-19,-19.999996,Object notstarted,Object notstarted,Object notstarted,Object notstarted,Object notstarted,Object notstarted,Object notstarted,Object notstarted,Object notstarted
2024-03-18 10:38:23,414.414,__main___datalogs,INFO,JoyConState.NORMAL,17.587500,6.625000,-61.620000,0.098413,0.002289,0.004577,0.020598,0.000000,0.000000,0.000000,0.000000,0,0,0,0,0,0,0,0,0,0,0,0.0400390625,-0.001861572265625,-19.999996,-0.8702036,-57.388916,19.995247,-3.4494313e-19,-3.4494313e-19,-3.4494313e-19,-19.999996,Object notstarted,Object notstarted,Object notstarted,Object notstarted,Object notstarted,Object notstarted,Object notstarted,Object notstarted,Object notstarted
2024-03-18 10:38:23,469.469,__main___datalogs,INFO,JoyConState.NORMAL,17.587500,6.625000,-61.620000,0.098413,-0.002289,0.004577,0.025176,0.000000,0.000000,0.000000,0.000000,0,0,0,0,0,0,0,0,0,0,0,0.03900146484375,-0.003082275390625,-19.999996,-0.8702036,-57.388916,19.995247,-3.4494313e-19,-3.4494313e-19,-3.4494313e-19,-19.999996,Object notstarted,Object notstarted,Object notstarted,Object notstarted,Object notstarted,Object notstarted,Object notstarted,Object notstarted,Object notstarted
2024-03-18 10:38:23,526.526,__main___datalogs,INFO,JoyConState.NORMAL,17.587500,6.625000,-61.620000,0.096125,0.006866,0.002289,0.025176,0.000000,0.000000,0.000000,0.000000,0,0,0,0,0,0,0,0,0,0,0,0.0400390625,-0.003082275390625,-19.999996,-0.8702036,-57.388916,19.995247,-3.4494313e-19,-3.4494313e-19,-3.4494313e-19,-19.999996,Object notstarted,Object notstarted,Object notstarted,Object notstarted,Object notstarted,Object notstarted,Object notstarted,Object notstarted,Object notstarted
2024-03-18 10:38:23,581.581,__main___datalogs,INFO,JoyConState.NORMAL,17.587500,6.625000,-61.620000,0.096125,0.002289,0.004577,0.025176,0.000000,0.000000,0.000000,0.000000,0,0,0,0,0,0,0,0,0,0,0,0.03900146484375,-0.003082275390625,-19.999996,-0.8702036,-57.388916,19.995247,-3.4494313e-19,-3.4494313e-19,-3.4494313e-19,-19.999996,Object notstarted,Object notstarted,Object notstarted,Object notstarted,Object notstarted,Object notstarted,Object notstarted,Object notstarted,Object notstarted
2024-03-18 10:38:23,638.638,__main___datalogs,INFO,JoyConState.NORMAL,17.587500,6.625000,-61.620000,0.098413,-0.002289,0.002289,0.020598,0.000000,0.000000,0.000000,0.000000,0,0,0,0,0,0,0,0,0,0,0,0.0400390625,-0.003082275390625,-19.999996,-0.8702036,-57.388916,19.995247,-3.4494313e-19,-3.4494313e-19,-3.4494313e-19,-19.999996,Object notstarted,Object notstarted,Object notstarted,Object notstarted,Object notstarted,Object notstarted,Object notstarted,Object notstarted,Object notstarted
2024-03-18 10:38:23,693.693,__main___datalogs,INFO,JoyConState.NORMAL,17.587500,6.625000,-61.620000,0.098413,0.002289,0.004577,0.025176,0.000000,0.000000,0.000000,0.000000,0,0,0,0,0,0,0,0,0,0,0,0.0400390625,-0.004302978515625,-19.999996,-0.8702036,-57.388916,19.995247,-3.4494313e-19,-3.4494313e-19,-3.4494313e-19,-19.999996,Object notstarted,Object notstarted,Object notstarted,Object notstarted,Object notstarted,Object notstarted,Object notstarted,Object notstarted,Object notstarted
2024-03-18 10:38:23,749.749,__main___datalogs,INFO,JoyConState.NORMAL,17.587500,6.625000,-61.620000,0.098413,0.002289,0.004577,0.020598,0.000000,0.000000,0.000000,0.000000,0,0,0,0,0,0,0,0,0,0,0,0.03900146484375,-0.003082275390625,-19.999996,-0.8702036,-57.388916,19.995247,-3.4494313e-19,-3.4494313e-19,-3.4494313e-19,-19.999996,Object notstarted,Object notstarted,Object notstarted,Object notstarted,Object notstarted,Object notstarted,Object notstarted,Object notstarted,Object notstarted
2024-03-18 10:38:23,806.806,__main___datalogs,INFO,JoyConState.NORMAL,17.587500,6.625000,-61.620000,0.098413,0.006866,0.002289,0.027464,0.000000,0.000000,0.000000,0.000000,0,0,0,0,0,0,0,0,0,0,0,0.03900146484375,-0.003082275390625,-19.999996,-0.8702036,-57.388916,19.995247,-3.4494313e-19,-3.4494313e-19,-3.4494313e-19,-19.999996,Object notstarted,Object notstarted,Object notstarted,Object notstarted,Object notstarted,Object notstarted,Object notstarted,Object notstarted,Object notstarted
2024-03-18 10:38:23,862.862,__main___datalogs,INFO,JoyConState.NORMAL,17.587500,6.625000,-61.620000,0.098413,0.002289,0.004577,0.025176,0.000000,0.000000,0.000000,0.000000,0,0,0,0,0,0,0,0,0,0,0,0.0379638671875,-0.003082275390625,-19.999996,-0.8702036,-57.388916,19.995247,-3.4494313e-19,-3.4494313e-19,-3.4494313e-19,-19.999996,Object notstarted,Object notstarted,Object notstarted,Object notstarted,Object notstarted,Object notstarted,Object notstarted,Object notstarted,Object notstarted
2024-03-18 10:38:23,917.917,__main___datalogs,INFO,JoyConState.NORMAL,17.587500,6.625000,-61.620000,0.098413,0.002289,0.004577,0.016021,0.000000,0.000000,0.000000,0.000000,0,0,0,0,0,0,0,0,0,0,0,0.03900146484375,-0.004302978515625,-19.999996,-0.8702036,-57.388916,19.995247,-3.4494313e-19,-3.4494313e-19,-3.4494313e-19,-19.999996,Object notstarted,Object notstarted,Object notstarted,Object notstarted,Object notstarted,Object notstarted,Object notstarted,Object notstarted,Object notstarted
2024-03-18 10:38:23,973.973,__main___datalogs,INFO,JoyConState.NORMAL,17.587500,6.625000,-61.620000,0.096125,0.002289,0.004577,0.020598,0.000000,0.000000,0.000000,0.000000,0,0,0,0,0,0,0,0,0,0,0,0.03900146484375,-0.004302978515625,-19.999996,-0.8702036,-57.388916,19.995247,-3.4494313e-19,-3.4494313e-19,-3.4494313e-19,-19.999996,Object notstarted,Object notstarted,Object notstarted,Object notstarted,Object notstarted,Object notstarted,Object notstarted,Object notstarted,Object notstarted
2024-03-18 10:38:24,029.029,__main___datalogs,INFO,JoyConState.NORMAL,17.587500,6.625000,-61.620000,0.096125,0.002289,0.004577,0.025176,0.000000,0.000000,0.000000,0.000000,0,0,0,0,0,0,0,0,0,0,0,0.0400390625,-0.004302978515625,-19.999996,-0.8702036,-57.388916,19.995247,-3.4494313e-19,-3.4494313e-19,-3.4494313e-19,-19.999996,Object notstarted,Object notstarted,Object notstarted,Object notstarted,Object notstarted,Object notstarted,Object notstarted,Object notstarted,Object notstarted
2024-03-18 10:38:24,086.086,__main___datalogs,INFO,JoyConState.NORMAL,17.587500,6.625000,-61.620000,0.098413,0.002289,0.002289,0.025176,0.000000,0.000000,0.000000,0.000000,0,0,0,0,0,0,0,0,0,0,0,0.041107177734375,-0.004302978515625,-19.999996,-0.8702036,-57.388916,19.995247,-3.4494313e-19,-3.4494313e-19,-3.4494313e-19,-19.999996,Object notstarted,Object notstarted,Object notstarted,Object notstarted,Object notstarted,Object notstarted,Object notstarted,Object notstarted,Object notstarted
2024-03-18 10:38:24,141.141,__main___datalogs,INFO,JoyConState.NORMAL,17.587500,6.625000,-61.620000,0.098413,0.006866,0.002289,0.016021,0.000000,0.000000,0.000000,0.000000,0,0,0,0,0,0,0,0,0,0,0,0.03900146484375,-0.003082275390625,-19.999996,-0.8702036,-57.388916,19.995247,-3.4494313e-19,-3.4494313e-19,-3.4494313e-19,-19.999996,Object notstarted,Object notstarted,Object notstarted,Object notstarted,Object notstarted,Object notstarted,Object notstarted,Object notstarted,Object notstarted
2024-03-18 10:38:24,198.198,__main___datalogs,INFO,JoyConState.NORMAL,17.587500,6.625000,-61.620000,0.096125,0.006866,0.002289,0.020598,0.000000,0.000000,0.000000,0.000000,0,0,0,0,0,0,0,0,0,0,0,0.03900146484375,-0.004302978515625,-19.999996,-0.8702036,-57.388916,19.995247,-3.4494313e-19,-3.4494313e-19,-3.4494313e-19,-19.999996,Object notstarted,Object notstarted,Object notstarted,Object notstarted,Object notstarted,Object notstarted,Object notstarted,Object notstarted,Object notstarted
2024-03-18 10:38:24,254.254,__main___datalogs,INFO,JoyConState.NORMAL,17.587500,6.625000,-61.620000,0.096125,0.002289,0.002289,0.020598,0.000000,0.000000,0.000000,0.000000,0,0,0,0,0,0,0,0,0,0,0,0.0400390625,-0.004302978515625,-19.999996,-0.8702036,-57.388916,19.995247,-3.4494313e-19,-3.4494313e-19,-3.4494313e-19,-19.999996,Object notstarted,Object notstarted,Object notstarted,Object notstarted,Object notstarted,Object notstarted,Object notstarted,Object notstarted,Object notstarted
2024-03-18 10:38:24,311.311,__main___datalogs,INFO,JoyConState.NORMAL,17.587500,6.625000,-61.620000,0.096125,-0.002289,0.004577,0.025176,0.000000,0.000000,0.000000,0.000000,0,0,0,0,0,0,0,0,0,0,0,0.0379638671875,-0.003082275390625,-19.999996,-0.8702036,-57.388916,19.995247,-3.4494313e-19,-3.4494313e-19,-3.4494313e-19,-19.999996,Object notstarted,Object notstarted,Object notstarted,Object notstarted,Object notstarted,Object notstarted,Object notstarted,Object notstarted,Object notstarted
2024-03-18 10:38:24,382.382,__main___datalogs,INFO,JoyConState.NORMAL,17.587500,6.625000,-61.620000,0.096125,0.002289,0.002289,0.025176,0.000000,0.000000,0.000000,0.000000,0,0,0,0,0,0,0,0,0,0,0,0.0400390625,-0.001861572265625,-19.999996,-0.8702036,-57.388916,19.995247,-3.4494313e-19,-3.4494313e-19,-3.4494313e-19,-19.999996,Object notstarted,Object notstarted,Object notstarted,Object notstarted,Object notstarted,Object notstarted,Object notstarted,Object notstarted,Object notstarted
2024-03-18 10:38:24,446.446,__main___datalogs,INFO,JoyConState.NORMAL,17.587500,6.625000,-61.620000,0.096125,0.002289,0.004577,0.020598,0.000000,0.000000,0.000000,0.000000,0,0,0,0,0,0,0,0,0,0,0,0.0400390625,-0.004302978515625,-19.999996,-0.8702036,-57.388916,19.995247,-3.4494313e-19,-3.4494313e-19,-3.4494313e-19,-19.999996,Object notstarted,Object notstarted,Object notstarted,Object notstarted,Object notstarted,Object notstarted,Object notstarted,Object notstarted,Object notstarted
2024-03-18 10:38:24,502.502,__main___datalogs,INFO,JoyConState.NORMAL,17.587500,6.625000,-61.620000,0.098413,-0.002289,0.004577,0.020598,0.000000,0.000000,0.000000,0.000000,0,0,0,0,0,0,0,0,0,0,0,0.0400390625,-0.003082275390625,-19.999996,-0.8702036,-57.388916,19.995247,-3.4494313e-19,-3.4494313e-19,-3.4494313e-19,-19.999996,Object notstarted,Object notstarted,Object notstarted,Object notstarted,Object notstarted,Object notstarted,Object notstarted,Object notstarted,Object notstarted
2024-03-18 10:38:24,558.558,__main___datalogs,INFO,JoyConState.NORMAL,17.587500,6.625000,-61.620000,0.098413,0.002289,0.002289,0.025176,0.000000,0.000000,0.000000,0.000000,0,0,0,0,0,0,0,0,0,0,0,0.03900146484375,-0.004302978515625,-19.999996,-0.8702036,-57.388916,19.995247,-3.4494313e-19,-3.4494313e-19,-3.4494313e-19,-19.999996,Object notstarted,Object notstarted,Object notstarted,Object notstarted,Object notstarted,Object notstarted,Object notstarted,Object notstarted,Object notstarted
2024-03-18 10:38:24,613.613,__main___datalogs,INFO,JoyConState.NORMAL,17.587500,6.625000,-61.620000,0.098413,0.002289,0.002289,0.025176,0.000000,0.000000,0.000000,0.000000,0,0,0,0,0,0,0,0,0,0,0,0.03900146484375,-0.004302978515625,-19.999996,-0.8702036,-57.388916,19.995247,-3.4494313e-19,-3.4494313e-19,-3.4494313e-19,-19.999996,Object notstarted,Object notstarted,Object notstarted,Object notstarted,Object notstarted,Object notstarted,Object notstarted,Object notstarted,Object notstarted
2024-03-18 10:38:24,670.670,__main___datalogs,INFO,JoyConState.NORMAL,17.587500,6.625000,-61.620000,0.098413,0.002289,0.004577,0.020598,0.000000,0.000000,0.000000,0.000000,0,0,0,0,0,0,0,0,0,0,0,0.03900146484375,-0.004302978515625,-19.999996,-0.8702036,-57.388916,19.995247,-3.4494313e-19,-3.4494313e-19,-3.4494313e-19,-19.999996,Object notstarted,Object notstarted,Object notstarted,Object notstarted,Object notstarted,Object notstarted,Object notstarted,Object notstarted,Object notstarted
2024-03-18 10:38:24,725.725,__main___datalogs,INFO,JoyConState.NORMAL,17.587500,6.625000,-61.620000,0.098413,0.002289,0.002289,0.020598,0.000000,0.000000,0.000000,0.000000,0,0,0,0,0,0,0,0,0,0,0,0.0400390625,-0.003082275390625,-19.999996,-0.8702036,-57.388916,19.995247,-3.4494313e-19,-3.4494313e-19,-3.4494313e-19,-19.999996,Object notstarted,Object notstarted,Object notstarted,Object notstarted,Object notstarted,Object notstarted,Object notstarted,Object notstarted,Object notstarted
2024-03-18 10:38:24,782.782,__main___datalogs,INFO,JoyConState.NORMAL,17.587500,6.625000,-61.620000,0.096125,-0.002289,0.002289,0.020598,0.000000,0.000000,0.000000,0.000000,0,0,0,0,0,0,0,0,0,0,0,0.03900146484375,-0.003082275390625,-19.999996,-0.8702036,-57.388916,19.995247,-3.4494313e-19,-3.4494313e-19,-3.4494313e-19,-19.999996,Object notstarted,Object notstarted,Object notstarted,Object notstarted,Object notstarted,Object notstarted,Object notstarted,Object notstarted,Object notstarted
2024-03-18 10:38:24,837.837,__main___datalogs,INFO,JoyConState.NORMAL,17.587500,6.625000,-61.620000,0.096125,0.002289,0.004577,0.020598,0.000000,0.000000,0.000000,0.000000,0,0,0,0,0,0,0,0,0,0,0,0.0400390625,-0.003082275390625,-19.999996,-0.8702036,-57.388916,19.995247,-3.4494313e-19,-3.4494313e-19,-3.4494313e-19,-19.999996,Object notstarted,Object notstarted,Object notstarted,Object notstarted,Object notstarted,Object notstarted,Object notstarted,Object notstarted,Object notstarted
2024-03-18 10:38:24,893.893,__main___datalogs,INFO,JoyConState.NORMAL,17.587500,6.625000,-61.620000,0.096125,0.006866,0.004577,0.020598,0.000000,0.000000,0.000000,0.000000,0,0,0,0,0,0,0,0,0,0,0,0.0400390625,-0.004302978515625,-19.999996,-0.8702036,-57.388916,19.995247,-3.4494313e-19,-3.4494313e-19,-3.4494313e-19,-19.999996,Object notstarted,Object notstarted,Object notstarted,Object notstarted,Object notstarted,Object notstarted,Object notstarted,Object notstarted,Object notstarted
2024-03-18 10:38:24,949.949,__main___datalogs,INFO,JoyConState.NORMAL,17.587500,6.625000,-61.620000,0.098413,0.002289,0.002289,0.020598,0.000000,0.000000,0.000000,0.000000,0,0,0,0,0,0,0,0,0,0,0,0.03900146484375,-0.001861572265625,-19.999996,-0.8702036,-57.388916,19.995247,-3.4494313e-19,-3.4494313e-19,-3.4494313e-19,-19.999996,Object notstarted,Object notstarted,Object notstarted,Object notstarted,Object notstarted,Object notstarted,Object notstarted,Object notstarted,Object notstarted
2024-03-18 10:38:25,005.005,__main___datalogs,INFO,JoyConState.NORMAL,17.587500,6.625000,-61.620000,0.096125,-0.002289,0.004577,0.025176,0.000000,0.000000,0.000000,0.000000,0,0,0,0,0,0,0,0,0,0,0,0.03900146484375,-0.004302978515625,-19.999996,-0.8702036,-57.388916,19.995247,-3.4494313e-19,-3.4494313e-19,-3.4494313e-19,-19.999996,Object notstarted,Object notstarted,Object notstarted,Object notstarted,Object notstarted,Object notstarted,Object notstarted,Object notstarted,Object notstarted
2024-03-18 10:38:25,061.061,__main___datalogs,INFO,JoyConState.NORMAL,17.587500,6.625000,-61.620000,0.096125,0.006866,0.004577,0.025176,0.000000,0.000000,0.000000,0.000000,0,0,0,0,0,0,0,0,0,0,0,0.0400390625,-0.004302978515625,-19.999996,-0.8702036,-57.388916,19.995247,-3.4494313e-19,-3.4494313e-19,-3.4494313e-19,-19.999996,Object notstarted,Object notstarted,Object notstarted,Object notstarted,Object notstarted,Object notstarted,Object notstarted,Object notstarted,Object notstarted
2024-03-18 10:38:25,118.118,__main___datalogs,INFO,JoyConState.NORMAL,17.587500,6.625000,-61.620000,0.098413,-0.002289,0.004577,0.020598,0.000000,0.000000,0.000000,0.000000,0,0,0,0,0,0,0,0,0,0,0,0.03900146484375,-0.004302978515625,-19.999996,-0.8702036,-57.388916,19.995247,-3.4494313e-19,-3.4494313e-19,-3.4494313e-19,-19.999996,Object notstarted,Object notstarted,Object notstarted,Object notstarted,Object notstarted,Object notstarted,Object notstarted,Object notstarted,Object notstarted
2024-03-18 10:38:25,173.173,__main___datalogs,INFO,JoyConState.NORMAL,17.587500,6.625000,-61.620000,0.098413,0.002289,0.004577,0.020598,0.000000,0.000000,0.000000,0.000000,0,0,0,0,0,0,0,0,0,0,0,0.0379638671875,-0.004302978515625,-19.999996,-0.8702036,-57.388916,19.995247,-3.4494313e-19,-3.4494313e-19,-3.4494313e-19,-19.999996,Object notstarted,Object notstarted,Object notstarted,Object notstarted,Object notstarted,Object notstarted,Object notstarted,Object notstarted,Object notstarted
2024-03-18 10:38:25,229.229,__main___datalogs,INFO,JoyConState.NORMAL,17.587500,6.625000,-61.620000,0.098413,0.002289,-0.002289,0.020598,0.000000,0.000000,0.000000,0.000000,0,0,0,0,0,0,0,0,0,0,0,0.03900146484375,-0.004302978515625,-19.999996,-0.8702036,-57.388916,19.995247,-3.4494313e-19,-3.4494313e-19,-3.4494313e-19,-19.999996,Object notstarted,Object notstarted,Object notstarted,Object notstarted,Object notstarted,Object notstarted,Object notstarted,Object notstarted,Object notstarted
2024-03-18 10:38:25,285.285,__main___datalogs,INFO,JoyConState.NORMAL,17.587500,6.625000,-61.620000,0.096125,0.002289,0.002289,0.020598,0.000000,0.000000,0.000000,0.000000,0,0,0,0,0,0,0,0,0,0,0,0.0400390625,-0.004302978515625,-19.999996,-0.8702036,-57.388916,19.995247,-3.4494313e-19,-3.4494313e-19,-3.4494313e-19,-19.999996,Object notstarted,Object notstarted,Object notstarted,Object notstarted,Object notstarted,Object notstarted,Object notstarted,Object notstarted,Object notstarted
2024-03-18 10:38:25,341.341,__main___datalogs,INFO,JoyConState.NORMAL,17.587500,6.625000,-61.620000,0.096125,0.006866,0.002289,0.025176,0.000000,0.000000,0.000000,0.000000,0,0,0,0,0,0,0,0,0,0,0,0.03900146484375,-0.004302978515625,-19.999996,-0.8702036,-57.388916,19.995247,-3.4494313e-19,-3.4494313e-19,-3.4494313e-19,-19.999996,Object notstarted,Object notstarted,Object notstarted,Object notstarted,Object notstarted,Object notstarted,Object notstarted,Object notstarted,Object notstarted
2024-03-18 10:38:25,396.396,__main___datalogs,INFO,JoyConState.NORMAL,17.587500,6.625000,-61.620000,0.096125,0.002289,0.002289,0.020598,0.000000,0.000000,0.000000,0.000000,0,0,0,0,0,0,0,0,0,0,0,0.03900146484375,-0.004302978515625,-19.999996,-0.8702036,-57.388916,19.995247,-3.4494313e-19,-3.4494313e-19,-3.4494313e-19,-19.999996,Object notstarted,Object notstarted,Object notstarted,Object notstarted,Object notstarted,Object notstarted,Object notstarted,Object notstarted,Object notstarted
2024-03-18 10:38:25,469.469,__main___datalogs,INFO,JoyConState.NORMAL,17.587500,6.625000,-61.620000,0.096125,0.002289,0.004577,0.025176,0.000000,0.000000,0.000000,0.000000,0,0,0,0,0,0,0,0,0,0,0,0.0400390625,-0.004302978515625,-19.999996,-0.8702036,-57.388916,19.995247,-3.4494313e-19,-3.4494313e-19,-3.4494313e-19,-19.999996,Object notstarted,Object notstarted,Object notstarted,Object notstarted,Object notstarted,Object notstarted,Object notstarted,Object notstarted,Object notstarted
2024-03-18 10:38:25,546.546,__main___datalogs,INFO,JoyConState.NORMAL,17.587500,6.625000,-61.620000,0.098413,-0.002289,0.004577,0.020598,0.000000,0.000000,0.000000,0.000000,0,0,0,0,0,0,0,0,0,0,0,0.03900146484375,-0.001861572265625,-19.999996,-0.8702036,-57.388916,19.995247,-3.4494313e-19,-3.4494313e-19,-3.4494313e-19,-19.999996,Object notstarted,Object notstarted,Object notstarted,Object notstarted,Object notstarted,Object notstarted,Object notstarted,Object notstarted,Object notstarted
2024-03-18 10:38:25,603.603,__main___datalogs,INFO,JoyConState.NORMAL,17.587500,6.625000,-61.620000,0.098413,0.006866,0.004577,0.020598,0.000000,0.000000,0.000000,0.000000,0,0,0,0,0,0,0,0,0,0,0,0.0400390625,-0.003082275390625,-19.999996,-0.8702036,-57.388916,19.995247,-3.4494313e-19,-3.4494313e-19,-3.4494313e-19,-19.999996,Object notstarted,Object notstarted,Object notstarted,Object notstarted,Object notstarted,Object notstarted,Object notstarted,Object notstarted,Object notstarted
2024-03-18 10:38:25,658.658,__main___datalogs,INFO,JoyConState.NORMAL,17.587500,6.625000,-61.620000,0.098413,0.009155,0.004577,0.020598,0.000000,0.000000,0.000000,0.000000,0,0,0,0,0,0,0,0,0,0,0,0.0400390625,-0.003082275390625,-19.999996,-0.8702036,-57.388916,19.995247,-3.4494313e-19,-3.4494313e-19,-3.4494313e-19,-19.999996,Object notstarted,Object notstarted,Object notstarted,Object notstarted,Object notstarted,Object notstarted,Object notstarted,Object notstarted,Object notstarted
2024-03-18 10:38:25,715.715,__main___datalogs,INFO,JoyConState.NORMAL,17.587500,6.625000,-61.620000,0.098413,0.002289,0.004577,0.020598,0.000000,0.000000,0.000000,0.000000,0,0,0,0,0,0,0,0,0,0,0,0.0400390625,-0.003082275390625,-19.999996,-0.8702036,-57.388916,19.995247,-3.4494313e-19,-3.4494313e-19,-3.4494313e-19,-19.999996,Object notstarted,Object notstarted,Object notstarted,Object notstarted,Object notstarted,Object notstarted,Object notstarted,Object notstarted,Object notstarted
2024-03-18 10:38:25,770.770,__main___datalogs,INFO,JoyConState.NORMAL,17.587500,6.625000,-61.620000,0.098413,-0.002289,0.002289,0.020598,0.000000,0.000000,0.000000,0.000000,0,0,0,0,0,0,0,0,0,0,0,0.0400390625,-0.00555419921875,-19.999996,-0.8702036,-57.388916,19.995247,-3.4494313e-19,-3.4494313e-19,-3.4494313e-19,-19.999996,Object notstarted,Object notstarted,Object notstarted,Object notstarted,Object notstarted,Object notstarted,Object notstarted,Object notstarted,Object notstarted
2024-03-18 10:38:25,827.827,__main___datalogs,INFO,JoyConState.NORMAL,17.587500,6.625000,-61.620000,0.098413,0.002289,0.002289,0.020598,0.000000,0.000000,0.000000,0.000000,0,0,0,0,0,0,0,0,0,0,0,0.03900146484375,-0.003082275390625,-19.999996,-0.8702036,-57.388916,19.995247,-3.4494313e-19,-3.4494313e-19,-3.4494313e-19,-19.999996,Object notstarted,Object notstarted,Object notstarted,Object notstarted,Object notstarted,Object notstarted,Object notstarted,Object notstarted,Object notstarted
2024-03-18 10:38:25,882.882,__main___datalogs,INFO,JoyConState.NORMAL,17.587500,6.625000,-61.620000,0.098413,-0.002289,0.004577,0.020598,0.000000,0.000000,0.000000,0.000000,0,0,0,0,0,0,0,0,0,0,0,0.03900146484375,-0.004302978515625,-19.999996,-0.8702036,-57.388916,19.995247,-3.4494313e-19,-3.4494313e-19,-3.4494313e-19,-19.999996,Object notstarted,Object notstarted,Object notstarted,Object notstarted,Object notstarted,Object notstarted,Object notstarted,Object notstarted,Object notstarted
2024-03-18 10:38:25,939.939,__main___datalogs,INFO,JoyConState.NORMAL,17.587500,6.625000,-61.620000,0.096125,0.006866,0.004577,0.020598,0.000000,0.000000,0.000000,0.000000,0,0,0,0,0,0,0,0,0,0,0,0.03900146484375,-0.004302978515625,-19.999996,-0.8702036,-57.388916,19.995247,-3.4494313e-19,-3.4494313e-19,-3.4494313e-19,-19.999996,Object notstarted,Object notstarted,Object notstarted,Object notstarted,Object notstarted,Object notstarted,Object notstarted,Object notstarted,Object notstarted
2024-03-18 10:38:25,994.994,__main___datalogs,INFO,JoyConState.NORMAL,17.587500,6.625000,-61.620000,0.098413,0.002289,0.004577,0.020598,0.000000,0.000000,0.000000,0.000000,0,0,0,0,0,0,0,0,0,0,0,0.0400390625,-0.001861572265625,-19.999996,-0.8702036,-57.388916,19.995247,-3.4494313e-19,-3.4494313e-19,-3.4494313e-19,-19.999996,Object notstarted,Object notstarted,Object notstarted,Object notstarted,Object notstarted,Object notstarted,Object notstarted,Object notstarted,Object notstarted
2024-03-18 10:38:26,050.050,__main___datalogs,INFO,JoyConState.NORMAL,17.587500,6.625000,-61.620000,0.102991,-0.002289,0.004577,0.020598,0.000000,0.000000,0.000000,0.000000,0,0,0,0,0,0,0,0,0,0,0,0.0400390625,-0.003082275390625,-19.999996,-0.8702036,-57.388916,19.995247,-3.4494313e-19,-3.4494313e-19,-3.4494313e-19,-19.999996,Object notstarted,Object notstarted,Object notstarted,Object notstarted,Object notstarted,Object notstarted,Object notstarted,Object notstarted,Object notstarted
2024-03-18 10:38:26,106.106,__main___datalogs,INFO,JoyConState.NORMAL,17.587500,6.625000,-61.620000,0.096125,-0.002289,0.004577,0.020598,0.000000,0.000000,0.000000,0.000000,0,0,0,0,0,0,0,0,0,0,0,0.0400390625,-0.004302978515625,-19.999996,-0.8702036,-57.388916,19.995247,-3.4494313e-19,-3.4494313e-19,-3.4494313e-19,-19.999996,Object notstarted,Object notstarted,Object notstarted,Object notstarted,Object notstarted,Object notstarted,Object notstarted,Object notstarted,Object notstarted
2024-03-18 10:38:26,162.162,__main___datalogs,INFO,JoyConState.NORMAL,17.587500,6.625000,-61.620000,0.096125,0.002289,0.002289,0.025176,0.000000,0.000000,0.000000,0.000000,0,0,0,0,0,0,0,0,0,0,0,0.03900146484375,-0.003082275390625,-19.999996,-0.8702036,-57.388916,19.995247,-3.4494313e-19,-3.4494313e-19,-3.4494313e-19,-19.999996,Object notstarted,Object notstarted,Object notstarted,Object notstarted,Object notstarted,Object notstarted,Object notstarted,Object notstarted,Object notstarted
2024-03-18 10:38:26,218.218,__main___datalogs,INFO,JoyConState.NORMAL,17.587500,6.625000,-61.620000,0.098413,0.002289,0.004577,0.020598,0.000000,0.000000,0.000000,0.000000,0,0,0,0,0,0,0,0,0,0,0,0.03900146484375,-0.003082275390625,-19.999996,-0.8702036,-57.388916,19.995247,-3.4494313e-19,-3.4494313e-19,-3.4494313e-19,-19.999996,Object notstarted,Object notstarted,Object notstarted,Object notstarted,Object notstarted,Object notstarted,Object notstarted,Object notstarted,Object notstarted
2024-03-18 10:38:26,274.274,__main___datalogs,INFO,JoyConState.NORMAL,17.587500,6.625000,-61.620000,0.098413,-0.002289,0.004577,0.025176,0.000000,0.000000,0.000000,0.000000,0,0,0,0,0,0,0,0,0,0,0,0.03900146484375,-0.003082275390625,-19.999996,-0.8702036,-57.388916,19.995247,-3.4494313e-19,-3.4494313e-19,-3.4494313e-19,-19.999996,Object notstarted,Object notstarted,Object notstarted,Object notstarted,Object notstarted,Object notstarted,Object notstarted,Object notstarted,Object notstarted
2024-03-18 10:38:26,329.329,__main___datalogs,INFO,JoyConState.NORMAL,17.587500,6.625000,-61.620000,0.098413,0.002289,0.002289,0.020598,0.000000,0.000000,0.000000,0.000000,0,0,0,0,0,0,0,0,0,0,0,0.0379638671875,-0.003082275390625,-19.999996,-0.8702036,-57.388916,19.995247,-3.4494313e-19,-3.4494313e-19,-3.4494313e-19,-19.999996,Object notstarted,Object notstarted,Object notstarted,Object notstarted,Object notstarted,Object notstarted,Object notstarted,Object notstarted,Object notstarted
2024-03-18 10:38:26,386.386,__main___datalogs,INFO,JoyConState.NORMAL,17.587500,6.625000,-61.620000,0.098413,0.006866,0.002289,0.020598,0.000000,0.000000,0.000000,0.000000,0,0,0,0,0,0,0,0,0,0,0,0.0400390625,-0.004302978515625,-19.999996,-0.8702036,-57.388916,19.995247,-3.4494313e-19,-3.4494313e-19,-3.4494313e-19,-19.999996,Object notstarted,Object notstarted,Object notstarted,Object notstarted,Object notstarted,Object notstarted,Object notstarted,Object notstarted,Object notstarted
2024-03-18 10:38:26,442.442,__main___datalogs,INFO,JoyConState.NORMAL,17.587500,6.625000,-61.620000,0.098413,-0.002289,0.002289,0.025176,0.000000,0.000000,0.000000,0.000000,0,0,0,0,0,0,0,0,0,0,0,0.03900146484375,-0.003082275390625,-19.999996,-0.8702036,-57.388916,19.995247,-3.4494313e-19,-3.4494313e-19,-3.4494313e-19,-19.999996,Object notstarted,Object notstarted,Object notstarted,Object notstarted,Object notstarted,Object notstarted,Object notstarted,Object notstarted,Object notstarted
2024-03-18 10:38:26,514.514,__main___datalogs,INFO,JoyConState.NORMAL,17.587500,6.625000,-61.620000,0.098413,-0.002289,0.002289,0.025176,0.000000,0.000000,0.000000,0.000000,0,0,0,0,0,0,0,0,0,0,0,0.03900146484375,-0.004302978515625,-19.999996,-0.8702036,-57.388916,19.995247,-3.4494313e-19,-3.4494313e-19,-3.4494313e-19,-19.999996,Object notstarted,Object notstarted,Object notstarted,Object notstarted,Object notstarted,Object notstarted,Object notstarted,Object notstarted,Object notstarted
2024-03-18 10:38:26,593.593,__main___datalogs,INFO,JoyConState.NORMAL,17.587500,6.625000,-61.620000,0.098413,-0.002289,0.004577,0.020598,0.000000,0.000000,0.000000,0.000000,0,0,0,0,0,0,0,0,0,0,0,0.041107177734375,-0.003082275390625,-19.999996,-0.8702036,-57.388916,19.995247,-3.4494313e-19,-3.4494313e-19,-3.4494313e-19,-19.999996,Object notstarted,Object notstarted,Object notstarted,Object notstarted,Object notstarted,Object notstarted,Object notstarted,Object notstarted,Object notstarted
2024-03-18 10:38:26,649.649,__main___datalogs,INFO,JoyConState.NORMAL,17.587500,6.625000,-61.620000,0.098413,0.002289,0.004577,0.020598,0.000000,0.000000,0.000000,0.000000,0,0,0,0,0,0,0,0,0,0,0,0.03900146484375,-0.003082275390625,-19.999996,-0.8702036,-57.388916,19.995247,-3.4494313e-19,-3.4494313e-19,-3.4494313e-19,-19.999996,Object notstarted,Object notstarted,Object notstarted,Object notstarted,Object notstarted,Object notstarted,Object notstarted,Object notstarted,Object notstarted
2024-03-18 10:38:26,705.705,__main___datalogs,INFO,JoyConState.NORMAL,17.587500,6.625000,-61.620000,0.098413,0.006866,0.004577,0.020598,0.000000,0.000000,0.000000,0.000000,0,0,0,0,0,0,0,0,0,0,0,0.03900146484375,-0.00555419921875,-19.999996,-0.8702036,-57.388916,19.995247,-3.4494313e-19,-3.4494313e-19,-3.4494313e-19,-19.999996,Object notstarted,Object notstarted,Object notstarted,Object notstarted,Object notstarted,Object notstarted,Object notstarted,Object notstarted,Object notstarted
2024-03-18 10:38:26,761.761,__main___datalogs,INFO,JoyConState.NORMAL,17.587500,6.625000,-61.620000,0.098413,0.006866,0.004577,0.020598,0.000000,0.000000,0.000000,0.000000,0,0,0,0,0,0,0,0,0,0,0,0.0400390625,-0.003082275390625,-19.999996,-0.8702036,-57.388916,19.995247,-3.4494313e-19,-3.4494313e-19,-3.4494313e-19,-19.999996,Object notstarted,Object notstarted,Object notstarted,Object notstarted,Object notstarted,Object notstarted,Object notstarted,Object notstarted,Object notstarted
2024-03-18 10:38:26,816.816,__main___datalogs,INFO,JoyConState.NORMAL,17.587500,6.625000,-61.620000,0.096125,0.002289,0.004577,0.020598,0.000000,0.000000,0.000000,0.000000,0,0,0,0,0,0,0,0,0,0,0,0.03900146484375,-0.001861572265625,-19.999996,-0.8702036,-57.388916,19.995247,-3.4494313e-19,-3.4494313e-19,-3.4494313e-19,-19.999996,Object notstarted,Object notstarted,Object notstarted,Object notstarted,Object notstarted,Object notstarted,Object notstarted,Object notstarted,Object notstarted
2024-03-18 10:38:26,873.873,__main___datalogs,INFO,JoyConState.NORMAL,17.587500,6.625000,-61.620000,0.096125,0.009155,0.004577,0.025176,0.000000,0.000000,0.000000,0.000000,0,0,0,0,0,0,0,0,0,0,0,0.03900146484375,-0.003082275390625,-19.999996,-0.8702036,-57.388916,19.995247,-3.4494313e-19,-3.4494313e-19,-3.4494313e-19,-19.999996,Object notstarted,Object notstarted,Object notstarted,Object notstarted,Object notstarted,Object notstarted,Object notstarted,Object notstarted,Object notstarted
2024-03-18 10:38:26,928.928,__main___datalogs,INFO,JoyConState.NORMAL,17.587500,6.625000,-61.620000,0.098413,0.009155,0.004577,0.020598,0.000000,0.000000,0.000000,0.000000,0,0,0,0,0,0,0,0,0,0,0,0.0379638671875,-0.003082275390625,-19.999996,-0.8702036,-57.388916,19.995247,-3.4494313e-19,-3.4494313e-19,-3.4494313e-19,-19.999996,Object notstarted,Object notstarted,Object notstarted,Object notstarted,Object notstarted,Object notstarted,Object notstarted,Object notstarted,Object notstarted
2024-03-18 10:38:26,985.985,__main___datalogs,INFO,JoyConState.NORMAL,17.587500,6.625000,-61.620000,0.098413,0.002289,0.004577,0.020598,0.000000,0.000000,0.000000,0.000000,0,0,0,0,0,0,0,0,0,0,0,0.0400390625,-0.003082275390625,-19.999996,-0.8702036,-57.388916,19.995247,-3.4494313e-19,-3.4494313e-19,-3.4494313e-19,-19.999996,Object notstarted,Object notstarted,Object notstarted,Object notstarted,Object notstarted,Object notstarted,Object notstarted,Object notstarted,Object notstarted
2024-03-18 10:38:27,039.039,__main___datalogs,INFO,JoyConState.NORMAL,17.587500,6.625000,-61.620000,0.098413,0.002289,0.002289,0.020598,0.000000,0.000000,0.000000,0.000000,0,0,0,0,0,0,0,0,0,0,0,0.0400390625,-0.003082275390625,-19.999996,-0.8702036,-57.388916,19.995247,-3.4494313e-19,-3.4494313e-19,-3.4494313e-19,-19.999996,Object notstarted,Object notstarted,Object notstarted,Object notstarted,Object notstarted,Object notstarted,Object notstarted,Object notstarted,Object notstarted
2024-03-18 10:38:27,096.096,__main___datalogs,INFO,JoyConState.NORMAL,17.587500,6.625000,-61.620000,0.098413,0.002289,0.002289,0.020598,0.000000,0.000000,0.000000,0.000000,0,0,0,0,0,0,0,0,0,0,0,0.03900146484375,-0.003082275390625,-19.999996,-0.8702036,-57.388916,19.995247,-3.4494313e-19,-3.4494313e-19,-3.4494313e-19,-19.999996,Object notstarted,Object notstarted,Object notstarted,Object notstarted,Object notstarted,Object notstarted,Object notstarted,Object notstarted,Object notstarted
2024-03-18 10:38:27,151.151,__main___datalogs,INFO,JoyConState.NORMAL,17.587500,6.625000,-61.620000,0.098413,0.002289,0.004577,0.020598,0.000000,0.000000,0.000000,0.000000,0,0,0,0,0,0,0,0,0,0,0,0.03900146484375,-0.003082275390625,-19.999996,-0.8702036,-57.388916,19.995247,-3.4494313e-19,-3.4494313e-19,-3.4494313e-19,-19.999996,Object notstarted,Object notstarted,Object notstarted,Object notstarted,Object notstarted,Object notstarted,Object notstarted,Object notstarted,Object notstarted
2024-03-18 10:38:27,208.208,__main___datalogs,INFO,JoyConState.NORMAL,17.587500,6.625000,-61.620000,0.098413,-0.002289,0.004577,0.025176,0.000000,0.000000,0.000000,0.000000,0,0,0,0,0,0,0,0,0,0,0,0.03692626953125,-0.003082275390625,-19.999996,-0.8702036,-57.388916,19.995247,-3.4494313e-19,-3.4494313e-19,-3.4494313e-19,-19.999996,Object notstarted,Object notstarted,Object notstarted,Object notstarted,Object notstarted,Object notstarted,Object notstarted,Object notstarted,Object notstarted
2024-03-18 10:38:27,263.263,__main___datalogs,INFO,JoyConState.NORMAL,17.587500,6.625000,-61.620000,0.098413,0.006866,0.004577,0.020598,0.000000,0.000000,0.000000,0.000000,0,0,0,0,0,0,0,0,0,0,0,0.03900146484375,-0.003082275390625,-19.999996,-0.8702036,-57.388916,19.995247,-3.4494313e-19,-3.4494313e-19,-3.4494313e-19,-19.999996,Object notstarted,Object notstarted,Object notstarted,Object notstarted,Object notstarted,Object notstarted,Object notstarted,Object notstarted,Object notstarted
2024-03-18 10:38:27,319.319,__main___datalogs,INFO,JoyConState.NORMAL,17.587500,6.625000,-61.620000,0.098413,0.002289,0.004577,0.020598,0.000000,0.000000,0.000000,0.000000,0,0,0,0,0,0,0,0,0,0,0,0.03900146484375,-0.003082275390625,-19.999996,-0.8702036,-57.388916,19.995247,-3.4494313e-19,-3.4494313e-19,-3.4494313e-19,-19.999996,Object notstarted,Object notstarted,Object notstarted,Object notstarted,Object notstarted,Object notstarted,Object notstarted,Object notstarted,Object notstarted
2024-03-18 10:38:27,375.375,__main___datalogs,INFO,JoyConState.NORMAL,17.587500,6.625000,-61.620000,0.096125,-0.002289,0.004577,0.025176,0.000000,0.000000,0.000000,0.000000,0,0,0,0,0,0,0,0,0,0,0,0.0379638671875,-0.003082275390625,-19.999996,-0.8702036,-57.388916,19.995247,-3.4494313e-19,-3.4494313e-19,-3.4494313e-19,-19.999996,Object notstarted,Object notstarted,Object notstarted,Object notstarted,Object notstarted,Object notstarted,Object notstarted,Object notstarted,Object notstarted
2024-03-18 10:38:27,431.431,__main___datalogs,INFO,JoyConState.NORMAL,17.587500,6.625000,-61.620000,0.096125,0.002289,0.002289,0.020598,0.000000,0.000000,0.000000,0.000000,0,0,0,0,0,0,0,0,0,0,0,0.03900146484375,-0.003082275390625,-19.999996,-0.8702036,-57.388916,19.995247,-3.4494313e-19,-3.4494313e-19,-3.4494313e-19,-19.999996,Object notstarted,Object notstarted,Object notstarted,Object notstarted,Object notstarted,Object notstarted,Object notstarted,Object notstarted,Object notstarted
2024-03-18 10:38:27,487.487,__main___datalogs,INFO,JoyConState.NORMAL,17.587500,6.625000,-61.620000,0.096125,0.006866,0.004577,0.025176,0.000000,0.000000,0.000000,0.000000,0,0,0,0,0,0,0,0,0,0,0,0.0379638671875,-0.003082275390625,-19.999996,-0.8702036,-57.388916,19.995247,-3.4494313e-19,-3.4494313e-19,-3.4494313e-19,-19.999996,Object notstarted,Object notstarted,Object notstarted,Object notstarted,Object notstarted,Object notstarted,Object notstarted,Object notstarted,Object notstarted
2024-03-18 10:38:27,543.543,__main___datalogs,INFO,JoyConState.NORMAL,17.587500,6.625000,-61.620000,0.096125,0.002289,0.004577,0.025176,0.000000,0.000000,0.000000,0.000000,0,0,0,0,0,0,0,0,0,0,0,0.0400390625,-0.003082275390625,-19.999996,-0.8702036,-57.388916,19.995247,-3.4494313e-19,-3.4494313e-19,-3.4494313e-19,-19.999996,Object notstarted,Object notstarted,Object notstarted,Object notstarted,Object notstarted,Object notstarted,Object notstarted,Object notstarted,Object notstarted
2024-03-18 10:38:27,622.622,__main___datalogs,INFO,JoyConState.NORMAL,17.587500,6.625000,-61.620000,0.098413,-0.002289,0.004577,0.025176,0.000000,0.000000,0.000000,0.000000,0,0,0,0,0,0,0,0,0,0,0,0.0379638671875,-0.003082275390625,-19.999996,-0.8702036,-57.388916,19.995247,-3.4494313e-19,-3.4494313e-19,-3.4494313e-19,-19.999996,Object notstarted,Object notstarted,Object notstarted,Object notstarted,Object notstarted,Object notstarted,Object notstarted,Object notstarted,Object notstarted
2024-03-18 10:38:27,679.679,__main___datalogs,INFO,JoyConState.NORMAL,17.587500,6.625000,-61.620000,0.098413,0.002289,0.004577,0.025176,0.000000,0.000000,0.000000,0.000000,0,0,0,0,0,0,0,0,0,0,0,0.03900146484375,-0.00555419921875,-19.999996,-0.8702036,-57.388916,19.995247,-3.4494313e-19,-3.4494313e-19,-3.4494313e-19,-19.999996,Object notstarted,Object notstarted,Object notstarted,Object notstarted,Object notstarted,Object notstarted,Object notstarted,Object notstarted,Object notstarted
2024-03-18 10:38:27,734.734,__main___datalogs,INFO,JoyConState.NORMAL,17.587500,6.625000,-61.620000,0.102991,0.006866,0.004577,0.025176,0.000000,0.000000,0.000000,0.000000,0,0,0,0,0,0,0,0,0,0,0,0.03692626953125,-0.004302978515625,-19.999996,-0.8702036,-57.388916,19.995247,-3.4494313e-19,-3.4494313e-19,-3.4494313e-19,-19.999996,Object notstarted,Object notstarted,Object notstarted,Object notstarted,Object notstarted,Object notstarted,Object notstarted,Object notstarted,Object notstarted
2024-03-18 10:38:27,790.790,__main___datalogs,INFO,JoyConState.NORMAL,17.587500,6.625000,-61.620000,0.098413,0.002289,0.004577,0.020598,0.000000,0.000000,0.000000,0.000000,0,0,0,0,0,0,0,0,0,0,0,0.0379638671875,-0.003082275390625,-19.999996,-0.8702036,-57.388916,19.995247,-3.4494313e-19,-3.4494313e-19,-3.4494313e-19,-19.999996,Object notstarted,Object notstarted,Object notstarted,Object notstarted,Object notstarted,Object notstarted,Object notstarted,Object notstarted,Object notstarted
2024-03-18 10:38:27,846.846,__main___datalogs,INFO,JoyConState.NORMAL,17.587500,6.625000,-61.620000,0.096125,-0.002289,0.004577,0.025176,0.000000,0.000000,0.000000,0.000000,0,0,0,0,0,0,0,0,0,0,0,0.0400390625,-0.004302978515625,-19.999996,-0.8702036,-57.388916,19.995247,-3.4494313e-19,-3.4494313e-19,-3.4494313e-19,-19.999996,Object notstarted,Object notstarted,Object notstarted,Object notstarted,Object notstarted,Object notstarted,Object notstarted,Object notstarted,Object notstarted
2024-03-18 10:38:27,902.902,__main___datalogs,INFO,JoyConState.NORMAL,17.587500,6.625000,-61.620000,0.096125,0.006866,0.002289,0.025176,0.000000,0.000000,0.000000,0.000000,0,0,0,0,0,0,0,0,0,0,0,0.03900146484375,-0.001861572265625,-19.999996,-0.8702036,-57.388916,19.995247,-3.4494313e-19,-3.4494313e-19,-3.4494313e-19,-19.999996,Object notstarted,Object notstarted,Object notstarted,Object notstarted,Object notstarted,Object notstarted,Object notstarted,Object notstarted,Object notstarted
2024-03-18 10:38:27,957.957,__main___datalogs,INFO,JoyConState.NORMAL,17.587500,6.625000,-61.620000,0.102991,0.002289,0.002289,0.025176,0.000000,0.000000,0.000000,0.000000,0,0,0,0,0,0,0,0,0,0,0,0.0400390625,-0.003082275390625,-19.999996,-0.8702036,-57.388916,19.995247,-3.4494313e-19,-3.4494313e-19,-3.4494313e-19,-19.999996,Object notstarted,Object notstarted,Object notstarted,Object notstarted,Object notstarted,Object notstarted,Object notstarted,Object notstarted,Object notstarted
2024-03-18 10:38:28,013.013,__main___datalogs,INFO,JoyConState.NORMAL,17.587500,6.625000,-61.620000,0.098413,0.002289,0.002289,0.025176,0.000000,0.000000,0.000000,0.000000,0,0,0,0,0,0,0,0,0,0,0,0.03900146484375,-0.004302978515625,-19.999996,-0.8702036,-57.388916,19.995247,-3.4494313e-19,-3.4494313e-19,-3.4494313e-19,-19.999996,Object notstarted,Object notstarted,Object notstarted,Object notstarted,Object notstarted,Object notstarted,Object notstarted,Object notstarted,Object notstarted
2024-03-18 10:38:28,069.069,__main___datalogs,INFO,JoyConState.NORMAL,17.587500,6.625000,-61.620000,0.098413,-0.002289,0.004577,0.020598,0.000000,0.000000,0.000000,0.000000,0,0,0,0,0,0,0,0,0,0,0,0.03900146484375,-0.004302978515625,-19.999996,-0.8702036,-57.388916,19.995247,-3.4494313e-19,-3.4494313e-19,-3.4494313e-19,-19.999996,Object notstarted,Object notstarted,Object notstarted,Object notstarted,Object notstarted,Object notstarted,Object notstarted,Object notstarted,Object notstarted
2024-03-18 10:38:28,125.125,__main___datalogs,INFO,JoyConState.NORMAL,17.587500,6.625000,-61.620000,0.098413,0.002289,0.002289,0.020598,0.000000,0.000000,0.000000,0.000000,0,0,0,0,0,0,0,0,0,0,0,0.03900146484375,-0.003082275390625,-19.999996,-0.8702036,-57.388916,19.995247,-3.4494313e-19,-3.4494313e-19,-3.4494313e-19,-19.999996,Object notstarted,Object notstarted,Object notstarted,Object notstarted,Object notstarted,Object notstarted,Object notstarted,Object notstarted,Object notstarted
2024-03-18 10:38:28,180.180,__main___datalogs,INFO,JoyConState.NORMAL,17.587500,6.625000,-61.620000,0.096125,0.002289,0.004577,0.020598,0.000000,0.000000,0.000000,0.000000,0,0,0,0,0,0,0,0,0,0,0,0.03900146484375,-0.003082275390625,-19.999996,-0.8702036,-57.388916,19.995247,-3.4494313e-19,-3.4494313e-19,-3.4494313e-19,-19.999996,Object notstarted,Object notstarted,Object notstarted,Object notstarted,Object notstarted,Object notstarted,Object notstarted,Object notstarted,Object notstarted
2024-03-18 10:38:28,238.238,__main___datalogs,INFO,JoyConState.NORMAL,17.587500,6.625000,-61.620000,0.096125,0.006866,0.002289,0.020598,0.000000,0.000000,0.000000,0.000000,0,0,0,0,0,0,0,0,0,0,0,0.03900146484375,-0.004302978515625,-19.999996,-0.8702036,-57.388916,19.995247,-3.4494313e-19,-3.4494313e-19,-3.4494313e-19,-19.999996,Object notstarted,Object notstarted,Object notstarted,Object notstarted,Object notstarted,Object notstarted,Object notstarted,Object notstarted,Object notstarted
2024-03-18 10:38:28,293.293,__main___datalogs,INFO,JoyConState.NORMAL,17.587500,6.625000,-61.620000,0.096125,0.006866,0.004577,0.020598,0.000000,0.000000,0.000000,0.000000,0,0,0,0,0,0,0,0,0,0,0,0.0400390625,-0.003082275390625,-19.999996,-0.8702036,-57.388916,19.995247,-3.4494313e-19,-3.4494313e-19,-3.4494313e-19,-19.999996,Object notstarted,Object notstarted,Object notstarted,Object notstarted,Object notstarted,Object notstarted,Object notstarted,Object notstarted,Object notstarted
2024-03-18 10:38:28,348.348,__main___datalogs,INFO,JoyConState.NORMAL,17.587500,6.625000,-61.620000,0.098413,0.006866,0.004577,0.020598,0.000000,0.000000,0.000000,0.000000,0,0,0,0,0,0,0,0,0,0,0,0.03900146484375,-0.003082275390625,-19.999996,-0.8702036,-57.388916,19.995247,-3.4494313e-19,-3.4494313e-19,-3.4494313e-19,-19.999996,Object notstarted,Object notstarted,Object notstarted,Object notstarted,Object notstarted,Object notstarted,Object notstarted,Object notstarted,Object notstarted
2024-03-18 10:38:28,404.404,__main___datalogs,INFO,JoyConState.NORMAL,17.587500,6.625000,-61.620000,0.098413,0.006866,0.004577,0.025176,0.000000,0.000000,0.000000,0.000000,0,0,0,0,0,0,0,0,0,0,0,0.03900146484375,-0.003082275390625,-19.999996,-0.8702036,-57.388916,19.995247,-3.4494313e-19,-3.4494313e-19,-3.4494313e-19,-19.999996,Object notstarted,Object notstarted,Object notstarted,Object notstarted,Object notstarted,Object notstarted,Object notstarted,Object notstarted,Object notstarted
2024-03-18 10:38:28,460.460,__main___datalogs,INFO,JoyConState.NORMAL,17.587500,6.625000,-61.620000,0.096125,-0.002289,0.004577,0.020598,0.000000,0.000000,0.000000,0.000000,0,0,0,0,0,0,0,0,0,0,0,0.03900146484375,-0.001861572265625,-19.999996,-0.8702036,-57.388916,19.995247,-3.4494313e-19,-3.4494313e-19,-3.4494313e-19,-19.999996,Object notstarted,Object notstarted,Object notstarted,Object notstarted,Object notstarted,Object notstarted,Object notstarted,Object notstarted,Object notstarted
2024-03-18 10:38:28,516.516,__main___datalogs,INFO,JoyConState.NORMAL,17.587500,6.625000,-61.620000,0.098413,0.002289,0.011443,0.020598,0.000000,0.000000,0.000000,0.000000,0,0,0,0,0,0,0,0,0,0,0,0.0400390625,-0.003082275390625,-19.999996,-0.8702036,-57.388916,19.995247,-3.4494313e-19,-3.4494313e-19,-3.4494313e-19,-19.999996,Object notstarted,Object notstarted,Object notstarted,Object notstarted,Object notstarted,Object notstarted,Object notstarted,Object notstarted,Object notstarted
2024-03-18 10:38:28,573.573,__main___datalogs,INFO,JoyConState.NORMAL,17.587500,6.625000,-61.620000,0.098413,0.002289,0.004577,0.025176,0.000000,0.000000,0.000000,0.000000,0,0,0,0,0,0,0,0,0,0,0,0.0379638671875,-0.003082275390625,-19.999996,-0.8702036,-57.388916,19.995247,-3.4494313e-19,-3.4494313e-19,-3.4494313e-19,-19.999996,Object notstarted,Object notstarted,Object notstarted,Object notstarted,Object notstarted,Object notstarted,Object notstarted,Object notstarted,Object notstarted
2024-03-18 10:38:28,644.644,__main___datalogs,INFO,JoyConState.NORMAL,17.587500,6.625000,-61.620000,0.098413,0.006866,0.004577,0.025176,0.000000,0.000000,0.000000,0.000000,0,0,0,0,0,0,0,0,0,0,0,0.03900146484375,-0.003082275390625,-19.999996,-0.8702036,-57.388916,19.995247,-3.4494313e-19,-3.4494313e-19,-3.4494313e-19,-19.999996,Object notstarted,Object notstarted,Object notstarted,Object notstarted,Object notstarted,Object notstarted,Object notstarted,Object notstarted,Object notstarted
2024-03-18 10:38:28,729.729,__main___datalogs,INFO,JoyConState.NORMAL,17.587500,6.625000,-61.620000,0.096125,0.006866,0.004577,0.025176,0.000000,0.000000,0.000000,0.000000,0,0,0,0,0,0,0,0,0,0,0,0.03900146484375,-0.004302978515625,-19.999996,-0.8702036,-57.388916,19.995247,-3.4494313e-19,-3.4494313e-19,-3.4494313e-19,-19.999996,Object notstarted,Object notstarted,Object notstarted,Object notstarted,Object notstarted,Object notstarted,Object notstarted,Object notstarted,Object notstarted
2024-03-18 10:38:28,800.800,__main___datalogs,INFO,JoyConState.NORMAL,17.587500,6.625000,-61.620000,0.096125,0.006866,0.004577,0.020598,0.000000,0.000000,0.000000,0.000000,0,0,0,0,0,0,0,0,0,0,0,0.041107177734375,-0.003082275390625,-19.999996,-0.8702036,-57.388916,19.995247,-3.4494313e-19,-3.4494313e-19,-3.4494313e-19,-19.999996,Object notstarted,Object notstarted,Object notstarted,Object notstarted,Object notstarted,Object notstarted,Object notstarted,Object notstarted,Object notstarted
2024-03-18 10:38:28,856.856,__main___datalogs,INFO,JoyConState.NORMAL,17.587500,6.625000,-61.620000,0.096125,0.006866,0.002289,0.020598,0.000000,0.000000,0.000000,0.000000,0,0,0,0,0,0,0,0,0,0,0,0.03900146484375,-0.004302978515625,-19.999996,-0.8702036,-57.388916,19.995247,-3.4494313e-19,-3.4494313e-19,-3.4494313e-19,-19.999996,Object notstarted,Object notstarted,Object notstarted,Object notstarted,Object notstarted,Object notstarted,Object notstarted,Object notstarted,Object notstarted
2024-03-18 10:38:28,912.912,__main___datalogs,INFO,JoyConState.NORMAL,17.587500,6.625000,-61.620000,0.098413,0.002289,0.002289,0.025176,0.000000,0.000000,0.000000,0.000000,0,0,0,0,0,0,0,0,0,0,0,0.03900146484375,-0.001861572265625,-19.999996,-0.8702036,-57.388916,19.995247,-3.4494313e-19,-3.4494313e-19,-3.4494313e-19,-19.999996,Object notstarted,Object notstarted,Object notstarted,Object notstarted,Object notstarted,Object notstarted,Object notstarted,Object notstarted,Object notstarted
2024-03-18 10:38:28,968.968,__main___datalogs,INFO,JoyConState.NORMAL,17.587500,6.625000,-61.620000,0.098413,-0.002289,0.004577,0.016021,0.000000,0.000000,0.000000,0.000000,0,0,0,0,0,0,0,0,0,0,0,0.03900146484375,-0.003082275390625,-19.999996,-0.8702036,-57.388916,19.995247,-3.4494313e-19,-3.4494313e-19,-3.4494313e-19,-19.999996,Object notstarted,Object notstarted,Object notstarted,Object notstarted,Object notstarted,Object notstarted,Object notstarted,Object notstarted,Object notstarted
2024-03-18 10:38:29,024.024,__main___datalogs,INFO,JoyConState.NORMAL,17.587500,6.625000,-61.620000,0.096125,0.006866,0.004577,0.016021,0.000000,0.000000,0.000000,0.000000,0,0,0,0,0,0,0,0,0,0,0,0.03900146484375,-0.003082275390625,-19.999996,-0.8702036,-57.388916,19.995247,-3.4494313e-19,-3.4494313e-19,-3.4494313e-19,-19.999996,Object notstarted,Object notstarted,Object notstarted,Object notstarted,Object notstarted,Object notstarted,Object notstarted,Object notstarted,Object notstarted
2024-03-18 10:38:29,081.081,__main___datalogs,INFO,JoyConState.NORMAL,17.587500,6.625000,-61.620000,0.098413,-0.002289,0.004577,0.025176,0.000000,0.000000,0.000000,0.000000,0,0,0,0,0,0,0,0,0,0,0,0.0400390625,-0.003082275390625,-19.999996,-0.8702036,-57.388916,19.995247,-3.4494313e-19,-3.4494313e-19,-3.4494313e-19,-19.999996,Object notstarted,Object notstarted,Object notstarted,Object notstarted,Object notstarted,Object notstarted,Object notstarted,Object notstarted,Object notstarted
2024-03-18 10:38:29,137.137,__main___datalogs,INFO,JoyConState.NORMAL,17.587500,6.625000,-61.620000,0.098413,0.002289,0.004577,0.020598,0.000000,0.000000,0.000000,0.000000,0,0,0,0,0,0,0,0,0,0,0,0.03900146484375,-0.003082275390625,-19.999996,-0.8702036,-57.388916,19.995247,-3.4494313e-19,-3.4494313e-19,-3.4494313e-19,-19.999996,Object notstarted,Object notstarted,Object notstarted,Object notstarted,Object notstarted,Object notstarted,Object notstarted,Object notstarted,Object notstarted
2024-03-18 10:38:29,193.193,__main___datalogs,INFO,JoyConState.NORMAL,17.587500,6.625000,-61.620000,0.096125,0.002289,0.004577,0.020598,0.000000,0.000000,0.000000,0.000000,0,0,0,0,0,0,0,0,0,0,0,0.03900146484375,-0.001861572265625,-19.999996,-0.8702036,-57.388916,19.995247,-3.4494313e-19,-3.4494313e-19,-3.4494313e-19,-19.999996,Object notstarted,Object notstarted,Object notstarted,Object notstarted,Object notstarted,Object notstarted,Object notstarted,Object notstarted,Object notstarted
2024-03-18 10:38:29,248.248,__main___datalogs,INFO,JoyConState.NORMAL,17.587500,6.625000,-61.620000,0.096125,0.002289,0.004577,0.025176,0.000000,0.000000,0.000000,0.000000,0,0,0,0,0,0,0,0,0,0,0,0.03900146484375,-0.00555419921875,-19.999996,-0.8702036,-57.388916,19.995247,-3.4494313e-19,-3.4494313e-19,-3.4494313e-19,-19.999996,Object notstarted,Object notstarted,Object notstarted,Object notstarted,Object notstarted,Object notstarted,Object notstarted,Object notstarted,Object notstarted
2024-03-18 10:38:29,304.304,__main___datalogs,INFO,JoyConState.NORMAL,17.587500,6.625000,-61.620000,0.098413,0.002289,0.004577,0.025176,0.000000,0.000000,0.000000,0.000000,0,0,0,0,0,0,0,0,0,0,0,0.0400390625,-0.003082275390625,-19.999996,-0.8702036,-57.388916,19.995247,-3.4494313e-19,-3.4494313e-19,-3.4494313e-19,-19.999996,Object notstarted,Object notstarted,Object notstarted,Object notstarted,Object notstarted,Object notstarted,Object notstarted,Object notstarted,Object notstarted
2024-03-18 10:38:29,360.360,__main___datalogs,INFO,JoyConState.NORMAL,17.587500,6.625000,-61.620000,0.102991,0.002289,0.002289,0.020598,0.000000,0.000000,0.000000,0.000000,0,0,0,0,0,0,0,0,0,0,0,0.0400390625,-0.003082275390625,-19.999996,-0.8702036,-57.388916,19.995247,-3.4494313e-19,-3.4494313e-19,-3.4494313e-19,-19.999996,Object notstarted,Object notstarted,Object notstarted,Object notstarted,Object notstarted,Object notstarted,Object notstarted,Object notstarted,Object notstarted
2024-03-18 10:38:29,416.416,__main___datalogs,INFO,JoyConState.NORMAL,17.587500,6.625000,-61.620000,0.102991,0.002289,0.002289,0.025176,0.000000,0.000000,0.000000,0.000000,0,0,0,0,0,0,0,0,0,0,0,0.0400390625,-0.003082275390625,-19.999996,-0.8702036,-57.388916,19.995247,-3.4494313e-19,-3.4494313e-19,-3.4494313e-19,-19.999996,Object notstarted,Object notstarted,Object notstarted,Object notstarted,Object notstarted,Object notstarted,Object notstarted,Object notstarted,Object notstarted
2024-03-18 10:38:29,472.472,__main___datalogs,INFO,JoyConState.NORMAL,17.587500,6.625000,-61.620000,0.098413,-0.002289,0.004577,0.025176,0.000000,0.000000,0.000000,0.000000,0,0,0,0,0,0,0,0,0,0,0,0.0379638671875,-0.003082275390625,-19.999996,-0.8702036,-57.388916,19.995247,-3.4494313e-19,-3.4494313e-19,-3.4494313e-19,-19.999996,Object notstarted,Object notstarted,Object notstarted,Object notstarted,Object notstarted,Object notstarted,Object notstarted,Object notstarted,Object notstarted
2024-03-18 10:38:29,527.527,__main___datalogs,INFO,JoyConState.NORMAL,17.587500,6.625000,-61.620000,0.096125,-0.002289,0.004577,0.025176,0.000000,0.000000,0.000000,0.000000,0,0,0,0,0,0,0,0,0,0,0,0.0379638671875,-0.003082275390625,-19.999996,-0.8702036,-57.388916,19.995247,-3.4494313e-19,-3.4494313e-19,-3.4494313e-19,-19.999996,Object notstarted,Object notstarted,Object notstarted,Object notstarted,Object notstarted,Object notstarted,Object notstarted,Object notstarted,Object notstarted
2024-03-18 10:38:29,583.583,__main___datalogs,INFO,JoyConState.NORMAL,17.587500,6.625000,-61.620000,0.098413,-0.002289,0.004577,0.025176,0.000000,0.000000,0.000000,0.000000,0,0,0,0,0,0,0,0,0,0,0,0.03900146484375,-0.003082275390625,-19.999996,-0.8702036,-57.388916,19.995247,-3.4494313e-19,-3.4494313e-19,-3.4494313e-19,-19.999996,Object notstarted,Object notstarted,Object notstarted,Object notstarted,Object notstarted,Object notstarted,Object notstarted,Object notstarted,Object notstarted
2024-03-18 10:38:29,640.640,__main___datalogs,INFO,JoyConState.NORMAL,17.587500,6.625000,-61.620000,0.096125,0.002289,0.002289,0.020598,0.000000,0.000000,0.000000,0.000000,0,0,0,0,0,0,0,0,0,0,0,0.0400390625,-0.001861572265625,-19.999996,-0.8702036,-57.388916,19.995247,-3.4494313e-19,-3.4494313e-19,-3.4494313e-19,-19.999996,Object notstarted,Object notstarted,Object notstarted,Object notstarted,Object notstarted,Object notstarted,Object notstarted,Object notstarted,Object notstarted
2024-03-18 10:38:29,711.711,__main___datalogs,INFO,JoyConState.NORMAL,17.587500,6.625000,-61.620000,0.098413,-0.002289,0.002289,0.025176,0.000000,0.000000,0.000000,0.000000,0,0,0,0,0,0,0,0,0,0,0,0.0379638671875,-0.004302978515625,-19.999996,-0.8702036,-57.388916,19.995247,-3.4494313e-19,-3.4494313e-19,-3.4494313e-19,-19.999996,Object notstarted,Object notstarted,Object notstarted,Object notstarted,Object notstarted,Object notstarted,Object notstarted,Object notstarted,Object notstarted
2024-03-18 10:38:29,776.776,__main___datalogs,INFO,JoyConState.NORMAL,17.587500,6.625000,-61.620000,0.091547,0.002289,0.002289,0.025176,0.000000,0.000000,0.000000,0.000000,0,0,0,0,0,0,0,0,0,0,0,0.03900146484375,-0.001861572265625,-19.999996,-0.8702036,-57.388916,19.995247,-3.4494313e-19,-3.4494313e-19,-3.4494313e-19,-19.999996,Object notstarted,Object notstarted,Object notstarted,Object notstarted,Object notstarted,Object notstarted,Object notstarted,Object notstarted,Object notstarted
2024-03-18 10:38:29,831.831,__main___datalogs,INFO,JoyConState.NORMAL,17.587500,6.625000,-61.620000,0.091547,-0.002289,0.004577,0.020598,0.000000,0.000000,0.000000,0.000000,0,0,0,0,0,0,0,0,0,0,0,0.0379638671875,-0.004302978515625,-19.999996,-0.8702036,-57.388916,19.995247,-3.4494313e-19,-3.4494313e-19,-3.4494313e-19,-19.999996,Object notstarted,Object notstarted,Object notstarted,Object notstarted,Object notstarted,Object notstarted,Object notstarted,Object notstarted,Object notstarted
2024-03-18 10:38:29,888.888,__main___datalogs,INFO,JoyConState.NORMAL,17.587500,6.625000,-61.620000,0.096125,-0.002289,0.004577,0.025176,0.000000,0.000000,0.000000,0.000000,0,0,0,0,0,0,0,0,0,0,0,0.03900146484375,-0.003082275390625,-19.999996,-0.8702036,-57.388916,19.995247,-3.4494313e-19,-3.4494313e-19,-3.4494313e-19,-19.999996,Object notstarted,Object notstarted,Object notstarted,Object notstarted,Object notstarted,Object notstarted,Object notstarted,Object notstarted,Object notstarted
2024-03-18 10:38:29,943.943,__main___datalogs,INFO,JoyConState.NORMAL,17.587500,6.625000,-61.620000,0.096125,-0.002289,0.004577,0.025176,0.000000,0.000000,0.000000,0.000000,0,0,0,0,0,0,0,0,0,0,0,0.0379638671875,-0.003082275390625,-19.999996,-0.8702036,-57.388916,19.995247,-3.4494313e-19,-3.4494313e-19,-3.4494313e-19,-19.999996,Object notstarted,Object notstarted,Object notstarted,Object notstarted,Object notstarted,Object notstarted,Object notstarted,Object notstarted,Object notstarted
2024-03-18 10:38:29,998.998,__main___datalogs,INFO,JoyConState.NORMAL,17.587500,6.625000,-61.620000,0.096125,-0.002289,0.002289,0.020598,0.000000,0.000000,0.000000,0.000000,0,0,0,0,0,0,0,0,0,0,0,0.03900146484375,-0.004302978515625,-19.999996,-0.8702036,-57.388916,19.995247,-3.4494313e-19,-3.4494313e-19,-3.4494313e-19,-19.999996,Object notstarted,Object notstarted,Object notstarted,Object notstarted,Object notstarted,Object notstarted,Object notstarted,Object notstarted,Object notstarted
2024-03-18 10:38:30,054.054,__main___datalogs,INFO,JoyConState.NORMAL,17.587500,6.625000,-61.620000,0.096125,0.002289,0.004577,0.025176,0.000000,0.000000,0.000000,0.000000,0,0,0,0,0,0,0,0,0,0,0,0.0400390625,-0.003082275390625,-19.999996,-0.8702036,-57.388916,19.995247,-3.4494313e-19,-3.4494313e-19,-3.4494313e-19,-19.999996,Object notstarted,Object notstarted,Object notstarted,Object notstarted,Object notstarted,Object notstarted,Object notstarted,Object notstarted,Object notstarted
2024-03-18 10:38:30,110.110,__main___datalogs,INFO,JoyConState.NORMAL,17.587500,6.625000,-61.620000,0.091547,0.002289,0.004577,0.025176,0.000000,0.000000,0.000000,0.000000,0,0,0,0,0,0,0,0,0,0,0,0.03900146484375,-0.00555419921875,-19.999996,-0.8702036,-57.388916,19.995247,-3.4494313e-19,-3.4494313e-19,-3.4494313e-19,-19.999996,Object notstarted,Object notstarted,Object notstarted,Object notstarted,Object notstarted,Object notstarted,Object notstarted,Object notstarted,Object notstarted
2024-03-18 10:38:30,166.166,__main___datalogs,INFO,JoyConState.NORMAL,17.587500,6.625000,-61.620000,0.091547,0.002289,0.004577,0.025176,0.000000,0.000000,0.000000,0.000000,0,0,0,0,0,0,0,0,0,0,0,0.0400390625,-0.004302978515625,-19.999996,-0.8702036,-57.388916,19.995247,-3.4494313e-19,-3.4494313e-19,-3.4494313e-19,-19.999996,Object notstarted,Object notstarted,Object notstarted,Object notstarted,Object notstarted,Object notstarted,Object notstarted,Object notstarted,Object notstarted
2024-03-18 10:38:30,222.222,__main___datalogs,INFO,JoyConState.NORMAL,17.587500,6.625000,-61.620000,0.091547,0.006866,0.004577,0.025176,0.000000,0.000000,0.000000,0.000000,0,0,0,0,0,0,0,0,0,0,0,0.0400390625,-0.004302978515625,-19.999996,-0.8702036,-57.388916,19.995247,-3.4494313e-19,-3.4494313e-19,-3.4494313e-19,-19.999996,Object notstarted,Object notstarted,Object notstarted,Object notstarted,Object notstarted,Object notstarted,Object notstarted,Object notstarted,Object notstarted
2024-03-18 10:38:30,277.277,__main___datalogs,INFO,JoyConState.NORMAL,17.587500,6.625000,-61.620000,0.091547,0.006866,0.004577,0.025176,0.000000,0.000000,0.000000,0.000000,0,0,0,0,0,0,0,0,0,0,0,0.03900146484375,-0.003082275390625,-19.999996,-0.8702036,-57.388916,19.995247,-3.4494313e-19,-3.4494313e-19,-3.4494313e-19,-19.999996,Object notstarted,Object notstarted,Object notstarted,Object notstarted,Object notstarted,Object notstarted,Object notstarted,Object notstarted,Object notstarted
2024-03-18 10:38:30,334.334,__main___datalogs,INFO,JoyConState.NORMAL,17.587500,6.625000,-61.620000,0.091547,0.002289,0.004577,0.020598,0.000000,0.000000,0.000000,0.000000,0,0,0,0,0,0,0,0,0,0,0,0.03900146484375,-0.003082275390625,-19.999996,-0.8702036,-57.388916,19.995247,-3.4494313e-19,-3.4494313e-19,-3.4494313e-19,-19.999996,Object notstarted,Object notstarted,Object notstarted,Object notstarted,Object notstarted,Object notstarted,Object notstarted,Object notstarted,Object notstarted
2024-03-18 10:38:30,389.389,__main___datalogs,INFO,JoyConState.NORMAL,17.587500,6.625000,-61.620000,0.091547,-0.002289,0.002289,0.020598,0.000000,0.000000,0.000000,0.000000,0,0,0,0,0,0,0,0,0,0,0,0.03900146484375,-0.003082275390625,-19.999996,-0.8702036,-57.388916,19.995247,-3.4494313e-19,-3.4494313e-19,-3.4494313e-19,-19.999996,Object notstarted,Object notstarted,Object notstarted,Object notstarted,Object notstarted,Object notstarted,Object notstarted,Object notstarted,Object notstarted
2024-03-18 10:38:30,446.446,__main___datalogs,INFO,JoyConState.NORMAL,17.587500,6.625000,-61.620000,0.098413,-0.002289,0.011443,0.020598,0.000000,0.000000,0.000000,0.000000,0,0,0,0,0,0,0,0,0,0,0,0.03900146484375,-0.001861572265625,-19.999996,-0.8702036,-57.388916,19.995247,-3.4494313e-19,-3.4494313e-19,-3.4494313e-19,-19.999996,Object notstarted,Object notstarted,Object notstarted,Object notstarted,Object notstarted,Object notstarted,Object notstarted,Object notstarted,Object notstarted
2024-03-18 10:38:30,517.517,__main___datalogs,INFO,JoyConState.NORMAL,17.587500,6.625000,-61.620000,0.096125,0.002289,-0.002289,0.020598,0.000000,0.000000,0.000000,0.000000,0,0,0,0,0,0,0,0,0,0,0,0.03900146484375,-0.003082275390625,-19.999996,-0.8702036,-57.388916,19.995247,-3.4494313e-19,-3.4494313e-19,-3.4494313e-19,-19.999996,Object notstarted,Object notstarted,Object notstarted,Object notstarted,Object notstarted,Object notstarted,Object notstarted,Object notstarted,Object notstarted
2024-03-18 10:38:30,590.590,__main___datalogs,INFO,JoyConState.NORMAL,17.587500,6.625000,-61.620000,0.098413,0.006866,0.002289,0.020598,0.000000,0.000000,0.000000,0.000000,0,0,0,0,0,0,0,0,0,0,0,0.0400390625,-0.004302978515625,-19.999996,-0.8702036,-57.388916,19.995247,-3.4494313e-19,-3.4494313e-19,-3.4494313e-19,-19.999996,Object notstarted,Object notstarted,Object notstarted,Object notstarted,Object notstarted,Object notstarted,Object notstarted,Object notstarted,Object notstarted
2024-03-18 10:38:30,645.645,__main___datalogs,INFO,JoyConState.NORMAL,17.587500,6.625000,-61.620000,0.096125,0.006866,0.004577,0.025176,0.000000,0.000000,0.000000,0.000000,0,0,0,0,0,0,0,0,0,0,0,0.03900146484375,-0.003082275390625,-19.999996,-0.8702036,-57.388916,19.995247,-3.4494313e-19,-3.4494313e-19,-3.4494313e-19,-19.999996,Object notstarted,Object notstarted,Object notstarted,Object notstarted,Object notstarted,Object notstarted,Object notstarted,Object notstarted,Object notstarted
2024-03-18 10:38:30,702.702,__main___datalogs,INFO,JoyConState.NORMAL,17.587500,6.625000,-61.620000,0.096125,0.006866,0.004577,0.025176,0.000000,0.000000,0.000000,0.000000,0,0,0,0,0,0,0,0,0,0,0,0.0400390625,-0.004302978515625,-19.999996,-0.8702036,-57.388916,19.995247,-3.4494313e-19,-3.4494313e-19,-3.4494313e-19,-19.999996,Object notstarted,Object notstarted,Object notstarted,Object notstarted,Object notstarted,Object notstarted,Object notstarted,Object notstarted,Object notstarted
2024-03-18 10:38:30,773.773,__main___datalogs,INFO,JoyConState.NORMAL,17.587500,6.625000,-61.620000,0.096125,-0.002289,0.004577,0.025176,0.000000,0.000000,0.000000,0.000000,0,0,0,0,0,0,0,0,0,0,0,0.03900146484375,-0.003082275390625,-19.999996,-0.8702036,-57.388916,19.995247,-3.4494313e-19,-3.4494313e-19,-3.4494313e-19,-19.999996,Object notstarted,Object notstarted,Object notstarted,Object notstarted,Object notstarted,Object notstarted,Object notstarted,Object notstarted,Object notstarted
2024-03-18 10:38:30,858.858,__main___datalogs,INFO,JoyConState.NORMAL,17.587500,6.625000,-61.620000,0.096125,0.006866,0.004577,0.020598,0.000000,0.000000,0.000000,0.000000,0,0,0,0,0,0,0,0,0,0,0,0.03900146484375,-0.003082275390625,-19.999996,-0.8702036,-57.388916,19.995247,-3.4494313e-19,-3.4494313e-19,-3.4494313e-19,-19.999996,Object notstarted,Object notstarted,Object notstarted,Object notstarted,Object notstarted,Object notstarted,Object notstarted,Object notstarted,Object notstarted
2024-03-18 10:38:30,930.930,__main___datalogs,INFO,JoyConState.NORMAL,17.587500,6.625000,-61.620000,0.096125,0.006866,0.004577,0.025176,0.000000,0.000000,0.000000,0.000000,0,0,0,0,0,0,0,0,0,0,0,0.03900146484375,-0.003082275390625,-19.999996,-0.8702036,-57.388916,19.995247,-3.4494313e-19,-3.4494313e-19,-3.4494313e-19,-19.999996,Object notstarted,Object notstarted,Object notstarted,Object notstarted,Object notstarted,Object notstarted,Object notstarted,Object notstarted,Object notstarted
2024-03-18 10:38:30,986.986,__main___datalogs,INFO,JoyConState.NORMAL,17.587500,6.625000,-61.620000,0.096125,-0.002289,0.004577,0.020598,0.000000,0.000000,0.000000,0.000000,0,0,0,0,0,0,0,0,0,0,0,0.03900146484375,-0.003082275390625,-19.999996,-0.8702036,-57.388916,19.995247,-3.4494313e-19,-3.4494313e-19,-3.4494313e-19,-19.999996,Object notstarted,Object notstarted,Object notstarted,Object notstarted,Object notstarted,Object notstarted,Object notstarted,Object notstarted,Object notstarted
2024-03-18 10:38:31,041.041,__main___datalogs,INFO,JoyConState.NORMAL,17.587500,6.625000,-61.620000,0.096125,0.006866,0.004577,0.025176,0.000000,0.000000,0.000000,0.000000,0,0,0,0,0,0,0,0,0,0,0,0.0379638671875,-0.003082275390625,-19.999996,-0.8702036,-57.388916,19.995247,-3.4494313e-19,-3.4494313e-19,-3.4494313e-19,-19.999996,Object notstarted,Object notstarted,Object notstarted,Object notstarted,Object notstarted,Object notstarted,Object notstarted,Object notstarted,Object notstarted
2024-03-18 10:38:31,098.098,__main___datalogs,INFO,JoyConState.NORMAL,17.587500,6.625000,-61.620000,0.096125,0.002289,0.004577,0.020598,0.000000,0.000000,0.000000,0.000000,0,0,0,0,0,0,0,0,0,0,0,0.0379638671875,-0.001861572265625,-19.999996,-0.8702036,-57.388916,19.995247,-3.4494313e-19,-3.4494313e-19,-3.4494313e-19,-19.999996,Object notstarted,Object notstarted,Object notstarted,Object notstarted,Object notstarted,Object notstarted,Object notstarted,Object notstarted,Object notstarted
2024-03-18 10:38:31,169.169,__main___datalogs,INFO,JoyConState.NORMAL,17.587500,6.625000,-61.620000,0.096125,0.002289,0.011443,0.025176,0.000000,0.000000,0.000000,0.000000,0,0,0,0,0,0,0,0,0,0,0,0.03900146484375,-0.003082275390625,-19.999996,-0.8702036,-57.388916,19.995247,-3.4494313e-19,-3.4494313e-19,-3.4494313e-19,-19.999996,Object notstarted,Object notstarted,Object notstarted,Object notstarted,Object notstarted,Object notstarted,Object notstarted,Object notstarted,Object notstarted
2024-03-18 10:38:31,242.242,__main___datalogs,INFO,JoyConState.NORMAL,17.587500,6.625000,-61.620000,0.096125,-0.002289,0.002289,0.025176,0.000000,0.000000,0.000000,0.000000,0,0,0,0,0,0,0,0,0,0,0,0.03900146484375,-0.003082275390625,-19.999996,-0.8702036,-57.388916,19.995247,-3.4494313e-19,-3.4494313e-19,-3.4494313e-19,-19.999996,Object notstarted,Object notstarted,Object notstarted,Object notstarted,Object notstarted,Object notstarted,Object notstarted,Object notstarted,Object notstarted
2024-03-18 10:38:31,297.297,__main___datalogs,INFO,JoyConState.NORMAL,17.587500,6.625000,-61.620000,0.098413,0.002289,0.002289,0.025176,0.000000,0.000000,0.000000,0.000000,0,0,0,0,0,0,0,0,0,0,0,0.03900146484375,-0.003082275390625,-19.999996,-0.8702036,-57.388916,19.995247,-3.4494313e-19,-3.4494313e-19,-3.4494313e-19,-19.999996,Object notstarted,Object notstarted,Object notstarted,Object notstarted,Object notstarted,Object notstarted,Object notstarted,Object notstarted,Object notstarted
2024-03-18 10:38:31,354.354,__main___datalogs,INFO,JoyConState.NORMAL,17.587500,6.625000,-61.620000,0.096125,-0.002289,0.002289,0.025176,0.000000,0.000000,0.000000,0.000000,0,0,0,0,0,0,0,0,0,0,0,0.03900146484375,-0.003082275390625,-19.999996,-0.8702036,-57.388916,19.995247,-3.4494313e-19,-3.4494313e-19,-3.4494313e-19,-19.999996,Object notstarted,Object notstarted,Object notstarted,Object notstarted,Object notstarted,Object notstarted,Object notstarted,Object notstarted,Object notstarted
2024-03-18 10:38:31,409.409,__main___datalogs,INFO,JoyConState.NORMAL,17.587500,6.625000,-61.620000,0.098413,-0.002289,0.004577,0.025176,0.000000,0.000000,0.000000,0.000000,0,0,0,0,0,0,0,0,0,0,0,0.03900146484375,-0.003082275390625,-19.999996,-0.8702036,-57.388916,19.995247,-3.4494313e-19,-3.4494313e-19,-3.4494313e-19,-19.999996,Object notstarted,Object notstarted,Object notstarted,Object notstarted,Object notstarted,Object notstarted,Object notstarted,Object notstarted,Object notstarted
2024-03-18 10:38:31,465.465,__main___datalogs,INFO,JoyConState.NORMAL,17.587500,6.625000,-61.620000,0.096125,-0.002289,0.002289,0.025176,0.000000,0.000000,0.000000,0.000000,0,0,0,0,0,0,0,0,0,0,0,0.03900146484375,-0.003082275390625,-19.999996,-0.8702036,-57.388916,19.995247,-3.4494313e-19,-3.4494313e-19,-3.4494313e-19,-19.999996,Object notstarted,Object notstarted,Object notstarted,Object notstarted,Object notstarted,Object notstarted,Object notstarted,Object notstarted,Object notstarted
2024-03-18 10:38:31,520.520,__main___datalogs,INFO,JoyConState.NORMAL,17.587500,6.625000,-61.620000,0.091547,0.006866,0.002289,0.020598,0.000000,0.000000,0.000000,0.000000,0,0,0,0,0,0,0,0,0,0,0,0.03900146484375,-0.001861572265625,-19.999996,-0.8702036,-57.388916,19.995247,-3.4494313e-19,-3.4494313e-19,-3.4494313e-19,-19.999996,Object notstarted,Object notstarted,Object notstarted,Object notstarted,Object notstarted,Object notstarted,Object notstarted,Object notstarted,Object notstarted
2024-03-18 10:38:31,576.576,__main___datalogs,INFO,JoyConState.NORMAL,17.587500,6.625000,-61.620000,0.091547,0.002289,0.004577,0.020598,0.000000,0.000000,0.000000,0.000000,0,0,0,0,0,0,0,0,0,0,0,0.03692626953125,-0.001861572265625,-19.999996,-0.8702036,-57.388916,19.995247,-3.4494313e-19,-3.4494313e-19,-3.4494313e-19,-19.999996,Object notstarted,Object notstarted,Object notstarted,Object notstarted,Object notstarted,Object notstarted,Object notstarted,Object notstarted,Object notstarted
2024-03-18 10:38:31,631.631,__main___datalogs,INFO,JoyConState.NORMAL,17.587500,6.625000,-61.620000,0.096125,-0.002289,0.004577,0.020598,0.000000,0.000000,0.000000,0.000000,0,0,0,0,0,0,0,0,0,0,0,0.0379638671875,-0.004302978515625,-19.999996,-0.8702036,-57.388916,19.995247,-3.4494313e-19,-3.4494313e-19,-3.4494313e-19,-19.999996,Object notstarted,Object notstarted,Object notstarted,Object notstarted,Object notstarted,Object notstarted,Object notstarted,Object notstarted,Object notstarted
2024-03-18 10:38:31,688.688,__main___datalogs,INFO,JoyConState.NORMAL,17.587500,6.625000,-61.620000,0.096125,0.002289,0.004577,0.016021,0.000000,0.000000,0.000000,0.000000,0,0,0,0,0,0,0,0,0,0,0,0.03900146484375,-0.004302978515625,-19.999996,-0.8702036,-57.388916,19.995247,-3.4494313e-19,-3.4494313e-19,-3.4494313e-19,-19.999996,Object notstarted,Object notstarted,Object notstarted,Object notstarted,Object notstarted,Object notstarted,Object notstarted,Object notstarted,Object notstarted
2024-03-18 10:38:31,743.743,__main___datalogs,INFO,JoyConState.NORMAL,17.587500,6.625000,-61.620000,0.098413,0.002289,0.004577,0.025176,0.000000,0.000000,0.000000,0.000000,0,0,0,0,0,0,0,0,0,0,0,0.0400390625,-0.001861572265625,-19.999996,-0.8702036,-57.388916,19.995247,-3.4494313e-19,-3.4494313e-19,-3.4494313e-19,-19.999996,Object notstarted,Object notstarted,Object notstarted,Object notstarted,Object notstarted,Object notstarted,Object notstarted,Object notstarted,Object notstarted
2024-03-18 10:38:31,799.799,__main___datalogs,INFO,JoyConState.NORMAL,17.587500,6.625000,-61.620000,0.096125,-0.002289,0.004577,0.020598,0.000000,0.000000,0.000000,0.000000,0,0,0,0,0,0,0,0,0,0,0,0.03900146484375,-0.001861572265625,-19.999996,-0.8702036,-57.388916,19.995247,-3.4494313e-19,-3.4494313e-19,-3.4494313e-19,-19.999996,Object notstarted,Object notstarted,Object notstarted,Object notstarted,Object notstarted,Object notstarted,Object notstarted,Object notstarted,Object notstarted
2024-03-18 10:38:31,878.878,__main___datalogs,INFO,JoyConState.NORMAL,17.587500,6.625000,-61.620000,0.096125,-0.002289,0.002289,0.020598,0.000000,0.000000,0.000000,0.000000,0,0,0,0,0,0,0,0,0,0,0,0.0379638671875,-0.003082275390625,-19.999996,-0.8702036,-57.388916,19.995247,-3.4494313e-19,-3.4494313e-19,-3.4494313e-19,-19.999996,Object notstarted,Object notstarted,Object notstarted,Object notstarted,Object notstarted,Object notstarted,Object notstarted,Object notstarted,Object notstarted
2024-03-18 10:38:31,951.951,__main___datalogs,INFO,JoyConState.NORMAL,17.587500,6.625000,-61.620000,0.096125,-0.002289,0.004577,0.020598,0.000000,0.000000,0.000000,0.000000,0,0,0,0,0,0,0,0,0,0,0,0.03900146484375,-0.003082275390625,-19.999996,-0.8702036,-57.388916,19.995247,-3.4494313e-19,-3.4494313e-19,-3.4494313e-19,-19.999996,Object notstarted,Object notstarted,Object notstarted,Object notstarted,Object notstarted,Object notstarted,Object notstarted,Object notstarted,Object notstarted
2024-03-18 10:38:32,022.022,__main___datalogs,INFO,JoyConState.NORMAL,17.587500,6.625000,-61.620000,0.096125,0.002289,0.004577,0.025176,0.000000,0.000000,0.000000,0.000000,0,0,0,0,0,0,0,0,0,0,0,0.0379638671875,-0.001861572265625,-19.999996,-0.8702036,-57.388916,19.995247,-3.4494313e-19,-3.4494313e-19,-3.4494313e-19,-19.999996,Object notstarted,Object notstarted,Object notstarted,Object notstarted,Object notstarted,Object notstarted,Object notstarted,Object notstarted,Object notstarted
2024-03-18 10:38:32,078.078,__main___datalogs,INFO,JoyConState.NORMAL,17.587500,6.625000,-61.620000,0.091547,-0.002289,0.002289,0.020598,0.000000,0.000000,0.000000,0.000000,0,0,0,0,0,0,0,0,0,0,0,0.03900146484375,-0.003082275390625,-19.999996,-0.8702036,-57.388916,19.995247,-3.4494313e-19,-3.4494313e-19,-3.4494313e-19,-19.999996,Object notstarted,Object notstarted,Object notstarted,Object notstarted,Object notstarted,Object notstarted,Object notstarted,Object notstarted,Object notstarted
2024-03-18 10:38:32,134.134,__main___datalogs,INFO,JoyConState.NORMAL,17.587500,6.625000,-61.620000,0.096125,-0.002289,0.004577,0.020598,0.000000,0.000000,0.000000,0.000000,0,0,0,0,0,0,0,0,0,0,0,0.0400390625,-0.003082275390625,-19.999996,-0.8702036,-57.388916,19.995247,-3.4494313e-19,-3.4494313e-19,-3.4494313e-19,-19.999996,Object notstarted,Object notstarted,Object notstarted,Object notstarted,Object notstarted,Object notstarted,Object notstarted,Object notstarted,Object notstarted
2024-03-18 10:38:32,191.191,__main___datalogs,INFO,JoyConState.NORMAL,17.587500,6.625000,-61.620000,0.096125,-0.002289,0.004577,0.025176,0.000000,0.000000,0.000000,0.000000,0,0,0,0,0,0,0,0,0,0,0,0.03900146484375,-0.003082275390625,-19.999996,-0.8702036,-57.388916,19.995247,-3.4494313e-19,-3.4494313e-19,-3.4494313e-19,-19.999996,Object notstarted,Object notstarted,Object notstarted,Object notstarted,Object notstarted,Object notstarted,Object notstarted,Object notstarted,Object notstarted
2024-03-18 10:38:32,246.246,__main___datalogs,INFO,JoyConState.NORMAL,17.587500,6.625000,-61.620000,0.096125,0.006866,0.004577,0.025176,0.000000,0.000000,0.000000,0.000000,0,0,0,0,0,0,0,0,0,0,0,0.0400390625,-0.003082275390625,-19.999996,-0.8702036,-57.388916,19.995247,-3.4494313e-19,-3.4494313e-19,-3.4494313e-19,-19.999996,Object notstarted,Object notstarted,Object notstarted,Object notstarted,Object notstarted,Object notstarted,Object notstarted,Object notstarted,Object notstarted
